************************************************************************
file with basedata            : mm15_.bas
initial value random generator: 1493723751
************************************************************************
projects                      :  1
jobs (incl. supersource/sink ):  12
horizon                       :  83
RESOURCES
  - renewable                 :  2   R
  - nonrenewable              :  2   N
  - doubly constrained        :  0   D
************************************************************************
PROJECT INFORMATION:
pronr.  #jobs rel.date duedate tardcost  MPM-Time
    1     10      0       24        1       24
************************************************************************
PRECEDENCE RELATIONS:
jobnr.    #modes  #successors   successors
   0        1          3           1   2   3
   1        3          2           7  10
   2        3          1           4
   3        3          1           5
   4        3          3           5   6  10
   5        3          2           7   9
   6        3          2           7   9
   7        3          1           8
   8        3          1          11
   9        3          1          11
  10        3          1          11
  11        1          0        
************************************************************************
REQUESTS/DURATIONS:
jobnr. mode duration  R 1  R 2  R 3  R 4  E(W 1)  E(W 2)  E(W 3)  E(W 4)
------------------------------------------------------------------------
  0      1     0       0    0    0    0     0       0       0       0
  1      1     4       0    5   10   10     0      20      40      40
  2      1     7       6    0    2    5    42       0      14      35
  3      1     5       8    0   10    4    40       0      50      20
  4      1     8       6    0    9    9    48       0      72      72
  5      1     2       7    0    4    7    14       0       8      14
  6      1     3       0    9   10    5     0      27      30      15
  7      1     2       0   10    3    9     0      20       6      18
  8      1     4       0    7    6    2     0      28      24       8
  9      1     1       0   10    2    7     0      10       2       7
 10      1     4       0    6    8    7     0      24      32      28
 11      1     0       0    0    0    0     0       0       0       0
************************************************************************
RESOURCEAVAILABILITIES:
  R 1  R 2  R 3  R 4
   12   13   57   60
************************************************************************
RESOURCE LIMITS:
jobnr.  l(R 1)  u(R 1)  l(R 2)  u(R 2)  l(R 3)  u(R 3)  l(R 4)  u(R 4)
------------------------------------------------------------------------
  0        0       0       0       0       0       0       0       0
  1        0       0       3       5       5      10       5      10
  2        3       6       0       0       1       2       3       5
  3        4       8       0       0       5      10       2       4
  4        3       6       0       0       5       9       5       9
  5        4       7       0       0       2       4       4       7
  6        0       0       5       9       5      10       3       5
  7        0       0       5      10       2       3       5       9
  8        0       0       4       7       3       6       1       2
  9        0       0       5      10       1       2       4       7
 10        0       0       3       6       4       8       4       7
 11        0       0       0       0       0       0       0       0
************************************************************************
SCENARIOS:
------------------------------------------------------------------------
RESOURCE k = 1
s = 1: (0, 0, 23, 30, 60, 18, 0, 0, 0, 0, 0, 0)
s = 2: (0, 0, 41, 28, 39, 15, 0, 0, 0, 0, 0, 0)
s = 3: (0, 0, 49, 36, 73, 8, 0, 0, 0, 0, 0, 0)
s = 4: (0, 0, 27, 58, 69, 11, 0, 0, 0, 0, 0, 0)
s = 5: (0, 0, 65, 25, 65, 23, 0, 0, 0, 0, 0, 0)
s = 6: (0, 0, 61, 38, 65, 17, 0, 0, 0, 0, 0, 0)
s = 7: (0, 0, 62, 35, 58, 21, 0, 0, 0, 0, 0, 0)
s = 8: (0, 0, 52, 31, 34, 18, 0, 0, 0, 0, 0, 0)
s = 9: (0, 0, 23, 33, 57, 17, 0, 0, 0, 0, 0, 0)
s = 10: (0, 0, 32, 70, 40, 17, 0, 0, 0, 0, 0, 0)
s = 11: (0, 0, 31, 41, 73, 15, 0, 0, 0, 0, 0, 0)
s = 12: (0, 0, 31, 38, 69, 10, 0, 0, 0, 0, 0, 0)
s = 13: (0, 0, 28, 30, 48, 11, 0, 0, 0, 0, 0, 0)
s = 14: (0, 0, 27, 54, 35, 11, 0, 0, 0, 0, 0, 0)
s = 15: (0, 0, 44, 35, 41, 14, 0, 0, 0, 0, 0, 0)
s = 16: (0, 0, 32, 37, 45, 12, 0, 0, 0, 0, 0, 0)
s = 17: (0, 0, 40, 38, 47, 9, 0, 0, 0, 0, 0, 0)
s = 18: (0, 0, 32, 39, 49, 15, 0, 0, 0, 0, 0, 0)
s = 19: (0, 0, 57, 53, 46, 15, 0, 0, 0, 0, 0, 0)
s = 20: (0, 0, 36, 52, 60, 12, 0, 0, 0, 0, 0, 0)
s = 21: (0, 0, 34, 36, 46, 17, 0, 0, 0, 0, 0, 0)
s = 22: (0, 0, 39, 66, 68, 9, 0, 0, 0, 0, 0, 0)
s = 23: (0, 0, 30, 52, 48, 15, 0, 0, 0, 0, 0, 0)
s = 24: (0, 0, 34, 42, 58, 15, 0, 0, 0, 0, 0, 0)
s = 25: (0, 0, 30, 29, 52, 13, 0, 0, 0, 0, 0, 0)
s = 26: (0, 0, 38, 40, 75, 9, 0, 0, 0, 0, 0, 0)
s = 27: (0, 0, 64, 54, 33, 14, 0, 0, 0, 0, 0, 0)
s = 28: (0, 0, 38, 41, 55, 12, 0, 0, 0, 0, 0, 0)
s = 29: (0, 0, 51, 40, 53, 16, 0, 0, 0, 0, 0, 0)
s = 30: (0, 0, 36, 47, 35, 16, 0, 0, 0, 0, 0, 0)
s = 31: (0, 0, 33, 55, 35, 17, 0, 0, 0, 0, 0, 0)
s = 32: (0, 0, 42, 25, 47, 11, 0, 0, 0, 0, 0, 0)
s = 33: (0, 0, 33, 47, 68, 17, 0, 0, 0, 0, 0, 0)
s = 34: (0, 0, 28, 46, 30, 13, 0, 0, 0, 0, 0, 0)
s = 35: (0, 0, 38, 48, 33, 16, 0, 0, 0, 0, 0, 0)
s = 36: (0, 0, 39, 37, 28, 13, 0, 0, 0, 0, 0, 0)
s = 37: (0, 0, 25, 43, 26, 12, 0, 0, 0, 0, 0, 0)
s = 38: (0, 0, 27, 27, 57, 12, 0, 0, 0, 0, 0, 0)
s = 39: (0, 0, 48, 62, 67, 20, 0, 0, 0, 0, 0, 0)
s = 40: (0, 0, 49, 32, 39, 16, 0, 0, 0, 0, 0, 0)
s = 41: (0, 0, 27, 50, 53, 20, 0, 0, 0, 0, 0, 0)
s = 42: (0, 0, 27, 63, 44, 13, 0, 0, 0, 0, 0, 0)
s = 43: (0, 0, 50, 36, 30, 11, 0, 0, 0, 0, 0, 0)
s = 44: (0, 0, 36, 54, 30, 18, 0, 0, 0, 0, 0, 0)
s = 45: (0, 0, 39, 36, 41, 18, 0, 0, 0, 0, 0, 0)
s = 46: (0, 0, 26, 41, 41, 12, 0, 0, 0, 0, 0, 0)
s = 47: (0, 0, 46, 39, 56, 20, 0, 0, 0, 0, 0, 0)
s = 48: (0, 0, 45, 53, 45, 9, 0, 0, 0, 0, 0, 0)
s = 49: (0, 0, 53, 38, 47, 15, 0, 0, 0, 0, 0, 0)
s = 50: (0, 0, 48, 42, 28, 13, 0, 0, 0, 0, 0, 0)
s = 51: (0, 0, 45, 30, 56, 14, 0, 0, 0, 0, 0, 0)
s = 52: (0, 0, 36, 39, 65, 11, 0, 0, 0, 0, 0, 0)
s = 53: (0, 0, 32, 24, 37, 16, 0, 0, 0, 0, 0, 0)
s = 54: (0, 0, 65, 29, 54, 21, 0, 0, 0, 0, 0, 0)
s = 55: (0, 0, 41, 30, 47, 8, 0, 0, 0, 0, 0, 0)
s = 56: (0, 0, 35, 50, 54, 22, 0, 0, 0, 0, 0, 0)
s = 57: (0, 0, 62, 31, 49, 13, 0, 0, 0, 0, 0, 0)
s = 58: (0, 0, 39, 38, 43, 11, 0, 0, 0, 0, 0, 0)
s = 59: (0, 0, 56, 66, 45, 16, 0, 0, 0, 0, 0, 0)
s = 60: (0, 0, 40, 31, 62, 21, 0, 0, 0, 0, 0, 0)
s = 61: (0, 0, 22, 33, 48, 10, 0, 0, 0, 0, 0, 0)
s = 62: (0, 0, 29, 27, 43, 22, 0, 0, 0, 0, 0, 0)
s = 63: (0, 0, 39, 48, 35, 15, 0, 0, 0, 0, 0, 0)
s = 64: (0, 0, 55, 71, 41, 17, 0, 0, 0, 0, 0, 0)
s = 65: (0, 0, 48, 44, 49, 19, 0, 0, 0, 0, 0, 0)
s = 66: (0, 0, 48, 32, 40, 14, 0, 0, 0, 0, 0, 0)
s = 67: (0, 0, 39, 30, 54, 19, 0, 0, 0, 0, 0, 0)
s = 68: (0, 0, 48, 47, 43, 16, 0, 0, 0, 0, 0, 0)
s = 69: (0, 0, 41, 41, 51, 16, 0, 0, 0, 0, 0, 0)
s = 70: (0, 0, 59, 47, 37, 14, 0, 0, 0, 0, 0, 0)
s = 71: (0, 0, 31, 27, 31, 22, 0, 0, 0, 0, 0, 0)
s = 72: (0, 0, 38, 36, 35, 17, 0, 0, 0, 0, 0, 0)
s = 73: (0, 0, 45, 31, 81, 12, 0, 0, 0, 0, 0, 0)
s = 74: (0, 0, 48, 35, 49, 12, 0, 0, 0, 0, 0, 0)
s = 75: (0, 0, 24, 33, 54, 10, 0, 0, 0, 0, 0, 0)
s = 76: (0, 0, 27, 28, 46, 18, 0, 0, 0, 0, 0, 0)
s = 77: (0, 0, 37, 34, 33, 13, 0, 0, 0, 0, 0, 0)
s = 78: (0, 0, 73, 46, 38, 22, 0, 0, 0, 0, 0, 0)
s = 79: (0, 0, 42, 35, 42, 11, 0, 0, 0, 0, 0, 0)
s = 80: (0, 0, 45, 36, 44, 19, 0, 0, 0, 0, 0, 0)
s = 81: (0, 0, 40, 49, 48, 20, 0, 0, 0, 0, 0, 0)
s = 82: (0, 0, 42, 36, 47, 16, 0, 0, 0, 0, 0, 0)
s = 83: (0, 0, 33, 48, 65, 24, 0, 0, 0, 0, 0, 0)
s = 84: (0, 0, 34, 42, 35, 9, 0, 0, 0, 0, 0, 0)
s = 85: (0, 0, 81, 41, 34, 12, 0, 0, 0, 0, 0, 0)
s = 86: (0, 0, 38, 23, 40, 10, 0, 0, 0, 0, 0, 0)
s = 87: (0, 0, 66, 42, 47, 18, 0, 0, 0, 0, 0, 0)
s = 88: (0, 0, 51, 54, 41, 9, 0, 0, 0, 0, 0, 0)
s = 89: (0, 0, 27, 50, 49, 9, 0, 0, 0, 0, 0, 0)
s = 90: (0, 0, 35, 32, 61, 25, 0, 0, 0, 0, 0, 0)
s = 91: (0, 0, 40, 35, 35, 11, 0, 0, 0, 0, 0, 0)
s = 92: (0, 0, 48, 37, 42, 15, 0, 0, 0, 0, 0, 0)
s = 93: (0, 0, 54, 31, 51, 22, 0, 0, 0, 0, 0, 0)
s = 94: (0, 0, 38, 37, 37, 18, 0, 0, 0, 0, 0, 0)
s = 95: (0, 0, 35, 27, 59, 9, 0, 0, 0, 0, 0, 0)
s = 96: (0, 0, 50, 40, 33, 21, 0, 0, 0, 0, 0, 0)
s = 97: (0, 0, 37, 31, 50, 16, 0, 0, 0, 0, 0, 0)
s = 98: (0, 0, 44, 33, 82, 15, 0, 0, 0, 0, 0, 0)
s = 99: (0, 0, 25, 36, 46, 11, 0, 0, 0, 0, 0, 0)
s = 100: (0, 0, 27, 51, 61, 17, 0, 0, 0, 0, 0, 0)
s = 101: (0, 0, 52, 31, 54, 11, 0, 0, 0, 0, 0, 0)
s = 102: (0, 0, 39, 45, 34, 13, 0, 0, 0, 0, 0, 0)
s = 103: (0, 0, 29, 38, 74, 13, 0, 0, 0, 0, 0, 0)
s = 104: (0, 0, 55, 51, 58, 16, 0, 0, 0, 0, 0, 0)
s = 105: (0, 0, 67, 36, 60, 20, 0, 0, 0, 0, 0, 0)
s = 106: (0, 0, 43, 27, 55, 16, 0, 0, 0, 0, 0, 0)
s = 107: (0, 0, 37, 39, 49, 16, 0, 0, 0, 0, 0, 0)
s = 108: (0, 0, 45, 38, 60, 16, 0, 0, 0, 0, 0, 0)
s = 109: (0, 0, 27, 32, 65, 10, 0, 0, 0, 0, 0, 0)
s = 110: (0, 0, 44, 42, 48, 10, 0, 0, 0, 0, 0, 0)
s = 111: (0, 0, 30, 42, 39, 23, 0, 0, 0, 0, 0, 0)
s = 112: (0, 0, 58, 50, 52, 13, 0, 0, 0, 0, 0, 0)
s = 113: (0, 0, 59, 33, 41, 14, 0, 0, 0, 0, 0, 0)
s = 114: (0, 0, 29, 39, 55, 19, 0, 0, 0, 0, 0, 0)
s = 115: (0, 0, 39, 40, 44, 17, 0, 0, 0, 0, 0, 0)
s = 116: (0, 0, 33, 35, 64, 12, 0, 0, 0, 0, 0, 0)
s = 117: (0, 0, 50, 36, 31, 10, 0, 0, 0, 0, 0, 0)
s = 118: (0, 0, 60, 52, 41, 15, 0, 0, 0, 0, 0, 0)
s = 119: (0, 0, 54, 34, 41, 17, 0, 0, 0, 0, 0, 0)
s = 120: (0, 0, 34, 59, 75, 10, 0, 0, 0, 0, 0, 0)
s = 121: (0, 0, 61, 23, 69, 9, 0, 0, 0, 0, 0, 0)
s = 122: (0, 0, 29, 45, 34, 9, 0, 0, 0, 0, 0, 0)
s = 123: (0, 0, 24, 37, 83, 18, 0, 0, 0, 0, 0, 0)
s = 124: (0, 0, 47, 50, 53, 11, 0, 0, 0, 0, 0, 0)
s = 125: (0, 0, 29, 48, 43, 17, 0, 0, 0, 0, 0, 0)
s = 126: (0, 0, 45, 36, 37, 24, 0, 0, 0, 0, 0, 0)
s = 127: (0, 0, 56, 27, 63, 11, 0, 0, 0, 0, 0, 0)
s = 128: (0, 0, 53, 23, 46, 16, 0, 0, 0, 0, 0, 0)
s = 129: (0, 0, 54, 32, 51, 21, 0, 0, 0, 0, 0, 0)
s = 130: (0, 0, 33, 28, 30, 13, 0, 0, 0, 0, 0, 0)
s = 131: (0, 0, 26, 28, 27, 8, 0, 0, 0, 0, 0, 0)
s = 132: (0, 0, 37, 34, 55, 14, 0, 0, 0, 0, 0, 0)
s = 133: (0, 0, 68, 55, 55, 8, 0, 0, 0, 0, 0, 0)
s = 134: (0, 0, 25, 57, 36, 24, 0, 0, 0, 0, 0, 0)
s = 135: (0, 0, 46, 42, 56, 14, 0, 0, 0, 0, 0, 0)
s = 136: (0, 0, 38, 38, 40, 9, 0, 0, 0, 0, 0, 0)
s = 137: (0, 0, 49, 47, 67, 15, 0, 0, 0, 0, 0, 0)
s = 138: (0, 0, 40, 44, 71, 14, 0, 0, 0, 0, 0, 0)
s = 139: (0, 0, 60, 34, 47, 24, 0, 0, 0, 0, 0, 0)
s = 140: (0, 0, 28, 39, 26, 14, 0, 0, 0, 0, 0, 0)
s = 141: (0, 0, 42, 47, 50, 19, 0, 0, 0, 0, 0, 0)
s = 142: (0, 0, 50, 26, 60, 10, 0, 0, 0, 0, 0, 0)
s = 143: (0, 0, 47, 30, 45, 12, 0, 0, 0, 0, 0, 0)
s = 144: (0, 0, 42, 23, 54, 17, 0, 0, 0, 0, 0, 0)
s = 145: (0, 0, 49, 44, 53, 11, 0, 0, 0, 0, 0, 0)
s = 146: (0, 0, 68, 28, 50, 15, 0, 0, 0, 0, 0, 0)
s = 147: (0, 0, 50, 38, 46, 13, 0, 0, 0, 0, 0, 0)
s = 148: (0, 0, 36, 41, 59, 12, 0, 0, 0, 0, 0, 0)
s = 149: (0, 0, 56, 47, 49, 21, 0, 0, 0, 0, 0, 0)
s = 150: (0, 0, 29, 31, 32, 12, 0, 0, 0, 0, 0, 0)
s = 151: (0, 0, 35, 50, 35, 17, 0, 0, 0, 0, 0, 0)
s = 152: (0, 0, 27, 25, 48, 18, 0, 0, 0, 0, 0, 0)
s = 153: (0, 0, 29, 32, 33, 14, 0, 0, 0, 0, 0, 0)
s = 154: (0, 0, 35, 40, 59, 17, 0, 0, 0, 0, 0, 0)
s = 155: (0, 0, 35, 24, 57, 9, 0, 0, 0, 0, 0, 0)
s = 156: (0, 0, 45, 38, 43, 8, 0, 0, 0, 0, 0, 0)
s = 157: (0, 0, 42, 31, 39, 18, 0, 0, 0, 0, 0, 0)
s = 158: (0, 0, 32, 51, 32, 17, 0, 0, 0, 0, 0, 0)
s = 159: (0, 0, 38, 40, 43, 10, 0, 0, 0, 0, 0, 0)
s = 160: (0, 0, 37, 49, 52, 13, 0, 0, 0, 0, 0, 0)
s = 161: (0, 0, 35, 45, 98, 13, 0, 0, 0, 0, 0, 0)
s = 162: (0, 0, 27, 32, 40, 12, 0, 0, 0, 0, 0, 0)
s = 163: (0, 0, 61, 22, 39, 11, 0, 0, 0, 0, 0, 0)
s = 164: (0, 0, 36, 35, 26, 17, 0, 0, 0, 0, 0, 0)
s = 165: (0, 0, 65, 50, 65, 17, 0, 0, 0, 0, 0, 0)
s = 166: (0, 0, 26, 33, 41, 15, 0, 0, 0, 0, 0, 0)
s = 167: (0, 0, 41, 53, 28, 8, 0, 0, 0, 0, 0, 0)
s = 168: (0, 0, 60, 28, 54, 18, 0, 0, 0, 0, 0, 0)
s = 169: (0, 0, 41, 31, 33, 15, 0, 0, 0, 0, 0, 0)
s = 170: (0, 0, 46, 33, 44, 11, 0, 0, 0, 0, 0, 0)
s = 171: (0, 0, 46, 68, 44, 21, 0, 0, 0, 0, 0, 0)
s = 172: (0, 0, 42, 37, 52, 19, 0, 0, 0, 0, 0, 0)
s = 173: (0, 0, 34, 29, 78, 17, 0, 0, 0, 0, 0, 0)
s = 174: (0, 0, 47, 44, 46, 14, 0, 0, 0, 0, 0, 0)
s = 175: (0, 0, 58, 37, 47, 18, 0, 0, 0, 0, 0, 0)
s = 176: (0, 0, 46, 34, 60, 13, 0, 0, 0, 0, 0, 0)
s = 177: (0, 0, 37, 27, 43, 13, 0, 0, 0, 0, 0, 0)
s = 178: (0, 0, 36, 32, 58, 20, 0, 0, 0, 0, 0, 0)
s = 179: (0, 0, 33, 22, 28, 10, 0, 0, 0, 0, 0, 0)
s = 180: (0, 0, 35, 56, 46, 14, 0, 0, 0, 0, 0, 0)
s = 181: (0, 0, 56, 43, 38, 18, 0, 0, 0, 0, 0, 0)
s = 182: (0, 0, 31, 31, 48, 21, 0, 0, 0, 0, 0, 0)
s = 183: (0, 0, 71, 34, 61, 13, 0, 0, 0, 0, 0, 0)
s = 184: (0, 0, 32, 32, 45, 14, 0, 0, 0, 0, 0, 0)
s = 185: (0, 0, 23, 43, 53, 18, 0, 0, 0, 0, 0, 0)
s = 186: (0, 0, 45, 42, 36, 21, 0, 0, 0, 0, 0, 0)
s = 187: (0, 0, 69, 26, 55, 16, 0, 0, 0, 0, 0, 0)
s = 188: (0, 0, 30, 49, 56, 15, 0, 0, 0, 0, 0, 0)
s = 189: (0, 0, 33, 37, 40, 23, 0, 0, 0, 0, 0, 0)
s = 190: (0, 0, 62, 35, 29, 18, 0, 0, 0, 0, 0, 0)
s = 191: (0, 0, 54, 46, 40, 20, 0, 0, 0, 0, 0, 0)
s = 192: (0, 0, 37, 55, 34, 14, 0, 0, 0, 0, 0, 0)
s = 193: (0, 0, 35, 47, 38, 9, 0, 0, 0, 0, 0, 0)
s = 194: (0, 0, 36, 45, 59, 13, 0, 0, 0, 0, 0, 0)
s = 195: (0, 0, 55, 42, 40, 10, 0, 0, 0, 0, 0, 0)
s = 196: (0, 0, 42, 27, 41, 19, 0, 0, 0, 0, 0, 0)
s = 197: (0, 0, 30, 47, 50, 16, 0, 0, 0, 0, 0, 0)
s = 198: (0, 0, 68, 24, 55, 18, 0, 0, 0, 0, 0, 0)
s = 199: (0, 0, 58, 41, 53, 20, 0, 0, 0, 0, 0, 0)
s = 200: (0, 0, 54, 56, 73, 11, 0, 0, 0, 0, 0, 0)
------------------------------------------------------------------------
RESOURCE k = 2
s = 1: (0, 20, 0, 0, 0, 0, 27, 18, 30, 6, 39, 0)
s = 2: (0, 17, 0, 0, 0, 0, 28, 26, 17, 12, 22, 0)
s = 3: (0, 20, 0, 0, 0, 0, 37, 20, 26, 16, 21, 0)
s = 4: (0, 18, 0, 0, 0, 0, 25, 23, 34, 9, 34, 0)
s = 5: (0, 19, 0, 0, 0, 0, 19, 28, 21, 14, 26, 0)
s = 6: (0, 20, 0, 0, 0, 0, 23, 28, 24, 9, 21, 0)
s = 7: (0, 25, 0, 0, 0, 0, 34, 23, 21, 7, 34, 0)
s = 8: (0, 25, 0, 0, 0, 0, 20, 16, 38, 19, 21, 0)
s = 9: (0, 18, 0, 0, 0, 0, 25, 26, 21, 12, 18, 0)
s = 10: (0, 25, 0, 0, 0, 0, 19, 29, 25, 15, 36, 0)
s = 11: (0, 16, 0, 0, 0, 0, 33, 14, 36, 15, 23, 0)
s = 12: (0, 17, 0, 0, 0, 0, 25, 25, 30, 9, 34, 0)
s = 13: (0, 25, 0, 0, 0, 0, 17, 25, 27, 8, 29, 0)
s = 14: (0, 20, 0, 0, 0, 0, 34, 16, 37, 10, 15, 0)
s = 15: (0, 19, 0, 0, 0, 0, 31, 18, 30, 12, 35, 0)
s = 16: (0, 16, 0, 0, 0, 0, 37, 17, 27, 10, 22, 0)
s = 17: (0, 17, 0, 0, 0, 0, 19, 20, 34, 16, 25, 0)
s = 18: (0, 16, 0, 0, 0, 0, 33, 18, 27, 7, 22, 0)
s = 19: (0, 15, 0, 0, 0, 0, 20, 33, 22, 11, 22, 0)
s = 20: (0, 23, 0, 0, 0, 0, 28, 17, 31, 13, 18, 0)
s = 21: (0, 17, 0, 0, 0, 0, 32, 14, 32, 9, 22, 0)
s = 22: (0, 34, 0, 0, 0, 0, 21, 25, 34, 11, 29, 0)
s = 23: (0, 17, 0, 0, 0, 0, 15, 19, 28, 9, 34, 0)
s = 24: (0, 18, 0, 0, 0, 0, 32, 15, 27, 12, 29, 0)
s = 25: (0, 30, 0, 0, 0, 0, 23, 30, 20, 14, 31, 0)
s = 26: (0, 14, 0, 0, 0, 0, 40, 12, 32, 13, 17, 0)
s = 27: (0, 19, 0, 0, 0, 0, 47, 22, 24, 8, 33, 0)
s = 28: (0, 17, 0, 0, 0, 0, 50, 26, 34, 14, 25, 0)
s = 29: (0, 23, 0, 0, 0, 0, 29, 19, 38, 15, 18, 0)
s = 30: (0, 28, 0, 0, 0, 0, 27, 26, 21, 10, 32, 0)
s = 31: (0, 37, 0, 0, 0, 0, 32, 21, 25, 13, 21, 0)
s = 32: (0, 20, 0, 0, 0, 0, 37, 23, 24, 16, 29, 0)
s = 33: (0, 20, 0, 0, 0, 0, 31, 22, 23, 12, 45, 0)
s = 34: (0, 14, 0, 0, 0, 0, 25, 19, 33, 12, 20, 0)
s = 35: (0, 20, 0, 0, 0, 0, 22, 16, 25, 11, 19, 0)
s = 36: (0, 21, 0, 0, 0, 0, 38, 18, 28, 7, 26, 0)
s = 37: (0, 18, 0, 0, 0, 0, 37, 31, 20, 13, 14, 0)
s = 38: (0, 21, 0, 0, 0, 0, 17, 19, 40, 11, 25, 0)
s = 39: (0, 14, 0, 0, 0, 0, 23, 20, 36, 10, 26, 0)
s = 40: (0, 16, 0, 0, 0, 0, 23, 19, 29, 10, 34, 0)
s = 41: (0, 23, 0, 0, 0, 0, 27, 25, 19, 12, 19, 0)
s = 42: (0, 17, 0, 0, 0, 0, 35, 16, 28, 9, 23, 0)
s = 43: (0, 16, 0, 0, 0, 0, 29, 14, 31, 7, 30, 0)
s = 44: (0, 20, 0, 0, 0, 0, 26, 30, 29, 12, 25, 0)
s = 45: (0, 24, 0, 0, 0, 0, 19, 17, 33, 8, 18, 0)
s = 46: (0, 33, 0, 0, 0, 0, 29, 12, 26, 12, 22, 0)
s = 47: (0, 18, 0, 0, 0, 0, 22, 18, 49, 17, 36, 0)
s = 48: (0, 12, 0, 0, 0, 0, 36, 26, 44, 11, 27, 0)
s = 49: (0, 31, 0, 0, 0, 0, 26, 16, 20, 16, 27, 0)
s = 50: (0, 23, 0, 0, 0, 0, 42, 18, 23, 15, 14, 0)
s = 51: (0, 27, 0, 0, 0, 0, 39, 17, 38, 9, 18, 0)
s = 52: (0, 15, 0, 0, 0, 0, 38, 25, 28, 11, 18, 0)
s = 53: (0, 26, 0, 0, 0, 0, 30, 29, 27, 8, 27, 0)
s = 54: (0, 18, 0, 0, 0, 0, 41, 23, 21, 15, 17, 0)
s = 55: (0, 17, 0, 0, 0, 0, 23, 29, 25, 11, 29, 0)
s = 56: (0, 25, 0, 0, 0, 0, 35, 14, 41, 12, 21, 0)
s = 57: (0, 16, 0, 0, 0, 0, 23, 17, 38, 9, 33, 0)
s = 58: (0, 17, 0, 0, 0, 0, 22, 18, 27, 12, 17, 0)
s = 59: (0, 29, 0, 0, 0, 0, 36, 17, 34, 9, 24, 0)
s = 60: (0, 17, 0, 0, 0, 0, 23, 13, 22, 10, 18, 0)
s = 61: (0, 21, 0, 0, 0, 0, 17, 17, 18, 9, 26, 0)
s = 62: (0, 26, 0, 0, 0, 0, 34, 17, 20, 9, 31, 0)
s = 63: (0, 17, 0, 0, 0, 0, 36, 20, 35, 8, 21, 0)
s = 64: (0, 16, 0, 0, 0, 0, 22, 17, 41, 7, 29, 0)
s = 65: (0, 18, 0, 0, 0, 0, 47, 14, 24, 7, 26, 0)
s = 66: (0, 21, 0, 0, 0, 0, 25, 19, 21, 10, 21, 0)
s = 67: (0, 17, 0, 0, 0, 0, 22, 15, 40, 11, 28, 0)
s = 68: (0, 15, 0, 0, 0, 0, 29, 22, 33, 13, 27, 0)
s = 69: (0, 25, 0, 0, 0, 0, 30, 22, 23, 9, 24, 0)
s = 70: (0, 20, 0, 0, 0, 0, 36, 25, 22, 10, 32, 0)
s = 71: (0, 24, 0, 0, 0, 0, 22, 24, 37, 8, 29, 0)
s = 72: (0, 16, 0, 0, 0, 0, 20, 17, 24, 8, 25, 0)
s = 73: (0, 20, 0, 0, 0, 0, 27, 22, 23, 14, 29, 0)
s = 74: (0, 22, 0, 0, 0, 0, 19, 19, 29, 11, 23, 0)
s = 75: (0, 13, 0, 0, 0, 0, 28, 18, 23, 15, 17, 0)
s = 76: (0, 16, 0, 0, 0, 0, 33, 22, 35, 6, 22, 0)
s = 77: (0, 11, 0, 0, 0, 0, 27, 14, 27, 15, 32, 0)
s = 78: (0, 19, 0, 0, 0, 0, 33, 23, 21, 18, 26, 0)
s = 79: (0, 32, 0, 0, 0, 0, 34, 16, 28, 12, 30, 0)
s = 80: (0, 22, 0, 0, 0, 0, 23, 21, 49, 13, 16, 0)
s = 81: (0, 31, 0, 0, 0, 0, 24, 27, 23, 8, 19, 0)
s = 82: (0, 16, 0, 0, 0, 0, 29, 32, 18, 7, 40, 0)
s = 83: (0, 14, 0, 0, 0, 0, 29, 36, 33, 7, 23, 0)
s = 84: (0, 14, 0, 0, 0, 0, 23, 16, 29, 13, 35, 0)
s = 85: (0, 18, 0, 0, 0, 0, 32, 12, 37, 15, 24, 0)
s = 86: (0, 26, 0, 0, 0, 0, 19, 15, 34, 11, 17, 0)
s = 87: (0, 20, 0, 0, 0, 0, 23, 17, 28, 9, 30, 0)
s = 88: (0, 26, 0, 0, 0, 0, 19, 24, 21, 8, 19, 0)
s = 89: (0, 19, 0, 0, 0, 0, 20, 16, 37, 11, 20, 0)
s = 90: (0, 16, 0, 0, 0, 0, 35, 16, 21, 6, 30, 0)
s = 91: (0, 16, 0, 0, 0, 0, 34, 19, 27, 11, 27, 0)
s = 92: (0, 20, 0, 0, 0, 0, 25, 36, 23, 11, 16, 0)
s = 93: (0, 21, 0, 0, 0, 0, 38, 24, 17, 15, 27, 0)
s = 94: (0, 24, 0, 0, 0, 0, 32, 14, 27, 9, 31, 0)
s = 95: (0, 22, 0, 0, 0, 0, 18, 18, 19, 12, 16, 0)
s = 96: (0, 15, 0, 0, 0, 0, 32, 22, 24, 16, 25, 0)
s = 97: (0, 31, 0, 0, 0, 0, 16, 24, 27, 7, 17, 0)
s = 98: (0, 18, 0, 0, 0, 0, 26, 19, 26, 11, 15, 0)
s = 99: (0, 18, 0, 0, 0, 0, 27, 30, 25, 10, 18, 0)
s = 100: (0, 20, 0, 0, 0, 0, 29, 19, 18, 14, 18, 0)
s = 101: (0, 21, 0, 0, 0, 0, 36, 24, 29, 12, 27, 0)
s = 102: (0, 32, 0, 0, 0, 0, 33, 20, 32, 9, 23, 0)
s = 103: (0, 20, 0, 0, 0, 0, 29, 28, 33, 8, 22, 0)
s = 104: (0, 14, 0, 0, 0, 0, 21, 20, 32, 14, 18, 0)
s = 105: (0, 27, 0, 0, 0, 0, 19, 26, 21, 9, 21, 0)
s = 106: (0, 16, 0, 0, 0, 0, 26, 28, 23, 11, 27, 0)
s = 107: (0, 19, 0, 0, 0, 0, 35, 22, 27, 7, 26, 0)
s = 108: (0, 22, 0, 0, 0, 0, 16, 18, 30, 17, 24, 0)
s = 109: (0, 17, 0, 0, 0, 0, 22, 25, 40, 17, 27, 0)
s = 110: (0, 20, 0, 0, 0, 0, 21, 24, 34, 9, 19, 0)
s = 111: (0, 15, 0, 0, 0, 0, 30, 22, 28, 7, 18, 0)
s = 112: (0, 29, 0, 0, 0, 0, 20, 27, 31, 9, 20, 0)
s = 113: (0, 15, 0, 0, 0, 0, 41, 22, 19, 8, 30, 0)
s = 114: (0, 17, 0, 0, 0, 0, 25, 23, 31, 13, 17, 0)
s = 115: (0, 21, 0, 0, 0, 0, 23, 15, 18, 11, 26, 0)
s = 116: (0, 28, 0, 0, 0, 0, 30, 24, 35, 8, 23, 0)
s = 117: (0, 16, 0, 0, 0, 0, 29, 25, 22, 10, 24, 0)
s = 118: (0, 18, 0, 0, 0, 0, 23, 15, 26, 19, 28, 0)
s = 119: (0, 20, 0, 0, 0, 0, 15, 18, 30, 8, 22, 0)
s = 120: (0, 16, 0, 0, 0, 0, 23, 19, 21, 12, 26, 0)
s = 121: (0, 19, 0, 0, 0, 0, 20, 19, 32, 11, 23, 0)
s = 122: (0, 22, 0, 0, 0, 0, 20, 19, 21, 8, 21, 0)
s = 123: (0, 19, 0, 0, 0, 0, 31, 26, 39, 7, 28, 0)
s = 124: (0, 20, 0, 0, 0, 0, 27, 16, 35, 12, 28, 0)
s = 125: (0, 24, 0, 0, 0, 0, 29, 15, 28, 7, 27, 0)
s = 126: (0, 23, 0, 0, 0, 0, 20, 27, 22, 10, 27, 0)
s = 127: (0, 17, 0, 0, 0, 0, 34, 17, 24, 6, 20, 0)
s = 128: (0, 25, 0, 0, 0, 0, 17, 22, 26, 10, 29, 0)
s = 129: (0, 24, 0, 0, 0, 0, 16, 25, 26, 16, 32, 0)
s = 130: (0, 17, 0, 0, 0, 0, 20, 18, 27, 12, 19, 0)
s = 131: (0, 17, 0, 0, 0, 0, 36, 22, 45, 11, 28, 0)
s = 132: (0, 29, 0, 0, 0, 0, 23, 34, 35, 9, 19, 0)
s = 133: (0, 16, 0, 0, 0, 0, 28, 17, 23, 9, 18, 0)
s = 134: (0, 33, 0, 0, 0, 0, 30, 29, 26, 7, 29, 0)
s = 135: (0, 28, 0, 0, 0, 0, 21, 25, 20, 6, 30, 0)
s = 136: (0, 20, 0, 0, 0, 0, 33, 23, 43, 6, 23, 0)
s = 137: (0, 14, 0, 0, 0, 0, 40, 18, 31, 11, 20, 0)
s = 138: (0, 13, 0, 0, 0, 0, 27, 18, 17, 10, 19, 0)
s = 139: (0, 23, 0, 0, 0, 0, 34, 23, 36, 13, 23, 0)
s = 140: (0, 11, 0, 0, 0, 0, 18, 22, 17, 10, 23, 0)
s = 141: (0, 12, 0, 0, 0, 0, 33, 11, 36, 11, 29, 0)
s = 142: (0, 19, 0, 0, 0, 0, 24, 17, 28, 11, 20, 0)
s = 143: (0, 14, 0, 0, 0, 0, 43, 13, 35, 9, 16, 0)
s = 144: (0, 17, 0, 0, 0, 0, 24, 17, 38, 8, 29, 0)
s = 145: (0, 17, 0, 0, 0, 0, 33, 20, 34, 8, 33, 0)
s = 146: (0, 14, 0, 0, 0, 0, 49, 21, 43, 11, 19, 0)
s = 147: (0, 17, 0, 0, 0, 0, 14, 28, 22, 10, 20, 0)
s = 148: (0, 20, 0, 0, 0, 0, 33, 19, 20, 7, 34, 0)
s = 149: (0, 22, 0, 0, 0, 0, 31, 21, 22, 8, 24, 0)
s = 150: (0, 17, 0, 0, 0, 0, 24, 14, 26, 7, 21, 0)
s = 151: (0, 16, 0, 0, 0, 0, 20, 25, 34, 12, 16, 0)
s = 152: (0, 28, 0, 0, 0, 0, 28, 23, 31, 7, 31, 0)
s = 153: (0, 14, 0, 0, 0, 0, 33, 21, 29, 10, 25, 0)
s = 154: (0, 22, 0, 0, 0, 0, 32, 21, 31, 13, 23, 0)
s = 155: (0, 19, 0, 0, 0, 0, 26, 13, 20, 8, 22, 0)
s = 156: (0, 29, 0, 0, 0, 0, 21, 30, 35, 11, 20, 0)
s = 157: (0, 23, 0, 0, 0, 0, 20, 17, 43, 6, 40, 0)
s = 158: (0, 16, 0, 0, 0, 0, 36, 33, 17, 10, 19, 0)
s = 159: (0, 28, 0, 0, 0, 0, 20, 24, 23, 10, 21, 0)
s = 160: (0, 21, 0, 0, 0, 0, 26, 23, 27, 10, 33, 0)
s = 161: (0, 30, 0, 0, 0, 0, 31, 25, 20, 11, 34, 0)
s = 162: (0, 15, 0, 0, 0, 0, 31, 26, 24, 13, 24, 0)
s = 163: (0, 16, 0, 0, 0, 0, 43, 21, 33, 10, 19, 0)
s = 164: (0, 23, 0, 0, 0, 0, 24, 18, 19, 9, 25, 0)
s = 165: (0, 17, 0, 0, 0, 0, 23, 25, 37, 10, 27, 0)
s = 166: (0, 14, 0, 0, 0, 0, 21, 29, 35, 6, 20, 0)
s = 167: (0, 16, 0, 0, 0, 0, 25, 31, 22, 13, 22, 0)
s = 168: (0, 23, 0, 0, 0, 0, 26, 20, 34, 9, 35, 0)
s = 169: (0, 21, 0, 0, 0, 0, 34, 21, 38, 12, 19, 0)
s = 170: (0, 31, 0, 0, 0, 0, 30, 18, 29, 13, 27, 0)
s = 171: (0, 19, 0, 0, 0, 0, 20, 13, 20, 11, 23, 0)
s = 172: (0, 16, 0, 0, 0, 0, 29, 16, 37, 8, 25, 0)
s = 173: (0, 32, 0, 0, 0, 0, 20, 18, 32, 11, 36, 0)
s = 174: (0, 20, 0, 0, 0, 0, 24, 17, 31, 11, 30, 0)
s = 175: (0, 23, 0, 0, 0, 0, 20, 13, 27, 14, 20, 0)
s = 176: (0, 15, 0, 0, 0, 0, 22, 11, 21, 15, 15, 0)
s = 177: (0, 24, 0, 0, 0, 0, 40, 22, 43, 10, 33, 0)
s = 178: (0, 15, 0, 0, 0, 0, 33, 15, 36, 14, 34, 0)
s = 179: (0, 33, 0, 0, 0, 0, 29, 24, 23, 10, 18, 0)
s = 180: (0, 30, 0, 0, 0, 0, 37, 23, 26, 10, 29, 0)
s = 181: (0, 14, 0, 0, 0, 0, 33, 17, 16, 10, 28, 0)
s = 182: (0, 23, 0, 0, 0, 0, 25, 25, 45, 10, 27, 0)
s = 183: (0, 15, 0, 0, 0, 0, 26, 27, 30, 10, 23, 0)
s = 184: (0, 21, 0, 0, 0, 0, 28, 19, 34, 7, 20, 0)
s = 185: (0, 23, 0, 0, 0, 0, 34, 26, 40, 10, 19, 0)
s = 186: (0, 23, 0, 0, 0, 0, 28, 16, 22, 6, 31, 0)
s = 187: (0, 27, 0, 0, 0, 0, 38, 20, 29, 7, 38, 0)
s = 188: (0, 21, 0, 0, 0, 0, 16, 25, 22, 10, 24, 0)
s = 189: (0, 17, 0, 0, 0, 0, 25, 27, 34, 11, 28, 0)
s = 190: (0, 29, 0, 0, 0, 0, 23, 21, 38, 8, 35, 0)
s = 191: (0, 30, 0, 0, 0, 0, 21, 11, 31, 13, 24, 0)
s = 192: (0, 13, 0, 0, 0, 0, 30, 24, 53, 12, 19, 0)
s = 193: (0, 28, 0, 0, 0, 0, 19, 18, 43, 11, 24, 0)
s = 194: (0, 30, 0, 0, 0, 0, 40, 21, 39, 10, 18, 0)
s = 195: (0, 30, 0, 0, 0, 0, 49, 18, 17, 8, 14, 0)
s = 196: (0, 20, 0, 0, 0, 0, 28, 18, 22, 8, 37, 0)
s = 197: (0, 25, 0, 0, 0, 0, 25, 16, 20, 10, 15, 0)
s = 198: (0, 15, 0, 0, 0, 0, 25, 26, 30, 7, 39, 0)
s = 199: (0, 17, 0, 0, 0, 0, 40, 27, 46, 11, 18, 0)
s = 200: (0, 12, 0, 0, 0, 0, 36, 14, 21, 8, 27, 0)
------------------------------------------------------------------------
RESOURCE k = 3
s = 1: (0, 39, 8, 38, 90, 11, 30, 6, 26, 2, 52, 0)
s = 2: (0, 34, 14, 35, 58, 9, 31, 8, 14, 3, 29, 0)
s = 3: (0, 40, 17, 45, 109, 5, 41, 6, 23, 4, 27, 0)
s = 4: (0, 35, 9, 72, 103, 7, 28, 7, 29, 2, 46, 0)
s = 5: (0, 38, 22, 31, 97, 13, 21, 9, 18, 3, 34, 0)
s = 6: (0, 39, 21, 48, 98, 10, 26, 9, 20, 2, 28, 0)
s = 7: (0, 50, 21, 44, 86, 12, 37, 7, 18, 2, 45, 0)
s = 8: (0, 50, 18, 39, 51, 10, 23, 5, 33, 4, 27, 0)
s = 9: (0, 35, 8, 41, 86, 10, 28, 8, 18, 3, 24, 0)
s = 10: (0, 49, 11, 87, 60, 10, 21, 9, 22, 3, 47, 0)
s = 11: (0, 31, 11, 51, 110, 9, 37, 5, 31, 3, 30, 0)
s = 12: (0, 33, 11, 48, 104, 6, 28, 8, 26, 2, 45, 0)
s = 13: (0, 50, 10, 37, 72, 7, 19, 8, 23, 2, 38, 0)
s = 14: (0, 39, 9, 67, 52, 6, 38, 5, 32, 2, 20, 0)
s = 15: (0, 37, 15, 43, 61, 8, 34, 6, 25, 3, 46, 0)
s = 16: (0, 32, 11, 46, 68, 7, 42, 6, 23, 2, 29, 0)
s = 17: (0, 33, 14, 48, 70, 5, 21, 6, 29, 4, 33, 0)
s = 18: (0, 31, 11, 49, 74, 9, 37, 6, 23, 2, 29, 0)
s = 19: (0, 30, 19, 66, 69, 9, 22, 10, 19, 3, 29, 0)
s = 20: (0, 46, 12, 64, 90, 7, 31, 5, 27, 3, 24, 0)
s = 21: (0, 34, 12, 45, 69, 10, 35, 5, 28, 2, 29, 0)
s = 22: (0, 68, 13, 82, 102, 5, 23, 8, 29, 3, 39, 0)
s = 23: (0, 33, 10, 65, 72, 9, 16, 6, 24, 2, 45, 0)
s = 24: (0, 35, 12, 53, 86, 9, 36, 5, 23, 3, 39, 0)
s = 25: (0, 59, 10, 36, 77, 8, 25, 9, 17, 3, 41, 0)
s = 26: (0, 27, 13, 50, 113, 6, 45, 4, 27, 3, 22, 0)
s = 27: (0, 37, 22, 68, 49, 8, 52, 7, 20, 2, 43, 0)
s = 28: (0, 33, 13, 51, 82, 7, 55, 8, 30, 3, 34, 0)
s = 29: (0, 45, 17, 50, 80, 9, 32, 6, 32, 3, 23, 0)
s = 30: (0, 55, 12, 59, 52, 9, 30, 8, 18, 2, 42, 0)
s = 31: (0, 73, 11, 69, 52, 10, 36, 7, 22, 3, 28, 0)
s = 32: (0, 39, 14, 31, 71, 7, 41, 7, 21, 4, 39, 0)
s = 33: (0, 39, 11, 58, 101, 10, 34, 7, 20, 3, 60, 0)
s = 34: (0, 28, 10, 57, 44, 8, 28, 6, 28, 3, 26, 0)
s = 35: (0, 39, 13, 60, 50, 9, 24, 5, 22, 3, 26, 0)
s = 36: (0, 41, 13, 46, 42, 8, 43, 6, 24, 2, 34, 0)
s = 37: (0, 36, 9, 53, 39, 7, 41, 10, 18, 3, 18, 0)
s = 38: (0, 42, 9, 34, 85, 7, 19, 6, 34, 3, 33, 0)
s = 39: (0, 27, 16, 78, 100, 11, 26, 6, 31, 2, 35, 0)
s = 40: (0, 31, 17, 40, 59, 9, 25, 6, 25, 2, 45, 0)
s = 41: (0, 46, 9, 63, 80, 12, 29, 8, 16, 3, 26, 0)
s = 42: (0, 34, 9, 78, 66, 8, 39, 5, 24, 2, 31, 0)
s = 43: (0, 31, 17, 45, 45, 6, 32, 5, 27, 2, 39, 0)
s = 44: (0, 39, 12, 68, 44, 10, 29, 9, 25, 3, 34, 0)
s = 45: (0, 47, 13, 45, 61, 10, 21, 6, 28, 2, 24, 0)
s = 46: (0, 65, 9, 51, 61, 7, 32, 4, 22, 3, 29, 0)
s = 47: (0, 35, 16, 49, 84, 12, 25, 6, 42, 4, 48, 0)
s = 48: (0, 24, 15, 66, 67, 5, 40, 8, 38, 3, 35, 0)
s = 49: (0, 62, 18, 48, 71, 9, 29, 5, 17, 4, 36, 0)
s = 50: (0, 45, 16, 53, 42, 8, 47, 6, 20, 3, 19, 0)
s = 51: (0, 54, 15, 37, 83, 8, 43, 6, 32, 2, 24, 0)
s = 52: (0, 29, 12, 49, 97, 7, 42, 8, 24, 3, 24, 0)
s = 53: (0, 52, 11, 30, 55, 9, 33, 9, 23, 2, 35, 0)
s = 54: (0, 36, 22, 36, 81, 12, 45, 7, 18, 3, 22, 0)
s = 55: (0, 34, 14, 38, 70, 5, 26, 9, 21, 3, 39, 0)
s = 56: (0, 50, 12, 62, 80, 13, 39, 5, 35, 3, 28, 0)
s = 57: (0, 32, 21, 39, 74, 8, 25, 5, 33, 2, 44, 0)
s = 58: (0, 33, 13, 48, 64, 7, 24, 6, 23, 3, 22, 0)
s = 59: (0, 57, 19, 83, 68, 10, 40, 6, 29, 2, 32, 0)
s = 60: (0, 33, 14, 39, 92, 12, 25, 4, 19, 2, 24, 0)
s = 61: (0, 42, 8, 41, 72, 6, 19, 5, 16, 2, 35, 0)
s = 62: (0, 51, 10, 33, 64, 13, 38, 5, 17, 2, 41, 0)
s = 63: (0, 34, 13, 60, 52, 9, 40, 6, 30, 2, 28, 0)
s = 64: (0, 32, 19, 89, 61, 10, 25, 5, 35, 2, 38, 0)
s = 65: (0, 36, 16, 55, 73, 11, 52, 5, 21, 2, 34, 0)
s = 66: (0, 42, 16, 40, 59, 8, 27, 6, 18, 2, 28, 0)
s = 67: (0, 34, 13, 38, 80, 11, 24, 5, 35, 3, 37, 0)
s = 68: (0, 29, 16, 59, 65, 10, 32, 7, 29, 3, 36, 0)
s = 69: (0, 49, 14, 52, 77, 9, 34, 7, 20, 2, 31, 0)
s = 70: (0, 40, 20, 58, 55, 8, 40, 8, 19, 2, 43, 0)
s = 71: (0, 47, 11, 34, 46, 13, 25, 8, 32, 2, 38, 0)
s = 72: (0, 31, 13, 45, 53, 10, 22, 5, 20, 2, 33, 0)
s = 73: (0, 39, 15, 39, 122, 7, 30, 7, 20, 3, 38, 0)
s = 74: (0, 43, 16, 44, 73, 7, 21, 6, 25, 3, 31, 0)
s = 75: (0, 26, 8, 41, 81, 6, 31, 6, 20, 3, 22, 0)
s = 76: (0, 31, 9, 34, 69, 10, 36, 7, 30, 2, 29, 0)
s = 77: (0, 21, 13, 43, 50, 7, 30, 5, 23, 3, 43, 0)
s = 78: (0, 37, 25, 57, 56, 13, 37, 7, 18, 4, 35, 0)
s = 79: (0, 63, 14, 44, 63, 7, 37, 5, 24, 3, 40, 0)
s = 80: (0, 43, 15, 45, 66, 11, 26, 7, 42, 3, 21, 0)
s = 81: (0, 62, 14, 61, 72, 12, 27, 8, 20, 2, 25, 0)
s = 82: (0, 31, 14, 45, 70, 9, 32, 10, 16, 2, 53, 0)
s = 83: (0, 28, 11, 60, 98, 14, 32, 11, 28, 2, 31, 0)
s = 84: (0, 27, 12, 53, 53, 6, 26, 5, 25, 3, 47, 0)
s = 85: (0, 35, 27, 51, 51, 7, 35, 4, 31, 3, 32, 0)
s = 86: (0, 52, 13, 29, 59, 6, 21, 5, 30, 3, 23, 0)
s = 87: (0, 39, 22, 53, 71, 11, 25, 5, 24, 2, 40, 0)
s = 88: (0, 52, 17, 68, 61, 5, 21, 8, 18, 2, 25, 0)
s = 89: (0, 37, 9, 62, 74, 5, 22, 5, 32, 3, 27, 0)
s = 90: (0, 31, 12, 40, 92, 14, 39, 5, 18, 2, 40, 0)
s = 91: (0, 31, 14, 43, 53, 7, 38, 6, 23, 3, 36, 0)
s = 92: (0, 40, 16, 46, 63, 9, 28, 11, 20, 3, 22, 0)
s = 93: (0, 41, 18, 38, 77, 13, 43, 7, 15, 3, 36, 0)
s = 94: (0, 48, 13, 47, 56, 10, 35, 5, 23, 2, 41, 0)
s = 95: (0, 44, 12, 34, 89, 5, 20, 6, 17, 3, 22, 0)
s = 96: (0, 30, 17, 49, 50, 12, 36, 7, 21, 4, 33, 0)
s = 97: (0, 61, 13, 38, 75, 9, 18, 7, 23, 2, 22, 0)
s = 98: (0, 36, 15, 42, 123, 9, 29, 6, 22, 3, 20, 0)
s = 99: (0, 35, 9, 45, 69, 6, 30, 9, 22, 2, 24, 0)
s = 100: (0, 39, 9, 64, 91, 10, 32, 6, 16, 3, 24, 0)
s = 101: (0, 41, 18, 39, 81, 6, 40, 8, 25, 3, 36, 0)
s = 102: (0, 63, 13, 57, 51, 8, 36, 6, 28, 2, 30, 0)
s = 103: (0, 40, 10, 47, 111, 8, 32, 9, 28, 2, 29, 0)
s = 104: (0, 28, 19, 63, 87, 10, 23, 6, 28, 3, 24, 0)
s = 105: (0, 53, 23, 45, 90, 11, 21, 8, 18, 2, 28, 0)
s = 106: (0, 32, 15, 34, 82, 10, 28, 9, 20, 3, 35, 0)
s = 107: (0, 37, 13, 49, 73, 9, 38, 7, 24, 2, 35, 0)
s = 108: (0, 43, 15, 47, 90, 10, 18, 6, 25, 4, 31, 0)
s = 109: (0, 34, 9, 40, 97, 6, 24, 8, 34, 4, 35, 0)
s = 110: (0, 40, 15, 53, 71, 6, 24, 8, 29, 2, 25, 0)
s = 111: (0, 30, 10, 52, 58, 13, 34, 7, 24, 2, 24, 0)
s = 112: (0, 58, 20, 63, 78, 8, 22, 8, 26, 2, 26, 0)
s = 113: (0, 30, 20, 42, 62, 8, 45, 7, 16, 2, 40, 0)
s = 114: (0, 33, 10, 48, 82, 11, 28, 7, 26, 3, 23, 0)
s = 115: (0, 41, 13, 50, 66, 10, 25, 5, 16, 3, 34, 0)
s = 116: (0, 56, 11, 44, 96, 7, 33, 7, 30, 2, 31, 0)
s = 117: (0, 31, 17, 45, 46, 6, 32, 8, 19, 2, 32, 0)
s = 118: (0, 36, 20, 65, 61, 9, 25, 5, 22, 4, 37, 0)
s = 119: (0, 40, 18, 42, 61, 10, 17, 6, 26, 2, 29, 0)
s = 120: (0, 32, 12, 74, 112, 6, 26, 6, 18, 3, 35, 0)
s = 121: (0, 38, 21, 29, 103, 5, 23, 6, 27, 3, 31, 0)
s = 122: (0, 43, 10, 56, 51, 5, 22, 6, 18, 2, 27, 0)
s = 123: (0, 37, 8, 46, 124, 11, 34, 8, 33, 2, 37, 0)
s = 124: (0, 39, 16, 62, 80, 7, 30, 5, 30, 3, 38, 0)
s = 125: (0, 48, 10, 60, 64, 10, 32, 5, 24, 2, 36, 0)
s = 126: (0, 45, 15, 45, 55, 14, 23, 9, 19, 2, 35, 0)
s = 127: (0, 34, 19, 33, 94, 7, 38, 5, 20, 2, 27, 0)
s = 128: (0, 50, 18, 28, 68, 9, 19, 7, 23, 2, 39, 0)
s = 129: (0, 48, 18, 40, 76, 12, 17, 8, 22, 4, 42, 0)
s = 130: (0, 33, 11, 35, 45, 7, 23, 6, 23, 3, 25, 0)
s = 131: (0, 34, 9, 35, 40, 5, 40, 7, 38, 3, 37, 0)
s = 132: (0, 57, 13, 42, 82, 8, 26, 10, 30, 2, 25, 0)
s = 133: (0, 32, 23, 69, 82, 5, 31, 6, 20, 2, 23, 0)
s = 134: (0, 65, 9, 71, 53, 14, 33, 9, 23, 2, 38, 0)
s = 135: (0, 55, 16, 52, 84, 8, 23, 8, 17, 2, 39, 0)
s = 136: (0, 39, 13, 47, 59, 6, 37, 7, 37, 2, 31, 0)
s = 137: (0, 27, 17, 59, 101, 9, 44, 6, 27, 3, 27, 0)
s = 138: (0, 25, 14, 55, 106, 8, 30, 6, 14, 2, 25, 0)
s = 139: (0, 45, 20, 42, 71, 14, 37, 7, 31, 3, 31, 0)
s = 140: (0, 22, 10, 49, 38, 8, 20, 7, 14, 2, 30, 0)
s = 141: (0, 23, 14, 59, 74, 11, 37, 4, 31, 3, 39, 0)
s = 142: (0, 38, 17, 33, 89, 6, 27, 5, 24, 3, 26, 0)
s = 143: (0, 28, 16, 38, 68, 7, 48, 4, 30, 2, 22, 0)
s = 144: (0, 34, 14, 28, 81, 10, 26, 5, 33, 2, 39, 0)
s = 145: (0, 33, 17, 54, 80, 7, 37, 6, 29, 2, 44, 0)
s = 146: (0, 28, 23, 35, 75, 9, 54, 7, 37, 3, 26, 0)
s = 147: (0, 34, 17, 47, 69, 7, 16, 9, 19, 2, 26, 0)
s = 148: (0, 39, 12, 51, 88, 7, 36, 6, 17, 2, 46, 0)
s = 149: (0, 44, 19, 58, 73, 12, 34, 7, 19, 2, 32, 0)
s = 150: (0, 34, 10, 38, 48, 7, 26, 5, 22, 2, 28, 0)
s = 151: (0, 32, 12, 63, 53, 10, 22, 8, 29, 3, 21, 0)
s = 152: (0, 56, 9, 31, 72, 11, 31, 7, 26, 2, 41, 0)
s = 153: (0, 27, 10, 39, 49, 8, 36, 7, 25, 2, 33, 0)
s = 154: (0, 43, 12, 49, 89, 10, 35, 7, 27, 3, 31, 0)
s = 155: (0, 37, 12, 30, 86, 5, 29, 4, 17, 2, 30, 0)
s = 156: (0, 58, 15, 47, 65, 5, 23, 9, 30, 3, 26, 0)
s = 157: (0, 46, 14, 38, 58, 11, 22, 5, 37, 2, 53, 0)
s = 158: (0, 31, 11, 63, 48, 10, 40, 10, 15, 2, 26, 0)
s = 159: (0, 55, 13, 50, 64, 6, 23, 8, 20, 2, 28, 0)
s = 160: (0, 41, 13, 61, 77, 8, 29, 7, 23, 2, 43, 0)
s = 161: (0, 60, 12, 56, 146, 8, 35, 8, 17, 3, 45, 0)
s = 162: (0, 30, 9, 40, 60, 7, 34, 8, 20, 3, 32, 0)
s = 163: (0, 31, 21, 27, 58, 6, 47, 7, 28, 2, 25, 0)
s = 164: (0, 46, 12, 43, 39, 10, 26, 6, 17, 2, 33, 0)
s = 165: (0, 33, 22, 62, 97, 10, 25, 8, 32, 2, 36, 0)
s = 166: (0, 28, 9, 41, 61, 9, 23, 9, 30, 2, 27, 0)
s = 167: (0, 32, 14, 66, 42, 5, 27, 10, 19, 3, 29, 0)
s = 168: (0, 45, 20, 35, 81, 11, 29, 6, 29, 2, 47, 0)
s = 169: (0, 42, 14, 39, 49, 9, 38, 7, 33, 3, 26, 0)
s = 170: (0, 62, 16, 41, 65, 6, 34, 6, 25, 3, 36, 0)
s = 171: (0, 38, 16, 85, 66, 12, 22, 4, 17, 3, 31, 0)
s = 172: (0, 32, 14, 46, 77, 11, 32, 5, 31, 2, 33, 0)
s = 173: (0, 64, 12, 36, 116, 10, 22, 6, 27, 3, 48, 0)
s = 174: (0, 40, 16, 55, 69, 8, 26, 6, 26, 3, 40, 0)
s = 175: (0, 46, 20, 46, 70, 10, 22, 4, 23, 3, 26, 0)
s = 176: (0, 30, 16, 43, 89, 8, 25, 4, 18, 3, 19, 0)
s = 177: (0, 48, 13, 34, 64, 8, 44, 7, 37, 2, 44, 0)
s = 178: (0, 30, 12, 40, 87, 12, 36, 5, 31, 3, 45, 0)
s = 179: (0, 65, 11, 27, 42, 6, 32, 8, 20, 2, 24, 0)
s = 180: (0, 59, 12, 70, 69, 8, 42, 7, 23, 2, 38, 0)
s = 181: (0, 28, 19, 54, 56, 10, 36, 5, 14, 2, 37, 0)
s = 182: (0, 46, 11, 39, 72, 12, 27, 8, 39, 2, 36, 0)
s = 183: (0, 29, 24, 42, 91, 7, 29, 8, 26, 2, 31, 0)
s = 184: (0, 41, 11, 40, 67, 8, 31, 6, 29, 2, 26, 0)
s = 185: (0, 46, 8, 53, 79, 10, 38, 8, 34, 2, 26, 0)
s = 186: (0, 45, 15, 53, 54, 12, 31, 5, 19, 2, 41, 0)
s = 187: (0, 53, 23, 32, 83, 9, 43, 6, 25, 2, 51, 0)
s = 188: (0, 42, 10, 61, 83, 9, 18, 8, 19, 2, 32, 0)
s = 189: (0, 34, 11, 46, 60, 13, 28, 9, 29, 3, 37, 0)
s = 190: (0, 58, 21, 43, 44, 11, 26, 7, 33, 2, 47, 0)
s = 191: (0, 59, 18, 57, 60, 12, 24, 4, 27, 3, 32, 0)
s = 192: (0, 26, 13, 68, 50, 8, 34, 7, 46, 3, 26, 0)
s = 193: (0, 55, 12, 59, 56, 5, 21, 6, 37, 3, 32, 0)
s = 194: (0, 60, 12, 56, 89, 8, 44, 7, 33, 2, 24, 0)
s = 195: (0, 60, 19, 52, 60, 6, 54, 6, 15, 2, 19, 0)
s = 196: (0, 39, 14, 34, 62, 11, 31, 6, 19, 2, 50, 0)
s = 197: (0, 50, 10, 58, 74, 9, 28, 5, 18, 2, 20, 0)
s = 198: (0, 30, 23, 30, 82, 10, 27, 8, 25, 2, 51, 0)
s = 199: (0, 33, 20, 51, 79, 12, 44, 8, 39, 3, 24, 0)
s = 200: (0, 23, 18, 70, 110, 6, 40, 5, 18, 2, 36, 0)
------------------------------------------------------------------------
RESOURCE k = 4
s = 1: (0, 39, 19, 15, 90, 18, 15, 16, 9, 4, 46, 0)
s = 2: (0, 34, 34, 14, 58, 15, 16, 24, 5, 9, 26, 0)
s = 3: (0, 40, 41, 18, 109, 8, 21, 18, 8, 11, 24, 0)
s = 4: (0, 35, 23, 29, 103, 11, 14, 21, 10, 6, 40, 0)
s = 5: (0, 38, 55, 13, 97, 23, 11, 25, 6, 10, 30, 0)
s = 6: (0, 39, 51, 19, 98, 17, 13, 25, 7, 6, 24, 0)
s = 7: (0, 50, 52, 18, 86, 21, 19, 21, 6, 5, 39, 0)
s = 8: (0, 50, 43, 16, 51, 18, 12, 14, 11, 13, 24, 0)
s = 9: (0, 35, 19, 17, 86, 17, 14, 23, 6, 8, 21, 0)
s = 10: (0, 49, 27, 35, 60, 17, 11, 26, 8, 11, 42, 0)
s = 11: (0, 31, 26, 21, 110, 15, 19, 13, 11, 10, 26, 0)
s = 12: (0, 33, 26, 19, 104, 10, 14, 23, 9, 6, 39, 0)
s = 13: (0, 50, 23, 15, 72, 11, 10, 23, 8, 6, 33, 0)
s = 14: (0, 39, 23, 27, 52, 11, 19, 15, 11, 7, 18, 0)
s = 15: (0, 37, 36, 18, 61, 14, 17, 16, 9, 9, 40, 0)
s = 16: (0, 32, 27, 19, 68, 12, 21, 16, 8, 7, 25, 0)
s = 17: (0, 33, 33, 19, 70, 9, 11, 18, 10, 11, 29, 0)
s = 18: (0, 31, 26, 20, 74, 15, 19, 16, 8, 5, 25, 0)
s = 19: (0, 30, 47, 27, 69, 15, 11, 30, 7, 8, 25, 0)
s = 20: (0, 46, 30, 26, 90, 12, 16, 15, 9, 9, 21, 0)
s = 21: (0, 34, 29, 18, 69, 17, 18, 13, 10, 6, 26, 0)
s = 22: (0, 68, 33, 33, 102, 9, 12, 22, 10, 8, 34, 0)
s = 23: (0, 33, 25, 26, 72, 15, 8, 17, 8, 7, 40, 0)
s = 24: (0, 35, 29, 21, 86, 15, 18, 14, 8, 9, 34, 0)
s = 25: (0, 59, 25, 15, 77, 13, 13, 27, 6, 10, 36, 0)
s = 26: (0, 27, 32, 20, 113, 9, 23, 11, 9, 9, 19, 0)
s = 27: (0, 37, 53, 27, 49, 14, 26, 20, 7, 6, 38, 0)
s = 28: (0, 33, 31, 21, 82, 12, 28, 24, 10, 10, 30, 0)
s = 29: (0, 45, 43, 20, 80, 16, 16, 17, 11, 11, 21, 0)
s = 30: (0, 55, 30, 24, 52, 16, 15, 23, 6, 7, 37, 0)
s = 31: (0, 73, 28, 28, 52, 17, 18, 19, 8, 9, 24, 0)
s = 32: (0, 39, 35, 13, 71, 11, 21, 21, 7, 12, 34, 0)
s = 33: (0, 39, 28, 24, 101, 17, 17, 20, 7, 8, 52, 0)
s = 34: (0, 28, 23, 23, 44, 13, 14, 17, 10, 8, 23, 0)
s = 35: (0, 39, 32, 24, 50, 16, 12, 15, 8, 8, 22, 0)
s = 36: (0, 41, 33, 19, 42, 13, 22, 16, 8, 5, 30, 0)
s = 37: (0, 36, 21, 22, 39, 12, 21, 28, 6, 9, 16, 0)
s = 38: (0, 42, 23, 14, 85, 12, 10, 17, 12, 8, 29, 0)
s = 39: (0, 27, 40, 31, 100, 20, 13, 18, 11, 7, 31, 0)
s = 40: (0, 31, 41, 16, 59, 16, 13, 17, 9, 7, 40, 0)
s = 41: (0, 46, 22, 25, 80, 20, 15, 23, 6, 9, 22, 0)
s = 42: (0, 34, 23, 32, 66, 13, 20, 15, 8, 7, 27, 0)
s = 43: (0, 31, 42, 18, 45, 11, 16, 13, 9, 5, 34, 0)
s = 44: (0, 39, 30, 27, 44, 18, 15, 27, 9, 9, 30, 0)
s = 45: (0, 47, 33, 18, 61, 18, 11, 16, 10, 6, 21, 0)
s = 46: (0, 65, 22, 21, 61, 12, 16, 11, 8, 8, 26, 0)
s = 47: (0, 35, 39, 20, 84, 20, 13, 16, 14, 12, 42, 0)
s = 48: (0, 24, 38, 27, 67, 9, 20, 24, 13, 8, 31, 0)
s = 49: (0, 62, 44, 19, 71, 15, 15, 14, 6, 11, 31, 0)
s = 50: (0, 45, 40, 21, 42, 13, 24, 16, 7, 11, 17, 0)
s = 51: (0, 54, 38, 15, 83, 14, 22, 16, 11, 6, 21, 0)
s = 52: (0, 29, 30, 20, 97, 11, 21, 23, 8, 8, 21, 0)
s = 53: (0, 52, 27, 12, 55, 16, 17, 26, 8, 6, 31, 0)
s = 54: (0, 36, 55, 15, 81, 21, 23, 21, 6, 11, 20, 0)
s = 55: (0, 34, 34, 15, 70, 8, 13, 26, 7, 8, 34, 0)
s = 56: (0, 50, 29, 25, 80, 22, 20, 13, 12, 9, 25, 0)
s = 57: (0, 32, 52, 16, 74, 13, 13, 15, 11, 7, 39, 0)
s = 58: (0, 33, 33, 19, 64, 11, 12, 16, 8, 9, 19, 0)
s = 59: (0, 57, 47, 33, 68, 16, 20, 16, 10, 6, 28, 0)
s = 60: (0, 33, 33, 16, 92, 21, 13, 12, 7, 7, 21, 0)
s = 61: (0, 42, 18, 17, 72, 10, 10, 15, 6, 7, 30, 0)
s = 62: (0, 51, 24, 14, 64, 22, 19, 15, 6, 6, 36, 0)
s = 63: (0, 34, 32, 24, 52, 15, 20, 18, 10, 5, 24, 0)
s = 64: (0, 32, 46, 36, 61, 17, 13, 15, 12, 5, 34, 0)
s = 65: (0, 36, 40, 22, 73, 19, 26, 13, 7, 5, 30, 0)
s = 66: (0, 42, 40, 16, 59, 14, 14, 17, 6, 7, 24, 0)
s = 67: (0, 34, 33, 15, 80, 19, 12, 14, 12, 8, 32, 0)
s = 68: (0, 29, 40, 24, 65, 16, 16, 20, 10, 9, 31, 0)
s = 69: (0, 49, 34, 21, 77, 16, 17, 20, 7, 7, 27, 0)
s = 70: (0, 40, 49, 24, 55, 14, 20, 23, 7, 7, 37, 0)
s = 71: (0, 47, 26, 14, 46, 22, 13, 22, 11, 6, 33, 0)
s = 72: (0, 31, 32, 18, 53, 17, 11, 15, 7, 6, 29, 0)
s = 73: (0, 39, 37, 16, 122, 12, 15, 20, 7, 10, 34, 0)
s = 74: (0, 43, 40, 18, 73, 12, 11, 18, 9, 8, 27, 0)
s = 75: (0, 26, 20, 17, 81, 10, 16, 16, 7, 11, 19, 0)
s = 76: (0, 31, 22, 14, 69, 18, 18, 20, 10, 4, 25, 0)
s = 77: (0, 21, 31, 17, 50, 13, 15, 13, 8, 10, 37, 0)
s = 78: (0, 37, 61, 23, 56, 22, 19, 21, 6, 13, 30, 0)
s = 79: (0, 63, 35, 18, 63, 11, 19, 14, 8, 9, 35, 0)
s = 80: (0, 43, 38, 18, 66, 19, 13, 19, 14, 9, 18, 0)
s = 81: (0, 62, 34, 25, 72, 20, 14, 24, 7, 6, 22, 0)
s = 82: (0, 31, 35, 18, 70, 16, 16, 29, 6, 5, 46, 0)
s = 83: (0, 28, 27, 24, 98, 24, 16, 33, 10, 5, 27, 0)
s = 84: (0, 27, 28, 21, 53, 9, 13, 15, 9, 9, 41, 0)
s = 85: (0, 35, 67, 21, 51, 12, 18, 11, 11, 10, 28, 0)
s = 86: (0, 52, 32, 12, 59, 10, 11, 14, 10, 8, 20, 0)
s = 87: (0, 39, 55, 21, 71, 18, 13, 15, 8, 7, 35, 0)
s = 88: (0, 52, 42, 27, 61, 9, 11, 22, 6, 5, 22, 0)
s = 89: (0, 37, 23, 25, 74, 9, 11, 14, 11, 8, 23, 0)
s = 90: (0, 31, 29, 16, 92, 25, 20, 14, 6, 5, 35, 0)
s = 91: (0, 31, 33, 18, 53, 11, 19, 17, 8, 8, 31, 0)
s = 92: (0, 40, 40, 19, 63, 15, 14, 33, 7, 8, 19, 0)
s = 93: (0, 41, 45, 16, 77, 22, 22, 21, 5, 11, 32, 0)
s = 94: (0, 48, 31, 19, 56, 18, 18, 13, 8, 6, 36, 0)
s = 95: (0, 44, 30, 14, 89, 9, 10, 17, 6, 9, 19, 0)
s = 96: (0, 30, 41, 20, 50, 21, 18, 20, 7, 12, 29, 0)
s = 97: (0, 61, 31, 16, 75, 16, 9, 21, 8, 5, 19, 0)
s = 98: (0, 36, 36, 17, 123, 15, 15, 17, 8, 8, 18, 0)
s = 99: (0, 35, 21, 18, 69, 11, 15, 27, 8, 7, 21, 0)
s = 100: (0, 39, 23, 26, 91, 17, 16, 17, 6, 10, 21, 0)
s = 101: (0, 41, 44, 16, 81, 11, 20, 22, 9, 9, 32, 0)
s = 102: (0, 63, 32, 23, 51, 13, 18, 18, 10, 7, 27, 0)
s = 103: (0, 40, 24, 19, 111, 13, 16, 25, 10, 6, 25, 0)
s = 104: (0, 28, 46, 26, 87, 16, 12, 18, 10, 10, 21, 0)
s = 105: (0, 53, 56, 18, 90, 20, 11, 23, 6, 6, 24, 0)
s = 106: (0, 32, 36, 14, 82, 16, 14, 25, 7, 8, 31, 0)
s = 107: (0, 37, 31, 20, 73, 16, 19, 20, 8, 5, 30, 0)
s = 108: (0, 43, 38, 19, 90, 16, 9, 16, 9, 12, 28, 0)
s = 109: (0, 34, 23, 16, 97, 10, 12, 23, 12, 12, 31, 0)
s = 110: (0, 40, 36, 21, 71, 10, 12, 22, 10, 6, 22, 0)
s = 111: (0, 30, 25, 21, 58, 23, 17, 20, 8, 5, 21, 0)
s = 112: (0, 58, 49, 25, 78, 13, 11, 24, 9, 6, 23, 0)
s = 113: (0, 30, 49, 17, 62, 14, 23, 19, 6, 6, 35, 0)
s = 114: (0, 33, 24, 20, 82, 19, 14, 21, 9, 9, 20, 0)
s = 115: (0, 41, 33, 20, 66, 17, 13, 13, 6, 8, 30, 0)
s = 116: (0, 56, 27, 18, 96, 12, 17, 21, 10, 6, 27, 0)
s = 117: (0, 31, 42, 18, 46, 10, 16, 23, 7, 7, 28, 0)
s = 118: (0, 36, 50, 26, 61, 15, 13, 13, 8, 13, 33, 0)
s = 119: (0, 40, 45, 17, 61, 17, 9, 16, 9, 6, 25, 0)
s = 120: (0, 32, 29, 30, 112, 10, 13, 17, 6, 8, 30, 0)
s = 121: (0, 38, 51, 12, 103, 9, 12, 17, 9, 8, 27, 0)
s = 122: (0, 43, 25, 23, 51, 9, 11, 17, 6, 6, 24, 0)
s = 123: (0, 37, 20, 19, 124, 18, 17, 24, 11, 5, 33, 0)
s = 124: (0, 39, 39, 25, 80, 11, 15, 15, 10, 8, 33, 0)
s = 125: (0, 48, 24, 24, 64, 17, 16, 14, 8, 5, 31, 0)
s = 126: (0, 45, 38, 18, 55, 24, 12, 25, 7, 7, 31, 0)
s = 127: (0, 34, 47, 14, 94, 11, 19, 15, 7, 4, 23, 0)
s = 128: (0, 50, 44, 12, 68, 16, 10, 20, 8, 7, 34, 0)
s = 129: (0, 48, 45, 16, 76, 21, 9, 22, 8, 11, 37, 0)
s = 130: (0, 33, 28, 14, 45, 13, 12, 16, 8, 9, 22, 0)
s = 131: (0, 34, 22, 14, 40, 8, 20, 19, 13, 8, 32, 0)
s = 132: (0, 57, 31, 17, 82, 14, 13, 30, 10, 6, 22, 0)
s = 133: (0, 32, 56, 28, 82, 8, 16, 16, 7, 7, 21, 0)
s = 134: (0, 65, 21, 29, 53, 24, 17, 26, 8, 5, 34, 0)
s = 135: (0, 55, 39, 21, 84, 14, 12, 22, 6, 4, 34, 0)
s = 136: (0, 39, 32, 19, 59, 9, 19, 21, 13, 4, 27, 0)
s = 137: (0, 27, 41, 24, 101, 15, 22, 16, 9, 8, 24, 0)
s = 138: (0, 25, 33, 22, 106, 14, 15, 16, 5, 7, 22, 0)
s = 139: (0, 45, 50, 17, 71, 24, 19, 20, 11, 9, 27, 0)
s = 140: (0, 22, 24, 20, 38, 14, 10, 20, 5, 7, 27, 0)
s = 141: (0, 23, 35, 24, 74, 19, 19, 10, 11, 8, 34, 0)
s = 142: (0, 38, 42, 13, 89, 10, 14, 15, 8, 8, 23, 0)
s = 143: (0, 28, 39, 15, 68, 12, 24, 11, 10, 7, 19, 0)
s = 144: (0, 34, 35, 12, 81, 17, 13, 15, 11, 6, 34, 0)
s = 145: (0, 33, 41, 22, 80, 11, 19, 18, 10, 6, 39, 0)
s = 146: (0, 28, 57, 14, 75, 15, 27, 19, 13, 8, 22, 0)
s = 147: (0, 34, 42, 19, 69, 13, 8, 25, 7, 7, 23, 0)
s = 148: (0, 39, 30, 21, 88, 12, 18, 17, 6, 5, 40, 0)
s = 149: (0, 44, 47, 24, 73, 21, 17, 19, 7, 6, 28, 0)
s = 150: (0, 34, 24, 16, 48, 12, 13, 13, 8, 5, 24, 0)
s = 151: (0, 32, 30, 25, 53, 17, 11, 23, 10, 8, 19, 0)
s = 152: (0, 56, 22, 13, 72, 18, 16, 21, 9, 5, 36, 0)
s = 153: (0, 27, 25, 16, 49, 14, 18, 19, 9, 7, 29, 0)
s = 154: (0, 43, 29, 20, 89, 17, 18, 19, 9, 9, 27, 0)
s = 155: (0, 37, 30, 12, 86, 9, 15, 12, 6, 6, 26, 0)
s = 156: (0, 58, 38, 19, 65, 8, 12, 27, 10, 8, 23, 0)
s = 157: (0, 46, 35, 16, 58, 18, 11, 15, 13, 5, 46, 0)
s = 158: (0, 31, 27, 26, 48, 17, 20, 30, 5, 7, 23, 0)
s = 159: (0, 55, 32, 20, 64, 10, 12, 22, 7, 7, 24, 0)
s = 160: (0, 41, 31, 25, 77, 13, 15, 20, 8, 7, 38, 0)
s = 161: (0, 60, 29, 23, 146, 13, 18, 23, 6, 8, 39, 0)
s = 162: (0, 30, 22, 16, 60, 12, 17, 23, 7, 9, 28, 0)
s = 163: (0, 31, 51, 11, 58, 11, 24, 19, 10, 7, 22, 0)
s = 164: (0, 46, 30, 18, 39, 17, 13, 16, 6, 6, 29, 0)
s = 165: (0, 33, 54, 25, 97, 17, 13, 23, 11, 7, 32, 0)
s = 166: (0, 28, 22, 17, 61, 15, 12, 26, 10, 4, 24, 0)
s = 167: (0, 32, 35, 27, 42, 8, 14, 28, 7, 9, 25, 0)
s = 168: (0, 45, 50, 14, 81, 18, 15, 18, 10, 6, 41, 0)
s = 169: (0, 42, 34, 16, 49, 15, 19, 19, 11, 9, 23, 0)
s = 170: (0, 62, 38, 17, 65, 11, 17, 16, 9, 10, 31, 0)
s = 171: (0, 38, 38, 34, 66, 21, 11, 12, 6, 8, 27, 0)
s = 172: (0, 32, 35, 19, 77, 19, 16, 14, 11, 6, 29, 0)
s = 173: (0, 64, 28, 15, 116, 17, 11, 16, 9, 8, 42, 0)
s = 174: (0, 40, 39, 22, 69, 14, 13, 16, 9, 8, 35, 0)
s = 175: (0, 46, 48, 19, 70, 18, 11, 11, 8, 10, 23, 0)
s = 176: (0, 30, 38, 17, 89, 13, 13, 10, 6, 10, 17, 0)
s = 177: (0, 48, 31, 14, 64, 13, 22, 20, 13, 7, 39, 0)
s = 178: (0, 30, 30, 16, 87, 20, 18, 13, 11, 10, 40, 0)
s = 179: (0, 65, 27, 11, 42, 10, 16, 22, 7, 7, 21, 0)
s = 180: (0, 59, 29, 28, 69, 14, 21, 21, 8, 7, 33, 0)
s = 181: (0, 28, 47, 22, 56, 18, 18, 15, 5, 7, 33, 0)
s = 182: (0, 46, 26, 16, 72, 21, 14, 23, 13, 7, 31, 0)
s = 183: (0, 29, 59, 17, 91, 13, 15, 24, 9, 7, 27, 0)
s = 184: (0, 41, 27, 16, 67, 14, 16, 17, 10, 5, 23, 0)
s = 185: (0, 46, 19, 22, 79, 18, 19, 23, 12, 7, 22, 0)
s = 186: (0, 45, 38, 21, 54, 21, 16, 14, 7, 5, 36, 0)
s = 187: (0, 53, 58, 13, 83, 16, 22, 18, 9, 5, 45, 0)
s = 188: (0, 42, 25, 25, 83, 15, 9, 23, 7, 7, 28, 0)
s = 189: (0, 34, 27, 19, 60, 23, 14, 25, 10, 8, 33, 0)
s = 190: (0, 58, 52, 18, 44, 18, 13, 19, 11, 6, 41, 0)
s = 191: (0, 59, 45, 23, 60, 20, 12, 10, 9, 9, 28, 0)
s = 192: (0, 26, 31, 28, 50, 14, 17, 21, 16, 8, 23, 0)
s = 193: (0, 55, 29, 24, 56, 9, 11, 16, 13, 8, 28, 0)
s = 194: (0, 60, 30, 23, 89, 13, 22, 19, 11, 7, 21, 0)
s = 195: (0, 60, 46, 21, 60, 10, 27, 16, 5, 6, 17, 0)
s = 196: (0, 39, 35, 14, 62, 19, 16, 17, 7, 6, 44, 0)
s = 197: (0, 50, 25, 24, 74, 16, 14, 14, 6, 7, 17, 0)
s = 198: (0, 30, 57, 12, 82, 18, 14, 23, 9, 5, 45, 0)
s = 199: (0, 33, 49, 21, 79, 20, 22, 24, 13, 8, 21, 0)
s = 200: (0, 23, 45, 28, 110, 11, 20, 13, 6, 6, 32, 0)
************************************************************************
ES/LS-VALUES:
jobnr.   ES(i)    LS(i)
------------------------------------------------------------------------
  0        0        0
  1        0       63
  2        0       34
  3        0       58
  4       13       48
  5       29       67
  6       29       65
  7       34       71
  8       37       75
  9       34       81
 10       29       75
 11       45       83
************************************************************************
BIG-M-VALUES:
M1 = 105, M2 = 424
************************************************************************
