************************************************************************
file with basedata            : mm12_.bas
initial value random generator: 861057016
************************************************************************
projects                      :  1
jobs (incl. supersource/sink ):  12
horizon                       :  80
RESOURCES
  - renewable                 :  2   R
  - nonrenewable              :  2   N
  - doubly constrained        :  0   D
************************************************************************
PROJECT INFORMATION:
pronr.  #jobs rel.date duedate tardcost  MPM-Time
    1     10      0       22        0       22
************************************************************************
PRECEDENCE RELATIONS:
jobnr.    #modes  #successors   successors
   0        1          3           1   2   3
   1        3          3           4   7  10
   2        3          2           4   6
   3        3          2           5   8
   4        3          1           5
   5        3          1           9
   6        3          1           7
   7        3          2           8   9
   8        3          1          11
   9        3          1          11
  10        3          1          11
  11        1          0        
************************************************************************
REQUESTS/DURATIONS:
jobnr. mode duration  R 1  R 2  R 3  R 4  E(W 1)
------------------------------------------------------------------------
  0      1     0       0    0    0    0     0
  1      1     2       0    8    0    2    20
  2      1     4       0    6    6    0    48
  3      1     3       0    5    0    3    24
  4      1     4       0    8    0    9    68
  5      1     8       5    0    0    2    56
  6      1     4       0    7    0    3    40
  7      1     6       0    6    0    7    78
  8      1     4       0    4    7    0    44
  9      1     6       0    4    4    0    48
 10      1     3       0    6    0    4    30
 11      1     0       0    0    0    0     0
************************************************************************
RESOURCEAVAILABILITIES:
  R 1
   123
************************************************************************
RESOURCE LIMITS:
jobnr.  l(R 1)  u(R 1)
------------------------------------------------------------------------
  0        0       0
  1        5      10
  2        6      12
  3        5       8
  4        9      17
  5        4       7
  6        6      10
  7        7      13
  8        6      11
  9        4       8
 10        5      10
 11        0       0
************************************************************************
SCENARIOS:
------------------------------------------------------------------------
RESOURCE k = 1
s = 1: (0, 16, 44, 29, 54, 50, 59, 68, 66, 63, 23, 0)
s = 2: (0, 21, 66, 14, 66, 64, 36, 71, 47, 48, 26, 0)
s = 3: (0, 16, 38, 25, 57, 49, 44, 91, 44, 58, 18, 0)
s = 4: (0, 25, 44, 21, 63, 72, 26, 56, 71, 31, 35, 0)
s = 5: (0, 19, 42, 19, 62, 41, 56, 102, 25, 78, 24, 0)
s = 6: (0, 13, 43, 15, 60, 35, 27, 65, 44, 36, 37, 0)
s = 7: (0, 14, 57, 34, 53, 105, 57, 64, 60, 57, 33, 0)
s = 8: (0, 17, 35, 31, 56, 37, 47, 47, 43, 39, 36, 0)
s = 9: (0, 32, 71, 35, 102, 58, 27, 76, 49, 72, 43, 0)
s = 10: (0, 22, 51, 26, 87, 51, 56, 64, 56, 61, 33, 0)
s = 11: (0, 25, 33, 30, 67, 63, 42, 114, 47, 34, 22, 0)
s = 12: (0, 16, 40, 31, 70, 85, 33, 79, 75, 59, 27, 0)
s = 13: (0, 20, 47, 21, 57, 44, 46, 115, 32, 41, 30, 0)
s = 14: (0, 17, 62, 29, 94, 36, 32, 126, 33, 68, 29, 0)
s = 15: (0, 16, 29, 29, 59, 48, 30, 130, 43, 57, 30, 0)
s = 16: (0, 15, 40, 35, 61, 60, 59, 55, 25, 28, 43, 0)
s = 17: (0, 27, 39, 19, 48, 46, 28, 100, 42, 41, 34, 0)
s = 18: (0, 20, 74, 22, 55, 35, 57, 51, 31, 37, 35, 0)
s = 19: (0, 15, 44, 23, 48, 63, 62, 115, 33, 41, 36, 0)
s = 20: (0, 30, 42, 20, 46, 44, 29, 48, 39, 27, 30, 0)
s = 21: (0, 18, 46, 35, 85, 33, 30, 83, 38, 73, 56, 0)
s = 22: (0, 14, 49, 20, 93, 73, 30, 72, 29, 43, 54, 0)
s = 23: (0, 11, 58, 40, 47, 57, 23, 83, 44, 45, 41, 0)
s = 24: (0, 13, 32, 17, 57, 44, 42, 69, 38, 50, 24, 0)
s = 25: (0, 14, 72, 34, 75, 57, 31, 73, 59, 66, 21, 0)
s = 26: (0, 13, 56, 21, 85, 78, 22, 64, 27, 44, 22, 0)
s = 27: (0, 19, 38, 21, 81, 91, 31, 68, 29, 44, 28, 0)
s = 28: (0, 23, 37, 19, 50, 78, 37, 55, 31, 43, 30, 0)
s = 29: (0, 18, 38, 31, 76, 78, 30, 52, 51, 51, 24, 0)
s = 30: (0, 12, 45, 26, 63, 61, 52, 66, 70, 42, 20, 0)
s = 31: (0, 17, 66, 22, 85, 50, 36, 68, 31, 41, 48, 0)
s = 32: (0, 24, 45, 16, 70, 44, 80, 97, 51, 56, 40, 0)
s = 33: (0, 18, 58, 18, 46, 49, 34, 65, 74, 51, 42, 0)
s = 34: (0, 29, 39, 23, 103, 59, 44, 83, 55, 37, 25, 0)
s = 35: (0, 15, 38, 22, 64, 69, 31, 56, 68, 30, 21, 0)
s = 36: (0, 34, 43, 20, 53, 63, 49, 50, 28, 58, 24, 0)
s = 37: (0, 24, 41, 28, 90, 42, 37, 50, 46, 53, 43, 0)
s = 38: (0, 24, 42, 17, 58, 53, 33, 112, 43, 27, 34, 0)
s = 39: (0, 13, 30, 20, 51, 50, 29, 87, 67, 47, 28, 0)
s = 40: (0, 21, 65, 30, 95, 35, 31, 101, 32, 41, 21, 0)
s = 41: (0, 20, 46, 31, 57, 68, 30, 68, 28, 44, 22, 0)
s = 42: (0, 23, 53, 19, 57, 46, 23, 113, 63, 29, 40, 0)
s = 43: (0, 26, 69, 22, 57, 53, 31, 64, 50, 43, 29, 0)
s = 44: (0, 13, 53, 20, 69, 65, 38, 49, 45, 49, 41, 0)
s = 45: (0, 17, 48, 20, 96, 65, 33, 86, 38, 48, 26, 0)
s = 46: (0, 19, 49, 21, 44, 51, 46, 85, 38, 40, 30, 0)
s = 47: (0, 16, 33, 22, 43, 36, 56, 79, 66, 40, 33, 0)
s = 48: (0, 17, 77, 35, 60, 48, 51, 76, 61, 57, 21, 0)
s = 49: (0, 21, 40, 20, 82, 61, 26, 65, 60, 48, 24, 0)
s = 50: (0, 30, 41, 21, 65, 30, 56, 63, 39, 63, 30, 0)
s = 51: (0, 30, 45, 26, 87, 81, 41, 99, 45, 75, 37, 0)
s = 52: (0, 21, 47, 19, 96, 44, 57, 78, 75, 40, 28, 0)
s = 53: (0, 14, 38, 22, 48, 60, 54, 92, 58, 41, 19, 0)
s = 54: (0, 16, 36, 37, 112, 38, 52, 84, 58, 43, 23, 0)
s = 55: (0, 31, 36, 27, 90, 54, 46, 76, 41, 34, 32, 0)
s = 56: (0, 21, 57, 34, 71, 53, 31, 55, 55, 40, 36, 0)
s = 57: (0, 15, 59, 30, 123, 54, 49, 70, 51, 61, 36, 0)
s = 58: (0, 14, 84, 17, 71, 35, 30, 78, 50, 42, 27, 0)
s = 59: (0, 30, 62, 38, 106, 66, 27, 53, 43, 37, 51, 0)
s = 60: (0, 12, 53, 17, 57, 88, 34, 65, 32, 55, 38, 0)
s = 61: (0, 18, 75, 29, 66, 56, 60, 66, 43, 74, 25, 0)
s = 62: (0, 13, 45, 18, 87, 51, 43, 48, 48, 42, 22, 0)
s = 63: (0, 19, 57, 21, 77, 76, 43, 124, 25, 36, 31, 0)
s = 64: (0, 14, 56, 18, 73, 75, 52, 55, 29, 52, 28, 0)
s = 65: (0, 11, 30, 16, 83, 35, 34, 88, 54, 37, 34, 0)
s = 66: (0, 29, 50, 25, 81, 82, 27, 53, 62, 55, 37, 0)
s = 67: (0, 23, 47, 28, 84, 37, 47, 57, 40, 59, 34, 0)
s = 68: (0, 31, 78, 25, 59, 42, 39, 88, 61, 43, 24, 0)
s = 69: (0, 21, 66, 22, 98, 85, 55, 83, 47, 40, 32, 0)
s = 70: (0, 22, 76, 22, 54, 59, 45, 78, 68, 28, 22, 0)
s = 71: (0, 20, 65, 26, 79, 79, 24, 71, 39, 36, 20, 0)
s = 72: (0, 20, 72, 18, 46, 67, 34, 66, 30, 67, 23, 0)
s = 73: (0, 27, 59, 26, 70, 67, 41, 110, 68, 77, 30, 0)
s = 74: (0, 28, 31, 31, 107, 59, 34, 64, 58, 58, 22, 0)
s = 75: (0, 12, 46, 40, 58, 47, 56, 88, 42, 28, 38, 0)
s = 76: (0, 20, 37, 21, 59, 59, 57, 98, 50, 35, 21, 0)
s = 77: (0, 34, 50, 34, 71, 71, 36, 93, 50, 46, 29, 0)
s = 78: (0, 26, 57, 14, 43, 67, 31, 62, 41, 38, 22, 0)
s = 79: (0, 16, 56, 27, 93, 53, 30, 47, 70, 55, 27, 0)
s = 80: (0, 14, 43, 33, 74, 47, 64, 113, 64, 46, 30, 0)
s = 81: (0, 25, 29, 14, 53, 57, 41, 97, 42, 45, 39, 0)
s = 82: (0, 17, 29, 21, 81, 46, 47, 60, 52, 45, 43, 0)
s = 83: (0, 17, 38, 18, 75, 52, 49, 95, 53, 27, 33, 0)
s = 84: (0, 16, 61, 28, 71, 69, 25, 85, 24, 65, 36, 0)
s = 85: (0, 14, 39, 16, 87, 40, 45, 68, 35, 77, 27, 0)
s = 86: (0, 16, 36, 29, 39, 64, 25, 45, 46, 51, 28, 0)
s = 87: (0, 23, 89, 20, 38, 88, 35, 93, 52, 54, 31, 0)
s = 88: (0, 18, 60, 19, 52, 32, 31, 71, 35, 95, 19, 0)
s = 89: (0, 23, 62, 19, 78, 50, 25, 74, 39, 42, 30, 0)
s = 90: (0, 19, 46, 28, 80, 76, 37, 98, 54, 50, 20, 0)
s = 91: (0, 17, 73, 19, 52, 36, 53, 95, 31, 37, 29, 0)
s = 92: (0, 13, 37, 18, 96, 50, 39, 74, 24, 35, 28, 0)
s = 93: (0, 28, 58, 33, 85, 62, 31, 70, 34, 72, 27, 0)
s = 94: (0, 19, 31, 24, 54, 42, 46, 132, 50, 50, 19, 0)
s = 95: (0, 14, 43, 29, 79, 81, 37, 57, 30, 41, 36, 0)
s = 96: (0, 15, 37, 37, 81, 64, 34, 93, 45, 45, 33, 0)
s = 97: (0, 24, 34, 18, 69, 94, 67, 112, 41, 32, 25, 0)
s = 98: (0, 17, 53, 15, 45, 68, 28, 89, 29, 44, 19, 0)
s = 99: (0, 24, 46, 23, 55, 55, 29, 68, 33, 40, 37, 0)
s = 100: (0, 23, 42, 30, 113, 76, 31, 59, 33, 56, 42, 0)
s = 101: (0, 16, 50, 34, 68, 52, 51, 91, 34, 32, 26, 0)
s = 102: (0, 19, 43, 26, 46, 75, 26, 47, 46, 61, 20, 0)
s = 103: (0, 23, 73, 16, 58, 67, 44, 63, 37, 63, 26, 0)
s = 104: (0, 24, 42, 16, 54, 50, 46, 75, 49, 58, 23, 0)
s = 105: (0, 24, 49, 32, 45, 42, 52, 74, 28, 47, 19, 0)
s = 106: (0, 22, 50, 25, 54, 49, 37, 109, 27, 30, 18, 0)
s = 107: (0, 28, 31, 21, 68, 80, 35, 54, 51, 79, 41, 0)
s = 108: (0, 18, 47, 25, 82, 69, 42, 105, 42, 43, 36, 0)
s = 109: (0, 33, 38, 35, 54, 48, 48, 65, 53, 54, 18, 0)
s = 110: (0, 29, 78, 24, 89, 59, 39, 87, 41, 45, 17, 0)
s = 111: (0, 33, 48, 18, 43, 46, 26, 89, 49, 36, 28, 0)
s = 112: (0, 14, 41, 27, 83, 93, 35, 87, 56, 47, 27, 0)
s = 113: (0, 23, 60, 27, 58, 60, 43, 108, 66, 72, 22, 0)
s = 114: (0, 23, 52, 27, 53, 54, 35, 52, 71, 64, 26, 0)
s = 115: (0, 26, 69, 35, 65, 50, 32, 46, 33, 46, 33, 0)
s = 116: (0, 21, 37, 18, 49, 52, 45, 58, 30, 34, 58, 0)
s = 117: (0, 29, 53, 25, 57, 53, 29, 82, 36, 37, 32, 0)
s = 118: (0, 25, 32, 21, 114, 61, 70, 57, 29, 25, 53, 0)
s = 119: (0, 26, 61, 19, 59, 43, 31, 64, 30, 30, 40, 0)
s = 120: (0, 29, 73, 29, 68, 42, 35, 44, 46, 40, 41, 0)
s = 121: (0, 14, 42, 20, 52, 70, 55, 86, 25, 28, 50, 0)
s = 122: (0, 27, 39, 30, 86, 51, 33, 78, 32, 67, 24, 0)
s = 123: (0, 16, 58, 20, 60, 67, 33, 101, 50, 58, 47, 0)
s = 124: (0, 15, 41, 23, 67, 38, 32, 99, 64, 37, 36, 0)
s = 125: (0, 27, 61, 25, 57, 37, 59, 74, 48, 81, 25, 0)
s = 126: (0, 19, 36, 15, 77, 58, 44, 52, 60, 49, 28, 0)
s = 127: (0, 23, 27, 22, 71, 55, 46, 106, 39, 47, 25, 0)
s = 128: (0, 24, 64, 38, 95, 81, 43, 52, 55, 32, 40, 0)
s = 129: (0, 22, 73, 22, 60, 58, 63, 81, 43, 75, 28, 0)
s = 130: (0, 22, 31, 21, 85, 43, 30, 92, 42, 37, 47, 0)
s = 131: (0, 22, 59, 24, 96, 66, 34, 116, 48, 76, 35, 0)
s = 132: (0, 15, 40, 29, 89, 47, 64, 92, 73, 45, 43, 0)
s = 133: (0, 13, 42, 23, 40, 57, 45, 90, 32, 57, 44, 0)
s = 134: (0, 15, 38, 17, 78, 69, 60, 55, 35, 54, 40, 0)
s = 135: (0, 25, 51, 29, 76, 31, 39, 80, 34, 44, 23, 0)
s = 136: (0, 20, 40, 17, 59, 58, 31, 52, 50, 50, 29, 0)
s = 137: (0, 16, 44, 27, 77, 63, 27, 71, 43, 56, 35, 0)
s = 138: (0, 17, 53, 20, 108, 59, 33, 60, 41, 50, 31, 0)
s = 139: (0, 15, 72, 28, 48, 73, 67, 46, 49, 42, 42, 0)
s = 140: (0, 24, 64, 37, 67, 65, 26, 84, 51, 39, 46, 0)
s = 141: (0, 20, 54, 16, 62, 47, 58, 115, 48, 75, 30, 0)
s = 142: (0, 18, 29, 25, 43, 53, 58, 70, 41, 54, 40, 0)
s = 143: (0, 20, 52, 44, 69, 50, 30, 73, 41, 36, 34, 0)
s = 144: (0, 12, 35, 27, 54, 80, 45, 81, 61, 45, 26, 0)
s = 145: (0, 25, 40, 13, 75, 60, 38, 75, 42, 40, 28, 0)
s = 146: (0, 35, 54, 17, 74, 110, 33, 68, 45, 33, 36, 0)
s = 147: (0, 16, 63, 44, 61, 81, 47, 110, 34, 40, 22, 0)
s = 148: (0, 20, 52, 38, 52, 64, 51, 62, 40, 42, 55, 0)
s = 149: (0, 23, 51, 21, 111, 81, 53, 63, 34, 66, 26, 0)
s = 150: (0, 14, 64, 32, 76, 40, 53, 96, 27, 81, 29, 0)
s = 151: (0, 17, 52, 17, 53, 33, 36, 45, 52, 42, 40, 0)
s = 152: (0, 20, 29, 29, 59, 42, 36, 44, 46, 47, 21, 0)
s = 153: (0, 20, 34, 14, 64, 52, 22, 55, 46, 57, 25, 0)
s = 154: (0, 22, 33, 28, 87, 68, 37, 99, 53, 53, 35, 0)
s = 155: (0, 14, 62, 19, 113, 43, 69, 103, 77, 46, 30, 0)
s = 156: (0, 25, 26, 26, 129, 59, 33, 51, 60, 40, 33, 0)
s = 157: (0, 28, 45, 22, 101, 43, 26, 73, 51, 59, 36, 0)
s = 158: (0, 31, 38, 27, 69, 74, 59, 59, 62, 47, 35, 0)
s = 159: (0, 11, 50, 23, 42, 49, 57, 69, 40, 39, 19, 0)
s = 160: (0, 20, 40, 25, 69, 47, 53, 82, 50, 36, 31, 0)
s = 161: (0, 19, 72, 25, 54, 69, 42, 110, 59, 42, 29, 0)
s = 162: (0, 13, 57, 36, 48, 39, 47, 88, 26, 65, 20, 0)
s = 163: (0, 12, 36, 20, 56, 41, 24, 62, 27, 32, 36, 0)
s = 164: (0, 17, 50, 24, 39, 44, 52, 40, 37, 65, 31, 0)
s = 165: (0, 17, 38, 24, 39, 99, 31, 76, 35, 69, 19, 0)
s = 166: (0, 17, 50, 22, 46, 78, 48, 88, 41, 58, 27, 0)
s = 167: (0, 22, 57, 21, 68, 69, 25, 44, 42, 63, 41, 0)
s = 168: (0, 21, 29, 21, 61, 90, 28, 85, 74, 60, 40, 0)
s = 169: (0, 16, 55, 21, 74, 56, 27, 70, 45, 57, 38, 0)
s = 170: (0, 31, 32, 26, 98, 90, 30, 54, 59, 30, 28, 0)
s = 171: (0, 15, 38, 20, 97, 55, 65, 98, 41, 45, 27, 0)
s = 172: (0, 17, 47, 19, 43, 52, 33, 124, 33, 30, 47, 0)
s = 173: (0, 17, 36, 32, 68, 70, 56, 86, 42, 38, 31, 0)
s = 174: (0, 22, 47, 20, 46, 57, 68, 88, 39, 47, 34, 0)
s = 175: (0, 27, 51, 37, 85, 80, 42, 42, 37, 27, 30, 0)
s = 176: (0, 17, 70, 37, 63, 83, 56, 51, 57, 54, 27, 0)
s = 177: (0, 32, 66, 35, 64, 45, 25, 69, 48, 30, 35, 0)
s = 178: (0, 23, 37, 18, 49, 48, 40, 75, 39, 62, 31, 0)
s = 179: (0, 18, 45, 34, 102, 41, 33, 46, 75, 32, 31, 0)
s = 180: (0, 19, 62, 21, 67, 93, 44, 95, 29, 32, 24, 0)
s = 181: (0, 33, 29, 25, 70, 49, 33, 91, 47, 60, 31, 0)
s = 182: (0, 13, 67, 30, 89, 43, 42, 78, 31, 43, 25, 0)
s = 183: (0, 13, 38, 30, 62, 44, 26, 81, 45, 48, 28, 0)
s = 184: (0, 24, 46, 26, 38, 84, 32, 69, 32, 40, 25, 0)
s = 185: (0, 18, 71, 21, 70, 42, 30, 83, 53, 46, 38, 0)
s = 186: (0, 22, 78, 19, 83, 37, 44, 69, 34, 77, 27, 0)
s = 187: (0, 21, 69, 20, 44, 55, 32, 101, 33, 49, 46, 0)
s = 188: (0, 27, 58, 35, 60, 49, 34, 83, 44, 32, 37, 0)
s = 189: (0, 24, 45, 29, 121, 53, 47, 112, 46, 79, 31, 0)
s = 190: (0, 17, 70, 26, 63, 57, 54, 145, 45, 51, 24, 0)
s = 191: (0, 34, 40, 20, 89, 54, 56, 68, 66, 40, 26, 0)
s = 192: (0, 15, 45, 20, 51, 62, 36, 72, 30, 45, 47, 0)
s = 193: (0, 33, 70, 19, 46, 50, 37, 87, 23, 55, 37, 0)
s = 194: (0, 24, 46, 22, 65, 38, 31, 82, 54, 40, 26, 0)
s = 195: (0, 18, 49, 23, 95, 46, 43, 49, 32, 37, 38, 0)
s = 196: (0, 20, 72, 26, 60, 99, 40, 69, 57, 53, 23, 0)
s = 197: (0, 18, 77, 20, 41, 41, 52, 59, 58, 47, 39, 0)
s = 198: (0, 20, 40, 25, 46, 57, 44, 73, 37, 70, 28, 0)
s = 199: (0, 18, 73, 24, 57, 54, 21, 103, 46, 48, 25, 0)
s = 200: (0, 16, 63, 41, 66, 52, 41, 110, 53, 57, 26, 0)
************************************************************************
ES/LS-VALUES:
jobnr.   ES(i)    LS(i)
------------------------------------------------------------------------
  0        0        0
  1        0       40
  2        0       36
  3        0       46
  4        7       44
  5       14       52
  6        7       48
  7       15       56
  8       26       73
  9       29       68
 10        3       74
 11       40       80
************************************************************************
BIG-M-VALUES:
M1 = 28, M2 = 145
************************************************************************
