************************************************************************
file with basedata            : mm22_.bas
initial value random generator: 348603829
************************************************************************
projects                      :  1
jobs (incl. supersource/sink ):  12
horizon                       :  76
RESOURCES
  - renewable                 :  2   R
  - nonrenewable              :  2   N
  - doubly constrained        :  0   D
************************************************************************
PROJECT INFORMATION:
pronr.  #jobs rel.date duedate tardcost  MPM-Time
    1     10      0        8        5        8
************************************************************************
PRECEDENCE RELATIONS:
jobnr.    #modes  #successors   successors
   0        1          3           1   2   3
   1        3          2           5   8
   2        3          2           4   9
   3        3          3           6   9  10
   4        3          1           7
   5        3          2           7   9
   6        3          1           8
   7        3          1          10
   8        3          1          11
   9        3          1          11
  10        3          1          11
  11        1          0        
************************************************************************
REQUESTS/DURATIONS:
jobnr. mode duration  R 1  R 2  R 3  R 4  E(W 1)
------------------------------------------------------------------------
  0      1     0       0    0    0    0     0
  1      1     2       2    0   10    7    38
  2      1     2       7    0    8    6    42
  3      1     2       0    7    8    5    40
  4      1     2       0    8    7    7    44
  5      1     1       0    4    5    8    17
  6      1     1       0    5    1   10    17
  7      1     1       0    8    9    2    19
  8      1     1       5    0    8    7    20
  9      1     5       0    8    6    6    100
 10      1     2       0    9    5    4    36
 11      1     0       0    0    0    0     0
************************************************************************
RESOURCEAVAILABILITIES:
  R 1
   147
************************************************************************
RESOURCE LIMITS:
jobnr.  l(R 1)  u(R 1)
------------------------------------------------------------------------
  0        0       0
  1       10      19
  2       11      21
  3       11      20
  4       12      22
  5        9      17
  6        9      17
  7       10      19
  8       11      20
  9       10      20
 10       10      18
 11        0       0
************************************************************************
SCENARIOS:
------------------------------------------------------------------------
RESOURCE k = 1
s = 1: (0, 37, 38, 26, 39, 11, 27, 11, 32, 59, 40, 0)
s = 2: (0, 26, 23, 51, 47, 25, 13, 22, 27, 112, 45, 0)
s = 3: (0, 41, 29, 40, 37, 22, 16, 22, 20, 135, 51, 0)
s = 4: (0, 75, 35, 53, 35, 23, 13, 29, 23, 94, 22, 0)
s = 5: (0, 60, 22, 46, 48, 21, 21, 29, 20, 117, 40, 0)
s = 6: (0, 31, 33, 50, 48, 22, 12, 15, 13, 114, 33, 0)
s = 7: (0, 36, 27, 41, 42, 20, 19, 15, 15, 119, 52, 0)
s = 8: (0, 36, 35, 33, 35, 16, 22, 25, 26, 77, 34, 0)
s = 9: (0, 54, 24, 53, 39, 17, 17, 14, 17, 139, 45, 0)
s = 10: (0, 21, 52, 32, 43, 16, 15, 14, 24, 59, 26, 0)
s = 11: (0, 35, 41, 32, 45, 15, 10, 17, 18, 100, 22, 0)
s = 12: (0, 50, 49, 36, 41, 20, 11, 28, 12, 82, 49, 0)
s = 13: (0, 41, 30, 37, 48, 18, 12, 14, 28, 102, 35, 0)
s = 14: (0, 34, 30, 25, 42, 11, 27, 18, 15, 84, 45, 0)
s = 15: (0, 34, 40, 58, 38, 31, 19, 15, 20, 91, 28, 0)
s = 16: (0, 41, 56, 48, 32, 26, 16, 24, 20, 107, 32, 0)
s = 17: (0, 44, 36, 49, 47, 19, 25, 26, 21, 120, 20, 0)
s = 18: (0, 42, 34, 24, 42, 23, 16, 23, 22, 98, 23, 0)
s = 19: (0, 52, 52, 43, 46, 24, 15, 17, 25, 62, 32, 0)
s = 20: (0, 27, 45, 43, 24, 15, 12, 20, 11, 56, 26, 0)
s = 21: (0, 42, 52, 34, 65, 11, 14, 19, 12, 66, 34, 0)
s = 22: (0, 37, 33, 42, 56, 31, 18, 19, 26, 102, 46, 0)
s = 23: (0, 41, 52, 35, 31, 25, 22, 30, 14, 139, 47, 0)
s = 24: (0, 54, 32, 31, 62, 13, 10, 19, 28, 138, 47, 0)
s = 25: (0, 26, 32, 35, 30, 19, 13, 26, 20, 126, 35, 0)
s = 26: (0, 34, 39, 50, 40, 15, 17, 19, 20, 118, 27, 0)
s = 27: (0, 42, 41, 34, 65, 20, 15, 16, 24, 88, 29, 0)
s = 28: (0, 33, 34, 46, 38, 23, 15, 17, 15, 149, 19, 0)
s = 29: (0, 42, 51, 32, 40, 15, 9, 12, 30, 79, 29, 0)
s = 30: (0, 29, 46, 37, 44, 14, 17, 23, 19, 89, 45, 0)
s = 31: (0, 44, 38, 35, 50, 12, 32, 26, 19, 68, 34, 0)
s = 32: (0, 30, 64, 31, 38, 17, 11, 17, 16, 78, 28, 0)
s = 33: (0, 35, 25, 42, 38, 16, 12, 25, 15, 76, 48, 0)
s = 34: (0, 31, 40, 41, 51, 21, 15, 15, 27, 94, 21, 0)
s = 35: (0, 35, 41, 41, 51, 18, 12, 13, 14, 82, 41, 0)
s = 36: (0, 39, 46, 37, 41, 13, 16, 18, 20, 67, 27, 0)
s = 37: (0, 43, 37, 52, 34, 11, 12, 20, 15, 83, 26, 0)
s = 38: (0, 48, 41, 54, 42, 18, 15, 22, 19, 57, 33, 0)
s = 39: (0, 32, 45, 30, 28, 19, 10, 19, 16, 70, 25, 0)
s = 40: (0, 51, 55, 61, 38, 17, 31, 22, 23, 149, 30, 0)
s = 41: (0, 40, 65, 46, 50, 15, 10, 22, 29, 110, 32, 0)
s = 42: (0, 42, 47, 28, 47, 18, 18, 19, 21, 88, 45, 0)
s = 43: (0, 34, 37, 47, 35, 13, 19, 14, 14, 84, 32, 0)
s = 44: (0, 39, 40, 50, 82, 13, 15, 19, 15, 84, 30, 0)
s = 45: (0, 51, 31, 41, 24, 15, 28, 19, 19, 115, 31, 0)
s = 46: (0, 28, 32, 35, 51, 12, 17, 21, 23, 146, 30, 0)
s = 47: (0, 27, 36, 29, 42, 16, 24, 16, 17, 128, 44, 0)
s = 48: (0, 52, 49, 43, 58, 11, 16, 21, 23, 118, 34, 0)
s = 49: (0, 41, 54, 46, 41, 29, 18, 17, 30, 105, 50, 0)
s = 50: (0, 48, 42, 33, 35, 15, 21, 24, 17, 74, 53, 0)
s = 51: (0, 26, 54, 47, 39, 12, 17, 22, 23, 166, 31, 0)
s = 52: (0, 31, 34, 34, 32, 12, 16, 14, 15, 70, 25, 0)
s = 53: (0, 53, 55, 79, 34, 20, 14, 13, 18, 102, 54, 0)
s = 54: (0, 57, 47, 35, 66, 17, 17, 16, 21, 83, 25, 0)
s = 55: (0, 24, 59, 23, 46, 30, 19, 19, 25, 84, 50, 0)
s = 56: (0, 33, 50, 42, 43, 22, 17, 17, 28, 70, 50, 0)
s = 57: (0, 37, 41, 33, 48, 12, 21, 17, 23, 111, 31, 0)
s = 58: (0, 54, 50, 51, 37, 19, 24, 18, 30, 80, 23, 0)
s = 59: (0, 31, 34, 46, 59, 14, 14, 21, 25, 115, 43, 0)
s = 60: (0, 23, 41, 44, 58, 16, 27, 30, 26, 101, 41, 0)
s = 61: (0, 27, 38, 25, 33, 13, 17, 27, 23, 129, 34, 0)
s = 62: (0, 53, 38, 37, 35, 13, 20, 16, 14, 147, 47, 0)
s = 63: (0, 44, 28, 32, 41, 10, 27, 12, 15, 53, 44, 0)
s = 64: (0, 33, 25, 26, 69, 30, 15, 11, 24, 122, 46, 0)
s = 65: (0, 28, 53, 30, 66, 13, 19, 15, 13, 85, 24, 0)
s = 66: (0, 39, 54, 23, 45, 12, 11, 18, 12, 65, 57, 0)
s = 67: (0, 39, 31, 33, 53, 11, 21, 27, 24, 113, 45, 0)
s = 68: (0, 29, 37, 53, 54, 14, 11, 16, 12, 98, 47, 0)
s = 69: (0, 31, 36, 36, 28, 14, 9, 14, 21, 89, 39, 0)
s = 70: (0, 27, 57, 46, 56, 27, 20, 13, 20, 100, 53, 0)
s = 71: (0, 34, 41, 46, 61, 20, 22, 15, 17, 77, 50, 0)
s = 72: (0, 58, 42, 34, 43, 19, 25, 36, 17, 119, 41, 0)
s = 73: (0, 54, 45, 23, 68, 17, 23, 15, 23, 149, 35, 0)
s = 74: (0, 39, 34, 55, 32, 17, 32, 21, 20, 98, 41, 0)
s = 75: (0, 29, 46, 46, 47, 16, 10, 13, 24, 102, 20, 0)
s = 76: (0, 35, 41, 38, 31, 17, 11, 21, 20, 123, 36, 0)
s = 77: (0, 51, 48, 58, 38, 19, 23, 19, 22, 76, 67, 0)
s = 78: (0, 22, 75, 32, 66, 13, 28, 18, 21, 134, 28, 0)
s = 79: (0, 21, 39, 35, 32, 13, 20, 13, 17, 136, 50, 0)
s = 80: (0, 34, 35, 41, 26, 27, 21, 29, 22, 155, 26, 0)
s = 81: (0, 44, 54, 48, 41, 15, 31, 19, 24, 78, 41, 0)
s = 82: (0, 28, 25, 25, 32, 20, 32, 33, 22, 142, 55, 0)
s = 83: (0, 34, 33, 42, 58, 22, 11, 20, 27, 115, 26, 0)
s = 84: (0, 42, 50, 51, 48, 17, 21, 17, 19, 70, 37, 0)
s = 85: (0, 52, 26, 34, 34, 16, 17, 13, 17, 94, 48, 0)
s = 86: (0, 27, 42, 36, 46, 18, 16, 31, 14, 98, 29, 0)
s = 87: (0, 26, 48, 58, 68, 16, 15, 32, 13, 79, 32, 0)
s = 88: (0, 38, 29, 34, 41, 12, 17, 15, 19, 95, 47, 0)
s = 89: (0, 31, 65, 42, 65, 11, 15, 24, 16, 100, 33, 0)
s = 90: (0, 57, 55, 31, 34, 23, 18, 14, 12, 77, 37, 0)
s = 91: (0, 26, 33, 50, 39, 16, 13, 21, 22, 88, 31, 0)
s = 92: (0, 39, 37, 42, 26, 14, 15, 13, 19, 94, 38, 0)
s = 93: (0, 30, 60, 24, 45, 10, 20, 11, 24, 130, 37, 0)
s = 94: (0, 25, 28, 55, 57, 14, 16, 17, 27, 98, 27, 0)
s = 95: (0, 43, 40, 38, 42, 23, 23, 28, 12, 123, 21, 0)
s = 96: (0, 37, 44, 27, 51, 12, 21, 23, 21, 89, 45, 0)
s = 97: (0, 32, 47, 46, 29, 28, 11, 17, 21, 69, 48, 0)
s = 98: (0, 31, 38, 45, 37, 22, 18, 25, 28, 80, 29, 0)
s = 99: (0, 29, 30, 79, 28, 21, 12, 14, 22, 86, 43, 0)
s = 100: (0, 29, 49, 33, 47, 18, 22, 18, 16, 96, 41, 0)
s = 101: (0, 40, 44, 30, 53, 17, 24, 12, 25, 88, 44, 0)
s = 102: (0, 50, 23, 40, 37, 17, 31, 17, 12, 99, 43, 0)
s = 103: (0, 51, 23, 31, 55, 18, 20, 14, 20, 160, 26, 0)
s = 104: (0, 47, 25, 46, 45, 16, 14, 20, 17, 95, 38, 0)
s = 105: (0, 30, 44, 45, 43, 16, 19, 17, 17, 63, 41, 0)
s = 106: (0, 40, 28, 53, 26, 22, 13, 16, 22, 146, 26, 0)
s = 107: (0, 33, 45, 50, 26, 10, 11, 33, 15, 139, 20, 0)
s = 108: (0, 41, 38, 36, 33, 18, 19, 23, 17, 89, 31, 0)
s = 109: (0, 29, 55, 34, 42, 16, 20, 24, 22, 81, 46, 0)
s = 110: (0, 37, 45, 21, 35, 12, 14, 19, 15, 111, 36, 0)
s = 111: (0, 21, 43, 36, 44, 19, 18, 19, 19, 104, 36, 0)
s = 112: (0, 34, 23, 38, 49, 27, 18, 11, 26, 84, 36, 0)
s = 113: (0, 27, 57, 29, 32, 12, 21, 21, 21, 152, 54, 0)
s = 114: (0, 33, 40, 39, 49, 22, 17, 25, 30, 133, 38, 0)
s = 115: (0, 25, 38, 59, 44, 16, 19, 19, 16, 122, 32, 0)
s = 116: (0, 30, 41, 39, 26, 30, 26, 15, 24, 112, 27, 0)
s = 117: (0, 30, 40, 42, 52, 15, 13, 30, 21, 62, 44, 0)
s = 118: (0, 25, 60, 32, 40, 27, 22, 12, 25, 150, 26, 0)
s = 119: (0, 62, 54, 34, 42, 13, 10, 17, 15, 82, 38, 0)
s = 120: (0, 33, 45, 25, 40, 28, 17, 15, 21, 101, 41, 0)
s = 121: (0, 40, 58, 65, 54, 21, 19, 15, 17, 133, 37, 0)
s = 122: (0, 67, 39, 43, 48, 17, 19, 28, 26, 97, 33, 0)
s = 123: (0, 40, 50, 39, 54, 16, 18, 21, 14, 102, 46, 0)
s = 124: (0, 42, 36, 37, 28, 13, 11, 14, 24, 112, 47, 0)
s = 125: (0, 35, 67, 23, 38, 21, 15, 21, 19, 128, 57, 0)
s = 126: (0, 33, 37, 56, 32, 10, 22, 13, 18, 62, 30, 0)
s = 127: (0, 29, 46, 23, 66, 17, 13, 28, 24, 154, 48, 0)
s = 128: (0, 38, 37, 37, 38, 12, 13, 23, 18, 86, 39, 0)
s = 129: (0, 26, 47, 34, 70, 18, 24, 24, 19, 120, 22, 0)
s = 130: (0, 48, 50, 27, 47, 17, 17, 20, 23, 69, 22, 0)
s = 131: (0, 36, 58, 69, 41, 25, 12, 22, 24, 111, 35, 0)
s = 132: (0, 31, 37, 25, 29, 16, 29, 22, 16, 61, 39, 0)
s = 133: (0, 34, 70, 54, 59, 17, 18, 14, 36, 127, 27, 0)
s = 134: (0, 28, 30, 60, 36, 21, 14, 18, 30, 109, 28, 0)
s = 135: (0, 35, 36, 47, 28, 13, 24, 14, 19, 165, 51, 0)
s = 136: (0, 52, 41, 61, 36, 32, 13, 25, 18, 161, 41, 0)
s = 137: (0, 27, 56, 48, 32, 17, 16, 19, 30, 90, 49, 0)
s = 138: (0, 28, 42, 47, 37, 18, 13, 16, 22, 126, 56, 0)
s = 139: (0, 34, 42, 46, 39, 14, 12, 21, 16, 164, 48, 0)
s = 140: (0, 43, 38, 36, 34, 12, 17, 17, 17, 84, 43, 0)
s = 141: (0, 43, 28, 33, 58, 15, 21, 18, 17, 75, 24, 0)
s = 142: (0, 25, 47, 52, 45, 27, 11, 22, 32, 83, 21, 0)
s = 143: (0, 35, 47, 32, 64, 14, 15, 27, 19, 91, 29, 0)
s = 144: (0, 43, 26, 51, 34, 26, 25, 15, 23, 157, 29, 0)
s = 145: (0, 27, 27, 27, 31, 12, 17, 28, 16, 134, 45, 0)
s = 146: (0, 32, 52, 32, 43, 15, 11, 12, 14, 137, 34, 0)
s = 147: (0, 24, 27, 66, 24, 10, 23, 18, 18, 98, 28, 0)
s = 148: (0, 56, 35, 55, 35, 17, 16, 18, 29, 141, 43, 0)
s = 149: (0, 29, 30, 38, 36, 14, 16, 15, 15, 126, 25, 0)
s = 150: (0, 36, 30, 49, 51, 20, 21, 20, 21, 112, 32, 0)
s = 151: (0, 65, 36, 26, 35, 17, 15, 17, 28, 133, 30, 0)
s = 152: (0, 37, 43, 27, 44, 16, 10, 16, 16, 120, 37, 0)
s = 153: (0, 53, 38, 31, 37, 30, 23, 12, 14, 92, 50, 0)
s = 154: (0, 51, 39, 39, 52, 23, 15, 17, 17, 109, 56, 0)
s = 155: (0, 47, 57, 39, 43, 15, 21, 24, 23, 80, 54, 0)
s = 156: (0, 40, 37, 27, 42, 18, 18, 18, 17, 84, 46, 0)
s = 157: (0, 27, 48, 44, 63, 16, 9, 15, 29, 115, 45, 0)
s = 158: (0, 57, 35, 52, 36, 20, 24, 15, 18, 127, 41, 0)
s = 159: (0, 41, 51, 33, 54, 23, 26, 18, 12, 75, 31, 0)
s = 160: (0, 36, 33, 28, 41, 21, 22, 21, 20, 152, 20, 0)
s = 161: (0, 39, 27, 33, 31, 15, 14, 19, 28, 64, 25, 0)
s = 162: (0, 49, 22, 31, 29, 13, 16, 25, 30, 78, 32, 0)
s = 163: (0, 63, 36, 40, 32, 17, 20, 25, 27, 127, 40, 0)
s = 164: (0, 41, 40, 26, 44, 14, 13, 11, 16, 159, 26, 0)
s = 165: (0, 47, 46, 27, 44, 20, 12, 16, 18, 93, 22, 0)
s = 166: (0, 29, 48, 37, 46, 23, 18, 23, 18, 67, 40, 0)
s = 167: (0, 40, 62, 27, 33, 21, 15, 19, 12, 87, 30, 0)
s = 168: (0, 47, 38, 50, 40, 10, 20, 21, 20, 82, 43, 0)
s = 169: (0, 45, 42, 78, 35, 23, 11, 18, 21, 129, 28, 0)
s = 170: (0, 34, 58, 37, 45, 24, 26, 18, 24, 63, 34, 0)
s = 171: (0, 33, 38, 50, 32, 28, 17, 13, 11, 89, 39, 0)
s = 172: (0, 27, 39, 38, 66, 14, 22, 15, 15, 132, 37, 0)
s = 173: (0, 54, 42, 25, 29, 17, 13, 18, 13, 91, 34, 0)
s = 174: (0, 32, 37, 62, 35, 17, 13, 15, 18, 72, 32, 0)
s = 175: (0, 38, 26, 51, 26, 9, 11, 19, 25, 124, 24, 0)
s = 176: (0, 49, 54, 51, 42, 14, 19, 21, 20, 129, 30, 0)
s = 177: (0, 51, 31, 39, 48, 14, 20, 17, 21, 143, 24, 0)
s = 178: (0, 30, 52, 28, 53, 23, 26, 11, 14, 86, 44, 0)
s = 179: (0, 31, 32, 38, 31, 14, 20, 25, 23, 85, 27, 0)
s = 180: (0, 46, 29, 44, 57, 22, 10, 15, 13, 115, 38, 0)
s = 181: (0, 34, 47, 56, 56, 13, 15, 14, 19, 102, 31, 0)
s = 182: (0, 37, 25, 27, 48, 15, 14, 27, 18, 78, 47, 0)
s = 183: (0, 59, 28, 46, 52, 16, 27, 28, 30, 128, 26, 0)
s = 184: (0, 33, 42, 28, 26, 11, 21, 25, 24, 129, 30, 0)
s = 185: (0, 35, 61, 42, 49, 12, 11, 13, 26, 91, 36, 0)
s = 186: (0, 44, 38, 46, 53, 20, 17, 26, 16, 90, 30, 0)
s = 187: (0, 40, 78, 32, 33, 21, 16, 18, 36, 104, 22, 0)
s = 188: (0, 38, 39, 26, 28, 13, 17, 13, 23, 132, 29, 0)
s = 189: (0, 41, 29, 45, 42, 24, 14, 14, 20, 127, 39, 0)
s = 190: (0, 39, 40, 34, 49, 21, 17, 24, 21, 79, 22, 0)
s = 191: (0, 41, 63, 41, 36, 11, 21, 14, 18, 93, 39, 0)
s = 192: (0, 44, 62, 28, 30, 13, 20, 14, 22, 102, 31, 0)
s = 193: (0, 46, 57, 57, 70, 20, 18, 12, 16, 60, 47, 0)
s = 194: (0, 21, 40, 45, 69, 16, 23, 12, 26, 118, 30, 0)
s = 195: (0, 28, 49, 37, 49, 16, 13, 13, 24, 66, 48, 0)
s = 196: (0, 53, 26, 37, 47, 15, 22, 21, 12, 62, 30, 0)
s = 197: (0, 34, 39, 41, 33, 20, 19, 19, 18, 140, 28, 0)
s = 198: (0, 40, 41, 26, 41, 24, 20, 25, 26, 112, 38, 0)
s = 199: (0, 65, 31, 44, 58, 15, 15, 22, 25, 119, 36, 0)
s = 200: (0, 22, 59, 27, 45, 13, 18, 21, 21, 80, 41, 0)
************************************************************************
ES/LS-VALUES:
jobnr.   ES(i)    LS(i)
------------------------------------------------------------------------
  0        0        0
  1        0       61
  2        0       62
  3        0       63
  4        3       66
  5        3       65
  6        3       72
  7        6       70
  8        4       74
  9        4       67
 10        7       72
 11       12       76
************************************************************************
BIG-M-VALUES:
M1 = 17, M2 = 166
************************************************************************
