************************************************************************
file with basedata            : mm38_.bas
initial value random generator: 895935411
************************************************************************
projects                      :  1
jobs (incl. supersource/sink ):  12
horizon                       :  79
RESOURCES
  - renewable                 :  2   R
  - nonrenewable              :  2   N
  - doubly constrained        :  0   D
************************************************************************
PROJECT INFORMATION:
pronr.  #jobs rel.date duedate tardcost  MPM-Time
    1     10      0       18        8       18
************************************************************************
PRECEDENCE RELATIONS:
jobnr.    #modes  #successors   successors
   0        1          3           1   2   3
   1        3          2           4   5
   2        3          2           4   7
   3        3          1           4
   4        3          2           8   9
   5        3          1           6
   6        3          1           7
   7        3          3           8   9  10
   8        3          1          11
   9        3          1          11
  10        3          1          11
  11        1          0        
************************************************************************
REQUESTS/DURATIONS:
jobnr. mode duration  R 1  R 2  R 3  R 4  E(W 1)  E(W 2)  E(W 3)  E(W 4)
------------------------------------------------------------------------
  0      1     0       0    0    0    0     0       0       0       0
  1      1     2       8    4    6    6    16       8      12      12
  2      1     1       4    7    7    9     4       7       7       9
  3      1     3       8    3    6    5    24       9      18      15
  4      1     2       6    9    6    6    12      18      12      12
  5      1     4       7    8    9    8    28      32      36      32
  6      1     3       2    6    9    5     6      18      27      15
  7      1     6      10    7    7    9    60      42      42      54
  8      1     3       6    5    7    2    18      15      21       6
  9      1     2       9    6    4    3    18      12       8       6
 10      1     1       7    7    6    9     7       7       6       9
 11      1     0       0    0    0    0     0       0       0       0
************************************************************************
RESOURCEAVAILABILITIES:
  R 1  R 2  R 3  R 4
   10    8   58   51
************************************************************************
RESOURCE LIMITS:
jobnr.  l(R 1)  u(R 1)  l(R 2)  u(R 2)  l(R 3)  u(R 3)  l(R 4)  u(R 4)
------------------------------------------------------------------------
  0        0       0       0       0       0       0       0       0
  1        4       8       2       4       3       6       3       6
  2        2       4       4       7       4       7       5       9
  3        4       8       2       3       3       6       3       5
  4        3       6       5       9       3       6       3       6
  5        4       7       4       8       5       9       4       8
  6        1       2       3       6       5       9       3       5
  7        5      10       4       7       4       7       5       9
  8        3       6       3       5       4       7       1       2
  9        5       9       3       6       2       4       2       3
 10        4       7       4       7       3       6       5       9
 11        0       0       0       0       0       0       0       0
************************************************************************
SCENARIOS:
------------------------------------------------------------------------
RESOURCE k = 1
s = 1: (0, 13, 5, 14, 14, 26, 11, 96, 17, 27, 6, 0)
s = 2: (0, 14, 4, 29, 14, 20, 6, 71, 15, 13, 4, 0)
s = 3: (0, 18, 3, 16, 12, 22, 6, 59, 26, 13, 9, 0)
s = 4: (0, 10, 3, 34, 9, 32, 6, 41, 15, 15, 6, 0)
s = 5: (0, 19, 5, 25, 9, 36, 5, 47, 28, 16, 12, 0)
s = 6: (0, 11, 4, 27, 12, 33, 5, 50, 22, 28, 8, 0)
s = 7: (0, 15, 3, 19, 7, 35, 5, 71, 18, 12, 9, 0)
s = 8: (0, 16, 4, 28, 18, 26, 5, 44, 19, 26, 6, 0)
s = 9: (0, 26, 4, 31, 15, 28, 6, 57, 23, 21, 6, 0)
s = 10: (0, 15, 6, 27, 13, 35, 6, 60, 21, 23, 9, 0)
s = 11: (0, 31, 5, 13, 15, 21, 6, 45, 21, 14, 7, 0)
s = 12: (0, 20, 4, 21, 15, 27, 4, 75, 19, 12, 11, 0)
s = 13: (0, 20, 6, 34, 12, 45, 9, 72, 12, 18, 13, 0)
s = 14: (0, 12, 5, 20, 13, 30, 7, 53, 15, 14, 5, 0)
s = 15: (0, 9, 3, 24, 14, 25, 7, 60, 29, 12, 6, 0)
s = 16: (0, 12, 5, 22, 8, 21, 7, 56, 24, 15, 12, 0)
s = 17: (0, 17, 6, 38, 20, 37, 8, 81, 27, 22, 7, 0)
s = 18: (0, 13, 4, 21, 8, 20, 7, 93, 24, 17, 6, 0)
s = 19: (0, 20, 5, 17, 9, 28, 5, 53, 14, 20, 8, 0)
s = 20: (0, 19, 3, 14, 15, 21, 6, 70, 16, 19, 8, 0)
s = 21: (0, 16, 3, 31, 18, 19, 7, 45, 17, 29, 7, 0)
s = 22: (0, 14, 4, 16, 14, 26, 6, 42, 17, 17, 6, 0)
s = 23: (0, 13, 5, 31, 10, 22, 11, 47, 15, 11, 5, 0)
s = 24: (0, 13, 5, 24, 9, 31, 5, 67, 13, 15, 4, 0)
s = 25: (0, 26, 3, 23, 22, 46, 7, 42, 26, 17, 8, 0)
s = 26: (0, 17, 5, 22, 13, 27, 5, 34, 11, 21, 7, 0)
s = 27: (0, 24, 5, 17, 10, 30, 5, 49, 14, 14, 11, 0)
s = 28: (0, 12, 5, 21, 9, 24, 4, 48, 21, 24, 6, 0)
s = 29: (0, 12, 5, 25, 11, 40, 4, 68, 25, 19, 6, 0)
s = 30: (0, 17, 3, 24, 7, 22, 5, 37, 19, 19, 10, 0)
s = 31: (0, 16, 5, 28, 8, 46, 7, 45, 19, 19, 7, 0)
s = 32: (0, 15, 5, 29, 12, 17, 6, 41, 13, 19, 7, 0)
s = 33: (0, 13, 5, 25, 9, 33, 8, 53, 25, 14, 6, 0)
s = 34: (0, 16, 3, 22, 12, 33, 9, 55, 13, 23, 8, 0)
s = 35: (0, 11, 5, 18, 8, 31, 7, 49, 23, 15, 7, 0)
s = 36: (0, 24, 5, 26, 11, 25, 9, 39, 15, 20, 9, 0)
s = 37: (0, 22, 6, 21, 10, 43, 7, 62, 18, 12, 5, 0)
s = 38: (0, 12, 3, 32, 10, 26, 6, 80, 14, 14, 8, 0)
s = 39: (0, 9, 6, 35, 18, 39, 6, 48, 23, 18, 10, 0)
s = 40: (0, 19, 5, 18, 17, 18, 6, 53, 13, 22, 8, 0)
s = 41: (0, 17, 5, 31, 13, 30, 9, 68, 27, 13, 8, 0)
s = 42: (0, 15, 3, 23, 17, 18, 6, 56, 13, 27, 8, 0)
s = 43: (0, 13, 4, 25, 8, 24, 6, 72, 30, 20, 6, 0)
s = 44: (0, 24, 5, 22, 13, 22, 6, 41, 18, 12, 8, 0)
s = 45: (0, 9, 5, 34, 8, 22, 8, 45, 22, 21, 6, 0)
s = 46: (0, 16, 6, 29, 7, 18, 4, 63, 11, 17, 11, 0)
s = 47: (0, 19, 4, 29, 12, 18, 7, 56, 15, 24, 9, 0)
s = 48: (0, 23, 3, 15, 11, 38, 5, 96, 30, 18, 7, 0)
s = 49: (0, 12, 4, 32, 15, 40, 9, 82, 19, 29, 7, 0)
s = 50: (0, 26, 6, 24, 9, 28, 6, 50, 19, 15, 9, 0)
s = 51: (0, 10, 4, 21, 15, 41, 4, 63, 30, 15, 6, 0)
s = 52: (0, 20, 4, 32, 14, 16, 7, 59, 24, 10, 6, 0)
s = 53: (0, 12, 5, 27, 11, 38, 5, 33, 16, 12, 6, 0)
s = 54: (0, 13, 4, 19, 14, 25, 8, 86, 21, 27, 6, 0)
s = 55: (0, 29, 4, 21, 12, 29, 6, 65, 21, 29, 5, 0)
s = 56: (0, 14, 5, 26, 15, 28, 6, 95, 20, 30, 5, 0)
s = 57: (0, 16, 3, 32, 14, 18, 8, 50, 22, 15, 5, 0)
s = 58: (0, 16, 3, 20, 9, 32, 9, 66, 20, 23, 5, 0)
s = 59: (0, 19, 5, 21, 10, 26, 9, 60, 23, 17, 7, 0)
s = 60: (0, 10, 4, 39, 13, 45, 6, 73, 30, 32, 7, 0)
s = 61: (0, 20, 7, 30, 18, 47, 4, 46, 17, 18, 7, 0)
s = 62: (0, 17, 7, 14, 10, 31, 4, 93, 15, 13, 12, 0)
s = 63: (0, 16, 5, 23, 10, 32, 5, 45, 24, 13, 9, 0)
s = 64: (0, 12, 4, 28, 8, 29, 6, 55, 22, 11, 9, 0)
s = 65: (0, 15, 3, 25, 11, 23, 6, 107, 25, 15, 8, 0)
s = 66: (0, 12, 4, 33, 7, 33, 8, 84, 15, 23, 6, 0)
s = 67: (0, 14, 4, 31, 19, 16, 7, 79, 22, 14, 8, 0)
s = 68: (0, 22, 4, 16, 12, 34, 6, 36, 23, 19, 7, 0)
s = 69: (0, 17, 4, 24, 8, 29, 5, 70, 15, 16, 8, 0)
s = 70: (0, 19, 5, 15, 17, 46, 8, 43, 12, 20, 5, 0)
s = 71: (0, 16, 3, 26, 13, 28, 6, 46, 14, 20, 9, 0)
s = 72: (0, 13, 6, 21, 9, 23, 7, 44, 11, 19, 6, 0)
s = 73: (0, 26, 4, 24, 10, 20, 7, 59, 17, 18, 8, 0)
s = 74: (0, 30, 3, 29, 15, 22, 7, 44, 20, 35, 7, 0)
s = 75: (0, 11, 4, 21, 15, 31, 7, 73, 26, 17, 6, 0)
s = 76: (0, 15, 4, 21, 13, 28, 7, 64, 21, 25, 6, 0)
s = 77: (0, 11, 4, 20, 21, 27, 6, 40, 18, 11, 5, 0)
s = 78: (0, 18, 5, 29, 12, 27, 5, 79, 22, 26, 6, 0)
s = 79: (0, 18, 5, 29, 20, 47, 7, 73, 20, 16, 6, 0)
s = 80: (0, 20, 3, 39, 10, 16, 5, 48, 12, 22, 9, 0)
s = 81: (0, 19, 3, 21, 17, 39, 7, 88, 14, 15, 4, 0)
s = 82: (0, 11, 5, 19, 13, 24, 9, 36, 15, 27, 6, 0)
s = 83: (0, 15, 4, 27, 9, 24, 8, 51, 12, 20, 7, 0)
s = 84: (0, 26, 4, 20, 16, 28, 7, 72, 23, 16, 8, 0)
s = 85: (0, 12, 4, 22, 11, 21, 5, 85, 17, 18, 6, 0)
s = 86: (0, 17, 5, 21, 8, 37, 6, 44, 22, 22, 6, 0)
s = 87: (0, 11, 3, 25, 12, 26, 7, 95, 18, 15, 8, 0)
s = 88: (0, 22, 5, 17, 10, 30, 5, 66, 22, 16, 7, 0)
s = 89: (0, 10, 4, 15, 13, 19, 5, 72, 17, 13, 8, 0)
s = 90: (0, 24, 6, 16, 10, 36, 5, 38, 30, 22, 8, 0)
s = 91: (0, 23, 5, 15, 9, 28, 7, 36, 30, 16, 6, 0)
s = 92: (0, 27, 5, 19, 9, 32, 5, 100, 17, 15, 13, 0)
s = 93: (0, 14, 4, 20, 10, 32, 7, 78, 13, 30, 8, 0)
s = 94: (0, 13, 5, 20, 12, 36, 6, 98, 14, 26, 9, 0)
s = 95: (0, 17, 6, 38, 18, 25, 7, 42, 22, 14, 8, 0)
s = 96: (0, 24, 6, 37, 19, 42, 7, 73, 13, 13, 9, 0)
s = 97: (0, 14, 5, 32, 17, 27, 8, 84, 14, 23, 12, 0)
s = 98: (0, 15, 3, 26, 12, 38, 8, 67, 11, 14, 9, 0)
s = 99: (0, 14, 5, 29, 14, 40, 7, 61, 15, 23, 13, 0)
s = 100: (0, 14, 7, 28, 9, 23, 5, 45, 17, 19, 9, 0)
s = 101: (0, 15, 3, 25, 14, 24, 6, 47, 18, 19, 5, 0)
s = 102: (0, 11, 3, 16, 12, 38, 8, 91, 28, 16, 8, 0)
s = 103: (0, 18, 5, 22, 9, 32, 10, 32, 20, 14, 7, 0)
s = 104: (0, 14, 4, 15, 15, 29, 11, 54, 10, 20, 4, 0)
s = 105: (0, 10, 7, 22, 15, 24, 5, 49, 15, 14, 7, 0)
s = 106: (0, 18, 5, 30, 16, 30, 8, 61, 15, 30, 7, 0)
s = 107: (0, 17, 3, 32, 18, 31, 5, 94, 19, 15, 9, 0)
s = 108: (0, 14, 5, 20, 17, 28, 6, 47, 19, 19, 8, 0)
s = 109: (0, 24, 3, 19, 9, 41, 6, 103, 25, 16, 8, 0)
s = 110: (0, 17, 4, 24, 15, 17, 7, 91, 16, 22, 7, 0)
s = 111: (0, 14, 3, 15, 18, 48, 4, 58, 12, 22, 5, 0)
s = 112: (0, 16, 5, 33, 11, 34, 4, 62, 19, 26, 7, 0)
s = 113: (0, 13, 3, 28, 10, 24, 6, 57, 17, 17, 9, 0)
s = 114: (0, 11, 4, 28, 14, 21, 7, 59, 18, 16, 7, 0)
s = 115: (0, 15, 4, 17, 17, 36, 5, 74, 14, 17, 5, 0)
s = 116: (0, 21, 3, 19, 11, 17, 5, 62, 25, 24, 4, 0)
s = 117: (0, 12, 4, 31, 9, 18, 9, 51, 12, 17, 5, 0)
s = 118: (0, 14, 4, 29, 10, 40, 7, 94, 15, 19, 6, 0)
s = 119: (0, 16, 4, 16, 9, 29, 10, 68, 19, 16, 11, 0)
s = 120: (0, 14, 4, 26, 20, 38, 6, 59, 28, 19, 11, 0)
s = 121: (0, 13, 4, 22, 9, 35, 4, 65, 16, 16, 5, 0)
s = 122: (0, 14, 3, 24, 16, 32, 6, 76, 24, 17, 7, 0)
s = 123: (0, 17, 3, 22, 17, 37, 5, 106, 10, 27, 8, 0)
s = 124: (0, 27, 3, 27, 14, 33, 5, 41, 25, 19, 7, 0)
s = 125: (0, 18, 4, 15, 12, 26, 7, 51, 25, 14, 10, 0)
s = 126: (0, 11, 6, 19, 9, 18, 4, 41, 21, 11, 5, 0)
s = 127: (0, 16, 3, 26, 10, 28, 5, 100, 17, 27, 9, 0)
s = 128: (0, 13, 4, 17, 7, 33, 6, 44, 17, 18, 6, 0)
s = 129: (0, 12, 6, 23, 11, 21, 7, 81, 15, 12, 7, 0)
s = 130: (0, 16, 5, 23, 14, 27, 8, 43, 23, 23, 6, 0)
s = 131: (0, 18, 6, 21, 9, 26, 7, 62, 26, 14, 9, 0)
s = 132: (0, 11, 4, 22, 15, 19, 8, 41, 21, 18, 7, 0)
s = 133: (0, 12, 7, 24, 8, 30, 7, 53, 25, 30, 7, 0)
s = 134: (0, 15, 3, 20, 9, 27, 7, 87, 21, 29, 10, 0)
s = 135: (0, 12, 7, 29, 9, 32, 7, 89, 15, 22, 7, 0)
s = 136: (0, 16, 3, 22, 10, 36, 5, 63, 14, 16, 7, 0)
s = 137: (0, 19, 5, 19, 14, 37, 5, 84, 26, 12, 9, 0)
s = 138: (0, 11, 5, 29, 15, 18, 8, 37, 12, 16, 8, 0)
s = 139: (0, 14, 6, 19, 9, 20, 6, 47, 15, 19, 12, 0)
s = 140: (0, 13, 3, 14, 11, 20, 7, 69, 16, 23, 9, 0)
s = 141: (0, 17, 4, 20, 14, 22, 6, 32, 16, 11, 8, 0)
s = 142: (0, 15, 5, 24, 8, 27, 6, 37, 22, 22, 6, 0)
s = 143: (0, 10, 4, 20, 18, 28, 6, 84, 24, 29, 9, 0)
s = 144: (0, 25, 5, 30, 20, 33, 4, 64, 12, 20, 6, 0)
s = 145: (0, 14, 4, 30, 12, 19, 5, 42, 23, 13, 9, 0)
s = 146: (0, 25, 3, 26, 14, 17, 5, 64, 15, 28, 6, 0)
s = 147: (0, 20, 3, 29, 15, 19, 6, 59, 24, 19, 8, 0)
s = 148: (0, 25, 3, 15, 12, 41, 7, 80, 18, 20, 6, 0)
s = 149: (0, 13, 5, 27, 9, 27, 7, 45, 26, 26, 15, 0)
s = 150: (0, 23, 4, 26, 12, 42, 8, 52, 13, 21, 6, 0)
s = 151: (0, 22, 4, 20, 8, 17, 6, 41, 26, 22, 7, 0)
s = 152: (0, 15, 4, 24, 10, 22, 5, 70, 14, 14, 8, 0)
s = 153: (0, 13, 3, 33, 15, 39, 6, 46, 17, 21, 6, 0)
s = 154: (0, 20, 5, 24, 11, 24, 8, 76, 15, 17, 12, 0)
s = 155: (0, 22, 6, 23, 10, 22, 7, 63, 16, 25, 9, 0)
s = 156: (0, 20, 4, 33, 13, 34, 5, 55, 15, 25, 7, 0)
s = 157: (0, 15, 4, 20, 15, 36, 5, 40, 16, 26, 7, 0)
s = 158: (0, 16, 5, 22, 15, 22, 6, 67, 24, 12, 6, 0)
s = 159: (0, 11, 6, 18, 18, 28, 7, 54, 13, 16, 7, 0)
s = 160: (0, 25, 5, 29, 18, 16, 9, 43, 22, 17, 7, 0)
s = 161: (0, 10, 4, 16, 11, 27, 9, 65, 11, 20, 11, 0)
s = 162: (0, 12, 4, 32, 16, 40, 5, 65, 17, 11, 11, 0)
s = 163: (0, 11, 7, 20, 11, 19, 4, 104, 18, 18, 8, 0)
s = 164: (0, 22, 5, 21, 15, 27, 5, 69, 15, 21, 8, 0)
s = 165: (0, 14, 7, 19, 8, 33, 6, 55, 24, 15, 7, 0)
s = 166: (0, 14, 5, 17, 9, 24, 8, 65, 20, 23, 10, 0)
s = 167: (0, 11, 4, 22, 11, 24, 7, 51, 11, 16, 6, 0)
s = 168: (0, 17, 4, 22, 9, 16, 10, 47, 22, 11, 6, 0)
s = 169: (0, 23, 5, 24, 20, 32, 7, 80, 26, 15, 6, 0)
s = 170: (0, 12, 4, 29, 16, 20, 5, 46, 15, 15, 10, 0)
s = 171: (0, 18, 6, 29, 11, 28, 4, 45, 13, 22, 7, 0)
s = 172: (0, 18, 6, 21, 10, 26, 5, 60, 20, 25, 10, 0)
s = 173: (0, 17, 4, 32, 19, 41, 8, 51, 18, 28, 10, 0)
s = 174: (0, 15, 5, 35, 11, 43, 6, 55, 26, 23, 9, 0)
s = 175: (0, 19, 4, 16, 16, 27, 9, 66, 12, 31, 10, 0)
s = 176: (0, 12, 5, 34, 15, 26, 5, 71, 19, 12, 6, 0)
s = 177: (0, 11, 4, 26, 11, 28, 5, 83, 24, 12, 9, 0)
s = 178: (0, 13, 6, 22, 20, 34, 9, 53, 10, 22, 9, 0)
s = 179: (0, 17, 3, 25, 13, 29, 7, 60, 10, 18, 5, 0)
s = 180: (0, 12, 4, 34, 11, 30, 4, 70, 25, 23, 6, 0)
s = 181: (0, 11, 4, 17, 18, 17, 6, 75, 15, 26, 11, 0)
s = 182: (0, 17, 4, 36, 8, 16, 6, 72, 13, 19, 10, 0)
s = 183: (0, 20, 5, 15, 15, 22, 4, 57, 22, 19, 6, 0)
s = 184: (0, 16, 3, 29, 11, 21, 5, 72, 27, 25, 5, 0)
s = 185: (0, 12, 5, 27, 8, 19, 7, 37, 12, 25, 6, 0)
s = 186: (0, 17, 4, 31, 10, 28, 5, 49, 21, 16, 11, 0)
s = 187: (0, 15, 5, 16, 9, 19, 6, 49, 12, 25, 7, 0)
s = 188: (0, 12, 5, 17, 13, 20, 8, 52, 24, 19, 10, 0)
s = 189: (0, 17, 5, 16, 13, 37, 7, 61, 17, 23, 7, 0)
s = 190: (0, 13, 7, 20, 10, 22, 5, 59, 26, 17, 5, 0)
s = 191: (0, 12, 3, 20, 7, 35, 9, 65, 25, 22, 8, 0)
s = 192: (0, 18, 4, 15, 10, 23, 6, 74, 39, 28, 8, 0)
s = 193: (0, 15, 4, 16, 12, 37, 7, 87, 12, 19, 12, 0)
s = 194: (0, 12, 3, 21, 10, 18, 5, 44, 16, 17, 8, 0)
s = 195: (0, 20, 3, 19, 19, 26, 6, 82, 12, 26, 10, 0)
s = 196: (0, 16, 4, 15, 18, 22, 4, 59, 24, 18, 12, 0)
s = 197: (0, 16, 4, 23, 9, 32, 6, 49, 16, 26, 6, 0)
s = 198: (0, 17, 5, 15, 9, 32, 7, 68, 13, 23, 8, 0)
s = 199: (0, 20, 4, 24, 14, 33, 6, 49, 19, 27, 11, 0)
s = 200: (0, 13, 6, 20, 17, 22, 5, 36, 11, 12, 4, 0)
------------------------------------------------------------------------
RESOURCE k = 2
s = 1: (0, 7, 8, 5, 21, 30, 31, 67, 14, 18, 6, 0)
s = 2: (0, 7, 7, 11, 21, 23, 18, 50, 12, 9, 4, 0)
s = 3: (0, 9, 6, 6, 18, 25, 17, 42, 21, 9, 9, 0)
s = 4: (0, 5, 6, 13, 13, 36, 16, 29, 13, 10, 6, 0)
s = 5: (0, 10, 8, 10, 14, 41, 15, 33, 23, 11, 12, 0)
s = 6: (0, 6, 6, 10, 17, 37, 15, 35, 18, 19, 8, 0)
s = 7: (0, 8, 5, 8, 10, 40, 15, 50, 15, 8, 9, 0)
s = 8: (0, 8, 6, 11, 27, 30, 13, 31, 16, 17, 6, 0)
s = 9: (0, 13, 7, 12, 22, 32, 17, 40, 19, 14, 6, 0)
s = 10: (0, 8, 11, 11, 19, 40, 18, 42, 17, 16, 9, 0)
s = 11: (0, 16, 9, 5, 22, 24, 16, 32, 17, 10, 7, 0)
s = 12: (0, 10, 7, 8, 22, 31, 12, 53, 16, 8, 11, 0)
s = 13: (0, 10, 9, 13, 17, 51, 26, 50, 10, 12, 13, 0)
s = 14: (0, 6, 8, 8, 19, 34, 19, 38, 13, 9, 5, 0)
s = 15: (0, 5, 5, 9, 21, 28, 20, 42, 24, 8, 6, 0)
s = 16: (0, 6, 8, 9, 12, 24, 20, 40, 20, 10, 12, 0)
s = 17: (0, 9, 10, 14, 30, 42, 24, 57, 22, 15, 7, 0)
s = 18: (0, 7, 7, 8, 12, 23, 20, 65, 20, 11, 6, 0)
s = 19: (0, 10, 9, 7, 14, 32, 13, 37, 12, 13, 8, 0)
s = 20: (0, 10, 5, 6, 22, 24, 16, 49, 14, 13, 8, 0)
s = 21: (0, 8, 5, 12, 27, 22, 19, 32, 14, 19, 7, 0)
s = 22: (0, 7, 7, 6, 21, 30, 17, 30, 14, 11, 6, 0)
s = 23: (0, 7, 9, 12, 15, 25, 31, 33, 13, 7, 5, 0)
s = 24: (0, 7, 8, 9, 13, 35, 13, 47, 11, 10, 4, 0)
s = 25: (0, 13, 4, 9, 33, 53, 19, 29, 22, 11, 8, 0)
s = 26: (0, 9, 8, 9, 19, 31, 14, 24, 9, 14, 7, 0)
s = 27: (0, 12, 8, 7, 14, 34, 14, 35, 12, 9, 11, 0)
s = 28: (0, 6, 9, 8, 13, 27, 10, 34, 18, 16, 6, 0)
s = 29: (0, 6, 9, 10, 17, 46, 12, 48, 21, 13, 6, 0)
s = 30: (0, 9, 4, 9, 11, 25, 15, 26, 16, 13, 10, 0)
s = 31: (0, 8, 9, 11, 12, 53, 19, 31, 16, 13, 7, 0)
s = 32: (0, 8, 8, 11, 18, 19, 16, 29, 11, 13, 7, 0)
s = 33: (0, 7, 8, 10, 14, 37, 24, 37, 21, 9, 6, 0)
s = 34: (0, 8, 6, 9, 18, 38, 26, 38, 11, 16, 8, 0)
s = 35: (0, 6, 8, 7, 12, 35, 20, 35, 20, 10, 7, 0)
s = 36: (0, 12, 8, 10, 16, 28, 25, 28, 13, 13, 9, 0)
s = 37: (0, 11, 10, 8, 14, 49, 19, 44, 15, 8, 5, 0)
s = 38: (0, 6, 5, 12, 14, 30, 17, 56, 12, 10, 8, 0)
s = 39: (0, 5, 10, 13, 26, 45, 16, 34, 19, 12, 10, 0)
s = 40: (0, 10, 8, 7, 25, 20, 17, 37, 11, 15, 8, 0)
s = 41: (0, 9, 8, 12, 20, 34, 26, 47, 22, 9, 8, 0)
s = 42: (0, 8, 5, 9, 26, 20, 18, 39, 11, 18, 8, 0)
s = 43: (0, 7, 6, 10, 12, 27, 16, 50, 25, 13, 6, 0)
s = 44: (0, 12, 8, 9, 19, 25, 16, 29, 15, 8, 8, 0)
s = 45: (0, 5, 8, 13, 11, 25, 24, 32, 18, 14, 6, 0)
s = 46: (0, 8, 10, 11, 11, 20, 12, 44, 9, 11, 11, 0)
s = 47: (0, 10, 6, 11, 17, 20, 20, 39, 13, 16, 9, 0)
s = 48: (0, 12, 5, 6, 16, 43, 13, 68, 25, 12, 7, 0)
s = 49: (0, 6, 7, 12, 22, 46, 25, 57, 16, 19, 7, 0)
s = 50: (0, 13, 10, 9, 13, 31, 18, 35, 16, 10, 9, 0)
s = 51: (0, 5, 6, 8, 22, 47, 10, 44, 25, 10, 6, 0)
s = 52: (0, 10, 7, 12, 21, 18, 20, 41, 20, 7, 6, 0)
s = 53: (0, 6, 8, 11, 17, 44, 15, 23, 13, 8, 6, 0)
s = 54: (0, 7, 6, 7, 21, 28, 24, 61, 17, 18, 6, 0)
s = 55: (0, 15, 7, 8, 18, 33, 17, 45, 18, 19, 5, 0)
s = 56: (0, 7, 8, 10, 23, 31, 16, 67, 17, 20, 5, 0)
s = 57: (0, 8, 5, 12, 21, 21, 22, 35, 19, 10, 5, 0)
s = 58: (0, 8, 4, 8, 13, 36, 27, 46, 17, 16, 5, 0)
s = 59: (0, 10, 8, 8, 15, 30, 27, 42, 19, 11, 7, 0)
s = 60: (0, 5, 7, 15, 20, 51, 18, 51, 25, 22, 7, 0)
s = 61: (0, 10, 11, 12, 27, 54, 11, 33, 14, 12, 7, 0)
s = 62: (0, 9, 11, 5, 14, 35, 12, 65, 12, 9, 12, 0)
s = 63: (0, 8, 8, 9, 15, 36, 13, 31, 20, 9, 9, 0)
s = 64: (0, 6, 6, 11, 12, 33, 16, 39, 19, 8, 9, 0)
s = 65: (0, 8, 5, 10, 17, 26, 18, 75, 21, 10, 8, 0)
s = 66: (0, 6, 7, 13, 10, 38, 22, 59, 13, 16, 6, 0)
s = 67: (0, 7, 7, 12, 28, 18, 21, 55, 19, 10, 8, 0)
s = 68: (0, 11, 7, 6, 17, 39, 18, 26, 19, 13, 7, 0)
s = 69: (0, 9, 7, 9, 12, 33, 13, 49, 13, 11, 8, 0)
s = 70: (0, 10, 8, 6, 25, 53, 22, 30, 10, 13, 5, 0)
s = 71: (0, 8, 5, 10, 20, 32, 17, 32, 12, 13, 9, 0)
s = 72: (0, 7, 10, 8, 13, 26, 20, 31, 9, 13, 6, 0)
s = 73: (0, 13, 6, 9, 14, 23, 20, 42, 15, 12, 8, 0)
s = 74: (0, 15, 6, 11, 22, 25, 20, 31, 17, 23, 7, 0)
s = 75: (0, 6, 7, 8, 22, 36, 20, 52, 22, 11, 6, 0)
s = 76: (0, 8, 7, 8, 19, 32, 19, 45, 17, 17, 6, 0)
s = 77: (0, 6, 6, 8, 31, 30, 17, 28, 15, 7, 5, 0)
s = 78: (0, 9, 9, 11, 18, 30, 15, 56, 18, 18, 6, 0)
s = 79: (0, 9, 8, 11, 29, 54, 19, 51, 17, 11, 6, 0)
s = 80: (0, 10, 4, 15, 15, 19, 13, 34, 10, 15, 9, 0)
s = 81: (0, 10, 5, 8, 26, 44, 20, 62, 12, 10, 4, 0)
s = 82: (0, 6, 9, 7, 19, 27, 26, 26, 12, 18, 6, 0)
s = 83: (0, 8, 7, 10, 13, 28, 23, 36, 10, 13, 7, 0)
s = 84: (0, 13, 6, 8, 24, 31, 21, 50, 19, 11, 8, 0)
s = 85: (0, 6, 6, 9, 17, 24, 15, 59, 14, 12, 6, 0)
s = 86: (0, 9, 8, 8, 12, 42, 18, 31, 18, 15, 6, 0)
s = 87: (0, 6, 5, 10, 18, 30, 20, 67, 15, 10, 8, 0)
s = 88: (0, 11, 9, 7, 15, 34, 13, 47, 18, 11, 7, 0)
s = 89: (0, 5, 6, 6, 19, 21, 14, 51, 14, 9, 8, 0)
s = 90: (0, 12, 11, 6, 15, 41, 14, 27, 25, 15, 8, 0)
s = 91: (0, 12, 9, 6, 13, 32, 21, 25, 25, 11, 6, 0)
s = 92: (0, 14, 9, 7, 13, 37, 15, 70, 15, 10, 13, 0)
s = 93: (0, 7, 7, 8, 15, 37, 21, 55, 11, 20, 8, 0)
s = 94: (0, 7, 9, 8, 18, 42, 17, 69, 12, 17, 9, 0)
s = 95: (0, 9, 10, 14, 26, 29, 21, 29, 19, 9, 8, 0)
s = 96: (0, 12, 10, 14, 28, 48, 21, 51, 11, 9, 9, 0)
s = 97: (0, 7, 9, 12, 26, 30, 22, 59, 11, 16, 12, 0)
s = 98: (0, 8, 5, 10, 17, 43, 22, 47, 9, 9, 9, 0)
s = 99: (0, 7, 9, 11, 20, 45, 19, 43, 13, 15, 13, 0)
s = 100: (0, 7, 11, 11, 13, 27, 15, 32, 14, 13, 9, 0)
s = 101: (0, 8, 6, 10, 21, 27, 17, 33, 15, 13, 5, 0)
s = 102: (0, 6, 5, 6, 18, 44, 24, 64, 23, 11, 8, 0)
s = 103: (0, 9, 9, 9, 14, 37, 30, 23, 17, 10, 7, 0)
s = 104: (0, 7, 7, 6, 23, 33, 33, 38, 9, 13, 4, 0)
s = 105: (0, 5, 11, 9, 22, 28, 13, 34, 13, 10, 7, 0)
s = 106: (0, 9, 8, 11, 23, 34, 24, 43, 12, 20, 7, 0)
s = 107: (0, 9, 5, 12, 26, 35, 14, 66, 16, 10, 9, 0)
s = 108: (0, 7, 8, 8, 25, 32, 18, 33, 16, 13, 8, 0)
s = 109: (0, 12, 5, 7, 14, 46, 17, 72, 21, 11, 8, 0)
s = 110: (0, 9, 6, 9, 22, 19, 19, 64, 13, 15, 7, 0)
s = 111: (0, 7, 6, 6, 26, 55, 12, 41, 10, 15, 5, 0)
s = 112: (0, 8, 8, 13, 17, 38, 10, 44, 16, 18, 7, 0)
s = 113: (0, 7, 5, 11, 14, 27, 17, 40, 14, 12, 9, 0)
s = 114: (0, 6, 7, 11, 20, 24, 21, 41, 15, 11, 7, 0)
s = 115: (0, 8, 7, 7, 25, 41, 15, 52, 12, 12, 5, 0)
s = 116: (0, 11, 5, 7, 17, 20, 13, 43, 21, 16, 4, 0)
s = 117: (0, 6, 7, 12, 14, 21, 25, 36, 10, 11, 5, 0)
s = 118: (0, 7, 7, 11, 14, 46, 20, 66, 12, 13, 6, 0)
s = 119: (0, 8, 6, 6, 14, 33, 30, 48, 16, 11, 11, 0)
s = 120: (0, 7, 7, 10, 29, 44, 18, 42, 23, 13, 11, 0)
s = 121: (0, 7, 7, 9, 13, 40, 12, 45, 14, 11, 5, 0)
s = 122: (0, 7, 4, 9, 24, 37, 17, 54, 20, 12, 7, 0)
s = 123: (0, 9, 5, 9, 26, 42, 13, 75, 9, 18, 8, 0)
s = 124: (0, 14, 5, 10, 20, 38, 13, 29, 21, 13, 7, 0)
s = 125: (0, 9, 7, 6, 17, 29, 20, 36, 21, 10, 10, 0)
s = 126: (0, 6, 11, 7, 14, 21, 11, 29, 18, 7, 5, 0)
s = 127: (0, 8, 5, 10, 15, 32, 14, 70, 14, 18, 9, 0)
s = 128: (0, 7, 7, 7, 11, 37, 18, 31, 14, 12, 6, 0)
s = 129: (0, 6, 10, 9, 17, 23, 21, 57, 13, 8, 7, 0)
s = 130: (0, 8, 8, 9, 21, 31, 24, 30, 19, 15, 6, 0)
s = 131: (0, 9, 11, 8, 13, 29, 20, 43, 21, 9, 9, 0)
s = 132: (0, 6, 7, 8, 23, 22, 23, 29, 17, 12, 7, 0)
s = 133: (0, 6, 11, 9, 12, 34, 19, 37, 21, 20, 7, 0)
s = 134: (0, 8, 5, 8, 14, 31, 19, 61, 17, 19, 10, 0)
s = 135: (0, 6, 12, 11, 13, 37, 19, 62, 12, 15, 7, 0)
s = 136: (0, 8, 5, 9, 14, 41, 14, 45, 12, 11, 7, 0)
s = 137: (0, 10, 8, 7, 21, 42, 14, 59, 21, 8, 9, 0)
s = 138: (0, 6, 8, 11, 22, 20, 24, 26, 10, 11, 8, 0)
s = 139: (0, 7, 10, 7, 13, 22, 17, 33, 13, 13, 12, 0)
s = 140: (0, 7, 5, 6, 16, 23, 19, 48, 13, 16, 9, 0)
s = 141: (0, 9, 6, 8, 21, 25, 17, 23, 14, 7, 8, 0)
s = 142: (0, 8, 8, 9, 11, 31, 17, 26, 19, 15, 6, 0)
s = 143: (0, 5, 7, 8, 27, 32, 18, 59, 20, 19, 9, 0)
s = 144: (0, 13, 9, 11, 30, 38, 12, 45, 10, 14, 6, 0)
s = 145: (0, 7, 7, 11, 18, 22, 13, 29, 19, 9, 9, 0)
s = 146: (0, 13, 5, 10, 21, 19, 13, 45, 12, 19, 6, 0)
s = 147: (0, 10, 5, 11, 22, 22, 17, 42, 20, 13, 8, 0)
s = 148: (0, 13, 5, 6, 18, 47, 19, 56, 15, 14, 6, 0)
s = 149: (0, 7, 8, 10, 14, 31, 19, 32, 22, 18, 15, 0)
s = 150: (0, 12, 7, 10, 18, 48, 23, 37, 11, 14, 6, 0)
s = 151: (0, 11, 7, 8, 12, 20, 17, 29, 22, 15, 7, 0)
s = 152: (0, 8, 6, 9, 15, 25, 14, 49, 12, 9, 8, 0)
s = 153: (0, 7, 5, 13, 22, 44, 17, 32, 14, 14, 6, 0)
s = 154: (0, 10, 8, 9, 16, 28, 22, 54, 13, 11, 12, 0)
s = 155: (0, 11, 10, 9, 14, 25, 19, 44, 13, 17, 9, 0)
s = 156: (0, 10, 6, 13, 19, 39, 13, 39, 12, 17, 7, 0)
s = 157: (0, 8, 7, 8, 22, 41, 15, 28, 13, 17, 7, 0)
s = 158: (0, 8, 8, 8, 23, 25, 18, 47, 20, 8, 6, 0)
s = 159: (0, 6, 10, 7, 27, 32, 19, 38, 11, 11, 7, 0)
s = 160: (0, 13, 9, 11, 26, 19, 26, 30, 18, 11, 7, 0)
s = 161: (0, 5, 7, 6, 17, 30, 26, 46, 9, 13, 11, 0)
s = 162: (0, 6, 7, 12, 23, 45, 13, 46, 14, 8, 11, 0)
s = 163: (0, 6, 12, 8, 16, 21, 12, 73, 15, 12, 8, 0)
s = 164: (0, 11, 9, 8, 23, 31, 14, 48, 12, 14, 8, 0)
s = 165: (0, 7, 12, 8, 11, 38, 16, 39, 20, 10, 7, 0)
s = 166: (0, 7, 8, 7, 13, 27, 24, 46, 16, 16, 10, 0)
s = 167: (0, 6, 7, 9, 16, 27, 20, 36, 10, 11, 6, 0)
s = 168: (0, 9, 7, 9, 13, 18, 28, 33, 18, 8, 6, 0)
s = 169: (0, 12, 8, 9, 29, 37, 21, 56, 22, 10, 6, 0)
s = 170: (0, 6, 7, 11, 23, 23, 15, 32, 13, 10, 10, 0)
s = 171: (0, 9, 10, 11, 16, 32, 12, 32, 11, 15, 7, 0)
s = 172: (0, 9, 10, 8, 14, 30, 15, 42, 17, 17, 10, 0)
s = 173: (0, 9, 7, 12, 28, 47, 23, 36, 15, 19, 10, 0)
s = 174: (0, 8, 8, 13, 16, 49, 18, 39, 21, 16, 9, 0)
s = 175: (0, 10, 7, 6, 24, 31, 25, 47, 10, 21, 10, 0)
s = 176: (0, 6, 8, 13, 23, 30, 15, 50, 16, 8, 6, 0)
s = 177: (0, 6, 7, 10, 16, 32, 14, 58, 20, 8, 9, 0)
s = 178: (0, 7, 10, 8, 30, 39, 26, 37, 9, 15, 9, 0)
s = 179: (0, 9, 5, 10, 19, 33, 19, 42, 9, 12, 5, 0)
s = 180: (0, 6, 7, 13, 17, 35, 11, 49, 21, 15, 6, 0)
s = 181: (0, 6, 7, 7, 27, 20, 17, 52, 13, 17, 11, 0)
s = 182: (0, 9, 6, 14, 12, 19, 17, 51, 11, 13, 10, 0)
s = 183: (0, 10, 8, 6, 23, 25, 12, 40, 19, 13, 6, 0)
s = 184: (0, 8, 5, 11, 16, 24, 14, 51, 23, 17, 5, 0)
s = 185: (0, 6, 8, 10, 12, 22, 21, 26, 10, 17, 6, 0)
s = 186: (0, 9, 6, 12, 15, 32, 15, 34, 18, 11, 11, 0)
s = 187: (0, 8, 8, 6, 13, 21, 18, 34, 10, 17, 7, 0)
s = 188: (0, 6, 8, 7, 19, 23, 24, 37, 20, 13, 10, 0)
s = 189: (0, 9, 9, 6, 19, 43, 20, 43, 14, 16, 7, 0)
s = 190: (0, 7, 11, 8, 15, 25, 15, 42, 22, 11, 5, 0)
s = 191: (0, 6, 5, 8, 11, 40, 25, 45, 21, 15, 8, 0)
s = 192: (0, 9, 7, 6, 14, 26, 17, 52, 33, 19, 8, 0)
s = 193: (0, 8, 6, 6, 18, 42, 21, 61, 10, 13, 12, 0)
s = 194: (0, 6, 5, 8, 15, 21, 14, 31, 13, 11, 8, 0)
s = 195: (0, 10, 5, 7, 28, 30, 17, 58, 10, 17, 10, 0)
s = 196: (0, 8, 6, 6, 27, 25, 10, 41, 20, 12, 12, 0)
s = 197: (0, 8, 6, 9, 14, 37, 18, 34, 14, 18, 6, 0)
s = 198: (0, 9, 9, 6, 14, 36, 19, 48, 11, 16, 8, 0)
s = 199: (0, 10, 7, 9, 21, 37, 18, 35, 16, 18, 11, 0)
s = 200: (0, 7, 11, 8, 25, 25, 13, 25, 10, 8, 4, 0)
------------------------------------------------------------------------
RESOURCE k = 3
s = 1: (0, 10, 8, 10, 14, 34, 46, 67, 20, 12, 5, 0)
s = 2: (0, 11, 7, 22, 14, 25, 27, 50, 17, 6, 4, 0)
s = 3: (0, 13, 6, 12, 12, 28, 25, 42, 30, 6, 8, 0)
s = 4: (0, 8, 6, 26, 9, 40, 24, 29, 17, 7, 5, 0)
s = 5: (0, 15, 8, 19, 9, 46, 23, 33, 32, 7, 10, 0)
s = 6: (0, 8, 6, 20, 12, 42, 22, 35, 26, 13, 7, 0)
s = 7: (0, 12, 5, 15, 7, 45, 23, 50, 21, 6, 8, 0)
s = 8: (0, 12, 6, 21, 18, 33, 19, 31, 22, 12, 6, 0)
s = 9: (0, 19, 7, 23, 15, 36, 25, 40, 27, 10, 5, 0)
s = 10: (0, 12, 11, 21, 13, 45, 27, 42, 24, 11, 8, 0)
s = 11: (0, 24, 9, 10, 15, 27, 24, 32, 24, 7, 6, 0)
s = 12: (0, 15, 7, 16, 15, 35, 18, 53, 22, 6, 9, 0)
s = 13: (0, 15, 9, 26, 12, 57, 38, 50, 14, 8, 11, 0)
s = 14: (0, 9, 8, 15, 13, 39, 28, 38, 17, 6, 4, 0)
s = 15: (0, 7, 5, 18, 14, 32, 30, 42, 34, 6, 5, 0)
s = 16: (0, 9, 8, 17, 8, 27, 30, 40, 28, 7, 11, 0)
s = 17: (0, 13, 10, 28, 20, 48, 36, 57, 31, 10, 6, 0)
s = 18: (0, 10, 7, 16, 8, 25, 30, 65, 28, 8, 5, 0)
s = 19: (0, 15, 9, 13, 9, 36, 20, 37, 17, 9, 7, 0)
s = 20: (0, 14, 5, 11, 15, 27, 24, 49, 19, 9, 7, 0)
s = 21: (0, 12, 5, 23, 18, 25, 29, 32, 19, 13, 6, 0)
s = 22: (0, 10, 7, 12, 14, 33, 26, 30, 19, 8, 5, 0)
s = 23: (0, 10, 9, 23, 10, 28, 47, 33, 17, 5, 4, 0)
s = 24: (0, 10, 8, 18, 9, 39, 20, 47, 15, 7, 4, 0)
s = 25: (0, 19, 4, 18, 22, 59, 28, 29, 30, 8, 7, 0)
s = 26: (0, 13, 8, 17, 13, 35, 21, 24, 13, 10, 6, 0)
s = 27: (0, 18, 8, 13, 10, 38, 20, 35, 17, 6, 9, 0)
s = 28: (0, 9, 9, 16, 9, 30, 15, 34, 25, 11, 5, 0)
s = 29: (0, 9, 9, 19, 11, 52, 18, 48, 29, 9, 5, 0)
s = 30: (0, 13, 4, 18, 7, 28, 22, 26, 22, 9, 8, 0)
s = 31: (0, 12, 9, 21, 8, 60, 28, 31, 22, 9, 6, 0)
s = 32: (0, 12, 8, 22, 12, 22, 24, 29, 15, 9, 6, 0)
s = 33: (0, 10, 8, 19, 9, 42, 35, 37, 29, 6, 5, 0)
s = 34: (0, 12, 6, 17, 12, 43, 39, 38, 15, 11, 7, 0)
s = 35: (0, 8, 8, 13, 8, 39, 30, 35, 27, 7, 6, 0)
s = 36: (0, 18, 8, 19, 11, 31, 38, 28, 18, 9, 8, 0)
s = 37: (0, 16, 10, 16, 10, 55, 28, 44, 21, 6, 5, 0)
s = 38: (0, 9, 5, 24, 10, 34, 25, 56, 16, 7, 7, 0)
s = 39: (0, 7, 10, 26, 18, 50, 24, 34, 26, 8, 8, 0)
s = 40: (0, 14, 8, 14, 17, 23, 25, 37, 15, 10, 7, 0)
s = 41: (0, 13, 8, 23, 13, 38, 39, 47, 31, 6, 7, 0)
s = 42: (0, 11, 5, 18, 17, 23, 26, 39, 15, 12, 7, 0)
s = 43: (0, 10, 6, 19, 8, 30, 24, 50, 35, 9, 5, 0)
s = 44: (0, 18, 8, 17, 13, 28, 23, 29, 21, 6, 7, 0)
s = 45: (0, 7, 8, 26, 8, 28, 36, 32, 25, 10, 6, 0)
s = 46: (0, 12, 10, 22, 7, 23, 18, 44, 12, 8, 10, 0)
s = 47: (0, 15, 6, 22, 12, 22, 29, 39, 18, 11, 7, 0)
s = 48: (0, 18, 5, 12, 11, 49, 20, 68, 35, 8, 6, 0)
s = 49: (0, 9, 7, 24, 15, 52, 37, 57, 22, 13, 6, 0)
s = 50: (0, 20, 10, 18, 9, 35, 27, 35, 22, 7, 8, 0)
s = 51: (0, 7, 6, 16, 15, 53, 15, 44, 35, 7, 6, 0)
s = 52: (0, 15, 7, 24, 14, 21, 29, 41, 28, 5, 5, 0)
s = 53: (0, 9, 8, 21, 11, 49, 22, 23, 19, 6, 5, 0)
s = 54: (0, 10, 6, 14, 14, 32, 36, 61, 24, 12, 5, 0)
s = 55: (0, 22, 7, 16, 12, 38, 25, 45, 25, 13, 4, 0)
s = 56: (0, 10, 8, 20, 15, 35, 24, 67, 24, 14, 4, 0)
s = 57: (0, 12, 5, 24, 14, 23, 33, 35, 26, 7, 4, 0)
s = 58: (0, 12, 4, 15, 9, 41, 41, 46, 23, 11, 5, 0)
s = 59: (0, 14, 8, 16, 10, 33, 40, 42, 27, 8, 6, 0)
s = 60: (0, 7, 7, 29, 13, 57, 27, 51, 35, 15, 6, 0)
s = 61: (0, 15, 11, 23, 18, 61, 16, 33, 20, 8, 6, 0)
s = 62: (0, 13, 11, 10, 10, 40, 18, 65, 17, 6, 10, 0)
s = 63: (0, 12, 8, 18, 10, 41, 20, 31, 28, 6, 8, 0)
s = 64: (0, 9, 6, 21, 8, 38, 23, 39, 26, 5, 8, 0)
s = 65: (0, 11, 5, 19, 11, 29, 27, 75, 29, 7, 7, 0)
s = 66: (0, 9, 7, 25, 7, 42, 33, 59, 18, 11, 5, 0)
s = 67: (0, 11, 7, 23, 19, 20, 32, 55, 26, 7, 7, 0)
s = 68: (0, 16, 7, 12, 12, 43, 27, 26, 27, 9, 6, 0)
s = 69: (0, 13, 7, 18, 8, 38, 20, 49, 17, 7, 7, 0)
s = 70: (0, 14, 8, 12, 17, 59, 33, 30, 14, 9, 5, 0)
s = 71: (0, 12, 5, 20, 13, 36, 25, 32, 17, 9, 8, 0)
s = 72: (0, 10, 10, 16, 9, 29, 30, 31, 13, 9, 5, 0)
s = 73: (0, 19, 6, 18, 10, 26, 30, 42, 20, 8, 7, 0)
s = 74: (0, 22, 6, 22, 15, 28, 30, 31, 24, 16, 6, 0)
s = 75: (0, 9, 7, 16, 15, 40, 30, 52, 30, 8, 5, 0)
s = 76: (0, 11, 7, 16, 13, 36, 28, 45, 24, 11, 5, 0)
s = 77: (0, 9, 6, 15, 21, 34, 25, 28, 21, 5, 5, 0)
s = 78: (0, 13, 9, 22, 12, 34, 22, 56, 25, 12, 5, 0)
s = 79: (0, 13, 8, 22, 20, 60, 28, 51, 24, 7, 5, 0)
s = 80: (0, 15, 4, 29, 10, 21, 20, 34, 14, 10, 8, 0)
s = 81: (0, 14, 5, 16, 17, 50, 30, 62, 16, 7, 4, 0)
s = 82: (0, 8, 9, 14, 13, 30, 38, 26, 17, 12, 6, 0)
s = 83: (0, 11, 7, 20, 9, 31, 34, 36, 13, 9, 6, 0)
s = 84: (0, 19, 6, 15, 16, 35, 31, 50, 26, 8, 7, 0)
s = 85: (0, 9, 6, 17, 11, 26, 22, 59, 20, 8, 5, 0)
s = 86: (0, 13, 8, 16, 8, 48, 26, 31, 25, 10, 5, 0)
s = 87: (0, 8, 5, 19, 12, 33, 29, 67, 21, 7, 7, 0)
s = 88: (0, 17, 9, 13, 10, 38, 20, 47, 26, 8, 6, 0)
s = 89: (0, 8, 6, 11, 13, 24, 21, 51, 19, 6, 7, 0)
s = 90: (0, 18, 11, 12, 10, 47, 20, 27, 35, 10, 7, 0)
s = 91: (0, 17, 9, 12, 9, 36, 32, 25, 35, 7, 5, 0)
s = 92: (0, 20, 9, 14, 9, 42, 22, 70, 20, 7, 11, 0)
s = 93: (0, 11, 7, 15, 10, 41, 31, 55, 16, 14, 7, 0)
s = 94: (0, 10, 9, 15, 12, 47, 25, 69, 16, 12, 8, 0)
s = 95: (0, 13, 10, 28, 18, 32, 31, 29, 26, 6, 7, 0)
s = 96: (0, 18, 10, 28, 19, 54, 31, 51, 15, 6, 8, 0)
s = 97: (0, 10, 9, 24, 17, 34, 33, 59, 16, 11, 10, 0)
s = 98: (0, 11, 5, 20, 12, 48, 32, 47, 12, 6, 8, 0)
s = 99: (0, 11, 9, 22, 14, 51, 28, 43, 18, 10, 11, 0)
s = 100: (0, 10, 11, 21, 9, 30, 22, 32, 20, 9, 8, 0)
s = 101: (0, 11, 6, 19, 14, 30, 25, 33, 20, 9, 4, 0)
s = 102: (0, 8, 5, 12, 12, 49, 36, 64, 32, 8, 7, 0)
s = 103: (0, 14, 9, 17, 9, 41, 44, 23, 23, 7, 6, 0)
s = 104: (0, 11, 7, 11, 15, 37, 49, 38, 12, 9, 4, 0)
s = 105: (0, 8, 11, 17, 15, 31, 20, 34, 18, 7, 6, 0)
s = 106: (0, 14, 8, 22, 16, 38, 35, 43, 17, 14, 6, 0)
s = 107: (0, 13, 5, 24, 18, 39, 20, 66, 22, 7, 7, 0)
s = 108: (0, 11, 8, 15, 17, 36, 27, 33, 22, 9, 7, 0)
s = 109: (0, 18, 5, 14, 9, 52, 25, 72, 30, 7, 7, 0)
s = 110: (0, 13, 6, 18, 15, 21, 28, 64, 19, 10, 6, 0)
s = 111: (0, 10, 6, 11, 18, 61, 18, 41, 13, 10, 4, 0)
s = 112: (0, 12, 8, 25, 11, 43, 15, 44, 22, 12, 6, 0)
s = 113: (0, 10, 5, 21, 10, 31, 25, 40, 19, 8, 8, 0)
s = 114: (0, 9, 7, 21, 14, 27, 32, 41, 21, 8, 6, 0)
s = 115: (0, 12, 7, 13, 17, 46, 22, 52, 16, 8, 4, 0)
s = 116: (0, 16, 5, 14, 11, 22, 20, 43, 29, 11, 4, 0)
s = 117: (0, 9, 7, 24, 9, 23, 37, 36, 14, 8, 5, 0)
s = 118: (0, 10, 7, 22, 10, 51, 29, 66, 17, 9, 5, 0)
s = 119: (0, 12, 6, 12, 9, 38, 45, 48, 22, 7, 9, 0)
s = 120: (0, 11, 7, 20, 20, 49, 27, 42, 32, 9, 10, 0)
s = 121: (0, 10, 7, 17, 9, 44, 17, 45, 19, 7, 4, 0)
s = 122: (0, 11, 4, 18, 16, 41, 25, 54, 28, 8, 6, 0)
s = 123: (0, 13, 5, 17, 17, 47, 20, 75, 12, 12, 7, 0)
s = 124: (0, 21, 5, 20, 14, 42, 19, 29, 29, 9, 6, 0)
s = 125: (0, 13, 7, 12, 12, 33, 30, 36, 29, 7, 8, 0)
s = 126: (0, 8, 11, 14, 9, 23, 16, 29, 25, 5, 4, 0)
s = 127: (0, 12, 5, 20, 10, 36, 20, 70, 20, 12, 8, 0)
s = 128: (0, 10, 7, 13, 7, 42, 26, 31, 20, 8, 5, 0)
s = 129: (0, 9, 10, 17, 11, 26, 31, 57, 18, 5, 6, 0)
s = 130: (0, 12, 8, 17, 14, 35, 36, 30, 27, 10, 5, 0)
s = 131: (0, 14, 11, 16, 9, 33, 30, 43, 30, 6, 8, 0)
s = 132: (0, 8, 7, 16, 15, 24, 35, 29, 24, 8, 6, 0)
s = 133: (0, 9, 11, 18, 8, 38, 29, 37, 29, 14, 6, 0)
s = 134: (0, 12, 5, 15, 9, 34, 28, 61, 24, 13, 9, 0)
s = 135: (0, 9, 12, 22, 9, 41, 29, 62, 17, 10, 6, 0)
s = 136: (0, 12, 5, 17, 10, 46, 21, 45, 17, 7, 6, 0)
s = 137: (0, 14, 8, 14, 14, 47, 21, 59, 30, 6, 8, 0)
s = 138: (0, 9, 8, 22, 15, 22, 36, 26, 14, 7, 7, 0)
s = 139: (0, 11, 10, 14, 9, 25, 25, 33, 18, 9, 10, 0)
s = 140: (0, 10, 5, 11, 11, 26, 28, 48, 19, 11, 8, 0)
s = 141: (0, 13, 6, 15, 14, 28, 26, 23, 19, 5, 7, 0)
s = 142: (0, 11, 8, 18, 8, 35, 26, 26, 26, 10, 6, 0)
s = 143: (0, 7, 7, 15, 18, 36, 27, 59, 28, 13, 8, 0)
s = 144: (0, 19, 9, 22, 20, 43, 18, 45, 14, 9, 6, 0)
s = 145: (0, 11, 7, 22, 12, 24, 19, 29, 27, 6, 8, 0)
s = 146: (0, 19, 5, 19, 14, 21, 19, 45, 17, 13, 5, 0)
s = 147: (0, 15, 5, 22, 15, 25, 26, 42, 28, 9, 7, 0)
s = 148: (0, 19, 5, 11, 12, 53, 28, 56, 21, 9, 5, 0)
s = 149: (0, 10, 8, 20, 9, 34, 28, 32, 31, 12, 13, 0)
s = 150: (0, 17, 7, 20, 12, 54, 35, 37, 15, 9, 5, 0)
s = 151: (0, 16, 7, 15, 8, 22, 25, 29, 30, 10, 6, 0)
s = 152: (0, 12, 6, 18, 10, 28, 21, 49, 17, 6, 7, 0)
s = 153: (0, 10, 5, 25, 15, 50, 26, 32, 20, 10, 5, 0)
s = 154: (0, 15, 8, 18, 11, 31, 33, 54, 18, 8, 10, 0)
s = 155: (0, 17, 10, 17, 10, 28, 29, 44, 19, 12, 8, 0)
s = 156: (0, 15, 6, 25, 13, 44, 20, 39, 17, 12, 6, 0)
s = 157: (0, 12, 7, 15, 15, 46, 22, 28, 18, 12, 6, 0)
s = 158: (0, 12, 8, 16, 15, 28, 26, 47, 27, 6, 6, 0)
s = 159: (0, 8, 10, 14, 18, 36, 28, 38, 16, 8, 6, 0)
s = 160: (0, 19, 9, 22, 18, 21, 38, 30, 25, 8, 6, 0)
s = 161: (0, 8, 7, 12, 11, 34, 39, 46, 13, 9, 9, 0)
s = 162: (0, 9, 7, 24, 16, 51, 20, 46, 20, 5, 9, 0)
s = 163: (0, 9, 12, 15, 11, 24, 17, 73, 21, 8, 7, 0)
s = 164: (0, 16, 9, 16, 15, 35, 20, 48, 17, 10, 7, 0)
s = 165: (0, 11, 12, 15, 8, 43, 24, 39, 28, 7, 6, 0)
s = 166: (0, 11, 8, 13, 9, 30, 36, 46, 23, 11, 9, 0)
s = 167: (0, 8, 7, 17, 11, 30, 30, 36, 13, 7, 5, 0)
s = 168: (0, 13, 7, 17, 9, 21, 42, 33, 25, 5, 6, 0)
s = 169: (0, 17, 8, 18, 20, 41, 31, 56, 31, 7, 6, 0)
s = 170: (0, 9, 7, 22, 16, 25, 23, 32, 18, 7, 8, 0)
s = 171: (0, 14, 10, 22, 11, 36, 18, 32, 15, 10, 6, 0)
s = 172: (0, 14, 10, 16, 10, 34, 23, 42, 23, 12, 8, 0)
s = 173: (0, 13, 7, 24, 19, 53, 34, 36, 21, 13, 9, 0)
s = 174: (0, 12, 8, 26, 11, 55, 27, 39, 30, 11, 8, 0)
s = 175: (0, 15, 7, 12, 16, 35, 37, 47, 14, 14, 9, 0)
s = 176: (0, 9, 8, 26, 15, 33, 23, 50, 22, 6, 5, 0)
s = 177: (0, 8, 7, 20, 11, 36, 20, 58, 28, 6, 8, 0)
s = 178: (0, 10, 10, 16, 20, 44, 38, 37, 12, 10, 8, 0)
s = 179: (0, 13, 5, 19, 13, 37, 29, 42, 12, 8, 4, 0)
s = 180: (0, 9, 7, 25, 11, 39, 16, 49, 29, 10, 5, 0)
s = 181: (0, 8, 7, 13, 18, 22, 26, 52, 18, 12, 9, 0)
s = 182: (0, 13, 6, 27, 8, 21, 25, 51, 15, 9, 9, 0)
s = 183: (0, 15, 8, 11, 15, 28, 18, 40, 26, 9, 5, 0)
s = 184: (0, 12, 5, 22, 11, 27, 20, 51, 32, 11, 5, 0)
s = 185: (0, 9, 8, 20, 8, 24, 32, 26, 13, 11, 6, 0)
s = 186: (0, 13, 6, 23, 10, 36, 23, 34, 25, 8, 9, 0)
s = 187: (0, 11, 8, 12, 9, 24, 26, 34, 13, 11, 6, 0)
s = 188: (0, 9, 8, 13, 13, 26, 36, 37, 28, 9, 8, 0)
s = 189: (0, 13, 9, 12, 13, 48, 29, 43, 20, 11, 6, 0)
s = 190: (0, 10, 11, 15, 10, 28, 22, 42, 31, 8, 5, 0)
s = 191: (0, 9, 5, 15, 7, 45, 37, 45, 29, 10, 7, 0)
s = 192: (0, 13, 7, 12, 10, 29, 26, 52, 46, 13, 7, 0)
s = 193: (0, 11, 6, 12, 12, 47, 31, 61, 14, 9, 10, 0)
s = 194: (0, 9, 5, 16, 10, 24, 21, 31, 18, 8, 7, 0)
s = 195: (0, 15, 5, 14, 19, 33, 25, 58, 14, 12, 8, 0)
s = 196: (0, 12, 6, 11, 18, 28, 15, 41, 28, 8, 10, 0)
s = 197: (0, 12, 6, 17, 9, 41, 27, 34, 19, 12, 6, 0)
s = 198: (0, 13, 9, 12, 9, 41, 28, 48, 16, 11, 7, 0)
s = 199: (0, 15, 7, 18, 14, 42, 27, 35, 22, 12, 10, 0)
s = 200: (0, 10, 11, 15, 17, 28, 20, 25, 13, 6, 4, 0)
------------------------------------------------------------------------
RESOURCE k = 4
s = 1: (0, 10, 10, 9, 14, 30, 26, 86, 6, 9, 7, 0)
s = 2: (0, 11, 8, 18, 14, 23, 15, 64, 5, 5, 5, 0)
s = 3: (0, 13, 7, 10, 12, 25, 14, 53, 9, 5, 11, 0)
s = 4: (0, 8, 7, 21, 9, 36, 14, 37, 5, 5, 7, 0)
s = 5: (0, 15, 10, 16, 9, 41, 13, 42, 10, 6, 15, 0)
s = 6: (0, 8, 8, 17, 12, 37, 12, 45, 8, 10, 10, 0)
s = 7: (0, 12, 7, 12, 7, 40, 13, 64, 6, 4, 11, 0)
s = 8: (0, 12, 7, 17, 18, 30, 11, 40, 7, 9, 8, 0)
s = 9: (0, 19, 8, 19, 15, 32, 14, 51, 8, 7, 7, 0)
s = 10: (0, 12, 14, 17, 13, 40, 15, 54, 7, 8, 11, 0)
s = 11: (0, 24, 11, 8, 15, 24, 14, 41, 7, 5, 9, 0)
s = 12: (0, 15, 9, 14, 15, 31, 10, 68, 7, 4, 13, 0)
s = 13: (0, 15, 12, 21, 12, 51, 21, 65, 4, 6, 16, 0)
s = 14: (0, 9, 10, 13, 13, 34, 16, 48, 5, 5, 6, 0)
s = 15: (0, 7, 6, 15, 14, 28, 17, 54, 10, 4, 8, 0)
s = 16: (0, 9, 11, 14, 8, 24, 17, 51, 8, 5, 16, 0)
s = 17: (0, 13, 13, 24, 20, 42, 20, 73, 9, 8, 9, 0)
s = 18: (0, 10, 8, 13, 8, 23, 17, 83, 8, 6, 7, 0)
s = 19: (0, 15, 11, 11, 9, 32, 11, 47, 5, 7, 10, 0)
s = 20: (0, 14, 7, 9, 15, 24, 14, 63, 6, 7, 11, 0)
s = 21: (0, 12, 6, 19, 18, 22, 16, 41, 6, 10, 9, 0)
s = 22: (0, 10, 9, 10, 14, 30, 14, 38, 6, 6, 8, 0)
s = 23: (0, 10, 11, 20, 10, 25, 26, 43, 5, 4, 6, 0)
s = 24: (0, 10, 10, 15, 9, 35, 11, 60, 5, 5, 6, 0)
s = 25: (0, 19, 5, 15, 22, 53, 16, 37, 9, 6, 11, 0)
s = 26: (0, 13, 11, 14, 13, 31, 12, 31, 4, 7, 9, 0)
s = 27: (0, 18, 10, 11, 10, 34, 11, 44, 5, 5, 14, 0)
s = 28: (0, 9, 11, 13, 9, 27, 9, 43, 7, 8, 8, 0)
s = 29: (0, 9, 11, 16, 11, 46, 10, 61, 9, 7, 8, 0)
s = 30: (0, 13, 5, 15, 7, 25, 12, 33, 7, 7, 12, 0)
s = 31: (0, 12, 12, 17, 8, 53, 16, 40, 7, 7, 9, 0)
s = 32: (0, 12, 10, 18, 12, 19, 13, 37, 5, 7, 9, 0)
s = 33: (0, 10, 11, 16, 9, 37, 20, 48, 9, 5, 8, 0)
s = 34: (0, 12, 7, 14, 12, 38, 22, 49, 5, 8, 10, 0)
s = 35: (0, 8, 10, 11, 8, 35, 17, 45, 8, 5, 8, 0)
s = 36: (0, 18, 11, 16, 11, 28, 21, 36, 5, 7, 11, 0)
s = 37: (0, 16, 13, 13, 10, 49, 16, 56, 6, 4, 7, 0)
s = 38: (0, 9, 6, 20, 10, 30, 14, 72, 5, 5, 11, 0)
s = 39: (0, 7, 12, 22, 18, 45, 13, 43, 8, 6, 12, 0)
s = 40: (0, 14, 10, 11, 17, 20, 14, 48, 5, 8, 11, 0)
s = 41: (0, 13, 10, 20, 13, 34, 22, 61, 9, 5, 10, 0)
s = 42: (0, 11, 6, 15, 17, 20, 15, 50, 5, 9, 10, 0)
s = 43: (0, 10, 8, 16, 8, 27, 14, 65, 10, 7, 7, 0)
s = 44: (0, 18, 11, 14, 13, 25, 13, 37, 6, 4, 10, 0)
s = 45: (0, 7, 10, 22, 8, 25, 20, 40, 8, 7, 8, 0)
s = 46: (0, 12, 12, 18, 7, 20, 10, 57, 4, 6, 15, 0)
s = 47: (0, 15, 8, 18, 12, 20, 16, 50, 5, 8, 11, 0)
s = 48: (0, 18, 6, 10, 11, 43, 11, 87, 10, 6, 9, 0)
s = 49: (0, 9, 8, 20, 15, 46, 21, 73, 7, 10, 9, 0)
s = 50: (0, 20, 13, 15, 9, 31, 15, 45, 7, 5, 12, 0)
s = 51: (0, 7, 8, 13, 15, 47, 9, 57, 10, 5, 8, 0)
s = 52: (0, 15, 8, 20, 14, 18, 16, 53, 8, 4, 8, 0)
s = 53: (0, 9, 10, 17, 11, 44, 12, 30, 6, 4, 7, 0)
s = 54: (0, 10, 7, 12, 14, 28, 20, 78, 7, 9, 7, 0)
s = 55: (0, 22, 9, 13, 12, 33, 14, 58, 7, 10, 6, 0)
s = 56: (0, 10, 10, 16, 15, 31, 13, 85, 7, 10, 6, 0)
s = 57: (0, 12, 6, 20, 14, 21, 19, 45, 8, 5, 6, 0)
s = 58: (0, 12, 6, 13, 9, 36, 23, 59, 7, 8, 7, 0)
s = 59: (0, 14, 10, 13, 10, 30, 22, 54, 8, 6, 9, 0)
s = 60: (0, 7, 8, 24, 13, 51, 15, 66, 10, 11, 9, 0)
s = 61: (0, 15, 14, 19, 18, 54, 9, 42, 6, 6, 9, 0)
s = 62: (0, 13, 14, 9, 10, 35, 10, 83, 5, 5, 15, 0)
s = 63: (0, 12, 10, 15, 10, 36, 11, 40, 8, 5, 12, 0)
s = 64: (0, 9, 8, 17, 8, 33, 13, 49, 8, 4, 12, 0)
s = 65: (0, 11, 6, 16, 11, 26, 15, 97, 9, 5, 10, 0)
s = 66: (0, 9, 9, 21, 7, 38, 18, 76, 5, 8, 8, 0)
s = 67: (0, 11, 9, 20, 19, 18, 18, 71, 8, 5, 10, 0)
s = 68: (0, 16, 9, 10, 12, 39, 15, 33, 8, 7, 9, 0)
s = 69: (0, 13, 8, 15, 8, 33, 11, 63, 5, 6, 10, 0)
s = 70: (0, 14, 10, 10, 17, 53, 19, 38, 4, 7, 7, 0)
s = 71: (0, 12, 6, 16, 13, 32, 14, 41, 5, 7, 12, 0)
s = 72: (0, 10, 12, 14, 9, 26, 17, 39, 4, 7, 8, 0)
s = 73: (0, 19, 8, 15, 10, 23, 17, 54, 6, 6, 10, 0)
s = 74: (0, 22, 7, 19, 15, 25, 17, 39, 7, 12, 9, 0)
s = 75: (0, 9, 9, 13, 15, 36, 17, 66, 9, 6, 8, 0)
s = 76: (0, 11, 8, 13, 13, 32, 16, 57, 7, 9, 7, 0)
s = 77: (0, 9, 8, 13, 21, 30, 14, 36, 6, 4, 7, 0)
s = 78: (0, 13, 11, 18, 12, 30, 12, 71, 8, 9, 8, 0)
s = 79: (0, 13, 11, 19, 20, 54, 16, 66, 7, 6, 8, 0)
s = 80: (0, 15, 5, 25, 10, 19, 11, 44, 4, 8, 11, 0)
s = 81: (0, 14, 6, 13, 17, 44, 17, 80, 5, 5, 5, 0)
s = 82: (0, 8, 11, 12, 13, 27, 21, 33, 5, 9, 8, 0)
s = 83: (0, 11, 9, 17, 9, 28, 19, 46, 4, 7, 8, 0)
s = 84: (0, 19, 8, 13, 16, 31, 18, 65, 8, 6, 10, 0)
s = 85: (0, 9, 8, 14, 11, 24, 12, 76, 6, 6, 8, 0)
s = 86: (0, 13, 10, 13, 8, 42, 15, 40, 8, 8, 7, 0)
s = 87: (0, 8, 6, 16, 12, 30, 16, 86, 6, 5, 10, 0)
s = 88: (0, 17, 12, 11, 10, 34, 11, 60, 8, 6, 9, 0)
s = 89: (0, 8, 8, 9, 13, 21, 12, 65, 6, 5, 10, 0)
s = 90: (0, 18, 14, 10, 10, 41, 11, 35, 10, 8, 10, 0)
s = 91: (0, 17, 11, 10, 9, 32, 18, 32, 10, 6, 7, 0)
s = 92: (0, 20, 11, 12, 9, 37, 12, 90, 6, 5, 16, 0)
s = 93: (0, 11, 8, 13, 10, 37, 17, 70, 5, 10, 10, 0)
s = 94: (0, 10, 12, 13, 12, 42, 14, 88, 5, 9, 12, 0)
s = 95: (0, 13, 12, 24, 18, 29, 18, 38, 8, 5, 11, 0)
s = 96: (0, 18, 12, 23, 19, 48, 18, 66, 5, 5, 12, 0)
s = 97: (0, 10, 11, 20, 17, 30, 19, 76, 5, 8, 15, 0)
s = 98: (0, 11, 6, 16, 12, 43, 18, 60, 4, 5, 11, 0)
s = 99: (0, 11, 11, 18, 14, 45, 16, 55, 5, 8, 17, 0)
s = 100: (0, 10, 14, 17, 9, 27, 12, 41, 6, 7, 12, 0)
s = 101: (0, 11, 7, 16, 14, 27, 14, 42, 6, 7, 6, 0)
s = 102: (0, 8, 6, 10, 12, 44, 20, 82, 10, 6, 10, 0)
s = 103: (0, 14, 11, 14, 9, 37, 25, 29, 7, 5, 9, 0)
s = 104: (0, 11, 9, 10, 15, 33, 27, 48, 4, 7, 6, 0)
s = 105: (0, 8, 14, 14, 15, 28, 11, 44, 5, 5, 9, 0)
s = 106: (0, 14, 10, 19, 16, 34, 20, 55, 5, 10, 9, 0)
s = 107: (0, 13, 7, 20, 18, 35, 11, 85, 7, 5, 11, 0)
s = 108: (0, 11, 10, 13, 17, 32, 15, 43, 7, 7, 10, 0)
s = 109: (0, 18, 6, 12, 9, 46, 14, 93, 9, 6, 10, 0)
s = 110: (0, 13, 8, 15, 15, 19, 16, 82, 6, 8, 9, 0)
s = 111: (0, 10, 7, 10, 18, 55, 10, 52, 4, 8, 6, 0)
s = 112: (0, 12, 11, 21, 11, 38, 9, 56, 7, 9, 9, 0)
s = 113: (0, 10, 7, 17, 10, 27, 14, 52, 6, 6, 12, 0)
s = 114: (0, 9, 9, 18, 14, 24, 18, 53, 6, 6, 9, 0)
s = 115: (0, 12, 8, 11, 17, 41, 12, 67, 5, 6, 6, 0)
s = 116: (0, 16, 6, 12, 11, 20, 11, 56, 9, 8, 5, 0)
s = 117: (0, 9, 9, 20, 9, 21, 21, 46, 4, 6, 7, 0)
s = 118: (0, 10, 9, 19, 10, 46, 17, 84, 5, 7, 7, 0)
s = 119: (0, 12, 8, 10, 9, 33, 25, 61, 7, 6, 14, 0)
s = 120: (0, 11, 9, 17, 20, 44, 15, 54, 10, 7, 14, 0)
s = 121: (0, 10, 9, 14, 9, 40, 10, 58, 6, 6, 6, 0)
s = 122: (0, 11, 5, 15, 16, 37, 14, 69, 8, 6, 9, 0)
s = 123: (0, 13, 6, 14, 17, 42, 11, 96, 4, 9, 10, 0)
s = 124: (0, 21, 7, 17, 14, 38, 11, 37, 9, 7, 9, 0)
s = 125: (0, 13, 9, 10, 12, 29, 17, 46, 9, 5, 12, 0)
s = 126: (0, 8, 14, 12, 9, 21, 9, 37, 7, 4, 6, 0)
s = 127: (0, 12, 7, 17, 10, 32, 11, 90, 6, 9, 12, 0)
s = 128: (0, 10, 8, 11, 7, 37, 15, 40, 6, 6, 8, 0)
s = 129: (0, 9, 12, 15, 11, 23, 17, 73, 5, 4, 9, 0)
s = 130: (0, 12, 10, 15, 14, 31, 20, 38, 8, 8, 8, 0)
s = 131: (0, 14, 14, 13, 9, 29, 17, 56, 9, 5, 12, 0)
s = 132: (0, 8, 9, 14, 15, 22, 19, 37, 7, 6, 9, 0)
s = 133: (0, 9, 15, 15, 8, 34, 16, 47, 9, 10, 9, 0)
s = 134: (0, 12, 6, 13, 9, 31, 16, 78, 7, 10, 13, 0)
s = 135: (0, 9, 15, 18, 9, 37, 16, 80, 5, 8, 9, 0)
s = 136: (0, 12, 7, 14, 10, 41, 12, 57, 5, 6, 9, 0)
s = 137: (0, 14, 11, 12, 14, 42, 12, 75, 9, 4, 12, 0)
s = 138: (0, 9, 10, 18, 15, 20, 20, 33, 4, 6, 10, 0)
s = 139: (0, 11, 13, 12, 9, 22, 14, 42, 5, 7, 15, 0)
s = 140: (0, 10, 7, 9, 11, 23, 16, 62, 6, 8, 12, 0)
s = 141: (0, 13, 8, 13, 14, 25, 15, 29, 6, 4, 10, 0)
s = 142: (0, 11, 10, 15, 8, 31, 14, 34, 8, 8, 8, 0)
s = 143: (0, 7, 9, 13, 18, 32, 15, 76, 8, 10, 12, 0)
s = 144: (0, 19, 11, 19, 20, 38, 10, 58, 4, 7, 8, 0)
s = 145: (0, 11, 9, 19, 12, 22, 11, 38, 8, 5, 11, 0)
s = 146: (0, 19, 7, 16, 14, 19, 11, 58, 5, 10, 7, 0)
s = 147: (0, 15, 6, 18, 15, 22, 15, 53, 8, 7, 10, 0)
s = 148: (0, 19, 7, 10, 12, 47, 16, 72, 6, 7, 7, 0)
s = 149: (0, 10, 10, 17, 9, 31, 16, 41, 9, 9, 19, 0)
s = 150: (0, 17, 9, 16, 12, 48, 19, 47, 5, 7, 8, 0)
s = 151: (0, 16, 9, 13, 8, 20, 14, 37, 9, 8, 9, 0)
s = 152: (0, 12, 8, 15, 10, 25, 12, 63, 5, 5, 10, 0)
s = 153: (0, 10, 7, 21, 15, 44, 15, 41, 6, 7, 8, 0)
s = 154: (0, 15, 10, 15, 11, 28, 18, 69, 5, 6, 15, 0)
s = 155: (0, 17, 12, 14, 10, 25, 16, 57, 6, 9, 11, 0)
s = 156: (0, 15, 8, 21, 13, 39, 11, 50, 5, 9, 8, 0)
s = 157: (0, 12, 9, 13, 15, 41, 12, 36, 6, 9, 9, 0)
s = 158: (0, 12, 11, 14, 15, 25, 15, 60, 8, 4, 8, 0)
s = 159: (0, 8, 12, 12, 18, 32, 16, 49, 5, 6, 8, 0)
s = 160: (0, 19, 11, 18, 18, 19, 21, 38, 8, 6, 9, 0)
s = 161: (0, 8, 9, 10, 11, 30, 22, 59, 4, 7, 14, 0)
s = 162: (0, 9, 9, 20, 16, 45, 11, 59, 6, 4, 13, 0)
s = 163: (0, 9, 15, 13, 11, 21, 10, 94, 6, 6, 10, 0)
s = 164: (0, 16, 11, 13, 15, 31, 12, 62, 5, 7, 11, 0)
s = 165: (0, 11, 15, 12, 8, 38, 14, 50, 8, 5, 8, 0)
s = 166: (0, 11, 11, 11, 9, 27, 20, 59, 7, 8, 13, 0)
s = 167: (0, 8, 9, 14, 11, 27, 17, 46, 4, 6, 7, 0)
s = 168: (0, 13, 8, 14, 9, 18, 24, 43, 8, 4, 8, 0)
s = 169: (0, 17, 10, 15, 20, 37, 17, 72, 9, 5, 8, 0)
s = 170: (0, 9, 8, 18, 16, 23, 13, 42, 5, 5, 12, 0)
s = 171: (0, 14, 13, 18, 11, 32, 10, 41, 5, 8, 9, 0)
s = 172: (0, 14, 12, 13, 10, 30, 13, 54, 7, 9, 12, 0)
s = 173: (0, 13, 9, 20, 19, 47, 19, 46, 6, 10, 13, 0)
s = 174: (0, 12, 10, 22, 11, 49, 15, 50, 9, 8, 11, 0)
s = 175: (0, 15, 8, 10, 16, 31, 21, 60, 4, 11, 13, 0)
s = 176: (0, 9, 10, 21, 15, 30, 13, 64, 7, 4, 7, 0)
s = 177: (0, 8, 9, 17, 11, 32, 11, 74, 8, 4, 11, 0)
s = 178: (0, 10, 13, 14, 20, 39, 21, 48, 4, 8, 12, 0)
s = 179: (0, 13, 7, 16, 13, 33, 16, 54, 4, 6, 6, 0)
s = 180: (0, 9, 9, 21, 11, 35, 9, 63, 9, 8, 8, 0)
s = 181: (0, 8, 9, 11, 18, 20, 15, 67, 5, 9, 13, 0)
s = 182: (0, 13, 8, 23, 8, 19, 14, 65, 5, 7, 13, 0)
s = 183: (0, 15, 10, 10, 15, 25, 10, 51, 8, 7, 7, 0)
s = 184: (0, 12, 6, 18, 11, 24, 11, 65, 9, 9, 7, 0)
s = 185: (0, 9, 10, 17, 8, 22, 18, 34, 4, 9, 8, 0)
s = 186: (0, 13, 7, 20, 10, 32, 13, 44, 7, 6, 14, 0)
s = 187: (0, 11, 10, 10, 9, 21, 15, 44, 4, 9, 9, 0)
s = 188: (0, 9, 11, 11, 13, 23, 20, 47, 8, 7, 12, 0)
s = 189: (0, 13, 11, 10, 13, 43, 17, 55, 6, 8, 9, 0)
s = 190: (0, 10, 14, 13, 10, 25, 12, 53, 9, 6, 7, 0)
s = 191: (0, 9, 6, 12, 7, 40, 21, 58, 9, 8, 10, 0)
s = 192: (0, 13, 8, 10, 10, 26, 15, 67, 13, 10, 10, 0)
s = 193: (0, 11, 8, 10, 12, 42, 18, 78, 4, 7, 15, 0)
s = 194: (0, 9, 6, 13, 10, 21, 12, 40, 6, 6, 10, 0)
s = 195: (0, 15, 7, 12, 19, 30, 14, 74, 4, 9, 12, 0)
s = 196: (0, 12, 8, 9, 18, 25, 9, 53, 8, 6, 15, 0)
s = 197: (0, 12, 8, 15, 9, 37, 15, 44, 6, 9, 8, 0)
s = 198: (0, 13, 11, 10, 9, 36, 16, 61, 5, 8, 10, 0)
s = 199: (0, 15, 8, 15, 14, 37, 15, 44, 7, 9, 14, 0)
s = 200: (0, 10, 13, 12, 17, 25, 11, 33, 4, 4, 5, 0)
************************************************************************
ES/LS-VALUES:
jobnr.   ES(i)    LS(i)
------------------------------------------------------------------------
  0        0        0
  1        0       44
  2        0       59
  3        0       63
  4        5       68
  5        4       48
  6       10       55
  7       15       61
  8       25       72
  9       25       75
 10       25       76
 11       31       79
************************************************************************
BIG-M-VALUES:
M1 = 80, M2 = 354
************************************************************************
