************************************************************************
file with basedata            : j9041_.bas
initial value random generator: 1841474110
************************************************************************
projects                      :  1
jobs (incl. supersource/sink ):  92
horizon                       :  468
RESOURCES
  - renewable                 :  4   R
  - nonrenewable              :  0   N
  - doubly constrained        :  0   D
************************************************************************
PROJECT INFORMATION:
pronr.  #jobs rel.date duedate tardcost  MPM-Time
    1     90      0       89       18       89
************************************************************************
PRECEDENCE RELATIONS:
jobnr.    #modes  #successors   successors
   0        1          3           1   2   3
   1        1          3           4   7   8
   2        1          3          15  61  65
   3        1          3           5  11  14
   4        1          3           6  12  52
   5        1          3          27  42  43
   6        1          3          10  20  23
   7        1          3           9  57  67
   8        1          3          21  31  35
   9        1          3          40  42  76
  10        1          3          13  17  18
  11        1          3          19  33  38
  12        1          3          22  48  70
  13        1          3          31  39  63
  14        1          2          16  20
  15        1          3          23  25  37
  16        1          3          39  42  47
  17        1          3          24  29  34
  18        1          3          32  34  63
  19        1          2          20  26
  20        1          3          40  46  56
  21        1          3          54  55  84
  22        1          3          30  47  53
  23        1          3          57  60  85
  24        1          2          32  53
  25        1          3          44  56  62
  26        1          1          37
  27        1          3          28  39  41
  28        1          3          49  57  60
  29        1          3          36  38  50
  30        1          2          82  85
  31        1          1          41
  32        1          2          33  44
  33        1          3          37  66  81
  34        1          3          36  58  73
  35        1          3          45  46  51
  36        1          2          45  79
  37        1          1          72
  38        1          3          47  48  66
  39        1          1          70
  40        1          3          41  78  80
  41        1          1          72
  42        1          3          51  62  69
  43        1          3          46  52  68
  44        1          1          68
  45        1          2          55  87
  46        1          3          67  69  75
  47        1          1          60
  48        1          3          61  65  87
  49        1          3          50  58  80
  50        1          1          71
  51        1          1          71
  52        1          3          53  58  78
  53        1          1          56
  54        1          1          70
  55        1          3          59  65  67
  56        1          3          59  75  85
  57        1          2          62  63
  58        1          3          59  61  84
  59        1          1          64
  60        1          2          74  79
  61        1          2          64  81
  62        1          1          66
  63        1          3          64  68  69
  64        1          1          88
  65        1          2          74  81
  66        1          2          71  88
  67        1          2          72  74
  68        1          2          83  90
  69        1          2          73  83
  70        1          2          73  76
  71        1          3          75  77  79
  72        1          1          88
  73        1          1          77
  74        1          2          76  80
  75        1          1          86
  76        1          3          77  78  86
  77        1          1          90
  78        1          1          82
  79        1          1          83
  80        1          1          82
  81        1          1          90
  82        1          1          89
  83        1          1          84
  84        1          1          87
  85        1          1          86
  86        1          1          89
  87        1          1          89
  88        1          1          91
  89        1          1          91
  90        1          1          91
  91        1          0        
************************************************************************
REQUESTS/DURATIONS:
jobnr. mode duration  R 1  R 2  R 3  R 4  E(W 1)
------------------------------------------------------------------------
  0      1     0       0    0    0    0     0
  1      1     4       6    0    7    0    52
  2      1     7       8    2    0    3    91
  3      1     5       0    5    9    0    70
  4      1     5       3    1    8    8    105
  5      1     1       0    0   10    1    12
  6      1     7      10    3    0    0    91
  7      1     9       5    6    0    1    117
  8      1     3       0   10    4    4    54
  9      1     1       2    9    7    8    26
 10      1     8       3   10    4    0    136
 11      1     2       1    0    2    5    18
 12      1     9       3    0    4    0    63
 13      1     8       1    1   10    1    128
 14      1     2       8    0    3    1    26
 15      1     5       0    0    3    6    45
 16      1     5       0    8    4    8    100
 17      1     6       0    6    2    0    48
 18      1     9       4    7    0    0    99
 19      1     8       5    9    2    0    128
 20      1     7       8    2    4    0    98
 21      1     3       2    9    3    5    57
 22      1     9      10    0    3    1    135
 23      1     8       7   10    0    1    152
 24      1     1       4    3    6    8    21
 25      1     7       0    5    7    9    147
 26      1     4       0    8    8    0    64
 27      1     2       0    7    0    3    20
 28      1     6       0    0    0   10    60
 29      1     4       0    6    6    8    80
 30      1     4       7    8    6    2    92
 31      1     9       6    0    5    0    99
 32      1     7       8    7    0   10    175
 33      1     2       0    0   10    6    32
 34      1     7       5    7    2    0    98
 35      1     2       0   10    7    1    38
 36      1     4       2    2    2    6    48
 37      1     3       2    7    0    5    42
 38      1     5       1    2    3    1    45
 39      1     1       3    1    5    7    17
 40      1     2       4    0    1    5    22
 41      1     3       7    9    0    9    75
 42      1     4       7    0    0    7    56
 43      1     3       3    5    9   10    81
 44      1     1       5    2    6    0    13
 45      1     5       0    2    0    3    25
 46      1     9       0    6    8    9    207
 47      1     1       2    2    0    1     6
 48      1     8       0    6    5    7    144
 49      1     9       1    8    0    1    108
 50      1     1       0    7    4    7    18
 51      1    10       2    0    0    7    90
 52      1     6       6    5    6    0    102
 53      1     4       0   10    3    8    84
 54      1     8       0    2    2    4    64
 55      1     1       1    1    1    0     6
 56      1     5       3    0   10    3    80
 57      1    10      10    2    0    7    190
 58      1     1       0    3    9    6    18
 59      1     4       5    8    3    1    72
 60      1     1       6    0    6    3    15
 61      1     8       1    5    2    9    144
 62      1     5       4    4    9    1    95
 63      1     5       7    7    0    6    100
 64      1     6       0    6    3    6    90
 65      1     2       1    2    5    9    36
 66      1    10       4    8    1    3    170
 67      1    10       2    0    7    0    90
 68      1     4       2    5    6    9    88
 69      1     1       7    0   10    6    23
 70      1     4       8    0    4    6    72
 71      1     3       8    0    5    0    39
 72      1    10       7    2    0    0    90
 73      1    10       9    4    0   10    230
 74      1    10       0    2    3    4    90
 75      1     8       1    0    7    3    96
 76      1     1       6    0    7    9    22
 77      1     4       6    0    7    5    72
 78      1     6       0    6    9    4    114
 79      1     2       7    0    9    3    38
 80      1     1       1    6    5    8    21
 81      1     8       4    0    4    5    104
 82      1    10       9    6    3    5    230
 83      1     1       0    5    4    6    15
 84      1     2       4    9    2    7    44
 85      1    10       3    9    8    3    230
 86      1     8       8    4    0    8    160
 87      1     8       6    8    7    0    168
 88      1     7       0    8    9    0    119
 89      1     2       9    1    9    5    50
 90      1     7       7    8    8    9    224
 91      1     0       0    0    0    0     0
************************************************************************
RESOURCEAVAILABILITIES:
  R 1
   71
************************************************************************
RESOURCE LIMITS:
jobnr.  l(R 1)  u(R 1)
------------------------------------------------------------------------
  0        0       0
  1        7      13
  2        7      13
  3        8      14
  4       11      21
  5        6      12
  6        7      13
  7        7      13
  8        9      18
  9       14      26
 10        9      17
 11        5       9
 12        4       7
 13        8      16
 14        7      13
 15        5       9
 16       10      20
 17        4       8
 18        6      11
 19        9      16
 20        7      14
 21       11      19
 22        8      15
 23       10      19
 24       11      21
 25       12      21
 26        8      16
 27        6      10
 28        5      10
 29       10      20
 30       12      23
 31        6      11
 32       13      25
 33        8      16
 34        8      14
 35       10      19
 36        6      12
 37        8      14
 38        5       9
 39       10      17
 40        6      11
 41       14      25
 42        8      14
 43       15      27
 44        7      13
 45        3       5
 46       12      23
 47        3       6
 48       10      18
 49        6      12
 50       10      18
 51        5       9
 52        9      17
 53       11      21
 54        4       8
 55        3       6
 56        9      16
 57       10      19
 58       10      18
 59       10      18
 60        8      15
 61       10      18
 62       10      19
 63       11      20
 64        8      15
 65       10      18
 66        9      17
 67        5       9
 68       12      22
 69       12      23
 70        9      18
 71        7      13
 72        5       9
 73       12      23
 74        5       9
 75        7      12
 76       12      22
 77       10      18
 78       10      19
 79       11      19
 80       11      21
 81        7      13
 82       13      23
 83        8      15
 84       12      22
 85       13      23
 86       10      20
 87       11      21
 88        9      17
 89       14      25
 90       17      32
 91        0       0
************************************************************************
SCENARIOS:
------------------------------------------------------------------------
RESOURCE k = 1
s = 1: (0, 43, 89, 109, 103, 13, 67, 110, 47, 27, 143, 15, 58, 86, 31, 64, 120, 62, 70, 210, 94, 37, 141, 133, 26, 161, 60, 15, 60, 72, 65, 133, 210, 23, 109, 25, 56, 49, 59, 21, 21, 64, 47, 66, 21, 23, 210, 4, 199, 129, 27, 72, 91, 134, 67, 6, 75, 191, 27, 61, 14, 120, 101, 77, 92, 31, 114, 113, 149, 26, 71, 35, 79, 307, 73, 85, 21, 45, 175, 55, 24, 62, 332, 25, 42, 214, 142, 98, 123, 36, 318, 0)
s = 2: (0, 58, 55, 93, 165, 15, 51, 87, 39, 32, 120, 10, 50, 128, 36, 67, 69, 46, 138, 129, 118, 44, 72, 126, 29, 184, 43, 20, 43, 89, 79, 92, 176, 25, 71, 39, 40, 55, 46, 14, 42, 58, 47, 105, 15, 26, 214, 5, 179, 93, 20, 64, 66, 66, 60, 7, 112, 178, 20, 66, 15, 113, 128, 70, 138, 57, 148, 73, 106, 27, 61, 27, 133, 245, 145, 89, 24, 53, 98, 27, 26, 123, 233, 17, 44, 307, 97, 152, 189, 37, 162, 0)
s = 3: (0, 40, 132, 75, 92, 11, 63, 104, 45, 21, 101, 15, 56, 158, 25, 25, 80, 63, 145, 94, 110, 49, 85, 120, 32, 158, 53, 21, 70, 121, 77, 98, 178, 24, 125, 44, 65, 73, 36, 17, 28, 55, 63, 69, 14, 21, 124, 7, 205, 125, 15, 92, 107, 105, 55, 9, 88, 179, 26, 100, 13, 155, 140, 63, 80, 58, 262, 73, 73, 15, 69, 32, 74, 199, 102, 69, 26, 59, 145, 49, 26, 89, 204, 13, 34, 261, 155, 127, 154, 53, 378, 0)
s = 4: (0, 48, 101, 107, 78, 10, 117, 153, 46, 22, 139, 12, 77, 69, 16, 72, 69, 55, 87, 157, 68, 77, 116, 206, 27, 112, 74, 18, 42, 88, 97, 111, 169, 37, 98, 49, 42, 27, 27, 12, 22, 49, 45, 86, 18, 15, 229, 7, 99, 107, 11, 88, 86, 67, 34, 8, 71, 116, 27, 46, 9, 114, 83, 130, 118, 37, 172, 79, 65, 26, 75, 61, 77, 400, 89, 61, 27, 79, 91, 38, 22, 107, 300, 16, 46, 268, 199, 116, 118, 86, 153, 0)
s = 5: (0, 46, 100, 79, 84, 15, 118, 154, 54, 38, 129, 26, 59, 156, 28, 30, 116, 46, 113, 132, 94, 55, 119, 121, 25, 87, 59, 27, 45, 77, 61, 88, 141, 37, 126, 30, 39, 25, 32, 18, 28, 57, 56, 124, 15, 23, 228, 4, 166, 110, 17, 79, 83, 54, 46, 9, 111, 190, 12, 60, 18, 223, 159, 58, 64, 51, 302, 95, 103, 18, 101, 30, 89, 284, 109, 84, 21, 50, 185, 42, 22, 140, 249, 23, 63, 179, 94, 126, 128, 50, 201, 0)
s = 6: (0, 53, 136, 114, 171, 7, 173, 98, 83, 20, 91, 13, 66, 146, 32, 54, 116, 45, 102, 128, 75, 42, 140, 126, 38, 156, 57, 37, 40, 137, 109, 104, 172, 28, 126, 31, 60, 43, 53, 25, 25, 57, 65, 69, 15, 30, 283, 5, 191, 95, 23, 57, 71, 83, 49, 5, 44, 198, 19, 120, 15, 124, 53, 88, 74, 34, 235, 58, 83, 20, 74, 47, 85, 223, 92, 68, 14, 67, 101, 48, 18, 137, 211, 11, 44, 272, 187, 141, 142, 75, 267, 0)
s = 7: (0, 71, 129, 51, 77, 18, 122, 113, 36, 24, 129, 22, 37, 102, 33, 31, 106, 37, 110, 137, 79, 31, 138, 106, 17, 170, 63, 24, 43, 130, 93, 96, 185, 19, 101, 52, 36, 43, 40, 23, 23, 88, 66, 77, 9, 23, 319, 8, 169, 138, 23, 84, 126, 118, 92, 8, 86, 242, 15, 97, 10, 108, 111, 130, 86, 51, 195, 80, 81, 22, 98, 24, 80, 217, 72, 131, 27, 56, 159, 44, 17, 67, 141, 13, 55, 190, 129, 116, 145, 65, 237, 0)
s = 8: (0, 71, 105, 52, 84, 15, 74, 98, 55, 30, 165, 15, 79, 135, 22, 71, 109, 40, 94, 98, 75, 44, 215, 108, 26, 101, 71, 22, 60, 129, 113, 113, 94, 27, 61, 52, 30, 38, 29, 25, 28, 79, 60, 63, 11, 24, 183, 6, 104, 108, 17, 62, 87, 123, 61, 8, 63, 151, 10, 60, 16, 231, 92, 107, 89, 35, 98, 160, 112, 21, 71, 28, 66, 156, 125, 92, 27, 67, 91, 45, 19, 100, 144, 13, 29, 250, 200, 132, 136, 38, 141, 0)
s = 9: (0, 54, 94, 87, 102, 16, 124, 152, 58, 15, 117, 24, 55, 97, 25, 46, 100, 55, 112, 115, 103, 63, 127, 111, 16, 160, 79, 24, 60, 119, 82, 116, 140, 23, 135, 32, 32, 43, 37, 16, 14, 52, 80, 85, 12, 35, 154, 7, 169, 121, 18, 106, 78, 75, 101, 6, 89, 187, 18, 51, 28, 89, 138, 111, 103, 24, 169, 80, 73, 28, 66, 40, 74, 285, 105, 89, 33, 72, 67, 37, 32, 96, 343, 16, 51, 204, 192, 140, 145, 59, 298, 0)
s = 10: (0, 38, 75, 67, 101, 9, 147, 124, 44, 21, 106, 26, 59, 190, 29, 40, 100, 54, 89, 80, 101, 46, 162, 200, 18, 168, 53, 22, 45, 147, 115, 90, 210, 35, 93, 45, 36, 38, 37, 20, 30, 111, 34, 55, 15, 40, 106, 5, 123, 115, 21, 112, 68, 74, 64, 5, 119, 117, 17, 74, 13, 139, 130, 100, 56, 38, 149, 85, 108, 26, 94, 31, 98, 292, 70, 104, 27, 66, 71, 48, 16, 112, 286, 9, 25, 196, 278, 122, 105, 43, 175, 0)
s = 11: (0, 53, 76, 103, 82, 15, 56, 161, 42, 20, 98, 16, 81, 173, 17, 28, 84, 45, 85, 73, 86, 45, 138, 257, 22, 218, 73, 14, 40, 98, 135, 97, 115, 31, 84, 43, 31, 54, 39, 10, 12, 52, 51, 115, 11, 21, 158, 8, 86, 120, 14, 85, 77, 77, 58, 5, 58, 241, 14, 78, 11, 82, 83, 73, 96, 25, 162, 58, 84, 20, 111, 29, 95, 274, 96, 121, 21, 74, 68, 29, 18, 84, 223, 17, 63, 222, 157, 113, 86, 56, 157, 0)
s = 12: (0, 51, 75, 77, 97, 11, 103, 96, 43, 22, 101, 15, 93, 164, 38, 34, 154, 39, 116, 103, 63, 47, 148, 105, 24, 113, 40, 19, 60, 54, 73, 126, 247, 26, 83, 48, 47, 71, 27, 11, 27, 101, 73, 93, 12, 26, 184, 4, 181, 70, 12, 57, 140, 132, 72, 4, 79, 217, 24, 44, 20, 116, 70, 78, 82, 22, 139, 111, 85, 29, 78, 30, 68, 211, 95, 122, 29, 54, 109, 39, 16, 152, 336, 13, 64, 302, 218, 170, 88, 63, 124, 0)
s = 13: (0, 61, 85, 121, 191, 14, 62, 144, 75, 39, 155, 16, 57, 162, 18, 26, 134, 42, 59, 144, 75, 35, 105, 163, 20, 157, 53, 18, 48, 63, 92, 98, 156, 53, 113, 53, 34, 45, 63, 20, 21, 56, 60, 100, 9, 33, 162, 5, 209, 105, 23, 55, 96, 76, 67, 7, 79, 142, 20, 65, 11, 182, 106, 151, 117, 41, 248, 53, 104, 30, 69, 49, 71, 207, 75, 93, 24, 49, 88, 58, 36, 104, 181, 10, 41, 197, 97, 189, 163, 31, 209, 0)
s = 14: (0, 57, 140, 100, 148, 12, 114, 127, 46, 20, 81, 30, 62, 77, 20, 42, 64, 49, 84, 125, 101, 63, 182, 115, 19, 130, 88, 24, 45, 90, 105, 81, 127, 37, 93, 41, 63, 46, 50, 21, 19, 81, 89, 89, 9, 27, 264, 6, 122, 87, 19, 87, 93, 70, 64, 9, 86, 236, 25, 58, 22, 129, 84, 126, 154, 57, 224, 86, 106, 29, 71, 33, 97, 214, 94, 93, 35, 51, 138, 54, 19, 129, 333, 9, 52, 159, 237, 227, 92, 49, 164, 0)
s = 15: (0, 47, 53, 47, 97, 14, 51, 89, 29, 31, 151, 22, 58, 121, 21, 73, 67, 72, 80, 161, 76, 85, 141, 189, 20, 130, 85, 26, 42, 64, 110, 88, 112, 25, 121, 28, 46, 49, 27, 17, 19, 114, 44, 67, 13, 24, 294, 9, 163, 134, 21, 169, 66, 117, 71, 7, 77, 236, 20, 68, 12, 262, 76, 97, 104, 42, 122, 79, 58, 16, 89, 30, 82, 245, 93, 136, 26, 73, 88, 34, 22, 101, 196, 15, 53, 283, 182, 210, 81, 30, 175, 0)
s = 16: (0, 44, 68, 55, 75, 12, 102, 78, 72, 29, 93, 15, 48, 118, 20, 67, 108, 37, 121, 139, 160, 52, 139, 145, 26, 157, 68, 12, 48, 117, 79, 86, 190, 51, 121, 49, 46, 44, 51, 14, 19, 69, 51, 89, 20, 20, 189, 5, 178, 83, 19, 71, 79, 112, 54, 6, 107, 203, 17, 42, 13, 156, 69, 143, 63, 37, 225, 54, 95, 22, 42, 44, 75, 199, 58, 146, 13, 88, 183, 26, 20, 111, 318, 12, 41, 213, 170, 203, 104, 44, 191, 0)
s = 17: (0, 41, 94, 99, 116, 13, 72, 148, 73, 29, 202, 10, 77, 140, 36, 41, 61, 51, 103, 193, 88, 66, 102, 198, 19, 109, 66, 20, 46, 102, 71, 119, 164, 29, 78, 57, 39, 67, 33, 20, 17, 56, 49, 120, 15, 17, 120, 5, 159, 78, 16, 90, 68, 48, 118, 6, 92, 120, 25, 72, 9, 97, 77, 121, 116, 33, 214, 67, 81, 23, 39, 43, 75, 182, 104, 124, 25, 118, 208, 51, 12, 127, 273, 9, 47, 243, 108, 115, 84, 33, 197, 0)
s = 18: (0, 46, 106, 53, 141, 19, 116, 130, 56, 35, 206, 25, 63, 145, 34, 57, 108, 39, 86, 155, 91, 31, 93, 218, 26, 111, 58, 14, 61, 132, 108, 158, 157, 37, 145, 52, 40, 34, 66, 18, 37, 77, 47, 89, 17, 31, 194, 7, 131, 113, 12, 110, 110, 146, 93, 7, 136, 242, 16, 55, 13, 164, 83, 74, 92, 37, 228, 91, 56, 21, 77, 28, 60, 309, 119, 102, 16, 89, 164, 32, 26, 89, 144, 15, 66, 302, 185, 190, 68, 54, 304, 0)
s = 19: (0, 45, 141, 56, 114, 9, 68, 91, 65, 44, 122, 27, 47, 104, 30, 50, 103, 62, 102, 149, 96, 46, 96, 142, 12, 118, 60, 13, 43, 54, 71, 67, 176, 22, 88, 29, 42, 26, 66, 20, 30, 46, 65, 43, 18, 22, 260, 7, 218, 79, 16, 89, 88, 86, 47, 5, 97, 309, 15, 93, 16, 132, 173, 72, 99, 36, 219, 66, 101, 21, 55, 34, 77, 248, 91, 92, 28, 64, 74, 47, 14, 109, 241, 11, 66, 263, 193, 159, 102, 39, 197, 0)
s = 20: (0, 34, 62, 68, 59, 14, 107, 65, 69, 18, 159, 18, 94, 92, 24, 52, 72, 46, 86, 92, 116, 70, 94, 118, 13, 104, 80, 21, 61, 100, 51, 75, 130, 24, 88, 46, 60, 49, 62, 15, 24, 48, 56, 65, 10, 37, 176, 6, 159, 86, 15, 80, 139, 97, 58, 6, 51, 176, 12, 52, 18, 153, 89, 83, 48, 30, 147, 89, 93, 21, 90, 53, 101, 274, 102, 84, 27, 55, 72, 36, 22, 66, 155, 22, 32, 204, 138, 216, 78, 52, 262, 0)
s = 21: (0, 37, 80, 78, 75, 9, 132, 180, 46, 18, 81, 20, 66, 195, 40, 47, 66, 33, 79, 67, 76, 56, 122, 122, 14, 155, 106, 26, 66, 98, 86, 104, 122, 21, 91, 43, 58, 34, 34, 12, 14, 50, 47, 77, 11, 22, 232, 5, 122, 98, 13, 92, 103, 101, 108, 5, 58, 275, 19, 84, 26, 92, 134, 96, 152, 35, 143, 64, 64, 27, 57, 35, 102, 248, 113, 165, 25, 52, 112, 35, 22, 120, 232, 16, 31, 247, 146, 182, 87, 31, 199, 0)
s = 22: (0, 35, 91, 99, 191, 11, 133, 204, 76, 20, 84, 12, 53, 106, 27, 47, 144, 32, 104, 151, 131, 63, 73, 200, 19, 158, 67, 26, 76, 51, 96, 88, 203, 32, 94, 46, 51, 41, 63, 17, 19, 103, 45, 80, 17, 38, 130, 8, 179, 125, 13, 58, 118, 76, 53, 8, 73, 102, 16, 73, 22, 81, 70, 146, 78, 43, 150, 85, 101, 28, 59, 43, 53, 145, 66, 58, 19, 44, 148, 32, 17, 79, 194, 11, 59, 136, 224, 124, 115, 66, 120, 0)
s = 23: (0, 50, 77, 42, 122, 8, 89, 90, 58, 24, 135, 20, 57, 132, 17, 44, 86, 70, 130, 124, 73, 54, 196, 235, 21, 210, 52, 17, 79, 93, 58, 153, 157, 35, 87, 45, 55, 51, 48, 13, 16, 81, 86, 92, 13, 22, 163, 9, 120, 109, 18, 46, 90, 99, 75, 4, 60, 160, 16, 90, 11, 148, 126, 84, 101, 26, 201, 92, 99, 33, 67, 35, 64, 246, 82, 153, 21, 48, 136, 60, 24, 89, 243, 10, 38, 230, 228, 160, 80, 63, 215, 0)
s = 24: (0, 74, 86, 48, 75, 11, 94, 132, 47, 31, 145, 12, 88, 122, 30, 47, 159, 65, 104, 128, 84, 37, 84, 206, 24, 88, 70, 25, 64, 57, 171, 101, 192, 23, 124, 23, 33, 66, 51, 12, 19, 74, 50, 49, 16, 14, 149, 7, 200, 104, 14, 59, 121, 96, 49, 4, 110, 121, 26, 66, 9, 183, 81, 99, 67, 37, 163, 82, 53, 22, 51, 44, 87, 172, 60, 148, 25, 120, 98, 42, 17, 154, 204, 13, 59, 153, 143, 158, 120, 56, 198, 0)
s = 25: (0, 73, 92, 58, 97, 8, 120, 82, 88, 29, 122, 14, 55, 140, 21, 83, 82, 33, 98, 109, 99, 64, 104, 160, 18, 221, 53, 18, 57, 69, 57, 88, 169, 29, 120, 27, 47, 49, 44, 20, 16, 74, 45, 84, 14, 26, 171, 5, 132, 161, 24, 78, 132, 84, 74, 6, 67, 157, 15, 54, 24, 120, 74, 85, 105, 25, 154, 122, 79, 37, 80, 44, 58, 240, 87, 59, 29, 69, 112, 29, 20, 153, 217, 19, 66, 383, 106, 154, 86, 50, 313, 0)
s = 26: (0, 45, 168, 78, 69, 10, 94, 162, 76, 20, 189, 15, 61, 149, 26, 28, 99, 52, 100, 170, 79, 99, 132, 95, 22, 120, 90, 21, 79, 83, 146, 82, 264, 28, 149, 65, 27, 34, 33, 15, 26, 69, 67, 99, 14, 31, 239, 5, 207, 70, 10, 92, 91, 56, 57, 4, 94, 140, 15, 46, 9, 115, 130, 55, 53, 41, 231, 88, 80, 20, 76, 36, 70, 157, 116, 69, 31, 50, 117, 26, 32, 97, 258, 21, 43, 333, 212, 204, 88, 86, 150, 0)
s = 27: (0, 46, 80, 53, 100, 17, 97, 77, 49, 14, 79, 21, 43, 194, 22, 34, 98, 49, 86, 171, 66, 37, 114, 81, 15, 227, 83, 20, 72, 73, 77, 88, 121, 34, 71, 53, 43, 29, 37, 16, 20, 127, 55, 69, 16, 26, 136, 7, 164, 95, 14, 86, 100, 81, 67, 6, 86, 232, 32, 85, 15, 141, 81, 146, 81, 22, 183, 57, 98, 33, 52, 37, 81, 220, 107, 64, 17, 88, 73, 33, 23, 70, 197, 18, 34, 281, 163, 136, 187, 37, 322, 0)
s = 28: (0, 48, 85, 41, 92, 11, 57, 96, 34, 21, 149, 14, 85, 98, 27, 64, 126, 60, 86, 126, 87, 51, 233, 203, 22, 108, 58, 14, 57, 83, 57, 70, 179, 22, 99, 30, 38, 24, 36, 24, 23, 54, 60, 68, 12, 38, 235, 8, 117, 72, 14, 76, 69, 67, 45, 5, 89, 248, 26, 61, 12, 166, 91, 76, 74, 26, 216, 84, 118, 19, 73, 59, 77, 377, 107, 155, 16, 103, 85, 34, 21, 83, 259, 11, 30, 244, 162, 174, 170, 58, 249, 0)
s = 29: (0, 43, 63, 59, 146, 13, 110, 146, 43, 22, 179, 13, 72, 112, 18, 50, 63, 36, 90, 96, 101, 47, 152, 117, 12, 141, 53, 21, 75, 96, 89, 69, 124, 32, 119, 39, 47, 30, 66, 25, 27, 76, 41, 107, 24, 18, 216, 4, 225, 101, 17, 76, 93, 71, 61, 5, 92, 184, 18, 46, 27, 178, 98, 122, 93, 45, 275, 80, 59, 22, 63, 29, 72, 308, 70, 124, 38, 124, 98, 36, 30, 79, 332, 15, 41, 213, 91, 135, 139, 42, 238, 0)
s = 30: (0, 42, 77, 110, 127, 9, 81, 96, 46, 21, 72, 19, 58, 126, 30, 44, 66, 57, 182, 88, 63, 41, 198, 92, 20, 115, 100, 20, 70, 93, 51, 84, 137, 44, 118, 40, 46, 44, 32, 20, 14, 64, 57, 59, 12, 18, 286, 5, 86, 97, 18, 82, 136, 84, 61, 5, 64, 240, 22, 72, 23, 117, 88, 112, 118, 55, 257, 64, 106, 28, 61, 42, 71, 300, 102, 50, 25, 101, 144, 38, 24, 128, 321, 12, 63, 133, 92, 157, 122, 52, 174, 0)
s = 31: (0, 37, 53, 66, 157, 10, 152, 72, 44, 23, 98, 11, 43, 115, 24, 30, 89, 46, 115, 116, 91, 38, 72, 142, 21, 159, 40, 23, 49, 74, 139, 66, 196, 26, 86, 45, 48, 32, 84, 13, 32, 59, 88, 98, 10, 24, 157, 6, 114, 66, 17, 112, 83, 81, 69, 6, 77, 184, 32, 52, 18, 153, 101, 118, 67, 37, 159, 100, 85, 18, 60, 52, 55, 193, 165, 128, 12, 88, 90, 33, 24, 71, 183, 14, 45, 180, 101, 156, 179, 43, 191, 0)
s = 32: (0, 57, 94, 59, 138, 15, 48, 106, 44, 20, 158, 14, 37, 78, 33, 69, 135, 42, 108, 91, 66, 35, 202, 115, 31, 141, 45, 16, 107, 65, 135, 76, 133, 26, 132, 28, 41, 31, 66, 13, 25, 60, 59, 67, 18, 21, 134, 7, 126, 86, 19, 81, 144, 71, 73, 7, 89, 176, 12, 47, 16, 117, 113, 164, 69, 24, 264, 93, 108, 19, 109, 35, 74, 216, 83, 62, 26, 45, 65, 30, 16, 147, 340, 15, 38, 246, 114, 138, 116, 42, 290, 0)
s = 33: (0, 42, 106, 61, 62, 10, 57, 128, 64, 24, 103, 25, 53, 81, 25, 53, 83, 76, 118, 109, 91, 34, 89, 223, 17, 183, 61, 31, 96, 97, 105, 112, 209, 17, 154, 39, 33, 57, 38, 18, 18, 48, 95, 107, 11, 27, 281, 7, 152, 116, 13, 83, 63, 55, 90, 5, 73, 210, 22, 84, 21, 203, 84, 83, 68, 38, 208, 100, 86, 16, 88, 25, 116, 294, 107, 81, 27, 51, 112, 32, 28, 116, 195, 14, 46, 195, 139, 149, 166, 49, 290, 0)
s = 34: (0, 58, 69, 49, 99, 11, 58, 69, 74, 31, 102, 15, 65, 151, 19, 37, 80, 60, 78, 158, 167, 86, 140, 103, 21, 151, 38, 13, 37, 62, 79, 101, 93, 23, 64, 36, 52, 25, 40, 19, 18, 80, 34, 98, 11, 33, 117, 7, 217, 99, 26, 130, 109, 84, 78, 7, 63, 132, 14, 85, 21, 136, 63, 80, 92, 45, 261, 105, 120, 17, 55, 40, 57, 267, 82, 90, 19, 99, 88, 47, 13, 90, 136, 24, 36, 263, 141, 123, 142, 64, 262, 0)
s = 35: (0, 57, 76, 52, 75, 13, 84, 158, 54, 37, 174, 20, 83, 83, 18, 78, 126, 37, 140, 110, 80, 35, 89, 179, 12, 90, 42, 22, 56, 72, 95, 102, 175, 26, 87, 26, 45, 36, 33, 12, 23, 93, 44, 100, 12, 29, 188, 7, 163, 122, 11, 74, 122, 126, 39, 7, 73, 233, 16, 75, 20, 196, 103, 121, 141, 45, 187, 111, 82, 20, 85, 27, 68, 220, 130, 119, 28, 56, 197, 74, 22, 105, 299, 11, 27, 191, 165, 147, 128, 31, 259, 0)
s = 36: (0, 49, 87, 97, 101, 8, 116, 132, 35, 30, 124, 21, 64, 145, 17, 39, 76, 67, 79, 126, 101, 68, 112, 158, 18, 105, 64, 15, 53, 63, 155, 92, 96, 30, 128, 23, 38, 34, 56, 20, 18, 46, 56, 76, 17, 22, 238, 6, 123, 102, 16, 94, 94, 65, 78, 4, 85, 172, 18, 62, 17, 179, 81, 104, 90, 48, 128, 55, 72, 24, 61, 61, 52, 218, 70, 120, 22, 84, 112, 52, 16, 89, 214, 19, 34, 159, 99, 173, 115, 70, 247, 0)
s = 37: (0, 47, 91, 50, 98, 11, 94, 171, 52, 28, 72, 20, 45, 119, 18, 51, 70, 63, 115, 82, 79, 65, 90, 152, 17, 174, 44, 20, 36, 64, 63, 99, 160, 21, 84, 37, 37, 53, 67, 15, 20, 52, 59, 81, 17, 25, 205, 8, 170, 117, 21, 76, 67, 106, 59, 5, 60, 215, 19, 98, 12, 147, 73, 114, 95, 54, 229, 113, 118, 17, 50, 28, 55, 175, 106, 132, 15, 69, 86, 42, 24, 81, 208, 10, 67, 196, 156, 181, 83, 63, 163, 0)
s = 38: (0, 37, 76, 68, 88, 11, 127, 107, 44, 18, 179, 14, 101, 118, 17, 35, 89, 46, 88, 140, 79, 60, 107, 109, 15, 228, 61, 25, 48, 82, 107, 136, 184, 28, 83, 53, 67, 36, 50, 16, 26, 77, 38, 87, 12, 36, 146, 6, 92, 174, 11, 144, 95, 91, 77, 6, 49, 244, 18, 138, 16, 90, 120, 99, 106, 56, 169, 59, 57, 24, 84, 38, 107, 243, 112, 77, 34, 74, 198, 22, 26, 113, 225, 13, 36, 314, 124, 105, 127, 55, 227, 0)
s = 39: (0, 40, 123, 85, 136, 14, 68, 112, 48, 31, 97, 18, 101, 224, 28, 51, 137, 37, 100, 94, 82, 35, 180, 107, 32, 196, 51, 23, 50, 75, 110, 132, 246, 30, 74, 50, 31, 24, 73, 22, 28, 101, 57, 103, 17, 33, 235, 7, 240, 65, 14, 71, 71, 90, 58, 8, 93, 252, 26, 76, 11, 89, 160, 109, 76, 32, 232, 75, 121, 33, 126, 46, 59, 158, 65, 132, 34, 69, 79, 28, 21, 117, 245, 16, 26, 300, 164, 114, 94, 65, 187, 0)
s = 40: (0, 53, 105, 110, 129, 18, 115, 146, 45, 33, 156, 20, 82, 136, 23, 52, 94, 34, 76, 139, 67, 38, 113, 200, 32, 82, 48, 17, 58, 84, 89, 92, 193, 40, 73, 26, 46, 31, 69, 20, 15, 75, 41, 78, 14, 23, 286, 4, 119, 141, 20, 133, 102, 88, 46, 6, 72, 215, 11, 66, 21, 101, 108, 108, 72, 29, 175, 70, 72, 23, 114, 45, 169, 265, 120, 73, 32, 77, 119, 24, 31, 143, 238, 18, 42, 259, 204, 121, 105, 54, 234, 0)
s = 41: (0, 39, 76, 55, 98, 7, 81, 136, 76, 33, 147, 14, 88, 122, 21, 42, 97, 61, 95, 140, 58, 61, 110, 272, 33, 133, 107, 15, 68, 80, 58, 121, 172, 34, 115, 36, 40, 41, 35, 10, 21, 55, 71, 102, 10, 22, 170, 5, 145, 89, 24, 74, 95, 81, 73, 9, 147, 210, 11, 82, 11, 180, 117, 103, 70, 53, 100, 62, 57, 24, 94, 27, 93, 162, 73, 91, 34, 72, 76, 26, 28, 134, 181, 17, 42, 252, 176, 107, 71, 61, 252, 0)
s = 42: (0, 34, 113, 44, 82, 13, 77, 122, 34, 25, 150, 15, 79, 127, 21, 40, 90, 57, 118, 109, 105, 36, 189, 157, 31, 129, 53, 17, 46, 96, 135, 119, 119, 51, 87, 42, 45, 34, 61, 24, 16, 66, 54, 79, 14, 21, 109, 6, 94, 89, 15, 63, 71, 82, 73, 10, 80, 141, 14, 56, 18, 142, 73, 132, 65, 39, 117, 108, 68, 24, 71, 34, 61, 243, 65, 66, 34, 70, 93, 31, 16, 141, 183, 19, 41, 262, 220, 184, 137, 70, 267, 0)
s = 43: (0, 34, 109, 93, 125, 7, 99, 78, 62, 37, 145, 13, 52, 149, 30, 41, 117, 59, 89, 206, 94, 58, 94, 187, 19, 139, 65, 21, 66, 76, 94, 115, 126, 20, 81, 26, 57, 37, 37, 11, 31, 105, 49, 66, 15, 34, 181, 6, 206, 138, 18, 77, 72, 112, 57, 6, 57, 201, 19, 64, 13, 148, 105, 152, 88, 41, 126, 79, 85, 26, 113, 23, 105, 234, 72, 102, 39, 64, 112, 44, 23, 87, 283, 17, 48, 130, 112, 198, 84, 45, 223, 0)
s = 44: (0, 67, 65, 71, 71, 12, 140, 133, 35, 25, 92, 12, 54, 112, 16, 38, 53, 60, 62, 85, 61, 45, 136, 143, 24, 217, 74, 19, 65, 64, 75, 146, 166, 21, 84, 48, 51, 39, 31, 17, 15, 128, 61, 77, 13, 28, 203, 5, 109, 96, 11, 75, 114, 108, 42, 6, 95, 165, 18, 66, 21, 162, 119, 96, 104, 34, 205, 79, 47, 40, 87, 24, 83, 176, 79, 65, 22, 115, 149, 33, 26, 125, 160, 13, 67, 191, 143, 185, 136, 53, 193, 0)
s = 45: (0, 72, 69, 78, 119, 16, 130, 107, 50, 28, 144, 20, 40, 137, 25, 43, 69, 55, 124, 143, 117, 84, 225, 223, 28, 201, 94, 21, 68, 67, 107, 62, 201, 36, 106, 25, 54, 48, 71, 12, 13, 72, 36, 93, 18, 31, 134, 7, 162, 65, 11, 142, 79, 51, 116, 5, 51, 183, 17, 100, 18, 123, 78, 86, 71, 28, 120, 76, 103, 17, 61, 33, 89, 203, 109, 162, 20, 51, 101, 58, 27, 71, 290, 15, 39, 278, 194, 161, 85, 80, 171, 0)
s = 46: (0, 78, 105, 97, 82, 12, 65, 83, 33, 25, 87, 14, 69, 93, 31, 49, 85, 29, 107, 114, 129, 59, 181, 182, 28, 194, 78, 21, 65, 58, 72, 137, 111, 27, 60, 57, 78, 42, 42, 21, 14, 79, 34, 100, 23, 20, 114, 7, 138, 131, 27, 70, 134, 112, 58, 5, 64, 169, 19, 116, 26, 133, 79, 135, 68, 38, 143, 72, 91, 24, 54, 30, 76, 271, 110, 79, 34, 110, 112, 50, 22, 68, 192, 13, 53, 244, 144, 250, 98, 54, 130, 0)
s = 47: (0, 42, 83, 42, 184, 14, 99, 124, 65, 35, 129, 15, 82, 81, 26, 48, 89, 34, 85, 155, 55, 44, 111, 100, 24, 131, 75, 22, 35, 93, 82, 136, 175, 34, 65, 28, 57, 70, 65, 13, 29, 90, 48, 56, 10, 23, 260, 7, 131, 100, 23, 69, 60, 62, 43, 5, 63, 142, 19, 65, 10, 206, 56, 113, 90, 22, 189, 101, 124, 33, 58, 31, 110, 118, 63, 128, 25, 89, 73, 39, 15, 135, 192, 16, 60, 185, 112, 176, 112, 36, 170, 0)
s = 48: (0, 58, 105, 58, 132, 13, 49, 94, 49, 27, 134, 19, 50, 110, 15, 50, 83, 46, 89, 128, 124, 75, 112, 109, 27, 232, 54, 13, 76, 50, 88, 80, 242, 21, 103, 41, 70, 58, 39, 15, 18, 79, 82, 62, 17, 24, 148, 5, 168, 166, 16, 73, 106, 87, 43, 7, 54, 221, 17, 42, 20, 138, 56, 87, 108, 38, 187, 60, 118, 25, 59, 35, 50, 180, 121, 94, 17, 68, 107, 59, 32, 112, 220, 16, 46, 257, 189, 141, 103, 68, 178, 0)
s = 49: (0, 36, 100, 56, 149, 12, 70, 101, 63, 26, 164, 30, 45, 110, 18, 67, 190, 51, 89, 170, 87, 84, 118, 100, 21, 197, 61, 16, 57, 70, 51, 104, 202, 23, 84, 49, 53, 45, 29, 16, 16, 65, 76, 91, 12, 20, 141, 4, 79, 94, 19, 60, 104, 57, 37, 8, 73, 185, 21, 47, 11, 185, 126, 121, 54, 44, 121, 82, 72, 32, 103, 29, 107, 142, 73, 132, 37, 46, 77, 26, 35, 107, 224, 13, 56, 193, 129, 141, 147, 52, 287, 0)
s = 50: (0, 53, 118, 62, 104, 11, 53, 69, 54, 20, 112, 21, 85, 164, 24, 49, 146, 40, 89, 106, 87, 65, 102, 119, 15, 114, 61, 13, 42, 93, 95, 87, 227, 24, 76, 39, 59, 36, 46, 14, 19, 116, 60, 86, 20, 25, 153, 8, 103, 99, 29, 65, 148, 97, 57, 6, 68, 141, 20, 114, 17, 151, 79, 68, 68, 24, 182, 131, 75, 15, 56, 31, 65, 389, 87, 60, 19, 91, 142, 39, 28, 71, 173, 28, 27, 189, 152, 172, 153, 67, 399, 0)
s = 51: (0, 67, 93, 49, 111, 14, 61, 88, 69, 31, 112, 17, 48, 234, 28, 33, 121, 40, 129, 104, 114, 71, 88, 169, 20, 86, 52, 27, 52, 57, 54, 53, 117, 18, 135, 37, 42, 48, 44, 21, 18, 64, 42, 93, 12, 18, 335, 9, 102, 159, 20, 98, 90, 71, 100, 5, 109, 185, 15, 60, 18, 137, 133, 94, 118, 27, 147, 88, 52, 31, 43, 31, 61, 329, 103, 128, 16, 52, 80, 30, 23, 122, 230, 22, 64, 353, 214, 150, 78, 51, 227, 0)
s = 52: (0, 38, 138, 51, 75, 16, 85, 133, 55, 23, 96, 30, 56, 121, 36, 52, 58, 27, 77, 131, 138, 53, 98, 210, 27, 137, 48, 29, 70, 94, 66, 122, 130, 26, 127, 50, 30, 60, 58, 22, 18, 80, 88, 94, 13, 20, 237, 8, 115, 70, 25, 63, 87, 55, 84, 8, 99, 200, 22, 58, 14, 148, 109, 92, 179, 41, 134, 79, 96, 30, 85, 41, 89, 184, 91, 108, 18, 43, 164, 40, 24, 79, 262, 14, 32, 209, 212, 221, 137, 39, 230, 0)
s = 53: (0, 91, 134, 78, 119, 16, 120, 127, 43, 33, 202, 28, 56, 173, 15, 76, 84, 32, 79, 123, 111, 84, 191, 131, 34, 150, 48, 17, 32, 82, 96, 129, 157, 24, 87, 42, 32, 51, 41, 18, 25, 70, 54, 92, 20, 21, 264, 6, 217, 99, 19, 79, 79, 71, 63, 7, 79, 125, 23, 63, 22, 105, 83, 67, 162, 38, 207, 118, 111, 19, 48, 37, 98, 256, 97, 107, 29, 39, 141, 38, 20, 98, 245, 16, 37, 244, 180, 190, 78, 54, 153, 0)
s = 54: (0, 51, 103, 42, 123, 14, 65, 87, 56, 30, 85, 12, 64, 103, 26, 41, 71, 57, 116, 90, 54, 59, 166, 111, 28, 110, 123, 18, 61, 54, 71, 100, 229, 36, 71, 40, 31, 26, 44, 21, 23, 87, 62, 68, 17, 36, 134, 5, 131, 112, 21, 75, 94, 46, 59, 6, 70, 160, 24, 73, 10, 126, 115, 54, 71, 32, 92, 60, 89, 19, 94, 38, 112, 284, 76, 92, 21, 49, 131, 36, 29, 125, 202, 16, 34, 146, 186, 112, 120, 27, 168, 0)
s = 55: (0, 34, 99, 77, 91, 12, 109, 101, 31, 43, 136, 25, 63, 107, 19, 64, 96, 40, 91, 142, 113, 49, 208, 103, 17, 195, 50, 19, 54, 129, 82, 124, 209, 49, 77, 54, 62, 29, 36, 14, 29, 45, 85, 72, 14, 23, 158, 9, 131, 114, 15, 57, 68, 98, 91, 5, 51, 134, 12, 88, 22, 155, 183, 86, 105, 36, 114, 66, 69, 26, 76, 28, 54, 164, 73, 121, 22, 78, 130, 27, 24, 120, 131, 9, 40, 158, 138, 196, 86, 37, 253, 0)
s = 56: (0, 60, 65, 103, 139, 20, 152, 65, 65, 17, 119, 25, 64, 188, 35, 59, 81, 56, 96, 135, 108, 70, 158, 162, 24, 130, 48, 19, 51, 55, 106, 114, 168, 23, 76, 27, 65, 33, 47, 24, 28, 74, 108, 114, 12, 21, 156, 8, 154, 143, 16, 78, 95, 100, 56, 4, 57, 218, 24, 78, 19, 180, 118, 125, 99, 62, 112, 73, 134, 17, 46, 34, 92, 171, 93, 79, 23, 91, 105, 35, 24, 91, 268, 12, 30, 137, 95, 135, 76, 67, 291, 0)
s = 57: (0, 32, 76, 92, 76, 13, 70, 118, 83, 25, 92, 23, 45, 141, 18, 67, 65, 49, 78, 124, 70, 84, 105, 139, 25, 129, 93, 27, 66, 81, 84, 87, 114, 38, 55, 28, 51, 44, 35, 18, 36, 66, 48, 105, 14, 17, 130, 7, 129, 121, 28, 77, 109, 117, 97, 7, 75, 198, 14, 42, 18, 104, 136, 169, 61, 34, 179, 116, 111, 30, 138, 43, 61, 212, 88, 94, 16, 102, 141, 41, 15, 126, 300, 19, 48, 320, 207, 223, 138, 100, 276, 0)
s = 58: (0, 54, 76, 64, 133, 12, 51, 176, 58, 25, 131, 17, 48, 89, 34, 47, 66, 43, 73, 108, 77, 72, 130, 124, 16, 134, 86, 27, 58, 78, 53, 80, 230, 36, 139, 36, 37, 43, 34, 18, 24, 95, 45, 124, 8, 38, 259, 4, 207, 139, 16, 61, 151, 82, 72, 6, 92, 211, 11, 74, 24, 97, 100, 94, 56, 41, 192, 69, 109, 29, 60, 43, 131, 136, 54, 139, 16, 44, 126, 29, 22, 131, 192, 19, 35, 304, 155, 115, 145, 41, 142, 0)
s = 59: (0, 74, 66, 57, 62, 10, 141, 146, 31, 37, 161, 14, 72, 127, 25, 38, 101, 36, 67, 208, 80, 37, 128, 291, 23, 224, 59, 15, 38, 113, 121, 122, 249, 39, 78, 39, 49, 36, 35, 20, 18, 71, 37, 137, 22, 26, 119, 6, 96, 127, 16, 148, 186, 72, 45, 6, 85, 274, 20, 83, 16, 118, 77, 133, 130, 50, 173, 63, 64, 26, 54, 31, 115, 158, 108, 74, 24, 101, 87, 26, 17, 129, 177, 13, 34, 282, 151, 138, 200, 30, 210, 0)
s = 60: (0, 37, 72, 93, 120, 9, 74, 94, 49, 18, 116, 21, 46, 86, 20, 33, 174, 78, 82, 135, 114, 60, 103, 107, 24, 103, 82, 15, 54, 87, 128, 103, 144, 44, 128, 53, 38, 66, 60, 14, 14, 94, 58, 58, 19, 22, 117, 9, 105, 96, 16, 60, 56, 122, 51, 8, 84, 315, 24, 83, 19, 258, 91, 58, 113, 54, 190, 122, 69, 22, 116, 23, 75, 328, 111, 63, 35, 87, 131, 40, 20, 120, 269, 25, 59, 154, 197, 311, 113, 74, 184, 0)
s = 61: (0, 51, 117, 108, 95, 12, 87, 88, 52, 17, 86, 12, 33, 189, 22, 33, 112, 92, 99, 187, 60, 35, 225, 111, 14, 127, 43, 20, 40, 99, 81, 77, 259, 23, 64, 49, 26, 41, 43, 16, 21, 62, 70, 60, 9, 34, 253, 7, 103, 135, 25, 73, 99, 97, 49, 5, 116, 188, 22, 69, 16, 172, 133, 137, 72, 68, 113, 102, 64, 22, 79, 42, 117, 198, 103, 126, 28, 47, 123, 27, 23, 64, 227, 15, 44, 191, 159, 143, 155, 67, 263, 0)
s = 62: (0, 30, 104, 81, 129, 15, 115, 96, 49, 30, 143, 17, 81, 170, 21, 52, 100, 61, 99, 153, 105, 60, 223, 137, 21, 96, 61, 27, 36, 106, 82, 87, 157, 40, 93, 32, 36, 31, 49, 21, 30, 53, 64, 61, 14, 34, 154, 7, 93, 169, 21, 144, 117, 62, 96, 6, 106, 118, 16, 102, 11, 199, 108, 113, 109, 36, 155, 59, 105, 22, 91, 45, 113, 172, 75, 57, 14, 52, 132, 28, 20, 86, 240, 14, 26, 181, 143, 149, 147, 65, 242, 0)
s = 63: (0, 41, 166, 44, 116, 15, 82, 124, 65, 18, 133, 21, 77, 145, 19, 38, 76, 36, 127, 149, 70, 88, 119, 169, 18, 134, 62, 17, 86, 58, 79, 69, 102, 23, 76, 32, 43, 73, 32, 20, 26, 49, 66, 118, 15, 23, 222, 7, 95, 166, 17, 107, 80, 66, 103, 6, 86, 230, 18, 54, 13, 86, 71, 66, 83, 58, 125, 56, 108, 20, 58, 38, 151, 231, 82, 95, 14, 69, 101, 38, 24, 62, 169, 20, 49, 234, 142, 163, 111, 47, 372, 0)
s = 64: (0, 54, 148, 83, 129, 16, 122, 84, 43, 22, 112, 16, 74, 89, 34, 38, 111, 44, 119, 74, 180, 43, 87, 163, 17, 103, 95, 12, 68, 63, 144, 83, 126, 21, 90, 45, 62, 24, 59, 13, 19, 49, 78, 79, 8, 27, 162, 6, 191, 148, 12, 130, 115, 142, 81, 7, 75, 189, 21, 56, 14, 117, 131, 86, 71, 47, 113, 76, 107, 26, 59, 35, 62, 169, 67, 128, 28, 52, 137, 32, 11, 82, 180, 15, 52, 132, 268, 111, 88, 36, 182, 0)
s = 65: (0, 67, 103, 73, 105, 11, 74, 75, 57, 21, 129, 12, 56, 100, 26, 77, 83, 73, 119, 145, 102, 62, 184, 168, 14, 129, 67, 17, 49, 95, 134, 80, 170, 20, 62, 43, 55, 40, 60, 21, 32, 65, 61, 73, 11, 30, 136, 8, 91, 126, 15, 97, 55, 126, 89, 8, 79, 210, 19, 82, 15, 89, 122, 99, 79, 34, 305, 74, 160, 20, 66, 39, 65, 146, 68, 114, 37, 121, 78, 28, 27, 95, 191, 24, 35, 347, 173, 196, 135, 43, 133, 0)
s = 66: (0, 75, 66, 116, 131, 18, 135, 82, 69, 32, 87, 19, 42, 117, 30, 44, 96, 44, 86, 187, 118, 40, 200, 143, 25, 211, 45, 17, 68, 155, 62, 124, 185, 27, 77, 56, 32, 47, 50, 21, 24, 77, 41, 81, 10, 33, 188, 8, 173, 100, 15, 87, 75, 57, 59, 6, 103, 146, 13, 66, 18, 103, 112, 104, 65, 38, 151, 68, 72, 24, 90, 54, 72, 308, 72, 75, 18, 92, 69, 37, 26, 66, 206, 18, 46, 176, 227, 257, 137, 43, 177, 0)
s = 67: (0, 51, 106, 94, 143, 13, 102, 116, 64, 29, 80, 14, 90, 107, 22, 43, 103, 55, 85, 78, 113, 85, 97, 133, 21, 92, 63, 19, 41, 87, 110, 108, 123, 23, 128, 64, 46, 25, 42, 13, 15, 100, 40, 61, 14, 32, 213, 8, 161, 110, 23, 55, 100, 56, 80, 5, 74, 220, 14, 127, 16, 146, 158, 108, 74, 42, 235, 103, 79, 17, 43, 23, 82, 210, 95, 76, 24, 84, 144, 44, 16, 74, 234, 18, 51, 195, 180, 220, 127, 38, 230, 0)
s = 68: (0, 40, 66, 98, 94, 16, 144, 133, 63, 26, 121, 13, 50, 110, 16, 37, 62, 48, 105, 158, 69, 61, 160, 82, 15, 158, 77, 19, 70, 57, 69, 118, 217, 34, 140, 33, 49, 38, 49, 13, 23, 89, 56, 67, 15, 28, 208, 4, 130, 107, 19, 88, 95, 99, 58, 6, 53, 216, 19, 47, 16, 132, 108, 75, 78, 32, 113, 73, 99, 22, 53, 45, 75, 226, 116, 86, 26, 69, 82, 29, 23, 139, 330, 16, 54, 240, 191, 119, 111, 73, 234, 0)
s = 69: (0, 47, 77, 75, 118, 13, 110, 82, 49, 21, 95, 11, 48, 159, 15, 75, 98, 33, 137, 106, 97, 70, 123, 131, 17, 161, 45, 22, 69, 109, 58, 95, 152, 35, 129, 25, 61, 39, 31, 19, 24, 64, 66, 87, 17, 19, 312, 5, 208, 106, 16, 110, 153, 69, 47, 5, 106, 139, 15, 97, 18, 153, 88, 100, 67, 47, 171, 86, 122, 20, 83, 63, 89, 138, 94, 155, 17, 91, 83, 29, 18, 87, 151, 17, 44, 234, 168, 109, 74, 42, 274, 0)
s = 70: (0, 48, 92, 73, 106, 9, 135, 101, 49, 31, 78, 14, 38, 194, 16, 55, 138, 48, 91, 87, 98, 44, 107, 185, 33, 145, 85, 21, 64, 114, 84, 90, 139, 34, 114, 48, 41, 37, 30, 18, 21, 83, 62, 111, 15, 15, 276, 5, 113, 95, 19, 63, 75, 64, 46, 7, 85, 126, 17, 99, 16, 157, 102, 79, 64, 45, 249, 49, 67, 23, 119, 37, 72, 276, 93, 137, 24, 53, 75, 30, 32, 103, 190, 16, 54, 159, 123, 114, 134, 49, 186, 0)
s = 71: (0, 49, 151, 65, 131, 14, 56, 110, 62, 34, 119, 20, 37, 223, 24, 30, 68, 31, 98, 132, 66, 41, 101, 225, 17, 94, 69, 27, 58, 65, 86, 101, 267, 33, 86, 33, 73, 47, 64, 26, 22, 104, 53, 65, 21, 22, 187, 8, 114, 61, 21, 96, 95, 52, 52, 5, 56, 137, 19, 59, 12, 107, 76, 96, 69, 70, 257, 79, 78, 18, 52, 55, 139, 277, 64, 51, 26, 68, 67, 38, 22, 91, 274, 20, 34, 300, 203, 164, 112, 67, 203, 0)
s = 72: (0, 67, 101, 65, 62, 9, 89, 103, 35, 37, 93, 22, 57, 120, 19, 39, 77, 41, 58, 160, 94, 53, 134, 79, 18, 148, 63, 31, 76, 87, 90, 126, 146, 22, 89, 44, 67, 27, 54, 22, 18, 85, 51, 66, 12, 18, 252, 5, 201, 144, 11, 92, 67, 71, 85, 4, 91, 249, 12, 123, 20, 146, 100, 108, 48, 58, 169, 75, 64, 13, 74, 32, 84, 195, 119, 71, 15, 49, 138, 31, 13, 111, 181, 19, 27, 244, 128, 217, 131, 44, 168, 0)
s = 73: (0, 45, 130, 54, 92, 12, 64, 113, 45, 24, 98, 15, 70, 140, 29, 25, 111, 31, 54, 121, 141, 72, 102, 168, 15, 221, 68, 17, 31, 143, 127, 71, 141, 31, 92, 43, 40, 26, 45, 25, 20, 102, 39, 111, 17, 19, 247, 7, 198, 123, 11, 125, 136, 44, 49, 9, 68, 282, 18, 66, 12, 129, 103, 150, 78, 26, 128, 82, 78, 25, 92, 68, 121, 196, 96, 59, 15, 69, 71, 30, 17, 162, 426, 17, 51, 222, 177, 182, 77, 54, 265, 0)
s = 74: (0, 92, 74, 57, 113, 16, 67, 95, 35, 19, 175, 12, 84, 96, 28, 42, 75, 45, 131, 124, 63, 48, 160, 176, 15, 144, 60, 15, 39, 116, 90, 99, 150, 33, 74, 30, 51, 49, 44, 17, 14, 74, 66, 58, 15, 31, 168, 9, 149, 138, 27, 101, 109, 74, 40, 6, 81, 116, 23, 120, 14, 85, 91, 60, 129, 46, 139, 95, 75, 19, 91, 40, 52, 240, 51, 126, 19, 68, 178, 33, 25, 68, 197, 15, 42, 260, 163, 133, 116, 55, 231, 0)
s = 75: (0, 54, 112, 52, 68, 10, 82, 149, 59, 19, 104, 15, 50, 163, 18, 40, 184, 42, 85, 101, 69, 52, 152, 165, 11, 95, 81, 25, 58, 131, 59, 163, 121, 28, 76, 32, 35, 24, 51, 14, 20, 76, 64, 96, 8, 38, 322, 8, 74, 126, 17, 90, 134, 91, 72, 8, 72, 171, 12, 62, 18, 223, 81, 98, 121, 28, 127, 62, 86, 22, 74, 38, 121, 402, 72, 81, 23, 66, 103, 41, 17, 103, 229, 12, 36, 271, 217, 125, 87, 39, 366, 0)
s = 76: (0, 69, 86, 53, 101, 19, 102, 67, 61, 35, 176, 22, 47, 187, 20, 29, 127, 56, 106, 135, 106, 52, 74, 223, 24, 131, 40, 19, 48, 103, 52, 123, 151, 42, 120, 27, 58, 49, 62, 18, 24, 73, 60, 81, 10, 38, 195, 10, 157, 95, 14, 51, 129, 107, 84, 7, 101, 212, 12, 48, 18, 214, 97, 81, 78, 52, 99, 101, 109, 37, 45, 37, 74, 163, 81, 64, 32, 48, 135, 30, 19, 105, 203, 11, 27, 365, 138, 170, 163, 46, 264, 0)
s = 77: (0, 87, 160, 81, 90, 13, 97, 206, 66, 23, 233, 19, 77, 117, 23, 37, 93, 32, 64, 123, 107, 50, 119, 205, 19, 92, 53, 22, 35, 63, 117, 183, 256, 50, 96, 55, 57, 43, 58, 19, 25, 40, 51, 94, 21, 27, 262, 5, 100, 92, 17, 102, 154, 82, 75, 6, 58, 224, 23, 72, 20, 102, 90, 73, 73, 30, 212, 143, 73, 32, 80, 28, 93, 181, 165, 85, 23, 56, 148, 22, 36, 72, 164, 12, 37, 321, 123, 232, 124, 65, 344, 0)
s = 78: (0, 38, 85, 101, 111, 7, 74, 202, 43, 23, 98, 19, 80, 84, 46, 58, 66, 31, 79, 80, 108, 43, 94, 240, 35, 93, 84, 19, 72, 79, 56, 143, 182, 42, 91, 47, 44, 42, 48, 15, 24, 124, 79, 78, 9, 27, 199, 7, 93, 96, 17, 137, 113, 93, 55, 5, 108, 161, 15, 48, 12, 161, 65, 120, 87, 34, 141, 110, 53, 26, 49, 56, 115, 241, 88, 130, 18, 81, 120, 44, 19, 135, 237, 12, 43, 193, 105, 137, 159, 38, 235, 0)
s = 79: (0, 48, 90, 65, 93, 17, 96, 97, 43, 34, 119, 18, 52, 160, 35, 50, 100, 56, 107, 161, 102, 50, 206, 159, 17, 99, 69, 21, 55, 105, 120, 87, 116, 46, 70, 32, 58, 36, 30, 10, 14, 83, 55, 92, 13, 25, 292, 5, 171, 79, 26, 125, 93, 89, 70, 7, 149, 175, 18, 69, 25, 219, 54, 121, 129, 29, 277, 69, 112, 17, 73, 50, 78, 144, 100, 97, 23, 106, 74, 54, 18, 98, 216, 19, 55, 219, 205, 96, 122, 40, 177, 0)
s = 80: (0, 48, 93, 38, 78, 22, 82, 118, 71, 20, 97, 20, 43, 138, 25, 42, 88, 86, 69, 96, 107, 81, 116, 173, 16, 123, 55, 18, 69, 42, 53, 81, 131, 21, 90, 41, 51, 24, 69, 22, 30, 76, 34, 91, 11, 16, 202, 7, 108, 111, 20, 99, 67, 64, 71, 4, 87, 140, 11, 74, 12, 139, 62, 157, 79, 49, 122, 135, 66, 19, 93, 39, 128, 245, 59, 163, 13, 77, 100, 23, 21, 74, 264, 15, 34, 256, 186, 132, 66, 38, 187, 0)
s = 81: (0, 67, 84, 72, 109, 12, 134, 124, 44, 15, 135, 27, 57, 200, 27, 45, 113, 39, 142, 159, 109, 68, 138, 102, 17, 158, 83, 33, 56, 112, 65, 117, 125, 34, 68, 35, 45, 52, 53, 12, 18, 63, 76, 93, 20, 29, 190, 7, 142, 91, 31, 71, 71, 91, 82, 7, 95, 300, 20, 81, 11, 154, 89, 88, 72, 52, 169, 100, 69, 33, 63, 32, 117, 173, 94, 118, 15, 49, 89, 53, 25, 71, 259, 16, 38, 277, 192, 116, 164, 59, 212, 0)
s = 82: (0, 52, 67, 69, 126, 10, 91, 140, 39, 18, 161, 21, 35, 123, 29, 36, 91, 45, 131, 131, 55, 78, 171, 137, 16, 198, 65, 27, 42, 47, 65, 127, 296, 19, 72, 27, 62, 41, 55, 20, 13, 50, 51, 65, 16, 25, 299, 7, 203, 91, 15, 108, 94, 138, 53, 5, 83, 183, 11, 54, 14, 103, 65, 82, 58, 38, 238, 103, 68, 28, 66, 36, 67, 149, 128, 102, 33, 86, 97, 40, 13, 99, 184, 17, 45, 258, 133, 229, 77, 50, 197, 0)
s = 83: (0, 32, 80, 57, 100, 20, 91, 98, 40, 23, 204, 15, 37, 106, 29, 47, 111, 37, 72, 130, 111, 44, 149, 122, 20, 225, 97, 24, 56, 70, 80, 114, 146, 27, 102, 56, 52, 58, 48, 21, 21, 60, 49, 48, 14, 13, 266, 4, 154, 96, 17, 116, 82, 128, 57, 7, 95, 190, 16, 61, 28, 138, 148, 96, 154, 25, 184, 88, 89, 19, 44, 58, 90, 177, 100, 66, 22, 64, 148, 22, 27, 89, 213, 23, 27, 295, 180, 137, 67, 60, 379, 0)
s = 84: (0, 65, 58, 111, 114, 12, 118, 130, 38, 20, 127, 20, 42, 145, 25, 40, 146, 61, 67, 91, 121, 40, 82, 158, 25, 135, 76, 16, 58, 79, 122, 105, 152, 28, 114, 36, 53, 45, 49, 23, 33, 40, 70, 48, 11, 21, 218, 8, 104, 212, 20, 84, 121, 49, 68, 8, 109, 263, 17, 90, 14, 156, 84, 106, 62, 51, 223, 72, 55, 20, 48, 48, 104, 337, 77, 82, 16, 63, 119, 34, 26, 107, 270, 16, 32, 302, 220, 207, 94, 60, 161, 0)
s = 85: (0, 52, 138, 67, 169, 8, 101, 81, 51, 15, 105, 19, 47, 132, 30, 38, 106, 68, 165, 175, 58, 55, 166, 133, 16, 166, 99, 14, 52, 130, 61, 91, 133, 49, 65, 29, 33, 22, 36, 14, 21, 80, 65, 75, 10, 30, 207, 8, 117, 108, 15, 87, 91, 106, 58, 4, 50, 177, 26, 55, 16, 202, 109, 105, 110, 27, 233, 79, 61, 17, 67, 50, 120, 147, 130, 78, 27, 50, 84, 61, 26, 83, 297, 13, 33, 301, 207, 147, 65, 71, 189, 0)
s = 86: (0, 42, 151, 50, 80, 9, 66, 84, 87, 23, 125, 25, 43, 136, 22, 37, 72, 34, 115, 137, 80, 41, 159, 119, 13, 94, 86, 27, 48, 59, 86, 110, 230, 24, 120, 47, 43, 60, 27, 12, 14, 57, 65, 83, 14, 22, 176, 8, 105, 66, 13, 84, 57, 86, 62, 4, 61, 178, 18, 94, 13, 160, 103, 133, 60, 25, 131, 140, 110, 28, 73, 36, 120, 258, 91, 128, 16, 104, 132, 51, 20, 121, 190, 11, 31, 177, 183, 139, 120, 50, 248, 0)
s = 87: (0, 46, 132, 88, 95, 8, 95, 97, 65, 14, 83, 19, 78, 166, 26, 23, 80, 56, 97, 164, 152, 70, 157, 157, 25, 147, 85, 27, 87, 55, 74, 95, 187, 37, 63, 51, 58, 32, 34, 12, 13, 67, 42, 90, 19, 20, 349, 9, 214, 119, 21, 93, 151, 70, 90, 6, 88, 199, 12, 79, 15, 138, 61, 120, 124, 26, 170, 59, 55, 17, 64, 39, 82, 288, 103, 77, 18, 79, 118, 27, 34, 103, 263, 16, 41, 292, 157, 131, 121, 37, 351, 0)
s = 88: (0, 33, 109, 66, 74, 11, 88, 139, 37, 31, 148, 20, 59, 89, 34, 64, 93, 69, 73, 84, 63, 48, 165, 111, 16, 182, 52, 12, 56, 104, 92, 95, 228, 31, 137, 38, 40, 52, 27, 34, 17, 53, 61, 103, 13, 29, 114, 7, 237, 202, 11, 121, 84, 114, 52, 7, 98, 156, 26, 73, 10, 106, 68, 96, 84, 40, 209, 80, 76, 17, 70, 35, 106, 237, 135, 89, 13, 103, 110, 35, 23, 118, 160, 11, 28, 308, 147, 138, 67, 75, 254, 0)
s = 89: (0, 34, 78, 50, 80, 17, 95, 133, 51, 20, 145, 18, 54, 135, 26, 39, 69, 42, 126, 79, 120, 87, 109, 161, 29, 189, 74, 20, 51, 85, 121, 114, 124, 33, 95, 30, 90, 28, 39, 11, 14, 111, 81, 80, 20, 25, 188, 6, 208, 61, 20, 76, 92, 54, 41, 5, 83, 157, 18, 66, 26, 137, 67, 89, 73, 47, 215, 65, 109, 24, 45, 33, 55, 263, 121, 58, 38, 108, 87, 38, 19, 127, 205, 12, 56, 164, 162, 109, 96, 43, 247, 0)
s = 90: (0, 44, 73, 91, 72, 12, 81, 97, 49, 18, 129, 14, 86, 157, 34, 39, 101, 43, 101, 99, 123, 37, 160, 193, 18, 122, 51, 17, 75, 74, 149, 114, 187, 20, 85, 32, 36, 43, 35, 23, 18, 66, 54, 95, 11, 23, 332, 7, 181, 67, 13, 70, 116, 65, 69, 5, 76, 165, 14, 101, 11, 177, 140, 89, 113, 37, 217, 64, 94, 28, 63, 30, 102, 195, 95, 103, 18, 62, 130, 44, 13, 105, 320, 10, 58, 229, 169, 114, 143, 38, 194, 0)
s = 91: (0, 56, 80, 83, 68, 9, 103, 107, 68, 30, 186, 25, 90, 117, 20, 30, 104, 31, 59, 121, 123, 54, 184, 202, 27, 186, 74, 13, 36, 66, 74, 162, 233, 34, 102, 38, 59, 35, 44, 13, 20, 76, 49, 114, 13, 39, 204, 4, 180, 105, 21, 73, 62, 80, 47, 7, 54, 172, 24, 39, 23, 160, 112, 83, 122, 41, 177, 144, 106, 15, 54, 30, 111, 281, 154, 137, 25, 88, 96, 38, 15, 105, 253, 11, 75, 140, 111, 173, 136, 67, 247, 0)
s = 92: (0, 48, 106, 69, 110, 12, 128, 111, 62, 26, 162, 17, 52, 114, 24, 43, 65, 42, 110, 86, 106, 59, 81, 87, 25, 168, 101, 13, 54, 47, 59, 118, 199, 18, 145, 28, 94, 45, 29, 29, 20, 52, 36, 64, 14, 23, 218, 6, 107, 134, 14, 60, 69, 105, 101, 8, 84, 125, 19, 112, 15, 117, 143, 101, 104, 35, 134, 118, 88, 15, 81, 52, 104, 149, 77, 138, 26, 53, 134, 39, 30, 148, 190, 16, 31, 176, 124, 202, 113, 69, 230, 0)
s = 93: (0, 75, 61, 87, 84, 10, 126, 76, 76, 24, 115, 19, 59, 197, 27, 34, 125, 73, 107, 83, 87, 71, 143, 134, 21, 98, 72, 21, 55, 73, 107, 124, 193, 23, 86, 22, 68, 33, 38, 13, 19, 77, 81, 101, 14, 31, 208, 6, 87, 110, 16, 73, 122, 91, 97, 5, 70, 176, 13, 111, 17, 158, 104, 63, 71, 29, 133, 70, 98, 16, 55, 37, 139, 181, 78, 166, 15, 87, 151, 52, 29, 95, 189, 15, 50, 195, 131, 268, 143, 46, 223, 0)
s = 94: (0, 51, 76, 97, 60, 16, 93, 97, 41, 29, 100, 26, 72, 106, 40, 56, 72, 36, 106, 106, 117, 59, 123, 142, 19, 153, 77, 11, 64, 57, 62, 96, 100, 31, 81, 29, 57, 50, 29, 12, 13, 93, 73, 91, 8, 30, 179, 4, 150, 74, 16, 112, 98, 51, 41, 8, 53, 239, 29, 84, 22, 164, 122, 81, 87, 26, 226, 85, 152, 19, 103, 22, 65, 184, 81, 61, 33, 65, 74, 32, 25, 122, 407, 10, 40, 191, 205, 121, 119, 60, 255, 0)
s = 95: (0, 58, 111, 93, 90, 13, 90, 88, 58, 39, 170, 20, 108, 147, 16, 40, 86, 62, 95, 85, 137, 48, 131, 145, 22, 115, 40, 20, 62, 71, 128, 117, 113, 41, 92, 47, 45, 34, 40, 10, 19, 75, 35, 69, 11, 22, 160, 7, 106, 153, 20, 74, 88, 58, 66, 5, 62, 216, 15, 76, 20, 125, 89, 90, 73, 27, 227, 85, 60, 26, 48, 38, 129, 216, 111, 70, 22, 60, 88, 30, 20, 85, 171, 15, 56, 195, 139, 274, 156, 50, 316, 0)
s = 96: (0, 55, 118, 83, 93, 9, 63, 132, 45, 31, 154, 13, 69, 143, 22, 49, 119, 37, 103, 82, 78, 85, 172, 185, 31, 190, 83, 36, 78, 61, 89, 89, 247, 30, 124, 26, 52, 34, 33, 16, 28, 75, 52, 92, 8, 24, 247, 6, 108, 100, 14, 51, 132, 142, 100, 8, 104, 228, 22, 75, 14, 205, 106, 124, 72, 49, 237, 102, 86, 18, 54, 34, 145, 137, 75, 88, 19, 67, 75, 33, 29, 81, 126, 23, 73, 183, 202, 107, 130, 81, 331, 0)
s = 97: (0, 45, 144, 82, 142, 21, 63, 88, 67, 40, 252, 17, 50, 175, 31, 43, 84, 62, 106, 116, 102, 56, 175, 108, 26, 254, 57, 14, 49, 55, 80, 63, 183, 41, 82, 26, 81, 31, 66, 15, 33, 101, 42, 70, 11, 18, 204, 7, 108, 85, 26, 96, 75, 57, 84, 6, 106, 123, 12, 61, 19, 189, 106, 106, 83, 36, 233, 50, 98, 25, 92, 40, 118, 138, 81, 141, 30, 69, 91, 35, 29, 64, 222, 24, 36, 291, 128, 203, 71, 58, 116, 0)
s = 98: (0, 32, 65, 56, 133, 14, 69, 97, 39, 30, 116, 19, 75, 157, 19, 54, 56, 37, 64, 130, 86, 75, 141, 88, 15, 174, 84, 24, 88, 83, 81, 89, 118, 30, 153, 32, 49, 35, 61, 23, 31, 55, 66, 56, 17, 13, 232, 6, 101, 65, 16, 59, 91, 84, 48, 7, 57, 124, 16, 60, 11, 133, 71, 70, 131, 43, 130, 77, 74, 20, 70, 32, 81, 214, 133, 72, 22, 39, 89, 30, 15, 103, 159, 15, 49, 246, 137, 172, 81, 31, 196, 0)
s = 99: (0, 69, 107, 49, 55, 10, 54, 129, 47, 24, 136, 17, 56, 90, 31, 37, 91, 54, 69, 93, 69, 86, 149, 213, 22, 79, 47, 28, 64, 106, 92, 102, 135, 36, 79, 41, 38, 30, 41, 17, 20, 42, 87, 74, 12, 29, 165, 5, 168, 105, 16, 86, 114, 165, 52, 7, 61, 137, 15, 59, 10, 96, 104, 66, 91, 55, 261, 98, 114, 22, 65, 31, 82, 279, 153, 109, 16, 73, 120, 40, 15, 178, 275, 18, 68, 321, 138, 201, 112, 73, 160, 0)
s = 100: (0, 62, 96, 40, 89, 13, 76, 115, 60, 31, 171, 16, 62, 155, 36, 31, 96, 47, 74, 130, 115, 77, 103, 186, 14, 142, 59, 24, 82, 64, 60, 106, 202, 27, 82, 31, 35, 42, 43, 12, 31, 120, 48, 90, 17, 45, 163, 5, 119, 76, 22, 88, 76, 87, 62, 5, 48, 183, 24, 46, 18, 130, 91, 75, 56, 36, 212, 100, 95, 42, 66, 34, 90, 217, 85, 77, 14, 43, 132, 45, 19, 62, 226, 13, 66, 217, 96, 207, 89, 49, 167, 0)
s = 101: (0, 33, 74, 64, 95, 13, 97, 176, 83, 27, 100, 22, 59, 73, 18, 43, 75, 48, 87, 115, 134, 49, 201, 133, 24, 145, 63, 22, 58, 53, 108, 77, 130, 30, 114, 67, 62, 30, 43, 21, 16, 44, 37, 109, 13, 32, 212, 6, 159, 109, 13, 67, 60, 127, 45, 5, 104, 187, 19, 51, 13, 104, 101, 108, 63, 47, 149, 108, 51, 25, 92, 35, 149, 166, 101, 99, 29, 50, 70, 39, 22, 83, 235, 11, 64, 319, 177, 176, 129, 61, 168, 0)
s = 102: (0, 30, 66, 63, 101, 22, 134, 137, 60, 22, 149, 16, 87, 148, 17, 46, 65, 57, 79, 87, 87, 53, 76, 175, 20, 175, 65, 15, 68, 108, 61, 120, 238, 22, 102, 38, 59, 44, 56, 12, 29, 63, 56, 77, 9, 39, 224, 10, 100, 110, 16, 110, 72, 70, 76, 11, 83, 196, 13, 88, 12, 142, 59, 97, 86, 41, 143, 129, 108, 42, 113, 40, 102, 171, 91, 94, 21, 49, 223, 43, 14, 154, 181, 22, 27, 279, 172, 135, 123, 68, 146, 0)
s = 103: (0, 78, 130, 77, 137, 10, 52, 187, 37, 15, 129, 17, 100, 101, 23, 59, 105, 57, 95, 95, 62, 66, 224, 229, 27, 161, 48, 20, 38, 65, 87, 140, 152, 26, 154, 23, 75, 31, 48, 24, 12, 126, 66, 63, 10, 25, 239, 7, 197, 115, 21, 126, 132, 54, 60, 7, 66, 229, 19, 54, 15, 132, 125, 77, 130, 47, 122, 121, 93, 19, 45, 34, 94, 191, 81, 122, 18, 94, 85, 25, 27, 122, 344, 13, 48, 164, 170, 141, 154, 57, 190, 0)
s = 104: (0, 47, 101, 59, 123, 12, 159, 140, 51, 31, 171, 12, 57, 99, 20, 35, 74, 44, 142, 115, 109, 87, 195, 196, 15, 108, 43, 22, 83, 104, 105, 107, 293, 46, 117, 27, 71, 35, 48, 17, 19, 93, 64, 94, 12, 23, 257, 7, 162, 111, 22, 64, 57, 86, 62, 7, 69, 175, 15, 59, 10, 120, 114, 100, 97, 31, 169, 77, 117, 14, 59, 56, 83, 374, 61, 131, 23, 82, 115, 44, 26, 106, 199, 19, 45, 255, 174, 157, 65, 70, 320, 0)
s = 105: (0, 61, 102, 112, 85, 15, 134, 182, 60, 29, 81, 33, 41, 137, 20, 34, 79, 44, 66, 114, 71, 90, 111, 163, 21, 102, 63, 24, 46, 59, 72, 65, 114, 25, 84, 46, 53, 31, 31, 26, 17, 51, 63, 51, 15, 21, 324, 8, 178, 124, 11, 67, 78, 95, 76, 8, 61, 155, 27, 51, 12, 129, 95, 120, 74, 35, 247, 136, 95, 34, 64, 28, 86, 163, 90, 102, 20, 50, 110, 29, 18, 110, 185, 10, 43, 281, 215, 153, 75, 57, 139, 0)
s = 106: (0, 33, 146, 64, 125, 10, 143, 111, 54, 23, 111, 12, 54, 89, 21, 55, 106, 32, 137, 143, 65, 70, 103, 190, 16, 196, 65, 15, 62, 96, 55, 94, 316, 21, 73, 39, 44, 61, 41, 19, 26, 64, 55, 63, 7, 24, 205, 4, 113, 111, 23, 93, 66, 82, 57, 5, 70, 132, 19, 67, 13, 140, 103, 65, 84, 47, 171, 78, 91, 14, 118, 51, 94, 318, 105, 130, 22, 42, 167, 45, 36, 100, 192, 12, 61, 190, 156, 117, 130, 35, 269, 0)
s = 107: (0, 44, 97, 71, 63, 15, 121, 120, 66, 22, 102, 21, 82, 169, 35, 39, 137, 46, 106, 84, 81, 53, 166, 199, 19, 231, 44, 12, 48, 86, 126, 91, 148, 29, 109, 63, 66, 43, 34, 19, 24, 92, 38, 68, 11, 22, 249, 7, 177, 60, 20, 60, 170, 101, 51, 6, 110, 214, 19, 57, 12, 159, 68, 58, 151, 41, 107, 66, 99, 17, 71, 31, 69, 368, 113, 98, 37, 62, 135, 38, 19, 100, 249, 9, 61, 168, 208, 142, 86, 43, 216, 0)
s = 108: (0, 65, 51, 85, 129, 11, 97, 88, 52, 44, 182, 22, 52, 125, 29, 53, 67, 37, 86, 76, 81, 56, 121, 118, 28, 154, 43, 19, 43, 122, 87, 86, 206, 25, 125, 38, 84, 37, 38, 16, 17, 86, 37, 133, 11, 22, 183, 7, 157, 156, 16, 90, 148, 67, 54, 5, 81, 257, 25, 74, 19, 113, 117, 124, 75, 34, 170, 95, 103, 23, 56, 39, 84, 240, 113, 96, 20, 50, 140, 56, 19, 82, 307, 16, 50, 155, 185, 245, 66, 40, 182, 0)
s = 109: (0, 36, 83, 43, 151, 18, 115, 144, 48, 43, 138, 17, 61, 104, 24, 33, 71, 52, 107, 79, 153, 71, 110, 194, 22, 132, 55, 25, 46, 60, 140, 133, 191, 25, 110, 22, 59, 30, 29, 11, 28, 61, 61, 66, 10, 33, 216, 6, 146, 108, 18, 109, 189, 113, 71, 5, 72, 161, 18, 67, 20, 114, 99, 75, 78, 23, 225, 93, 100, 27, 65, 43, 76, 353, 89, 107, 17, 56, 97, 50, 19, 107, 275, 9, 34, 366, 139, 128, 93, 48, 171, 0)
s = 110: (0, 48, 122, 94, 102, 15, 101, 114, 77, 36, 175, 25, 89, 103, 20, 70, 142, 70, 138, 150, 70, 50, 132, 261, 35, 89, 42, 20, 60, 98, 113, 65, 250, 22, 126, 21, 54, 46, 82, 20, 20, 61, 67, 75, 16, 18, 178, 8, 210, 111, 19, 110, 150, 115, 79, 9, 92, 206, 14, 47, 11, 188, 151, 58, 66, 47, 187, 82, 110, 24, 66, 40, 72, 293, 86, 66, 33, 71, 110, 39, 20, 103, 311, 11, 41, 158, 105, 104, 114, 59, 146, 0)
s = 111: (0, 66, 95, 73, 101, 16, 109, 63, 60, 25, 107, 14, 58, 157, 22, 45, 95, 36, 86, 160, 119, 58, 123, 199, 14, 174, 55, 13, 78, 45, 142, 102, 117, 41, 101, 39, 36, 47, 32, 18, 24, 71, 51, 112, 15, 19, 158, 6, 180, 73, 21, 114, 72, 74, 73, 9, 74, 174, 20, 85, 15, 107, 137, 95, 113, 42, 242, 125, 116, 17, 94, 54, 56, 169, 96, 91, 15, 75, 83, 37, 17, 81, 324, 16, 64, 285, 106, 121, 154, 32, 330, 0)
s = 112: (0, 33, 89, 95, 91, 15, 114, 129, 43, 32, 106, 15, 67, 175, 27, 26, 151, 36, 173, 129, 112, 46, 171, 150, 25, 89, 55, 14, 62, 63, 112, 127, 325, 39, 86, 47, 66, 29, 38, 13, 20, 144, 79, 92, 18, 23, 217, 7, 148, 84, 26, 115, 97, 170, 36, 9, 117, 172, 17, 43, 12, 155, 66, 93, 77, 71, 127, 84, 103, 22, 80, 39, 59, 229, 54, 74, 16, 59, 129, 23, 21, 100, 394, 24, 39, 194, 223, 168, 150, 43, 244, 0)
s = 113: (0, 58, 73, 75, 84, 10, 57, 112, 72, 38, 167, 16, 67, 83, 22, 51, 86, 41, 140, 130, 123, 58, 99, 118, 31, 106, 49, 22, 52, 72, 75, 133, 159, 28, 69, 53, 62, 24, 44, 15, 31, 81, 54, 123, 15, 18, 153, 8, 103, 142, 26, 96, 74, 79, 48, 5, 82, 227, 23, 58, 16, 209, 79, 121, 78, 24, 147, 60, 59, 28, 106, 34, 78, 231, 58, 71, 16, 129, 70, 34, 35, 94, 257, 9, 51, 267, 215, 118, 133, 39, 202, 0)
s = 114: (0, 53, 92, 100, 107, 8, 85, 153, 38, 25, 128, 17, 47, 159, 20, 50, 131, 62, 66, 178, 95, 55, 163, 141, 26, 141, 55, 13, 83, 55, 99, 126, 310, 30, 98, 33, 29, 36, 41, 19, 17, 100, 101, 58, 21, 29, 135, 5, 108, 86, 15, 74, 88, 98, 60, 7, 56, 175, 15, 76, 19, 145, 101, 148, 84, 29, 154, 145, 79, 28, 57, 56, 96, 207, 58, 57, 14, 50, 92, 27, 30, 120, 329, 14, 54, 411, 195, 101, 73, 30, 202, 0)
s = 115: (0, 34, 103, 60, 56, 9, 81, 118, 52, 26, 122, 25, 60, 160, 32, 43, 55, 59, 93, 140, 135, 46, 156, 132, 12, 186, 61, 21, 43, 66, 108, 71, 231, 38, 128, 47, 28, 39, 29, 17, 26, 72, 32, 105, 12, 32, 177, 5, 187, 117, 23, 66, 128, 99, 50, 4, 77, 108, 20, 73, 21, 176, 61, 63, 55, 23, 251, 72, 68, 28, 92, 47, 73, 141, 98, 125, 16, 62, 190, 40, 30, 165, 235, 13, 55, 320, 178, 161, 113, 50, 261, 0)
s = 116: (0, 51, 141, 64, 75, 17, 60, 118, 40, 32, 144, 14, 66, 102, 18, 55, 81, 30, 80, 163, 88, 60, 86, 149, 12, 119, 40, 21, 60, 60, 76, 94, 254, 28, 88, 40, 44, 33, 41, 11, 29, 79, 45, 113, 10, 24, 318, 7, 89, 77, 12, 121, 119, 93, 81, 7, 63, 265, 21, 72, 14, 92, 143, 135, 159, 35, 231, 62, 109, 20, 72, 28, 113, 211, 90, 90, 20, 78, 128, 38, 20, 88, 267, 18, 40, 186, 147, 154, 84, 45, 131, 0)
s = 117: (0, 47, 57, 86, 70, 15, 141, 91, 53, 24, 101, 17, 70, 82, 32, 53, 72, 64, 127, 136, 119, 57, 223, 221, 16, 103, 83, 24, 57, 99, 145, 61, 195, 47, 74, 46, 59, 32, 63, 17, 16, 50, 56, 63, 9, 18, 123, 8, 152, 91, 17, 112, 129, 91, 102, 5, 105, 121, 28, 90, 12, 163, 76, 116, 74, 66, 178, 59, 90, 32, 73, 38, 85, 264, 74, 68, 25, 75, 124, 35, 19, 77, 391, 19, 32, 238, 108, 180, 87, 66, 246, 0)
s = 118: (0, 29, 94, 82, 108, 12, 72, 152, 52, 33, 157, 26, 55, 81, 18, 54, 66, 43, 122, 131, 74, 49, 74, 219, 19, 139, 34, 23, 56, 96, 75, 120, 214, 19, 104, 37, 39, 49, 50, 12, 20, 43, 36, 98, 14, 23, 248, 7, 211, 103, 11, 112, 87, 72, 52, 11, 113, 244, 14, 79, 14, 114, 72, 87, 63, 34, 187, 73, 68, 22, 93, 23, 54, 359, 88, 78, 25, 96, 75, 40, 21, 89, 152, 14, 41, 349, 165, 114, 149, 59, 199, 0)
s = 119: (0, 47, 100, 36, 89, 17, 116, 97, 54, 22, 132, 20, 93, 156, 28, 40, 123, 50, 63, 169, 121, 84, 159, 233, 14, 145, 66, 13, 86, 45, 76, 91, 157, 42, 102, 55, 45, 26, 49, 13, 18, 45, 61, 118, 16, 25, 203, 6, 120, 113, 21, 82, 80, 56, 47, 5, 74, 273, 17, 57, 9, 122, 102, 102, 123, 37, 154, 67, 67, 18, 65, 34, 65, 298, 67, 76, 20, 49, 83, 49, 30, 80, 204, 13, 29, 296, 228, 112, 174, 30, 232, 0)
s = 120: (0, 40, 90, 51, 88, 14, 99, 164, 35, 39, 125, 15, 41, 104, 26, 32, 113, 53, 102, 91, 116, 65, 177, 119, 20, 91, 70, 19, 51, 103, 97, 68, 283, 53, 128, 37, 54, 52, 40, 16, 34, 115, 80, 59, 9, 22, 218, 9, 84, 84, 25, 70, 95, 57, 46, 9, 89, 168, 20, 99, 23, 169, 182, 59, 154, 41, 174, 81, 110, 17, 68, 41, 66, 320, 55, 59, 19, 102, 107, 55, 24, 70, 343, 11, 55, 265, 193, 158, 104, 37, 119, 0)
s = 121: (0, 70, 137, 52, 86, 8, 147, 113, 63, 29, 107, 16, 51, 159, 33, 51, 114, 35, 91, 194, 171, 57, 155, 185, 15, 142, 40, 21, 42, 101, 88, 68, 164, 33, 119, 29, 44, 32, 46, 15, 21, 93, 66, 86, 13, 28, 214, 11, 169, 105, 17, 65, 84, 55, 72, 5, 77, 130, 14, 78, 15, 142, 124, 69, 60, 53, 150, 94, 62, 34, 78, 44, 79, 254, 66, 101, 26, 73, 199, 55, 21, 83, 159, 21, 47, 297, 252, 191, 93, 48, 218, 0)
s = 122: (0, 44, 90, 102, 122, 9, 119, 146, 57, 26, 138, 22, 46, 128, 25, 45, 53, 69, 96, 140, 68, 37, 82, 203, 20, 154, 71, 21, 59, 101, 119, 93, 193, 33, 82, 35, 35, 62, 37, 19, 25, 72, 72, 105, 19, 19, 300, 5, 216, 113, 24, 66, 77, 101, 65, 5, 62, 150, 17, 77, 11, 187, 73, 83, 87, 30, 155, 66, 137, 14, 51, 44, 70, 228, 69, 86, 17, 69, 77, 31, 16, 117, 178, 24, 34, 224, 96, 213, 108, 64, 175, 0)
s = 123: (0, 65, 68, 46, 97, 16, 112, 88, 55, 27, 137, 21, 60, 179, 24, 32, 111, 70, 118, 214, 118, 80, 109, 90, 12, 107, 52, 24, 45, 73, 75, 85, 109, 35, 56, 28, 58, 38, 59, 14, 13, 64, 55, 77, 11, 14, 137, 7, 75, 126, 13, 76, 95, 97, 93, 6, 47, 291, 13, 94, 12, 162, 69, 87, 84, 41, 111, 112, 59, 17, 68, 44, 86, 265, 102, 74, 24, 55, 76, 38, 34, 129, 179, 10, 27, 322, 132, 149, 100, 71, 206, 0)
s = 124: (0, 34, 81, 114, 95, 8, 105, 140, 86, 24, 116, 15, 85, 204, 17, 33, 106, 49, 123, 107, 157, 40, 160, 147, 23, 154, 42, 27, 76, 75, 106, 99, 107, 24, 121, 53, 35, 30, 32, 13, 20, 112, 68, 59, 14, 22, 286, 8, 118, 106, 12, 92, 94, 90, 39, 5, 59, 199, 18, 62, 18, 130, 52, 106, 85, 47, 254, 112, 71, 19, 40, 29, 76, 389, 84, 119, 22, 79, 115, 38, 27, 91, 134, 14, 45, 180, 128, 195, 127, 39, 304, 0)
s = 125: (0, 49, 73, 138, 156, 20, 133, 172, 44, 19, 99, 25, 47, 104, 18, 83, 81, 50, 78, 115, 112, 53, 86, 109, 14, 92, 53, 27, 39, 67, 127, 63, 137, 22, 102, 30, 26, 26, 43, 19, 24, 93, 55, 86, 13, 37, 188, 5, 191, 125, 12, 123, 128, 79, 56, 5, 52, 278, 19, 61, 10, 183, 70, 69, 112, 34, 124, 85, 77, 22, 88, 22, 133, 193, 87, 107, 22, 62, 149, 25, 27, 76, 350, 22, 55, 273, 147, 140, 67, 42, 144, 0)
s = 126: (0, 68, 62, 59, 118, 11, 140, 94, 63, 20, 136, 11, 49, 126, 23, 66, 63, 65, 102, 138, 120, 63, 104, 154, 18, 134, 69, 19, 65, 68, 116, 57, 165, 26, 104, 24, 61, 52, 59, 16, 29, 61, 53, 120, 15, 18, 283, 7, 176, 106, 19, 99, 64, 53, 49, 6, 77, 244, 17, 112, 14, 103, 101, 149, 102, 32, 166, 105, 69, 20, 63, 44, 76, 236, 68, 87, 32, 63, 157, 30, 25, 64, 436, 10, 46, 363, 168, 150, 113, 67, 272, 0)
s = 127: (0, 57, 128, 79, 77, 13, 90, 77, 48, 38, 131, 15, 51, 75, 41, 49, 72, 32, 114, 143, 75, 76, 187, 118, 18, 164, 73, 20, 41, 71, 74, 72, 189, 20, 95, 55, 61, 37, 26, 15, 17, 71, 55, 57, 9, 20, 210, 8, 125, 145, 12, 107, 132, 85, 75, 6, 73, 131, 12, 83, 11, 119, 93, 131, 65, 23, 213, 75, 102, 33, 56, 41, 55, 224, 153, 63, 24, 79, 145, 50, 18, 129, 252, 11, 27, 324, 137, 153, 147, 54, 256, 0)
s = 128: (0, 41, 162, 51, 124, 13, 101, 129, 41, 19, 105, 20, 67, 155, 23, 31, 115, 41, 111, 95, 146, 73, 147, 172, 24, 221, 51, 21, 42, 50, 82, 58, 278, 31, 107, 66, 63, 51, 45, 14, 20, 61, 49, 55, 11, 22, 213, 6, 166, 157, 18, 87, 146, 140, 64, 4, 61, 281, 15, 79, 18, 168, 61, 135, 57, 40, 268, 100, 114, 25, 43, 50, 57, 228, 131, 84, 27, 71, 105, 23, 26, 63, 246, 17, 43, 146, 213, 233, 118, 45, 173, 0)
s = 129: (0, 40, 113, 71, 78, 15, 124, 132, 43, 17, 105, 21, 46, 113, 24, 37, 137, 30, 95, 124, 95, 62, 116, 87, 25, 123, 71, 32, 55, 93, 112, 97, 197, 42, 110, 35, 36, 55, 36, 13, 17, 89, 37, 101, 11, 27, 208, 6, 83, 116, 16, 75, 70, 78, 85, 8, 107, 173, 10, 90, 22, 206, 103, 157, 68, 37, 98, 85, 109, 32, 93, 32, 57, 311, 91, 132, 15, 52, 102, 33, 15, 89, 197, 10, 57, 201, 172, 153, 112, 48, 141, 0)
s = 130: (0, 61, 109, 64, 102, 14, 118, 132, 36, 28, 166, 21, 67, 155, 31, 40, 109, 62, 115, 148, 118, 88, 179, 187, 21, 140, 62, 28, 80, 84, 143, 154, 147, 39, 108, 29, 40, 36, 30, 13, 15, 103, 55, 90, 11, 24, 290, 6, 136, 69, 22, 54, 70, 145, 42, 6, 89, 170, 21, 81, 17, 128, 68, 101, 124, 41, 193, 67, 102, 19, 68, 58, 81, 169, 110, 138, 21, 77, 110, 51, 30, 101, 219, 13, 56, 288, 247, 132, 151, 46, 170, 0)
s = 131: (0, 31, 78, 77, 80, 8, 121, 154, 53, 26, 115, 13, 38, 183, 25, 42, 95, 38, 177, 146, 137, 70, 88, 161, 16, 152, 54, 23, 81, 103, 113, 162, 242, 42, 106, 29, 50, 59, 54, 22, 18, 118, 68, 67, 19, 43, 195, 5, 152, 185, 18, 55, 110, 58, 69, 8, 64, 172, 20, 110, 21, 116, 76, 97, 136, 31, 104, 68, 58, 41, 66, 34, 119, 250, 67, 97, 23, 85, 159, 28, 14, 140, 346, 22, 41, 245, 106, 238, 153, 70, 183, 0)
s = 132: (0, 60, 82, 66, 91, 15, 96, 187, 50, 27, 119, 14, 33, 153, 16, 58, 115, 66, 60, 98, 61, 46, 170, 205, 29, 181, 72, 29, 68, 108, 88, 68, 296, 30, 120, 68, 41, 42, 47, 21, 21, 48, 73, 113, 21, 16, 243, 5, 181, 123, 25, 81, 79, 121, 46, 7, 72, 305, 13, 70, 27, 116, 156, 139, 95, 48, 106, 99, 97, 16, 83, 35, 77, 275, 81, 105, 25, 94, 74, 38, 21, 94, 200, 11, 30, 157, 204, 173, 110, 44, 168, 0)
s = 133: (0, 58, 76, 74, 123, 11, 172, 115, 41, 25, 110, 17, 93, 147, 23, 46, 201, 41, 96, 240, 83, 55, 151, 263, 25, 158, 91, 22, 70, 59, 91, 92, 216, 23, 122, 34, 29, 27, 32, 24, 28, 76, 35, 92, 10, 26, 206, 7, 140, 74, 28, 65, 131, 144, 36, 8, 74, 215, 17, 96, 10, 165, 124, 68, 78, 40, 113, 81, 82, 24, 71, 52, 90, 186, 107, 111, 29, 69, 149, 42, 16, 62, 272, 16, 52, 296, 223, 174, 138, 61, 300, 0)
s = 134: (0, 73, 106, 50, 93, 16, 164, 88, 88, 29, 174, 24, 78, 149, 24, 43, 100, 57, 100, 132, 95, 69, 92, 123, 21, 206, 54, 14, 42, 58, 146, 69, 211, 29, 76, 28, 29, 51, 30, 22, 16, 74, 64, 75, 13, 14, 193, 7, 102, 143, 14, 95, 76, 86, 61, 5, 52, 210, 15, 50, 12, 152, 81, 118, 99, 40, 222, 83, 58, 23, 89, 39, 71, 186, 127, 129, 15, 97, 115, 42, 18, 105, 148, 18, 54, 126, 168, 139, 104, 64, 226, 0)
s = 135: (0, 85, 69, 69, 92, 12, 78, 165, 82, 23, 103, 13, 56, 158, 27, 33, 81, 45, 80, 192, 113, 47, 134, 233, 25, 118, 72, 16, 46, 63, 139, 94, 129, 22, 88, 42, 41, 33, 54, 14, 31, 51, 38, 66, 9, 34, 244, 7, 107, 74, 15, 107, 70, 65, 62, 5, 46, 227, 18, 56, 15, 222, 69, 70, 51, 25, 165, 83, 87, 20, 79, 36, 61, 290, 91, 90, 26, 84, 89, 37, 19, 176, 277, 28, 61, 231, 159, 181, 85, 58, 163, 0)
s = 136: (0, 75, 100, 75, 142, 12, 82, 171, 79, 29, 177, 23, 63, 152, 39, 24, 96, 49, 63, 112, 119, 75, 99, 134, 19, 144, 80, 17, 37, 50, 119, 116, 220, 43, 120, 39, 29, 34, 92, 18, 23, 112, 59, 57, 13, 35, 228, 5, 157, 69, 15, 79, 62, 49, 53, 7, 78, 273, 17, 81, 25, 130, 112, 103, 63, 41, 201, 120, 99, 32, 88, 31, 76, 276, 78, 84, 16, 56, 108, 35, 15, 78, 256, 14, 59, 244, 127, 170, 107, 69, 143, 0)
s = 137: (0, 91, 87, 107, 86, 12, 101, 154, 78, 38, 118, 19, 50, 136, 18, 38, 70, 59, 83, 100, 68, 38, 117, 249, 15, 114, 52, 12, 41, 57, 100, 96, 237, 21, 64, 26, 32, 58, 70, 16, 19, 79, 56, 91, 18, 26, 168, 6, 147, 70, 21, 53, 100, 80, 79, 9, 103, 218, 27, 41, 15, 120, 110, 93, 135, 36, 157, 107, 126, 27, 107, 39, 107, 151, 60, 74, 31, 67, 104, 30, 25, 94, 272, 12, 28, 183, 150, 131, 147, 32, 193, 0)
s = 138: (0, 39, 66, 63, 100, 15, 90, 190, 43, 21, 177, 17, 88, 109, 33, 61, 77, 75, 103, 136, 82, 86, 196, 164, 28, 247, 97, 17, 79, 45, 94, 122, 179, 26, 130, 32, 48, 53, 44, 19, 14, 62, 34, 92, 12, 16, 195, 5, 126, 78, 15, 91, 90, 51, 38, 6, 94, 165, 13, 70, 14, 143, 132, 82, 55, 55, 177, 95, 113, 21, 53, 41, 59, 266, 81, 124, 38, 53, 156, 34, 17, 70, 257, 17, 65, 138, 144, 212, 132, 44, 204, 0)
s = 139: (0, 47, 58, 85, 108, 12, 103, 166, 60, 31, 159, 29, 77, 164, 29, 27, 161, 56, 115, 126, 61, 64, 265, 137, 20, 106, 66, 22, 63, 137, 136, 52, 283, 30, 68, 35, 59, 56, 64, 22, 17, 47, 71, 147, 12, 26, 161, 9, 94, 140, 17, 80, 102, 78, 45, 8, 108, 223, 22, 56, 18, 219, 54, 127, 122, 46, 176, 56, 46, 22, 69, 23, 78, 156, 76, 61, 26, 76, 129, 29, 27, 68, 259, 28, 41, 172, 236, 175, 131, 76, 223, 0)
s = 140: (0, 71, 81, 76, 148, 18, 73, 88, 50, 23, 156, 18, 58, 119, 15, 41, 91, 40, 152, 206, 128, 45, 155, 121, 16, 111, 88, 22, 77, 135, 66, 57, 285, 21, 111, 60, 56, 42, 48, 16, 13, 57, 64, 78, 14, 25, 240, 9, 152, 81, 16, 130, 143, 54, 84, 10, 48, 180, 15, 61, 19, 89, 126, 100, 88, 54, 160, 77, 123, 19, 81, 37, 133, 238, 74, 120, 28, 86, 155, 38, 14, 76, 141, 12, 34, 185, 184, 119, 136, 69, 154, 0)
s = 141: (0, 37, 94, 95, 117, 11, 89, 123, 87, 25, 153, 14, 47, 84, 25, 40, 75, 46, 69, 196, 99, 70, 93, 85, 14, 173, 43, 15, 46, 60, 78, 134, 274, 32, 76, 29, 54, 55, 34, 17, 26, 116, 59, 92, 16, 22, 302, 6, 225, 92, 28, 58, 96, 94, 82, 4, 77, 213, 18, 55, 10, 172, 60, 121, 117, 24, 235, 129, 68, 29, 74, 38, 103, 148, 89, 85, 20, 49, 73, 60, 16, 106, 257, 18, 51, 198, 267, 197, 126, 67, 273, 0)
s = 142: (0, 37, 72, 90, 71, 13, 56, 108, 67, 27, 177, 13, 64, 130, 17, 48, 73, 46, 124, 119, 104, 46, 117, 80, 21, 119, 60, 17, 89, 74, 96, 121, 196, 34, 79, 35, 63, 25, 38, 14, 12, 60, 68, 74, 14, 17, 223, 4, 106, 96, 13, 74, 95, 98, 68, 9, 98, 131, 15, 65, 10, 164, 125, 57, 104, 43, 170, 92, 100, 26, 86, 33, 85, 147, 91, 94, 25, 74, 96, 51, 24, 63, 193, 29, 42, 176, 181, 144, 120, 41, 217, 0)
s = 143: (0, 64, 74, 65, 91, 10, 77, 134, 65, 26, 201, 31, 74, 211, 26, 54, 99, 39, 101, 76, 95, 66, 112, 103, 20, 138, 109, 15, 58, 51, 87, 84, 286, 19, 114, 32, 31, 59, 47, 23, 17, 53, 50, 94, 13, 15, 169, 9, 103, 135, 19, 124, 55, 60, 39, 6, 79, 165, 28, 66, 18, 161, 113, 92, 118, 40, 144, 82, 71, 18, 40, 51, 65, 135, 134, 68, 27, 83, 69, 36, 22, 80, 208, 27, 51, 276, 144, 206, 165, 44, 165, 0)
s = 144: (0, 77, 55, 56, 76, 18, 58, 166, 75, 31, 142, 29, 48, 115, 22, 48, 89, 70, 57, 152, 101, 54, 116, 170, 22, 134, 101, 14, 62, 82, 96, 91, 165, 30, 160, 50, 82, 47, 44, 12, 31, 106, 37, 71, 12, 24, 306, 6, 187, 113, 12, 93, 151, 69, 91, 8, 123, 177, 21, 77, 13, 138, 106, 125, 100, 55, 218, 139, 90, 17, 87, 38, 105, 235, 67, 99, 21, 51, 107, 37, 26, 156, 211, 18, 42, 235, 192, 182, 191, 31, 175, 0)
s = 145: (0, 55, 76, 61, 99, 9, 171, 95, 75, 32, 209, 19, 58, 148, 16, 37, 59, 63, 156, 151, 96, 46, 83, 114, 25, 170, 75, 18, 36, 54, 98, 67, 156, 40, 72, 56, 37, 41, 36, 13, 20, 73, 58, 69, 10, 29, 181, 9, 159, 99, 17, 145, 127, 63, 94, 8, 67, 146, 17, 105, 19, 111, 59, 109, 87, 30, 100, 52, 73, 23, 47, 34, 84, 368, 79, 94, 33, 55, 123, 33, 31, 72, 408, 18, 36, 201, 105, 161, 131, 41, 124, 0)
s = 146: (0, 59, 104, 90, 98, 13, 81, 90, 41, 24, 206, 22, 36, 174, 27, 28, 92, 34, 75, 130, 113, 52, 171, 131, 16, 106, 124, 15, 50, 95, 130, 133, 193, 44, 54, 30, 46, 43, 50, 17, 20, 60, 52, 68, 8, 26, 137, 6, 100, 104, 18, 151, 84, 67, 47, 5, 127, 131, 24, 46, 25, 182, 113, 94, 54, 52, 160, 89, 102, 27, 55, 36, 57, 224, 104, 115, 16, 53, 176, 33, 25, 160, 309, 10, 36, 149, 249, 120, 162, 47, 260, 0)
s = 147: (0, 36, 142, 95, 128, 10, 71, 77, 59, 36, 119, 13, 77, 141, 20, 49, 90, 58, 178, 99, 141, 41, 155, 110, 18, 160, 41, 23, 75, 58, 67, 85, 132, 35, 100, 38, 46, 64, 28, 13, 21, 49, 75, 83, 13, 33, 226, 6, 203, 86, 15, 115, 127, 60, 88, 5, 49, 225, 23, 45, 19, 121, 103, 127, 130, 37, 102, 100, 77, 24, 100, 32, 81, 327, 131, 113, 26, 53, 80, 42, 38, 77, 166, 12, 62, 339, 272, 279, 171, 40, 299, 0)
s = 148: (0, 37, 60, 92, 85, 12, 76, 104, 67, 33, 108, 15, 86, 101, 27, 31, 125, 54, 134, 92, 55, 53, 92, 150, 15, 128, 45, 23, 63, 57, 76, 56, 205, 41, 69, 23, 43, 57, 38, 19, 24, 123, 45, 59, 17, 30, 341, 7, 114, 114, 16, 153, 160, 56, 78, 6, 42, 194, 13, 54, 17, 101, 117, 95, 67, 39, 206, 114, 92, 19, 53, 45, 95, 177, 61, 66, 30, 65, 126, 32, 18, 66, 219, 11, 36, 222, 147, 150, 130, 31, 303, 0)
s = 149: (0, 88, 63, 108, 111, 11, 59, 124, 46, 49, 84, 16, 78, 88, 22, 40, 63, 33, 72, 141, 57, 76, 139, 162, 21, 128, 51, 28, 75, 84, 57, 115, 202, 35, 142, 40, 64, 48, 42, 16, 24, 69, 41, 52, 19, 27, 265, 6, 181, 104, 13, 66, 68, 100, 77, 5, 135, 160, 24, 79, 24, 165, 80, 66, 122, 30, 206, 110, 84, 17, 102, 43, 74, 216, 103, 116, 29, 102, 98, 22, 20, 93, 171, 16, 45, 189, 173, 137, 131, 67, 172, 0)
s = 150: (0, 57, 72, 78, 127, 14, 112, 188, 61, 20, 132, 20, 76, 127, 37, 42, 109, 66, 120, 72, 137, 90, 144, 131, 17, 108, 53, 16, 67, 95, 138, 172, 161, 37, 126, 39, 59, 37, 33, 15, 18, 85, 77, 104, 13, 29, 212, 4, 156, 62, 27, 77, 86, 53, 48, 7, 55, 234, 14, 50, 13, 92, 81, 102, 77, 22, 132, 95, 57, 25, 64, 61, 66, 149, 144, 92, 20, 62, 175, 23, 25, 60, 165, 14, 60, 322, 138, 178, 144, 60, 245, 0)
s = 151: (0, 47, 88, 134, 108, 12, 107, 137, 66, 31, 165, 17, 41, 152, 16, 44, 93, 51, 101, 118, 76, 58, 137, 146, 27, 152, 38, 14, 56, 105, 65, 85, 264, 34, 99, 65, 47, 55, 36, 12, 25, 91, 56, 123, 14, 35, 309, 5, 84, 146, 13, 87, 86, 46, 37, 5, 69, 159, 15, 93, 13, 96, 62, 76, 76, 24, 123, 127, 123, 21, 82, 51, 101, 327, 115, 75, 21, 96, 85, 44, 21, 63, 272, 14, 30, 410, 176, 190, 128, 62, 234, 0)
s = 152: (0, 60, 63, 57, 80, 22, 63, 116, 34, 25, 143, 11, 55, 91, 28, 48, 127, 39, 62, 179, 85, 61, 125, 134, 25, 210, 52, 22, 110, 110, 82, 88, 240, 45, 104, 27, 40, 24, 33, 25, 31, 50, 52, 86, 9, 29, 285, 9, 142, 89, 23, 57, 109, 67, 50, 8, 114, 194, 19, 100, 9, 159, 123, 112, 112, 41, 168, 53, 52, 22, 49, 48, 143, 406, 109, 68, 22, 54, 103, 39, 25, 70, 218, 19, 27, 166, 91, 172, 123, 45, 201, 0)
s = 153: (0, 60, 118, 71, 103, 14, 83, 89, 53, 31, 93, 22, 61, 122, 23, 39, 65, 62, 70, 103, 71, 69, 135, 182, 29, 152, 45, 24, 76, 65, 95, 80, 173, 30, 168, 37, 39, 61, 50, 17, 21, 66, 67, 108, 14, 35, 153, 6, 136, 61, 20, 111, 104, 55, 88, 7, 96, 136, 20, 97, 19, 157, 55, 124, 114, 31, 121, 60, 98, 27, 85, 25, 90, 207, 74, 111, 39, 108, 80, 30, 16, 146, 190, 15, 58, 269, 108, 264, 135, 46, 187, 0)
s = 154: (0, 43, 96, 42, 72, 11, 93, 87, 79, 33, 139, 11, 57, 162, 31, 41, 72, 42, 68, 91, 101, 41, 95, 162, 14, 136, 37, 18, 64, 82, 83, 101, 158, 38, 104, 36, 71, 61, 35, 13, 24, 96, 74, 59, 21, 30, 128, 6, 188, 78, 28, 87, 82, 80, 44, 5, 49, 169, 21, 73, 18, 85, 134, 92, 93, 42, 112, 71, 112, 19, 101, 30, 132, 348, 124, 50, 22, 57, 100, 29, 30, 134, 288, 16, 34, 211, 165, 185, 150, 35, 216, 0)
s = 155: (0, 81, 101, 59, 110, 14, 70, 124, 58, 31, 139, 18, 85, 150, 21, 26, 100, 36, 124, 157, 101, 49, 172, 113, 20, 118, 67, 27, 89, 123, 94, 57, 156, 33, 91, 48, 64, 45, 65, 20, 41, 83, 40, 76, 10, 25, 108, 6, 112, 114, 19, 103, 74, 83, 56, 7, 52, 206, 24, 85, 12, 177, 116, 100, 71, 40, 200, 96, 58, 32, 47, 40, 83, 293, 67, 66, 29, 87, 87, 30, 28, 174, 288, 20, 48, 249, 213, 178, 87, 38, 299, 0)
s = 156: (0, 64, 104, 60, 82, 9, 70, 183, 36, 22, 168, 16, 56, 170, 21, 43, 112, 46, 106, 129, 103, 61, 254, 199, 17, 171, 82, 15, 49, 71, 92, 109, 123, 28, 77, 35, 71, 58, 32, 15, 31, 117, 33, 53, 13, 22, 320, 5, 180, 110, 15, 116, 68, 80, 68, 7, 78, 138, 15, 91, 16, 143, 85, 103, 66, 31, 217, 82, 81, 28, 69, 37, 126, 260, 67, 72, 19, 118, 176, 37, 16, 89, 154, 12, 38, 218, 287, 150, 97, 66, 239, 0)
s = 157: (0, 42, 56, 69, 73, 12, 91, 98, 87, 19, 138, 12, 66, 126, 25, 34, 112, 41, 108, 160, 77, 68, 70, 115, 25, 159, 80, 14, 72, 72, 117, 89, 283, 42, 59, 38, 63, 33, 32, 21, 19, 60, 53, 127, 8, 36, 315, 4, 79, 85, 13, 68, 118, 86, 72, 8, 69, 202, 22, 82, 14, 235, 76, 149, 118, 47, 137, 77, 84, 24, 47, 39, 116, 283, 126, 84, 23, 49, 168, 30, 22, 149, 148, 21, 52, 328, 259, 113, 135, 64, 172, 0)
s = 158: (0, 71, 86, 62, 104, 14, 92, 99, 45, 17, 125, 18, 81, 191, 29, 57, 101, 51, 129, 126, 88, 46, 108, 262, 21, 75, 87, 32, 53, 91, 106, 162, 164, 35, 100, 59, 55, 39, 52, 13, 23, 68, 39, 62, 14, 40, 177, 7, 125, 86, 26, 69, 124, 136, 78, 6, 46, 278, 29, 54, 16, 126, 99, 77, 79, 36, 187, 67, 69, 17, 72, 26, 89, 193, 87, 67, 19, 79, 129, 35, 14, 120, 192, 16, 67, 242, 129, 145, 193, 36, 220, 0)
s = 159: (0, 58, 123, 80, 91, 12, 118, 96, 70, 32, 177, 14, 80, 200, 22, 33, 101, 72, 80, 79, 78, 54, 95, 198, 36, 123, 58, 17, 61, 52, 154, 82, 120, 31, 120, 38, 35, 26, 40, 24, 21, 64, 44, 97, 17, 28, 201, 7, 96, 66, 21, 139, 84, 70, 69, 8, 102, 286, 21, 57, 16, 185, 91, 123, 89, 36, 130, 56, 94, 25, 77, 57, 94, 238, 132, 69, 13, 63, 82, 41, 24, 123, 155, 20, 40, 386, 153, 121, 97, 51, 226, 0)
s = 160: (0, 72, 120, 51, 55, 13, 93, 67, 37, 23, 197, 12, 47, 198, 27, 56, 105, 35, 78, 176, 105, 78, 143, 114, 26, 148, 83, 25, 58, 78, 122, 100, 133, 26, 99, 24, 50, 26, 51, 12, 18, 41, 71, 57, 22, 21, 303, 8, 229, 126, 16, 52, 112, 55, 70, 5, 81, 291, 26, 73, 13, 252, 86, 54, 61, 35, 287, 60, 118, 36, 71, 22, 71, 320, 54, 73, 24, 64, 127, 28, 25, 106, 420, 8, 56, 165, 147, 183, 217, 34, 287, 0)
s = 161: (0, 55, 67, 112, 105, 8, 65, 82, 59, 28, 132, 17, 53, 136, 28, 53, 87, 44, 89, 154, 94, 74, 127, 145, 29, 128, 47, 12, 46, 55, 109, 107, 155, 40, 65, 32, 51, 39, 46, 20, 14, 66, 39, 68, 18, 37, 120, 9, 160, 172, 26, 62, 121, 65, 39, 6, 78, 182, 15, 57, 16, 123, 70, 100, 80, 54, 187, 84, 81, 18, 78, 37, 89, 172, 93, 84, 28, 60, 116, 35, 19, 117, 219, 14, 51, 298, 101, 167, 149, 63, 252, 0)
s = 162: (0, 40, 167, 60, 68, 8, 76, 107, 36, 22, 179, 17, 41, 91, 28, 37, 85, 43, 96, 177, 99, 75, 104, 120, 25, 153, 62, 39, 44, 51, 103, 133, 166, 39, 75, 61, 40, 54, 78, 19, 17, 62, 68, 55, 19, 14, 189, 5, 169, 157, 21, 109, 109, 79, 40, 5, 95, 243, 17, 61, 16, 104, 69, 61, 55, 31, 193, 85, 73, 24, 56, 24, 128, 187, 109, 77, 27, 56, 83, 35, 12, 166, 228, 18, 39, 276, 132, 136, 83, 47, 277, 0)
s = 163: (0, 37, 97, 71, 122, 11, 60, 95, 35, 37, 143, 14, 60, 86, 22, 42, 61, 28, 72, 148, 126, 40, 146, 168, 17, 89, 42, 15, 39, 72, 130, 58, 173, 23, 101, 52, 36, 54, 42, 15, 23, 87, 41, 104, 13, 23, 180, 5, 171, 80, 27, 80, 93, 101, 80, 7, 86, 211, 17, 96, 20, 214, 67, 120, 95, 27, 127, 112, 67, 17, 117, 43, 89, 279, 83, 128, 31, 82, 98, 34, 15, 92, 240, 11, 36, 259, 110, 154, 102, 50, 207, 0)
s = 164: (0, 28, 79, 112, 121, 9, 82, 149, 63, 37, 160, 20, 71, 135, 21, 44, 105, 60, 86, 90, 83, 43, 164, 200, 21, 106, 73, 14, 73, 82, 60, 129, 95, 30, 111, 32, 36, 33, 47, 10, 13, 95, 32, 75, 16, 19, 168, 7, 85, 146, 18, 115, 143, 55, 83, 8, 87, 198, 13, 81, 12, 151, 135, 62, 83, 36, 180, 94, 123, 24, 76, 56, 115, 201, 72, 67, 17, 91, 100, 23, 35, 75, 249, 13, 56, 139, 123, 125, 103, 61, 181, 0)
s = 165: (0, 41, 126, 90, 132, 11, 72, 167, 50, 24, 167, 20, 50, 136, 27, 42, 87, 67, 193, 134, 66, 45, 106, 92, 22, 154, 54, 21, 68, 96, 113, 76, 186, 30, 68, 40, 62, 30, 69, 12, 27, 120, 43, 68, 13, 19, 150, 7, 103, 149, 17, 67, 97, 55, 71, 5, 65, 177, 14, 51, 22, 174, 163, 78, 99, 27, 217, 123, 82, 26, 73, 37, 107, 277, 80, 121, 20, 57, 102, 51, 19, 100, 200, 11, 50, 287, 206, 144, 135, 45, 182, 0)
s = 166: (0, 42, 109, 50, 94, 8, 79, 76, 55, 22, 157, 26, 69, 122, 28, 37, 75, 59, 100, 141, 85, 67, 214, 174, 11, 144, 61, 25, 68, 92, 85, 136, 112, 39, 77, 28, 54, 56, 73, 10, 20, 65, 31, 61, 11, 36, 281, 5, 168, 92, 27, 122, 89, 104, 66, 4, 81, 181, 20, 69, 16, 165, 63, 62, 66, 28, 99, 80, 95, 15, 50, 29, 58, 215, 104, 110, 16, 115, 143, 30, 21, 163, 322, 11, 42, 233, 238, 174, 120, 77, 199, 0)
s = 167: (0, 28, 64, 128, 106, 16, 108, 89, 47, 26, 135, 17, 50, 109, 16, 37, 78, 56, 120, 110, 121, 63, 112, 162, 18, 212, 75, 16, 37, 90, 97, 142, 183, 34, 128, 54, 58, 58, 34, 17, 18, 67, 50, 56, 12, 31, 255, 5, 181, 90, 17, 69, 132, 113, 76, 7, 62, 264, 30, 59, 10, 186, 106, 118, 79, 36, 162, 64, 89, 34, 42, 43, 133, 148, 62, 134, 27, 68, 131, 42, 14, 84, 298, 22, 46, 189, 129, 153, 150, 77, 181, 0)
s = 168: (0, 45, 63, 59, 98, 10, 76, 94, 82, 17, 194, 19, 59, 123, 17, 34, 136, 47, 60, 102, 61, 56, 82, 125, 18, 144, 61, 29, 81, 69, 77, 72, 115, 31, 120, 38, 44, 46, 47, 25, 16, 61, 34, 60, 12, 25, 173, 5, 118, 79, 24, 102, 89, 149, 85, 10, 85, 173, 15, 44, 19, 142, 120, 109, 70, 25, 217, 102, 61, 33, 71, 37, 71, 379, 126, 133, 29, 50, 169, 24, 19, 114, 261, 20, 43, 325, 162, 173, 143, 29, 124, 0)
s = 169: (0, 79, 112, 79, 85, 9, 87, 144, 68, 41, 143, 26, 84, 143, 25, 34, 56, 71, 70, 111, 82, 74, 116, 189, 30, 99, 54, 22, 32, 74, 53, 146, 172, 36, 78, 28, 37, 43, 32, 20, 19, 77, 48, 106, 20, 22, 197, 4, 169, 119, 18, 69, 79, 85, 74, 7, 124, 119, 21, 82, 11, 155, 92, 90, 79, 29, 135, 99, 73, 24, 62, 41, 53, 256, 90, 68, 33, 75, 155, 38, 24, 99, 177, 14, 48, 305, 130, 107, 176, 39, 187, 0)
s = 170: (0, 56, 138, 90, 109, 8, 80, 111, 57, 24, 89, 27, 60, 135, 48, 34, 111, 33, 144, 127, 83, 54, 157, 99, 19, 137, 38, 14, 99, 54, 66, 61, 202, 24, 103, 32, 50, 38, 62, 11, 20, 62, 50, 74, 16, 41, 246, 8, 75, 132, 16, 117, 103, 70, 61, 8, 99, 246, 23, 60, 13, 218, 115, 98, 57, 43, 122, 85, 157, 33, 99, 46, 73, 158, 80, 59, 22, 45, 177, 35, 25, 144, 224, 15, 35, 127, 184, 145, 135, 75, 146, 0)
s = 171: (0, 58, 68, 47, 69, 21, 118, 81, 53, 23, 151, 26, 74, 134, 32, 49, 107, 37, 112, 124, 106, 75, 238, 202, 21, 83, 60, 20, 36, 68, 108, 53, 133, 40, 165, 37, 67, 48, 34, 13, 17, 47, 58, 92, 14, 30, 144, 7, 133, 93, 25, 86, 63, 101, 93, 7, 62, 247, 15, 82, 20, 234, 79, 211, 79, 40, 160, 90, 69, 38, 66, 58, 65, 294, 117, 93, 30, 69, 122, 39, 16, 86, 213, 20, 25, 346, 105, 221, 145, 71, 275, 0)
s = 172: (0, 49, 130, 85, 97, 13, 84, 104, 50, 27, 155, 17, 57, 149, 38, 73, 92, 33, 123, 127, 104, 60, 98, 150, 24, 99, 54, 16, 102, 81, 50, 155, 131, 27, 86, 45, 31, 54, 41, 20, 14, 86, 70, 53, 15, 36, 211, 6, 159, 152, 13, 74, 75, 95, 61, 7, 57, 270, 16, 79, 14, 120, 94, 88, 93, 40, 144, 60, 63, 25, 72, 23, 91, 137, 56, 97, 26, 84, 182, 34, 23, 168, 191, 16, 38, 272, 106, 213, 125, 40, 223, 0)
s = 173: (0, 48, 137, 81, 134, 10, 93, 76, 47, 25, 194, 18, 53, 86, 19, 46, 71, 48, 134, 98, 65, 35, 103, 116, 15, 118, 61, 22, 57, 87, 103, 102, 120, 24, 154, 52, 42, 45, 32, 19, 26, 77, 35, 66, 13, 13, 167, 5, 113, 63, 20, 53, 98, 101, 49, 4, 129, 142, 16, 81, 16, 112, 70, 147, 58, 40, 185, 115, 149, 18, 63, 48, 75, 137, 73, 131, 23, 72, 152, 21, 16, 136, 166, 19, 44, 263, 180, 183, 178, 68, 336, 0)
s = 174: (0, 59, 110, 98, 173, 10, 91, 179, 53, 22, 91, 13, 47, 108, 18, 39, 105, 43, 127, 170, 128, 72, 137, 222, 22, 123, 60, 13, 42, 76, 90, 101, 195, 37, 129, 31, 62, 24, 36, 22, 22, 57, 46, 74, 23, 27, 241, 4, 75, 113, 17, 55, 111, 80, 75, 10, 105, 174, 17, 76, 19, 107, 100, 90, 114, 25, 135, 137, 53, 21, 78, 38, 105, 157, 112, 72, 25, 54, 131, 48, 13, 152, 185, 17, 62, 272, 166, 125, 77, 32, 219, 0)
s = 175: (0, 47, 54, 60, 104, 15, 54, 92, 74, 31, 120, 17, 69, 129, 33, 46, 92, 49, 78, 172, 67, 33, 166, 208, 21, 158, 54, 22, 44, 63, 92, 63, 153, 20, 119, 48, 84, 45, 37, 13, 27, 75, 63, 78, 18, 23, 233, 6, 247, 122, 22, 102, 108, 71, 70, 6, 68, 180, 21, 73, 16, 114, 112, 112, 79, 22, 176, 63, 119, 29, 43, 39, 78, 183, 99, 105, 24, 48, 143, 41, 20, 121, 233, 11, 32, 140, 186, 132, 198, 38, 198, 0)
s = 176: (0, 70, 92, 77, 60, 14, 97, 75, 45, 36, 117, 15, 41, 121, 36, 24, 136, 43, 71, 73, 121, 64, 155, 123, 27, 163, 63, 25, 49, 97, 121, 115, 103, 29, 116, 57, 31, 52, 55, 18, 21, 68, 75, 70, 10, 16, 197, 6, 117, 70, 18, 85, 147, 81, 96, 5, 82, 183, 16, 97, 14, 161, 106, 53, 79, 29, 163, 106, 89, 19, 62, 33, 81, 164, 100, 73, 32, 62, 188, 45, 28, 93, 149, 19, 29, 211, 236, 163, 185, 51, 149, 0)
s = 177: (0, 80, 117, 117, 89, 12, 134, 89, 65, 32, 84, 24, 47, 165, 20, 70, 54, 35, 62, 81, 127, 56, 96, 126, 12, 127, 95, 23, 73, 79, 87, 65, 223, 20, 99, 32, 57, 32, 57, 22, 27, 43, 35, 57, 13, 15, 171, 7, 231, 138, 18, 91, 113, 81, 90, 7, 52, 111, 15, 60, 15, 100, 103, 89, 78, 56, 177, 56, 126, 23, 114, 39, 53, 147, 75, 75, 26, 81, 130, 35, 17, 81, 201, 13, 32, 213, 207, 287, 92, 40, 251, 0)
s = 178: (0, 41, 76, 92, 94, 12, 129, 105, 52, 24, 96, 18, 44, 108, 22, 65, 128, 55, 110, 189, 156, 52, 169, 133, 25, 153, 70, 28, 58, 60, 75, 144, 148, 37, 88, 29, 30, 50, 58, 9, 21, 91, 105, 155, 13, 17, 127, 8, 106, 151, 14, 77, 152, 120, 70, 4, 97, 157, 26, 74, 22, 96, 68, 157, 112, 24, 94, 92, 121, 28, 53, 40, 106, 342, 73, 154, 17, 79, 134, 22, 26, 78, 301, 16, 29, 131, 163, 189, 141, 48, 267, 0)
s = 179: (0, 36, 67, 85, 113, 11, 166, 90, 61, 40, 80, 18, 77, 72, 23, 65, 115, 39, 98, 149, 74, 71, 117, 171, 26, 182, 53, 14, 63, 54, 119, 77, 110, 39, 109, 48, 42, 48, 56, 14, 32, 77, 46, 141, 10, 30, 173, 5, 94, 81, 16, 93, 162, 82, 75, 6, 125, 182, 14, 77, 10, 78, 68, 88, 61, 24, 259, 100, 52, 27, 82, 27, 80, 181, 88, 83, 27, 52, 108, 58, 21, 89, 292, 9, 53, 299, 202, 141, 118, 65, 220, 0)
s = 180: (0, 85, 73, 107, 130, 10, 111, 124, 54, 28, 160, 23, 58, 147, 21, 36, 130, 70, 85, 84, 98, 77, 99, 222, 30, 118, 65, 21, 40, 115, 70, 98, 172, 42, 102, 42, 37, 57, 42, 16, 29, 108, 78, 143, 19, 34, 241, 5, 103, 86, 15, 72, 75, 68, 89, 7, 64, 163, 27, 111, 23, 123, 91, 105, 81, 50, 187, 177, 104, 19, 94, 34, 72, 314, 82, 76, 18, 79, 120, 39, 16, 63, 144, 18, 26, 283, 117, 129, 106, 54, 291, 0)
s = 181: (0, 35, 56, 67, 155, 8, 55, 126, 33, 30, 139, 16, 61, 184, 44, 45, 85, 30, 139, 145, 79, 49, 185, 190, 13, 134, 52, 12, 72, 56, 100, 65, 186, 44, 78, 48, 73, 51, 58, 22, 20, 80, 56, 80, 11, 19, 234, 6, 93, 144, 14, 92, 89, 82, 46, 9, 56, 258, 25, 103, 23, 154, 59, 98, 57, 44, 125, 60, 64, 18, 88, 38, 68, 155, 93, 103, 16, 43, 90, 54, 22, 84, 280, 17, 40, 240, 147, 190, 117, 49, 330, 0)
s = 182: (0, 50, 114, 71, 69, 14, 87, 77, 46, 16, 125, 29, 37, 130, 26, 54, 99, 70, 103, 127, 104, 39, 177, 97, 22, 143, 73, 29, 41, 98, 121, 113, 153, 18, 76, 26, 78, 37, 41, 12, 19, 110, 47, 121, 18, 22, 219, 11, 97, 82, 12, 54, 90, 101, 65, 7, 104, 151, 11, 40, 19, 184, 98, 96, 111, 37, 118, 58, 74, 22, 46, 25, 118, 235, 106, 140, 24, 69, 60, 39, 23, 80, 320, 19, 57, 280, 141, 154, 86, 67, 154, 0)
s = 183: (0, 65, 70, 75, 113, 10, 91, 123, 59, 42, 207, 26, 53, 182, 20, 61, 72, 35, 67, 111, 86, 42, 97, 268, 19, 175, 75, 16, 77, 82, 56, 109, 165, 28, 77, 53, 42, 37, 73, 17, 21, 109, 56, 81, 17, 24, 173, 7, 111, 135, 31, 141, 72, 63, 41, 9, 82, 155, 17, 87, 15, 121, 99, 68, 66, 35, 217, 68, 109, 34, 41, 40, 118, 166, 90, 94, 19, 60, 110, 32, 21, 107, 130, 12, 38, 186, 274, 92, 87, 51, 222, 0)
s = 184: (0, 67, 115, 62, 95, 19, 97, 98, 48, 15, 154, 13, 65, 190, 20, 60, 61, 48, 136, 122, 97, 46, 99, 200, 20, 147, 51, 13, 79, 64, 70, 55, 175, 36, 118, 32, 47, 28, 35, 10, 28, 99, 51, 67, 11, 44, 289, 6, 180, 98, 18, 52, 83, 62, 81, 9, 120, 244, 21, 75, 11, 199, 60, 94, 112, 30, 196, 119, 55, 26, 64, 41, 73, 190, 61, 132, 27, 88, 153, 48, 14, 93, 221, 14, 31, 153, 156, 181, 111, 60, 277, 0)
s = 185: (0, 56, 89, 46, 117, 14, 93, 111, 36, 30, 108, 16, 74, 132, 45, 30, 58, 69, 61, 133, 72, 43, 163, 253, 22, 173, 64, 15, 79, 91, 138, 126, 151, 42, 90, 31, 54, 27, 36, 10, 20, 109, 76, 56, 18, 26, 177, 6, 260, 72, 27, 111, 71, 65, 40, 7, 53, 149, 13, 123, 15, 111, 69, 118, 88, 34, 154, 57, 77, 23, 82, 37, 105, 271, 88, 74, 21, 71, 117, 37, 19, 117, 144, 10, 66, 278, 137, 117, 125, 40, 229, 0)
s = 186: (0, 35, 105, 82, 86, 11, 135, 144, 61, 24, 157, 16, 39, 153, 24, 77, 159, 50, 70, 116, 87, 85, 146, 252, 19, 218, 68, 14, 59, 96, 120, 63, 189, 44, 108, 42, 64, 55, 43, 12, 26, 41, 51, 99, 15, 23, 209, 8, 185, 93, 25, 73, 120, 80, 36, 6, 100, 294, 16, 122, 10, 89, 134, 96, 67, 30, 241, 91, 85, 20, 105, 23, 79, 255, 56, 100, 18, 64, 167, 56, 15, 115, 175, 22, 39, 324, 201, 149, 84, 31, 244, 0)
s = 187: (0, 42, 72, 96, 162, 12, 70, 99, 81, 21, 115, 20, 45, 110, 30, 72, 138, 63, 71, 196, 121, 56, 107, 134, 36, 169, 45, 18, 43, 67, 104, 61, 119, 35, 129, 24, 36, 27, 27, 17, 25, 95, 74, 75, 9, 40, 134, 5, 177, 138, 11, 86, 68, 80, 109, 5, 50, 118, 14, 72, 20, 134, 138, 108, 94, 33, 97, 72, 71, 26, 82, 42, 57, 302, 68, 77, 14, 49, 149, 55, 27, 144, 327, 20, 72, 413, 102, 177, 89, 32, 180, 0)
s = 188: (0, 50, 102, 65, 125, 17, 80, 67, 31, 20, 88, 18, 45, 129, 24, 57, 120, 39, 105, 137, 63, 38, 166, 171, 23, 114, 93, 20, 43, 115, 115, 116, 187, 27, 126, 46, 52, 36, 34, 12, 29, 90, 76, 99, 21, 49, 208, 7, 136, 103, 19, 93, 73, 86, 58, 11, 120, 142, 27, 79, 15, 82, 111, 82, 64, 44, 134, 66, 93, 19, 83, 23, 84, 360, 65, 72, 27, 59, 83, 36, 19, 59, 271, 23, 43, 174, 137, 202, 169, 60, 285, 0)
s = 189: (0, 44, 83, 77, 111, 9, 59, 104, 41, 24, 85, 22, 61, 111, 20, 51, 82, 49, 102, 119, 126, 74, 246, 189, 27, 114, 69, 33, 85, 60, 93, 58, 229, 18, 78, 28, 41, 43, 55, 18, 26, 116, 62, 102, 11, 26, 166, 5, 145, 141, 17, 68, 159, 54, 45, 4, 97, 229, 11, 69, 11, 205, 62, 73, 65, 35, 114, 82, 71, 18, 67, 41, 60, 375, 120, 101, 14, 96, 71, 24, 16, 88, 146, 15, 73, 264, 150, 96, 95, 56, 149, 0)
s = 190: (0, 56, 83, 85, 66, 11, 53, 181, 72, 17, 100, 19, 66, 142, 24, 29, 87, 47, 98, 100, 56, 69, 105, 102, 21, 213, 42, 20, 50, 71, 98, 120, 191, 36, 99, 54, 69, 38, 61, 12, 15, 87, 66, 63, 10, 29, 281, 7, 156, 85, 22, 112, 154, 74, 65, 9, 89, 149, 15, 50, 28, 112, 139, 82, 88, 29, 114, 88, 158, 24, 64, 56, 123, 242, 89, 72, 21, 75, 84, 32, 13, 134, 201, 17, 43, 157, 153, 215, 120, 48, 157, 0)
s = 191: (0, 32, 81, 54, 100, 10, 94, 118, 31, 28, 144, 14, 77, 108, 38, 34, 78, 41, 99, 94, 69, 37, 116, 169, 12, 199, 52, 25, 59, 60, 86, 111, 228, 31, 138, 47, 47, 56, 86, 25, 29, 84, 47, 122, 13, 21, 109, 4, 106, 92, 22, 87, 174, 96, 59, 6, 54, 160, 26, 88, 10, 184, 126, 144, 62, 35, 201, 80, 79, 18, 40, 54, 124, 367, 71, 108, 26, 61, 151, 62, 13, 96, 273, 16, 40, 143, 138, 159, 80, 59, 320, 0)
s = 192: (0, 59, 85, 77, 56, 13, 113, 129, 64, 31, 190, 13, 103, 81, 26, 29, 100, 52, 65, 109, 66, 45, 135, 206, 17, 162, 77, 15, 47, 73, 84, 139, 136, 51, 104, 37, 37, 60, 78, 26, 24, 51, 47, 53, 13, 23, 227, 7, 124, 77, 21, 90, 97, 52, 50, 4, 90, 159, 25, 121, 14, 156, 71, 88, 120, 20, 183, 90, 87, 39, 60, 36, 85, 131, 62, 123, 37, 53, 138, 38, 12, 145, 328, 11, 35, 149, 142, 234, 87, 41, 293, 0)
s = 193: (0, 55, 95, 49, 125, 21, 82, 96, 61, 35, 158, 25, 55, 111, 20, 65, 141, 27, 112, 152, 98, 82, 103, 141, 17, 206, 46, 15, 64, 65, 73, 65, 104, 46, 88, 37, 81, 33, 54, 23, 18, 45, 45, 98, 13, 30, 134, 5, 116, 92, 16, 90, 112, 98, 66, 5, 64, 258, 16, 114, 14, 148, 85, 109, 97, 37, 172, 93, 100, 22, 45, 33, 67, 380, 74, 61, 27, 74, 121, 69, 14, 89, 155, 10, 44, 307, 156, 138, 204, 77, 334, 0)
s = 194: (0, 38, 120, 70, 80, 11, 110, 80, 60, 26, 126, 16, 72, 78, 21, 42, 170, 28, 83, 175, 107, 57, 204, 164, 24, 121, 80, 17, 59, 98, 52, 64, 179, 31, 70, 33, 33, 43, 41, 18, 26, 135, 52, 91, 12, 29, 228, 8, 116, 137, 27, 99, 111, 99, 61, 8, 84, 235, 16, 42, 17, 138, 63, 118, 86, 30, 110, 82, 51, 14, 75, 26, 60, 211, 110, 134, 30, 46, 110, 53, 32, 73, 316, 14, 63, 232, 165, 232, 133, 29, 185, 0)
s = 195: (0, 37, 134, 58, 115, 19, 115, 166, 72, 37, 98, 17, 92, 90, 24, 36, 107, 40, 94, 153, 102, 42, 193, 196, 16, 102, 95, 25, 57, 43, 78, 106, 177, 25, 66, 29, 44, 27, 32, 16, 29, 48, 46, 81, 13, 38, 125, 4, 96, 77, 19, 109, 89, 81, 67, 7, 97, 167, 17, 75, 15, 168, 80, 57, 101, 43, 133, 72, 150, 19, 84, 39, 76, 294, 128, 89, 21, 48, 108, 46, 25, 138, 219, 17, 32, 273, 83, 160, 120, 54, 247, 0)
s = 196: (0, 45, 66, 108, 82, 13, 139, 99, 60, 33, 167, 11, 48, 123, 16, 50, 110, 31, 62, 90, 123, 44, 110, 102, 19, 227, 73, 17, 83, 89, 72, 83, 143, 33, 65, 31, 52, 33, 46, 15, 21, 82, 55, 118, 15, 41, 263, 5, 100, 89, 23, 127, 124, 56, 65, 9, 60, 212, 18, 82, 20, 115, 72, 126, 116, 29, 108, 82, 140, 21, 77, 46, 58, 265, 112, 72, 17, 43, 83, 36, 18, 73, 324, 13, 55, 243, 211, 209, 91, 35, 132, 0)
s = 197: (0, 40, 116, 75, 61, 11, 109, 219, 44, 24, 145, 26, 57, 115, 36, 33, 78, 63, 88, 112, 117, 49, 149, 95, 24, 164, 59, 11, 39, 46, 111, 93, 145, 22, 134, 56, 50, 45, 29, 10, 20, 54, 84, 53, 11, 25, 167, 6, 127, 136, 23, 62, 102, 70, 53, 7, 85, 313, 14, 53, 13, 115, 80, 116, 99, 31, 133, 81, 50, 23, 53, 41, 101, 181, 123, 62, 22, 72, 163, 37, 34, 93, 243, 10, 46, 177, 179, 211, 118, 51, 281, 0)
s = 198: (0, 40, 94, 95, 75, 14, 84, 95, 41, 16, 185, 16, 107, 103, 24, 58, 54, 34, 92, 78, 108, 61, 181, 196, 29, 231, 66, 15, 64, 101, 70, 153, 121, 25, 98, 41, 43, 32, 64, 28, 18, 74, 55, 70, 10, 23, 217, 6, 158, 115, 16, 98, 53, 104, 44, 6, 88, 106, 29, 71, 18, 126, 93, 125, 108, 53, 91, 106, 117, 15, 70, 44, 56, 223, 125, 99, 27, 57, 158, 29, 27, 112, 183, 21, 39, 135, 147, 115, 125, 55, 232, 0)
s = 199: (0, 51, 82, 49, 99, 13, 144, 135, 75, 35, 156, 22, 44, 96, 30, 35, 95, 44, 124, 113, 89, 72, 158, 169, 35, 137, 86, 15, 58, 97, 116, 95, 176, 31, 56, 52, 40, 31, 50, 15, 19, 84, 64, 77, 13, 35, 161, 6, 129, 138, 21, 58, 88, 57, 64, 6, 48, 243, 12, 55, 13, 232, 97, 108, 141, 31, 131, 71, 80, 17, 80, 48, 80, 167, 119, 70, 18, 67, 159, 35, 24, 101, 134, 16, 85, 221, 160, 177, 124, 38, 170, 0)
s = 200: (0, 37, 73, 57, 139, 17, 83, 74, 45, 21, 109, 16, 84, 93, 19, 32, 158, 29, 116, 126, 78, 57, 89, 192, 23, 179, 55, 32, 85, 58, 76, 82, 102, 23, 70, 26, 38, 44, 67, 11, 22, 80, 45, 99, 9, 34, 126, 6, 108, 112, 11, 81, 94, 109, 62, 7, 61, 165, 25, 80, 14, 92, 96, 54, 59, 49, 129, 86, 118, 19, 66, 53, 118, 273, 71, 87, 13, 62, 74, 24, 15, 73, 238, 21, 79, 171, 186, 169, 138, 50, 148, 0)
************************************************************************
ES/LS-VALUES:
jobnr.   ES(i)    LS(i)
------------------------------------------------------------------------
  0        0        0
  1        0       295
  2        0       345
  3        0       334
  4        7       303
  5        9       367
  6       16       313
  7        7       367
  8        7       367
  9       23       391
 10       29       327
 11        9       344
 12       16       374
 13       43       398
 14        9       359
 15       12       358
 16       12       382
 17       43       348
 18       43       342
 19       12       348
 20       29       363
 21       11       384
 22       31       390
 23       29       368
 24       54       392
 25       21       388
 26       27       422
 27       10       369
 28       13       373
 29       54       364
 30       48       423
 31       57       413
 32       60       394
 33       73       407
 34       60       360
 35       11       372
 36       72       372
 37       76       430
 38       61       382
 39       57       419
 40       41       426
 41       73       430
 42       24       393
 43       10       370
 44       73       433
 45       79       380
 46       41       376
 47       71       408
 48       71       393
 49       24       406
 50       61       427
 51       31       410
 52       16       400
 53       55       412
 54       16       406
 55       88       390
 56       63       421
 57       44       384
 58       72       424
 59       89       435
 60       72       410
 61       85       426
 62       60       401
 63       60       416
 64       99       443
 65       89       408
 66       76       411
 67       89       392
 68       74       435
 69       70       427
 70       59       421
 71       93       429
 72       108       436
 73       72       429
 74       108       412
 75       98       435
 76       126       431
 77       127       447
 78       127       433
 79       98       439
 80       126       443
 81       99       441
 82       138       445
 83       101       443
 84       102       445
 85       72       431
 86       127       449
 87       105       449
 88       126       455
 89       156       464
 90       134       455
 91       160       468
************************************************************************
BIG-M-VALUES:
M1 = 36, M2 = 436
************************************************************************
