************************************************************************
file with basedata            : mm43_.bas
initial value random generator: 17320
************************************************************************
projects                      :  1
jobs (incl. supersource/sink ):  12
horizon                       :  77
RESOURCES
  - renewable                 :  2   R
  - nonrenewable              :  2   N
  - doubly constrained        :  0   D
************************************************************************
PROJECT INFORMATION:
pronr.  #jobs rel.date duedate tardcost  MPM-Time
    1     10      0       15        0       15
************************************************************************
PRECEDENCE RELATIONS:
jobnr.    #modes  #successors   successors
   0        1          3           1   2   3
   1        3          1           4
   2        3          2           7   9
   3        3          3           4   5   6
   4        3          2           8  10
   5        3          1           8
   6        3          2           7   9
   7        3          1           8
   8        3          1          11
   9        3          1          11
  10        3          1          11
  11        1          0        
************************************************************************
REQUESTS/DURATIONS:
jobnr. mode duration  R 1  R 2  R 3  R 4  E(W 1)  E(W 2)  E(W 3)  E(W 4)
------------------------------------------------------------------------
  0      1     0       0    0    0    0     0       0       0       0
  1      1     5       7    7    0    5    35      35       0      25
  2      1     3       2   10    0    6     6      30       0      18
  3      1     4       8    4    6    0    32      16      24       0
  4      1     8       4    9    8    0    32      72      64       0
  5      1     2       9    6   10    0    18      12      20       0
  6      1     2       3    5    3    0     6      10       6       0
  7      1     1       3    8    0    7     3       8       0       7
  8      1     1       6    8    0   10     6       8       0      10
  9      1     7       3    7    3    0    21      49      21       0
 10      1     2       2    6    4    0     4      12       8       0
 11      1     0       0    0    0    0     0       0       0       0
************************************************************************
RESOURCEAVAILABILITIES:
  R 1  R 2  R 3  R 4
   14   16   45   33
************************************************************************
RESOURCE LIMITS:
jobnr.  l(R 1)  u(R 1)  l(R 2)  u(R 2)  l(R 3)  u(R 3)  l(R 4)  u(R 4)
------------------------------------------------------------------------
  0        0       0       0       0       0       0       0       0
  1        4       7       4       7       0       0       3       5
  2        1       2       5      10       0       0       3       6
  3        4       8       2       4       3       6       0       0
  4        2       4       5       9       4       8       0       0
  5        5       9       3       6       5      10       0       0
  6        2       3       3       5       2       3       0       0
  7        2       3       4       8       0       0       4       7
  8        3       6       4       8       0       0       5      10
  9        2       3       4       7       2       3       0       0
 10        1       2       3       6       2       4       0       0
 11        0       0       0       0       0       0       0       0
************************************************************************
SCENARIOS:
------------------------------------------------------------------------
RESOURCE k = 1
s = 1: (0, 39, 6, 37, 35, 27, 10, 4, 6, 19, 3, 0)
s = 2: (0, 29, 4, 33, 33, 21, 6, 4, 4, 21, 5, 0)
s = 3: (0, 36, 4, 35, 33, 30, 7, 4, 5, 23, 5, 0)
s = 4: (0, 44, 5, 41, 21, 17, 6, 3, 6, 22, 3, 0)
s = 5: (0, 37, 6, 44, 32, 27, 6, 4, 6, 26, 5, 0)
s = 6: (0, 27, 9, 50, 23, 17, 6, 4, 11, 19, 4, 0)
s = 7: (0, 44, 5, 22, 50, 18, 6, 4, 6, 33, 5, 0)
s = 8: (0, 24, 7, 26, 22, 20, 6, 5, 5, 27, 4, 0)
s = 9: (0, 38, 10, 20, 25, 14, 5, 2, 8, 19, 7, 0)
s = 10: (0, 38, 6, 20, 35, 12, 8, 3, 8, 19, 5, 0)
s = 11: (0, 25, 12, 32, 27, 20, 4, 3, 8, 21, 5, 0)
s = 12: (0, 35, 4, 34, 24, 18, 5, 3, 7, 23, 4, 0)
s = 13: (0, 43, 6, 29, 25, 17, 5, 4, 7, 23, 6, 0)
s = 14: (0, 30, 4, 33, 32, 14, 4, 4, 6, 26, 5, 0)
s = 15: (0, 31, 9, 28, 34, 21, 7, 3, 8, 29, 3, 0)
s = 16: (0, 23, 8, 30, 27, 24, 5, 6, 7, 20, 5, 0)
s = 17: (0, 26, 6, 43, 20, 25, 6, 3, 5, 18, 7, 0)
s = 18: (0, 64, 7, 29, 60, 18, 7, 3, 8, 21, 5, 0)
s = 19: (0, 37, 7, 20, 41, 22, 7, 3, 5, 20, 6, 0)
s = 20: (0, 27, 6, 29, 36, 18, 6, 3, 9, 23, 4, 0)
s = 21: (0, 20, 6, 31, 45, 16, 8, 4, 12, 33, 4, 0)
s = 22: (0, 45, 5, 35, 32, 13, 7, 3, 8, 23, 7, 0)
s = 23: (0, 46, 7, 36, 58, 26, 4, 4, 5, 20, 5, 0)
s = 24: (0, 22, 4, 36, 23, 14, 10, 4, 9, 24, 5, 0)
s = 25: (0, 27, 5, 53, 48, 22, 6, 4, 6, 21, 5, 0)
s = 26: (0, 36, 6, 32, 32, 20, 6, 4, 7, 17, 4, 0)
s = 27: (0, 36, 4, 36, 25, 28, 9, 3, 6, 19, 3, 0)
s = 28: (0, 39, 8, 28, 53, 18, 7, 2, 5, 19, 4, 0)
s = 29: (0, 62, 5, 17, 41, 19, 5, 3, 8, 30, 4, 0)
s = 30: (0, 44, 5, 26, 31, 19, 5, 3, 6, 25, 4, 0)
s = 31: (0, 42, 7, 22, 51, 25, 7, 4, 6, 24, 4, 0)
s = 32: (0, 22, 8, 46, 36, 14, 5, 4, 8, 29, 7, 0)
s = 33: (0, 33, 6, 37, 30, 17, 5, 5, 10, 26, 3, 0)
s = 34: (0, 38, 6, 47, 26, 24, 8, 3, 6, 27, 4, 0)
s = 35: (0, 25, 7, 35, 35, 17, 7, 3, 6, 17, 6, 0)
s = 36: (0, 35, 7, 43, 44, 17, 4, 3, 5, 22, 4, 0)
s = 37: (0, 34, 10, 34, 41, 15, 8, 3, 6, 18, 5, 0)
s = 38: (0, 31, 5, 59, 34, 20, 7, 4, 10, 26, 5, 0)
s = 39: (0, 37, 5, 43, 24, 26, 9, 4, 7, 19, 5, 0)
s = 40: (0, 35, 7, 44, 24, 17, 7, 2, 8, 27, 4, 0)
s = 41: (0, 23, 9, 44, 31, 22, 5, 3, 7, 31, 3, 0)
s = 42: (0, 25, 5, 33, 30, 24, 7, 3, 8, 30, 4, 0)
s = 43: (0, 26, 5, 30, 27, 15, 6, 5, 4, 25, 4, 0)
s = 44: (0, 23, 6, 30, 23, 12, 5, 4, 5, 38, 7, 0)
s = 45: (0, 53, 7, 29, 22, 11, 8, 2, 9, 20, 4, 0)
s = 46: (0, 26, 9, 42, 22, 23, 6, 5, 7, 18, 5, 0)
s = 47: (0, 36, 5, 48, 23, 21, 5, 3, 4, 14, 6, 0)
s = 48: (0, 27, 9, 19, 28, 11, 7, 4, 4, 18, 7, 0)
s = 49: (0, 30, 9, 22, 24, 16, 5, 3, 5, 21, 3, 0)
s = 50: (0, 23, 4, 26, 45, 14, 5, 3, 7, 31, 3, 0)
s = 51: (0, 34, 5, 32, 48, 15, 5, 4, 5, 20, 4, 0)
s = 52: (0, 28, 8, 28, 40, 22, 7, 3, 8, 37, 3, 0)
s = 53: (0, 28, 7, 21, 25, 15, 5, 3, 5, 30, 8, 0)
s = 54: (0, 32, 7, 43, 28, 22, 8, 5, 10, 22, 7, 0)
s = 55: (0, 20, 7, 45, 33, 14, 7, 3, 4, 19, 4, 0)
s = 56: (0, 24, 8, 26, 40, 22, 7, 2, 9, 19, 6, 0)
s = 57: (0, 48, 7, 20, 39, 12, 7, 2, 5, 13, 8, 0)
s = 58: (0, 33, 6, 31, 35, 16, 8, 3, 5, 20, 5, 0)
s = 59: (0, 35, 7, 25, 25, 20, 10, 3, 4, 26, 5, 0)
s = 60: (0, 32, 4, 36, 27, 27, 5, 5, 5, 14, 6, 0)
s = 61: (0, 26, 8, 27, 31, 21, 7, 2, 6, 17, 3, 0)
s = 62: (0, 36, 7, 34, 19, 26, 6, 3, 9, 22, 4, 0)
s = 63: (0, 23, 8, 38, 54, 22, 9, 3, 6, 20, 4, 0)
s = 64: (0, 38, 6, 39, 28, 21, 5, 3, 7, 12, 5, 0)
s = 65: (0, 43, 5, 38, 37, 19, 7, 2, 8, 19, 5, 0)
s = 66: (0, 40, 6, 26, 25, 10, 5, 4, 6, 21, 5, 0)
s = 67: (0, 37, 6, 52, 23, 16, 5, 5, 10, 17, 5, 0)
s = 68: (0, 33, 5, 39, 30, 29, 7, 4, 9, 28, 3, 0)
s = 69: (0, 34, 6, 30, 29, 27, 6, 3, 7, 21, 3, 0)
s = 70: (0, 43, 4, 43, 52, 14, 6, 3, 5, 14, 5, 0)
s = 71: (0, 32, 5, 20, 24, 18, 6, 3, 9, 18, 5, 0)
s = 72: (0, 28, 5, 25, 34, 11, 7, 3, 11, 25, 3, 0)
s = 73: (0, 50, 6, 35, 31, 20, 5, 4, 4, 13, 5, 0)
s = 74: (0, 39, 6, 29, 33, 13, 6, 3, 6, 21, 4, 0)
s = 75: (0, 42, 7, 39, 55, 15, 6, 3, 9, 25, 4, 0)
s = 76: (0, 31, 7, 33, 35, 17, 6, 4, 4, 29, 3, 0)
s = 77: (0, 26, 6, 41, 31, 28, 4, 5, 8, 20, 6, 0)
s = 78: (0, 26, 7, 31, 20, 27, 8, 3, 6, 17, 4, 0)
s = 79: (0, 46, 5, 28, 32, 18, 6, 3, 5, 17, 4, 0)
s = 80: (0, 38, 5, 24, 19, 14, 6, 3, 5, 21, 3, 0)
s = 81: (0, 36, 4, 28, 34, 16, 4, 2, 9, 12, 3, 0)
s = 82: (0, 32, 5, 35, 22, 11, 5, 3, 5, 20, 4, 0)
s = 83: (0, 34, 6, 26, 28, 14, 9, 3, 9, 18, 4, 0)
s = 84: (0, 26, 5, 26, 53, 12, 5, 3, 8, 30, 4, 0)
s = 85: (0, 35, 7, 37, 32, 17, 8, 4, 8, 20, 5, 0)
s = 86: (0, 31, 8, 45, 33, 11, 6, 4, 7, 18, 4, 0)
s = 87: (0, 35, 7, 59, 19, 12, 8, 4, 5, 15, 6, 0)
s = 88: (0, 31, 7, 43, 39, 18, 6, 3, 6, 13, 5, 0)
s = 89: (0, 26, 6, 23, 42, 17, 5, 3, 6, 16, 4, 0)
s = 90: (0, 50, 9, 32, 26, 17, 5, 3, 6, 13, 5, 0)
s = 91: (0, 26, 6, 28, 32, 24, 6, 2, 7, 25, 6, 0)
s = 92: (0, 28, 8, 26, 30, 20, 9, 3, 7, 14, 5, 0)
s = 93: (0, 38, 5, 49, 24, 25, 6, 3, 7, 22, 4, 0)
s = 94: (0, 48, 7, 32, 26, 21, 7, 4, 7, 13, 5, 0)
s = 95: (0, 38, 9, 26, 19, 22, 6, 4, 6, 19, 4, 0)
s = 96: (0, 58, 7, 41, 47, 13, 9, 3, 5, 23, 7, 0)
s = 97: (0, 51, 8, 41, 32, 28, 6, 3, 5, 20, 4, 0)
s = 98: (0, 24, 9, 25, 34, 11, 6, 3, 6, 24, 6, 0)
s = 99: (0, 46, 9, 19, 28, 22, 6, 3, 7, 27, 6, 0)
s = 100: (0, 27, 6, 27, 30, 23, 4, 2, 5, 19, 4, 0)
s = 101: (0, 42, 6, 36, 38, 21, 5, 3, 5, 14, 4, 0)
s = 102: (0, 27, 5, 32, 35, 18, 6, 3, 6, 23, 4, 0)
s = 103: (0, 29, 7, 32, 20, 19, 7, 3, 9, 17, 4, 0)
s = 104: (0, 24, 8, 36, 31, 20, 6, 3, 8, 34, 6, 0)
s = 105: (0, 27, 10, 33, 27, 11, 4, 3, 5, 16, 5, 0)
s = 106: (0, 32, 5, 37, 20, 16, 7, 4, 6, 31, 7, 0)
s = 107: (0, 27, 7, 35, 44, 13, 8, 4, 9, 24, 6, 0)
s = 108: (0, 43, 6, 46, 22, 11, 4, 3, 5, 18, 3, 0)
s = 109: (0, 33, 9, 31, 37, 16, 5, 5, 6, 25, 6, 0)
s = 110: (0, 60, 4, 42, 21, 22, 5, 3, 5, 18, 3, 0)
s = 111: (0, 28, 8, 27, 42, 14, 7, 3, 4, 13, 4, 0)
s = 112: (0, 54, 9, 38, 35, 22, 4, 4, 4, 24, 4, 0)
s = 113: (0, 23, 8, 40, 42, 29, 8, 2, 7, 26, 4, 0)
s = 114: (0, 21, 8, 34, 24, 20, 9, 4, 7, 33, 3, 0)
s = 115: (0, 32, 8, 36, 33, 17, 5, 3, 8, 28, 6, 0)
s = 116: (0, 52, 6, 24, 33, 23, 4, 4, 5, 22, 4, 0)
s = 117: (0, 36, 6, 22, 37, 10, 5, 3, 6, 18, 4, 0)
s = 118: (0, 44, 4, 37, 25, 13, 6, 3, 8, 16, 6, 0)
s = 119: (0, 24, 10, 33, 24, 25, 5, 4, 6, 21, 4, 0)
s = 120: (0, 29, 4, 28, 29, 25, 6, 4, 7, 19, 4, 0)
s = 121: (0, 35, 7, 30, 24, 13, 5, 4, 7, 17, 3, 0)
s = 122: (0, 38, 5, 43, 60, 19, 6, 3, 5, 28, 3, 0)
s = 123: (0, 27, 6, 35, 23, 18, 5, 5, 5, 31, 4, 0)
s = 124: (0, 55, 6, 38, 37, 25, 5, 5, 5, 28, 4, 0)
s = 125: (0, 33, 5, 29, 40, 15, 4, 3, 8, 12, 4, 0)
s = 126: (0, 32, 4, 31, 50, 13, 5, 3, 6, 18, 3, 0)
s = 127: (0, 41, 10, 33, 49, 12, 7, 3, 8, 36, 4, 0)
s = 128: (0, 37, 7, 26, 20, 25, 7, 3, 6, 15, 5, 0)
s = 129: (0, 54, 8, 20, 40, 16, 4, 4, 7, 18, 4, 0)
s = 130: (0, 46, 7, 26, 24, 23, 8, 3, 8, 26, 4, 0)
s = 131: (0, 38, 8, 37, 53, 19, 8, 4, 5, 19, 4, 0)
s = 132: (0, 55, 6, 37, 35, 25, 7, 3, 7, 20, 7, 0)
s = 133: (0, 41, 6, 33, 36, 20, 8, 3, 4, 17, 4, 0)
s = 134: (0, 39, 5, 25, 33, 23, 5, 3, 5, 32, 5, 0)
s = 135: (0, 28, 6, 34, 43, 17, 9, 2, 5, 14, 3, 0)
s = 136: (0, 23, 9, 47, 20, 14, 5, 3, 7, 24, 3, 0)
s = 137: (0, 62, 7, 34, 35, 20, 7, 4, 9, 21, 4, 0)
s = 138: (0, 32, 7, 31, 28, 19, 6, 2, 7, 21, 3, 0)
s = 139: (0, 37, 4, 23, 28, 20, 7, 4, 6, 19, 4, 0)
s = 140: (0, 35, 9, 23, 31, 27, 5, 4, 7, 19, 4, 0)
s = 141: (0, 36, 9, 23, 22, 15, 8, 3, 6, 14, 4, 0)
s = 142: (0, 24, 9, 30, 24, 14, 7, 2, 6, 30, 4, 0)
s = 143: (0, 49, 5, 30, 39, 19, 5, 4, 9, 23, 7, 0)
s = 144: (0, 22, 4, 34, 25, 11, 9, 5, 6, 18, 5, 0)
s = 145: (0, 25, 4, 30, 42, 20, 5, 4, 6, 17, 4, 0)
s = 146: (0, 42, 7, 41, 39, 30, 5, 3, 7, 32, 5, 0)
s = 147: (0, 43, 6, 23, 24, 11, 6, 3, 7, 35, 3, 0)
s = 148: (0, 31, 6, 28, 33, 17, 8, 3, 8, 20, 6, 0)
s = 149: (0, 37, 10, 28, 30, 12, 5, 4, 7, 22, 3, 0)
s = 150: (0, 27, 7, 25, 43, 14, 6, 5, 8, 21, 7, 0)
s = 151: (0, 22, 4, 19, 24, 14, 9, 3, 4, 14, 4, 0)
s = 152: (0, 23, 9, 25, 51, 14, 10, 4, 8, 23, 7, 0)
s = 153: (0, 36, 8, 40, 35, 23, 7, 3, 9, 24, 5, 0)
s = 154: (0, 46, 5, 21, 31, 22, 5, 3, 6, 19, 5, 0)
s = 155: (0, 46, 7, 46, 33, 13, 5, 4, 5, 14, 5, 0)
s = 156: (0, 24, 6, 36, 29, 27, 7, 5, 6, 24, 5, 0)
s = 157: (0, 53, 7, 22, 26, 15, 7, 4, 6, 18, 4, 0)
s = 158: (0, 26, 5, 29, 32, 17, 8, 3, 7, 25, 4, 0)
s = 159: (0, 31, 6, 30, 42, 20, 9, 3, 9, 18, 3, 0)
s = 160: (0, 27, 8, 62, 18, 16, 6, 4, 4, 23, 3, 0)
s = 161: (0, 22, 8, 32, 28, 23, 5, 3, 5, 21, 4, 0)
s = 162: (0, 53, 5, 25, 21, 14, 5, 5, 7, 22, 6, 0)
s = 163: (0, 32, 6, 25, 27, 26, 8, 3, 5, 20, 5, 0)
s = 164: (0, 42, 5, 20, 42, 18, 6, 4, 8, 27, 3, 0)
s = 165: (0, 42, 5, 36, 25, 23, 9, 5, 6, 22, 4, 0)
s = 166: (0, 26, 4, 32, 38, 24, 8, 3, 11, 32, 5, 0)
s = 167: (0, 41, 9, 34, 35, 15, 5, 5, 6, 22, 6, 0)
s = 168: (0, 48, 5, 38, 25, 16, 5, 3, 5, 31, 4, 0)
s = 169: (0, 58, 8, 32, 32, 22, 8, 2, 5, 22, 5, 0)
s = 170: (0, 40, 9, 30, 28, 21, 6, 3, 5, 31, 5, 0)
s = 171: (0, 54, 4, 34, 50, 22, 7, 2, 8, 26, 4, 0)
s = 172: (0, 32, 7, 31, 46, 22, 6, 3, 6, 22, 3, 0)
s = 173: (0, 40, 6, 37, 30, 24, 10, 3, 4, 19, 4, 0)
s = 174: (0, 47, 9, 38, 26, 16, 7, 2, 7, 20, 4, 0)
s = 175: (0, 29, 8, 34, 26, 17, 6, 3, 5, 34, 4, 0)
s = 176: (0, 41, 7, 36, 23, 19, 7, 3, 9, 36, 5, 0)
s = 177: (0, 24, 9, 35, 27, 25, 7, 4, 8, 15, 5, 0)
s = 178: (0, 25, 6, 36, 23, 18, 6, 3, 4, 22, 4, 0)
s = 179: (0, 39, 9, 40, 20, 23, 8, 3, 4, 26, 4, 0)
s = 180: (0, 30, 11, 22, 42, 13, 5, 3, 9, 31, 4, 0)
s = 181: (0, 27, 4, 41, 27, 11, 5, 3, 6, 18, 4, 0)
s = 182: (0, 32, 6, 32, 34, 14, 5, 4, 10, 14, 4, 0)
s = 183: (0, 24, 5, 39, 29, 19, 5, 4, 10, 18, 5, 0)
s = 184: (0, 21, 5, 27, 31, 29, 9, 3, 9, 21, 4, 0)
s = 185: (0, 45, 5, 23, 26, 16, 4, 5, 6, 29, 4, 0)
s = 186: (0, 44, 5, 20, 44, 13, 6, 3, 7, 25, 4, 0)
s = 187: (0, 42, 4, 27, 34, 16, 5, 3, 4, 14, 3, 0)
s = 188: (0, 34, 7, 30, 17, 14, 9, 4, 10, 28, 3, 0)
s = 189: (0, 40, 5, 24, 23, 29, 4, 4, 7, 27, 6, 0)
s = 190: (0, 59, 7, 17, 38, 14, 6, 4, 10, 15, 6, 0)
s = 191: (0, 24, 4, 45, 43, 16, 5, 4, 8, 20, 6, 0)
s = 192: (0, 31, 6, 36, 32, 15, 6, 2, 5, 23, 4, 0)
s = 193: (0, 47, 5, 39, 42, 21, 7, 2, 7, 25, 3, 0)
s = 194: (0, 41, 10, 21, 36, 12, 6, 5, 8, 14, 4, 0)
s = 195: (0, 39, 8, 20, 51, 15, 6, 3, 5, 26, 5, 0)
s = 196: (0, 24, 6, 23, 39, 19, 8, 3, 4, 16, 3, 0)
s = 197: (0, 34, 10, 32, 33, 23, 10, 3, 5, 20, 6, 0)
s = 198: (0, 34, 6, 25, 25, 25, 6, 3, 6, 24, 3, 0)
s = 199: (0, 34, 9, 32, 38, 26, 6, 4, 8, 20, 4, 0)
s = 200: (0, 40, 7, 42, 22, 28, 6, 3, 6, 29, 4, 0)
------------------------------------------------------------------------
RESOURCE k = 2
s = 1: (0, 39, 29, 19, 79, 18, 16, 10, 7, 44, 7, 0)
s = 2: (0, 29, 17, 17, 74, 14, 9, 11, 6, 48, 13, 0)
s = 3: (0, 36, 20, 18, 74, 20, 11, 9, 6, 52, 13, 0)
s = 4: (0, 44, 22, 21, 47, 11, 10, 7, 8, 51, 9, 0)
s = 5: (0, 37, 30, 22, 72, 18, 10, 9, 8, 60, 13, 0)
s = 6: (0, 27, 45, 25, 51, 11, 10, 11, 14, 43, 11, 0)
s = 7: (0, 44, 22, 11, 113, 12, 9, 9, 8, 77, 14, 0)
s = 8: (0, 24, 35, 13, 48, 13, 10, 13, 6, 63, 10, 0)
s = 9: (0, 38, 46, 10, 55, 10, 9, 6, 10, 44, 21, 0)
s = 10: (0, 38, 30, 10, 78, 8, 12, 6, 10, 43, 13, 0)
s = 11: (0, 25, 59, 16, 61, 13, 6, 8, 10, 49, 13, 0)
s = 12: (0, 35, 18, 17, 54, 12, 9, 7, 9, 52, 12, 0)
s = 13: (0, 43, 30, 15, 55, 12, 8, 10, 9, 52, 17, 0)
s = 14: (0, 30, 20, 17, 71, 10, 7, 10, 7, 59, 13, 0)
s = 15: (0, 31, 43, 14, 76, 14, 12, 8, 11, 66, 9, 0)
s = 16: (0, 23, 39, 15, 60, 16, 8, 15, 9, 46, 15, 0)
s = 17: (0, 26, 30, 22, 44, 17, 9, 8, 6, 41, 19, 0)
s = 18: (0, 64, 34, 15, 134, 12, 11, 6, 11, 48, 14, 0)
s = 19: (0, 37, 33, 10, 92, 15, 12, 6, 7, 46, 18, 0)
s = 20: (0, 27, 28, 15, 80, 12, 10, 6, 12, 53, 11, 0)
s = 21: (0, 20, 29, 16, 100, 11, 13, 10, 15, 77, 12, 0)
s = 22: (0, 45, 22, 18, 70, 9, 11, 6, 11, 53, 20, 0)
s = 23: (0, 46, 35, 18, 130, 18, 7, 10, 7, 46, 15, 0)
s = 24: (0, 22, 19, 18, 51, 9, 16, 9, 11, 55, 15, 0)
s = 25: (0, 27, 25, 27, 108, 15, 10, 9, 8, 49, 13, 0)
s = 26: (0, 36, 28, 16, 72, 13, 9, 9, 10, 39, 10, 0)
s = 27: (0, 36, 20, 18, 56, 19, 14, 7, 7, 43, 9, 0)
s = 28: (0, 39, 36, 14, 119, 12, 11, 5, 6, 44, 11, 0)
s = 29: (0, 62, 24, 9, 92, 13, 8, 7, 11, 69, 11, 0)
s = 30: (0, 44, 21, 13, 69, 13, 7, 7, 7, 57, 10, 0)
s = 31: (0, 42, 31, 11, 114, 17, 11, 9, 8, 54, 12, 0)
s = 32: (0, 22, 36, 23, 81, 10, 8, 9, 10, 66, 19, 0)
s = 33: (0, 33, 28, 19, 67, 12, 8, 13, 13, 60, 9, 0)
s = 34: (0, 38, 27, 24, 57, 16, 13, 6, 7, 62, 10, 0)
s = 35: (0, 25, 31, 18, 79, 12, 11, 8, 7, 40, 16, 0)
s = 36: (0, 35, 35, 22, 99, 11, 7, 7, 7, 50, 11, 0)
s = 37: (0, 34, 47, 17, 92, 10, 13, 7, 8, 42, 14, 0)
s = 38: (0, 31, 23, 30, 77, 13, 11, 10, 14, 60, 15, 0)
s = 39: (0, 37, 24, 22, 53, 17, 14, 10, 10, 43, 14, 0)
s = 40: (0, 35, 34, 22, 52, 11, 11, 5, 10, 62, 10, 0)
s = 41: (0, 23, 43, 22, 69, 15, 8, 8, 9, 71, 8, 0)
s = 42: (0, 25, 24, 17, 67, 16, 12, 6, 11, 68, 11, 0)
s = 43: (0, 26, 22, 15, 61, 10, 10, 11, 6, 57, 11, 0)
s = 44: (0, 23, 28, 15, 52, 8, 8, 9, 7, 88, 19, 0)
s = 45: (0, 53, 32, 15, 48, 8, 13, 5, 11, 46, 12, 0)
s = 46: (0, 26, 45, 21, 48, 15, 9, 12, 9, 41, 15, 0)
s = 47: (0, 36, 25, 24, 52, 14, 9, 7, 5, 33, 16, 0)
s = 48: (0, 27, 45, 10, 63, 8, 11, 10, 6, 42, 19, 0)
s = 49: (0, 30, 42, 11, 54, 11, 8, 7, 6, 48, 9, 0)
s = 50: (0, 23, 17, 13, 102, 9, 9, 7, 9, 72, 9, 0)
s = 51: (0, 34, 23, 16, 108, 10, 8, 10, 6, 46, 12, 0)
s = 52: (0, 28, 39, 14, 90, 15, 11, 7, 11, 86, 9, 0)
s = 53: (0, 28, 32, 11, 56, 10, 8, 7, 7, 70, 22, 0)
s = 54: (0, 32, 34, 22, 61, 15, 13, 12, 13, 51, 21, 0)
s = 55: (0, 20, 32, 23, 73, 10, 12, 7, 5, 43, 11, 0)
s = 56: (0, 24, 36, 13, 89, 15, 11, 5, 12, 43, 18, 0)
s = 57: (0, 48, 34, 10, 87, 8, 12, 6, 6, 29, 22, 0)
s = 58: (0, 33, 26, 16, 79, 11, 12, 7, 6, 46, 14, 0)
s = 59: (0, 35, 34, 13, 55, 14, 17, 6, 6, 60, 14, 0)
s = 60: (0, 32, 19, 18, 61, 18, 8, 12, 6, 32, 16, 0)
s = 61: (0, 26, 39, 14, 68, 14, 11, 6, 8, 38, 9, 0)
s = 62: (0, 36, 32, 17, 43, 17, 10, 6, 11, 51, 12, 0)
s = 63: (0, 23, 37, 19, 121, 15, 14, 8, 8, 46, 11, 0)
s = 64: (0, 38, 27, 20, 63, 14, 9, 7, 9, 28, 15, 0)
s = 65: (0, 43, 24, 19, 83, 13, 11, 6, 10, 44, 15, 0)
s = 66: (0, 40, 27, 13, 57, 7, 8, 10, 7, 49, 14, 0)
s = 67: (0, 37, 28, 26, 52, 11, 7, 11, 13, 39, 13, 0)
s = 68: (0, 33, 24, 20, 67, 19, 11, 11, 12, 65, 7, 0)
s = 69: (0, 34, 30, 15, 64, 18, 9, 6, 10, 47, 8, 0)
s = 70: (0, 43, 20, 22, 116, 10, 10, 8, 7, 32, 13, 0)
s = 71: (0, 32, 21, 10, 52, 12, 10, 7, 12, 41, 15, 0)
s = 72: (0, 28, 22, 13, 75, 7, 11, 8, 14, 58, 7, 0)
s = 73: (0, 50, 28, 18, 70, 13, 7, 9, 5, 29, 13, 0)
s = 74: (0, 39, 27, 15, 73, 9, 9, 6, 8, 49, 11, 0)
s = 75: (0, 42, 35, 20, 123, 10, 9, 7, 12, 57, 12, 0)
s = 76: (0, 31, 31, 17, 78, 11, 9, 10, 5, 68, 9, 0)
s = 77: (0, 26, 28, 21, 69, 19, 6, 12, 11, 47, 17, 0)
s = 78: (0, 26, 35, 16, 44, 18, 13, 8, 8, 39, 11, 0)
s = 79: (0, 46, 25, 14, 72, 12, 9, 6, 6, 38, 12, 0)
s = 80: (0, 38, 22, 12, 42, 9, 10, 7, 6, 48, 9, 0)
s = 81: (0, 36, 17, 14, 77, 11, 6, 5, 12, 28, 9, 0)
s = 82: (0, 32, 25, 18, 48, 8, 7, 6, 7, 46, 12, 0)
s = 83: (0, 34, 28, 13, 62, 10, 14, 7, 12, 40, 12, 0)
s = 84: (0, 26, 21, 13, 119, 8, 8, 7, 10, 70, 11, 0)
s = 85: (0, 35, 34, 19, 72, 12, 14, 9, 10, 46, 15, 0)
s = 86: (0, 31, 36, 23, 74, 8, 9, 11, 9, 41, 11, 0)
s = 87: (0, 35, 31, 30, 43, 8, 13, 10, 7, 35, 18, 0)
s = 88: (0, 31, 34, 22, 88, 12, 9, 8, 7, 30, 15, 0)
s = 89: (0, 26, 29, 12, 94, 11, 8, 7, 8, 38, 10, 0)
s = 90: (0, 50, 44, 16, 59, 12, 8, 7, 7, 29, 13, 0)
s = 91: (0, 26, 30, 14, 72, 16, 10, 6, 9, 59, 16, 0)
s = 92: (0, 28, 38, 13, 67, 14, 14, 8, 9, 33, 13, 0)
s = 93: (0, 38, 24, 25, 53, 17, 9, 6, 9, 51, 11, 0)
s = 94: (0, 48, 35, 16, 58, 14, 11, 9, 9, 29, 15, 0)
s = 95: (0, 38, 41, 13, 41, 15, 9, 10, 8, 43, 10, 0)
s = 96: (0, 58, 34, 21, 106, 9, 15, 8, 7, 54, 19, 0)
s = 97: (0, 51, 38, 21, 70, 19, 10, 6, 6, 46, 11, 0)
s = 98: (0, 24, 41, 13, 75, 7, 10, 8, 7, 55, 18, 0)
s = 99: (0, 46, 41, 10, 62, 15, 10, 8, 9, 63, 16, 0)
s = 100: (0, 27, 29, 14, 67, 15, 7, 5, 7, 44, 12, 0)
s = 101: (0, 42, 26, 18, 85, 14, 8, 6, 6, 33, 11, 0)
s = 102: (0, 27, 24, 16, 79, 12, 9, 6, 8, 54, 12, 0)
s = 103: (0, 29, 31, 16, 45, 13, 12, 7, 12, 39, 10, 0)
s = 104: (0, 24, 37, 18, 70, 13, 10, 8, 10, 80, 16, 0)
s = 105: (0, 27, 46, 17, 60, 8, 7, 6, 7, 38, 14, 0)
s = 106: (0, 32, 21, 19, 45, 11, 11, 10, 8, 71, 19, 0)
s = 107: (0, 27, 34, 18, 98, 9, 13, 11, 11, 56, 17, 0)
s = 108: (0, 43, 27, 23, 50, 8, 7, 8, 7, 41, 9, 0)
s = 109: (0, 33, 42, 16, 82, 11, 7, 13, 8, 57, 17, 0)
s = 110: (0, 60, 19, 21, 46, 15, 8, 7, 7, 41, 9, 0)
s = 111: (0, 28, 36, 14, 94, 10, 12, 7, 5, 29, 12, 0)
s = 112: (0, 54, 42, 19, 79, 15, 6, 9, 5, 55, 11, 0)
s = 113: (0, 23, 36, 20, 94, 20, 13, 5, 9, 61, 10, 0)
s = 114: (0, 21, 36, 17, 52, 14, 14, 10, 9, 77, 8, 0)
s = 115: (0, 32, 38, 18, 73, 11, 7, 8, 11, 66, 16, 0)
s = 116: (0, 52, 26, 12, 73, 15, 7, 9, 7, 52, 10, 0)
s = 117: (0, 36, 28, 11, 84, 7, 8, 7, 8, 41, 11, 0)
s = 118: (0, 44, 20, 19, 56, 9, 9, 8, 11, 36, 16, 0)
s = 119: (0, 24, 48, 17, 53, 17, 8, 9, 7, 47, 11, 0)
s = 120: (0, 29, 19, 14, 65, 17, 10, 11, 9, 43, 10, 0)
s = 121: (0, 35, 32, 15, 53, 9, 8, 10, 9, 39, 8, 0)
s = 122: (0, 38, 22, 22, 135, 13, 10, 7, 6, 64, 8, 0)
s = 123: (0, 27, 29, 18, 51, 12, 9, 12, 7, 71, 12, 0)
s = 124: (0, 55, 26, 19, 84, 17, 8, 12, 6, 65, 10, 0)
s = 125: (0, 33, 22, 15, 90, 10, 7, 7, 10, 28, 12, 0)
s = 126: (0, 32, 18, 16, 111, 9, 8, 6, 8, 41, 9, 0)
s = 127: (0, 41, 46, 17, 110, 8, 11, 7, 10, 82, 11, 0)
s = 128: (0, 37, 33, 13, 44, 17, 12, 8, 8, 35, 14, 0)
s = 129: (0, 54, 36, 10, 89, 11, 7, 10, 9, 42, 12, 0)
s = 130: (0, 46, 33, 13, 54, 16, 13, 7, 10, 59, 12, 0)
s = 131: (0, 38, 37, 19, 119, 13, 12, 9, 7, 44, 12, 0)
s = 132: (0, 55, 28, 19, 79, 17, 11, 7, 9, 46, 20, 0)
s = 133: (0, 41, 26, 17, 80, 13, 12, 6, 6, 40, 10, 0)
s = 134: (0, 39, 25, 13, 73, 15, 8, 7, 7, 75, 13, 0)
s = 135: (0, 28, 26, 17, 95, 12, 14, 6, 6, 31, 9, 0)
s = 136: (0, 23, 43, 24, 44, 9, 8, 7, 9, 54, 8, 0)
s = 137: (0, 62, 31, 17, 78, 14, 12, 9, 12, 47, 10, 0)
s = 138: (0, 32, 34, 16, 63, 13, 10, 6, 10, 48, 9, 0)
s = 139: (0, 37, 18, 12, 62, 13, 11, 9, 7, 44, 10, 0)
s = 140: (0, 35, 45, 12, 70, 18, 7, 9, 9, 44, 10, 0)
s = 141: (0, 36, 41, 12, 49, 10, 13, 8, 8, 32, 10, 0)
s = 142: (0, 24, 44, 15, 54, 10, 11, 6, 8, 68, 11, 0)
s = 143: (0, 49, 21, 15, 88, 13, 8, 10, 12, 53, 20, 0)
s = 144: (0, 22, 17, 17, 56, 7, 14, 12, 8, 42, 13, 0)
s = 145: (0, 25, 20, 15, 94, 13, 8, 9, 7, 38, 10, 0)
s = 146: (0, 42, 33, 21, 87, 20, 8, 7, 10, 73, 15, 0)
s = 147: (0, 43, 29, 12, 54, 8, 10, 8, 9, 81, 7, 0)
s = 148: (0, 31, 27, 14, 74, 12, 12, 6, 10, 45, 17, 0)
s = 149: (0, 37, 49, 14, 68, 8, 8, 9, 10, 50, 7, 0)
s = 150: (0, 27, 32, 13, 96, 10, 9, 12, 11, 47, 19, 0)
s = 151: (0, 22, 20, 10, 52, 10, 15, 8, 5, 32, 11, 0)
s = 152: (0, 23, 44, 13, 114, 9, 16, 10, 11, 54, 20, 0)
s = 153: (0, 36, 37, 20, 78, 15, 11, 8, 12, 56, 15, 0)
s = 154: (0, 46, 25, 11, 70, 15, 8, 6, 7, 43, 15, 0)
s = 155: (0, 46, 34, 23, 74, 9, 8, 11, 7, 33, 14, 0)
s = 156: (0, 24, 29, 18, 66, 18, 12, 12, 8, 56, 13, 0)
s = 157: (0, 53, 35, 11, 58, 10, 11, 9, 8, 40, 12, 0)
s = 158: (0, 26, 25, 15, 71, 12, 12, 6, 9, 57, 12, 0)
s = 159: (0, 31, 28, 15, 94, 14, 15, 7, 12, 42, 9, 0)
s = 160: (0, 27, 38, 31, 39, 11, 10, 9, 5, 53, 8, 0)
s = 161: (0, 22, 36, 16, 62, 16, 8, 6, 6, 48, 10, 0)
s = 162: (0, 53, 21, 13, 48, 10, 8, 12, 9, 51, 16, 0)
s = 163: (0, 32, 30, 13, 59, 18, 12, 6, 7, 47, 13, 0)
s = 164: (0, 42, 25, 10, 93, 12, 9, 9, 10, 62, 9, 0)
s = 165: (0, 42, 22, 18, 56, 16, 15, 12, 7, 50, 11, 0)
s = 166: (0, 26, 20, 16, 85, 16, 13, 8, 14, 75, 14, 0)
s = 167: (0, 41, 42, 17, 77, 10, 8, 13, 8, 51, 17, 0)
s = 168: (0, 48, 21, 19, 56, 11, 9, 8, 7, 71, 11, 0)
s = 169: (0, 58, 39, 16, 72, 15, 13, 5, 7, 50, 13, 0)
s = 170: (0, 40, 42, 15, 63, 14, 10, 7, 6, 71, 14, 0)
s = 171: (0, 54, 17, 17, 112, 15, 11, 5, 11, 59, 11, 0)
s = 172: (0, 32, 35, 16, 103, 15, 10, 8, 8, 50, 9, 0)
s = 173: (0, 40, 27, 19, 66, 16, 16, 7, 5, 43, 10, 0)
s = 174: (0, 47, 44, 19, 57, 11, 12, 6, 9, 45, 12, 0)
s = 175: (0, 29, 40, 17, 58, 12, 9, 8, 7, 79, 12, 0)
s = 176: (0, 41, 31, 18, 51, 13, 12, 7, 11, 83, 13, 0)
s = 177: (0, 24, 42, 18, 61, 17, 12, 10, 11, 33, 15, 0)
s = 178: (0, 25, 27, 18, 50, 12, 10, 6, 5, 51, 12, 0)
s = 179: (0, 39, 44, 20, 44, 15, 12, 7, 5, 60, 12, 0)
s = 180: (0, 30, 52, 11, 93, 9, 8, 8, 12, 71, 11, 0)
s = 181: (0, 27, 17, 21, 59, 7, 8, 8, 8, 42, 12, 0)
s = 182: (0, 32, 30, 16, 75, 10, 8, 10, 13, 33, 11, 0)
s = 183: (0, 24, 21, 20, 64, 13, 9, 9, 13, 42, 15, 0)
s = 184: (0, 21, 24, 14, 69, 20, 14, 7, 12, 49, 12, 0)
s = 185: (0, 45, 21, 12, 58, 11, 7, 12, 8, 68, 10, 0)
s = 186: (0, 44, 24, 10, 99, 9, 9, 8, 10, 58, 11, 0)
s = 187: (0, 42, 20, 14, 75, 11, 8, 8, 5, 31, 9, 0)
s = 188: (0, 34, 34, 15, 38, 9, 14, 9, 13, 65, 8, 0)
s = 189: (0, 40, 23, 12, 50, 19, 7, 9, 9, 62, 16, 0)
s = 190: (0, 59, 32, 9, 84, 9, 10, 10, 14, 34, 17, 0)
s = 191: (0, 24, 20, 23, 95, 11, 8, 10, 11, 45, 17, 0)
s = 192: (0, 31, 29, 18, 71, 10, 10, 5, 7, 52, 10, 0)
s = 193: (0, 47, 23, 20, 93, 14, 11, 6, 9, 57, 8, 0)
s = 194: (0, 41, 48, 11, 80, 8, 10, 14, 11, 31, 11, 0)
s = 195: (0, 39, 36, 10, 114, 10, 10, 7, 7, 61, 13, 0)
s = 196: (0, 24, 27, 12, 88, 13, 12, 6, 5, 36, 8, 0)
s = 197: (0, 34, 48, 16, 74, 15, 16, 6, 7, 46, 18, 0)
s = 198: (0, 34, 29, 13, 56, 17, 9, 8, 7, 55, 9, 0)
s = 199: (0, 34, 43, 16, 84, 17, 9, 9, 11, 46, 10, 0)
s = 200: (0, 40, 32, 21, 49, 19, 9, 7, 8, 66, 11, 0)
------------------------------------------------------------------------
RESOURCE k = 3
s = 1: (0, 0, 0, 28, 70, 29, 10, 0, 0, 19, 5, 0)
s = 2: (0, 0, 0, 25, 66, 24, 6, 0, 0, 21, 9, 0)
s = 3: (0, 0, 0, 27, 66, 34, 7, 0, 0, 23, 9, 0)
s = 4: (0, 0, 0, 31, 42, 19, 6, 0, 0, 22, 6, 0)
s = 5: (0, 0, 0, 33, 64, 29, 6, 0, 0, 26, 9, 0)
s = 6: (0, 0, 0, 37, 45, 18, 6, 0, 0, 19, 8, 0)
s = 7: (0, 0, 0, 17, 100, 20, 6, 0, 0, 33, 9, 0)
s = 8: (0, 0, 0, 20, 43, 22, 6, 0, 0, 27, 7, 0)
s = 9: (0, 0, 0, 15, 49, 16, 5, 0, 0, 19, 14, 0)
s = 10: (0, 0, 0, 15, 69, 13, 8, 0, 0, 19, 9, 0)
s = 11: (0, 0, 0, 24, 54, 22, 4, 0, 0, 21, 9, 0)
s = 12: (0, 0, 0, 26, 48, 20, 5, 0, 0, 23, 8, 0)
s = 13: (0, 0, 0, 22, 49, 19, 5, 0, 0, 23, 11, 0)
s = 14: (0, 0, 0, 25, 63, 16, 4, 0, 0, 26, 9, 0)
s = 15: (0, 0, 0, 21, 67, 23, 7, 0, 0, 29, 6, 0)
s = 16: (0, 0, 0, 23, 53, 26, 5, 0, 0, 20, 10, 0)
s = 17: (0, 0, 0, 32, 39, 27, 6, 0, 0, 18, 13, 0)
s = 18: (0, 0, 0, 22, 120, 19, 7, 0, 0, 21, 9, 0)
s = 19: (0, 0, 0, 15, 82, 24, 7, 0, 0, 20, 12, 0)
s = 20: (0, 0, 0, 22, 71, 20, 6, 0, 0, 23, 8, 0)
s = 21: (0, 0, 0, 24, 89, 17, 8, 0, 0, 33, 8, 0)
s = 22: (0, 0, 0, 27, 63, 14, 7, 0, 0, 23, 13, 0)
s = 23: (0, 0, 0, 27, 116, 29, 4, 0, 0, 20, 10, 0)
s = 24: (0, 0, 0, 27, 46, 15, 10, 0, 0, 24, 10, 0)
s = 25: (0, 0, 0, 40, 96, 24, 6, 0, 0, 21, 9, 0)
s = 26: (0, 0, 0, 24, 64, 22, 6, 0, 0, 17, 7, 0)
s = 27: (0, 0, 0, 27, 50, 32, 9, 0, 0, 19, 6, 0)
s = 28: (0, 0, 0, 21, 106, 20, 7, 0, 0, 19, 7, 0)
s = 29: (0, 0, 0, 13, 82, 21, 5, 0, 0, 30, 7, 0)
s = 30: (0, 0, 0, 20, 61, 21, 5, 0, 0, 25, 7, 0)
s = 31: (0, 0, 0, 17, 102, 28, 7, 0, 0, 24, 8, 0)
s = 32: (0, 0, 0, 34, 72, 16, 5, 0, 0, 29, 13, 0)
s = 33: (0, 0, 0, 28, 60, 19, 5, 0, 0, 26, 6, 0)
s = 34: (0, 0, 0, 35, 51, 27, 8, 0, 0, 27, 7, 0)
s = 35: (0, 0, 0, 27, 70, 19, 7, 0, 0, 17, 11, 0)
s = 36: (0, 0, 0, 32, 88, 18, 4, 0, 0, 22, 7, 0)
s = 37: (0, 0, 0, 26, 81, 17, 8, 0, 0, 18, 10, 0)
s = 38: (0, 0, 0, 44, 68, 22, 7, 0, 0, 26, 10, 0)
s = 39: (0, 0, 0, 32, 47, 28, 9, 0, 0, 19, 10, 0)
s = 40: (0, 0, 0, 33, 47, 19, 7, 0, 0, 27, 7, 0)
s = 41: (0, 0, 0, 33, 61, 25, 5, 0, 0, 31, 5, 0)
s = 42: (0, 0, 0, 25, 60, 27, 7, 0, 0, 30, 7, 0)
s = 43: (0, 0, 0, 23, 54, 17, 6, 0, 0, 25, 7, 0)
s = 44: (0, 0, 0, 23, 46, 13, 5, 0, 0, 38, 13, 0)
s = 45: (0, 0, 0, 22, 43, 12, 8, 0, 0, 20, 8, 0)
s = 46: (0, 0, 0, 31, 43, 25, 6, 0, 0, 18, 10, 0)
s = 47: (0, 0, 0, 36, 46, 24, 5, 0, 0, 14, 11, 0)
s = 48: (0, 0, 0, 15, 56, 12, 7, 0, 0, 18, 13, 0)
s = 49: (0, 0, 0, 16, 48, 18, 5, 0, 0, 21, 6, 0)
s = 50: (0, 0, 0, 20, 90, 15, 5, 0, 0, 31, 6, 0)
s = 51: (0, 0, 0, 24, 96, 16, 5, 0, 0, 20, 8, 0)
s = 52: (0, 0, 0, 21, 80, 24, 7, 0, 0, 37, 6, 0)
s = 53: (0, 0, 0, 16, 50, 16, 5, 0, 0, 30, 15, 0)
s = 54: (0, 0, 0, 32, 55, 24, 8, 0, 0, 22, 14, 0)
s = 55: (0, 0, 0, 34, 65, 16, 7, 0, 0, 19, 8, 0)
s = 56: (0, 0, 0, 20, 79, 24, 7, 0, 0, 19, 12, 0)
s = 57: (0, 0, 0, 15, 78, 14, 7, 0, 0, 13, 15, 0)
s = 58: (0, 0, 0, 23, 70, 17, 8, 0, 0, 20, 10, 0)
s = 59: (0, 0, 0, 19, 49, 23, 10, 0, 0, 26, 10, 0)
s = 60: (0, 0, 0, 27, 54, 30, 5, 0, 0, 14, 11, 0)
s = 61: (0, 0, 0, 20, 61, 24, 7, 0, 0, 17, 6, 0)
s = 62: (0, 0, 0, 25, 38, 29, 6, 0, 0, 22, 8, 0)
s = 63: (0, 0, 0, 29, 108, 24, 9, 0, 0, 20, 8, 0)
s = 64: (0, 0, 0, 29, 56, 23, 5, 0, 0, 12, 10, 0)
s = 65: (0, 0, 0, 29, 74, 21, 7, 0, 0, 19, 10, 0)
s = 66: (0, 0, 0, 20, 50, 11, 5, 0, 0, 21, 9, 0)
s = 67: (0, 0, 0, 39, 46, 18, 5, 0, 0, 17, 9, 0)
s = 68: (0, 0, 0, 30, 60, 32, 7, 0, 0, 28, 5, 0)
s = 69: (0, 0, 0, 22, 57, 30, 6, 0, 0, 21, 5, 0)
s = 70: (0, 0, 0, 33, 103, 16, 6, 0, 0, 14, 9, 0)
s = 71: (0, 0, 0, 15, 47, 20, 6, 0, 0, 18, 10, 0)
s = 72: (0, 0, 0, 19, 67, 12, 7, 0, 0, 25, 5, 0)
s = 73: (0, 0, 0, 26, 62, 22, 5, 0, 0, 13, 9, 0)
s = 74: (0, 0, 0, 22, 65, 15, 6, 0, 0, 21, 8, 0)
s = 75: (0, 0, 0, 30, 109, 17, 6, 0, 0, 25, 8, 0)
s = 76: (0, 0, 0, 25, 69, 19, 6, 0, 0, 29, 6, 0)
s = 77: (0, 0, 0, 31, 61, 31, 4, 0, 0, 20, 12, 0)
s = 78: (0, 0, 0, 23, 39, 30, 8, 0, 0, 17, 7, 0)
s = 79: (0, 0, 0, 21, 64, 20, 6, 0, 0, 17, 8, 0)
s = 80: (0, 0, 0, 18, 37, 15, 6, 0, 0, 21, 6, 0)
s = 81: (0, 0, 0, 21, 68, 18, 4, 0, 0, 12, 6, 0)
s = 82: (0, 0, 0, 27, 43, 12, 5, 0, 0, 20, 8, 0)
s = 83: (0, 0, 0, 20, 55, 16, 9, 0, 0, 18, 8, 0)
s = 84: (0, 0, 0, 20, 106, 13, 5, 0, 0, 30, 8, 0)
s = 85: (0, 0, 0, 28, 64, 19, 8, 0, 0, 20, 10, 0)
s = 86: (0, 0, 0, 34, 65, 13, 6, 0, 0, 18, 8, 0)
s = 87: (0, 0, 0, 45, 38, 14, 8, 0, 0, 15, 12, 0)
s = 88: (0, 0, 0, 32, 78, 20, 6, 0, 0, 13, 10, 0)
s = 89: (0, 0, 0, 18, 84, 19, 5, 0, 0, 16, 7, 0)
s = 90: (0, 0, 0, 24, 52, 19, 5, 0, 0, 13, 9, 0)
s = 91: (0, 0, 0, 21, 64, 26, 6, 0, 0, 25, 11, 0)
s = 92: (0, 0, 0, 19, 60, 22, 9, 0, 0, 14, 9, 0)
s = 93: (0, 0, 0, 37, 47, 27, 6, 0, 0, 22, 8, 0)
s = 94: (0, 0, 0, 24, 51, 23, 7, 0, 0, 13, 10, 0)
s = 95: (0, 0, 0, 20, 37, 24, 6, 0, 0, 19, 7, 0)
s = 96: (0, 0, 0, 31, 94, 14, 9, 0, 0, 23, 13, 0)
s = 97: (0, 0, 0, 31, 63, 31, 6, 0, 0, 20, 7, 0)
s = 98: (0, 0, 0, 19, 67, 12, 6, 0, 0, 24, 12, 0)
s = 99: (0, 0, 0, 14, 55, 25, 6, 0, 0, 27, 11, 0)
s = 100: (0, 0, 0, 20, 60, 25, 4, 0, 0, 19, 8, 0)
s = 101: (0, 0, 0, 27, 76, 23, 5, 0, 0, 14, 8, 0)
s = 102: (0, 0, 0, 24, 70, 20, 6, 0, 0, 23, 8, 0)
s = 103: (0, 0, 0, 24, 40, 21, 7, 0, 0, 17, 7, 0)
s = 104: (0, 0, 0, 27, 62, 22, 6, 0, 0, 34, 11, 0)
s = 105: (0, 0, 0, 25, 53, 13, 4, 0, 0, 16, 9, 0)
s = 106: (0, 0, 0, 28, 40, 17, 7, 0, 0, 31, 13, 0)
s = 107: (0, 0, 0, 26, 87, 14, 8, 0, 0, 24, 12, 0)
s = 108: (0, 0, 0, 35, 44, 12, 4, 0, 0, 18, 6, 0)
s = 109: (0, 0, 0, 23, 73, 18, 5, 0, 0, 25, 11, 0)
s = 110: (0, 0, 0, 31, 41, 24, 5, 0, 0, 18, 6, 0)
s = 111: (0, 0, 0, 20, 84, 16, 7, 0, 0, 13, 8, 0)
s = 112: (0, 0, 0, 29, 70, 25, 4, 0, 0, 24, 7, 0)
s = 113: (0, 0, 0, 30, 84, 32, 8, 0, 0, 26, 7, 0)
s = 114: (0, 0, 0, 25, 47, 23, 9, 0, 0, 33, 6, 0)
s = 115: (0, 0, 0, 27, 65, 18, 5, 0, 0, 28, 11, 0)
s = 116: (0, 0, 0, 18, 65, 25, 4, 0, 0, 22, 7, 0)
s = 117: (0, 0, 0, 17, 74, 12, 5, 0, 0, 18, 8, 0)
s = 118: (0, 0, 0, 28, 50, 14, 6, 0, 0, 16, 11, 0)
s = 119: (0, 0, 0, 25, 47, 27, 5, 0, 0, 21, 7, 0)
s = 120: (0, 0, 0, 21, 57, 27, 6, 0, 0, 19, 7, 0)
s = 121: (0, 0, 0, 23, 47, 14, 5, 0, 0, 17, 6, 0)
s = 122: (0, 0, 0, 32, 120, 21, 6, 0, 0, 28, 6, 0)
s = 123: (0, 0, 0, 26, 45, 20, 5, 0, 0, 31, 8, 0)
s = 124: (0, 0, 0, 29, 74, 28, 5, 0, 0, 28, 7, 0)
s = 125: (0, 0, 0, 22, 80, 16, 4, 0, 0, 12, 8, 0)
s = 126: (0, 0, 0, 23, 99, 14, 5, 0, 0, 18, 6, 0)
s = 127: (0, 0, 0, 25, 98, 13, 7, 0, 0, 36, 8, 0)
s = 128: (0, 0, 0, 19, 39, 27, 7, 0, 0, 15, 9, 0)
s = 129: (0, 0, 0, 15, 79, 18, 4, 0, 0, 18, 8, 0)
s = 130: (0, 0, 0, 19, 48, 26, 8, 0, 0, 26, 8, 0)
s = 131: (0, 0, 0, 28, 106, 21, 8, 0, 0, 19, 8, 0)
s = 132: (0, 0, 0, 28, 70, 28, 7, 0, 0, 20, 13, 0)
s = 133: (0, 0, 0, 25, 71, 22, 8, 0, 0, 17, 7, 0)
s = 134: (0, 0, 0, 19, 65, 25, 5, 0, 0, 32, 9, 0)
s = 135: (0, 0, 0, 26, 85, 19, 9, 0, 0, 14, 6, 0)
s = 136: (0, 0, 0, 35, 39, 15, 5, 0, 0, 24, 6, 0)
s = 137: (0, 0, 0, 26, 69, 22, 7, 0, 0, 21, 7, 0)
s = 138: (0, 0, 0, 23, 56, 21, 6, 0, 0, 21, 6, 0)
s = 139: (0, 0, 0, 17, 55, 22, 7, 0, 0, 19, 7, 0)
s = 140: (0, 0, 0, 17, 62, 30, 5, 0, 0, 19, 7, 0)
s = 141: (0, 0, 0, 17, 43, 17, 8, 0, 0, 14, 7, 0)
s = 142: (0, 0, 0, 23, 48, 16, 7, 0, 0, 30, 7, 0)
s = 143: (0, 0, 0, 23, 78, 21, 5, 0, 0, 23, 14, 0)
s = 144: (0, 0, 0, 25, 50, 12, 9, 0, 0, 18, 9, 0)
s = 145: (0, 0, 0, 22, 83, 22, 5, 0, 0, 17, 7, 0)
s = 146: (0, 0, 0, 31, 77, 34, 5, 0, 0, 32, 10, 0)
s = 147: (0, 0, 0, 17, 48, 12, 6, 0, 0, 35, 5, 0)
s = 148: (0, 0, 0, 21, 66, 19, 8, 0, 0, 20, 11, 0)
s = 149: (0, 0, 0, 21, 60, 13, 5, 0, 0, 22, 5, 0)
s = 150: (0, 0, 0, 19, 85, 16, 6, 0, 0, 21, 13, 0)
s = 151: (0, 0, 0, 15, 47, 16, 9, 0, 0, 14, 7, 0)
s = 152: (0, 0, 0, 19, 101, 15, 10, 0, 0, 23, 13, 0)
s = 153: (0, 0, 0, 30, 69, 25, 7, 0, 0, 24, 10, 0)
s = 154: (0, 0, 0, 16, 62, 24, 5, 0, 0, 19, 10, 0)
s = 155: (0, 0, 0, 34, 66, 14, 5, 0, 0, 14, 9, 0)
s = 156: (0, 0, 0, 27, 58, 30, 7, 0, 0, 24, 9, 0)
s = 157: (0, 0, 0, 17, 52, 16, 7, 0, 0, 18, 8, 0)
s = 158: (0, 0, 0, 22, 63, 19, 8, 0, 0, 25, 8, 0)
s = 159: (0, 0, 0, 22, 84, 23, 9, 0, 0, 18, 6, 0)
s = 160: (0, 0, 0, 46, 35, 18, 6, 0, 0, 23, 5, 0)
s = 161: (0, 0, 0, 24, 55, 26, 5, 0, 0, 21, 7, 0)
s = 162: (0, 0, 0, 19, 42, 16, 5, 0, 0, 22, 11, 0)
s = 163: (0, 0, 0, 19, 53, 29, 8, 0, 0, 20, 9, 0)
s = 164: (0, 0, 0, 15, 83, 20, 6, 0, 0, 27, 6, 0)
s = 165: (0, 0, 0, 27, 50, 26, 9, 0, 0, 22, 7, 0)
s = 166: (0, 0, 0, 24, 75, 27, 8, 0, 0, 32, 9, 0)
s = 167: (0, 0, 0, 26, 69, 17, 5, 0, 0, 22, 12, 0)
s = 168: (0, 0, 0, 28, 50, 18, 5, 0, 0, 31, 8, 0)
s = 169: (0, 0, 0, 24, 64, 24, 8, 0, 0, 22, 9, 0)
s = 170: (0, 0, 0, 23, 56, 24, 6, 0, 0, 31, 10, 0)
s = 171: (0, 0, 0, 26, 99, 24, 7, 0, 0, 26, 7, 0)
s = 172: (0, 0, 0, 24, 91, 24, 6, 0, 0, 22, 6, 0)
s = 173: (0, 0, 0, 28, 59, 27, 10, 0, 0, 19, 7, 0)
s = 174: (0, 0, 0, 29, 51, 18, 7, 0, 0, 20, 8, 0)
s = 175: (0, 0, 0, 26, 52, 19, 6, 0, 0, 34, 8, 0)
s = 176: (0, 0, 0, 27, 46, 21, 7, 0, 0, 36, 9, 0)
s = 177: (0, 0, 0, 26, 54, 28, 7, 0, 0, 15, 10, 0)
s = 178: (0, 0, 0, 27, 45, 20, 6, 0, 0, 22, 8, 0)
s = 179: (0, 0, 0, 30, 39, 25, 8, 0, 0, 26, 8, 0)
s = 180: (0, 0, 0, 17, 83, 15, 5, 0, 0, 31, 7, 0)
s = 181: (0, 0, 0, 31, 53, 12, 5, 0, 0, 18, 8, 0)
s = 182: (0, 0, 0, 24, 67, 16, 5, 0, 0, 14, 8, 0)
s = 183: (0, 0, 0, 29, 57, 21, 5, 0, 0, 18, 10, 0)
s = 184: (0, 0, 0, 21, 61, 32, 9, 0, 0, 21, 8, 0)
s = 185: (0, 0, 0, 18, 52, 18, 4, 0, 0, 29, 7, 0)
s = 186: (0, 0, 0, 15, 88, 14, 6, 0, 0, 25, 8, 0)
s = 187: (0, 0, 0, 20, 67, 18, 5, 0, 0, 14, 6, 0)
s = 188: (0, 0, 0, 23, 34, 15, 9, 0, 0, 28, 5, 0)
s = 189: (0, 0, 0, 18, 45, 32, 4, 0, 0, 27, 11, 0)
s = 190: (0, 0, 0, 13, 75, 15, 6, 0, 0, 15, 12, 0)
s = 191: (0, 0, 0, 34, 85, 18, 5, 0, 0, 20, 11, 0)
s = 192: (0, 0, 0, 27, 63, 16, 6, 0, 0, 23, 7, 0)
s = 193: (0, 0, 0, 29, 83, 24, 7, 0, 0, 25, 6, 0)
s = 194: (0, 0, 0, 16, 71, 13, 6, 0, 0, 14, 8, 0)
s = 195: (0, 0, 0, 15, 101, 16, 6, 0, 0, 26, 9, 0)
s = 196: (0, 0, 0, 18, 78, 21, 8, 0, 0, 16, 6, 0)
s = 197: (0, 0, 0, 24, 66, 25, 10, 0, 0, 20, 12, 0)
s = 198: (0, 0, 0, 19, 49, 27, 6, 0, 0, 24, 6, 0)
s = 199: (0, 0, 0, 24, 75, 28, 6, 0, 0, 20, 7, 0)
s = 200: (0, 0, 0, 32, 44, 31, 6, 0, 0, 29, 7, 0)
------------------------------------------------------------------------
RESOURCE k = 4
s = 1: (0, 28, 18, 0, 0, 0, 0, 9, 9, 0, 0, 0)
s = 2: (0, 21, 10, 0, 0, 0, 0, 9, 7, 0, 0, 0)
s = 3: (0, 26, 12, 0, 0, 0, 0, 8, 7, 0, 0, 0)
s = 4: (0, 32, 14, 0, 0, 0, 0, 6, 9, 0, 0, 0)
s = 5: (0, 26, 18, 0, 0, 0, 0, 8, 10, 0, 0, 0)
s = 6: (0, 19, 27, 0, 0, 0, 0, 10, 17, 0, 0, 0)
s = 7: (0, 31, 14, 0, 0, 0, 0, 8, 10, 0, 0, 0)
s = 8: (0, 18, 21, 0, 0, 0, 0, 12, 7, 0, 0, 0)
s = 9: (0, 27, 28, 0, 0, 0, 0, 5, 12, 0, 0, 0)
s = 10: (0, 27, 18, 0, 0, 0, 0, 6, 12, 0, 0, 0)
s = 11: (0, 18, 35, 0, 0, 0, 0, 7, 12, 0, 0, 0)
s = 12: (0, 25, 11, 0, 0, 0, 0, 6, 11, 0, 0, 0)
s = 13: (0, 31, 18, 0, 0, 0, 0, 9, 11, 0, 0, 0)
s = 14: (0, 21, 12, 0, 0, 0, 0, 9, 9, 0, 0, 0)
s = 15: (0, 22, 26, 0, 0, 0, 0, 7, 13, 0, 0, 0)
s = 16: (0, 17, 24, 0, 0, 0, 0, 13, 11, 0, 0, 0)
s = 17: (0, 18, 18, 0, 0, 0, 0, 7, 8, 0, 0, 0)
s = 18: (0, 46, 20, 0, 0, 0, 0, 5, 13, 0, 0, 0)
s = 19: (0, 26, 20, 0, 0, 0, 0, 5, 8, 0, 0, 0)
s = 20: (0, 20, 17, 0, 0, 0, 0, 5, 14, 0, 0, 0)
s = 21: (0, 15, 17, 0, 0, 0, 0, 9, 19, 0, 0, 0)
s = 22: (0, 32, 14, 0, 0, 0, 0, 6, 14, 0, 0, 0)
s = 23: (0, 33, 21, 0, 0, 0, 0, 9, 8, 0, 0, 0)
s = 24: (0, 16, 12, 0, 0, 0, 0, 8, 14, 0, 0, 0)
s = 25: (0, 19, 15, 0, 0, 0, 0, 8, 10, 0, 0, 0)
s = 26: (0, 26, 17, 0, 0, 0, 0, 8, 12, 0, 0, 0)
s = 27: (0, 26, 12, 0, 0, 0, 0, 6, 9, 0, 0, 0)
s = 28: (0, 28, 22, 0, 0, 0, 0, 4, 7, 0, 0, 0)
s = 29: (0, 45, 15, 0, 0, 0, 0, 6, 13, 0, 0, 0)
s = 30: (0, 32, 13, 0, 0, 0, 0, 6, 9, 0, 0, 0)
s = 31: (0, 30, 19, 0, 0, 0, 0, 8, 10, 0, 0, 0)
s = 32: (0, 16, 22, 0, 0, 0, 0, 8, 13, 0, 0, 0)
s = 33: (0, 24, 17, 0, 0, 0, 0, 12, 16, 0, 0, 0)
s = 34: (0, 27, 16, 0, 0, 0, 0, 6, 9, 0, 0, 0)
s = 35: (0, 18, 19, 0, 0, 0, 0, 7, 9, 0, 0, 0)
s = 36: (0, 25, 21, 0, 0, 0, 0, 6, 8, 0, 0, 0)
s = 37: (0, 25, 28, 0, 0, 0, 0, 6, 10, 0, 0, 0)
s = 38: (0, 22, 14, 0, 0, 0, 0, 8, 17, 0, 0, 0)
s = 39: (0, 27, 15, 0, 0, 0, 0, 8, 12, 0, 0, 0)
s = 40: (0, 25, 21, 0, 0, 0, 0, 5, 12, 0, 0, 0)
s = 41: (0, 17, 26, 0, 0, 0, 0, 7, 12, 0, 0, 0)
s = 42: (0, 18, 14, 0, 0, 0, 0, 5, 13, 0, 0, 0)
s = 43: (0, 19, 13, 0, 0, 0, 0, 10, 7, 0, 0, 0)
s = 44: (0, 16, 17, 0, 0, 0, 0, 8, 9, 0, 0, 0)
s = 45: (0, 38, 20, 0, 0, 0, 0, 5, 14, 0, 0, 0)
s = 46: (0, 19, 27, 0, 0, 0, 0, 11, 12, 0, 0, 0)
s = 47: (0, 26, 15, 0, 0, 0, 0, 6, 6, 0, 0, 0)
s = 48: (0, 19, 27, 0, 0, 0, 0, 9, 7, 0, 0, 0)
s = 49: (0, 21, 26, 0, 0, 0, 0, 7, 7, 0, 0, 0)
s = 50: (0, 17, 10, 0, 0, 0, 0, 6, 11, 0, 0, 0)
s = 51: (0, 24, 14, 0, 0, 0, 0, 9, 8, 0, 0, 0)
s = 52: (0, 20, 24, 0, 0, 0, 0, 6, 14, 0, 0, 0)
s = 53: (0, 20, 19, 0, 0, 0, 0, 6, 8, 0, 0, 0)
s = 54: (0, 23, 21, 0, 0, 0, 0, 10, 16, 0, 0, 0)
s = 55: (0, 14, 19, 0, 0, 0, 0, 6, 6, 0, 0, 0)
s = 56: (0, 17, 22, 0, 0, 0, 0, 4, 15, 0, 0, 0)
s = 57: (0, 34, 21, 0, 0, 0, 0, 5, 8, 0, 0, 0)
s = 58: (0, 23, 16, 0, 0, 0, 0, 6, 8, 0, 0, 0)
s = 59: (0, 25, 21, 0, 0, 0, 0, 5, 7, 0, 0, 0)
s = 60: (0, 23, 12, 0, 0, 0, 0, 11, 8, 0, 0, 0)
s = 61: (0, 19, 23, 0, 0, 0, 0, 5, 10, 0, 0, 0)
s = 62: (0, 26, 19, 0, 0, 0, 0, 5, 14, 0, 0, 0)
s = 63: (0, 17, 23, 0, 0, 0, 0, 7, 10, 0, 0, 0)
s = 64: (0, 27, 17, 0, 0, 0, 0, 6, 11, 0, 0, 0)
s = 65: (0, 31, 15, 0, 0, 0, 0, 5, 12, 0, 0, 0)
s = 66: (0, 29, 17, 0, 0, 0, 0, 9, 9, 0, 0, 0)
s = 67: (0, 27, 17, 0, 0, 0, 0, 10, 16, 0, 0, 0)
s = 68: (0, 24, 15, 0, 0, 0, 0, 10, 15, 0, 0, 0)
s = 69: (0, 24, 18, 0, 0, 0, 0, 5, 12, 0, 0, 0)
s = 70: (0, 31, 12, 0, 0, 0, 0, 7, 8, 0, 0, 0)
s = 71: (0, 23, 13, 0, 0, 0, 0, 6, 14, 0, 0, 0)
s = 72: (0, 20, 13, 0, 0, 0, 0, 7, 17, 0, 0, 0)
s = 73: (0, 36, 17, 0, 0, 0, 0, 8, 6, 0, 0, 0)
s = 74: (0, 28, 16, 0, 0, 0, 0, 5, 10, 0, 0, 0)
s = 75: (0, 30, 21, 0, 0, 0, 0, 6, 15, 0, 0, 0)
s = 76: (0, 22, 19, 0, 0, 0, 0, 9, 7, 0, 0, 0)
s = 77: (0, 19, 17, 0, 0, 0, 0, 10, 13, 0, 0, 0)
s = 78: (0, 19, 21, 0, 0, 0, 0, 7, 10, 0, 0, 0)
s = 79: (0, 33, 15, 0, 0, 0, 0, 5, 8, 0, 0, 0)
s = 80: (0, 27, 14, 0, 0, 0, 0, 6, 8, 0, 0, 0)
s = 81: (0, 26, 11, 0, 0, 0, 0, 4, 15, 0, 0, 0)
s = 82: (0, 23, 15, 0, 0, 0, 0, 6, 9, 0, 0, 0)
s = 83: (0, 25, 17, 0, 0, 0, 0, 7, 15, 0, 0, 0)
s = 84: (0, 19, 13, 0, 0, 0, 0, 6, 12, 0, 0, 0)
s = 85: (0, 25, 21, 0, 0, 0, 0, 8, 12, 0, 0, 0)
s = 86: (0, 22, 22, 0, 0, 0, 0, 10, 11, 0, 0, 0)
s = 87: (0, 25, 19, 0, 0, 0, 0, 9, 9, 0, 0, 0)
s = 88: (0, 22, 21, 0, 0, 0, 0, 7, 9, 0, 0, 0)
s = 89: (0, 19, 18, 0, 0, 0, 0, 6, 10, 0, 0, 0)
s = 90: (0, 36, 27, 0, 0, 0, 0, 7, 9, 0, 0, 0)
s = 91: (0, 18, 18, 0, 0, 0, 0, 5, 11, 0, 0, 0)
s = 92: (0, 20, 23, 0, 0, 0, 0, 7, 12, 0, 0, 0)
s = 93: (0, 28, 15, 0, 0, 0, 0, 5, 11, 0, 0, 0)
s = 94: (0, 35, 21, 0, 0, 0, 0, 8, 11, 0, 0, 0)
s = 95: (0, 27, 25, 0, 0, 0, 0, 8, 10, 0, 0, 0)
s = 96: (0, 41, 21, 0, 0, 0, 0, 7, 8, 0, 0, 0)
s = 97: (0, 36, 23, 0, 0, 0, 0, 6, 8, 0, 0, 0)
s = 98: (0, 17, 25, 0, 0, 0, 0, 7, 9, 0, 0, 0)
s = 99: (0, 33, 25, 0, 0, 0, 0, 7, 12, 0, 0, 0)
s = 100: (0, 19, 18, 0, 0, 0, 0, 5, 9, 0, 0, 0)
s = 101: (0, 30, 16, 0, 0, 0, 0, 5, 8, 0, 0, 0)
s = 102: (0, 19, 15, 0, 0, 0, 0, 6, 10, 0, 0, 0)
s = 103: (0, 21, 19, 0, 0, 0, 0, 6, 14, 0, 0, 0)
s = 104: (0, 18, 23, 0, 0, 0, 0, 7, 13, 0, 0, 0)
s = 105: (0, 19, 28, 0, 0, 0, 0, 5, 8, 0, 0, 0)
s = 106: (0, 23, 13, 0, 0, 0, 0, 9, 10, 0, 0, 0)
s = 107: (0, 20, 21, 0, 0, 0, 0, 9, 14, 0, 0, 0)
s = 108: (0, 31, 16, 0, 0, 0, 0, 7, 9, 0, 0, 0)
s = 109: (0, 24, 26, 0, 0, 0, 0, 12, 10, 0, 0, 0)
s = 110: (0, 43, 12, 0, 0, 0, 0, 6, 9, 0, 0, 0)
s = 111: (0, 20, 22, 0, 0, 0, 0, 6, 6, 0, 0, 0)
s = 112: (0, 38, 26, 0, 0, 0, 0, 8, 6, 0, 0, 0)
s = 113: (0, 16, 22, 0, 0, 0, 0, 5, 11, 0, 0, 0)
s = 114: (0, 15, 22, 0, 0, 0, 0, 8, 12, 0, 0, 0)
s = 115: (0, 23, 23, 0, 0, 0, 0, 7, 13, 0, 0, 0)
s = 116: (0, 37, 16, 0, 0, 0, 0, 8, 8, 0, 0, 0)
s = 117: (0, 26, 17, 0, 0, 0, 0, 7, 10, 0, 0, 0)
s = 118: (0, 32, 12, 0, 0, 0, 0, 7, 13, 0, 0, 0)
s = 119: (0, 17, 29, 0, 0, 0, 0, 8, 9, 0, 0, 0)
s = 120: (0, 21, 12, 0, 0, 0, 0, 9, 11, 0, 0, 0)
s = 121: (0, 25, 20, 0, 0, 0, 0, 9, 11, 0, 0, 0)
s = 122: (0, 27, 14, 0, 0, 0, 0, 6, 7, 0, 0, 0)
s = 123: (0, 19, 17, 0, 0, 0, 0, 11, 9, 0, 0, 0)
s = 124: (0, 39, 16, 0, 0, 0, 0, 11, 7, 0, 0, 0)
s = 125: (0, 24, 13, 0, 0, 0, 0, 6, 12, 0, 0, 0)
s = 126: (0, 23, 11, 0, 0, 0, 0, 6, 10, 0, 0, 0)
s = 127: (0, 29, 28, 0, 0, 0, 0, 6, 12, 0, 0, 0)
s = 128: (0, 26, 20, 0, 0, 0, 0, 7, 10, 0, 0, 0)
s = 129: (0, 39, 22, 0, 0, 0, 0, 9, 12, 0, 0, 0)
s = 130: (0, 33, 20, 0, 0, 0, 0, 7, 13, 0, 0, 0)
s = 131: (0, 27, 22, 0, 0, 0, 0, 8, 9, 0, 0, 0)
s = 132: (0, 39, 17, 0, 0, 0, 0, 6, 11, 0, 0, 0)
s = 133: (0, 29, 16, 0, 0, 0, 0, 5, 7, 0, 0, 0)
s = 134: (0, 28, 15, 0, 0, 0, 0, 7, 8, 0, 0, 0)
s = 135: (0, 20, 16, 0, 0, 0, 0, 5, 7, 0, 0, 0)
s = 136: (0, 16, 26, 0, 0, 0, 0, 7, 11, 0, 0, 0)
s = 137: (0, 44, 19, 0, 0, 0, 0, 8, 15, 0, 0, 0)
s = 138: (0, 23, 21, 0, 0, 0, 0, 5, 12, 0, 0, 0)
s = 139: (0, 27, 11, 0, 0, 0, 0, 8, 9, 0, 0, 0)
s = 140: (0, 25, 27, 0, 0, 0, 0, 8, 11, 0, 0, 0)
s = 141: (0, 26, 25, 0, 0, 0, 0, 7, 10, 0, 0, 0)
s = 142: (0, 17, 26, 0, 0, 0, 0, 5, 10, 0, 0, 0)
s = 143: (0, 35, 13, 0, 0, 0, 0, 9, 14, 0, 0, 0)
s = 144: (0, 16, 10, 0, 0, 0, 0, 11, 10, 0, 0, 0)
s = 145: (0, 18, 12, 0, 0, 0, 0, 8, 9, 0, 0, 0)
s = 146: (0, 30, 20, 0, 0, 0, 0, 7, 12, 0, 0, 0)
s = 147: (0, 31, 18, 0, 0, 0, 0, 7, 12, 0, 0, 0)
s = 148: (0, 22, 16, 0, 0, 0, 0, 5, 13, 0, 0, 0)
s = 149: (0, 26, 29, 0, 0, 0, 0, 8, 12, 0, 0, 0)
s = 150: (0, 19, 19, 0, 0, 0, 0, 10, 13, 0, 0, 0)
s = 151: (0, 16, 12, 0, 0, 0, 0, 7, 6, 0, 0, 0)
s = 152: (0, 17, 27, 0, 0, 0, 0, 9, 13, 0, 0, 0)
s = 153: (0, 26, 22, 0, 0, 0, 0, 7, 15, 0, 0, 0)
s = 154: (0, 33, 15, 0, 0, 0, 0, 5, 9, 0, 0, 0)
s = 155: (0, 33, 21, 0, 0, 0, 0, 10, 8, 0, 0, 0)
s = 156: (0, 17, 18, 0, 0, 0, 0, 10, 10, 0, 0, 0)
s = 157: (0, 38, 21, 0, 0, 0, 0, 8, 10, 0, 0, 0)
s = 158: (0, 19, 15, 0, 0, 0, 0, 5, 11, 0, 0, 0)
s = 159: (0, 23, 17, 0, 0, 0, 0, 6, 15, 0, 0, 0)
s = 160: (0, 19, 23, 0, 0, 0, 0, 8, 6, 0, 0, 0)
s = 161: (0, 16, 22, 0, 0, 0, 0, 5, 8, 0, 0, 0)
s = 162: (0, 38, 13, 0, 0, 0, 0, 10, 11, 0, 0, 0)
s = 163: (0, 23, 18, 0, 0, 0, 0, 5, 9, 0, 0, 0)
s = 164: (0, 30, 15, 0, 0, 0, 0, 8, 13, 0, 0, 0)
s = 165: (0, 30, 13, 0, 0, 0, 0, 10, 9, 0, 0, 0)
s = 166: (0, 19, 12, 0, 0, 0, 0, 7, 17, 0, 0, 0)
s = 167: (0, 30, 26, 0, 0, 0, 0, 11, 10, 0, 0, 0)
s = 168: (0, 35, 13, 0, 0, 0, 0, 7, 9, 0, 0, 0)
s = 169: (0, 41, 24, 0, 0, 0, 0, 5, 9, 0, 0, 0)
s = 170: (0, 29, 26, 0, 0, 0, 0, 6, 8, 0, 0, 0)
s = 171: (0, 39, 11, 0, 0, 0, 0, 4, 13, 0, 0, 0)
s = 172: (0, 23, 21, 0, 0, 0, 0, 7, 10, 0, 0, 0)
s = 173: (0, 28, 16, 0, 0, 0, 0, 6, 7, 0, 0, 0)
s = 174: (0, 34, 26, 0, 0, 0, 0, 5, 11, 0, 0, 0)
s = 175: (0, 21, 24, 0, 0, 0, 0, 7, 8, 0, 0, 0)
s = 176: (0, 29, 19, 0, 0, 0, 0, 6, 14, 0, 0, 0)
s = 177: (0, 18, 26, 0, 0, 0, 0, 9, 13, 0, 0, 0)
s = 178: (0, 18, 16, 0, 0, 0, 0, 5, 6, 0, 0, 0)
s = 179: (0, 28, 27, 0, 0, 0, 0, 6, 6, 0, 0, 0)
s = 180: (0, 22, 31, 0, 0, 0, 0, 7, 15, 0, 0, 0)
s = 181: (0, 19, 10, 0, 0, 0, 0, 7, 9, 0, 0, 0)
s = 182: (0, 23, 18, 0, 0, 0, 0, 9, 16, 0, 0, 0)
s = 183: (0, 17, 13, 0, 0, 0, 0, 8, 16, 0, 0, 0)
s = 184: (0, 15, 15, 0, 0, 0, 0, 6, 14, 0, 0, 0)
s = 185: (0, 32, 13, 0, 0, 0, 0, 10, 10, 0, 0, 0)
s = 186: (0, 31, 15, 0, 0, 0, 0, 7, 12, 0, 0, 0)
s = 187: (0, 30, 12, 0, 0, 0, 0, 7, 6, 0, 0, 0)
s = 188: (0, 24, 21, 0, 0, 0, 0, 8, 16, 0, 0, 0)
s = 189: (0, 29, 14, 0, 0, 0, 0, 8, 11, 0, 0, 0)
s = 190: (0, 42, 20, 0, 0, 0, 0, 9, 17, 0, 0, 0)
s = 191: (0, 17, 12, 0, 0, 0, 0, 9, 14, 0, 0, 0)
s = 192: (0, 22, 17, 0, 0, 0, 0, 5, 8, 0, 0, 0)
s = 193: (0, 34, 14, 0, 0, 0, 0, 5, 12, 0, 0, 0)
s = 194: (0, 29, 29, 0, 0, 0, 0, 12, 14, 0, 0, 0)
s = 195: (0, 28, 22, 0, 0, 0, 0, 6, 9, 0, 0, 0)
s = 196: (0, 17, 16, 0, 0, 0, 0, 5, 7, 0, 0, 0)
s = 197: (0, 25, 29, 0, 0, 0, 0, 5, 8, 0, 0, 0)
s = 198: (0, 24, 17, 0, 0, 0, 0, 7, 9, 0, 0, 0)
s = 199: (0, 24, 26, 0, 0, 0, 0, 8, 13, 0, 0, 0)
s = 200: (0, 29, 19, 0, 0, 0, 0, 7, 10, 0, 0, 0)
************************************************************************
ES/LS-VALUES:
jobnr.   ES(i)    LS(i)
------------------------------------------------------------------------
  0        0        0
  1        0       48
  2        0       58
  3        0       50
  4        9       58
  5        7       71
  6        7       60
  7       10       73
  8       24       75
  9       10       64
 10       24       73
 11       28       77
************************************************************************
BIG-M-VALUES:
M1 = 103, M2 = 364
************************************************************************
