************************************************************************
file with basedata            : mm15_.bas
initial value random generator: 1493723751
************************************************************************
projects                      :  1
jobs (incl. supersource/sink ):  12
horizon                       :  83
RESOURCES
  - renewable                 :  2   R
  - nonrenewable              :  2   N
  - doubly constrained        :  0   D
************************************************************************
PROJECT INFORMATION:
pronr.  #jobs rel.date duedate tardcost  MPM-Time
    1     10      0       24        1       24
************************************************************************
PRECEDENCE RELATIONS:
jobnr.    #modes  #successors   successors
   0        1          3           1   2   3
   1        3          2           7  10
   2        3          1           4
   3        3          1           5
   4        3          3           5   6  10
   5        3          2           7   9
   6        3          2           7   9
   7        3          1           8
   8        3          1          11
   9        3          1          11
  10        3          1          11
  11        1          0        
************************************************************************
REQUESTS/DURATIONS:
jobnr. mode duration  R 1  R 2  R 3  R 4  E(W 1)  E(W 2)  E(W 3)
------------------------------------------------------------------------
  0      1     0       0    0    0    0     0       0       0
  1      1     4       0    5   10   10    20      40      40
  2      1     7       6    0    2    5    42      14      35
  3      1     5       8    0   10    4    40      50      20
  4      1     8       6    0    9    9    48      72      72
  5      1     2       7    0    4    7    14       8      14
  6      1     3       0    9   10    5    27      30      15
  7      1     2       0   10    3    9    20       6      18
  8      1     4       0    7    6    2    28      24       8
  9      1     1       0   10    2    7    10       2       7
 10      1     4       0    6    8    7    24      32      28
 11      1     0       0    0    0    0     0       0       0
************************************************************************
RESOURCEAVAILABILITIES:
  R 1  R 2  R 3
   25   57   60
************************************************************************
RESOURCE LIMITS:
jobnr.  l(R 1)  u(R 1)  l(R 2)  u(R 2)  l(R 3)  u(R 3)
------------------------------------------------------------------------
  0        0       0       0       0       0       0
  1        3       5       5      10       5      10
  2        3       6       1       2       3       5
  3        4       8       5      10       2       4
  4        3       6       5       9       5       9
  5        4       7       2       4       4       7
  6        5       9       5      10       3       5
  7        5      10       2       3       5       9
  8        4       7       3       6       1       2
  9        5      10       1       2       4       7
 10        3       6       4       8       4       7
 11        0       0       0       0       0       0
************************************************************************
SCENARIOS:
------------------------------------------------------------------------
RESOURCE k = 1
s = 1: (0, 14, 32, 25, 75, 15, 20, 16, 27, 17, 20, 0)
s = 2: (0, 15, 32, 33, 29, 8, 44, 22, 27, 11, 25, 0)
s = 3: (0, 24, 49, 47, 39, 15, 17, 31, 26, 15, 22, 0)
s = 4: (0, 18, 40, 47, 81, 12, 22, 15, 19, 7, 34, 0)
s = 5: (0, 21, 36, 26, 71, 13, 30, 21, 17, 15, 44, 0)
s = 6: (0, 16, 31, 28, 53, 15, 28, 18, 32, 14, 20, 0)
s = 7: (0, 33, 54, 50, 34, 13, 38, 18, 24, 11, 33, 0)
s = 8: (0, 39, 27, 49, 41, 14, 30, 30, 39, 13, 15, 0)
s = 9: (0, 16, 35, 27, 43, 15, 16, 32, 27, 12, 23, 0)
s = 10: (0, 29, 27, 28, 58, 16, 17, 22, 19, 11, 21, 0)
s = 11: (0, 16, 38, 47, 35, 16, 22, 17, 21, 9, 17, 0)
s = 12: (0, 21, 56, 29, 74, 12, 19, 19, 27, 10, 23, 0)
s = 13: (0, 27, 48, 42, 65, 21, 26, 21, 45, 10, 32, 0)
s = 14: (0, 26, 39, 38, 27, 15, 34, 12, 22, 9, 29, 0)
s = 15: (0, 15, 49, 55, 62, 11, 25, 14, 16, 13, 28, 0)
s = 16: (0, 19, 48, 52, 52, 21, 17, 12, 35, 17, 25, 0)
s = 17: (0, 15, 67, 31, 30, 11, 31, 21, 32, 8, 27, 0)
s = 18: (0, 19, 53, 43, 51, 23, 26, 30, 30, 18, 19, 0)
s = 19: (0, 21, 31, 23, 36, 13, 28, 26, 23, 10, 25, 0)
s = 20: (0, 19, 31, 32, 36, 20, 30, 19, 18, 17, 28, 0)
s = 21: (0, 18, 56, 55, 33, 9, 29, 36, 24, 6, 19, 0)
s = 22: (0, 17, 50, 48, 76, 13, 25, 12, 22, 9, 16, 0)
s = 23: (0, 15, 56, 25, 61, 14, 17, 21, 20, 12, 31, 0)
s = 24: (0, 13, 70, 33, 26, 15, 35, 22, 25, 6, 17, 0)
s = 25: (0, 22, 55, 49, 51, 21, 23, 31, 38, 13, 18, 0)
s = 26: (0, 26, 42, 31, 42, 11, 41, 17, 42, 8, 25, 0)
s = 27: (0, 19, 39, 29, 52, 10, 28, 18, 34, 12, 28, 0)
s = 28: (0, 28, 48, 34, 53, 18, 17, 23, 37, 10, 24, 0)
s = 29: (0, 16, 28, 45, 54, 12, 40, 13, 27, 11, 18, 0)
s = 30: (0, 25, 55, 38, 74, 11, 21, 17, 26, 9, 24, 0)
s = 31: (0, 24, 44, 31, 53, 17, 36, 17, 46, 12, 24, 0)
s = 32: (0, 22, 50, 44, 34, 11, 15, 22, 31, 11, 17, 0)
s = 33: (0, 24, 34, 44, 27, 14, 31, 19, 15, 12, 31, 0)
s = 34: (0, 12, 37, 36, 62, 14, 25, 25, 24, 7, 21, 0)
s = 35: (0, 30, 35, 42, 40, 14, 19, 16, 22, 13, 29, 0)
s = 36: (0, 16, 43, 29, 68, 12, 22, 15, 20, 16, 34, 0)
s = 37: (0, 21, 24, 47, 44, 19, 32, 18, 21, 14, 25, 0)
s = 38: (0, 19, 52, 53, 30, 12, 33, 24, 18, 12, 22, 0)
s = 39: (0, 23, 39, 42, 32, 17, 22, 19, 36, 10, 21, 0)
s = 40: (0, 26, 57, 35, 48, 9, 25, 16, 20, 8, 21, 0)
s = 41: (0, 25, 34, 27, 61, 21, 21, 23, 24, 10, 20, 0)
s = 42: (0, 25, 57, 31, 84, 19, 19, 15, 20, 7, 20, 0)
s = 43: (0, 20, 32, 66, 30, 15, 28, 24, 16, 11, 20, 0)
s = 44: (0, 21, 38, 49, 38, 10, 38, 26, 23, 11, 27, 0)
s = 45: (0, 18, 46, 54, 40, 19, 33, 13, 33, 12, 20, 0)
s = 46: (0, 24, 33, 47, 30, 13, 27, 20, 22, 8, 29, 0)
s = 47: (0, 16, 29, 51, 45, 12, 30, 21, 25, 16, 17, 0)
s = 48: (0, 21, 33, 36, 51, 15, 24, 24, 45, 11, 21, 0)
s = 49: (0, 24, 38, 35, 31, 8, 22, 36, 19, 16, 16, 0)
s = 50: (0, 23, 40, 44, 64, 12, 26, 27, 29, 10, 17, 0)
s = 51: (0, 26, 60, 48, 43, 17, 22, 12, 52, 12, 15, 0)
s = 52: (0, 34, 28, 45, 41, 12, 44, 23, 20, 11, 26, 0)
s = 53: (0, 14, 52, 28, 32, 10, 22, 17, 18, 16, 26, 0)
s = 54: (0, 32, 48, 45, 32, 17, 25, 16, 34, 8, 27, 0)
s = 55: (0, 19, 25, 62, 38, 15, 18, 11, 34, 7, 24, 0)
s = 56: (0, 17, 37, 25, 49, 13, 20, 16, 51, 8, 29, 0)
s = 57: (0, 14, 33, 33, 30, 14, 43, 21, 30, 6, 16, 0)
s = 58: (0, 19, 38, 42, 43, 11, 22, 27, 33, 15, 17, 0)
s = 59: (0, 20, 47, 36, 62, 19, 25, 13, 26, 13, 26, 0)
s = 60: (0, 17, 33, 30, 53, 11, 31, 29, 20, 14, 20, 0)
s = 61: (0, 13, 42, 37, 30, 16, 32, 23, 17, 10, 18, 0)
s = 62: (0, 17, 36, 40, 37, 14, 19, 37, 31, 12, 34, 0)
s = 63: (0, 18, 47, 34, 44, 14, 19, 19, 24, 11, 21, 0)
s = 64: (0, 16, 41, 33, 78, 21, 23, 14, 21, 13, 22, 0)
s = 65: (0, 20, 51, 38, 49, 15, 23, 28, 17, 7, 40, 0)
s = 66: (0, 16, 37, 49, 61, 19, 18, 38, 24, 11, 17, 0)
s = 67: (0, 28, 36, 40, 72, 14, 27, 25, 23, 9, 35, 0)
s = 68: (0, 13, 49, 56, 37, 8, 16, 23, 28, 10, 20, 0)
s = 69: (0, 23, 54, 46, 27, 22, 19, 19, 47, 8, 24, 0)
s = 70: (0, 25, 33, 27, 36, 18, 18, 18, 16, 7, 19, 0)
s = 71: (0, 30, 64, 27, 51, 12, 37, 25, 28, 13, 25, 0)
s = 72: (0, 18, 57, 36, 36, 14, 19, 15, 27, 13, 31, 0)
s = 73: (0, 17, 31, 51, 58, 14, 25, 19, 30, 13, 23, 0)
s = 74: (0, 17, 32, 28, 38, 12, 34, 35, 18, 15, 26, 0)
s = 75: (0, 32, 38, 37, 49, 13, 26, 12, 24, 7, 26, 0)
s = 76: (0, 14, 45, 50, 53, 15, 33, 26, 23, 15, 20, 0)
s = 77: (0, 16, 40, 34, 67, 16, 38, 15, 30, 14, 23, 0)
s = 78: (0, 19, 37, 27, 66, 9, 18, 21, 22, 11, 24, 0)
s = 79: (0, 20, 25, 64, 75, 9, 17, 29, 23, 10, 21, 0)
s = 80: (0, 20, 46, 33, 48, 9, 31, 25, 18, 10, 16, 0)
s = 81: (0, 13, 52, 36, 56, 18, 26, 28, 32, 8, 23, 0)
s = 82: (0, 19, 64, 46, 38, 12, 36, 23, 20, 13, 28, 0)
s = 83: (0, 18, 42, 42, 35, 20, 36, 29, 42, 10, 29, 0)
s = 84: (0, 13, 77, 74, 79, 20, 37, 16, 37, 11, 24, 0)
s = 85: (0, 20, 30, 48, 52, 13, 40, 16, 23, 7, 18, 0)
s = 86: (0, 24, 52, 55, 74, 11, 24, 24, 25, 17, 27, 0)
s = 87: (0, 15, 26, 26, 63, 14, 34, 11, 29, 7, 17, 0)
s = 88: (0, 20, 26, 50, 43, 16, 21, 30, 42, 11, 39, 0)
s = 89: (0, 15, 53, 30, 39, 13, 37, 30, 31, 12, 26, 0)
s = 90: (0, 18, 56, 28, 39, 11, 24, 22, 20, 15, 18, 0)
s = 91: (0, 17, 32, 28, 56, 18, 23, 32, 25, 12, 24, 0)
s = 92: (0, 20, 44, 26, 49, 11, 42, 16, 42, 7, 15, 0)
s = 93: (0, 29, 50, 34, 65, 12, 22, 22, 31, 10, 28, 0)
s = 94: (0, 17, 40, 28, 48, 13, 29, 26, 24, 11, 16, 0)
s = 95: (0, 21, 32, 35, 42, 18, 30, 14, 34, 11, 22, 0)
s = 96: (0, 13, 51, 36, 46, 19, 41, 13, 27, 12, 21, 0)
s = 97: (0, 23, 25, 34, 55, 14, 17, 17, 17, 9, 28, 0)
s = 98: (0, 20, 31, 39, 36, 11, 22, 25, 31, 6, 39, 0)
s = 99: (0, 18, 35, 54, 52, 12, 35, 20, 27, 10, 16, 0)
s = 100: (0, 34, 49, 45, 54, 11, 26, 15, 17, 15, 37, 0)
s = 101: (0, 14, 40, 49, 64, 16, 24, 32, 19, 11, 24, 0)
s = 102: (0, 26, 54, 34, 42, 11, 26, 13, 32, 8, 15, 0)
s = 103: (0, 24, 50, 38, 50, 16, 40, 23, 33, 19, 19, 0)
s = 104: (0, 18, 79, 57, 53, 17, 24, 21, 35, 14, 35, 0)
s = 105: (0, 16, 48, 32, 40, 17, 26, 33, 21, 8, 35, 0)
s = 106: (0, 17, 43, 24, 37, 16, 40, 20, 21, 15, 32, 0)
s = 107: (0, 19, 38, 36, 50, 11, 25, 29, 35, 8, 15, 0)
s = 108: (0, 16, 56, 39, 44, 15, 25, 11, 35, 18, 20, 0)
s = 109: (0, 19, 51, 49, 28, 10, 33, 13, 36, 13, 21, 0)
s = 110: (0, 21, 27, 25, 80, 15, 27, 15, 20, 7, 16, 0)
s = 111: (0, 20, 29, 22, 69, 11, 17, 16, 21, 16, 24, 0)
s = 112: (0, 17, 36, 40, 54, 17, 22, 16, 36, 9, 21, 0)
s = 113: (0, 19, 38, 32, 70, 9, 20, 15, 29, 14, 22, 0)
s = 114: (0, 21, 52, 44, 42, 14, 34, 12, 20, 12, 24, 0)
s = 115: (0, 19, 51, 41, 36, 17, 21, 22, 24, 15, 31, 0)
s = 116: (0, 13, 50, 27, 31, 10, 16, 18, 32, 8, 23, 0)
s = 117: (0, 19, 29, 52, 35, 12, 22, 25, 21, 13, 40, 0)
s = 118: (0, 17, 51, 53, 44, 23, 18, 17, 40, 13, 28, 0)
s = 119: (0, 22, 71, 64, 38, 17, 25, 15, 41, 13, 21, 0)
s = 120: (0, 18, 42, 26, 67, 14, 23, 33, 35, 16, 31, 0)
s = 121: (0, 25, 27, 23, 69, 20, 18, 13, 50, 13, 24, 0)
s = 122: (0, 12, 30, 53, 49, 10, 41, 13, 38, 9, 16, 0)
s = 123: (0, 18, 25, 60, 67, 17, 44, 23, 42, 7, 21, 0)
s = 124: (0, 28, 53, 46, 36, 11, 25, 16, 25, 11, 30, 0)
s = 125: (0, 36, 43, 42, 53, 14, 30, 15, 35, 16, 40, 0)
s = 126: (0, 21, 35, 38, 65, 13, 16, 15, 39, 8, 28, 0)
s = 127: (0, 24, 30, 44, 60, 15, 17, 12, 31, 11, 23, 0)
s = 128: (0, 20, 42, 29, 39, 10, 25, 15, 18, 6, 26, 0)
s = 129: (0, 18, 45, 37, 41, 17, 16, 21, 22, 13, 21, 0)
s = 130: (0, 21, 27, 54, 60, 14, 28, 12, 21, 6, 28, 0)
s = 131: (0, 27, 51, 26, 50, 19, 23, 14, 33, 13, 28, 0)
s = 132: (0, 16, 51, 35, 64, 17, 23, 24, 20, 7, 26, 0)
s = 133: (0, 16, 25, 35, 64, 14, 34, 30, 22, 13, 25, 0)
s = 134: (0, 14, 64, 60, 57, 17, 43, 17, 15, 16, 33, 0)
s = 135: (0, 11, 60, 38, 58, 12, 20, 21, 38, 8, 27, 0)
s = 136: (0, 12, 51, 32, 36, 22, 18, 19, 28, 13, 17, 0)
s = 137: (0, 14, 31, 31, 48, 15, 23, 18, 26, 9, 23, 0)
s = 138: (0, 14, 42, 53, 48, 11, 31, 18, 26, 7, 36, 0)
s = 139: (0, 28, 39, 24, 53, 17, 15, 20, 45, 11, 21, 0)
s = 140: (0, 12, 42, 23, 37, 10, 44, 23, 37, 9, 29, 0)
s = 141: (0, 26, 60, 40, 39, 10, 47, 29, 42, 11, 25, 0)
s = 142: (0, 19, 40, 31, 47, 17, 19, 14, 23, 10, 39, 0)
s = 143: (0, 21, 41, 27, 73, 12, 28, 28, 18, 8, 28, 0)
s = 144: (0, 25, 48, 45, 39, 14, 43, 17, 19, 9, 27, 0)
s = 145: (0, 19, 46, 35, 49, 11, 30, 18, 36, 14, 19, 0)
s = 146: (0, 21, 31, 29, 35, 12, 36, 32, 56, 12, 31, 0)
s = 147: (0, 25, 48, 27, 50, 16, 22, 17, 19, 9, 31, 0)
s = 148: (0, 17, 27, 46, 73, 23, 20, 17, 22, 10, 24, 0)
s = 149: (0, 27, 63, 57, 27, 22, 28, 14, 27, 11, 27, 0)
s = 150: (0, 27, 53, 35, 35, 12, 22, 28, 22, 11, 23, 0)
s = 151: (0, 24, 30, 39, 31, 25, 21, 13, 20, 12, 21, 0)
s = 152: (0, 27, 29, 36, 47, 11, 28, 20, 24, 7, 25, 0)
s = 153: (0, 18, 28, 46, 67, 11, 46, 14, 35, 11, 28, 0)
s = 154: (0, 28, 29, 36, 61, 15, 27, 21, 25, 8, 25, 0)
s = 155: (0, 13, 39, 24, 34, 13, 35, 24, 32, 11, 28, 0)
s = 156: (0, 20, 27, 37, 73, 14, 20, 19, 30, 13, 24, 0)
s = 157: (0, 14, 44, 24, 58, 11, 29, 17, 26, 14, 26, 0)
s = 158: (0, 18, 53, 25, 68, 10, 32, 18, 33, 9, 26, 0)
s = 159: (0, 22, 36, 45, 52, 13, 42, 15, 20, 9, 23, 0)
s = 160: (0, 22, 51, 61, 46, 17, 31, 20, 27, 8, 31, 0)
s = 161: (0, 12, 61, 32, 45, 12, 23, 24, 25, 10, 15, 0)
s = 162: (0, 26, 58, 49, 85, 12, 33, 16, 36, 6, 26, 0)
s = 163: (0, 16, 43, 32, 39, 12, 16, 18, 26, 8, 15, 0)
s = 164: (0, 18, 24, 29, 54, 18, 47, 22, 33, 9, 22, 0)
s = 165: (0, 13, 44, 62, 53, 9, 21, 23, 51, 11, 21, 0)
s = 166: (0, 20, 62, 41, 27, 17, 43, 18, 20, 9, 32, 0)
s = 167: (0, 18, 43, 30, 51, 11, 19, 13, 28, 9, 22, 0)
s = 168: (0, 21, 37, 29, 40, 15, 22, 16, 22, 7, 25, 0)
s = 169: (0, 18, 60, 38, 37, 11, 35, 13, 27, 8, 25, 0)
s = 170: (0, 25, 25, 59, 42, 17, 32, 26, 31, 8, 15, 0)
s = 171: (0, 22, 54, 48, 48, 9, 20, 25, 18, 19, 22, 0)
s = 172: (0, 15, 38, 62, 50, 16, 28, 15, 46, 8, 13, 0)
s = 173: (0, 25, 25, 29, 34, 17, 27, 17, 30, 6, 13, 0)
s = 174: (0, 16, 30, 27, 54, 14, 17, 20, 24, 10, 26, 0)
s = 175: (0, 19, 26, 30, 65, 16, 22, 18, 17, 9, 28, 0)
s = 176: (0, 28, 49, 24, 30, 17, 32, 24, 33, 7, 25, 0)
s = 177: (0, 16, 42, 36, 62, 15, 25, 20, 15, 9, 23, 0)
s = 178: (0, 22, 35, 41, 87, 11, 19, 17, 43, 10, 18, 0)
s = 179: (0, 11, 25, 23, 66, 16, 30, 21, 34, 11, 27, 0)
s = 180: (0, 30, 34, 30, 50, 10, 22, 25, 50, 10, 31, 0)
s = 181: (0, 18, 43, 29, 70, 15, 16, 25, 22, 15, 24, 0)
s = 182: (0, 22, 65, 42, 30, 14, 30, 30, 26, 8, 20, 0)
s = 183: (0, 19, 51, 40, 45, 14, 39, 32, 27, 9, 17, 0)
s = 184: (0, 16, 43, 36, 58, 14, 31, 25, 31, 15, 15, 0)
s = 185: (0, 15, 53, 35, 43, 19, 23, 19, 23, 15, 21, 0)
s = 186: (0, 17, 57, 47, 52, 18, 24, 17, 43, 14, 35, 0)
s = 187: (0, 14, 42, 39, 55, 11, 23, 15, 40, 9, 39, 0)
s = 188: (0, 17, 42, 32, 59, 10, 27, 12, 22, 10, 26, 0)
s = 189: (0, 17, 56, 50, 51, 9, 22, 16, 17, 11, 33, 0)
s = 190: (0, 13, 38, 31, 38, 16, 35, 21, 39, 9, 28, 0)
s = 191: (0, 17, 27, 38, 34, 14, 34, 32, 19, 7, 30, 0)
s = 192: (0, 20, 66, 37, 36, 9, 22, 30, 30, 10, 38, 0)
s = 193: (0, 32, 30, 44, 62, 17, 24, 22, 27, 6, 23, 0)
s = 194: (0, 19, 29, 49, 62, 10, 22, 32, 27, 10, 27, 0)
s = 195: (0, 19, 55, 34, 65, 18, 19, 20, 20, 8, 16, 0)
s = 196: (0, 28, 43, 32, 34, 22, 21, 18, 25, 9, 24, 0)
s = 197: (0, 13, 35, 58, 41, 16, 19, 15, 44, 13, 18, 0)
s = 198: (0, 15, 43, 28, 50, 17, 36, 30, 38, 15, 14, 0)
s = 199: (0, 20, 48, 36, 37, 17, 40, 16, 25, 10, 27, 0)
s = 200: (0, 25, 53, 47, 44, 22, 25, 11, 23, 12, 23, 0)
------------------------------------------------------------------------
RESOURCE k = 2
s = 1: (0, 27, 11, 32, 112, 9, 22, 5, 23, 4, 27, 0)
s = 2: (0, 29, 11, 41, 43, 5, 49, 7, 23, 3, 34, 0)
s = 3: (0, 48, 17, 59, 58, 9, 19, 10, 22, 3, 29, 0)
s = 4: (0, 36, 14, 58, 122, 7, 24, 5, 16, 2, 45, 0)
s = 5: (0, 41, 12, 33, 106, 8, 33, 7, 15, 3, 58, 0)
s = 6: (0, 32, 11, 35, 79, 9, 31, 6, 28, 3, 27, 0)
s = 7: (0, 65, 18, 63, 51, 7, 42, 6, 20, 3, 44, 0)
s = 8: (0, 78, 9, 61, 62, 8, 33, 9, 34, 3, 20, 0)
s = 9: (0, 32, 12, 33, 65, 9, 18, 10, 23, 3, 30, 0)
s = 10: (0, 58, 9, 35, 87, 10, 19, 7, 16, 3, 28, 0)
s = 11: (0, 31, 13, 58, 52, 10, 25, 5, 18, 2, 22, 0)
s = 12: (0, 41, 19, 36, 110, 7, 22, 6, 24, 2, 30, 0)
s = 13: (0, 53, 16, 52, 97, 12, 29, 7, 38, 2, 43, 0)
s = 14: (0, 52, 13, 47, 41, 9, 37, 4, 19, 2, 39, 0)
s = 15: (0, 30, 17, 68, 93, 6, 27, 5, 14, 3, 38, 0)
s = 16: (0, 38, 16, 65, 78, 12, 19, 4, 30, 4, 34, 0)
s = 17: (0, 29, 23, 38, 45, 6, 34, 7, 28, 2, 36, 0)
s = 18: (0, 38, 18, 54, 76, 13, 28, 9, 26, 4, 25, 0)
s = 19: (0, 42, 11, 29, 54, 8, 31, 8, 20, 2, 34, 0)
s = 20: (0, 38, 11, 40, 54, 12, 33, 6, 15, 4, 38, 0)
s = 21: (0, 36, 19, 68, 49, 6, 32, 11, 21, 2, 25, 0)
s = 22: (0, 34, 17, 60, 114, 8, 28, 4, 19, 2, 22, 0)
s = 23: (0, 29, 19, 31, 91, 8, 19, 7, 17, 3, 42, 0)
s = 24: (0, 26, 24, 42, 39, 9, 39, 7, 21, 2, 22, 0)
s = 25: (0, 44, 19, 61, 76, 12, 26, 10, 33, 3, 23, 0)
s = 26: (0, 51, 14, 38, 63, 7, 45, 5, 36, 2, 33, 0)
s = 27: (0, 38, 13, 37, 78, 6, 31, 6, 29, 3, 37, 0)
s = 28: (0, 55, 16, 42, 79, 11, 19, 7, 32, 2, 32, 0)
s = 29: (0, 31, 10, 56, 81, 7, 44, 4, 23, 3, 23, 0)
s = 30: (0, 50, 19, 48, 111, 6, 23, 5, 22, 2, 32, 0)
s = 31: (0, 48, 15, 38, 80, 10, 40, 5, 39, 3, 31, 0)
s = 32: (0, 44, 17, 55, 50, 7, 16, 7, 27, 3, 23, 0)
s = 33: (0, 48, 12, 55, 41, 8, 35, 6, 13, 3, 42, 0)
s = 34: (0, 24, 13, 45, 92, 8, 27, 8, 20, 2, 28, 0)
s = 35: (0, 59, 12, 53, 60, 8, 21, 5, 19, 3, 39, 0)
s = 36: (0, 31, 15, 36, 102, 7, 24, 5, 17, 4, 45, 0)
s = 37: (0, 41, 8, 59, 66, 11, 36, 6, 18, 3, 33, 0)
s = 38: (0, 37, 18, 66, 44, 7, 36, 8, 15, 3, 29, 0)
s = 39: (0, 45, 13, 52, 47, 10, 25, 6, 31, 2, 28, 0)
s = 40: (0, 52, 19, 44, 72, 6, 28, 5, 18, 2, 28, 0)
s = 41: (0, 50, 12, 33, 91, 12, 23, 7, 21, 2, 26, 0)
s = 42: (0, 49, 19, 38, 126, 11, 21, 5, 18, 2, 26, 0)
s = 43: (0, 39, 11, 83, 44, 9, 31, 8, 14, 3, 26, 0)
s = 44: (0, 41, 13, 61, 57, 6, 43, 8, 20, 3, 35, 0)
s = 45: (0, 36, 16, 67, 60, 11, 36, 4, 28, 3, 26, 0)
s = 46: (0, 47, 11, 59, 45, 8, 30, 6, 19, 2, 38, 0)
s = 47: (0, 31, 10, 64, 67, 7, 33, 7, 22, 4, 23, 0)
s = 48: (0, 41, 11, 45, 76, 9, 27, 7, 38, 3, 27, 0)
s = 49: (0, 48, 13, 44, 46, 5, 25, 11, 16, 4, 22, 0)
s = 50: (0, 45, 14, 55, 96, 7, 28, 9, 25, 2, 22, 0)
s = 51: (0, 51, 20, 60, 64, 10, 24, 4, 45, 3, 20, 0)
s = 52: (0, 67, 10, 57, 61, 7, 49, 7, 17, 3, 34, 0)
s = 53: (0, 27, 18, 35, 48, 6, 25, 5, 15, 4, 35, 0)
s = 54: (0, 64, 16, 56, 48, 10, 28, 5, 29, 2, 36, 0)
s = 55: (0, 37, 9, 78, 57, 9, 20, 4, 29, 2, 31, 0)
s = 56: (0, 34, 13, 31, 74, 8, 22, 5, 44, 2, 38, 0)
s = 57: (0, 28, 11, 41, 44, 8, 48, 7, 26, 2, 21, 0)
s = 58: (0, 38, 13, 52, 65, 6, 25, 9, 28, 3, 22, 0)
s = 59: (0, 39, 16, 45, 93, 11, 28, 4, 22, 3, 34, 0)
s = 60: (0, 34, 11, 37, 80, 7, 34, 9, 17, 3, 26, 0)
s = 61: (0, 26, 14, 46, 45, 9, 35, 7, 14, 2, 24, 0)
s = 62: (0, 34, 12, 50, 55, 8, 21, 11, 26, 3, 45, 0)
s = 63: (0, 35, 16, 42, 66, 8, 21, 6, 21, 3, 28, 0)
s = 64: (0, 31, 14, 41, 117, 12, 26, 5, 18, 3, 29, 0)
s = 65: (0, 40, 17, 47, 73, 9, 26, 9, 15, 2, 53, 0)
s = 66: (0, 32, 13, 61, 91, 11, 19, 12, 20, 3, 23, 0)
s = 67: (0, 56, 12, 50, 108, 8, 30, 8, 20, 2, 47, 0)
s = 68: (0, 26, 17, 70, 55, 5, 18, 7, 24, 2, 27, 0)
s = 69: (0, 46, 18, 57, 40, 13, 22, 6, 40, 2, 32, 0)
s = 70: (0, 49, 11, 33, 54, 11, 20, 6, 14, 2, 25, 0)
s = 71: (0, 59, 22, 33, 76, 7, 41, 8, 24, 3, 34, 0)
s = 72: (0, 36, 19, 45, 53, 8, 21, 5, 23, 3, 41, 0)
s = 73: (0, 34, 11, 64, 86, 8, 28, 6, 26, 3, 31, 0)
s = 74: (0, 34, 11, 35, 57, 7, 38, 11, 15, 3, 34, 0)
s = 75: (0, 63, 13, 46, 74, 8, 29, 4, 21, 2, 34, 0)
s = 76: (0, 27, 15, 63, 80, 9, 37, 8, 20, 3, 27, 0)
s = 77: (0, 32, 14, 43, 100, 9, 43, 5, 26, 3, 31, 0)
s = 78: (0, 38, 13, 33, 98, 5, 20, 7, 19, 3, 32, 0)
s = 79: (0, 40, 9, 80, 112, 5, 18, 9, 19, 2, 28, 0)
s = 80: (0, 39, 16, 41, 72, 5, 34, 8, 15, 2, 21, 0)
s = 81: (0, 25, 18, 45, 84, 10, 29, 9, 27, 2, 31, 0)
s = 82: (0, 38, 22, 57, 57, 7, 40, 7, 17, 3, 37, 0)
s = 83: (0, 36, 14, 53, 53, 11, 40, 9, 36, 2, 38, 0)
s = 84: (0, 25, 26, 93, 118, 12, 41, 5, 31, 3, 31, 0)
s = 85: (0, 40, 10, 60, 77, 8, 45, 5, 20, 2, 24, 0)
s = 86: (0, 47, 18, 68, 111, 7, 26, 8, 22, 4, 36, 0)
s = 87: (0, 29, 9, 32, 94, 8, 38, 4, 25, 2, 22, 0)
s = 88: (0, 40, 9, 62, 64, 10, 24, 9, 36, 3, 52, 0)
s = 89: (0, 30, 18, 37, 58, 7, 41, 9, 26, 3, 34, 0)
s = 90: (0, 35, 19, 35, 58, 6, 27, 7, 17, 3, 24, 0)
s = 91: (0, 33, 11, 35, 84, 10, 25, 10, 22, 3, 32, 0)
s = 92: (0, 39, 15, 33, 73, 7, 46, 5, 36, 2, 20, 0)
s = 93: (0, 57, 17, 42, 98, 7, 24, 7, 27, 2, 37, 0)
s = 94: (0, 33, 14, 35, 71, 8, 33, 8, 21, 3, 21, 0)
s = 95: (0, 41, 11, 43, 63, 11, 33, 5, 29, 3, 29, 0)
s = 96: (0, 26, 17, 45, 69, 11, 45, 4, 24, 3, 28, 0)
s = 97: (0, 45, 9, 42, 82, 8, 19, 6, 15, 2, 37, 0)
s = 98: (0, 39, 11, 48, 53, 7, 24, 8, 26, 2, 52, 0)
s = 99: (0, 35, 12, 68, 78, 7, 39, 6, 23, 2, 21, 0)
s = 100: (0, 67, 17, 56, 80, 6, 29, 5, 15, 3, 50, 0)
s = 101: (0, 28, 14, 61, 96, 9, 26, 10, 17, 3, 31, 0)
s = 102: (0, 51, 18, 42, 63, 6, 29, 4, 28, 2, 20, 0)
s = 103: (0, 47, 17, 47, 75, 9, 45, 7, 28, 4, 26, 0)
s = 104: (0, 35, 27, 71, 79, 10, 26, 7, 30, 3, 47, 0)
s = 105: (0, 32, 16, 40, 60, 10, 29, 10, 18, 2, 47, 0)
s = 106: (0, 33, 15, 30, 56, 9, 45, 6, 18, 3, 43, 0)
s = 107: (0, 37, 13, 45, 75, 6, 27, 9, 30, 2, 19, 0)
s = 108: (0, 32, 19, 49, 66, 9, 27, 4, 30, 4, 27, 0)
s = 109: (0, 38, 17, 62, 42, 6, 37, 4, 31, 3, 28, 0)
s = 110: (0, 41, 9, 32, 120, 9, 30, 5, 17, 2, 21, 0)
s = 111: (0, 40, 10, 27, 104, 6, 19, 5, 18, 4, 32, 0)
s = 112: (0, 34, 12, 49, 81, 10, 24, 5, 31, 2, 28, 0)
s = 113: (0, 37, 13, 40, 105, 5, 22, 5, 25, 3, 29, 0)
s = 114: (0, 42, 18, 54, 62, 8, 37, 4, 17, 3, 32, 0)
s = 115: (0, 38, 17, 52, 53, 10, 24, 7, 21, 3, 42, 0)
s = 116: (0, 26, 17, 33, 46, 6, 17, 6, 28, 2, 31, 0)
s = 117: (0, 38, 10, 64, 52, 7, 24, 8, 18, 3, 54, 0)
s = 118: (0, 33, 17, 66, 65, 13, 20, 5, 34, 3, 37, 0)
s = 119: (0, 44, 24, 80, 57, 10, 27, 5, 35, 3, 27, 0)
s = 120: (0, 36, 14, 32, 100, 8, 25, 10, 30, 4, 41, 0)
s = 121: (0, 49, 9, 29, 104, 11, 20, 4, 43, 3, 31, 0)
s = 122: (0, 23, 10, 66, 73, 6, 45, 4, 33, 2, 21, 0)
s = 123: (0, 36, 9, 75, 100, 10, 48, 7, 36, 2, 28, 0)
s = 124: (0, 56, 18, 57, 53, 6, 28, 5, 22, 3, 40, 0)
s = 125: (0, 71, 15, 53, 79, 8, 33, 5, 30, 4, 53, 0)
s = 126: (0, 42, 12, 48, 98, 8, 18, 5, 34, 2, 37, 0)
s = 127: (0, 47, 10, 55, 90, 9, 19, 4, 27, 3, 30, 0)
s = 128: (0, 40, 14, 36, 58, 6, 28, 5, 15, 2, 34, 0)
s = 129: (0, 36, 15, 46, 61, 10, 18, 7, 19, 3, 28, 0)
s = 130: (0, 42, 9, 67, 90, 8, 31, 4, 18, 2, 38, 0)
s = 131: (0, 53, 17, 32, 75, 11, 25, 5, 29, 3, 38, 0)
s = 132: (0, 31, 17, 44, 96, 10, 25, 7, 17, 2, 34, 0)
s = 133: (0, 31, 9, 44, 95, 8, 38, 9, 19, 3, 33, 0)
s = 134: (0, 28, 22, 74, 86, 10, 47, 6, 13, 4, 44, 0)
s = 135: (0, 21, 20, 48, 87, 7, 22, 7, 33, 2, 36, 0)
s = 136: (0, 23, 17, 40, 54, 13, 20, 6, 24, 3, 23, 0)
s = 137: (0, 28, 11, 38, 72, 9, 26, 6, 22, 2, 31, 0)
s = 138: (0, 28, 14, 66, 72, 7, 34, 6, 22, 2, 47, 0)
s = 139: (0, 55, 13, 30, 79, 10, 17, 6, 38, 3, 27, 0)
s = 140: (0, 24, 14, 29, 55, 6, 49, 7, 32, 2, 39, 0)
s = 141: (0, 52, 20, 50, 58, 6, 52, 9, 36, 3, 34, 0)
s = 142: (0, 38, 14, 38, 70, 10, 22, 4, 19, 2, 52, 0)
s = 143: (0, 42, 14, 34, 110, 7, 31, 9, 15, 2, 37, 0)
s = 144: (0, 49, 16, 56, 58, 8, 48, 5, 16, 2, 36, 0)
s = 145: (0, 37, 16, 44, 73, 6, 33, 6, 31, 3, 25, 0)
s = 146: (0, 42, 11, 36, 53, 7, 40, 10, 48, 3, 42, 0)
s = 147: (0, 49, 16, 34, 74, 9, 24, 5, 17, 2, 41, 0)
s = 148: (0, 33, 9, 57, 109, 13, 22, 5, 19, 2, 32, 0)
s = 149: (0, 54, 21, 71, 40, 13, 31, 4, 23, 3, 36, 0)
s = 150: (0, 53, 18, 44, 53, 7, 24, 9, 19, 3, 30, 0)
s = 151: (0, 48, 10, 49, 46, 15, 23, 4, 18, 3, 28, 0)
s = 152: (0, 54, 10, 45, 70, 7, 31, 6, 21, 2, 33, 0)
s = 153: (0, 36, 10, 57, 100, 7, 51, 5, 30, 3, 37, 0)
s = 154: (0, 56, 10, 45, 91, 9, 30, 7, 21, 2, 33, 0)
s = 155: (0, 26, 13, 30, 50, 8, 39, 8, 27, 3, 37, 0)
s = 156: (0, 39, 9, 46, 109, 8, 23, 6, 26, 3, 31, 0)
s = 157: (0, 27, 15, 30, 86, 7, 32, 5, 23, 3, 35, 0)
s = 158: (0, 35, 18, 32, 102, 6, 35, 6, 29, 2, 34, 0)
s = 159: (0, 43, 12, 56, 77, 7, 47, 5, 17, 2, 31, 0)
s = 160: (0, 43, 17, 76, 69, 10, 34, 6, 23, 2, 41, 0)
s = 161: (0, 24, 21, 40, 67, 7, 26, 8, 21, 2, 20, 0)
s = 162: (0, 51, 20, 61, 127, 7, 36, 5, 31, 2, 34, 0)
s = 163: (0, 32, 15, 40, 58, 7, 17, 6, 22, 2, 19, 0)
s = 164: (0, 35, 8, 36, 81, 11, 52, 7, 28, 2, 29, 0)
s = 165: (0, 26, 15, 77, 79, 5, 23, 7, 44, 3, 28, 0)
s = 166: (0, 40, 21, 51, 40, 10, 48, 6, 17, 2, 43, 0)
s = 167: (0, 36, 15, 38, 77, 7, 21, 4, 24, 2, 30, 0)
s = 168: (0, 42, 13, 37, 60, 9, 25, 5, 19, 2, 34, 0)
s = 169: (0, 35, 20, 47, 55, 6, 39, 4, 23, 2, 33, 0)
s = 170: (0, 50, 9, 74, 63, 10, 35, 8, 26, 2, 20, 0)
s = 171: (0, 44, 18, 60, 71, 5, 22, 8, 16, 4, 29, 0)
s = 172: (0, 30, 13, 77, 74, 9, 31, 5, 39, 2, 18, 0)
s = 173: (0, 50, 9, 36, 51, 10, 29, 5, 26, 2, 17, 0)
s = 174: (0, 32, 10, 34, 81, 8, 19, 6, 20, 2, 34, 0)
s = 175: (0, 37, 9, 38, 98, 9, 24, 6, 15, 2, 38, 0)
s = 176: (0, 56, 17, 30, 45, 10, 36, 8, 28, 2, 34, 0)
s = 177: (0, 32, 14, 45, 93, 9, 28, 6, 13, 2, 30, 0)
s = 178: (0, 43, 12, 51, 130, 7, 21, 6, 37, 2, 24, 0)
s = 179: (0, 21, 9, 29, 99, 9, 33, 7, 30, 3, 36, 0)
s = 180: (0, 59, 12, 37, 74, 6, 24, 8, 43, 2, 41, 0)
s = 181: (0, 36, 15, 36, 105, 9, 17, 8, 19, 3, 32, 0)
s = 182: (0, 43, 22, 52, 44, 8, 33, 9, 22, 2, 27, 0)
s = 183: (0, 37, 17, 50, 67, 8, 43, 10, 23, 2, 23, 0)
s = 184: (0, 31, 15, 44, 87, 8, 35, 8, 26, 3, 20, 0)
s = 185: (0, 30, 18, 44, 65, 11, 25, 6, 20, 3, 28, 0)
s = 186: (0, 34, 19, 58, 78, 11, 26, 6, 37, 3, 46, 0)
s = 187: (0, 27, 14, 48, 82, 7, 26, 5, 34, 2, 52, 0)
s = 188: (0, 34, 14, 39, 88, 6, 30, 4, 19, 2, 34, 0)
s = 189: (0, 33, 19, 63, 76, 5, 24, 5, 15, 3, 44, 0)
s = 190: (0, 25, 13, 38, 56, 10, 38, 7, 33, 2, 38, 0)
s = 191: (0, 33, 9, 47, 51, 8, 38, 10, 17, 2, 40, 0)
s = 192: (0, 40, 22, 46, 54, 6, 25, 9, 25, 2, 50, 0)
s = 193: (0, 64, 10, 55, 93, 10, 27, 7, 23, 2, 31, 0)
s = 194: (0, 37, 10, 61, 92, 6, 24, 10, 23, 2, 36, 0)
s = 195: (0, 37, 19, 42, 97, 10, 21, 6, 17, 2, 21, 0)
s = 196: (0, 56, 15, 40, 51, 13, 24, 6, 22, 2, 31, 0)
s = 197: (0, 26, 12, 73, 62, 10, 21, 5, 38, 3, 24, 0)
s = 198: (0, 30, 15, 35, 75, 10, 40, 9, 32, 3, 18, 0)
s = 199: (0, 40, 16, 45, 55, 10, 44, 5, 21, 2, 36, 0)
s = 200: (0, 50, 18, 58, 65, 13, 27, 4, 20, 3, 30, 0)
------------------------------------------------------------------------
RESOURCE k = 3
s = 1: (0, 27, 27, 13, 112, 15, 11, 15, 8, 12, 23, 0)
s = 2: (0, 29, 27, 17, 43, 8, 25, 20, 8, 8, 30, 0)
s = 3: (0, 48, 41, 24, 58, 15, 10, 28, 8, 11, 25, 0)
s = 4: (0, 36, 34, 24, 122, 12, 12, 13, 6, 5, 39, 0)
s = 5: (0, 41, 30, 13, 106, 13, 17, 19, 5, 11, 51, 0)
s = 6: (0, 32, 26, 14, 79, 15, 16, 17, 10, 10, 24, 0)
s = 7: (0, 65, 45, 25, 51, 13, 21, 16, 7, 8, 38, 0)
s = 8: (0, 78, 23, 25, 62, 14, 17, 27, 12, 9, 18, 0)
s = 9: (0, 32, 29, 14, 65, 15, 9, 28, 8, 8, 26, 0)
s = 10: (0, 58, 23, 14, 87, 16, 10, 19, 6, 8, 24, 0)
s = 11: (0, 31, 32, 24, 52, 16, 13, 15, 6, 6, 19, 0)
s = 12: (0, 41, 46, 15, 110, 12, 11, 17, 8, 7, 26, 0)
s = 13: (0, 53, 40, 21, 97, 21, 15, 19, 13, 7, 38, 0)
s = 14: (0, 52, 32, 19, 41, 15, 19, 11, 7, 7, 34, 0)
s = 15: (0, 30, 41, 28, 93, 11, 14, 13, 5, 9, 33, 0)
s = 16: (0, 38, 40, 26, 78, 21, 10, 11, 10, 12, 29, 0)
s = 17: (0, 29, 56, 16, 45, 11, 17, 19, 10, 6, 31, 0)
s = 18: (0, 38, 44, 22, 76, 23, 14, 27, 9, 13, 22, 0)
s = 19: (0, 42, 26, 12, 54, 13, 16, 23, 7, 7, 29, 0)
s = 20: (0, 38, 26, 16, 54, 20, 17, 17, 5, 12, 33, 0)
s = 21: (0, 36, 47, 28, 49, 9, 16, 32, 7, 4, 22, 0)
s = 22: (0, 34, 41, 24, 114, 13, 14, 11, 7, 6, 19, 0)
s = 23: (0, 29, 47, 13, 91, 14, 10, 19, 6, 9, 37, 0)
s = 24: (0, 26, 58, 17, 39, 15, 20, 20, 7, 4, 19, 0)
s = 25: (0, 44, 46, 25, 76, 21, 13, 28, 11, 9, 20, 0)
s = 26: (0, 51, 35, 16, 63, 11, 23, 15, 12, 5, 29, 0)
s = 27: (0, 38, 33, 15, 78, 10, 16, 16, 10, 9, 33, 0)
s = 28: (0, 55, 40, 17, 79, 18, 10, 20, 11, 7, 28, 0)
s = 29: (0, 31, 23, 23, 81, 12, 22, 12, 8, 8, 20, 0)
s = 30: (0, 50, 46, 19, 111, 11, 12, 15, 8, 6, 28, 0)
s = 31: (0, 48, 36, 16, 80, 17, 20, 15, 13, 8, 28, 0)
s = 32: (0, 44, 42, 22, 50, 11, 8, 20, 9, 8, 20, 0)
s = 33: (0, 48, 29, 22, 41, 14, 18, 17, 5, 8, 36, 0)
s = 34: (0, 24, 31, 18, 92, 14, 14, 22, 7, 5, 25, 0)
s = 35: (0, 59, 29, 21, 60, 14, 11, 14, 7, 9, 34, 0)
s = 36: (0, 31, 36, 15, 102, 12, 12, 14, 6, 11, 39, 0)
s = 37: (0, 41, 20, 24, 66, 19, 18, 17, 6, 10, 29, 0)
s = 38: (0, 37, 44, 27, 44, 12, 18, 22, 5, 9, 26, 0)
s = 39: (0, 45, 32, 21, 47, 17, 13, 17, 11, 7, 25, 0)
s = 40: (0, 52, 48, 18, 72, 9, 14, 14, 6, 6, 24, 0)
s = 41: (0, 50, 28, 14, 91, 21, 12, 21, 7, 7, 23, 0)
s = 42: (0, 49, 47, 16, 126, 19, 11, 13, 6, 5, 23, 0)
s = 43: (0, 39, 27, 33, 44, 15, 16, 22, 5, 8, 23, 0)
s = 44: (0, 41, 32, 25, 57, 10, 22, 24, 7, 8, 31, 0)
s = 45: (0, 36, 38, 27, 60, 19, 18, 12, 10, 9, 23, 0)
s = 46: (0, 47, 27, 24, 45, 13, 15, 18, 7, 6, 33, 0)
s = 47: (0, 31, 25, 26, 67, 12, 17, 19, 8, 11, 20, 0)
s = 48: (0, 41, 28, 18, 76, 15, 14, 21, 13, 8, 24, 0)
s = 49: (0, 48, 32, 18, 46, 8, 13, 32, 6, 11, 19, 0)
s = 50: (0, 45, 34, 22, 96, 12, 14, 25, 9, 7, 20, 0)
s = 51: (0, 51, 50, 24, 64, 17, 12, 11, 15, 9, 18, 0)
s = 52: (0, 67, 23, 23, 61, 12, 25, 20, 6, 8, 30, 0)
s = 53: (0, 27, 43, 14, 48, 10, 13, 15, 5, 11, 31, 0)
s = 54: (0, 64, 40, 23, 48, 17, 14, 15, 10, 5, 31, 0)
s = 55: (0, 37, 21, 31, 57, 15, 10, 10, 10, 5, 28, 0)
s = 56: (0, 34, 31, 13, 74, 13, 11, 14, 15, 6, 33, 0)
s = 57: (0, 28, 28, 17, 44, 14, 24, 19, 9, 4, 18, 0)
s = 58: (0, 38, 32, 21, 65, 11, 13, 25, 10, 11, 19, 0)
s = 59: (0, 39, 39, 18, 93, 19, 14, 12, 8, 9, 30, 0)
s = 60: (0, 34, 27, 15, 80, 11, 17, 26, 6, 10, 23, 0)
s = 61: (0, 26, 35, 19, 45, 16, 18, 20, 5, 7, 21, 0)
s = 62: (0, 34, 30, 20, 55, 14, 11, 33, 9, 9, 40, 0)
s = 63: (0, 35, 40, 17, 66, 14, 11, 18, 7, 8, 25, 0)
s = 64: (0, 31, 34, 17, 117, 21, 13, 13, 6, 9, 25, 0)
s = 65: (0, 40, 43, 19, 73, 15, 13, 25, 5, 5, 47, 0)
s = 66: (0, 32, 31, 25, 91, 19, 10, 34, 7, 8, 20, 0)
s = 67: (0, 56, 30, 20, 108, 14, 15, 22, 7, 7, 41, 0)
s = 68: (0, 26, 41, 28, 55, 8, 9, 20, 8, 7, 24, 0)
s = 69: (0, 46, 45, 23, 40, 22, 11, 17, 14, 6, 28, 0)
s = 70: (0, 49, 27, 14, 54, 18, 10, 16, 5, 5, 22, 0)
s = 71: (0, 59, 53, 14, 76, 12, 21, 22, 8, 9, 30, 0)
s = 72: (0, 36, 47, 18, 53, 14, 11, 14, 8, 9, 36, 0)
s = 73: (0, 34, 26, 26, 86, 14, 14, 18, 9, 9, 27, 0)
s = 74: (0, 34, 27, 14, 57, 12, 19, 32, 5, 11, 30, 0)
s = 75: (0, 63, 32, 19, 74, 13, 15, 11, 7, 5, 30, 0)
s = 76: (0, 27, 37, 25, 80, 15, 19, 23, 7, 11, 23, 0)
s = 77: (0, 32, 34, 17, 100, 16, 22, 13, 9, 10, 27, 0)
s = 78: (0, 38, 31, 14, 98, 9, 10, 19, 7, 8, 28, 0)
s = 79: (0, 40, 21, 32, 112, 9, 9, 26, 7, 7, 25, 0)
s = 80: (0, 39, 38, 17, 72, 9, 17, 23, 5, 7, 19, 0)
s = 81: (0, 25, 43, 18, 84, 18, 15, 25, 9, 6, 27, 0)
s = 82: (0, 38, 53, 23, 57, 12, 20, 20, 6, 9, 33, 0)
s = 83: (0, 36, 35, 21, 53, 20, 20, 26, 12, 7, 34, 0)
s = 84: (0, 25, 64, 37, 118, 20, 21, 14, 11, 8, 27, 0)
s = 85: (0, 40, 25, 24, 77, 13, 23, 14, 7, 5, 21, 0)
s = 86: (0, 47, 43, 28, 111, 11, 13, 22, 8, 12, 31, 0)
s = 87: (0, 29, 22, 13, 94, 14, 19, 10, 9, 5, 19, 0)
s = 88: (0, 40, 21, 25, 64, 16, 12, 27, 12, 8, 46, 0)
s = 89: (0, 30, 45, 15, 58, 13, 21, 27, 9, 8, 30, 0)
s = 90: (0, 35, 47, 14, 58, 11, 14, 20, 6, 10, 21, 0)
s = 91: (0, 33, 26, 14, 84, 18, 13, 29, 8, 8, 28, 0)
s = 92: (0, 39, 37, 13, 73, 11, 23, 15, 12, 5, 17, 0)
s = 93: (0, 57, 42, 17, 98, 12, 12, 20, 9, 7, 32, 0)
s = 94: (0, 33, 34, 14, 71, 13, 17, 23, 7, 8, 18, 0)
s = 95: (0, 41, 26, 18, 63, 18, 17, 13, 10, 8, 26, 0)
s = 96: (0, 26, 42, 18, 69, 19, 23, 12, 8, 8, 25, 0)
s = 97: (0, 45, 21, 17, 82, 14, 10, 16, 5, 6, 33, 0)
s = 98: (0, 39, 26, 20, 53, 11, 12, 22, 9, 4, 45, 0)
s = 99: (0, 35, 29, 27, 78, 12, 20, 18, 8, 7, 19, 0)
s = 100: (0, 67, 41, 23, 80, 11, 15, 13, 5, 11, 44, 0)
s = 101: (0, 28, 33, 25, 96, 16, 13, 29, 6, 8, 28, 0)
s = 102: (0, 51, 45, 17, 63, 11, 15, 12, 10, 6, 17, 0)
s = 103: (0, 47, 42, 19, 75, 16, 23, 21, 10, 13, 22, 0)
s = 104: (0, 35, 66, 29, 79, 17, 13, 19, 10, 10, 41, 0)
s = 105: (0, 32, 40, 16, 60, 17, 15, 30, 6, 6, 41, 0)
s = 106: (0, 33, 36, 12, 56, 16, 23, 18, 6, 11, 37, 0)
s = 107: (0, 37, 32, 18, 75, 11, 14, 26, 10, 6, 17, 0)
s = 108: (0, 32, 47, 20, 66, 15, 14, 10, 10, 12, 24, 0)
s = 109: (0, 38, 42, 25, 42, 10, 19, 11, 11, 9, 25, 0)
s = 110: (0, 41, 23, 13, 120, 15, 15, 13, 6, 5, 18, 0)
s = 111: (0, 40, 24, 11, 104, 11, 10, 14, 6, 11, 28, 0)
s = 112: (0, 34, 30, 20, 81, 17, 12, 15, 11, 6, 25, 0)
s = 113: (0, 37, 32, 16, 105, 9, 11, 14, 9, 10, 25, 0)
s = 114: (0, 42, 43, 22, 62, 14, 19, 11, 6, 9, 28, 0)
s = 115: (0, 38, 43, 21, 53, 17, 12, 20, 7, 11, 37, 0)
s = 116: (0, 26, 41, 14, 46, 10, 9, 16, 10, 6, 27, 0)
s = 117: (0, 38, 24, 26, 52, 12, 12, 22, 6, 9, 47, 0)
s = 118: (0, 33, 43, 27, 65, 23, 10, 15, 12, 9, 32, 0)
s = 119: (0, 44, 60, 32, 57, 17, 14, 14, 12, 9, 24, 0)
s = 120: (0, 36, 35, 13, 100, 14, 13, 30, 10, 11, 36, 0)
s = 121: (0, 49, 23, 12, 104, 20, 10, 12, 15, 9, 27, 0)
s = 122: (0, 23, 25, 27, 73, 10, 23, 12, 11, 6, 19, 0)
s = 123: (0, 36, 21, 30, 100, 17, 24, 21, 12, 5, 25, 0)
s = 124: (0, 56, 44, 23, 53, 11, 14, 15, 8, 8, 35, 0)
s = 125: (0, 71, 36, 21, 79, 14, 17, 14, 10, 11, 46, 0)
s = 126: (0, 42, 29, 19, 98, 13, 9, 14, 12, 6, 33, 0)
s = 127: (0, 47, 25, 22, 90, 15, 10, 11, 9, 8, 26, 0)
s = 128: (0, 40, 35, 15, 58, 10, 14, 14, 5, 4, 30, 0)
s = 129: (0, 36, 37, 19, 61, 17, 9, 19, 7, 9, 25, 0)
s = 130: (0, 42, 23, 27, 90, 14, 16, 11, 6, 5, 33, 0)
s = 131: (0, 53, 43, 13, 75, 19, 13, 13, 10, 10, 33, 0)
s = 132: (0, 31, 43, 18, 96, 17, 13, 21, 6, 5, 30, 0)
s = 133: (0, 31, 21, 18, 95, 14, 19, 27, 7, 9, 29, 0)
s = 134: (0, 28, 53, 30, 86, 17, 24, 16, 5, 12, 38, 0)
s = 135: (0, 21, 50, 19, 87, 12, 11, 19, 11, 6, 31, 0)
s = 136: (0, 23, 43, 16, 54, 22, 10, 17, 8, 9, 20, 0)
s = 137: (0, 28, 26, 16, 72, 15, 13, 16, 8, 6, 27, 0)
s = 138: (0, 28, 35, 27, 72, 11, 17, 16, 8, 5, 41, 0)
s = 139: (0, 55, 33, 12, 79, 17, 9, 18, 13, 8, 24, 0)
s = 140: (0, 24, 35, 12, 55, 10, 25, 21, 11, 6, 34, 0)
s = 141: (0, 52, 50, 20, 58, 10, 26, 26, 12, 8, 29, 0)
s = 142: (0, 38, 34, 16, 70, 17, 11, 12, 7, 7, 46, 0)
s = 143: (0, 42, 34, 14, 110, 12, 16, 25, 5, 6, 32, 0)
s = 144: (0, 49, 40, 23, 58, 14, 24, 15, 6, 6, 31, 0)
s = 145: (0, 37, 38, 18, 73, 11, 17, 17, 11, 10, 22, 0)
s = 146: (0, 42, 26, 15, 53, 12, 20, 29, 16, 8, 37, 0)
s = 147: (0, 49, 40, 14, 74, 16, 12, 15, 6, 6, 36, 0)
s = 148: (0, 33, 23, 23, 109, 23, 11, 15, 7, 7, 28, 0)
s = 149: (0, 54, 53, 29, 40, 22, 16, 12, 8, 8, 32, 0)
s = 150: (0, 53, 45, 18, 53, 12, 12, 25, 7, 8, 26, 0)
s = 151: (0, 48, 25, 20, 46, 25, 12, 12, 6, 8, 25, 0)
s = 152: (0, 54, 25, 18, 70, 11, 16, 18, 7, 5, 29, 0)
s = 153: (0, 36, 23, 23, 100, 11, 26, 13, 10, 8, 32, 0)
s = 154: (0, 56, 24, 18, 91, 15, 15, 19, 7, 5, 29, 0)
s = 155: (0, 26, 33, 12, 50, 13, 20, 22, 9, 8, 32, 0)
s = 156: (0, 39, 22, 19, 109, 14, 12, 17, 9, 9, 27, 0)
s = 157: (0, 27, 37, 12, 86, 11, 16, 15, 8, 10, 31, 0)
s = 158: (0, 35, 44, 13, 102, 10, 18, 16, 10, 6, 30, 0)
s = 159: (0, 43, 30, 23, 77, 13, 24, 13, 6, 6, 27, 0)
s = 160: (0, 43, 42, 31, 69, 17, 17, 18, 8, 6, 36, 0)
s = 161: (0, 24, 51, 16, 67, 12, 13, 22, 7, 7, 18, 0)
s = 162: (0, 51, 49, 25, 127, 12, 18, 14, 11, 4, 30, 0)
s = 163: (0, 32, 36, 16, 58, 12, 9, 16, 8, 6, 17, 0)
s = 164: (0, 35, 20, 15, 81, 18, 26, 20, 10, 6, 26, 0)
s = 165: (0, 26, 37, 31, 79, 9, 12, 21, 15, 8, 25, 0)
s = 166: (0, 40, 52, 21, 40, 17, 24, 16, 6, 7, 38, 0)
s = 167: (0, 36, 36, 15, 77, 11, 11, 12, 8, 6, 26, 0)
s = 168: (0, 42, 31, 15, 60, 15, 13, 15, 7, 5, 29, 0)
s = 169: (0, 35, 50, 19, 55, 11, 20, 12, 8, 6, 29, 0)
s = 170: (0, 50, 21, 30, 63, 17, 18, 23, 9, 6, 17, 0)
s = 171: (0, 44, 45, 24, 71, 9, 11, 23, 6, 13, 25, 0)
s = 172: (0, 30, 31, 31, 74, 16, 16, 14, 13, 6, 16, 0)
s = 173: (0, 50, 21, 15, 51, 17, 15, 15, 9, 5, 15, 0)
s = 174: (0, 32, 25, 14, 81, 14, 10, 18, 7, 7, 30, 0)
s = 175: (0, 37, 22, 15, 98, 16, 12, 16, 5, 7, 33, 0)
s = 176: (0, 56, 41, 12, 45, 17, 18, 22, 10, 5, 30, 0)
s = 177: (0, 32, 35, 18, 93, 15, 14, 18, 5, 7, 27, 0)
s = 178: (0, 43, 29, 21, 130, 11, 11, 16, 13, 7, 21, 0)
s = 179: (0, 21, 21, 12, 99, 16, 17, 19, 10, 8, 32, 0)
s = 180: (0, 59, 28, 15, 74, 10, 12, 23, 15, 7, 36, 0)
s = 181: (0, 36, 36, 15, 105, 15, 9, 22, 7, 11, 28, 0)
s = 182: (0, 43, 55, 21, 44, 14, 17, 27, 8, 6, 23, 0)
s = 183: (0, 37, 43, 20, 67, 14, 22, 29, 8, 6, 20, 0)
s = 184: (0, 31, 36, 18, 87, 14, 18, 23, 9, 10, 18, 0)
s = 185: (0, 30, 44, 18, 65, 19, 13, 18, 7, 10, 24, 0)
s = 186: (0, 34, 48, 24, 78, 18, 13, 16, 13, 10, 41, 0)
s = 187: (0, 27, 35, 20, 82, 11, 13, 14, 12, 6, 45, 0)
s = 188: (0, 34, 35, 16, 88, 10, 15, 11, 7, 7, 30, 0)
s = 189: (0, 33, 46, 25, 76, 9, 12, 15, 5, 8, 38, 0)
s = 190: (0, 25, 32, 16, 56, 16, 19, 19, 11, 6, 33, 0)
s = 191: (0, 33, 22, 19, 51, 14, 19, 28, 6, 5, 35, 0)
s = 192: (0, 40, 55, 19, 54, 9, 13, 27, 9, 7, 44, 0)
s = 193: (0, 64, 25, 22, 93, 17, 14, 20, 8, 4, 27, 0)
s = 194: (0, 37, 24, 25, 92, 10, 12, 29, 8, 7, 31, 0)
s = 195: (0, 37, 46, 17, 97, 18, 11, 18, 6, 6, 18, 0)
s = 196: (0, 56, 36, 16, 51, 22, 12, 17, 8, 6, 27, 0)
s = 197: (0, 26, 29, 29, 62, 16, 11, 14, 13, 10, 21, 0)
s = 198: (0, 30, 36, 14, 75, 17, 20, 27, 11, 11, 16, 0)
s = 199: (0, 40, 40, 18, 55, 17, 22, 15, 7, 7, 32, 0)
s = 200: (0, 50, 44, 24, 65, 22, 14, 10, 7, 8, 26, 0)
************************************************************************
ES/LS-VALUES:
jobnr.   ES(i)    LS(i)
------------------------------------------------------------------------
  0        0        0
  1        0       63
  2        0       36
  3        0       57
  4       13       50
  5       27       67
  6       27       65
  7       32       71
  8       36       75
  9       32       81
 10       27       75
 11       44       83
************************************************************************
BIG-M-VALUES:
M1 = 81, M2 = 347
************************************************************************
