************************************************************************
file with basedata            : j30_25.bas
initial value random generator: 1472961885
************************************************************************
projects                      :  1
jobs (incl. supersource/sink ):  32
horizon                       :  146
RESOURCES
  - renewable                 :  4   R
  - nonrenewable              :  0   N
  - doubly constrained        :  0   D
************************************************************************
PROJECT INFORMATION:
pronr.  #jobs rel.date duedate tardcost  MPM-Time
    1     30      0       47       20       47
************************************************************************
PRECEDENCE RELATIONS:
jobnr.    #modes  #successors   successors
   0        1          3           1   2   3
   1        1          3           4   6  13
   2        1          3          14  15  16
   3        1          1           7
   4        1          1           5
   5        1          2          18  19
   6        1          3           8  10  12
   7        1          1          18
   8        1          1           9
   9        1          1          11
  10        1          2          20  22
  11        1          1          23
  12        1          2          21  24
  13        1          1          28
  14        1          1          27
  15        1          1          30
  16        1          3          17  18  23
  17        1          2          20  22
  18        1          1          30
  19        1          1          26
  20        1          2          21  25
  21        1          1          27
  22        1          2          28  30
  23        1          1          28
  24        1          1          25
  25        1          2          26  27
  26        1          1          29
  27        1          1          29
  28        1          1          31
  29        1          1          31
  30        1          1          31
  31        1          0        
************************************************************************
REQUESTS/DURATIONS:
jobnr. mode duration  R 1  R 2  R 3  R 4  E(W 1)  E(W 2)
------------------------------------------------------------------------
  0      1     0       0    0    0    0     0       0
  1      1     1       2    9    9    4    11      13
  2      1    10       2   10    0    2    120      20
  3      1     6       7    3    0    0    60       0
  4      1     1       3    7    5    1    10       7
  5      1     3       0    7    4    1    21      18
  6      1     9       6    1    0    0    72       0
  7      1     2       7    4    7    0    22      14
  8      1    10       0    7    0    6    70      60
  9      1     2       8    2    0    0    20       0
 10      1     5       4    0    9    0    20      45
 11      1     4       5   10    0    1    60       8
 12      1     8       0    6   10    9    48      152
 13      1     3       4    1    0    6    18      18
 14      1     6       1    7    0    5    54      30
 15      1     5       1    5    9    4    35      65
 16      1     3       5    0    5    0    15      15
 17      1     1       2    4    4   10     6      14
 18      1     7       5    8    2    2    91      28
 19      1     8       5   10    0    2    120      16
 20      1     2       2    2    7    0     8      14
 21      1     8       7    0    8    8    56      128
 22      1     8       9    3    5    0    96      40
 23      1     2       8   10    9    3    36      24
 24      1     7       0    4    7    5    28      84
 25      1     8       3    0    1    4    24      48
 26      1    10       1    0    9    3    20      120
 27      1     1       0    7    5    1     7       7
 28      1     1       4    9    2    5    13       7
 29      1     4       5    1    7    0    28      28
 30      1     1      10    0    1    1    10       4
 31      1     0       0    0    0    0     0       0
************************************************************************
RESOURCEAVAILABILITIES:
  R 1  R 2
   28   30
************************************************************************
RESOURCE LIMITS:
jobnr.  l(R 1)  u(R 1)  l(R 2)  u(R 2)
------------------------------------------------------------------------
  0        0       0       0       0
  1        6      11       7      13
  2        6      12       1       2
  3        6      10       0       0
  4        6      10       4       7
  5        4       7       3       6
  6        4       8       0       0
  7        6      11       4       7
  8        4       7       3       6
  9        5      10       0       0
 10        2       4       5       9
 11        8      15       1       2
 12        3       6      10      19
 13        3       6       3       6
 14        5       9       3       5
 15        4       7       7      13
 16        3       5       3       5
 17        3       6       7      14
 18        7      13       2       4
 19        8      15       1       2
 20        2       4       4       7
 21        4       7       8      16
 22        7      12       3       5
 23        9      18       7      12
 24        2       4       7      12
 25        2       3       3       6
 26        1       2       7      12
 27        4       7       4       7
 28        7      13       4       7
 29        4       7       4       7
 30        5      10       2       4
 31        0       0       0       0
************************************************************************
SCENARIOS:
------------------------------------------------------------------------
RESOURCE k = 1
s = 1: (0, 11, 218, 48, 8, 26, 80, 19, 65, 20, 34, 77, 62, 14, 65, 41, 21, 11, 122, 79, 7, 48, 86, 27, 31, 17, 18, 5, 14, 28, 13, 0)
s = 2: (0, 10, 179, 52, 9, 13, 97, 25, 126, 24, 21, 76, 61, 18, 33, 31, 12, 5, 114, 211, 7, 54, 71, 34, 26, 35, 22, 11, 17, 30, 8, 0)
s = 3: (0, 11, 104, 36, 7, 18, 101, 22, 56, 19, 21, 69, 35, 20, 50, 26, 17, 4, 84, 79, 9, 74, 56, 34, 35, 19, 17, 9, 15, 24, 9, 0)
s = 4: (0, 15, 103, 56, 9, 12, 71, 18, 87, 24, 21, 35, 51, 15, 77, 22, 12, 4, 97, 177, 9, 32, 90, 52, 41, 29, 30, 8, 8, 26, 12, 0)
s = 5: (0, 8, 182, 55, 8, 17, 94, 25, 80, 27, 18, 62, 40, 19, 75, 32, 17, 5, 61, 118, 9, 56, 132, 27, 24, 19, 17, 6, 10, 21, 11, 0)
s = 6: (0, 7, 136, 54, 12, 20, 49, 18, 89, 25, 14, 64, 37, 15, 56, 56, 10, 7, 96, 157, 7, 48, 54, 57, 29, 24, 14, 9, 19, 20, 9, 0)
s = 7: (0, 12, 114, 57, 8, 17, 84, 16, 47, 14, 29, 75, 52, 34, 77, 25, 18, 4, 78, 136, 8, 38, 89, 42, 27, 28, 25, 5, 20, 24, 9, 0)
s = 8: (0, 14, 124, 62, 11, 12, 74, 36, 80, 29, 20, 79, 59, 17, 50, 32, 16, 7, 119, 87, 15, 60, 58, 23, 45, 20, 16, 7, 10, 38, 12, 0)
s = 9: (0, 13, 156, 64, 14, 19, 50, 29, 77, 16, 20, 55, 61, 22, 64, 44, 11, 7, 91, 104, 7, 50, 58, 35, 47, 31, 21, 8, 9, 34, 11, 0)
s = 10: (0, 10, 87, 55, 7, 16, 83, 15, 60, 16, 19, 42, 44, 11, 44, 24, 9, 7, 94, 97, 8, 55, 77, 29, 24, 26, 13, 10, 11, 21, 7, 0)
s = 11: (0, 12, 121, 75, 7, 24, 102, 14, 78, 19, 19, 31, 51, 24, 61, 35, 14, 6, 81, 93, 7, 61, 63, 27, 28, 23, 17, 10, 13, 30, 7, 0)
s = 12: (0, 13, 156, 55, 8, 14, 61, 19, 87, 30, 17, 85, 61, 12, 61, 26, 22, 7, 94, 121, 9, 62, 89, 46, 23, 22, 16, 10, 14, 32, 9, 0)
s = 13: (0, 11, 187, 97, 9, 13, 67, 19, 61, 22, 28, 48, 62, 19, 65, 19, 9, 12, 110, 92, 10, 31, 108, 40, 16, 16, 23, 7, 13, 20, 14, 0)
s = 14: (0, 7, 113, 48, 9, 30, 71, 20, 51, 24, 22, 50, 59, 20, 60, 23, 10, 6, 60, 134, 13, 60, 69, 37, 24, 28, 22, 11, 16, 35, 9, 0)
s = 15: (0, 6, 117, 37, 7, 31, 57, 14, 60, 14, 18, 62, 62, 12, 60, 35, 17, 6, 93, 189, 6, 44, 102, 29, 44, 24, 20, 10, 12, 30, 12, 0)
s = 16: (0, 10, 123, 60, 12, 13, 41, 16, 112, 27, 20, 74, 37, 21, 52, 33, 12, 6, 101, 147, 6, 51, 91, 46, 32, 21, 18, 7, 10, 18, 10, 0)
s = 17: (0, 8, 117, 52, 10, 30, 77, 43, 61, 25, 27, 54, 36, 15, 33, 34, 12, 8, 118, 204, 7, 59, 90, 29, 33, 20, 24, 6, 14, 30, 13, 0)
s = 18: (0, 8, 144, 44, 10, 17, 56, 27, 80, 25, 18, 72, 64, 14, 47, 36, 26, 9, 114, 159, 12, 59, 98, 28, 26, 21, 20, 5, 14, 32, 13, 0)
s = 19: (0, 6, 109, 70, 9, 26, 84, 20, 46, 13, 12, 52, 43, 17, 40, 32, 16, 5, 133, 132, 13, 98, 68, 42, 29, 19, 20, 10, 10, 30, 10, 0)
s = 20: (0, 11, 81, 58, 9, 24, 49, 38, 58, 16, 34, 90, 42, 13, 61, 21, 19, 6, 133, 99, 7, 43, 64, 31, 20, 21, 20, 6, 8, 23, 8, 0)
s = 21: (0, 8, 99, 56, 7, 19, 61, 18, 77, 21, 22, 85, 43, 15, 67, 36, 21, 6, 145, 102, 9, 64, 84, 42, 37, 38, 15, 8, 14, 22, 9, 0)
s = 22: (0, 9, 146, 69, 8, 37, 67, 25, 66, 17, 18, 34, 93, 17, 56, 28, 14, 9, 130, 155, 15, 58, 67, 30, 28, 28, 20, 9, 8, 32, 11, 0)
s = 23: (0, 9, 166, 68, 12, 17, 59, 17, 61, 18, 23, 86, 36, 15, 51, 25, 12, 7, 82, 134, 6, 103, 92, 46, 23, 25, 16, 6, 13, 22, 11, 0)
s = 24: (0, 8, 65, 56, 14, 21, 68, 16, 94, 15, 17, 62, 40, 17, 61, 36, 17, 8, 111, 174, 9, 49, 85, 27, 31, 33, 24, 11, 20, 25, 8, 0)
s = 25: (0, 18, 117, 53, 6, 17, 85, 22, 51, 26, 25, 84, 56, 16, 63, 29, 19, 5, 69, 89, 12, 56, 84, 41, 22, 21, 21, 11, 20, 38, 14, 0)
s = 26: (0, 12, 137, 62, 13, 25, 79, 28, 43, 17, 28, 68, 42, 16, 55, 49, 10, 4, 73, 133, 12, 50, 140, 33, 41, 20, 24, 8, 11, 41, 10, 0)
s = 27: (0, 14, 167, 43, 14, 25, 74, 23, 82, 25, 21, 41, 37, 23, 84, 44, 20, 11, 65, 114, 13, 83, 111, 39, 27, 35, 25, 5, 10, 39, 13, 0)
s = 28: (0, 10, 144, 71, 11, 23, 73, 16, 96, 24, 19, 88, 44, 11, 92, 46, 11, 6, 158, 125, 9, 53, 86, 22, 28, 23, 13, 7, 16, 34, 12, 0)
s = 29: (0, 12, 107, 78, 8, 13, 42, 19, 99, 21, 26, 55, 29, 13, 47, 53, 14, 6, 60, 113, 5, 59, 131, 29, 25, 39, 13, 10, 10, 30, 8, 0)
s = 30: (0, 13, 163, 45, 12, 15, 61, 36, 71, 19, 29, 49, 30, 15, 63, 39, 15, 6, 94, 74, 13, 68, 68, 39, 30, 36, 18, 7, 15, 34, 9, 0)
s = 31: (0, 8, 147, 37, 12, 14, 47, 21, 81, 17, 11, 51, 52, 20, 45, 33, 14, 8, 91, 138, 8, 70, 80, 32, 41, 23, 14, 7, 11, 31, 8, 0)
s = 32: (0, 9, 108, 37, 11, 21, 69, 36, 41, 21, 12, 70, 69, 18, 37, 39, 11, 6, 103, 113, 9, 48, 128, 41, 20, 39, 25, 7, 10, 24, 8, 0)
s = 33: (0, 10, 105, 42, 7, 14, 42, 19, 51, 18, 26, 64, 68, 14, 67, 37, 9, 7, 107, 174, 5, 91, 78, 30, 46, 29, 25, 6, 10, 23, 10, 0)
s = 34: (0, 10, 162, 41, 8, 35, 55, 21, 101, 17, 22, 50, 28, 19, 41, 30, 18, 5, 92, 81, 9, 63, 88, 42, 20, 25, 15, 7, 12, 34, 10, 0)
s = 35: (0, 13, 106, 61, 14, 22, 65, 12, 90, 18, 21, 99, 72, 18, 57, 21, 14, 7, 96, 115, 10, 60, 84, 26, 30, 26, 16, 10, 15, 21, 13, 0)
s = 36: (0, 16, 136, 48, 9, 31, 85, 21, 89, 20, 14, 54, 57, 12, 62, 41, 11, 5, 67, 132, 10, 65, 69, 48, 23, 35, 29, 9, 10, 21, 7, 0)
s = 37: (0, 9, 110, 48, 8, 24, 73, 22, 78, 27, 15, 65, 65, 14, 49, 31, 15, 6, 76, 101, 12, 71, 93, 38, 47, 30, 20, 7, 15, 27, 7, 0)
s = 38: (0, 8, 154, 58, 6, 23, 42, 19, 60, 16, 24, 48, 59, 17, 61, 21, 17, 7, 60, 104, 9, 72, 70, 48, 19, 30, 15, 7, 15, 27, 7, 0)
s = 39: (0, 11, 159, 78, 7, 16, 60, 14, 42, 14, 28, 61, 83, 18, 52, 28, 21, 10, 60, 105, 11, 53, 99, 31, 27, 39, 30, 6, 12, 32, 8, 0)
s = 40: (0, 9, 143, 94, 7, 23, 90, 24, 55, 18, 13, 32, 48, 31, 50, 31, 14, 5, 75, 162, 6, 47, 69, 33, 25, 22, 19, 6, 10, 30, 13, 0)
s = 41: (0, 16, 151, 85, 7, 13, 55, 25, 77, 26, 26, 40, 57, 33, 44, 23, 13, 5, 104, 131, 11, 62, 99, 31, 33, 14, 26, 6, 14, 26, 11, 0)
s = 42: (0, 11, 73, 43, 10, 21, 78, 19, 64, 18, 16, 56, 37, 20, 36, 38, 17, 7, 114, 212, 8, 50, 108, 49, 28, 16, 14, 9, 12, 17, 10, 0)
s = 43: (0, 11, 165, 34, 11, 29, 57, 25, 53, 21, 19, 61, 57, 15, 76, 40, 14, 6, 52, 90, 12, 52, 133, 44, 37, 25, 14, 11, 12, 19, 9, 0)
s = 44: (0, 14, 106, 75, 7, 13, 74, 15, 53, 26, 24, 53, 50, 11, 39, 44, 11, 7, 86, 114, 6, 64, 63, 38, 30, 21, 12, 10, 11, 30, 8, 0)
s = 45: (0, 11, 150, 46, 7, 22, 111, 16, 110, 21, 15, 73, 74, 15, 39, 47, 15, 4, 122, 87, 10, 55, 132, 40, 27, 23, 16, 8, 15, 19, 10, 0)
s = 46: (0, 8, 108, 43, 14, 18, 98, 19, 70, 27, 17, 61, 32, 13, 41, 24, 12, 7, 84, 177, 7, 38, 87, 47, 23, 16, 13, 5, 9, 39, 13, 0)
s = 47: (0, 12, 114, 51, 15, 27, 63, 26, 47, 17, 23, 57, 31, 23, 57, 23, 13, 9, 79, 129, 5, 60, 108, 35, 34, 43, 21, 6, 16, 33, 10, 0)
s = 48: (0, 14, 89, 53, 13, 20, 70, 14, 67, 20, 29, 57, 32, 10, 53, 34, 24, 5, 74, 148, 5, 49, 77, 40, 32, 17, 28, 5, 12, 41, 10, 0)
s = 49: (0, 7, 130, 75, 13, 15, 75, 28, 43, 16, 30, 44, 62, 19, 56, 34, 23, 5, 141, 78, 13, 74, 79, 45, 27, 28, 29, 5, 11, 52, 9, 0)
s = 50: (0, 16, 97, 59, 9, 15, 81, 27, 111, 25, 23, 37, 52, 15, 31, 46, 13, 5, 79, 119, 9, 41, 99, 30, 39, 16, 19, 8, 13, 17, 9, 0)
s = 51: (0, 10, 120, 70, 7, 28, 80, 26, 79, 17, 16, 60, 71, 21, 37, 25, 13, 9, 93, 91, 12, 45, 149, 37, 31, 29, 16, 8, 15, 31, 12, 0)
s = 52: (0, 14, 130, 41, 14, 26, 128, 20, 49, 21, 28, 41, 75, 21, 62, 34, 12, 5, 59, 173, 7, 43, 96, 23, 37, 29, 18, 7, 10, 22, 11, 0)
s = 53: (0, 14, 142, 57, 11, 15, 60, 22, 71, 23, 21, 37, 52, 16, 53, 23, 11, 7, 66, 145, 10, 54, 97, 34, 17, 23, 28, 11, 9, 43, 15, 0)
s = 54: (0, 10, 68, 74, 12, 21, 62, 42, 56, 21, 31, 34, 59, 26, 48, 49, 17, 5, 133, 74, 11, 76, 72, 29, 40, 25, 19, 6, 21, 20, 10, 0)
s = 55: (0, 8, 127, 48, 11, 24, 57, 24, 62, 18, 35, 64, 65, 15, 60, 38, 12, 7, 68, 108, 8, 78, 133, 36, 22, 20, 30, 5, 11, 32, 10, 0)
s = 56: (0, 8, 127, 35, 11, 23, 54, 23, 69, 35, 20, 59, 29, 19, 47, 37, 15, 6, 94, 145, 10, 52, 87, 41, 18, 27, 31, 9, 14, 28, 7, 0)
s = 57: (0, 7, 98, 57, 13, 25, 38, 24, 87, 19, 19, 76, 64, 23, 51, 39, 19, 10, 114, 67, 7, 75, 103, 36, 22, 19, 14, 7, 20, 15, 17, 0)
s = 58: (0, 11, 132, 38, 13, 24, 51, 23, 69, 12, 18, 48, 32, 16, 36, 32, 10, 7, 70, 139, 16, 42, 159, 21, 29, 24, 18, 8, 20, 25, 8, 0)
s = 59: (0, 10, 90, 39, 10, 18, 83, 25, 39, 18, 31, 58, 53, 13, 42, 60, 9, 5, 77, 96, 11, 54, 86, 21, 19, 25, 16, 8, 14, 24, 10, 0)
s = 60: (0, 7, 119, 64, 10, 26, 74, 18, 98, 12, 19, 66, 48, 21, 92, 24, 13, 8, 55, 110, 6, 46, 108, 44, 25, 36, 23, 7, 14, 23, 9, 0)
s = 61: (0, 9, 142, 59, 9, 15, 60, 26, 74, 24, 21, 62, 58, 17, 50, 33, 13, 6, 136, 80, 7, 44, 84, 28, 29, 17, 15, 9, 11, 24, 7, 0)
s = 62: (0, 11, 97, 84, 11, 26, 40, 15, 82, 24, 16, 57, 47, 21, 56, 21, 21, 8, 104, 125, 6, 64, 87, 26, 32, 26, 19, 5, 18, 30, 12, 0)
s = 63: (0, 11, 98, 58, 7, 30, 63, 28, 47, 22, 25, 57, 69, 11, 50, 33, 13, 4, 120, 124, 9, 69, 71, 39, 30, 20, 20, 10, 9, 24, 15, 0)
s = 64: (0, 7, 141, 79, 12, 17, 69, 27, 66, 34, 14, 77, 34, 15, 64, 35, 26, 6, 73, 86, 7, 54, 94, 28, 21, 24, 12, 9, 20, 27, 13, 0)
s = 65: (0, 11, 141, 65, 13, 21, 80, 22, 79, 18, 14, 61, 30, 26, 68, 26, 18, 7, 93, 117, 9, 51, 68, 37, 36, 31, 18, 6, 12, 24, 7, 0)
s = 66: (0, 8, 118, 63, 11, 16, 87, 17, 58, 15, 30, 60, 42, 12, 50, 24, 21, 7, 128, 166, 6, 52, 96, 31, 27, 20, 19, 7, 14, 25, 8, 0)
s = 67: (0, 12, 177, 88, 9, 15, 63, 26, 79, 16, 13, 79, 60, 17, 49, 47, 11, 9, 125, 94, 9, 33, 81, 40, 17, 27, 14, 10, 14, 28, 16, 0)
s = 68: (0, 7, 167, 51, 9, 34, 48, 14, 78, 22, 22, 37, 54, 14, 70, 36, 28, 10, 106, 85, 10, 41, 83, 38, 23, 28, 21, 7, 17, 26, 16, 0)
s = 69: (0, 10, 83, 37, 9, 21, 53, 30, 67, 13, 14, 71, 49, 20, 68, 48, 16, 8, 85, 119, 6, 35, 95, 24, 26, 22, 16, 10, 9, 16, 6, 0)
s = 70: (0, 18, 81, 66, 8, 16, 58, 21, 64, 15, 15, 81, 52, 17, 97, 24, 19, 5, 97, 102, 13, 67, 59, 32, 43, 24, 14, 11, 14, 20, 11, 0)
s = 71: (0, 14, 94, 66, 8, 19, 82, 27, 72, 11, 13, 39, 28, 14, 51, 48, 17, 7, 60, 144, 7, 73, 92, 37, 26, 19, 19, 10, 17, 29, 14, 0)
s = 72: (0, 8, 117, 40, 10, 25, 68, 18, 77, 15, 15, 88, 40, 13, 37, 22, 10, 6, 72, 69, 7, 35, 75, 54, 33, 35, 14, 9, 11, 27, 11, 0)
s = 73: (0, 14, 91, 77, 12, 36, 55, 38, 65, 19, 16, 74, 38, 10, 83, 34, 17, 5, 67, 143, 8, 72, 125, 40, 19, 18, 27, 6, 12, 27, 7, 0)
s = 74: (0, 13, 66, 77, 6, 27, 57, 22, 90, 20, 21, 59, 51, 19, 91, 51, 21, 6, 79, 114, 8, 45, 75, 31, 20, 14, 16, 6, 13, 33, 9, 0)
s = 75: (0, 10, 136, 48, 11, 27, 108, 32, 104, 21, 21, 89, 67, 19, 37, 31, 17, 5, 137, 77, 6, 40, 110, 27, 30, 19, 17, 7, 10, 27, 8, 0)
s = 76: (0, 12, 85, 61, 12, 14, 58, 16, 75, 13, 18, 37, 29, 30, 54, 43, 14, 4, 78, 123, 10, 72, 87, 32, 31, 27, 18, 6, 15, 26, 11, 0)
s = 77: (0, 9, 94, 35, 8, 14, 111, 22, 62, 11, 16, 73, 48, 20, 42, 20, 12, 4, 115, 128, 15, 34, 125, 46, 31, 22, 14, 10, 14, 21, 11, 0)
s = 78: (0, 9, 156, 74, 8, 27, 106, 14, 72, 18, 24, 49, 33, 18, 43, 25, 25, 6, 100, 76, 7, 51, 80, 26, 31, 24, 20, 6, 16, 31, 16, 0)
s = 79: (0, 10, 159, 60, 8, 20, 74, 24, 88, 16, 19, 47, 32, 19, 37, 29, 12, 9, 76, 124, 13, 53, 109, 27, 35, 26, 16, 7, 16, 35, 8, 0)
s = 80: (0, 12, 126, 57, 9, 20, 44, 26, 79, 17, 19, 58, 51, 14, 49, 34, 12, 6, 55, 202, 13, 57, 169, 28, 26, 15, 18, 6, 15, 16, 7, 0)
s = 81: (0, 8, 179, 84, 12, 23, 68, 31, 70, 15, 21, 40, 65, 12, 48, 24, 17, 7, 99, 68, 5, 43, 130, 21, 21, 20, 17, 10, 21, 43, 9, 0)
s = 82: (0, 12, 82, 55, 7, 16, 63, 22, 37, 12, 23, 47, 60, 19, 40, 29, 13, 8, 124, 107, 9, 38, 79, 39, 36, 25, 16, 7, 16, 34, 12, 0)
s = 83: (0, 10, 82, 52, 9, 15, 76, 14, 49, 19, 19, 61, 70, 16, 58, 24, 16, 5, 115, 87, 7, 43, 134, 30, 20, 25, 16, 6, 12, 24, 13, 0)
s = 84: (0, 11, 119, 95, 16, 24, 44, 27, 52, 27, 13, 87, 39, 21, 59, 50, 20, 4, 67, 112, 12, 43, 53, 35, 34, 22, 25, 7, 10, 20, 10, 0)
s = 85: (0, 18, 127, 60, 10, 17, 74, 14, 83, 22, 12, 53, 38, 19, 40, 41, 10, 4, 54, 170, 7, 37, 118, 46, 20, 24, 16, 8, 11, 32, 9, 0)
s = 86: (0, 8, 158, 74, 9, 14, 122, 20, 60, 20, 20, 40, 74, 27, 36, 24, 10, 6, 84, 98, 8, 47, 64, 59, 31, 27, 16, 8, 16, 28, 7, 0)
s = 87: (0, 15, 156, 36, 8, 13, 138, 20, 40, 22, 27, 36, 50, 14, 67, 20, 10, 6, 73, 87, 10, 47, 86, 27, 30, 28, 21, 5, 13, 20, 7, 0)
s = 88: (0, 7, 111, 59, 13, 26, 80, 19, 65, 16, 29, 88, 69, 18, 44, 50, 19, 8, 126, 135, 8, 86, 83, 37, 28, 32, 22, 8, 10, 18, 9, 0)
s = 89: (0, 12, 146, 73, 8, 11, 59, 19, 61, 19, 25, 105, 48, 15, 90, 30, 10, 7, 106, 107, 6, 67, 69, 27, 24, 22, 18, 5, 17, 34, 8, 0)
s = 90: (0, 10, 137, 53, 7, 21, 62, 18, 41, 19, 15, 40, 51, 19, 51, 25, 16, 4, 70, 97, 6, 51, 105, 23, 28, 19, 23, 7, 15, 15, 10, 0)
s = 91: (0, 16, 127, 47, 13, 14, 49, 15, 107, 21, 19, 71, 35, 21, 39, 26, 19, 5, 146, 98, 7, 57, 56, 23, 45, 26, 22, 10, 13, 18, 7, 0)
s = 92: (0, 8, 125, 36, 12, 18, 66, 19, 81, 21, 32, 78, 35, 24, 37, 43, 12, 6, 80, 83, 11, 65, 163, 43, 35, 25, 27, 7, 10, 19, 10, 0)
s = 93: (0, 10, 101, 62, 11, 15, 63, 20, 85, 16, 14, 61, 26, 13, 105, 28, 18, 6, 86, 110, 16, 39, 165, 43, 18, 26, 25, 9, 17, 45, 10, 0)
s = 94: (0, 9, 167, 40, 13, 16, 81, 18, 66, 14, 26, 41, 41, 29, 47, 23, 14, 4, 127, 107, 5, 62, 116, 42, 25, 34, 24, 5, 16, 26, 14, 0)
s = 95: (0, 11, 115, 35, 13, 24, 43, 29, 59, 22, 19, 52, 57, 23, 55, 38, 11, 6, 93, 204, 12, 45, 81, 29, 16, 19, 15, 7, 13, 31, 8, 0)
s = 96: (0, 12, 85, 42, 11, 14, 72, 22, 108, 22, 26, 70, 28, 27, 57, 48, 15, 7, 55, 128, 10, 32, 64, 42, 29, 24, 15, 11, 20, 35, 8, 0)
s = 97: (0, 11, 76, 55, 12, 27, 54, 23, 71, 20, 21, 54, 40, 15, 80, 34, 21, 5, 86, 117, 8, 62, 86, 28, 22, 34, 18, 8, 14, 40, 8, 0)
s = 98: (0, 10, 181, 51, 11, 24, 80, 26, 73, 19, 19, 56, 42, 21, 68, 34, 21, 6, 67, 140, 6, 59, 95, 37, 26, 21, 15, 7, 14, 38, 8, 0)
s = 99: (0, 14, 126, 39, 9, 22, 71, 20, 62, 21, 26, 50, 35, 23, 77, 22, 14, 10, 138, 109, 8, 68, 75, 25, 26, 20, 23, 7, 12, 40, 9, 0)
s = 100: (0, 10, 92, 55, 10, 15, 61, 23, 93, 29, 21, 97, 50, 33, 56, 33, 10, 8, 97, 113, 8, 62, 113, 34, 36, 26, 28, 7, 12, 29, 11, 0)
s = 101: (0, 9, 152, 39, 12, 28, 62, 24, 94, 15, 24, 68, 43, 16, 66, 57, 13, 5, 94, 154, 11, 36, 62, 41, 35, 16, 22, 5, 12, 16, 8, 0)
s = 102: (0, 8, 140, 79, 11, 18, 54, 25, 59, 24, 13, 46, 48, 22, 66, 36, 15, 9, 70, 146, 7, 44, 77, 32, 37, 32, 20, 9, 18, 34, 7, 0)
s = 103: (0, 7, 132, 35, 10, 25, 113, 17, 89, 16, 18, 59, 64, 22, 54, 33, 12, 4, 113, 143, 9, 54, 89, 31, 26, 27, 15, 6, 10, 26, 12, 0)
s = 104: (0, 12, 101, 57, 13, 25, 42, 22, 99, 15, 32, 58, 29, 13, 61, 33, 12, 7, 86, 108, 8, 87, 104, 61, 25, 22, 22, 9, 8, 16, 11, 0)
s = 105: (0, 11, 109, 64, 9, 37, 44, 28, 41, 22, 20, 59, 34, 29, 74, 25, 12, 6, 83, 94, 7, 61, 72, 32, 26, 25, 13, 5, 15, 23, 7, 0)
s = 106: (0, 11, 75, 73, 13, 14, 95, 24, 115, 23, 25, 41, 57, 15, 71, 43, 18, 8, 110, 107, 8, 49, 96, 54, 22, 20, 22, 9, 13, 33, 12, 0)
s = 107: (0, 18, 140, 46, 10, 14, 89, 21, 71, 19, 24, 54, 52, 12, 55, 51, 9, 5, 59, 119, 10, 44, 53, 38, 40, 20, 23, 8, 11, 31, 10, 0)
s = 108: (0, 12, 166, 57, 11, 32, 73, 17, 63, 12, 13, 51, 73, 11, 59, 33, 16, 6, 108, 158, 10, 78, 142, 61, 17, 19, 21, 6, 13, 18, 9, 0)
s = 109: (0, 9, 117, 81, 6, 40, 88, 21, 64, 21, 15, 47, 69, 26, 57, 50, 15, 10, 108, 91, 7, 44, 99, 36, 19, 41, 20, 8, 9, 42, 10, 0)
s = 110: (0, 17, 129, 60, 16, 16, 60, 32, 49, 21, 18, 50, 43, 21, 40, 31, 12, 7, 59, 126, 11, 38, 66, 38, 21, 22, 30, 10, 10, 39, 8, 0)
s = 111: (0, 10, 143, 50, 11, 28, 48, 17, 59, 32, 14, 73, 54, 13, 44, 34, 18, 7, 58, 98, 9, 49, 63, 30, 30, 21, 21, 9, 13, 37, 9, 0)
s = 112: (0, 13, 74, 68, 11, 15, 66, 24, 66, 11, 18, 42, 56, 12, 44, 27, 21, 5, 77, 75, 12, 87, 93, 42, 45, 30, 15, 7, 9, 25, 9, 0)
s = 113: (0, 10, 114, 95, 8, 24, 77, 17, 38, 23, 16, 48, 48, 15, 65, 57, 8, 8, 80, 89, 6, 43, 98, 27, 24, 25, 20, 5, 19, 29, 14, 0)
s = 114: (0, 9, 89, 75, 15, 17, 98, 22, 91, 31, 26, 54, 51, 25, 77, 23, 17, 6, 100, 150, 8, 41, 53, 42, 46, 28, 15, 7, 19, 19, 12, 0)
s = 115: (0, 7, 108, 74, 13, 15, 66, 13, 50, 25, 17, 45, 49, 16, 43, 37, 19, 5, 116, 94, 11, 44, 106, 27, 29, 17, 16, 5, 19, 19, 9, 0)
s = 116: (0, 11, 180, 57, 8, 17, 93, 36, 71, 13, 14, 101, 50, 19, 31, 33, 11, 4, 74, 88, 6, 91, 99, 45, 18, 25, 20, 9, 14, 17, 18, 0)
s = 117: (0, 18, 86, 72, 13, 22, 97, 21, 66, 15, 14, 57, 61, 24, 69, 28, 15, 5, 101, 157, 10, 36, 85, 53, 19, 31, 23, 7, 11, 41, 13, 0)
s = 118: (0, 15, 85, 53, 7, 18, 82, 25, 70, 25, 15, 75, 42, 17, 79, 38, 13, 7, 88, 118, 6, 50, 56, 48, 24, 20, 11, 6, 22, 22, 10, 0)
s = 119: (0, 8, 163, 56, 12, 13, 46, 22, 71, 11, 17, 55, 29, 24, 55, 37, 12, 8, 59, 86, 10, 105, 93, 20, 51, 25, 16, 5, 10, 38, 13, 0)
s = 120: (0, 14, 139, 42, 15, 34, 66, 18, 84, 18, 16, 48, 49, 14, 34, 47, 19, 4, 52, 122, 9, 40, 124, 27, 34, 21, 22, 7, 16, 30, 9, 0)
s = 121: (0, 14, 89, 58, 10, 28, 78, 23, 58, 20, 27, 66, 48, 13, 50, 55, 29, 7, 74, 152, 7, 57, 95, 30, 39, 17, 17, 11, 12, 25, 7, 0)
s = 122: (0, 14, 147, 68, 8, 21, 71, 13, 48, 28, 21, 60, 55, 19, 50, 20, 9, 5, 100, 253, 5, 47, 60, 24, 16, 14, 19, 8, 9, 40, 8, 0)
s = 123: (0, 10, 112, 73, 13, 41, 69, 17, 111, 20, 30, 76, 30, 25, 59, 53, 18, 5, 62, 102, 7, 39, 120, 28, 22, 19, 15, 5, 9, 21, 10, 0)
s = 124: (0, 10, 111, 73, 14, 15, 79, 18, 75, 12, 28, 73, 31, 19, 34, 30, 15, 4, 99, 80, 14, 38, 78, 57, 42, 17, 13, 6, 13, 15, 9, 0)
s = 125: (0, 11, 102, 106, 15, 21, 53, 24, 59, 17, 29, 54, 40, 11, 66, 27, 13, 5, 91, 133, 9, 55, 82, 23, 17, 19, 35, 8, 16, 21, 10, 0)
s = 126: (0, 12, 95, 56, 6, 26, 57, 23, 76, 18, 14, 62, 30, 20, 35, 35, 22, 8, 135, 89, 10, 39, 63, 43, 40, 32, 18, 7, 17, 36, 9, 0)
s = 127: (0, 11, 107, 46, 15, 12, 90, 37, 50, 25, 19, 43, 41, 15, 40, 39, 13, 4, 108, 127, 8, 54, 99, 37, 24, 21, 32, 5, 10, 33, 9, 0)
s = 128: (0, 11, 89, 65, 12, 25, 44, 24, 79, 19, 24, 55, 39, 12, 62, 46, 15, 8, 78, 80, 11, 56, 78, 34, 29, 24, 24, 9, 16, 18, 13, 0)
s = 129: (0, 9, 71, 98, 9, 24, 55, 33, 75, 33, 31, 69, 39, 11, 50, 64, 12, 8, 107, 102, 8, 68, 80, 34, 22, 30, 19, 6, 11, 33, 11, 0)
s = 130: (0, 15, 135, 103, 12, 17, 58, 20, 62, 18, 30, 68, 34, 13, 69, 33, 19, 7, 132, 166, 5, 63, 107, 47, 32, 27, 15, 6, 12, 19, 12, 0)
s = 131: (0, 11, 121, 60, 6, 32, 51, 29, 87, 23, 13, 77, 70, 12, 68, 37, 23, 8, 118, 139, 7, 48, 104, 54, 16, 34, 30, 9, 18, 20, 8, 0)
s = 132: (0, 9, 158, 79, 8, 17, 83, 30, 66, 15, 20, 55, 40, 18, 83, 47, 18, 7, 78, 109, 12, 84, 97, 43, 35, 22, 15, 10, 22, 35, 10, 0)
s = 133: (0, 11, 100, 100, 11, 19, 131, 37, 64, 25, 14, 95, 76, 24, 59, 31, 10, 6, 77, 131, 10, 63, 88, 28, 21, 21, 22, 5, 16, 35, 7, 0)
s = 134: (0, 11, 137, 73, 10, 15, 94, 27, 73, 27, 19, 90, 36, 25, 48, 34, 13, 9, 81, 119, 7, 54, 79, 28, 37, 27, 34, 7, 9, 29, 14, 0)
s = 135: (0, 7, 93, 39, 9, 17, 68, 37, 70, 17, 20, 77, 38, 21, 82, 22, 25, 7, 69, 129, 7, 41, 107, 36, 46, 23, 22, 6, 16, 31, 11, 0)
s = 136: (0, 8, 102, 86, 17, 30, 83, 34, 57, 18, 18, 67, 72, 21, 35, 56, 23, 5, 83, 96, 6, 35, 74, 26, 20, 24, 14, 5, 14, 33, 14, 0)
s = 137: (0, 7, 107, 75, 14, 21, 80, 21, 68, 18, 26, 99, 73, 31, 53, 25, 25, 4, 80, 207, 11, 58, 120, 25, 25, 31, 24, 8, 10, 20, 8, 0)
s = 138: (0, 18, 116, 87, 14, 26, 59, 30, 95, 13, 16, 59, 51, 16, 42, 29, 17, 8, 58, 105, 6, 47, 138, 50, 29, 27, 21, 5, 12, 31, 9, 0)
s = 139: (0, 12, 168, 61, 11, 33, 78, 20, 57, 18, 16, 68, 53, 14, 69, 35, 11, 4, 95, 145, 9, 89, 91, 45, 30, 19, 19, 9, 14, 30, 11, 0)
s = 140: (0, 19, 75, 50, 9, 22, 110, 20, 49, 19, 19, 73, 55, 16, 59, 44, 16, 9, 62, 75, 8, 66, 74, 29, 48, 34, 16, 6, 16, 32, 11, 0)
s = 141: (0, 19, 84, 39, 8, 24, 95, 17, 71, 27, 12, 75, 58, 25, 56, 43, 12, 4, 81, 199, 10, 38, 82, 21, 44, 27, 18, 5, 14, 20, 9, 0)
s = 142: (0, 9, 105, 55, 9, 14, 108, 34, 76, 23, 21, 57, 61, 20, 61, 42, 12, 4, 160, 115, 9, 84, 71, 27, 17, 47, 28, 4, 15, 17, 8, 0)
s = 143: (0, 7, 162, 38, 8, 30, 67, 19, 94, 23, 25, 37, 48, 17, 56, 35, 11, 7, 78, 148, 8, 67, 57, 36, 46, 36, 15, 5, 8, 28, 11, 0)
s = 144: (0, 16, 146, 60, 11, 27, 50, 23, 63, 32, 19, 95, 41, 19, 75, 25, 28, 4, 100, 183, 6, 44, 128, 67, 28, 22, 19, 5, 10, 30, 7, 0)
s = 145: (0, 9, 82, 58, 8, 17, 56, 17, 82, 18, 17, 61, 28, 26, 35, 30, 10, 6, 77, 92, 11, 37, 63, 40, 20, 40, 35, 6, 14, 26, 7, 0)
s = 146: (0, 15, 100, 75, 10, 20, 62, 20, 71, 22, 21, 51, 64, 14, 70, 21, 14, 7, 84, 80, 11, 71, 94, 26, 23, 23, 17, 6, 11, 21, 10, 0)
s = 147: (0, 11, 116, 55, 8, 15, 52, 35, 42, 15, 18, 73, 42, 17, 41, 23, 21, 6, 115, 110, 9, 53, 67, 60, 27, 19, 21, 6, 11, 16, 11, 0)
s = 148: (0, 13, 117, 52, 12, 23, 73, 28, 76, 19, 23, 45, 49, 13, 78, 39, 17, 7, 150, 139, 9, 49, 95, 39, 31, 15, 18, 8, 13, 28, 14, 0)
s = 149: (0, 12, 102, 58, 10, 17, 59, 15, 75, 18, 19, 85, 44, 16, 31, 43, 12, 5, 76, 122, 6, 38, 97, 32, 21, 25, 32, 7, 18, 23, 8, 0)
s = 150: (0, 13, 138, 56, 11, 14, 78, 17, 114, 12, 30, 60, 54, 17, 38, 41, 17, 6, 90, 149, 7, 54, 127, 39, 26, 27, 18, 6, 8, 29, 13, 0)
s = 151: (0, 12, 113, 77, 10, 34, 81, 14, 51, 17, 13, 99, 43, 21, 35, 35, 14, 9, 99, 113, 7, 69, 57, 25, 25, 41, 15, 6, 17, 22, 13, 0)
s = 152: (0, 9, 66, 37, 10, 16, 49, 24, 67, 27, 28, 43, 45, 26, 87, 38, 22, 5, 65, 69, 8, 61, 101, 48, 40, 24, 30, 5, 9, 17, 9, 0)
s = 153: (0, 17, 186, 60, 8, 17, 90, 19, 62, 26, 19, 72, 71, 18, 51, 31, 10, 6, 71, 154, 7, 43, 123, 36, 18, 30, 24, 6, 10, 24, 12, 0)
s = 154: (0, 13, 104, 97, 10, 35, 56, 15, 50, 23, 31, 60, 63, 13, 41, 26, 11, 5, 67, 119, 13, 48, 124, 38, 31, 18, 24, 6, 10, 26, 16, 0)
s = 155: (0, 10, 137, 75, 8, 17, 78, 18, 135, 15, 36, 54, 40, 15, 91, 48, 22, 9, 67, 92, 7, 44, 110, 34, 44, 40, 22, 7, 10, 28, 12, 0)
s = 156: (0, 11, 95, 53, 15, 28, 63, 23, 80, 26, 27, 37, 49, 22, 45, 21, 13, 7, 80, 93, 7, 81, 104, 54, 16, 36, 22, 9, 9, 20, 16, 0)
s = 157: (0, 12, 185, 47, 7, 23, 58, 14, 55, 17, 19, 62, 58, 20, 72, 31, 18, 5, 70, 161, 7, 94, 133, 27, 28, 23, 12, 7, 15, 43, 6, 0)
s = 158: (0, 11, 77, 55, 10, 21, 77, 17, 76, 22, 25, 65, 61, 15, 50, 26, 21, 5, 87, 111, 10, 44, 81, 43, 32, 17, 20, 8, 15, 24, 16, 0)
s = 159: (0, 8, 105, 57, 8, 26, 99, 17, 45, 19, 12, 53, 51, 17, 38, 48, 13, 5, 130, 101, 6, 69, 89, 33, 29, 21, 29, 5, 13, 25, 13, 0)
s = 160: (0, 14, 101, 50, 11, 31, 53, 27, 44, 39, 29, 91, 71, 15, 57, 39, 26, 6, 127, 129, 9, 73, 87, 41, 38, 19, 24, 7, 20, 32, 16, 0)
s = 161: (0, 12, 130, 52, 15, 20, 89, 21, 48, 18, 16, 46, 38, 25, 68, 40, 18, 4, 80, 109, 12, 54, 54, 29, 28, 18, 14, 8, 12, 38, 17, 0)
s = 162: (0, 10, 88, 43, 12, 18, 75, 13, 51, 15, 22, 78, 59, 17, 69, 21, 13, 6, 60, 80, 8, 74, 80, 56, 21, 35, 20, 7, 11, 19, 10, 0)
s = 163: (0, 14, 111, 82, 7, 28, 61, 27, 57, 30, 14, 45, 45, 11, 52, 26, 17, 5, 67, 125, 8, 79, 114, 22, 31, 25, 17, 8, 14, 20, 7, 0)
s = 164: (0, 7, 134, 42, 8, 16, 81, 16, 104, 19, 27, 71, 35, 25, 92, 33, 18, 6, 98, 99, 12, 33, 78, 52, 26, 20, 16, 10, 10, 31, 10, 0)
s = 165: (0, 14, 85, 86, 8, 13, 104, 23, 53, 23, 23, 60, 37, 12, 65, 25, 18, 5, 95, 122, 8, 52, 173, 32, 22, 27, 23, 7, 8, 30, 8, 0)
s = 166: (0, 7, 80, 57, 10, 20, 70, 26, 96, 15, 18, 49, 34, 21, 52, 35, 26, 8, 72, 75, 13, 70, 91, 35, 30, 25, 29, 6, 19, 24, 11, 0)
s = 167: (0, 15, 120, 67, 15, 25, 86, 22, 96, 14, 12, 55, 43, 16, 35, 29, 15, 7, 62, 96, 8, 77, 95, 22, 17, 21, 21, 6, 18, 29, 7, 0)
s = 168: (0, 13, 93, 56, 13, 13, 102, 21, 51, 21, 30, 43, 43, 21, 60, 48, 12, 5, 57, 100, 7, 51, 128, 70, 26, 16, 14, 5, 9, 28, 14, 0)
s = 169: (0, 10, 97, 98, 8, 24, 72, 36, 51, 13, 34, 57, 32, 17, 67, 55, 11, 10, 57, 160, 9, 36, 98, 38, 30, 42, 20, 9, 13, 31, 17, 0)
s = 170: (0, 8, 174, 67, 9, 29, 93, 24, 92, 14, 24, 61, 62, 15, 39, 30, 19, 6, 81, 153, 11, 53, 131, 40, 36, 23, 11, 12, 7, 38, 10, 0)
s = 171: (0, 13, 137, 68, 14, 27, 78, 16, 80, 21, 16, 55, 32, 11, 65, 55, 19, 7, 63, 161, 7, 46, 132, 41, 39, 18, 11, 7, 12, 27, 14, 0)
s = 172: (0, 10, 125, 56, 10, 12, 86, 15, 73, 18, 18, 52, 51, 15, 53, 49, 12, 6, 133, 119, 13, 53, 55, 47, 29, 29, 15, 7, 15, 19, 12, 0)
s = 173: (0, 14, 107, 78, 12, 19, 59, 20, 76, 23, 16, 50, 47, 12, 31, 43, 19, 4, 50, 113, 8, 55, 127, 45, 19, 16, 22, 9, 19, 28, 10, 0)
s = 174: (0, 10, 168, 36, 11, 16, 61, 20, 74, 17, 16, 83, 33, 12, 61, 43, 15, 9, 72, 108, 8, 65, 116, 32, 35, 28, 23, 5, 16, 26, 13, 0)
s = 175: (0, 13, 170, 67, 9, 29, 68, 21, 48, 19, 24, 68, 36, 14, 57, 52, 11, 6, 66, 109, 5, 64, 82, 36, 31, 18, 12, 9, 15, 21, 14, 0)
s = 176: (0, 10, 114, 72, 12, 30, 71, 19, 103, 19, 24, 70, 76, 16, 44, 29, 14, 5, 71, 103, 9, 48, 101, 29, 24, 26, 15, 6, 11, 25, 11, 0)
s = 177: (0, 9, 183, 68, 10, 18, 89, 20, 57, 13, 21, 62, 55, 12, 39, 23, 19, 7, 116, 100, 5, 84, 180, 42, 31, 27, 32, 6, 17, 21, 14, 0)
s = 178: (0, 18, 149, 82, 13, 19, 89, 26, 85, 27, 26, 70, 81, 19, 44, 31, 16, 5, 113, 127, 10, 53, 70, 33, 25, 27, 21, 11, 13, 29, 13, 0)
s = 179: (0, 7, 121, 51, 14, 20, 67, 24, 58, 29, 25, 60, 50, 22, 42, 27, 17, 7, 144, 170, 9, 73, 76, 26, 20, 22, 17, 9, 18, 38, 9, 0)
s = 180: (0, 14, 194, 115, 9, 14, 52, 20, 80, 23, 13, 59, 27, 22, 51, 44, 11, 8, 69, 126, 8, 55, 94, 42, 39, 16, 16, 9, 9, 21, 9, 0)
s = 181: (0, 9, 121, 34, 6, 17, 74, 15, 74, 30, 23, 98, 75, 12, 62, 36, 15, 8, 121, 79, 9, 44, 105, 39, 31, 32, 18, 6, 16, 25, 13, 0)
s = 182: (0, 10, 161, 52, 11, 35, 52, 22, 72, 16, 25, 76, 55, 24, 59, 38, 9, 6, 62, 224, 7, 50, 57, 50, 24, 36, 18, 8, 11, 29, 9, 0)
s = 183: (0, 17, 156, 35, 7, 17, 63, 28, 75, 29, 20, 74, 47, 17, 63, 45, 15, 6, 98, 143, 12, 68, 122, 26, 39, 31, 20, 5, 21, 30, 10, 0)
s = 184: (0, 8, 116, 42, 6, 20, 54, 17, 49, 30, 14, 41, 41, 17, 71, 20, 10, 5, 52, 102, 14, 50, 62, 27, 25, 20, 24, 6, 11, 31, 11, 0)
s = 185: (0, 7, 120, 80, 11, 20, 100, 30, 61, 13, 33, 58, 63, 15, 62, 45, 11, 6, 79, 89, 9, 40, 120, 52, 26, 22, 23, 7, 11, 16, 12, 0)
s = 186: (0, 14, 121, 48, 15, 22, 63, 12, 78, 14, 21, 87, 38, 10, 54, 48, 17, 5, 102, 125, 7, 31, 84, 48, 19, 21, 19, 10, 12, 24, 9, 0)
s = 187: (0, 13, 159, 42, 13, 20, 68, 31, 70, 15, 21, 59, 42, 16, 57, 37, 11, 5, 81, 81, 12, 52, 106, 22, 26, 24, 27, 5, 14, 29, 7, 0)
s = 188: (0, 16, 81, 67, 7, 17, 46, 16, 57, 28, 34, 59, 78, 15, 55, 37, 16, 6, 73, 87, 10, 54, 92, 24, 27, 34, 17, 5, 17, 24, 15, 0)
s = 189: (0, 11, 95, 95, 13, 25, 61, 20, 63, 13, 27, 52, 32, 19, 36, 26, 17, 11, 95, 128, 12, 59, 97, 31, 17, 19, 19, 7, 13, 25, 13, 0)
s = 190: (0, 12, 136, 72, 7, 24, 47, 24, 56, 19, 26, 33, 50, 15, 34, 54, 16, 8, 48, 107, 8, 39, 55, 33, 29, 18, 21, 7, 11, 34, 6, 0)
s = 191: (0, 17, 87, 42, 12, 22, 70, 20, 92, 20, 28, 37, 45, 13, 52, 47, 19, 4, 95, 83, 5, 90, 116, 47, 27, 22, 22, 7, 12, 37, 12, 0)
s = 192: (0, 8, 161, 82, 10, 19, 84, 20, 70, 28, 34, 78, 47, 27, 68, 36, 16, 7, 70, 78, 8, 67, 74, 35, 36, 25, 13, 7, 10, 31, 7, 0)
s = 193: (0, 17, 77, 55, 11, 28, 59, 20, 80, 15, 19, 53, 72, 14, 51, 54, 12, 5, 52, 89, 9, 39, 91, 49, 39, 15, 15, 7, 15, 20, 6, 0)
s = 194: (0, 18, 102, 77, 11, 25, 102, 25, 56, 13, 26, 57, 63, 15, 73, 28, 11, 7, 85, 128, 10, 74, 116, 29, 38, 30, 15, 7, 14, 29, 14, 0)
s = 195: (0, 12, 97, 45, 11, 21, 57, 18, 39, 22, 22, 43, 29, 16, 67, 41, 9, 7, 53, 102, 9, 49, 94, 26, 24, 15, 16, 11, 13, 29, 9, 0)
s = 196: (0, 11, 90, 53, 8, 22, 60, 23, 87, 18, 16, 79, 87, 18, 70, 38, 24, 4, 98, 89, 6, 76, 82, 40, 18, 34, 20, 9, 15, 23, 7, 0)
s = 197: (0, 10, 99, 55, 8, 31, 90, 15, 53, 25, 25, 75, 62, 18, 32, 40, 13, 5, 69, 119, 6, 53, 80, 32, 29, 28, 13, 8, 19, 30, 11, 0)
s = 198: (0, 13, 132, 55, 7, 23, 103, 21, 59, 19, 15, 83, 45, 14, 89, 32, 9, 7, 76, 106, 13, 43, 84, 25, 24, 18, 24, 6, 16, 31, 13, 0)
s = 199: (0, 10, 93, 34, 9, 26, 79, 25, 76, 26, 28, 58, 46, 21, 65, 27, 14, 5, 74, 133, 9, 60, 94, 43, 25, 36, 16, 5, 19, 30, 6, 0)
s = 200: (0, 7, 143, 55, 16, 25, 57, 27, 86, 28, 18, 58, 39, 11, 49, 45, 22, 7, 117, 184, 11, 37, 101, 41, 22, 28, 33, 10, 13, 23, 11, 0)
------------------------------------------------------------------------
RESOURCE k = 2
s = 1: (0, 13, 37, 0, 6, 22, 0, 12, 56, 0, 77, 11, 194, 14, 36, 76, 21, 24, 38, 11, 13, 108, 36, 18, 91, 34, 103, 5, 8, 28, 5, 0)
s = 2: (0, 11, 30, 0, 6, 11, 0, 16, 108, 0, 47, 11, 191, 18, 19, 57, 12, 10, 36, 29, 12, 123, 30, 23, 76, 69, 127, 11, 10, 30, 4, 0)
s = 3: (0, 13, 18, 0, 5, 16, 0, 14, 48, 0, 46, 10, 109, 20, 28, 48, 17, 9, 26, 11, 15, 169, 23, 23, 105, 38, 102, 9, 8, 24, 4, 0)
s = 4: (0, 18, 18, 0, 6, 10, 0, 12, 75, 0, 46, 5, 159, 15, 43, 41, 12, 9, 30, 24, 15, 72, 38, 35, 122, 57, 178, 8, 5, 26, 5, 0)
s = 5: (0, 9, 31, 0, 6, 15, 0, 16, 69, 0, 39, 9, 126, 19, 42, 60, 17, 12, 19, 16, 15, 128, 55, 18, 70, 38, 99, 6, 6, 21, 5, 0)
s = 6: (0, 8, 23, 0, 8, 17, 0, 12, 76, 0, 32, 9, 117, 15, 32, 103, 10, 15, 30, 21, 12, 109, 23, 38, 86, 47, 84, 9, 10, 20, 4, 0)
s = 7: (0, 14, 19, 0, 6, 14, 0, 10, 40, 0, 64, 10, 164, 34, 43, 46, 18, 10, 24, 19, 13, 86, 37, 28, 79, 55, 150, 5, 11, 24, 4, 0)
s = 8: (0, 17, 21, 0, 8, 10, 0, 23, 69, 0, 44, 11, 187, 17, 28, 58, 16, 16, 37, 12, 25, 136, 24, 16, 135, 39, 95, 7, 6, 38, 5, 0)
s = 9: (0, 15, 26, 0, 10, 16, 0, 19, 66, 0, 45, 8, 192, 22, 36, 82, 11, 15, 28, 14, 13, 114, 24, 23, 140, 62, 126, 8, 5, 34, 5, 0)
s = 10: (0, 12, 15, 0, 5, 14, 0, 10, 52, 0, 43, 6, 138, 11, 25, 44, 9, 16, 29, 13, 14, 125, 32, 19, 71, 51, 77, 10, 6, 21, 3, 0)
s = 11: (0, 14, 21, 0, 5, 21, 0, 9, 67, 0, 43, 5, 160, 24, 34, 64, 14, 13, 25, 13, 12, 139, 27, 18, 84, 45, 101, 10, 7, 30, 3, 0)
s = 12: (0, 16, 26, 0, 6, 12, 0, 12, 75, 0, 38, 12, 193, 12, 34, 48, 22, 15, 29, 17, 16, 141, 37, 31, 69, 44, 94, 10, 8, 32, 4, 0)
s = 13: (0, 13, 32, 0, 7, 11, 0, 12, 53, 0, 62, 7, 195, 19, 36, 36, 9, 26, 34, 13, 16, 70, 45, 27, 46, 31, 138, 7, 7, 20, 6, 0)
s = 14: (0, 8, 19, 0, 7, 25, 0, 13, 44, 0, 50, 7, 186, 20, 33, 43, 10, 13, 19, 18, 22, 137, 29, 25, 70, 55, 131, 11, 9, 35, 4, 0)
s = 15: (0, 7, 20, 0, 5, 27, 0, 9, 51, 0, 40, 9, 195, 12, 33, 65, 17, 14, 29, 26, 10, 99, 43, 19, 132, 47, 116, 10, 7, 30, 5, 0)
s = 16: (0, 12, 21, 0, 9, 11, 0, 11, 96, 0, 44, 10, 115, 21, 29, 61, 12, 14, 31, 20, 10, 117, 38, 31, 94, 42, 106, 7, 5, 18, 4, 0)
s = 17: (0, 9, 20, 0, 7, 26, 0, 27, 52, 0, 59, 8, 114, 15, 19, 62, 12, 18, 37, 28, 13, 135, 38, 20, 97, 39, 139, 6, 8, 30, 5, 0)
s = 18: (0, 9, 24, 0, 7, 15, 0, 17, 69, 0, 40, 10, 202, 14, 27, 66, 26, 19, 35, 22, 21, 134, 41, 19, 76, 41, 119, 5, 8, 32, 6, 0)
s = 19: (0, 7, 19, 0, 6, 22, 0, 13, 39, 0, 26, 7, 134, 17, 22, 59, 16, 10, 41, 18, 22, 223, 29, 28, 86, 37, 120, 10, 6, 30, 4, 0)
s = 20: (0, 13, 14, 0, 7, 21, 0, 25, 49, 0, 75, 12, 133, 13, 34, 39, 19, 14, 41, 14, 12, 98, 27, 21, 58, 41, 116, 6, 5, 23, 4, 0)
s = 21: (0, 9, 17, 0, 5, 16, 0, 12, 66, 0, 48, 12, 134, 15, 38, 66, 21, 14, 45, 14, 16, 146, 35, 28, 109, 76, 88, 8, 8, 22, 4, 0)
s = 22: (0, 10, 25, 0, 6, 31, 0, 16, 56, 0, 39, 5, 292, 17, 31, 52, 14, 20, 40, 21, 25, 132, 28, 20, 82, 56, 119, 9, 5, 32, 5, 0)
s = 23: (0, 10, 28, 0, 8, 15, 0, 11, 52, 0, 52, 12, 114, 15, 29, 46, 12, 15, 26, 18, 11, 236, 39, 31, 67, 50, 94, 6, 7, 22, 5, 0)
s = 24: (0, 10, 11, 0, 10, 18, 0, 10, 81, 0, 39, 9, 127, 17, 34, 66, 17, 17, 34, 24, 15, 112, 36, 18, 93, 66, 139, 11, 11, 25, 4, 0)
s = 25: (0, 22, 20, 0, 5, 14, 0, 14, 44, 0, 55, 12, 178, 16, 35, 54, 19, 11, 22, 12, 20, 127, 35, 27, 64, 42, 123, 11, 11, 38, 6, 0)
s = 26: (0, 14, 23, 0, 9, 21, 0, 18, 37, 0, 63, 9, 130, 16, 31, 91, 10, 9, 23, 18, 20, 114, 58, 22, 121, 39, 141, 8, 6, 41, 4, 0)
s = 27: (0, 17, 28, 0, 10, 22, 0, 15, 70, 0, 46, 6, 115, 23, 47, 81, 20, 24, 20, 16, 22, 190, 47, 26, 80, 69, 146, 5, 5, 39, 5, 0)
s = 28: (0, 12, 24, 0, 8, 20, 0, 10, 83, 0, 43, 12, 140, 11, 51, 86, 11, 14, 49, 17, 15, 120, 36, 15, 84, 46, 77, 7, 9, 34, 5, 0)
s = 29: (0, 14, 18, 0, 6, 11, 0, 12, 85, 0, 58, 8, 90, 13, 26, 97, 14, 13, 19, 15, 9, 134, 55, 20, 73, 77, 77, 10, 6, 30, 3, 0)
s = 30: (0, 16, 28, 0, 9, 13, 0, 23, 61, 0, 65, 7, 94, 15, 35, 72, 15, 14, 29, 10, 22, 155, 29, 26, 90, 72, 103, 7, 8, 34, 4, 0)
s = 31: (0, 9, 25, 0, 9, 12, 0, 13, 70, 0, 25, 7, 164, 20, 25, 61, 14, 17, 28, 19, 14, 159, 33, 21, 123, 45, 84, 7, 6, 31, 4, 0)
s = 32: (0, 10, 18, 0, 8, 18, 0, 23, 35, 0, 27, 10, 218, 18, 21, 71, 11, 14, 32, 15, 16, 109, 54, 28, 58, 78, 146, 7, 5, 24, 3, 0)
s = 33: (0, 12, 18, 0, 5, 12, 0, 12, 43, 0, 57, 9, 216, 14, 37, 68, 9, 15, 33, 24, 9, 208, 33, 20, 137, 57, 150, 6, 5, 23, 4, 0)
s = 34: (0, 12, 27, 0, 6, 30, 0, 14, 87, 0, 48, 7, 87, 19, 23, 56, 18, 12, 29, 11, 15, 144, 37, 28, 59, 49, 90, 7, 7, 34, 4, 0)
s = 35: (0, 16, 18, 0, 10, 19, 0, 8, 78, 0, 46, 14, 225, 18, 32, 39, 14, 15, 30, 16, 17, 136, 35, 17, 90, 52, 96, 10, 8, 21, 5, 0)
s = 36: (0, 19, 23, 0, 6, 27, 0, 13, 77, 0, 31, 8, 178, 12, 34, 76, 11, 11, 21, 18, 18, 149, 29, 32, 69, 69, 172, 9, 6, 21, 3, 0)
s = 37: (0, 11, 19, 0, 6, 21, 0, 14, 67, 0, 32, 9, 205, 14, 28, 57, 15, 14, 24, 14, 20, 161, 39, 26, 139, 59, 117, 7, 8, 27, 3, 0)
s = 38: (0, 9, 26, 0, 5, 20, 0, 12, 52, 0, 53, 7, 185, 17, 34, 38, 17, 15, 19, 14, 16, 163, 30, 32, 55, 60, 90, 7, 8, 27, 3, 0)
s = 39: (0, 13, 27, 0, 5, 14, 0, 9, 36, 0, 61, 9, 260, 18, 29, 51, 21, 23, 19, 14, 19, 120, 42, 21, 81, 77, 179, 6, 7, 32, 3, 0)
s = 40: (0, 10, 24, 0, 5, 20, 0, 16, 47, 0, 28, 5, 152, 31, 28, 57, 14, 10, 23, 22, 11, 106, 29, 22, 74, 43, 111, 6, 5, 30, 5, 0)
s = 41: (0, 19, 26, 0, 5, 12, 0, 16, 66, 0, 58, 6, 181, 33, 25, 43, 13, 10, 32, 18, 18, 140, 41, 21, 98, 27, 154, 6, 8, 26, 5, 0)
s = 42: (0, 13, 13, 0, 7, 18, 0, 12, 55, 0, 36, 8, 117, 20, 20, 70, 17, 16, 35, 29, 14, 113, 45, 33, 83, 31, 83, 9, 6, 17, 4, 0)
s = 43: (0, 13, 28, 0, 8, 25, 0, 16, 46, 0, 43, 9, 179, 15, 42, 73, 14, 13, 16, 12, 20, 118, 56, 30, 110, 50, 82, 11, 7, 19, 4, 0)
s = 44: (0, 16, 18, 0, 5, 11, 0, 10, 45, 0, 54, 7, 158, 11, 22, 81, 11, 17, 27, 16, 10, 145, 27, 25, 88, 42, 69, 10, 6, 30, 4, 0)
s = 45: (0, 13, 25, 0, 5, 19, 0, 10, 95, 0, 34, 10, 233, 15, 22, 87, 15, 9, 38, 12, 17, 125, 55, 27, 80, 45, 94, 8, 8, 19, 4, 0)
s = 46: (0, 10, 18, 0, 10, 16, 0, 12, 60, 0, 37, 9, 99, 13, 23, 45, 12, 16, 26, 24, 12, 85, 36, 32, 68, 32, 77, 5, 5, 39, 5, 0)
s = 47: (0, 14, 19, 0, 11, 23, 0, 17, 40, 0, 50, 8, 97, 23, 32, 42, 13, 20, 25, 18, 9, 138, 45, 24, 100, 85, 122, 6, 9, 33, 4, 0)
s = 48: (0, 16, 15, 0, 10, 17, 0, 9, 58, 0, 64, 8, 99, 10, 30, 63, 24, 11, 23, 20, 9, 112, 32, 27, 96, 33, 164, 5, 7, 41, 4, 0)
s = 49: (0, 9, 22, 0, 9, 13, 0, 18, 37, 0, 68, 6, 196, 19, 31, 62, 23, 10, 44, 11, 23, 169, 33, 30, 81, 55, 171, 5, 6, 52, 4, 0)
s = 50: (0, 19, 17, 0, 6, 13, 0, 17, 95, 0, 52, 5, 165, 15, 17, 85, 13, 11, 25, 16, 15, 93, 42, 20, 115, 32, 111, 8, 7, 17, 4, 0)
s = 51: (0, 11, 20, 0, 5, 24, 0, 16, 68, 0, 35, 8, 224, 21, 21, 47, 13, 21, 29, 13, 21, 102, 62, 25, 93, 57, 91, 8, 9, 31, 5, 0)
s = 52: (0, 17, 22, 0, 10, 23, 0, 13, 42, 0, 62, 6, 236, 21, 35, 62, 12, 10, 18, 24, 12, 97, 40, 16, 111, 57, 108, 7, 6, 22, 5, 0)
s = 53: (0, 16, 24, 0, 8, 13, 0, 14, 61, 0, 47, 5, 163, 16, 30, 42, 11, 16, 21, 20, 17, 122, 41, 23, 50, 46, 168, 11, 5, 43, 6, 0)
s = 54: (0, 11, 12, 0, 9, 18, 0, 27, 48, 0, 69, 5, 187, 26, 27, 90, 17, 10, 41, 10, 18, 174, 30, 19, 120, 49, 110, 6, 11, 20, 4, 0)
s = 55: (0, 9, 22, 0, 8, 21, 0, 15, 53, 0, 77, 9, 206, 15, 34, 69, 12, 17, 21, 15, 13, 179, 56, 24, 66, 40, 177, 5, 6, 32, 4, 0)
s = 56: (0, 9, 22, 0, 8, 19, 0, 15, 59, 0, 44, 8, 90, 19, 26, 68, 15, 14, 29, 20, 17, 118, 37, 28, 54, 53, 184, 9, 8, 28, 3, 0)
s = 57: (0, 8, 17, 0, 10, 22, 0, 16, 74, 0, 42, 11, 202, 23, 28, 71, 19, 24, 36, 9, 12, 170, 43, 24, 65, 37, 80, 7, 11, 15, 7, 0)
s = 58: (0, 13, 22, 0, 9, 21, 0, 15, 59, 0, 40, 7, 100, 16, 20, 58, 10, 16, 22, 19, 28, 96, 67, 14, 87, 48, 108, 8, 11, 25, 3, 0)
s = 59: (0, 12, 15, 0, 7, 16, 0, 16, 34, 0, 69, 8, 168, 13, 24, 111, 9, 11, 24, 13, 19, 122, 36, 14, 57, 50, 96, 8, 8, 24, 4, 0)
s = 60: (0, 8, 20, 0, 7, 22, 0, 12, 84, 0, 43, 9, 151, 21, 52, 44, 13, 18, 17, 15, 11, 104, 45, 29, 73, 71, 135, 7, 8, 23, 4, 0)
s = 61: (0, 11, 24, 0, 6, 13, 0, 17, 64, 0, 46, 9, 184, 17, 28, 60, 13, 12, 42, 11, 11, 100, 35, 19, 87, 34, 86, 9, 6, 24, 3, 0)
s = 62: (0, 13, 17, 0, 8, 22, 0, 10, 70, 0, 36, 8, 147, 21, 31, 39, 21, 18, 32, 17, 10, 147, 36, 18, 94, 51, 110, 5, 10, 30, 5, 0)
s = 63: (0, 13, 17, 0, 5, 26, 0, 18, 41, 0, 56, 8, 216, 11, 28, 61, 13, 9, 37, 17, 15, 156, 30, 26, 88, 39, 115, 10, 5, 24, 6, 0)
s = 64: (0, 8, 24, 0, 9, 15, 0, 18, 57, 0, 32, 11, 106, 15, 36, 65, 26, 14, 23, 12, 12, 122, 39, 19, 63, 47, 69, 9, 11, 27, 5, 0)
s = 65: (0, 13, 24, 0, 9, 18, 0, 14, 68, 0, 31, 9, 94, 26, 38, 49, 18, 17, 29, 16, 16, 116, 29, 25, 107, 62, 107, 6, 7, 24, 3, 0)
s = 66: (0, 10, 20, 0, 8, 14, 0, 11, 50, 0, 67, 8, 131, 12, 28, 44, 21, 16, 40, 23, 10, 119, 40, 21, 79, 39, 111, 7, 8, 25, 3, 0)
s = 67: (0, 14, 30, 0, 6, 13, 0, 17, 67, 0, 28, 11, 187, 17, 27, 86, 11, 19, 39, 13, 16, 76, 34, 27, 51, 53, 82, 10, 8, 28, 7, 0)
s = 68: (0, 8, 28, 0, 6, 29, 0, 9, 67, 0, 49, 5, 171, 14, 39, 67, 28, 22, 33, 12, 17, 94, 35, 25, 67, 56, 126, 7, 9, 26, 7, 0)
s = 69: (0, 12, 14, 0, 7, 18, 0, 19, 57, 0, 30, 10, 156, 20, 38, 88, 16, 18, 27, 16, 10, 79, 40, 16, 76, 44, 94, 10, 5, 16, 3, 0)
s = 70: (0, 21, 14, 0, 5, 13, 0, 14, 55, 0, 33, 11, 164, 17, 54, 44, 19, 11, 30, 14, 22, 153, 25, 21, 129, 48, 80, 11, 8, 20, 5, 0)
s = 71: (0, 16, 16, 0, 6, 16, 0, 17, 62, 0, 28, 6, 89, 14, 29, 88, 17, 16, 19, 20, 12, 167, 39, 25, 77, 37, 109, 10, 10, 29, 6, 0)
s = 72: (0, 10, 20, 0, 7, 22, 0, 12, 66, 0, 34, 12, 125, 13, 21, 40, 10, 13, 23, 10, 11, 80, 32, 36, 98, 69, 80, 9, 6, 27, 5, 0)
s = 73: (0, 16, 16, 0, 8, 31, 0, 24, 56, 0, 36, 10, 121, 10, 46, 64, 17, 11, 21, 20, 13, 165, 52, 27, 56, 36, 161, 6, 7, 27, 3, 0)
s = 74: (0, 16, 11, 0, 5, 23, 0, 14, 77, 0, 46, 8, 159, 19, 51, 95, 21, 13, 25, 16, 14, 102, 31, 21, 58, 27, 93, 6, 7, 33, 4, 0)
s = 75: (0, 12, 23, 0, 8, 23, 0, 20, 89, 0, 47, 12, 210, 19, 21, 58, 17, 10, 43, 11, 11, 90, 46, 18, 88, 37, 102, 7, 6, 27, 3, 0)
s = 76: (0, 14, 15, 0, 9, 12, 0, 10, 65, 0, 41, 5, 90, 30, 30, 79, 14, 10, 24, 17, 17, 163, 36, 22, 92, 53, 105, 6, 8, 26, 5, 0)
s = 77: (0, 11, 16, 0, 6, 12, 0, 14, 53, 0, 35, 10, 150, 20, 24, 37, 12, 8, 36, 18, 25, 77, 52, 31, 91, 44, 82, 10, 8, 21, 5, 0)
s = 78: (0, 10, 26, 0, 6, 23, 0, 9, 61, 0, 53, 7, 103, 18, 24, 46, 25, 12, 31, 11, 11, 116, 34, 18, 92, 47, 118, 6, 9, 31, 7, 0)
s = 79: (0, 12, 27, 0, 6, 18, 0, 15, 75, 0, 42, 7, 101, 19, 21, 53, 12, 19, 24, 17, 23, 120, 46, 18, 103, 52, 96, 7, 9, 35, 3, 0)
s = 80: (0, 14, 21, 0, 7, 17, 0, 17, 67, 0, 42, 8, 162, 14, 27, 62, 12, 14, 17, 27, 23, 129, 71, 19, 77, 30, 105, 6, 8, 16, 3, 0)
s = 81: (0, 10, 30, 0, 9, 20, 0, 20, 60, 0, 46, 6, 205, 12, 27, 44, 17, 17, 31, 9, 8, 98, 55, 14, 63, 39, 100, 10, 12, 43, 4, 0)
s = 82: (0, 14, 14, 0, 5, 14, 0, 14, 32, 0, 50, 7, 188, 19, 22, 54, 13, 19, 38, 15, 15, 86, 33, 26, 108, 49, 94, 7, 9, 34, 5, 0)
s = 83: (0, 11, 14, 0, 6, 13, 0, 9, 42, 0, 43, 9, 220, 16, 32, 45, 16, 11, 36, 12, 13, 97, 56, 20, 59, 49, 91, 6, 6, 24, 5, 0)
s = 84: (0, 13, 20, 0, 11, 21, 0, 17, 45, 0, 29, 12, 122, 21, 33, 92, 20, 10, 21, 15, 21, 97, 23, 24, 101, 43, 147, 7, 6, 20, 4, 0)
s = 85: (0, 22, 22, 0, 7, 15, 0, 9, 71, 0, 25, 7, 119, 19, 22, 76, 10, 8, 17, 23, 12, 84, 49, 31, 58, 47, 91, 8, 6, 32, 4, 0)
s = 86: (0, 9, 27, 0, 7, 12, 0, 13, 51, 0, 44, 6, 235, 27, 20, 45, 10, 13, 26, 13, 13, 107, 27, 39, 93, 54, 95, 8, 9, 28, 3, 0)
s = 87: (0, 17, 26, 0, 6, 11, 0, 13, 34, 0, 60, 5, 157, 14, 38, 37, 10, 14, 23, 12, 17, 106, 36, 18, 90, 56, 126, 5, 7, 20, 3, 0)
s = 88: (0, 8, 19, 0, 9, 22, 0, 12, 56, 0, 64, 12, 216, 18, 25, 93, 19, 17, 39, 18, 14, 196, 35, 25, 82, 64, 130, 8, 6, 18, 4, 0)
s = 89: (0, 15, 25, 0, 6, 10, 0, 12, 52, 0, 55, 14, 150, 15, 50, 56, 10, 15, 33, 15, 10, 151, 29, 18, 70, 43, 105, 5, 9, 34, 4, 0)
s = 90: (0, 11, 23, 0, 5, 18, 0, 12, 35, 0, 33, 6, 159, 19, 29, 46, 16, 9, 22, 13, 10, 117, 44, 15, 84, 37, 133, 7, 8, 15, 4, 0)
s = 91: (0, 19, 22, 0, 9, 12, 0, 10, 92, 0, 42, 10, 111, 21, 22, 48, 19, 12, 45, 14, 12, 130, 23, 16, 135, 51, 127, 10, 7, 18, 3, 0)
s = 92: (0, 10, 21, 0, 9, 15, 0, 12, 69, 0, 71, 11, 110, 24, 21, 79, 12, 13, 25, 12, 19, 148, 68, 29, 104, 49, 161, 7, 6, 19, 4, 0)
s = 93: (0, 12, 17, 0, 8, 13, 0, 13, 73, 0, 31, 9, 83, 13, 58, 52, 18, 13, 27, 15, 27, 90, 69, 29, 54, 52, 150, 9, 9, 45, 4, 0)
s = 94: (0, 11, 28, 0, 10, 14, 0, 11, 57, 0, 59, 6, 130, 29, 27, 43, 14, 8, 39, 15, 9, 140, 49, 28, 74, 68, 144, 5, 9, 26, 6, 0)
s = 95: (0, 13, 20, 0, 9, 21, 0, 19, 51, 0, 43, 7, 179, 23, 31, 70, 11, 13, 29, 28, 21, 101, 34, 19, 47, 38, 87, 7, 7, 31, 3, 0)
s = 96: (0, 14, 15, 0, 8, 12, 0, 14, 93, 0, 57, 10, 88, 27, 32, 89, 15, 16, 17, 18, 17, 72, 27, 28, 86, 47, 86, 11, 11, 35, 3, 0)
s = 97: (0, 13, 13, 0, 9, 23, 0, 15, 61, 0, 48, 8, 124, 15, 45, 62, 21, 10, 27, 16, 14, 140, 36, 19, 65, 67, 103, 8, 8, 40, 3, 0)
s = 98: (0, 11, 31, 0, 8, 21, 0, 17, 63, 0, 42, 8, 131, 21, 38, 62, 21, 13, 21, 19, 9, 135, 40, 25, 76, 42, 88, 7, 8, 38, 3, 0)
s = 99: (0, 16, 21, 0, 6, 19, 0, 13, 53, 0, 57, 7, 111, 23, 43, 41, 14, 22, 43, 15, 14, 154, 31, 17, 78, 39, 138, 7, 7, 40, 4, 0)
s = 100: (0, 12, 16, 0, 7, 13, 0, 15, 80, 0, 46, 13, 158, 33, 31, 62, 10, 18, 30, 16, 14, 142, 47, 23, 108, 51, 166, 7, 7, 29, 5, 0)
s = 101: (0, 10, 26, 0, 8, 24, 0, 16, 80, 0, 52, 10, 135, 16, 37, 105, 13, 11, 29, 21, 19, 81, 26, 27, 105, 32, 131, 5, 6, 16, 3, 0)
s = 102: (0, 9, 24, 0, 8, 16, 0, 16, 51, 0, 28, 7, 152, 22, 37, 67, 15, 21, 22, 20, 12, 99, 32, 22, 109, 63, 115, 9, 10, 34, 3, 0)
s = 103: (0, 8, 22, 0, 7, 21, 0, 11, 77, 0, 39, 8, 203, 22, 30, 61, 12, 10, 35, 19, 16, 124, 37, 21, 76, 53, 90, 6, 5, 26, 5, 0)
s = 104: (0, 14, 17, 0, 9, 22, 0, 14, 85, 0, 71, 8, 92, 13, 34, 61, 12, 16, 27, 15, 14, 199, 44, 41, 73, 43, 132, 9, 5, 16, 5, 0)
s = 105: (0, 12, 19, 0, 6, 32, 0, 18, 35, 0, 45, 8, 107, 29, 41, 46, 12, 13, 26, 13, 11, 138, 30, 22, 77, 49, 74, 5, 9, 23, 3, 0)
s = 106: (0, 13, 13, 0, 9, 12, 0, 15, 98, 0, 57, 6, 180, 15, 40, 80, 18, 18, 34, 15, 13, 110, 40, 36, 66, 39, 127, 9, 7, 33, 5, 0)
s = 107: (0, 21, 24, 0, 7, 12, 0, 13, 61, 0, 53, 8, 163, 12, 31, 94, 9, 10, 19, 16, 18, 100, 22, 25, 118, 40, 137, 8, 6, 31, 4, 0)
s = 108: (0, 15, 28, 0, 8, 28, 0, 11, 54, 0, 29, 7, 229, 11, 33, 62, 16, 13, 34, 21, 17, 178, 59, 41, 51, 37, 121, 6, 7, 18, 4, 0)
s = 109: (0, 11, 20, 0, 4, 34, 0, 13, 55, 0, 32, 7, 216, 26, 32, 93, 15, 24, 34, 13, 12, 101, 41, 24, 57, 81, 119, 8, 5, 42, 4, 0)
s = 110: (0, 20, 22, 0, 11, 14, 0, 21, 42, 0, 40, 7, 136, 21, 22, 58, 12, 16, 18, 17, 18, 87, 28, 25, 63, 43, 175, 10, 6, 39, 3, 0)
s = 111: (0, 12, 24, 0, 8, 24, 0, 11, 51, 0, 30, 10, 170, 13, 24, 62, 18, 15, 18, 14, 15, 111, 27, 20, 89, 41, 121, 9, 7, 37, 4, 0)
s = 112: (0, 15, 13, 0, 8, 13, 0, 16, 57, 0, 39, 6, 175, 12, 25, 50, 21, 11, 24, 10, 21, 199, 39, 28, 134, 59, 88, 7, 5, 25, 4, 0)
s = 113: (0, 12, 19, 0, 6, 21, 0, 11, 32, 0, 35, 7, 151, 15, 37, 106, 8, 19, 25, 12, 11, 98, 41, 18, 72, 49, 119, 5, 11, 29, 6, 0)
s = 114: (0, 10, 15, 0, 11, 15, 0, 14, 78, 0, 58, 8, 161, 25, 43, 43, 17, 13, 31, 20, 14, 94, 22, 28, 137, 56, 86, 7, 10, 19, 5, 0)
s = 115: (0, 8, 18, 0, 9, 13, 0, 8, 43, 0, 37, 6, 155, 16, 24, 69, 19, 11, 36, 13, 19, 100, 45, 18, 85, 34, 93, 5, 10, 19, 4, 0)
s = 116: (0, 12, 30, 0, 6, 15, 0, 23, 61, 0, 31, 14, 158, 19, 17, 61, 11, 10, 23, 12, 10, 208, 42, 30, 52, 50, 120, 9, 8, 17, 7, 0)
s = 117: (0, 21, 15, 0, 10, 19, 0, 13, 57, 0, 30, 8, 192, 24, 39, 51, 15, 11, 32, 21, 17, 81, 36, 35, 56, 62, 136, 7, 6, 41, 6, 0)
s = 118: (0, 18, 15, 0, 5, 16, 0, 16, 60, 0, 32, 10, 133, 17, 44, 71, 13, 15, 27, 16, 10, 114, 24, 32, 72, 39, 66, 6, 12, 22, 4, 0)
s = 119: (0, 10, 28, 0, 9, 11, 0, 14, 61, 0, 37, 8, 92, 24, 31, 68, 12, 18, 18, 12, 16, 240, 39, 13, 152, 50, 92, 5, 6, 38, 5, 0)
s = 120: (0, 17, 24, 0, 11, 29, 0, 11, 72, 0, 36, 7, 153, 14, 19, 87, 19, 10, 16, 17, 16, 92, 52, 18, 102, 42, 131, 7, 9, 30, 4, 0)
s = 121: (0, 17, 15, 0, 7, 24, 0, 15, 50, 0, 61, 9, 150, 13, 28, 102, 29, 16, 23, 21, 12, 129, 40, 20, 117, 33, 99, 11, 6, 25, 3, 0)
s = 122: (0, 17, 25, 0, 6, 18, 0, 9, 41, 0, 47, 8, 174, 19, 28, 37, 9, 10, 31, 34, 9, 107, 25, 16, 46, 28, 113, 8, 5, 40, 4, 0)
s = 123: (0, 12, 19, 0, 9, 35, 0, 11, 95, 0, 67, 11, 95, 25, 33, 98, 18, 12, 20, 14, 12, 89, 50, 19, 65, 37, 87, 5, 5, 21, 4, 0)
s = 124: (0, 11, 19, 0, 10, 13, 0, 12, 64, 0, 63, 10, 97, 19, 19, 56, 15, 9, 31, 11, 23, 86, 33, 38, 124, 33, 77, 6, 7, 15, 4, 0)
s = 125: (0, 13, 17, 0, 11, 18, 0, 16, 51, 0, 64, 8, 127, 11, 37, 50, 13, 10, 28, 18, 15, 124, 34, 16, 50, 37, 209, 8, 9, 21, 4, 0)
s = 126: (0, 14, 16, 0, 5, 22, 0, 15, 65, 0, 32, 9, 95, 20, 20, 65, 22, 19, 42, 12, 17, 89, 27, 29, 119, 63, 104, 7, 9, 36, 4, 0)
s = 127: (0, 13, 18, 0, 11, 10, 0, 23, 43, 0, 43, 6, 130, 15, 22, 73, 13, 9, 34, 17, 14, 124, 42, 25, 71, 42, 190, 5, 6, 33, 4, 0)
s = 128: (0, 13, 15, 0, 9, 21, 0, 15, 67, 0, 53, 8, 123, 12, 34, 86, 15, 18, 24, 11, 19, 128, 33, 23, 86, 47, 144, 9, 9, 18, 6, 0)
s = 129: (0, 11, 12, 0, 6, 21, 0, 21, 65, 0, 68, 10, 124, 11, 28, 118, 12, 18, 33, 14, 14, 156, 34, 23, 64, 59, 109, 6, 6, 33, 5, 0)
s = 130: (0, 17, 23, 0, 9, 15, 0, 13, 53, 0, 67, 10, 108, 13, 39, 61, 19, 17, 41, 23, 9, 144, 45, 31, 94, 54, 90, 6, 7, 19, 5, 0)
s = 131: (0, 13, 21, 0, 4, 28, 0, 19, 74, 0, 28, 11, 221, 12, 38, 69, 23, 18, 37, 19, 13, 109, 44, 36, 47, 67, 179, 9, 10, 20, 4, 0)
s = 132: (0, 10, 27, 0, 6, 15, 0, 19, 57, 0, 45, 8, 127, 18, 46, 86, 18, 15, 24, 15, 20, 190, 41, 29, 103, 43, 87, 10, 12, 35, 4, 0)
s = 133: (0, 12, 17, 0, 8, 16, 0, 24, 55, 0, 30, 13, 238, 24, 33, 57, 10, 13, 24, 18, 18, 143, 37, 19, 63, 41, 130, 5, 9, 35, 3, 0)
s = 134: (0, 13, 23, 0, 7, 13, 0, 17, 63, 0, 42, 12, 112, 25, 27, 62, 13, 20, 25, 16, 12, 123, 33, 19, 109, 54, 202, 7, 5, 29, 6, 0)
s = 135: (0, 9, 16, 0, 7, 14, 0, 24, 60, 0, 44, 11, 118, 21, 46, 41, 25, 15, 22, 18, 11, 93, 45, 24, 137, 45, 131, 6, 9, 31, 5, 0)
s = 136: (0, 9, 17, 0, 12, 25, 0, 22, 49, 0, 41, 9, 226, 21, 19, 103, 23, 11, 26, 13, 10, 80, 31, 18, 60, 48, 81, 5, 8, 33, 6, 0)
s = 137: (0, 8, 18, 0, 10, 18, 0, 14, 58, 0, 58, 14, 229, 31, 30, 45, 25, 10, 25, 28, 18, 133, 50, 17, 73, 62, 144, 8, 6, 20, 3, 0)
s = 138: (0, 22, 20, 0, 10, 22, 0, 19, 81, 0, 36, 8, 159, 16, 24, 53, 17, 18, 18, 14, 11, 107, 58, 34, 86, 53, 125, 5, 7, 31, 4, 0)
s = 139: (0, 14, 28, 0, 8, 28, 0, 13, 49, 0, 36, 10, 167, 14, 39, 65, 11, 9, 30, 20, 15, 204, 38, 30, 90, 38, 110, 9, 8, 30, 5, 0)
s = 140: (0, 23, 13, 0, 7, 19, 0, 13, 42, 0, 42, 10, 173, 16, 33, 81, 16, 21, 20, 10, 13, 150, 31, 19, 143, 68, 96, 6, 9, 32, 5, 0)
s = 141: (0, 22, 14, 0, 6, 21, 0, 11, 61, 0, 27, 10, 182, 25, 32, 80, 12, 10, 25, 27, 17, 86, 35, 14, 131, 53, 103, 5, 8, 20, 4, 0)
s = 142: (0, 11, 18, 0, 6, 12, 0, 22, 65, 0, 48, 8, 192, 20, 34, 78, 12, 8, 50, 16, 16, 192, 30, 18, 51, 94, 166, 4, 9, 17, 4, 0)
s = 143: (0, 8, 27, 0, 6, 25, 0, 12, 81, 0, 55, 5, 152, 17, 31, 64, 11, 17, 24, 20, 13, 152, 24, 24, 137, 72, 88, 5, 4, 28, 5, 0)
s = 144: (0, 19, 25, 0, 8, 23, 0, 15, 54, 0, 42, 13, 129, 19, 42, 47, 28, 9, 31, 25, 10, 100, 54, 45, 82, 44, 110, 5, 6, 30, 3, 0)
s = 145: (0, 11, 14, 0, 6, 15, 0, 11, 71, 0, 38, 9, 87, 26, 20, 55, 10, 14, 24, 13, 18, 85, 27, 27, 58, 79, 206, 6, 8, 26, 3, 0)
s = 146: (0, 17, 17, 0, 7, 18, 0, 13, 61, 0, 47, 7, 203, 14, 39, 39, 14, 15, 26, 11, 20, 162, 40, 18, 68, 46, 101, 6, 6, 21, 4, 0)
s = 147: (0, 13, 20, 0, 6, 13, 0, 22, 36, 0, 39, 10, 130, 17, 23, 42, 21, 14, 36, 15, 15, 121, 28, 40, 80, 37, 123, 6, 6, 16, 5, 0)
s = 148: (0, 15, 20, 0, 8, 20, 0, 18, 65, 0, 50, 6, 154, 13, 44, 73, 17, 15, 46, 19, 16, 111, 40, 26, 92, 30, 106, 8, 7, 28, 6, 0)
s = 149: (0, 14, 17, 0, 7, 15, 0, 9, 64, 0, 42, 12, 139, 16, 17, 80, 12, 11, 24, 17, 10, 86, 41, 22, 61, 50, 189, 7, 10, 23, 4, 0)
s = 150: (0, 16, 23, 0, 8, 12, 0, 11, 98, 0, 67, 8, 171, 17, 21, 76, 17, 14, 28, 20, 12, 123, 53, 26, 76, 53, 106, 6, 5, 29, 5, 0)
s = 151: (0, 14, 19, 0, 7, 30, 0, 9, 43, 0, 30, 14, 134, 21, 20, 65, 14, 21, 31, 16, 11, 156, 24, 17, 73, 82, 89, 6, 9, 22, 5, 0)
s = 152: (0, 10, 11, 0, 7, 14, 0, 16, 58, 0, 63, 6, 142, 26, 49, 70, 22, 12, 20, 10, 14, 140, 42, 32, 119, 47, 180, 5, 5, 17, 4, 0)
s = 153: (0, 20, 31, 0, 6, 15, 0, 12, 53, 0, 43, 10, 224, 18, 29, 57, 10, 13, 22, 21, 12, 99, 52, 24, 52, 60, 142, 6, 6, 24, 5, 0)
s = 154: (0, 15, 18, 0, 7, 30, 0, 9, 43, 0, 69, 8, 198, 13, 23, 48, 11, 10, 21, 16, 22, 109, 52, 25, 91, 35, 142, 6, 6, 26, 7, 0)
s = 155: (0, 12, 23, 0, 6, 14, 0, 11, 116, 0, 80, 8, 127, 15, 51, 90, 22, 19, 21, 13, 11, 99, 46, 23, 130, 79, 130, 7, 6, 28, 5, 0)
s = 156: (0, 13, 16, 0, 11, 24, 0, 15, 68, 0, 61, 5, 154, 22, 25, 39, 13, 17, 25, 13, 13, 184, 44, 36, 48, 72, 127, 9, 5, 20, 7, 0)
s = 157: (0, 14, 31, 0, 5, 20, 0, 9, 47, 0, 43, 9, 183, 20, 40, 56, 18, 11, 22, 22, 12, 215, 56, 18, 83, 45, 72, 7, 8, 43, 3, 0)
s = 158: (0, 13, 13, 0, 7, 18, 0, 11, 65, 0, 55, 9, 191, 15, 28, 47, 21, 12, 27, 15, 17, 99, 34, 29, 96, 34, 118, 8, 8, 24, 7, 0)
s = 159: (0, 9, 18, 0, 6, 23, 0, 11, 39, 0, 27, 8, 159, 17, 21, 89, 13, 11, 40, 14, 10, 158, 37, 22, 85, 42, 174, 5, 7, 25, 6, 0)
s = 160: (0, 17, 17, 0, 8, 27, 0, 17, 37, 0, 64, 13, 225, 15, 32, 73, 26, 13, 39, 18, 16, 166, 36, 27, 114, 38, 140, 7, 11, 32, 7, 0)
s = 161: (0, 14, 22, 0, 11, 17, 0, 14, 41, 0, 36, 7, 118, 25, 38, 75, 18, 10, 25, 15, 21, 123, 23, 19, 82, 35, 80, 8, 7, 38, 7, 0)
s = 162: (0, 12, 15, 0, 9, 16, 0, 8, 44, 0, 49, 11, 187, 17, 39, 38, 13, 13, 19, 11, 14, 169, 34, 37, 62, 69, 120, 7, 6, 19, 4, 0)
s = 163: (0, 16, 19, 0, 5, 24, 0, 17, 49, 0, 31, 6, 140, 11, 29, 48, 17, 11, 21, 17, 14, 180, 48, 15, 91, 49, 101, 8, 8, 20, 3, 0)
s = 164: (0, 9, 23, 0, 6, 14, 0, 10, 90, 0, 59, 10, 108, 25, 51, 60, 18, 13, 30, 14, 21, 74, 33, 35, 78, 40, 95, 10, 6, 31, 4, 0)
s = 165: (0, 17, 15, 0, 5, 11, 0, 15, 46, 0, 52, 8, 116, 12, 36, 45, 18, 12, 30, 17, 13, 119, 72, 22, 64, 53, 137, 7, 4, 30, 4, 0)
s = 166: (0, 8, 14, 0, 7, 17, 0, 17, 82, 0, 39, 7, 108, 21, 29, 64, 26, 17, 23, 10, 22, 158, 38, 24, 88, 50, 170, 6, 10, 24, 5, 0)
s = 167: (0, 17, 20, 0, 10, 21, 0, 14, 82, 0, 27, 8, 135, 16, 20, 54, 15, 16, 19, 13, 14, 174, 40, 15, 51, 42, 121, 6, 10, 29, 3, 0)
s = 168: (0, 15, 16, 0, 9, 11, 0, 14, 44, 0, 66, 6, 136, 21, 34, 88, 12, 11, 18, 14, 12, 116, 53, 47, 76, 32, 79, 5, 5, 28, 6, 0)
s = 169: (0, 12, 17, 0, 6, 21, 0, 23, 44, 0, 75, 8, 100, 17, 37, 101, 11, 22, 18, 22, 16, 81, 41, 25, 88, 84, 118, 9, 7, 31, 7, 0)
s = 170: (0, 10, 29, 0, 6, 25, 0, 16, 79, 0, 54, 9, 195, 15, 22, 55, 19, 14, 25, 21, 19, 120, 55, 27, 107, 45, 66, 12, 4, 38, 4, 0)
s = 171: (0, 16, 23, 0, 10, 23, 0, 11, 68, 0, 35, 8, 101, 11, 36, 102, 19, 17, 20, 22, 12, 105, 55, 27, 117, 36, 65, 7, 7, 27, 6, 0)
s = 172: (0, 11, 21, 0, 7, 11, 0, 10, 63, 0, 39, 7, 161, 15, 30, 90, 12, 14, 41, 16, 22, 120, 23, 31, 86, 58, 87, 7, 9, 19, 5, 0)
s = 173: (0, 16, 18, 0, 9, 16, 0, 13, 65, 0, 36, 7, 148, 12, 18, 79, 19, 9, 16, 15, 14, 126, 53, 30, 56, 31, 129, 9, 10, 28, 4, 0)
s = 174: (0, 11, 28, 0, 8, 14, 0, 13, 63, 0, 36, 11, 104, 12, 34, 79, 15, 21, 23, 15, 14, 148, 49, 22, 103, 55, 136, 5, 9, 26, 6, 0)
s = 175: (0, 16, 29, 0, 6, 25, 0, 14, 41, 0, 54, 9, 114, 14, 32, 96, 11, 13, 21, 15, 8, 146, 35, 24, 91, 35, 68, 9, 8, 21, 6, 0)
s = 176: (0, 12, 19, 0, 9, 25, 0, 12, 88, 0, 52, 10, 241, 16, 24, 54, 14, 12, 22, 14, 16, 109, 42, 19, 70, 52, 90, 6, 6, 25, 5, 0)
s = 177: (0, 11, 31, 0, 7, 16, 0, 13, 49, 0, 47, 9, 174, 12, 22, 42, 19, 16, 36, 14, 9, 191, 75, 28, 93, 54, 191, 6, 10, 21, 6, 0)
s = 178: (0, 21, 25, 0, 9, 16, 0, 17, 73, 0, 58, 10, 256, 19, 25, 58, 16, 10, 35, 17, 17, 121, 30, 22, 74, 54, 126, 11, 7, 29, 5, 0)
s = 179: (0, 8, 21, 0, 10, 17, 0, 15, 50, 0, 55, 8, 156, 22, 24, 50, 17, 16, 45, 23, 16, 167, 32, 17, 59, 43, 100, 9, 10, 38, 4, 0)
s = 180: (0, 17, 33, 0, 6, 12, 0, 13, 68, 0, 29, 8, 85, 22, 29, 81, 11, 18, 22, 17, 14, 125, 40, 28, 115, 32, 96, 9, 5, 21, 4, 0)
s = 181: (0, 11, 21, 0, 4, 15, 0, 10, 64, 0, 51, 14, 237, 12, 35, 67, 15, 17, 37, 11, 16, 99, 44, 26, 93, 63, 107, 6, 9, 25, 6, 0)
s = 182: (0, 12, 27, 0, 8, 30, 0, 14, 62, 0, 56, 11, 173, 24, 33, 70, 9, 12, 19, 30, 12, 113, 24, 33, 71, 72, 107, 8, 6, 29, 4, 0)
s = 183: (0, 20, 26, 0, 5, 15, 0, 18, 64, 0, 45, 10, 149, 17, 35, 82, 15, 12, 30, 20, 20, 155, 51, 18, 115, 61, 115, 5, 12, 30, 4, 0)
s = 184: (0, 10, 20, 0, 5, 17, 0, 11, 42, 0, 32, 6, 129, 17, 40, 36, 10, 12, 16, 14, 24, 114, 26, 18, 74, 40, 142, 6, 6, 31, 5, 0)
s = 185: (0, 8, 20, 0, 8, 17, 0, 19, 52, 0, 73, 8, 197, 15, 35, 84, 11, 13, 25, 12, 15, 91, 50, 35, 78, 44, 137, 7, 6, 16, 5, 0)
s = 186: (0, 16, 21, 0, 11, 19, 0, 8, 67, 0, 47, 12, 120, 10, 30, 88, 17, 11, 32, 17, 11, 70, 35, 32, 56, 42, 114, 10, 7, 24, 4, 0)
s = 187: (0, 16, 27, 0, 9, 17, 0, 20, 60, 0, 47, 8, 133, 16, 32, 68, 11, 11, 25, 11, 20, 119, 45, 15, 76, 47, 162, 5, 8, 29, 3, 0)
s = 188: (0, 19, 14, 0, 5, 15, 0, 10, 49, 0, 76, 8, 245, 15, 31, 69, 16, 12, 23, 12, 16, 123, 39, 16, 80, 68, 98, 5, 9, 24, 6, 0)
s = 189: (0, 13, 16, 0, 9, 22, 0, 13, 54, 0, 61, 7, 101, 19, 20, 47, 17, 26, 30, 18, 21, 135, 41, 21, 51, 37, 111, 7, 7, 25, 6, 0)
s = 190: (0, 14, 23, 0, 5, 21, 0, 15, 48, 0, 57, 5, 157, 15, 19, 100, 16, 19, 15, 15, 13, 89, 23, 22, 85, 35, 122, 7, 6, 34, 3, 0)
s = 191: (0, 20, 15, 0, 9, 19, 0, 13, 79, 0, 63, 5, 143, 13, 29, 87, 19, 8, 30, 11, 9, 205, 49, 31, 81, 43, 129, 7, 6, 37, 5, 0)
s = 192: (0, 10, 27, 0, 7, 17, 0, 13, 60, 0, 76, 11, 147, 27, 38, 66, 16, 16, 22, 11, 13, 153, 31, 24, 108, 50, 73, 7, 6, 31, 3, 0)
s = 193: (0, 20, 13, 0, 8, 24, 0, 13, 69, 0, 41, 8, 227, 14, 28, 100, 12, 12, 16, 12, 15, 88, 38, 33, 115, 30, 85, 7, 8, 20, 3, 0)
s = 194: (0, 22, 17, 0, 8, 21, 0, 16, 48, 0, 59, 8, 200, 15, 41, 51, 11, 15, 27, 18, 18, 168, 49, 19, 113, 60, 88, 7, 8, 29, 6, 0)
s = 195: (0, 14, 17, 0, 8, 18, 0, 12, 34, 0, 50, 6, 90, 16, 38, 75, 9, 15, 17, 14, 15, 112, 40, 18, 72, 30, 93, 11, 7, 29, 4, 0)
s = 196: (0, 13, 15, 0, 6, 19, 0, 15, 74, 0, 36, 11, 273, 18, 39, 70, 24, 10, 31, 12, 11, 174, 35, 27, 54, 67, 115, 9, 8, 23, 3, 0)
s = 197: (0, 11, 17, 0, 5, 27, 0, 10, 46, 0, 56, 10, 195, 18, 18, 75, 13, 10, 21, 16, 11, 120, 34, 22, 86, 55, 76, 8, 11, 30, 5, 0)
s = 198: (0, 15, 22, 0, 5, 19, 0, 13, 50, 0, 32, 11, 142, 14, 50, 58, 9, 17, 24, 15, 22, 97, 35, 17, 72, 36, 142, 6, 9, 31, 5, 0)
s = 199: (0, 12, 16, 0, 6, 22, 0, 16, 66, 0, 62, 8, 146, 21, 37, 51, 14, 10, 23, 18, 16, 137, 40, 29, 74, 71, 93, 5, 10, 30, 3, 0)
s = 200: (0, 8, 24, 0, 11, 21, 0, 17, 74, 0, 40, 8, 123, 11, 27, 83, 22, 15, 36, 25, 19, 83, 42, 28, 65, 56, 197, 10, 7, 23, 5, 0)
************************************************************************
ES/LS-VALUES:
jobnr.   ES(i)    LS(i)
------------------------------------------------------------------------
  0        0        0
  1        0       55
  2        0       73
  3        0       115
  4        1       95
  5        2       97
  6        1       57
  7       11       127
  8       18       109
  9       37       129
 10       18       91
 11       40       133
 12       18       75
 13        1       138
 14       18       124
 15       18       134
 16       18       92
 17       23       98
 18       23       131
 19        7       103
 20       27       100
 21       33       121
 22       27       129
 23       47       140
 24       33       91
 25       45       104
 26       60       120
 27       60       136
 28       50       144
 29       77       138
 30       42       144
 31       84       146
************************************************************************
BIG-M-VALUES:
M1 = 74, M2 = 447
************************************************************************
