************************************************************************
file with basedata            : mm30_.bas
initial value random generator: 135330391
************************************************************************
projects                      :  1
jobs (incl. supersource/sink ):  12
horizon                       :  80
RESOURCES
  - renewable                 :  2   R
  - nonrenewable              :  2   N
  - doubly constrained        :  0   D
************************************************************************
PROJECT INFORMATION:
pronr.  #jobs rel.date duedate tardcost  MPM-Time
    1     10      0       11        6       11
************************************************************************
PRECEDENCE RELATIONS:
jobnr.    #modes  #successors   successors
   0        1          3           1   2   3
   1        3          3           5   8  10
   2        3          2           4   9
   3        3          2           7   9
   4        3          1           7
   5        3          1           6
   6        3          1           9
   7        3          2           8  10
   8        3          1          11
   9        3          1          11
  10        3          1          11
  11        1          0        
************************************************************************
REQUESTS/DURATIONS:
jobnr. mode duration  R 1  R 2  R 3  R 4  E(W 1)  E(W 2)  E(W 3)
------------------------------------------------------------------------
  0      1     0       0    0    0    0     0       0       0
  1      1     1      10    0   10    7    10      10       7
  2      1     2       8    0    8    5    16      16      10
  3      1     3       1    0    7    9     6      21      27
  4      1     2       8    0    9    2    16      18       4
  5      1     2       0    1    8    7     4      16      14
  6      1     4       9    0    4   10    36      16      40
  7      1     2       0    4    9    6     8      18      12
  8      1     2       4    0    7   10     8      14      20
  9      1     2       6    0    5    6    12      10      12
 10      1     5       0    3    4    7    15      20      35
 11      1     0       0    0    0    0     0       0       0
************************************************************************
RESOURCEAVAILABILITIES:
  R 1  R 2  R 3
   42   60   56
************************************************************************
RESOURCE LIMITS:
jobnr.  l(R 1)  u(R 1)  l(R 2)  u(R 2)  l(R 3)  u(R 3)
------------------------------------------------------------------------
  0        0       0       0       0       0       0
  1        5      10       5      10       4       7
  2        4       8       4       8       3       5
  3        1       2       4       7       5       9
  4        4       8       5       9       1       2
  5        1       2       4       8       4       7
  6        5       9       2       4       5      10
  7        2       4       5       9       3       6
  8        2       4       4       7       5      10
  9        3       6       3       5       3       6
 10        2       3       2       4       4       7
 11        0       0       0       0       0       0
************************************************************************
SCENARIOS:
------------------------------------------------------------------------
RESOURCE k = 1
s = 1: (0, 12, 19, 4, 24, 3, 20, 11, 7, 16, 9, 0)
s = 2: (0, 8, 21, 5, 15, 3, 25, 10, 8, 13, 10, 0)
s = 3: (0, 10, 16, 9, 16, 3, 35, 8, 6, 18, 10, 0)
s = 4: (0, 10, 14, 5, 9, 6, 51, 11, 5, 11, 15, 0)
s = 5: (0, 14, 13, 6, 13, 5, 32, 11, 5, 13, 20, 0)
s = 6: (0, 15, 12, 6, 19, 3, 39, 6, 10, 9, 9, 0)
s = 7: (0, 11, 23, 10, 20, 4, 24, 7, 9, 7, 10, 0)
s = 8: (0, 9, 27, 8, 24, 6, 27, 10, 9, 10, 12, 0)
s = 9: (0, 8, 27, 9, 11, 6, 35, 9, 10, 10, 15, 0)
s = 10: (0, 17, 12, 7, 21, 5, 34, 13, 11, 11, 14, 0)
s = 11: (0, 8, 16, 5, 14, 3, 33, 6, 9, 11, 20, 0)
s = 12: (0, 11, 14, 7, 13, 6, 36, 6, 11, 12, 12, 0)
s = 13: (0, 7, 15, 9, 14, 4, 23, 11, 11, 16, 15, 0)
s = 14: (0, 7, 18, 6, 13, 3, 40, 12, 9, 12, 27, 0)
s = 15: (0, 6, 18, 9, 22, 5, 44, 9, 8, 8, 19, 0)
s = 16: (0, 10, 17, 5, 16, 7, 28, 9, 5, 14, 19, 0)
s = 17: (0, 8, 25, 4, 14, 4, 43, 14, 10, 11, 13, 0)
s = 18: (0, 7, 12, 7, 16, 4, 41, 5, 8, 11, 10, 0)
s = 19: (0, 10, 24, 8, 18, 8, 29, 9, 7, 13, 20, 0)
s = 20: (0, 9, 18, 7, 17, 6, 25, 6, 5, 16, 14, 0)
s = 21: (0, 6, 16, 6, 14, 3, 45, 7, 10, 17, 13, 0)
s = 22: (0, 9, 11, 5, 24, 4, 37, 9, 9, 9, 15, 0)
s = 23: (0, 16, 28, 6, 14, 3, 43, 6, 13, 16, 10, 0)
s = 24: (0, 20, 15, 5, 14, 5, 24, 9, 12, 14, 14, 0)
s = 25: (0, 8, 11, 6, 14, 6, 44, 10, 9, 19, 12, 0)
s = 26: (0, 6, 10, 8, 12, 3, 37, 9, 6, 11, 20, 0)
s = 27: (0, 9, 14, 5, 16, 4, 23, 6, 12, 10, 20, 0)
s = 28: (0, 10, 21, 4, 22, 5, 26, 6, 10, 17, 9, 0)
s = 29: (0, 11, 17, 7, 19, 3, 35, 12, 11, 14, 22, 0)
s = 30: (0, 12, 14, 7, 12, 3, 33, 7, 10, 10, 15, 0)
s = 31: (0, 7, 17, 6, 13, 4, 41, 8, 7, 13, 16, 0)
s = 32: (0, 13, 15, 8, 9, 5, 32, 6, 7, 11, 15, 0)
s = 33: (0, 7, 12, 6, 12, 5, 49, 11, 11, 12, 15, 0)
s = 34: (0, 15, 13, 8, 17, 4, 33, 13, 5, 10, 14, 0)
s = 35: (0, 12, 15, 5, 21, 3, 35, 10, 8, 12, 13, 0)
s = 36: (0, 11, 25, 7, 14, 4, 21, 8, 9, 10, 20, 0)
s = 37: (0, 11, 13, 5, 11, 4, 55, 8, 7, 10, 12, 0)
s = 38: (0, 11, 11, 5, 17, 3, 30, 11, 9, 16, 15, 0)
s = 39: (0, 9, 16, 5, 19, 3, 41, 10, 11, 12, 17, 0)
s = 40: (0, 11, 19, 9, 16, 5, 28, 9, 8, 11, 11, 0)
s = 41: (0, 13, 13, 4, 15, 5, 32, 9, 8, 7, 16, 0)
s = 42: (0, 9, 28, 10, 15, 5, 46, 10, 8, 9, 25, 0)
s = 43: (0, 6, 13, 6, 10, 6, 41, 5, 9, 11, 17, 0)
s = 44: (0, 12, 11, 4, 14, 6, 45, 8, 10, 13, 11, 0)
s = 45: (0, 14, 21, 7, 26, 3, 33, 7, 7, 17, 9, 0)
s = 46: (0, 12, 12, 6, 16, 5, 31, 9, 8, 12, 16, 0)
s = 47: (0, 17, 20, 7, 14, 7, 23, 9, 7, 12, 10, 0)
s = 48: (0, 10, 15, 7, 15, 6, 29, 5, 6, 12, 19, 0)
s = 49: (0, 8, 24, 4, 29, 4, 32, 11, 10, 11, 24, 0)
s = 50: (0, 11, 12, 8, 17, 7, 40, 10, 10, 7, 12, 0)
s = 51: (0, 7, 15, 9, 11, 4, 33, 9, 9, 13, 22, 0)
s = 52: (0, 13, 16, 5, 14, 6, 42, 10, 10, 9, 16, 0)
s = 53: (0, 8, 20, 12, 24, 3, 27, 5, 11, 19, 11, 0)
s = 54: (0, 7, 14, 7, 12, 5, 27, 6, 11, 14, 25, 0)
s = 55: (0, 10, 18, 5, 15, 3, 28, 7, 7, 12, 15, 0)
s = 56: (0, 7, 23, 5, 11, 4, 21, 6, 11, 13, 16, 0)
s = 57: (0, 13, 13, 9, 16, 3, 45, 7, 15, 12, 17, 0)
s = 58: (0, 10, 11, 8, 10, 5, 27, 13, 7, 12, 12, 0)
s = 59: (0, 13, 21, 7, 11, 4, 34, 6, 5, 13, 11, 0)
s = 60: (0, 16, 12, 4, 19, 4, 28, 6, 10, 9, 18, 0)
s = 61: (0, 17, 14, 8, 11, 3, 33, 11, 13, 12, 18, 0)
s = 62: (0, 12, 24, 7, 10, 5, 27, 10, 11, 24, 16, 0)
s = 63: (0, 14, 12, 8, 18, 3, 59, 7, 8, 11, 11, 0)
s = 64: (0, 14, 13, 8, 11, 4, 28, 9, 9, 13, 13, 0)
s = 65: (0, 11, 17, 7, 12, 3, 22, 7, 6, 11, 17, 0)
s = 66: (0, 11, 18, 7, 14, 5, 35, 12, 5, 11, 12, 0)
s = 67: (0, 11, 19, 6, 20, 4, 26, 9, 8, 13, 18, 0)
s = 68: (0, 11, 13, 8, 16, 3, 25, 7, 12, 7, 12, 0)
s = 69: (0, 11, 11, 4, 13, 5, 25, 7, 11, 15, 20, 0)
s = 70: (0, 11, 15, 9, 19, 5, 39, 10, 7, 15, 15, 0)
s = 71: (0, 12, 22, 5, 12, 6, 50, 10, 10, 10, 23, 0)
s = 72: (0, 8, 19, 7, 15, 6, 40, 15, 9, 9, 12, 0)
s = 73: (0, 7, 12, 7, 14, 5, 28, 11, 10, 12, 22, 0)
s = 74: (0, 11, 16, 9, 13, 3, 30, 9, 8, 17, 13, 0)
s = 75: (0, 9, 22, 5, 17, 4, 34, 11, 6, 18, 12, 0)
s = 76: (0, 15, 12, 4, 19, 8, 38, 13, 11, 16, 10, 0)
s = 77: (0, 14, 15, 7, 23, 5, 45, 10, 15, 12, 16, 0)
s = 78: (0, 12, 16, 5, 24, 4, 30, 10, 9, 10, 20, 0)
s = 79: (0, 8, 14, 10, 12, 6, 21, 7, 8, 11, 12, 0)
s = 80: (0, 6, 20, 7, 17, 4, 24, 12, 9, 11, 14, 0)
s = 81: (0, 8, 20, 4, 19, 3, 33, 9, 6, 11, 17, 0)
s = 82: (0, 7, 14, 6, 17, 7, 31, 12, 6, 10, 20, 0)
s = 83: (0, 12, 17, 7, 11, 6, 28, 6, 6, 9, 23, 0)
s = 84: (0, 9, 29, 6, 19, 5, 23, 9, 12, 14, 16, 0)
s = 85: (0, 11, 20, 8, 14, 3, 28, 8, 7, 10, 19, 0)
s = 86: (0, 14, 10, 6, 14, 4, 21, 12, 12, 10, 12, 0)
s = 87: (0, 17, 17, 5, 14, 6, 40, 12, 8, 8, 15, 0)
s = 88: (0, 11, 12, 4, 9, 4, 30, 9, 6, 10, 15, 0)
s = 89: (0, 7, 15, 6, 23, 4, 36, 11, 6, 16, 15, 0)
s = 90: (0, 6, 16, 6, 11, 5, 21, 7, 9, 9, 14, 0)
s = 91: (0, 7, 24, 7, 16, 6, 54, 10, 8, 17, 12, 0)
s = 92: (0, 10, 14, 5, 10, 5, 58, 6, 5, 11, 13, 0)
s = 93: (0, 9, 9, 5, 15, 5, 41, 10, 8, 16, 15, 0)
s = 94: (0, 9, 14, 4, 19, 5, 53, 5, 9, 12, 13, 0)
s = 95: (0, 13, 13, 9, 11, 3, 38, 10, 6, 10, 11, 0)
s = 96: (0, 11, 14, 6, 24, 5, 55, 10, 6, 13, 21, 0)
s = 97: (0, 7, 20, 6, 10, 3, 59, 10, 8, 12, 17, 0)
s = 98: (0, 16, 19, 4, 20, 3, 33, 9, 10, 7, 12, 0)
s = 99: (0, 11, 19, 5, 21, 4, 28, 9, 6, 13, 13, 0)
s = 100: (0, 12, 13, 6, 14, 7, 26, 8, 8, 15, 15, 0)
s = 101: (0, 7, 25, 7, 17, 5, 36, 10, 8, 17, 15, 0)
s = 102: (0, 14, 19, 8, 18, 4, 37, 7, 14, 13, 17, 0)
s = 103: (0, 10, 21, 4, 11, 3, 29, 7, 8, 17, 14, 0)
s = 104: (0, 18, 16, 6, 13, 4, 48, 7, 10, 13, 15, 0)
s = 105: (0, 13, 13, 10, 16, 3, 26, 7, 7, 8, 17, 0)
s = 106: (0, 12, 30, 4, 16, 4, 24, 12, 7, 18, 16, 0)
s = 107: (0, 10, 18, 7, 11, 4, 25, 7, 14, 18, 10, 0)
s = 108: (0, 10, 14, 5, 19, 6, 27, 12, 7, 12, 20, 0)
s = 109: (0, 15, 15, 8, 12, 5, 22, 5, 10, 14, 13, 0)
s = 110: (0, 15, 14, 5, 19, 4, 29, 11, 11, 9, 19, 0)
s = 111: (0, 12, 20, 9, 22, 4, 59, 6, 9, 8, 13, 0)
s = 112: (0, 7, 27, 7, 19, 5, 30, 12, 5, 17, 22, 0)
s = 113: (0, 13, 12, 8, 10, 5, 36, 7, 6, 14, 14, 0)
s = 114: (0, 10, 12, 8, 23, 6, 29, 10, 6, 18, 20, 0)
s = 115: (0, 13, 19, 7, 14, 5, 45, 9, 8, 13, 22, 0)
s = 116: (0, 10, 10, 5, 16, 6, 39, 12, 6, 11, 14, 0)
s = 117: (0, 10, 17, 5, 10, 3, 37, 10, 10, 10, 17, 0)
s = 118: (0, 14, 23, 7, 23, 7, 37, 10, 12, 15, 16, 0)
s = 119: (0, 8, 18, 7, 12, 3, 46, 6, 8, 18, 17, 0)
s = 120: (0, 15, 11, 5, 14, 5, 37, 7, 6, 12, 11, 0)
s = 121: (0, 12, 11, 5, 16, 6, 52, 13, 7, 10, 21, 0)
s = 122: (0, 11, 10, 6, 16, 4, 31, 14, 14, 11, 20, 0)
s = 123: (0, 14, 22, 6, 10, 3, 27, 5, 13, 14, 21, 0)
s = 124: (0, 10, 10, 8, 16, 4, 30, 13, 8, 12, 10, 0)
s = 125: (0, 10, 21, 4, 24, 5, 29, 10, 6, 17, 18, 0)
s = 126: (0, 8, 12, 6, 10, 3, 33, 7, 7, 14, 17, 0)
s = 127: (0, 9, 27, 5, 24, 3, 29, 6, 9, 11, 15, 0)
s = 128: (0, 8, 14, 5, 16, 5, 27, 7, 9, 12, 14, 0)
s = 129: (0, 15, 14, 7, 19, 6, 35, 9, 8, 13, 16, 0)
s = 130: (0, 11, 15, 10, 14, 5, 45, 9, 9, 12, 17, 0)
s = 131: (0, 10, 13, 6, 16, 3, 33, 6, 8, 9, 13, 0)
s = 132: (0, 7, 13, 8, 13, 5, 33, 9, 7, 12, 23, 0)
s = 133: (0, 10, 11, 4, 11, 7, 26, 10, 12, 14, 19, 0)
s = 134: (0, 9, 9, 6, 14, 6, 28, 9, 8, 16, 19, 0)
s = 135: (0, 10, 21, 4, 13, 5, 55, 6, 11, 17, 16, 0)
s = 136: (0, 8, 16, 4, 15, 5, 27, 9, 8, 9, 9, 0)
s = 137: (0, 8, 13, 4, 20, 5, 45, 9, 7, 15, 15, 0)
s = 138: (0, 8, 14, 5, 18, 3, 44, 9, 7, 9, 11, 0)
s = 139: (0, 19, 17, 9, 9, 4, 52, 12, 8, 12, 16, 0)
s = 140: (0, 11, 12, 5, 17, 3, 42, 6, 5, 10, 20, 0)
s = 141: (0, 14, 15, 6, 19, 3, 39, 12, 11, 16, 18, 0)
s = 142: (0, 9, 14, 8, 17, 4, 27, 6, 10, 8, 19, 0)
s = 143: (0, 15, 18, 4, 18, 3, 37, 6, 13, 19, 11, 0)
s = 144: (0, 9, 18, 9, 25, 4, 39, 8, 8, 9, 15, 0)
s = 145: (0, 7, 19, 6, 20, 3, 36, 8, 6, 24, 14, 0)
s = 146: (0, 8, 11, 5, 20, 5, 20, 10, 10, 14, 15, 0)
s = 147: (0, 13, 13, 10, 10, 6, 42, 6, 9, 9, 14, 0)
s = 148: (0, 7, 12, 7, 15, 5, 28, 6, 7, 16, 20, 0)
s = 149: (0, 10, 12, 4, 30, 4, 26, 11, 6, 14, 14, 0)
s = 150: (0, 12, 15, 8, 26, 6, 23, 7, 6, 12, 18, 0)
s = 151: (0, 10, 17, 4, 16, 3, 30, 9, 7, 13, 16, 0)
s = 152: (0, 10, 16, 8, 18, 6, 28, 9, 6, 12, 14, 0)
s = 153: (0, 11, 20, 8, 23, 4, 54, 7, 9, 15, 25, 0)
s = 154: (0, 7, 26, 8, 16, 4, 30, 6, 6, 12, 25, 0)
s = 155: (0, 9, 24, 7, 33, 3, 33, 9, 12, 9, 12, 0)
s = 156: (0, 12, 24, 9, 17, 6, 21, 10, 9, 12, 20, 0)
s = 157: (0, 10, 24, 7, 17, 5, 38, 8, 10, 19, 9, 0)
s = 158: (0, 15, 14, 6, 20, 4, 29, 8, 13, 11, 16, 0)
s = 159: (0, 8, 23, 5, 21, 5, 48, 10, 13, 8, 19, 0)
s = 160: (0, 7, 11, 8, 9, 7, 41, 12, 10, 15, 20, 0)
s = 161: (0, 11, 20, 6, 18, 3, 37, 7, 9, 16, 10, 0)
s = 162: (0, 8, 9, 4, 13, 3, 27, 7, 7, 12, 13, 0)
s = 163: (0, 10, 13, 6, 11, 5, 38, 10, 7, 16, 22, 0)
s = 164: (0, 10, 22, 6, 14, 4, 25, 8, 6, 13, 10, 0)
s = 165: (0, 14, 20, 5, 15, 6, 39, 9, 8, 12, 12, 0)
s = 166: (0, 8, 29, 4, 22, 4, 28, 7, 6, 10, 11, 0)
s = 167: (0, 6, 17, 6, 15, 5, 41, 5, 10, 11, 15, 0)
s = 168: (0, 13, 11, 5, 19, 6, 30, 9, 9, 13, 16, 0)
s = 169: (0, 10, 14, 5, 27, 5, 38, 13, 12, 15, 9, 0)
s = 170: (0, 9, 13, 6, 17, 3, 36, 9, 6, 8, 15, 0)
s = 171: (0, 8, 23, 7, 16, 6, 37, 11, 7, 12, 12, 0)
s = 172: (0, 13, 17, 8, 9, 4, 49, 5, 11, 9, 12, 0)
s = 173: (0, 10, 16, 5, 20, 5, 36, 7, 9, 15, 21, 0)
s = 174: (0, 12, 16, 6, 12, 4, 49, 6, 10, 10, 17, 0)
s = 175: (0, 11, 14, 5, 18, 5, 39, 6, 11, 9, 15, 0)
s = 176: (0, 12, 20, 7, 11, 5, 24, 10, 14, 8, 18, 0)
s = 177: (0, 7, 25, 6, 18, 4, 24, 10, 15, 12, 20, 0)
s = 178: (0, 13, 13, 6, 17, 4, 36, 10, 7, 10, 16, 0)
s = 179: (0, 15, 32, 6, 17, 6, 36, 7, 12, 17, 16, 0)
s = 180: (0, 10, 28, 8, 13, 3, 21, 9, 5, 10, 16, 0)
s = 181: (0, 12, 23, 6, 15, 3, 39, 8, 14, 17, 17, 0)
s = 182: (0, 7, 22, 4, 25, 6, 43, 5, 5, 19, 24, 0)
s = 183: (0, 13, 16, 6, 20, 4, 50, 10, 8, 9, 19, 0)
s = 184: (0, 7, 21, 6, 15, 4, 53, 14, 12, 11, 16, 0)
s = 185: (0, 12, 18, 6, 17, 4, 36, 6, 6, 8, 21, 0)
s = 186: (0, 9, 16, 10, 17, 5, 24, 6, 8, 10, 21, 0)
s = 187: (0, 12, 12, 9, 17, 3, 53, 7, 5, 12, 21, 0)
s = 188: (0, 15, 24, 10, 18, 5, 28, 6, 10, 15, 10, 0)
s = 189: (0, 9, 18, 6, 24, 4, 41, 9, 7, 13, 12, 0)
s = 190: (0, 14, 15, 5, 14, 5, 33, 9, 9, 9, 21, 0)
s = 191: (0, 9, 12, 7, 9, 3, 24, 7, 8, 13, 23, 0)
s = 192: (0, 12, 17, 4, 11, 7, 35, 12, 7, 15, 25, 0)
s = 193: (0, 6, 21, 9, 25, 5, 36, 11, 8, 11, 18, 0)
s = 194: (0, 11, 10, 6, 13, 4, 41, 6, 5, 9, 12, 0)
s = 195: (0, 8, 26, 7, 13, 3, 48, 8, 12, 15, 13, 0)
s = 196: (0, 9, 9, 5, 24, 5, 37, 9, 6, 14, 17, 0)
s = 197: (0, 11, 12, 6, 15, 4, 28, 10, 8, 8, 14, 0)
s = 198: (0, 10, 14, 9, 20, 4, 42, 8, 8, 7, 15, 0)
s = 199: (0, 6, 13, 8, 15, 5, 45, 11, 11, 16, 9, 0)
s = 200: (0, 7, 14, 7, 19, 4, 28, 7, 8, 10, 26, 0)
------------------------------------------------------------------------
RESOURCE k = 2
s = 1: (0, 12, 19, 13, 26, 12, 9, 23, 11, 13, 12, 0)
s = 2: (0, 8, 21, 15, 17, 10, 12, 22, 13, 11, 13, 0)
s = 3: (0, 10, 16, 29, 18, 11, 16, 18, 9, 15, 14, 0)
s = 4: (0, 10, 14, 15, 11, 21, 23, 24, 8, 9, 20, 0)
s = 5: (0, 14, 13, 19, 15, 18, 14, 24, 8, 11, 27, 0)
s = 6: (0, 15, 12, 20, 21, 12, 17, 13, 17, 8, 12, 0)
s = 7: (0, 11, 23, 33, 23, 13, 11, 16, 15, 6, 13, 0)
s = 8: (0, 9, 27, 26, 27, 22, 12, 21, 15, 9, 16, 0)
s = 9: (0, 8, 27, 30, 12, 23, 16, 19, 18, 8, 20, 0)
s = 10: (0, 17, 12, 24, 24, 19, 15, 29, 19, 9, 19, 0)
s = 11: (0, 8, 16, 17, 15, 11, 15, 13, 16, 9, 26, 0)
s = 12: (0, 11, 14, 23, 15, 22, 16, 14, 18, 10, 15, 0)
s = 13: (0, 7, 15, 30, 16, 16, 10, 23, 18, 13, 20, 0)
s = 14: (0, 7, 18, 18, 15, 12, 18, 27, 15, 10, 36, 0)
s = 15: (0, 6, 18, 30, 24, 17, 20, 19, 13, 7, 25, 0)
s = 16: (0, 10, 17, 17, 18, 25, 13, 19, 9, 12, 25, 0)
s = 17: (0, 8, 25, 13, 16, 14, 19, 31, 17, 9, 18, 0)
s = 18: (0, 7, 12, 23, 18, 14, 18, 10, 14, 9, 14, 0)
s = 19: (0, 10, 24, 25, 20, 30, 13, 19, 11, 11, 27, 0)
s = 20: (0, 9, 18, 25, 20, 24, 12, 12, 9, 14, 18, 0)
s = 21: (0, 6, 16, 20, 16, 12, 20, 15, 17, 15, 17, 0)
s = 22: (0, 9, 11, 15, 26, 15, 17, 21, 16, 8, 20, 0)
s = 23: (0, 16, 28, 18, 16, 9, 19, 14, 22, 14, 13, 0)
s = 24: (0, 20, 15, 15, 15, 18, 11, 19, 20, 12, 18, 0)
s = 25: (0, 8, 11, 18, 16, 22, 20, 21, 16, 16, 16, 0)
s = 26: (0, 6, 10, 25, 14, 11, 17, 19, 10, 9, 27, 0)
s = 27: (0, 9, 14, 16, 17, 13, 11, 14, 20, 8, 27, 0)
s = 28: (0, 10, 21, 13, 25, 19, 12, 13, 17, 14, 12, 0)
s = 29: (0, 11, 17, 24, 21, 12, 16, 26, 19, 11, 29, 0)
s = 30: (0, 12, 14, 25, 14, 10, 15, 15, 17, 9, 20, 0)
s = 31: (0, 7, 17, 19, 15, 16, 18, 18, 12, 11, 22, 0)
s = 32: (0, 13, 15, 25, 10, 18, 14, 13, 12, 9, 19, 0)
s = 33: (0, 7, 12, 21, 14, 17, 22, 23, 19, 10, 20, 0)
s = 34: (0, 15, 13, 27, 19, 16, 15, 28, 9, 8, 19, 0)
s = 35: (0, 12, 15, 15, 23, 12, 16, 22, 14, 10, 17, 0)
s = 36: (0, 11, 25, 23, 16, 16, 10, 17, 16, 9, 27, 0)
s = 37: (0, 11, 13, 18, 13, 16, 25, 16, 12, 8, 15, 0)
s = 38: (0, 11, 11, 16, 19, 12, 14, 25, 15, 14, 19, 0)
s = 39: (0, 9, 16, 15, 21, 11, 18, 21, 19, 10, 22, 0)
s = 40: (0, 11, 19, 31, 18, 18, 13, 21, 14, 9, 15, 0)
s = 41: (0, 13, 13, 13, 17, 20, 15, 20, 13, 6, 21, 0)
s = 42: (0, 9, 28, 32, 17, 20, 21, 23, 14, 7, 33, 0)
s = 43: (0, 6, 13, 21, 12, 24, 19, 11, 15, 9, 23, 0)
s = 44: (0, 12, 11, 14, 15, 21, 20, 18, 18, 11, 14, 0)
s = 45: (0, 14, 21, 22, 29, 10, 15, 15, 12, 15, 12, 0)
s = 46: (0, 12, 12, 19, 17, 20, 14, 19, 14, 10, 21, 0)
s = 47: (0, 17, 20, 24, 16, 25, 11, 21, 12, 10, 13, 0)
s = 48: (0, 10, 15, 22, 17, 22, 13, 11, 11, 10, 25, 0)
s = 49: (0, 8, 24, 14, 33, 15, 14, 24, 17, 9, 32, 0)
s = 50: (0, 11, 12, 27, 19, 28, 18, 22, 18, 6, 16, 0)
s = 51: (0, 7, 15, 29, 12, 13, 15, 19, 16, 11, 29, 0)
s = 52: (0, 13, 16, 17, 16, 21, 19, 22, 17, 7, 22, 0)
s = 53: (0, 8, 20, 40, 27, 12, 12, 10, 18, 16, 14, 0)
s = 54: (0, 7, 14, 23, 14, 17, 12, 13, 19, 11, 33, 0)
s = 55: (0, 10, 18, 16, 17, 11, 13, 16, 12, 10, 20, 0)
s = 56: (0, 7, 23, 16, 12, 15, 10, 12, 19, 11, 21, 0)
s = 57: (0, 13, 13, 31, 18, 12, 20, 15, 25, 10, 22, 0)
s = 58: (0, 10, 11, 28, 11, 18, 12, 28, 11, 10, 16, 0)
s = 59: (0, 13, 21, 23, 12, 14, 15, 12, 9, 11, 15, 0)
s = 60: (0, 16, 12, 14, 21, 16, 13, 13, 16, 8, 24, 0)
s = 61: (0, 17, 14, 26, 12, 12, 15, 24, 22, 10, 24, 0)
s = 62: (0, 12, 24, 22, 11, 20, 12, 21, 18, 20, 21, 0)
s = 63: (0, 14, 12, 27, 20, 12, 26, 16, 14, 9, 15, 0)
s = 64: (0, 14, 13, 26, 12, 16, 13, 20, 16, 11, 17, 0)
s = 65: (0, 11, 17, 23, 13, 11, 10, 14, 10, 9, 23, 0)
s = 66: (0, 11, 18, 22, 16, 19, 16, 27, 8, 10, 15, 0)
s = 67: (0, 11, 19, 21, 22, 14, 12, 20, 13, 11, 24, 0)
s = 68: (0, 11, 13, 26, 17, 11, 11, 14, 20, 6, 15, 0)
s = 69: (0, 11, 11, 13, 14, 17, 11, 15, 18, 12, 26, 0)
s = 70: (0, 11, 15, 30, 21, 19, 18, 22, 12, 13, 19, 0)
s = 71: (0, 12, 22, 18, 13, 22, 23, 22, 18, 9, 31, 0)
s = 72: (0, 8, 19, 22, 17, 24, 18, 33, 15, 8, 16, 0)
s = 73: (0, 7, 12, 23, 16, 20, 13, 24, 17, 10, 29, 0)
s = 74: (0, 11, 16, 30, 15, 12, 14, 20, 14, 14, 18, 0)
s = 75: (0, 9, 22, 15, 19, 15, 15, 23, 10, 15, 16, 0)
s = 76: (0, 15, 12, 14, 21, 29, 17, 29, 18, 13, 13, 0)
s = 77: (0, 14, 15, 22, 26, 17, 20, 22, 27, 10, 21, 0)
s = 78: (0, 12, 16, 17, 27, 16, 14, 22, 16, 8, 26, 0)
s = 79: (0, 8, 14, 32, 14, 22, 10, 14, 14, 9, 16, 0)
s = 80: (0, 6, 20, 22, 19, 16, 11, 27, 15, 10, 19, 0)
s = 81: (0, 8, 20, 14, 21, 10, 15, 20, 11, 10, 22, 0)
s = 82: (0, 7, 14, 19, 19, 27, 14, 26, 10, 8, 26, 0)
s = 83: (0, 12, 17, 22, 12, 22, 13, 14, 10, 7, 30, 0)
s = 84: (0, 9, 29, 18, 22, 19, 11, 19, 21, 12, 22, 0)
s = 85: (0, 11, 20, 28, 15, 12, 13, 18, 12, 8, 26, 0)
s = 86: (0, 14, 10, 20, 15, 14, 9, 25, 21, 8, 16, 0)
s = 87: (0, 17, 17, 17, 16, 23, 18, 27, 14, 7, 20, 0)
s = 88: (0, 11, 12, 14, 10, 15, 14, 20, 10, 8, 19, 0)
s = 89: (0, 7, 15, 18, 25, 13, 16, 24, 9, 14, 20, 0)
s = 90: (0, 6, 16, 20, 12, 17, 9, 15, 16, 7, 18, 0)
s = 91: (0, 7, 24, 23, 17, 23, 24, 22, 13, 15, 16, 0)
s = 92: (0, 10, 14, 17, 11, 18, 26, 14, 9, 9, 17, 0)
s = 93: (0, 9, 9, 15, 17, 18, 18, 22, 14, 14, 20, 0)
s = 94: (0, 9, 14, 12, 21, 20, 24, 11, 16, 10, 17, 0)
s = 95: (0, 13, 13, 30, 12, 12, 17, 23, 11, 8, 14, 0)
s = 96: (0, 11, 14, 19, 27, 20, 25, 22, 10, 11, 28, 0)
s = 97: (0, 7, 20, 20, 11, 12, 26, 23, 13, 10, 23, 0)
s = 98: (0, 16, 19, 13, 23, 12, 15, 21, 17, 6, 16, 0)
s = 99: (0, 11, 19, 18, 24, 14, 13, 19, 11, 11, 17, 0)
s = 100: (0, 12, 13, 20, 15, 25, 12, 17, 14, 12, 20, 0)
s = 101: (0, 7, 25, 23, 19, 19, 16, 22, 13, 15, 19, 0)
s = 102: (0, 14, 19, 27, 20, 15, 17, 16, 24, 11, 23, 0)
s = 103: (0, 10, 21, 14, 12, 10, 13, 14, 13, 14, 19, 0)
s = 104: (0, 18, 16, 19, 15, 15, 22, 16, 18, 11, 19, 0)
s = 105: (0, 13, 13, 32, 18, 11, 12, 16, 12, 7, 22, 0)
s = 106: (0, 12, 30, 14, 18, 14, 11, 26, 12, 15, 22, 0)
s = 107: (0, 10, 18, 23, 12, 13, 11, 15, 23, 15, 14, 0)
s = 108: (0, 10, 14, 18, 22, 23, 12, 25, 12, 10, 26, 0)
s = 109: (0, 15, 15, 28, 13, 20, 10, 11, 17, 12, 17, 0)
s = 110: (0, 15, 14, 17, 21, 15, 13, 23, 18, 8, 25, 0)
s = 111: (0, 12, 20, 31, 25, 14, 26, 14, 15, 7, 17, 0)
s = 112: (0, 7, 27, 23, 21, 17, 14, 25, 8, 14, 29, 0)
s = 113: (0, 13, 12, 25, 11, 17, 16, 15, 11, 12, 18, 0)
s = 114: (0, 10, 12, 25, 26, 21, 13, 22, 10, 15, 27, 0)
s = 115: (0, 13, 19, 22, 15, 20, 20, 20, 13, 11, 30, 0)
s = 116: (0, 10, 10, 16, 18, 24, 18, 27, 11, 9, 18, 0)
s = 117: (0, 10, 17, 16, 11, 10, 17, 23, 17, 9, 23, 0)
s = 118: (0, 14, 23, 24, 26, 28, 17, 22, 20, 13, 22, 0)
s = 119: (0, 8, 18, 23, 14, 12, 21, 14, 13, 15, 23, 0)
s = 120: (0, 15, 11, 18, 16, 19, 17, 15, 10, 10, 15, 0)
s = 121: (0, 12, 11, 15, 17, 24, 24, 29, 11, 8, 28, 0)
s = 122: (0, 11, 10, 19, 18, 15, 14, 31, 24, 9, 26, 0)
s = 123: (0, 14, 22, 21, 11, 10, 12, 10, 22, 12, 27, 0)
s = 124: (0, 10, 10, 26, 18, 14, 14, 29, 13, 10, 14, 0)
s = 125: (0, 10, 21, 13, 27, 17, 13, 23, 10, 14, 24, 0)
s = 126: (0, 8, 12, 19, 11, 11, 15, 16, 11, 12, 23, 0)
s = 127: (0, 9, 27, 16, 26, 12, 13, 13, 15, 10, 20, 0)
s = 128: (0, 8, 14, 15, 18, 19, 12, 14, 16, 10, 18, 0)
s = 129: (0, 15, 14, 23, 22, 22, 16, 20, 14, 11, 21, 0)
s = 130: (0, 11, 15, 34, 16, 18, 20, 19, 15, 10, 23, 0)
s = 131: (0, 10, 13, 21, 18, 10, 15, 12, 14, 8, 17, 0)
s = 132: (0, 7, 13, 26, 15, 20, 15, 20, 12, 10, 31, 0)
s = 133: (0, 10, 11, 13, 13, 25, 12, 23, 21, 12, 25, 0)
s = 134: (0, 9, 9, 19, 16, 23, 13, 20, 13, 14, 25, 0)
s = 135: (0, 10, 21, 12, 15, 17, 25, 12, 19, 14, 21, 0)
s = 136: (0, 8, 16, 14, 17, 17, 12, 20, 13, 7, 11, 0)
s = 137: (0, 8, 13, 12, 22, 17, 20, 21, 12, 13, 20, 0)
s = 138: (0, 8, 14, 17, 20, 11, 20, 19, 11, 8, 15, 0)
s = 139: (0, 19, 17, 29, 10, 13, 23, 26, 14, 10, 21, 0)
s = 140: (0, 11, 12, 15, 19, 12, 19, 14, 9, 9, 27, 0)
s = 141: (0, 14, 15, 21, 21, 12, 18, 26, 20, 14, 24, 0)
s = 142: (0, 9, 14, 28, 20, 16, 12, 12, 17, 7, 25, 0)
s = 143: (0, 15, 18, 13, 20, 10, 17, 14, 22, 16, 15, 0)
s = 144: (0, 9, 18, 31, 29, 14, 18, 17, 14, 8, 19, 0)
s = 145: (0, 7, 19, 19, 23, 10, 16, 17, 10, 20, 18, 0)
s = 146: (0, 8, 11, 18, 22, 17, 9, 21, 18, 11, 19, 0)
s = 147: (0, 13, 13, 32, 11, 22, 19, 12, 16, 8, 19, 0)
s = 148: (0, 7, 12, 23, 17, 18, 13, 13, 11, 13, 27, 0)
s = 149: (0, 10, 12, 12, 33, 15, 12, 25, 11, 12, 18, 0)
s = 150: (0, 12, 15, 27, 29, 24, 11, 16, 11, 10, 24, 0)
s = 151: (0, 10, 17, 14, 18, 12, 14, 21, 11, 11, 21, 0)
s = 152: (0, 10, 16, 25, 20, 22, 13, 20, 11, 10, 19, 0)
s = 153: (0, 11, 20, 28, 25, 15, 24, 16, 16, 13, 34, 0)
s = 154: (0, 7, 26, 27, 18, 13, 14, 13, 11, 10, 33, 0)
s = 155: (0, 9, 24, 22, 37, 10, 15, 19, 21, 7, 15, 0)
s = 156: (0, 12, 24, 29, 19, 24, 10, 21, 15, 10, 26, 0)
s = 157: (0, 10, 24, 22, 19, 17, 17, 17, 17, 16, 12, 0)
s = 158: (0, 15, 14, 20, 23, 13, 13, 17, 22, 9, 22, 0)
s = 159: (0, 8, 23, 18, 24, 18, 21, 22, 23, 7, 26, 0)
s = 160: (0, 7, 11, 26, 10, 26, 19, 26, 17, 13, 27, 0)
s = 161: (0, 11, 20, 20, 20, 11, 17, 16, 15, 13, 13, 0)
s = 162: (0, 8, 9, 14, 14, 12, 12, 16, 12, 10, 18, 0)
s = 163: (0, 10, 13, 18, 13, 18, 17, 22, 12, 13, 29, 0)
s = 164: (0, 10, 22, 21, 15, 13, 12, 17, 11, 11, 13, 0)
s = 165: (0, 14, 20, 15, 17, 21, 17, 20, 13, 10, 15, 0)
s = 166: (0, 8, 29, 12, 24, 15, 13, 15, 11, 8, 15, 0)
s = 167: (0, 6, 17, 21, 17, 20, 18, 12, 16, 9, 20, 0)
s = 168: (0, 13, 11, 15, 21, 21, 14, 20, 16, 11, 21, 0)
s = 169: (0, 10, 14, 15, 30, 20, 17, 28, 20, 13, 12, 0)
s = 170: (0, 9, 13, 20, 19, 11, 16, 19, 10, 6, 20, 0)
s = 171: (0, 8, 23, 23, 18, 23, 17, 24, 12, 10, 15, 0)
s = 172: (0, 13, 17, 26, 10, 14, 22, 10, 18, 8, 16, 0)
s = 173: (0, 10, 16, 18, 22, 19, 16, 14, 16, 13, 28, 0)
s = 174: (0, 12, 16, 18, 13, 16, 22, 13, 17, 8, 22, 0)
s = 175: (0, 11, 14, 18, 20, 17, 18, 14, 19, 8, 20, 0)
s = 176: (0, 12, 20, 25, 12, 18, 11, 21, 23, 7, 24, 0)
s = 177: (0, 7, 25, 20, 21, 13, 11, 23, 25, 10, 26, 0)
s = 178: (0, 13, 13, 19, 19, 15, 16, 22, 12, 9, 21, 0)
s = 179: (0, 15, 32, 20, 19, 22, 16, 14, 21, 14, 21, 0)
s = 180: (0, 10, 28, 28, 15, 12, 9, 20, 9, 9, 21, 0)
s = 181: (0, 12, 23, 18, 17, 11, 18, 17, 24, 14, 23, 0)
s = 182: (0, 7, 22, 12, 28, 23, 19, 11, 8, 16, 32, 0)
s = 183: (0, 13, 16, 19, 22, 14, 23, 23, 14, 8, 25, 0)
s = 184: (0, 7, 21, 20, 17, 16, 24, 31, 20, 9, 21, 0)
s = 185: (0, 12, 18, 20, 19, 13, 16, 12, 11, 6, 28, 0)
s = 186: (0, 9, 16, 34, 19, 17, 11, 14, 13, 8, 27, 0)
s = 187: (0, 12, 12, 31, 19, 9, 24, 15, 9, 10, 28, 0)
s = 188: (0, 15, 24, 35, 20, 20, 13, 12, 17, 13, 13, 0)
s = 189: (0, 9, 18, 19, 27, 14, 18, 19, 11, 11, 16, 0)
s = 190: (0, 14, 15, 17, 15, 18, 15, 19, 15, 7, 28, 0)
s = 191: (0, 9, 12, 24, 10, 10, 11, 15, 13, 11, 31, 0)
s = 192: (0, 12, 17, 14, 12, 26, 16, 26, 12, 12, 33, 0)
s = 193: (0, 6, 21, 32, 28, 19, 16, 24, 14, 9, 24, 0)
s = 194: (0, 11, 10, 21, 14, 14, 19, 13, 8, 8, 15, 0)
s = 195: (0, 8, 26, 24, 15, 11, 22, 18, 21, 13, 17, 0)
s = 196: (0, 9, 9, 16, 26, 17, 17, 20, 10, 12, 23, 0)
s = 197: (0, 11, 12, 20, 17, 13, 13, 22, 14, 7, 19, 0)
s = 198: (0, 10, 14, 30, 23, 16, 19, 17, 14, 6, 20, 0)
s = 199: (0, 6, 13, 28, 16, 17, 20, 25, 19, 14, 12, 0)
s = 200: (0, 7, 14, 24, 21, 14, 13, 16, 13, 9, 34, 0)
------------------------------------------------------------------------
RESOURCE k = 3
s = 1: (0, 9, 12, 17, 6, 10, 23, 16, 16, 16, 21, 0)
s = 2: (0, 6, 13, 19, 4, 9, 28, 15, 19, 13, 23, 0)
s = 3: (0, 7, 10, 37, 4, 10, 38, 12, 13, 18, 24, 0)
s = 4: (0, 7, 9, 20, 3, 18, 57, 16, 12, 11, 35, 0)
s = 5: (0, 10, 8, 24, 4, 16, 35, 16, 12, 13, 47, 0)
s = 6: (0, 11, 7, 26, 5, 11, 43, 9, 24, 9, 20, 0)
s = 7: (0, 8, 14, 43, 5, 12, 26, 11, 21, 7, 22, 0)
s = 8: (0, 6, 17, 33, 6, 20, 30, 14, 22, 10, 27, 0)
s = 9: (0, 6, 17, 38, 3, 20, 39, 13, 25, 10, 34, 0)
s = 10: (0, 12, 8, 30, 6, 17, 38, 19, 26, 11, 33, 0)
s = 11: (0, 6, 10, 22, 4, 10, 37, 9, 23, 11, 45, 0)
s = 12: (0, 8, 9, 29, 4, 19, 40, 9, 26, 12, 26, 0)
s = 13: (0, 5, 9, 38, 4, 14, 25, 16, 26, 16, 34, 0)
s = 14: (0, 5, 11, 23, 4, 11, 44, 18, 21, 12, 63, 0)
s = 15: (0, 4, 12, 39, 6, 15, 49, 13, 18, 8, 43, 0)
s = 16: (0, 7, 11, 21, 4, 22, 31, 13, 12, 14, 44, 0)
s = 17: (0, 6, 16, 17, 4, 13, 47, 21, 24, 11, 31, 0)
s = 18: (0, 5, 7, 29, 4, 12, 45, 7, 20, 11, 23, 0)
s = 19: (0, 7, 15, 32, 5, 27, 32, 13, 16, 13, 47, 0)
s = 20: (0, 6, 11, 32, 5, 21, 28, 8, 12, 16, 32, 0)
s = 21: (0, 5, 10, 26, 4, 11, 50, 10, 24, 17, 30, 0)
s = 22: (0, 7, 7, 20, 6, 13, 41, 14, 23, 9, 35, 0)
s = 23: (0, 11, 18, 23, 4, 8, 48, 9, 31, 16, 22, 0)
s = 24: (0, 14, 10, 19, 4, 16, 27, 13, 29, 14, 32, 0)
s = 25: (0, 6, 7, 23, 4, 19, 49, 14, 23, 19, 27, 0)
s = 26: (0, 5, 6, 32, 3, 10, 42, 13, 13, 11, 47, 0)
s = 27: (0, 7, 9, 21, 4, 12, 26, 9, 29, 10, 46, 0)
s = 28: (0, 7, 13, 16, 6, 17, 29, 9, 25, 17, 21, 0)
s = 29: (0, 8, 11, 31, 5, 11, 39, 18, 26, 14, 51, 0)
s = 30: (0, 9, 9, 32, 3, 9, 36, 10, 24, 10, 34, 0)
s = 31: (0, 5, 11, 25, 4, 14, 45, 12, 16, 13, 38, 0)
s = 32: (0, 9, 10, 33, 3, 15, 35, 9, 17, 11, 34, 0)
s = 33: (0, 5, 8, 27, 3, 15, 54, 16, 27, 12, 34, 0)
s = 34: (0, 10, 8, 34, 5, 14, 36, 19, 12, 10, 32, 0)
s = 35: (0, 8, 10, 19, 6, 11, 39, 15, 20, 12, 30, 0)
s = 36: (0, 8, 16, 29, 4, 14, 23, 11, 22, 10, 46, 0)
s = 37: (0, 8, 8, 23, 3, 14, 61, 11, 17, 10, 26, 0)
s = 38: (0, 8, 7, 21, 5, 11, 33, 17, 21, 16, 33, 0)
s = 39: (0, 7, 10, 20, 5, 10, 45, 14, 27, 12, 39, 0)
s = 40: (0, 8, 12, 39, 4, 16, 31, 14, 20, 11, 26, 0)
s = 41: (0, 10, 8, 17, 4, 17, 36, 13, 19, 7, 36, 0)
s = 42: (0, 7, 18, 41, 4, 18, 51, 15, 20, 9, 57, 0)
s = 43: (0, 5, 8, 27, 3, 21, 46, 8, 21, 11, 40, 0)
s = 44: (0, 8, 7, 18, 4, 18, 50, 12, 25, 13, 24, 0)
s = 45: (0, 10, 13, 29, 7, 8, 37, 10, 16, 17, 21, 0)
s = 46: (0, 9, 8, 25, 4, 18, 35, 13, 20, 12, 37, 0)
s = 47: (0, 12, 13, 30, 4, 22, 26, 14, 17, 12, 22, 0)
s = 48: (0, 7, 10, 28, 4, 20, 32, 7, 15, 12, 43, 0)
s = 49: (0, 5, 15, 17, 8, 13, 35, 16, 25, 11, 56, 0)
s = 50: (0, 8, 8, 35, 5, 25, 44, 15, 25, 7, 27, 0)
s = 51: (0, 5, 9, 38, 3, 11, 36, 13, 22, 13, 50, 0)
s = 52: (0, 9, 10, 22, 4, 18, 47, 15, 24, 9, 37, 0)
s = 53: (0, 6, 12, 51, 6, 10, 30, 7, 26, 19, 25, 0)
s = 54: (0, 5, 9, 30, 3, 15, 30, 9, 27, 14, 57, 0)
s = 55: (0, 7, 11, 20, 4, 10, 31, 11, 17, 12, 34, 0)
s = 56: (0, 5, 14, 21, 3, 13, 24, 8, 26, 13, 37, 0)
s = 57: (0, 9, 8, 40, 4, 11, 50, 10, 36, 12, 38, 0)
s = 58: (0, 7, 7, 36, 3, 15, 30, 19, 16, 12, 27, 0)
s = 59: (0, 9, 13, 29, 3, 13, 37, 8, 13, 13, 26, 0)
s = 60: (0, 12, 8, 18, 5, 14, 32, 9, 23, 9, 41, 0)
s = 61: (0, 12, 9, 33, 3, 11, 37, 16, 31, 12, 42, 0)
s = 62: (0, 9, 15, 28, 3, 18, 30, 14, 26, 24, 36, 0)
s = 63: (0, 10, 7, 35, 5, 11, 65, 11, 20, 11, 26, 0)
s = 64: (0, 10, 9, 33, 3, 14, 31, 13, 22, 13, 29, 0)
s = 65: (0, 8, 11, 29, 3, 10, 25, 10, 14, 11, 40, 0)
s = 66: (0, 8, 12, 28, 4, 17, 39, 18, 12, 11, 27, 0)
s = 67: (0, 8, 12, 27, 5, 12, 29, 13, 19, 13, 42, 0)
s = 68: (0, 8, 8, 34, 4, 10, 27, 10, 29, 7, 26, 0)
s = 69: (0, 8, 7, 17, 4, 15, 28, 10, 26, 15, 45, 0)
s = 70: (0, 8, 9, 39, 5, 16, 43, 15, 18, 15, 34, 0)
s = 71: (0, 8, 14, 23, 3, 19, 56, 15, 25, 10, 53, 0)
s = 72: (0, 6, 12, 28, 4, 21, 44, 22, 21, 9, 28, 0)
s = 73: (0, 5, 8, 29, 4, 18, 31, 16, 24, 12, 50, 0)
s = 74: (0, 8, 10, 38, 4, 11, 34, 14, 19, 17, 31, 0)
s = 75: (0, 6, 14, 19, 5, 14, 37, 16, 14, 18, 28, 0)
s = 76: (0, 11, 8, 18, 5, 25, 42, 20, 26, 16, 23, 0)
s = 77: (0, 10, 10, 29, 6, 15, 50, 15, 38, 12, 37, 0)
s = 78: (0, 9, 10, 22, 6, 14, 33, 15, 22, 10, 45, 0)
s = 79: (0, 6, 9, 41, 3, 19, 24, 10, 20, 11, 27, 0)
s = 80: (0, 4, 13, 28, 5, 14, 26, 18, 21, 11, 33, 0)
s = 81: (0, 5, 13, 18, 5, 9, 36, 14, 15, 11, 39, 0)
s = 82: (0, 5, 9, 24, 5, 24, 35, 18, 14, 10, 45, 0)
s = 83: (0, 8, 11, 28, 3, 19, 31, 9, 14, 9, 52, 0)
s = 84: (0, 7, 18, 24, 5, 17, 26, 13, 29, 14, 38, 0)
s = 85: (0, 8, 13, 35, 4, 11, 31, 12, 17, 10, 45, 0)
s = 86: (0, 10, 6, 26, 4, 13, 23, 17, 29, 10, 28, 0)
s = 87: (0, 12, 11, 22, 4, 20, 44, 18, 20, 8, 35, 0)
s = 88: (0, 8, 7, 17, 3, 13, 33, 13, 14, 10, 34, 0)
s = 89: (0, 5, 10, 23, 6, 11, 40, 16, 13, 16, 34, 0)
s = 90: (0, 4, 10, 25, 3, 15, 23, 10, 22, 9, 31, 0)
s = 91: (0, 5, 15, 30, 4, 20, 60, 15, 19, 17, 27, 0)
s = 92: (0, 7, 9, 22, 3, 16, 64, 9, 13, 11, 29, 0)
s = 93: (0, 6, 6, 19, 4, 16, 45, 15, 20, 16, 35, 0)
s = 94: (0, 6, 9, 15, 5, 18, 59, 7, 22, 12, 29, 0)
s = 95: (0, 9, 8, 38, 3, 11, 42, 15, 15, 10, 25, 0)
s = 96: (0, 8, 9, 24, 6, 17, 61, 15, 14, 13, 49, 0)
s = 97: (0, 5, 12, 25, 3, 11, 65, 15, 19, 12, 40, 0)
s = 98: (0, 12, 12, 16, 5, 11, 36, 14, 24, 7, 27, 0)
s = 99: (0, 8, 12, 23, 6, 12, 31, 13, 15, 13, 30, 0)
s = 100: (0, 9, 8, 25, 4, 22, 29, 11, 19, 15, 35, 0)
s = 101: (0, 5, 16, 30, 5, 17, 40, 15, 19, 17, 33, 0)
s = 102: (0, 10, 12, 35, 5, 13, 41, 11, 34, 13, 40, 0)
s = 103: (0, 7, 13, 18, 3, 9, 32, 10, 18, 17, 33, 0)
s = 104: (0, 12, 10, 25, 4, 14, 54, 11, 25, 13, 34, 0)
s = 105: (0, 9, 8, 41, 4, 10, 29, 11, 17, 8, 39, 0)
s = 106: (0, 9, 19, 18, 4, 12, 26, 17, 17, 18, 38, 0)
s = 107: (0, 7, 11, 30, 3, 12, 27, 10, 33, 18, 23, 0)
s = 108: (0, 7, 9, 23, 5, 20, 30, 17, 17, 12, 45, 0)
s = 109: (0, 10, 10, 36, 3, 18, 24, 8, 24, 14, 30, 0)
s = 110: (0, 11, 9, 21, 5, 13, 33, 16, 26, 9, 44, 0)
s = 111: (0, 8, 13, 39, 6, 12, 65, 9, 21, 8, 30, 0)
s = 112: (0, 5, 17, 29, 5, 15, 34, 17, 11, 17, 50, 0)
s = 113: (0, 10, 8, 32, 3, 15, 40, 10, 15, 14, 31, 0)
s = 114: (0, 7, 7, 32, 6, 19, 32, 15, 15, 18, 47, 0)
s = 115: (0, 9, 12, 28, 4, 17, 50, 13, 18, 13, 51, 0)
s = 116: (0, 7, 7, 20, 4, 21, 43, 18, 15, 11, 32, 0)
s = 117: (0, 7, 11, 21, 3, 9, 41, 15, 24, 10, 40, 0)
s = 118: (0, 10, 15, 30, 6, 25, 41, 15, 29, 15, 38, 0)
s = 119: (0, 6, 11, 30, 3, 11, 52, 9, 18, 18, 39, 0)
s = 120: (0, 10, 7, 23, 4, 17, 41, 10, 15, 12, 25, 0)
s = 121: (0, 9, 7, 19, 4, 21, 58, 19, 16, 10, 49, 0)
s = 122: (0, 8, 6, 24, 4, 13, 34, 21, 34, 11, 45, 0)
s = 123: (0, 10, 14, 27, 3, 8, 30, 7, 31, 14, 47, 0)
s = 124: (0, 7, 6, 33, 4, 12, 34, 19, 18, 12, 24, 0)
s = 125: (0, 7, 13, 17, 6, 15, 33, 15, 14, 17, 42, 0)
s = 126: (0, 6, 8, 24, 3, 10, 37, 11, 16, 14, 39, 0)
s = 127: (0, 6, 17, 20, 6, 10, 32, 9, 21, 11, 35, 0)
s = 128: (0, 6, 9, 19, 4, 17, 30, 10, 23, 12, 32, 0)
s = 129: (0, 11, 9, 29, 5, 20, 39, 13, 20, 13, 37, 0)
s = 130: (0, 8, 10, 44, 4, 16, 49, 13, 22, 12, 40, 0)
s = 131: (0, 7, 8, 27, 4, 9, 36, 8, 20, 9, 29, 0)
s = 132: (0, 5, 8, 34, 4, 17, 37, 14, 17, 12, 53, 0)
s = 133: (0, 7, 7, 17, 3, 22, 29, 15, 29, 14, 44, 0)
s = 134: (0, 6, 6, 24, 4, 20, 31, 14, 19, 16, 43, 0)
s = 135: (0, 7, 13, 16, 4, 15, 61, 8, 27, 17, 36, 0)
s = 136: (0, 6, 10, 18, 4, 15, 30, 14, 18, 9, 20, 0)
s = 137: (0, 6, 8, 15, 5, 15, 50, 14, 17, 15, 35, 0)
s = 138: (0, 5, 9, 22, 5, 9, 49, 13, 16, 9, 25, 0)
s = 139: (0, 13, 11, 37, 3, 11, 58, 18, 19, 12, 36, 0)
s = 140: (0, 8, 8, 19, 5, 11, 47, 9, 13, 10, 47, 0)
s = 141: (0, 10, 10, 27, 5, 11, 44, 18, 28, 16, 42, 0)
s = 142: (0, 7, 9, 35, 5, 14, 30, 8, 24, 8, 43, 0)
s = 143: (0, 11, 11, 17, 5, 9, 41, 9, 31, 19, 25, 0)
s = 144: (0, 7, 11, 39, 7, 12, 43, 11, 19, 9, 33, 0)
s = 145: (0, 5, 12, 24, 5, 9, 40, 12, 14, 24, 31, 0)
s = 146: (0, 6, 7, 23, 5, 15, 22, 14, 25, 14, 34, 0)
s = 147: (0, 10, 8, 41, 3, 20, 46, 8, 23, 9, 32, 0)
s = 148: (0, 5, 8, 29, 4, 16, 31, 9, 16, 16, 46, 0)
s = 149: (0, 7, 8, 15, 8, 13, 28, 17, 15, 14, 31, 0)
s = 150: (0, 8, 9, 35, 7, 21, 26, 11, 15, 12, 42, 0)
s = 151: (0, 7, 11, 18, 4, 11, 34, 14, 16, 13, 36, 0)
s = 152: (0, 7, 10, 32, 5, 19, 31, 13, 15, 12, 33, 0)
s = 153: (0, 8, 13, 36, 6, 13, 59, 11, 22, 15, 58, 0)
s = 154: (0, 5, 16, 35, 4, 12, 34, 9, 15, 12, 57, 0)
s = 155: (0, 7, 15, 28, 9, 9, 37, 13, 30, 9, 26, 0)
s = 156: (0, 8, 15, 38, 5, 21, 23, 14, 22, 12, 45, 0)
s = 157: (0, 7, 15, 29, 5, 15, 42, 12, 25, 19, 21, 0)
s = 158: (0, 11, 9, 26, 5, 11, 32, 12, 31, 11, 37, 0)
s = 159: (0, 5, 14, 23, 6, 16, 53, 15, 32, 8, 45, 0)
s = 160: (0, 5, 7, 33, 3, 23, 46, 18, 24, 15, 47, 0)
s = 161: (0, 8, 13, 26, 5, 10, 41, 11, 21, 16, 22, 0)
s = 162: (0, 6, 6, 18, 4, 11, 30, 11, 17, 12, 31, 0)
s = 163: (0, 7, 8, 23, 3, 16, 42, 15, 17, 16, 51, 0)
s = 164: (0, 7, 14, 27, 4, 11, 28, 11, 15, 13, 23, 0)
s = 165: (0, 10, 12, 19, 4, 18, 43, 13, 19, 12, 26, 0)
s = 166: (0, 6, 18, 16, 6, 13, 31, 10, 15, 10, 25, 0)
s = 167: (0, 4, 11, 27, 4, 18, 45, 8, 23, 11, 34, 0)
s = 168: (0, 9, 7, 20, 5, 19, 34, 14, 23, 13, 36, 0)
s = 169: (0, 7, 9, 20, 7, 17, 42, 19, 29, 15, 21, 0)
s = 170: (0, 7, 8, 26, 5, 10, 40, 13, 14, 8, 34, 0)
s = 171: (0, 6, 14, 29, 4, 20, 41, 16, 17, 12, 26, 0)
s = 172: (0, 9, 11, 33, 3, 13, 55, 7, 26, 9, 28, 0)
s = 173: (0, 7, 10, 23, 5, 17, 40, 10, 23, 15, 49, 0)
s = 174: (0, 9, 10, 23, 3, 14, 54, 9, 24, 10, 38, 0)
s = 175: (0, 8, 9, 23, 5, 15, 43, 9, 26, 9, 35, 0)
s = 176: (0, 8, 13, 31, 3, 16, 27, 14, 33, 8, 41, 0)
s = 177: (0, 5, 16, 26, 5, 12, 27, 15, 36, 12, 45, 0)
s = 178: (0, 9, 9, 24, 5, 13, 40, 15, 17, 10, 36, 0)
s = 179: (0, 11, 20, 25, 5, 20, 39, 10, 30, 17, 37, 0)
s = 180: (0, 7, 18, 36, 4, 11, 23, 14, 13, 10, 36, 0)
s = 181: (0, 9, 14, 23, 4, 10, 43, 11, 34, 17, 39, 0)
s = 182: (0, 5, 14, 15, 7, 20, 48, 8, 12, 19, 55, 0)
s = 183: (0, 9, 10, 25, 5, 12, 56, 15, 20, 9, 43, 0)
s = 184: (0, 5, 13, 26, 4, 14, 59, 21, 28, 11, 36, 0)
s = 185: (0, 8, 11, 25, 5, 12, 40, 8, 15, 8, 48, 0)
s = 186: (0, 6, 10, 43, 5, 15, 26, 9, 18, 10, 47, 0)
s = 187: (0, 9, 8, 39, 5, 8, 58, 10, 13, 12, 48, 0)
s = 188: (0, 11, 15, 45, 5, 17, 31, 8, 24, 15, 23, 0)
s = 189: (0, 7, 12, 25, 6, 12, 45, 13, 16, 13, 28, 0)
s = 190: (0, 10, 10, 22, 4, 16, 36, 13, 22, 9, 49, 0)
s = 191: (0, 7, 8, 30, 3, 9, 27, 10, 19, 13, 53, 0)
s = 192: (0, 9, 11, 18, 3, 22, 39, 18, 17, 15, 57, 0)
s = 193: (0, 5, 13, 41, 7, 16, 40, 16, 20, 11, 41, 0)
s = 194: (0, 8, 6, 27, 4, 12, 46, 9, 12, 9, 26, 0)
s = 195: (0, 6, 16, 30, 4, 9, 53, 12, 30, 15, 29, 0)
s = 196: (0, 7, 6, 20, 6, 15, 41, 13, 14, 14, 40, 0)
s = 197: (0, 8, 7, 25, 4, 11, 31, 15, 19, 8, 32, 0)
s = 198: (0, 7, 9, 38, 5, 14, 47, 11, 20, 7, 34, 0)
s = 199: (0, 4, 9, 36, 4, 15, 50, 17, 27, 16, 21, 0)
s = 200: (0, 5, 9, 31, 5, 12, 31, 11, 18, 10, 60, 0)
************************************************************************
ES/LS-VALUES:
jobnr.   ES(i)    LS(i)
------------------------------------------------------------------------
  0        0        0
  1        0       63
  2        0       58
  3        0       61
  4        4       62
  5        2       65
  6        6       69
  7        8       67
  8       11       76
  9       12       76
 10       11       71
 11       20       80
************************************************************************
BIG-M-VALUES:
M1 = 48, M2 = 155
************************************************************************
