************************************************************************
file with basedata            : mm58_.bas
initial value random generator: 367020778
************************************************************************
projects                      :  1
jobs (incl. supersource/sink ):  12
horizon                       :  71
RESOURCES
  - renewable                 :  2   R
  - nonrenewable              :  2   N
  - doubly constrained        :  0   D
************************************************************************
PROJECT INFORMATION:
pronr.  #jobs rel.date duedate tardcost  MPM-Time
    1     10      0       14        2       14
************************************************************************
PRECEDENCE RELATIONS:
jobnr.    #modes  #successors   successors
   0        1          3           1   2   3
   1        3          2           4   7
   2        3          2           6  10
   3        3          2           5   9
   4        3          1           6
   5        3          2           8  10
   6        3          2           8   9
   7        3          1           9
   8        3          1          11
   9        3          1          11
  10        3          1          11
  11        1          0        
************************************************************************
REQUESTS/DURATIONS:
jobnr. mode duration  R 1  R 2  R 3  R 4  E(W 1)  E(W 2)  E(W 3)
------------------------------------------------------------------------
  0      1     0       0    0    0    0     0       0       0
  1      1     4       5    5    0    4    40       0      16
  2      1     9       7   10    7    0    153      63       0
  3      1     1       8    6    0    5    14       0       5
  4      1     1      10    7    0    8    17       0       8
  5      1     2       6    4    0    6    20       0      12
  6      1     3       5    5    6    0    30      18       0
  7      1     6       5   10    0    7    90       0      42
  8      1     1       7    9    5    0    16       5       0
  9      1     2       9    3    9    0    24      18       0
 10      1     2       5   10    3    0    30       6       0
 11      1     0       0    0    0    0     0       0       0
************************************************************************
RESOURCEAVAILABILITIES:
  R 1  R 2  R 3
   49   34   23
************************************************************************
RESOURCE LIMITS:
jobnr.  l(R 1)  u(R 1)  l(R 2)  u(R 2)  l(R 3)  u(R 3)
------------------------------------------------------------------------
  0        0       0       0       0       0       0
  1        6      10       0       0       2       4
  2        9      17       4       7       0       0
  3        7      14       0       0       3       5
  4        9      17       0       0       4       8
  5        5      10       0       0       3       6
  6        6      10       3       6       0       0
  7        8      15       0       0       4       7
  8        9      16       3       5       0       0
  9        7      12       5       9       0       0
 10        8      15       2       3       0       0
 11        0       0       0       0       0       0
************************************************************************
SCENARIOS:
------------------------------------------------------------------------
RESOURCE k = 1
s = 1: (0, 43, 135, 16, 14, 29, 28, 81, 11, 27, 26, 0)
s = 2: (0, 25, 140, 10, 16, 30, 20, 63, 18, 20, 34, 0)
s = 3: (0, 55, 116, 23, 20, 24, 36, 119, 16, 23, 21, 0)
s = 4: (0, 42, 169, 8, 15, 26, 16, 66, 13, 24, 36, 0)
s = 5: (0, 27, 149, 17, 10, 23, 24, 95, 25, 36, 20, 0)
s = 6: (0, 56, 169, 17, 14, 28, 26, 80, 17, 23, 41, 0)
s = 7: (0, 60, 194, 20, 11, 14, 25, 51, 17, 21, 27, 0)
s = 8: (0, 58, 95, 13, 24, 22, 37, 141, 21, 17, 21, 0)
s = 9: (0, 48, 126, 19, 12, 20, 24, 82, 15, 30, 43, 0)
s = 10: (0, 47, 123, 13, 18, 19, 30, 59, 20, 18, 22, 0)
s = 11: (0, 37, 94, 11, 19, 22, 31, 169, 21, 17, 23, 0)
s = 12: (0, 34, 158, 14, 10, 11, 23, 102, 16, 20, 19, 0)
s = 13: (0, 36, 174, 14, 15, 34, 25, 89, 15, 22, 36, 0)
s = 14: (0, 37, 135, 9, 25, 27, 33, 105, 15, 25, 21, 0)
s = 15: (0, 32, 197, 13, 15, 18, 35, 69, 17, 20, 20, 0)
s = 16: (0, 45, 90, 13, 13, 17, 31, 83, 19, 25, 25, 0)
s = 17: (0, 36, 138, 9, 24, 25, 23, 94, 25, 32, 34, 0)
s = 18: (0, 49, 143, 14, 18, 21, 22, 130, 17, 21, 21, 0)
s = 19: (0, 30, 136, 14, 15, 23, 31, 169, 19, 15, 22, 0)
s = 20: (0, 45, 135, 12, 14, 25, 32, 141, 16, 21, 35, 0)
s = 21: (0, 64, 111, 15, 15, 16, 23, 109, 30, 25, 24, 0)
s = 22: (0, 22, 101, 21, 17, 34, 37, 111, 13, 17, 31, 0)
s = 23: (0, 42, 139, 25, 26, 25, 33, 124, 18, 22, 24, 0)
s = 24: (0, 50, 143, 18, 18, 20, 31, 108, 16, 26, 29, 0)
s = 25: (0, 54, 215, 14, 17, 21, 37, 67, 26, 33, 37, 0)
s = 26: (0, 56, 247, 12, 20, 22, 28, 89, 21, 28, 35, 0)
s = 27: (0, 35, 179, 13, 19, 20, 23, 85, 11, 21, 23, 0)
s = 28: (0, 27, 119, 15, 15, 23, 32, 144, 10, 37, 40, 0)
s = 29: (0, 23, 146, 12, 19, 23, 40, 91, 19, 30, 38, 0)
s = 30: (0, 50, 138, 16, 10, 14, 28, 79, 13, 18, 24, 0)
s = 31: (0, 54, 122, 10, 16, 20, 45, 106, 11, 21, 17, 0)
s = 32: (0, 31, 89, 13, 19, 18, 32, 159, 11, 15, 40, 0)
s = 33: (0, 33, 94, 11, 30, 25, 22, 67, 19, 26, 35, 0)
s = 34: (0, 45, 164, 11, 19, 17, 24, 104, 24, 34, 21, 0)
s = 35: (0, 68, 97, 9, 10, 16, 34, 65, 11, 36, 45, 0)
s = 36: (0, 32, 168, 18, 29, 25, 21, 75, 19, 35, 25, 0)
s = 37: (0, 44, 140, 18, 27, 24, 18, 92, 9, 17, 20, 0)
s = 38: (0, 40, 81, 14, 13, 18, 44, 95, 16, 18, 21, 0)
s = 39: (0, 42, 142, 8, 14, 26, 16, 121, 25, 15, 25, 0)
s = 40: (0, 24, 271, 11, 14, 20, 20, 146, 20, 21, 38, 0)
s = 41: (0, 34, 155, 13, 16, 15, 38, 64, 23, 27, 44, 0)
s = 42: (0, 39, 116, 19, 13, 17, 35, 94, 15, 34, 28, 0)
s = 43: (0, 50, 126, 15, 16, 24, 33, 71, 24, 28, 23, 0)
s = 44: (0, 44, 156, 13, 25, 23, 31, 54, 16, 23, 17, 0)
s = 45: (0, 50, 92, 18, 18, 24, 24, 95, 15, 33, 30, 0)
s = 46: (0, 44, 123, 15, 18, 25, 21, 49, 16, 16, 41, 0)
s = 47: (0, 58, 217, 16, 16, 16, 20, 83, 11, 26, 37, 0)
s = 48: (0, 27, 126, 12, 20, 17, 34, 78, 24, 31, 35, 0)
s = 49: (0, 35, 138, 16, 11, 24, 24, 63, 10, 16, 26, 0)
s = 50: (0, 55, 113, 11, 13, 16, 18, 92, 19, 16, 33, 0)
s = 51: (0, 54, 137, 14, 18, 13, 30, 103, 11, 24, 23, 0)
s = 52: (0, 25, 111, 9, 14, 24, 51, 80, 22, 25, 39, 0)
s = 53: (0, 56, 179, 20, 16, 16, 37, 83, 21, 38, 26, 0)
s = 54: (0, 48, 154, 17, 23, 24, 35, 85, 14, 20, 33, 0)
s = 55: (0, 42, 258, 12, 12, 11, 22, 146, 12, 14, 28, 0)
s = 56: (0, 34, 153, 10, 24, 23, 31, 83, 11, 27, 25, 0)
s = 57: (0, 25, 220, 17, 18, 15, 37, 107, 20, 23, 32, 0)
s = 58: (0, 43, 114, 16, 19, 20, 23, 139, 14, 17, 28, 0)
s = 59: (0, 24, 218, 8, 14, 21, 37, 75, 18, 24, 31, 0)
s = 60: (0, 45, 172, 18, 17, 23, 34, 85, 15, 20, 18, 0)
s = 61: (0, 44, 261, 19, 17, 28, 37, 70, 17, 26, 24, 0)
s = 62: (0, 39, 165, 20, 18, 17, 25, 118, 14, 25, 26, 0)
s = 63: (0, 32, 156, 13, 15, 22, 46, 102, 20, 16, 39, 0)
s = 64: (0, 59, 137, 20, 24, 16, 34, 127, 9, 30, 31, 0)
s = 65: (0, 37, 109, 19, 14, 13, 31, 72, 16, 27, 42, 0)
s = 66: (0, 41, 102, 20, 17, 17, 32, 99, 10, 17, 18, 0)
s = 67: (0, 42, 213, 16, 13, 16, 25, 113, 14, 33, 26, 0)
s = 68: (0, 23, 151, 11, 17, 14, 22, 76, 10, 30, 24, 0)
s = 69: (0, 43, 168, 21, 24, 19, 23, 58, 14, 19, 22, 0)
s = 70: (0, 49, 137, 16, 16, 16, 25, 64, 22, 14, 27, 0)
s = 71: (0, 45, 145, 17, 18, 15, 38, 125, 15, 24, 32, 0)
s = 72: (0, 34, 195, 10, 14, 21, 28, 89, 12, 21, 28, 0)
s = 73: (0, 40, 133, 15, 22, 25, 23, 85, 22, 14, 45, 0)
s = 74: (0, 36, 150, 12, 10, 11, 54, 53, 15, 22, 24, 0)
s = 75: (0, 49, 110, 10, 21, 19, 33, 120, 19, 31, 27, 0)
s = 76: (0, 37, 195, 9, 10, 23, 19, 72, 14, 24, 40, 0)
s = 77: (0, 37, 121, 11, 12, 20, 25, 65, 20, 21, 37, 0)
s = 78: (0, 72, 113, 13, 20, 22, 19, 136, 25, 37, 23, 0)
s = 79: (0, 41, 186, 10, 17, 14, 32, 97, 24, 21, 27, 0)
s = 80: (0, 54, 93, 12, 11, 28, 38, 121, 19, 23, 50, 0)
s = 81: (0, 32, 134, 19, 18, 11, 40, 72, 14, 37, 16, 0)
s = 82: (0, 56, 133, 14, 17, 23, 20, 72, 13, 17, 30, 0)
s = 83: (0, 32, 113, 14, 13, 26, 27, 132, 13, 42, 37, 0)
s = 84: (0, 42, 104, 10, 10, 22, 32, 63, 24, 41, 30, 0)
s = 85: (0, 37, 173, 22, 25, 22, 29, 71, 15, 15, 36, 0)
s = 86: (0, 41, 125, 20, 14, 18, 24, 72, 28, 14, 32, 0)
s = 87: (0, 30, 176, 17, 21, 18, 18, 86, 25, 19, 47, 0)
s = 88: (0, 38, 138, 15, 12, 39, 21, 94, 20, 30, 19, 0)
s = 89: (0, 69, 156, 21, 20, 22, 24, 64, 15, 39, 38, 0)
s = 90: (0, 65, 125, 12, 12, 32, 24, 88, 21, 20, 31, 0)
s = 91: (0, 45, 210, 9, 29, 23, 29, 145, 16, 33, 21, 0)
s = 92: (0, 31, 197, 14, 13, 14, 28, 64, 19, 21, 30, 0)
s = 93: (0, 27, 177, 15, 10, 24, 36, 82, 16, 25, 21, 0)
s = 94: (0, 37, 131, 11, 20, 15, 24, 77, 26, 24, 22, 0)
s = 95: (0, 33, 149, 17, 16, 29, 45, 94, 14, 17, 31, 0)
s = 96: (0, 33, 140, 20, 12, 13, 22, 103, 23, 23, 32, 0)
s = 97: (0, 27, 199, 25, 16, 25, 23, 116, 13, 18, 33, 0)
s = 98: (0, 43, 125, 10, 21, 27, 20, 112, 16, 36, 27, 0)
s = 99: (0, 28, 170, 9, 21, 23, 41, 76, 26, 17, 25, 0)
s = 100: (0, 35, 178, 14, 14, 15, 21, 104, 12, 29, 19, 0)
s = 101: (0, 39, 142, 18, 18, 22, 21, 80, 27, 24, 31, 0)
s = 102: (0, 40, 168, 17, 26, 22, 18, 53, 12, 39, 25, 0)
s = 103: (0, 35, 207, 16, 22, 16, 27, 96, 13, 24, 30, 0)
s = 104: (0, 26, 96, 9, 11, 22, 28, 79, 22, 16, 41, 0)
s = 105: (0, 36, 214, 8, 15, 12, 23, 109, 20, 27, 37, 0)
s = 106: (0, 63, 163, 8, 14, 20, 35, 104, 13, 22, 17, 0)
s = 107: (0, 44, 183, 9, 16, 20, 51, 50, 20, 26, 28, 0)
s = 108: (0, 33, 133, 14, 22, 12, 22, 117, 14, 15, 25, 0)
s = 109: (0, 38, 131, 10, 10, 15, 31, 66, 14, 21, 47, 0)
s = 110: (0, 29, 178, 19, 14, 29, 37, 121, 23, 19, 18, 0)
s = 111: (0, 23, 166, 16, 31, 16, 43, 110, 22, 19, 27, 0)
s = 112: (0, 38, 137, 12, 25, 24, 42, 98, 14, 19, 29, 0)
s = 113: (0, 40, 122, 24, 18, 14, 25, 119, 18, 20, 17, 0)
s = 114: (0, 30, 181, 15, 22, 21, 33, 84, 13, 23, 39, 0)
s = 115: (0, 46, 135, 13, 17, 13, 29, 55, 18, 19, 45, 0)
s = 116: (0, 40, 89, 9, 13, 13, 29, 56, 17, 27, 37, 0)
s = 117: (0, 28, 122, 24, 17, 28, 25, 89, 19, 13, 37, 0)
s = 118: (0, 53, 129, 12, 11, 21, 33, 67, 23, 40, 25, 0)
s = 119: (0, 41, 271, 19, 19, 18, 45, 88, 13, 35, 22, 0)
s = 120: (0, 40, 113, 15, 13, 19, 24, 89, 15, 23, 36, 0)
s = 121: (0, 34, 175, 18, 19, 21, 22, 97, 21, 23, 45, 0)
s = 122: (0, 38, 164, 17, 18, 16, 28, 64, 16, 26, 35, 0)
s = 123: (0, 53, 157, 14, 17, 17, 33, 95, 17, 19, 29, 0)
s = 124: (0, 40, 155, 11, 22, 32, 24, 65, 12, 19, 28, 0)
s = 125: (0, 47, 231, 13, 22, 16, 47, 88, 17, 23, 30, 0)
s = 126: (0, 38, 137, 17, 21, 21, 33, 61, 16, 16, 24, 0)
s = 127: (0, 51, 118, 18, 19, 22, 24, 49, 17, 26, 24, 0)
s = 128: (0, 60, 232, 17, 13, 17, 24, 102, 27, 37, 16, 0)
s = 129: (0, 55, 186, 23, 15, 31, 28, 74, 12, 29, 40, 0)
s = 130: (0, 29, 192, 18, 13, 24, 36, 110, 18, 19, 26, 0)
s = 131: (0, 30, 102, 18, 19, 18, 23, 54, 21, 21, 35, 0)
s = 132: (0, 57, 125, 12, 16, 22, 33, 100, 14, 30, 28, 0)
s = 133: (0, 51, 106, 16, 21, 14, 23, 73, 16, 29, 17, 0)
s = 134: (0, 39, 141, 16, 24, 20, 38, 57, 10, 18, 34, 0)
s = 135: (0, 41, 147, 16, 14, 27, 41, 104, 16, 24, 40, 0)
s = 136: (0, 42, 158, 13, 21, 28, 23, 103, 13, 14, 27, 0)
s = 137: (0, 54, 190, 18, 14, 24, 29, 89, 13, 21, 31, 0)
s = 138: (0, 29, 121, 22, 11, 18, 19, 139, 15, 25, 38, 0)
s = 139: (0, 73, 155, 25, 13, 15, 25, 81, 16, 29, 23, 0)
s = 140: (0, 55, 93, 14, 14, 31, 36, 85, 12, 27, 20, 0)
s = 141: (0, 28, 225, 18, 16, 23, 34, 79, 14, 15, 27, 0)
s = 142: (0, 35, 122, 11, 15, 19, 33, 68, 18, 25, 25, 0)
s = 143: (0, 26, 119, 12, 25, 27, 21, 96, 13, 25, 26, 0)
s = 144: (0, 54, 189, 10, 23, 22, 33, 76, 20, 19, 28, 0)
s = 145: (0, 27, 149, 15, 20, 26, 31, 110, 10, 17, 37, 0)
s = 146: (0, 60, 128, 17, 12, 14, 30, 97, 20, 25, 19, 0)
s = 147: (0, 54, 161, 17, 16, 17, 22, 60, 16, 26, 56, 0)
s = 148: (0, 55, 151, 19, 22, 22, 33, 99, 16, 18, 36, 0)
s = 149: (0, 68, 116, 10, 16, 29, 21, 132, 15, 31, 28, 0)
s = 150: (0, 48, 219, 12, 20, 20, 24, 91, 14, 33, 25, 0)
s = 151: (0, 66, 234, 15, 21, 22, 37, 87, 20, 17, 34, 0)
s = 152: (0, 26, 220, 9, 22, 15, 30, 107, 13, 26, 46, 0)
s = 153: (0, 28, 107, 14, 15, 16, 30, 116, 18, 26, 42, 0)
s = 154: (0, 41, 262, 18, 13, 21, 19, 66, 23, 36, 26, 0)
s = 155: (0, 27, 173, 20, 26, 22, 22, 79, 22, 22, 30, 0)
s = 156: (0, 25, 138, 21, 21, 16, 29, 102, 20, 31, 41, 0)
s = 157: (0, 27, 170, 15, 19, 23, 34, 80, 11, 24, 38, 0)
s = 158: (0, 46, 124, 20, 15, 24, 24, 84, 19, 40, 21, 0)
s = 159: (0, 57, 272, 14, 19, 16, 30, 73, 16, 22, 40, 0)
s = 160: (0, 48, 163, 14, 13, 32, 30, 117, 11, 16, 23, 0)
s = 161: (0, 35, 107, 19, 20, 21, 34, 99, 12, 18, 28, 0)
s = 162: (0, 46, 206, 17, 23, 16, 25, 106, 12, 16, 30, 0)
s = 163: (0, 48, 128, 18, 22, 20, 39, 101, 10, 25, 19, 0)
s = 164: (0, 42, 157, 12, 16, 23, 20, 47, 22, 23, 28, 0)
s = 165: (0, 32, 144, 10, 21, 18, 44, 67, 19, 18, 21, 0)
s = 166: (0, 33, 128, 10, 17, 29, 28, 68, 15, 23, 18, 0)
s = 167: (0, 40, 134, 9, 13, 19, 23, 124, 17, 17, 19, 0)
s = 168: (0, 30, 148, 10, 21, 18, 21, 50, 14, 27, 25, 0)
s = 169: (0, 36, 94, 16, 11, 13, 28, 92, 13, 50, 30, 0)
s = 170: (0, 30, 210, 21, 13, 17, 34, 67, 22, 38, 43, 0)
s = 171: (0, 40, 109, 20, 27, 11, 39, 84, 20, 26, 32, 0)
s = 172: (0, 39, 189, 13, 16, 23, 21, 113, 11, 30, 39, 0)
s = 173: (0, 28, 112, 16, 15, 15, 23, 63, 32, 24, 32, 0)
s = 174: (0, 52, 121, 12, 20, 25, 30, 55, 19, 19, 20, 0)
s = 175: (0, 35, 269, 18, 20, 27, 31, 70, 24, 29, 33, 0)
s = 176: (0, 28, 175, 20, 20, 16, 21, 54, 20, 21, 24, 0)
s = 177: (0, 34, 118, 10, 11, 26, 35, 125, 15, 24, 24, 0)
s = 178: (0, 35, 156, 12, 12, 14, 40, 113, 20, 19, 34, 0)
s = 179: (0, 48, 173, 17, 16, 23, 27, 62, 19, 19, 31, 0)
s = 180: (0, 50, 112, 23, 11, 25, 33, 99, 17, 27, 24, 0)
s = 181: (0, 36, 124, 23, 12, 28, 40, 152, 28, 24, 46, 0)
s = 182: (0, 46, 228, 12, 25, 27, 23, 116, 19, 20, 25, 0)
s = 183: (0, 26, 185, 9, 13, 12, 35, 56, 19, 28, 54, 0)
s = 184: (0, 35, 126, 10, 17, 15, 31, 111, 19, 16, 27, 0)
s = 185: (0, 31, 133, 10, 18, 27, 24, 84, 12, 27, 33, 0)
s = 186: (0, 59, 209, 15, 20, 19, 39, 62, 15, 33, 29, 0)
s = 187: (0, 30, 150, 11, 20, 13, 21, 129, 19, 20, 23, 0)
s = 188: (0, 37, 214, 8, 16, 13, 46, 129, 18, 24, 43, 0)
s = 189: (0, 36, 170, 17, 15, 35, 29, 72, 18, 18, 39, 0)
s = 190: (0, 35, 159, 12, 11, 13, 32, 131, 21, 16, 31, 0)
s = 191: (0, 41, 78, 10, 11, 24, 37, 58, 17, 28, 24, 0)
s = 192: (0, 53, 185, 13, 14, 23, 32, 105, 15, 20, 21, 0)
s = 193: (0, 43, 122, 12, 12, 17, 35, 88, 20, 21, 32, 0)
s = 194: (0, 27, 160, 15, 30, 23, 20, 69, 21, 37, 29, 0)
s = 195: (0, 50, 144, 14, 15, 21, 25, 110, 25, 28, 35, 0)
s = 196: (0, 57, 164, 9, 13, 18, 20, 83, 12, 31, 22, 0)
s = 197: (0, 34, 124, 16, 19, 20, 42, 126, 25, 16, 46, 0)
s = 198: (0, 46, 262, 17, 20, 30, 23, 93, 11, 25, 30, 0)
s = 199: (0, 30, 154, 11, 15, 18, 32, 127, 14, 23, 27, 0)
s = 200: (0, 41, 200, 9, 26, 31, 41, 104, 13, 37, 23, 0)
------------------------------------------------------------------------
RESOURCE k = 2
s = 1: (0, 0, 56, 0, 0, 0, 17, 0, 4, 20, 6, 0)
s = 2: (0, 0, 58, 0, 0, 0, 12, 0, 6, 15, 7, 0)
s = 3: (0, 0, 48, 0, 0, 0, 22, 0, 5, 18, 5, 0)
s = 4: (0, 0, 70, 0, 0, 0, 10, 0, 4, 18, 8, 0)
s = 5: (0, 0, 62, 0, 0, 0, 15, 0, 8, 27, 4, 0)
s = 6: (0, 0, 70, 0, 0, 0, 16, 0, 6, 17, 9, 0)
s = 7: (0, 0, 80, 0, 0, 0, 15, 0, 6, 16, 6, 0)
s = 8: (0, 0, 39, 0, 0, 0, 22, 0, 7, 13, 5, 0)
s = 9: (0, 0, 52, 0, 0, 0, 15, 0, 5, 23, 9, 0)
s = 10: (0, 0, 51, 0, 0, 0, 18, 0, 7, 14, 5, 0)
s = 11: (0, 0, 39, 0, 0, 0, 19, 0, 7, 13, 5, 0)
s = 12: (0, 0, 65, 0, 0, 0, 14, 0, 5, 15, 4, 0)
s = 13: (0, 0, 72, 0, 0, 0, 15, 0, 5, 16, 8, 0)
s = 14: (0, 0, 56, 0, 0, 0, 20, 0, 5, 19, 5, 0)
s = 15: (0, 0, 81, 0, 0, 0, 21, 0, 6, 15, 4, 0)
s = 16: (0, 0, 37, 0, 0, 0, 19, 0, 6, 19, 5, 0)
s = 17: (0, 0, 57, 0, 0, 0, 14, 0, 8, 24, 7, 0)
s = 18: (0, 0, 59, 0, 0, 0, 13, 0, 6, 16, 5, 0)
s = 19: (0, 0, 56, 0, 0, 0, 19, 0, 6, 11, 5, 0)
s = 20: (0, 0, 56, 0, 0, 0, 19, 0, 5, 16, 7, 0)
s = 21: (0, 0, 46, 0, 0, 0, 14, 0, 10, 19, 5, 0)
s = 22: (0, 0, 42, 0, 0, 0, 23, 0, 5, 13, 7, 0)
s = 23: (0, 0, 57, 0, 0, 0, 20, 0, 6, 16, 5, 0)
s = 24: (0, 0, 59, 0, 0, 0, 19, 0, 5, 20, 6, 0)
s = 25: (0, 0, 89, 0, 0, 0, 23, 0, 8, 25, 8, 0)
s = 26: (0, 0, 102, 0, 0, 0, 17, 0, 7, 21, 7, 0)
s = 27: (0, 0, 74, 0, 0, 0, 14, 0, 4, 16, 5, 0)
s = 28: (0, 0, 49, 0, 0, 0, 20, 0, 3, 28, 8, 0)
s = 29: (0, 0, 60, 0, 0, 0, 24, 0, 6, 23, 8, 0)
s = 30: (0, 0, 57, 0, 0, 0, 17, 0, 5, 14, 5, 0)
s = 31: (0, 0, 51, 0, 0, 0, 27, 0, 4, 16, 4, 0)
s = 32: (0, 0, 37, 0, 0, 0, 19, 0, 4, 11, 8, 0)
s = 33: (0, 0, 39, 0, 0, 0, 13, 0, 6, 20, 7, 0)
s = 34: (0, 0, 68, 0, 0, 0, 15, 0, 8, 26, 5, 0)
s = 35: (0, 0, 40, 0, 0, 0, 21, 0, 4, 27, 9, 0)
s = 36: (0, 0, 69, 0, 0, 0, 13, 0, 6, 26, 5, 0)
s = 37: (0, 0, 58, 0, 0, 0, 11, 0, 3, 13, 4, 0)
s = 38: (0, 0, 34, 0, 0, 0, 26, 0, 5, 14, 5, 0)
s = 39: (0, 0, 59, 0, 0, 0, 10, 0, 8, 11, 5, 0)
s = 40: (0, 0, 112, 0, 0, 0, 12, 0, 6, 16, 8, 0)
s = 41: (0, 0, 64, 0, 0, 0, 23, 0, 8, 20, 9, 0)
s = 42: (0, 0, 48, 0, 0, 0, 21, 0, 5, 26, 6, 0)
s = 43: (0, 0, 52, 0, 0, 0, 20, 0, 8, 21, 5, 0)
s = 44: (0, 0, 65, 0, 0, 0, 19, 0, 5, 17, 4, 0)
s = 45: (0, 0, 38, 0, 0, 0, 14, 0, 5, 25, 6, 0)
s = 46: (0, 0, 51, 0, 0, 0, 13, 0, 5, 12, 9, 0)
s = 47: (0, 0, 90, 0, 0, 0, 12, 0, 4, 19, 8, 0)
s = 48: (0, 0, 52, 0, 0, 0, 20, 0, 8, 23, 7, 0)
s = 49: (0, 0, 57, 0, 0, 0, 15, 0, 4, 12, 6, 0)
s = 50: (0, 0, 47, 0, 0, 0, 11, 0, 6, 12, 7, 0)
s = 51: (0, 0, 57, 0, 0, 0, 18, 0, 4, 18, 5, 0)
s = 52: (0, 0, 46, 0, 0, 0, 31, 0, 7, 19, 8, 0)
s = 53: (0, 0, 74, 0, 0, 0, 23, 0, 7, 29, 6, 0)
s = 54: (0, 0, 64, 0, 0, 0, 21, 0, 5, 15, 7, 0)
s = 55: (0, 0, 106, 0, 0, 0, 14, 0, 4, 11, 6, 0)
s = 56: (0, 0, 63, 0, 0, 0, 19, 0, 4, 21, 5, 0)
s = 57: (0, 0, 91, 0, 0, 0, 22, 0, 7, 17, 7, 0)
s = 58: (0, 0, 47, 0, 0, 0, 14, 0, 5, 13, 6, 0)
s = 59: (0, 0, 90, 0, 0, 0, 23, 0, 6, 18, 7, 0)
s = 60: (0, 0, 71, 0, 0, 0, 21, 0, 5, 15, 4, 0)
s = 61: (0, 0, 108, 0, 0, 0, 22, 0, 6, 19, 5, 0)
s = 62: (0, 0, 68, 0, 0, 0, 15, 0, 5, 19, 6, 0)
s = 63: (0, 0, 65, 0, 0, 0, 28, 0, 7, 12, 8, 0)
s = 64: (0, 0, 57, 0, 0, 0, 21, 0, 3, 22, 7, 0)
s = 65: (0, 0, 45, 0, 0, 0, 19, 0, 5, 20, 9, 0)
s = 66: (0, 0, 42, 0, 0, 0, 19, 0, 3, 13, 4, 0)
s = 67: (0, 0, 88, 0, 0, 0, 15, 0, 5, 25, 6, 0)
s = 68: (0, 0, 63, 0, 0, 0, 13, 0, 3, 23, 5, 0)
s = 69: (0, 0, 70, 0, 0, 0, 14, 0, 5, 14, 5, 0)
s = 70: (0, 0, 57, 0, 0, 0, 15, 0, 7, 11, 6, 0)
s = 71: (0, 0, 60, 0, 0, 0, 23, 0, 5, 18, 7, 0)
s = 72: (0, 0, 80, 0, 0, 0, 17, 0, 4, 16, 6, 0)
s = 73: (0, 0, 55, 0, 0, 0, 14, 0, 7, 10, 9, 0)
s = 74: (0, 0, 62, 0, 0, 0, 33, 0, 5, 17, 5, 0)
s = 75: (0, 0, 46, 0, 0, 0, 20, 0, 6, 24, 6, 0)
s = 76: (0, 0, 81, 0, 0, 0, 12, 0, 5, 18, 8, 0)
s = 77: (0, 0, 50, 0, 0, 0, 15, 0, 7, 16, 8, 0)
s = 78: (0, 0, 47, 0, 0, 0, 11, 0, 8, 28, 5, 0)
s = 79: (0, 0, 77, 0, 0, 0, 19, 0, 8, 16, 6, 0)
s = 80: (0, 0, 39, 0, 0, 0, 23, 0, 6, 17, 10, 0)
s = 81: (0, 0, 55, 0, 0, 0, 24, 0, 5, 28, 4, 0)
s = 82: (0, 0, 55, 0, 0, 0, 12, 0, 4, 13, 6, 0)
s = 83: (0, 0, 47, 0, 0, 0, 16, 0, 5, 31, 8, 0)
s = 84: (0, 0, 43, 0, 0, 0, 20, 0, 8, 31, 6, 0)
s = 85: (0, 0, 72, 0, 0, 0, 17, 0, 5, 11, 8, 0)
s = 86: (0, 0, 52, 0, 0, 0, 15, 0, 9, 10, 7, 0)
s = 87: (0, 0, 73, 0, 0, 0, 11, 0, 8, 14, 10, 0)
s = 88: (0, 0, 57, 0, 0, 0, 13, 0, 7, 22, 4, 0)
s = 89: (0, 0, 65, 0, 0, 0, 15, 0, 5, 29, 8, 0)
s = 90: (0, 0, 52, 0, 0, 0, 14, 0, 7, 15, 7, 0)
s = 91: (0, 0, 87, 0, 0, 0, 18, 0, 5, 25, 5, 0)
s = 92: (0, 0, 81, 0, 0, 0, 17, 0, 6, 16, 6, 0)
s = 93: (0, 0, 73, 0, 0, 0, 22, 0, 5, 19, 5, 0)
s = 94: (0, 0, 54, 0, 0, 0, 15, 0, 8, 18, 5, 0)
s = 95: (0, 0, 62, 0, 0, 0, 27, 0, 5, 13, 7, 0)
s = 96: (0, 0, 58, 0, 0, 0, 14, 0, 7, 17, 7, 0)
s = 97: (0, 0, 82, 0, 0, 0, 14, 0, 4, 14, 7, 0)
s = 98: (0, 0, 52, 0, 0, 0, 12, 0, 5, 27, 6, 0)
s = 99: (0, 0, 70, 0, 0, 0, 25, 0, 8, 13, 5, 0)
s = 100: (0, 0, 74, 0, 0, 0, 13, 0, 4, 22, 4, 0)
s = 101: (0, 0, 59, 0, 0, 0, 13, 0, 9, 18, 7, 0)
s = 102: (0, 0, 69, 0, 0, 0, 11, 0, 4, 30, 5, 0)
s = 103: (0, 0, 86, 0, 0, 0, 16, 0, 4, 18, 6, 0)
s = 104: (0, 0, 40, 0, 0, 0, 17, 0, 7, 12, 9, 0)
s = 105: (0, 0, 88, 0, 0, 0, 14, 0, 7, 20, 8, 0)
s = 106: (0, 0, 68, 0, 0, 0, 21, 0, 5, 17, 4, 0)
s = 107: (0, 0, 76, 0, 0, 0, 31, 0, 7, 20, 6, 0)
s = 108: (0, 0, 55, 0, 0, 0, 13, 0, 5, 11, 5, 0)
s = 109: (0, 0, 54, 0, 0, 0, 19, 0, 5, 16, 10, 0)
s = 110: (0, 0, 74, 0, 0, 0, 22, 0, 7, 15, 4, 0)
s = 111: (0, 0, 69, 0, 0, 0, 26, 0, 7, 15, 6, 0)
s = 112: (0, 0, 57, 0, 0, 0, 25, 0, 5, 14, 6, 0)
s = 113: (0, 0, 51, 0, 0, 0, 15, 0, 6, 15, 4, 0)
s = 114: (0, 0, 75, 0, 0, 0, 20, 0, 4, 18, 8, 0)
s = 115: (0, 0, 56, 0, 0, 0, 17, 0, 6, 14, 9, 0)
s = 116: (0, 0, 37, 0, 0, 0, 18, 0, 6, 20, 8, 0)
s = 117: (0, 0, 51, 0, 0, 0, 15, 0, 6, 10, 8, 0)
s = 118: (0, 0, 53, 0, 0, 0, 20, 0, 7, 30, 5, 0)
s = 119: (0, 0, 112, 0, 0, 0, 27, 0, 4, 26, 5, 0)
s = 120: (0, 0, 47, 0, 0, 0, 15, 0, 5, 17, 8, 0)
s = 121: (0, 0, 73, 0, 0, 0, 13, 0, 7, 17, 9, 0)
s = 122: (0, 0, 68, 0, 0, 0, 17, 0, 5, 20, 7, 0)
s = 123: (0, 0, 65, 0, 0, 0, 20, 0, 6, 14, 6, 0)
s = 124: (0, 0, 64, 0, 0, 0, 15, 0, 4, 14, 6, 0)
s = 125: (0, 0, 96, 0, 0, 0, 29, 0, 6, 17, 6, 0)
s = 126: (0, 0, 57, 0, 0, 0, 20, 0, 5, 12, 5, 0)
s = 127: (0, 0, 49, 0, 0, 0, 15, 0, 6, 20, 5, 0)
s = 128: (0, 0, 96, 0, 0, 0, 15, 0, 9, 28, 4, 0)
s = 129: (0, 0, 77, 0, 0, 0, 17, 0, 4, 22, 8, 0)
s = 130: (0, 0, 80, 0, 0, 0, 22, 0, 6, 14, 6, 0)
s = 131: (0, 0, 42, 0, 0, 0, 14, 0, 7, 16, 7, 0)
s = 132: (0, 0, 52, 0, 0, 0, 20, 0, 5, 22, 6, 0)
s = 133: (0, 0, 44, 0, 0, 0, 14, 0, 5, 22, 4, 0)
s = 134: (0, 0, 59, 0, 0, 0, 23, 0, 4, 14, 7, 0)
s = 135: (0, 0, 61, 0, 0, 0, 25, 0, 5, 18, 8, 0)
s = 136: (0, 0, 65, 0, 0, 0, 14, 0, 4, 10, 6, 0)
s = 137: (0, 0, 79, 0, 0, 0, 18, 0, 5, 16, 7, 0)
s = 138: (0, 0, 50, 0, 0, 0, 12, 0, 5, 19, 8, 0)
s = 139: (0, 0, 64, 0, 0, 0, 15, 0, 5, 22, 5, 0)
s = 140: (0, 0, 38, 0, 0, 0, 22, 0, 4, 21, 4, 0)
s = 141: (0, 0, 93, 0, 0, 0, 20, 0, 5, 11, 6, 0)
s = 142: (0, 0, 50, 0, 0, 0, 20, 0, 6, 19, 5, 0)
s = 143: (0, 0, 49, 0, 0, 0, 13, 0, 4, 19, 6, 0)
s = 144: (0, 0, 78, 0, 0, 0, 20, 0, 7, 14, 6, 0)
s = 145: (0, 0, 62, 0, 0, 0, 19, 0, 4, 13, 8, 0)
s = 146: (0, 0, 53, 0, 0, 0, 18, 0, 7, 19, 4, 0)
s = 147: (0, 0, 66, 0, 0, 0, 14, 0, 5, 20, 12, 0)
s = 148: (0, 0, 63, 0, 0, 0, 20, 0, 5, 14, 8, 0)
s = 149: (0, 0, 48, 0, 0, 0, 13, 0, 5, 23, 6, 0)
s = 150: (0, 0, 90, 0, 0, 0, 14, 0, 5, 25, 5, 0)
s = 151: (0, 0, 97, 0, 0, 0, 22, 0, 7, 13, 7, 0)
s = 152: (0, 0, 91, 0, 0, 0, 18, 0, 5, 20, 10, 0)
s = 153: (0, 0, 44, 0, 0, 0, 18, 0, 6, 20, 9, 0)
s = 154: (0, 0, 108, 0, 0, 0, 12, 0, 7, 27, 6, 0)
s = 155: (0, 0, 72, 0, 0, 0, 14, 0, 7, 17, 6, 0)
s = 156: (0, 0, 57, 0, 0, 0, 17, 0, 7, 23, 9, 0)
s = 157: (0, 0, 70, 0, 0, 0, 20, 0, 4, 18, 8, 0)
s = 158: (0, 0, 51, 0, 0, 0, 15, 0, 6, 30, 5, 0)
s = 159: (0, 0, 112, 0, 0, 0, 18, 0, 5, 17, 8, 0)
s = 160: (0, 0, 67, 0, 0, 0, 18, 0, 4, 12, 5, 0)
s = 161: (0, 0, 44, 0, 0, 0, 21, 0, 4, 14, 6, 0)
s = 162: (0, 0, 85, 0, 0, 0, 15, 0, 4, 12, 6, 0)
s = 163: (0, 0, 53, 0, 0, 0, 24, 0, 4, 19, 4, 0)
s = 164: (0, 0, 65, 0, 0, 0, 12, 0, 7, 18, 6, 0)
s = 165: (0, 0, 59, 0, 0, 0, 26, 0, 6, 14, 5, 0)
s = 166: (0, 0, 53, 0, 0, 0, 17, 0, 5, 18, 4, 0)
s = 167: (0, 0, 55, 0, 0, 0, 14, 0, 6, 13, 4, 0)
s = 168: (0, 0, 61, 0, 0, 0, 13, 0, 5, 20, 5, 0)
s = 169: (0, 0, 39, 0, 0, 0, 17, 0, 4, 37, 6, 0)
s = 170: (0, 0, 87, 0, 0, 0, 20, 0, 7, 29, 9, 0)
s = 171: (0, 0, 45, 0, 0, 0, 24, 0, 7, 19, 7, 0)
s = 172: (0, 0, 78, 0, 0, 0, 13, 0, 4, 23, 8, 0)
s = 173: (0, 0, 46, 0, 0, 0, 14, 0, 10, 18, 7, 0)
s = 174: (0, 0, 50, 0, 0, 0, 18, 0, 6, 15, 4, 0)
s = 175: (0, 0, 111, 0, 0, 0, 19, 0, 8, 22, 7, 0)
s = 176: (0, 0, 72, 0, 0, 0, 13, 0, 7, 16, 5, 0)
s = 177: (0, 0, 49, 0, 0, 0, 21, 0, 5, 18, 5, 0)
s = 178: (0, 0, 65, 0, 0, 0, 24, 0, 6, 15, 7, 0)
s = 179: (0, 0, 71, 0, 0, 0, 16, 0, 6, 14, 7, 0)
s = 180: (0, 0, 47, 0, 0, 0, 20, 0, 6, 20, 5, 0)
s = 181: (0, 0, 51, 0, 0, 0, 24, 0, 9, 18, 10, 0)
s = 182: (0, 0, 94, 0, 0, 0, 14, 0, 6, 15, 5, 0)
s = 183: (0, 0, 77, 0, 0, 0, 21, 0, 6, 21, 11, 0)
s = 184: (0, 0, 52, 0, 0, 0, 19, 0, 6, 12, 6, 0)
s = 185: (0, 0, 55, 0, 0, 0, 15, 0, 4, 20, 7, 0)
s = 186: (0, 0, 86, 0, 0, 0, 23, 0, 5, 25, 6, 0)
s = 187: (0, 0, 62, 0, 0, 0, 13, 0, 6, 15, 5, 0)
s = 188: (0, 0, 89, 0, 0, 0, 28, 0, 6, 18, 9, 0)
s = 189: (0, 0, 70, 0, 0, 0, 17, 0, 6, 13, 8, 0)
s = 190: (0, 0, 66, 0, 0, 0, 19, 0, 7, 12, 7, 0)
s = 191: (0, 0, 32, 0, 0, 0, 23, 0, 6, 21, 5, 0)
s = 192: (0, 0, 77, 0, 0, 0, 19, 0, 5, 15, 5, 0)
s = 193: (0, 0, 50, 0, 0, 0, 21, 0, 7, 16, 7, 0)
s = 194: (0, 0, 66, 0, 0, 0, 12, 0, 7, 28, 6, 0)
s = 195: (0, 0, 60, 0, 0, 0, 15, 0, 8, 21, 7, 0)
s = 196: (0, 0, 68, 0, 0, 0, 12, 0, 4, 23, 5, 0)
s = 197: (0, 0, 51, 0, 0, 0, 26, 0, 8, 12, 10, 0)
s = 198: (0, 0, 108, 0, 0, 0, 14, 0, 4, 19, 6, 0)
s = 199: (0, 0, 64, 0, 0, 0, 19, 0, 5, 18, 6, 0)
s = 200: (0, 0, 83, 0, 0, 0, 25, 0, 4, 28, 5, 0)
------------------------------------------------------------------------
RESOURCE k = 3
s = 1: (0, 18, 0, 6, 7, 17, 0, 38, 0, 0, 0, 0)
s = 2: (0, 10, 0, 4, 8, 18, 0, 30, 0, 0, 0, 0)
s = 3: (0, 22, 0, 8, 9, 15, 0, 56, 0, 0, 0, 0)
s = 4: (0, 17, 0, 3, 7, 16, 0, 31, 0, 0, 0, 0)
s = 5: (0, 11, 0, 6, 5, 14, 0, 44, 0, 0, 0, 0)
s = 6: (0, 23, 0, 6, 7, 17, 0, 38, 0, 0, 0, 0)
s = 7: (0, 24, 0, 8, 5, 9, 0, 24, 0, 0, 0, 0)
s = 8: (0, 23, 0, 5, 12, 13, 0, 66, 0, 0, 0, 0)
s = 9: (0, 19, 0, 7, 6, 12, 0, 38, 0, 0, 0, 0)
s = 10: (0, 19, 0, 5, 9, 12, 0, 28, 0, 0, 0, 0)
s = 11: (0, 15, 0, 4, 9, 13, 0, 79, 0, 0, 0, 0)
s = 12: (0, 14, 0, 5, 5, 7, 0, 48, 0, 0, 0, 0)
s = 13: (0, 15, 0, 5, 7, 20, 0, 42, 0, 0, 0, 0)
s = 14: (0, 15, 0, 4, 12, 16, 0, 49, 0, 0, 0, 0)
s = 15: (0, 13, 0, 5, 8, 11, 0, 32, 0, 0, 0, 0)
s = 16: (0, 18, 0, 5, 7, 10, 0, 39, 0, 0, 0, 0)
s = 17: (0, 15, 0, 3, 12, 15, 0, 44, 0, 0, 0, 0)
s = 18: (0, 20, 0, 5, 9, 13, 0, 61, 0, 0, 0, 0)
s = 19: (0, 12, 0, 5, 7, 14, 0, 79, 0, 0, 0, 0)
s = 20: (0, 18, 0, 4, 7, 15, 0, 66, 0, 0, 0, 0)
s = 21: (0, 26, 0, 6, 7, 10, 0, 51, 0, 0, 0, 0)
s = 22: (0, 9, 0, 8, 8, 21, 0, 52, 0, 0, 0, 0)
s = 23: (0, 17, 0, 9, 12, 15, 0, 58, 0, 0, 0, 0)
s = 24: (0, 20, 0, 7, 9, 12, 0, 51, 0, 0, 0, 0)
s = 25: (0, 22, 0, 5, 8, 13, 0, 32, 0, 0, 0, 0)
s = 26: (0, 23, 0, 5, 10, 13, 0, 42, 0, 0, 0, 0)
s = 27: (0, 14, 0, 5, 9, 12, 0, 40, 0, 0, 0, 0)
s = 28: (0, 11, 0, 6, 7, 14, 0, 67, 0, 0, 0, 0)
s = 29: (0, 9, 0, 5, 9, 14, 0, 43, 0, 0, 0, 0)
s = 30: (0, 20, 0, 6, 5, 8, 0, 37, 0, 0, 0, 0)
s = 31: (0, 22, 0, 4, 8, 12, 0, 50, 0, 0, 0, 0)
s = 32: (0, 13, 0, 5, 9, 11, 0, 75, 0, 0, 0, 0)
s = 33: (0, 13, 0, 4, 14, 15, 0, 31, 0, 0, 0, 0)
s = 34: (0, 18, 0, 4, 9, 11, 0, 49, 0, 0, 0, 0)
s = 35: (0, 28, 0, 4, 5, 10, 0, 30, 0, 0, 0, 0)
s = 36: (0, 13, 0, 7, 14, 15, 0, 35, 0, 0, 0, 0)
s = 37: (0, 18, 0, 7, 13, 15, 0, 43, 0, 0, 0, 0)
s = 38: (0, 16, 0, 5, 6, 11, 0, 45, 0, 0, 0, 0)
s = 39: (0, 17, 0, 3, 7, 16, 0, 57, 0, 0, 0, 0)
s = 40: (0, 10, 0, 4, 7, 12, 0, 68, 0, 0, 0, 0)
s = 41: (0, 14, 0, 5, 8, 9, 0, 30, 0, 0, 0, 0)
s = 42: (0, 16, 0, 7, 7, 10, 0, 44, 0, 0, 0, 0)
s = 43: (0, 20, 0, 6, 8, 15, 0, 33, 0, 0, 0, 0)
s = 44: (0, 18, 0, 5, 12, 14, 0, 25, 0, 0, 0, 0)
s = 45: (0, 20, 0, 7, 9, 14, 0, 45, 0, 0, 0, 0)
s = 46: (0, 18, 0, 6, 9, 15, 0, 23, 0, 0, 0, 0)
s = 47: (0, 23, 0, 6, 8, 10, 0, 39, 0, 0, 0, 0)
s = 48: (0, 11, 0, 5, 10, 10, 0, 37, 0, 0, 0, 0)
s = 49: (0, 14, 0, 6, 5, 15, 0, 30, 0, 0, 0, 0)
s = 50: (0, 22, 0, 4, 6, 10, 0, 43, 0, 0, 0, 0)
s = 51: (0, 22, 0, 5, 9, 8, 0, 49, 0, 0, 0, 0)
s = 52: (0, 10, 0, 4, 7, 14, 0, 37, 0, 0, 0, 0)
s = 53: (0, 23, 0, 7, 8, 10, 0, 39, 0, 0, 0, 0)
s = 54: (0, 20, 0, 6, 11, 15, 0, 40, 0, 0, 0, 0)
s = 55: (0, 17, 0, 5, 6, 7, 0, 68, 0, 0, 0, 0)
s = 56: (0, 14, 0, 4, 12, 14, 0, 39, 0, 0, 0, 0)
s = 57: (0, 10, 0, 6, 9, 9, 0, 50, 0, 0, 0, 0)
s = 58: (0, 18, 0, 6, 9, 12, 0, 65, 0, 0, 0, 0)
s = 59: (0, 10, 0, 3, 7, 13, 0, 35, 0, 0, 0, 0)
s = 60: (0, 18, 0, 7, 8, 14, 0, 40, 0, 0, 0, 0)
s = 61: (0, 18, 0, 7, 8, 17, 0, 33, 0, 0, 0, 0)
s = 62: (0, 16, 0, 8, 9, 10, 0, 55, 0, 0, 0, 0)
s = 63: (0, 13, 0, 5, 7, 13, 0, 48, 0, 0, 0, 0)
s = 64: (0, 24, 0, 7, 12, 10, 0, 60, 0, 0, 0, 0)
s = 65: (0, 15, 0, 7, 7, 8, 0, 34, 0, 0, 0, 0)
s = 66: (0, 17, 0, 7, 8, 10, 0, 47, 0, 0, 0, 0)
s = 67: (0, 17, 0, 6, 6, 10, 0, 53, 0, 0, 0, 0)
s = 68: (0, 10, 0, 4, 8, 9, 0, 36, 0, 0, 0, 0)
s = 69: (0, 17, 0, 8, 12, 11, 0, 27, 0, 0, 0, 0)
s = 70: (0, 20, 0, 6, 8, 10, 0, 30, 0, 0, 0, 0)
s = 71: (0, 18, 0, 7, 9, 9, 0, 59, 0, 0, 0, 0)
s = 72: (0, 14, 0, 4, 7, 13, 0, 42, 0, 0, 0, 0)
s = 73: (0, 16, 0, 6, 11, 15, 0, 40, 0, 0, 0, 0)
s = 74: (0, 15, 0, 5, 5, 7, 0, 25, 0, 0, 0, 0)
s = 75: (0, 20, 0, 4, 10, 11, 0, 56, 0, 0, 0, 0)
s = 76: (0, 15, 0, 3, 5, 14, 0, 34, 0, 0, 0, 0)
s = 77: (0, 15, 0, 4, 6, 12, 0, 31, 0, 0, 0, 0)
s = 78: (0, 29, 0, 5, 10, 14, 0, 64, 0, 0, 0, 0)
s = 79: (0, 17, 0, 4, 8, 9, 0, 46, 0, 0, 0, 0)
s = 80: (0, 22, 0, 5, 5, 17, 0, 57, 0, 0, 0, 0)
s = 81: (0, 13, 0, 7, 9, 7, 0, 34, 0, 0, 0, 0)
s = 82: (0, 23, 0, 5, 8, 14, 0, 34, 0, 0, 0, 0)
s = 83: (0, 13, 0, 5, 6, 16, 0, 62, 0, 0, 0, 0)
s = 84: (0, 17, 0, 4, 5, 14, 0, 29, 0, 0, 0, 0)
s = 85: (0, 15, 0, 8, 12, 13, 0, 33, 0, 0, 0, 0)
s = 86: (0, 17, 0, 7, 7, 11, 0, 34, 0, 0, 0, 0)
s = 87: (0, 12, 0, 6, 10, 11, 0, 40, 0, 0, 0, 0)
s = 88: (0, 15, 0, 6, 6, 23, 0, 44, 0, 0, 0, 0)
s = 89: (0, 28, 0, 8, 10, 13, 0, 30, 0, 0, 0, 0)
s = 90: (0, 26, 0, 4, 6, 20, 0, 41, 0, 0, 0, 0)
s = 91: (0, 18, 0, 4, 14, 14, 0, 68, 0, 0, 0, 0)
s = 92: (0, 13, 0, 5, 7, 9, 0, 30, 0, 0, 0, 0)
s = 93: (0, 11, 0, 6, 5, 14, 0, 39, 0, 0, 0, 0)
s = 94: (0, 15, 0, 4, 10, 9, 0, 36, 0, 0, 0, 0)
s = 95: (0, 14, 0, 6, 8, 18, 0, 44, 0, 0, 0, 0)
s = 96: (0, 14, 0, 7, 6, 8, 0, 48, 0, 0, 0, 0)
s = 97: (0, 11, 0, 9, 8, 15, 0, 54, 0, 0, 0, 0)
s = 98: (0, 17, 0, 4, 10, 16, 0, 53, 0, 0, 0, 0)
s = 99: (0, 11, 0, 3, 10, 14, 0, 36, 0, 0, 0, 0)
s = 100: (0, 14, 0, 5, 7, 9, 0, 49, 0, 0, 0, 0)
s = 101: (0, 16, 0, 7, 9, 13, 0, 38, 0, 0, 0, 0)
s = 102: (0, 16, 0, 6, 12, 13, 0, 25, 0, 0, 0, 0)
s = 103: (0, 14, 0, 6, 10, 10, 0, 45, 0, 0, 0, 0)
s = 104: (0, 11, 0, 4, 5, 13, 0, 37, 0, 0, 0, 0)
s = 105: (0, 15, 0, 3, 7, 7, 0, 51, 0, 0, 0, 0)
s = 106: (0, 25, 0, 3, 7, 12, 0, 49, 0, 0, 0, 0)
s = 107: (0, 18, 0, 4, 8, 12, 0, 24, 0, 0, 0, 0)
s = 108: (0, 13, 0, 5, 11, 7, 0, 55, 0, 0, 0, 0)
s = 109: (0, 16, 0, 4, 5, 9, 0, 31, 0, 0, 0, 0)
s = 110: (0, 12, 0, 7, 7, 18, 0, 57, 0, 0, 0, 0)
s = 111: (0, 9, 0, 6, 15, 10, 0, 52, 0, 0, 0, 0)
s = 112: (0, 15, 0, 4, 12, 15, 0, 46, 0, 0, 0, 0)
s = 113: (0, 16, 0, 9, 9, 8, 0, 56, 0, 0, 0, 0)
s = 114: (0, 12, 0, 6, 11, 13, 0, 39, 0, 0, 0, 0)
s = 115: (0, 19, 0, 5, 8, 8, 0, 26, 0, 0, 0, 0)
s = 116: (0, 16, 0, 4, 7, 8, 0, 27, 0, 0, 0, 0)
s = 117: (0, 12, 0, 9, 8, 17, 0, 42, 0, 0, 0, 0)
s = 118: (0, 21, 0, 4, 6, 13, 0, 32, 0, 0, 0, 0)
s = 119: (0, 17, 0, 7, 9, 11, 0, 41, 0, 0, 0, 0)
s = 120: (0, 16, 0, 6, 6, 12, 0, 42, 0, 0, 0, 0)
s = 121: (0, 14, 0, 7, 9, 13, 0, 46, 0, 0, 0, 0)
s = 122: (0, 15, 0, 6, 9, 10, 0, 30, 0, 0, 0, 0)
s = 123: (0, 22, 0, 5, 8, 11, 0, 45, 0, 0, 0, 0)
s = 124: (0, 16, 0, 4, 11, 19, 0, 31, 0, 0, 0, 0)
s = 125: (0, 19, 0, 5, 10, 10, 0, 41, 0, 0, 0, 0)
s = 126: (0, 16, 0, 6, 10, 13, 0, 29, 0, 0, 0, 0)
s = 127: (0, 21, 0, 7, 9, 13, 0, 23, 0, 0, 0, 0)
s = 128: (0, 24, 0, 6, 7, 11, 0, 48, 0, 0, 0, 0)
s = 129: (0, 22, 0, 9, 7, 19, 0, 35, 0, 0, 0, 0)
s = 130: (0, 12, 0, 7, 6, 15, 0, 52, 0, 0, 0, 0)
s = 131: (0, 12, 0, 7, 9, 11, 0, 26, 0, 0, 0, 0)
s = 132: (0, 23, 0, 5, 8, 14, 0, 47, 0, 0, 0, 0)
s = 133: (0, 21, 0, 6, 10, 9, 0, 34, 0, 0, 0, 0)
s = 134: (0, 16, 0, 6, 12, 12, 0, 27, 0, 0, 0, 0)
s = 135: (0, 17, 0, 6, 7, 16, 0, 49, 0, 0, 0, 0)
s = 136: (0, 17, 0, 5, 10, 17, 0, 48, 0, 0, 0, 0)
s = 137: (0, 22, 0, 7, 7, 15, 0, 42, 0, 0, 0, 0)
s = 138: (0, 12, 0, 8, 6, 11, 0, 65, 0, 0, 0, 0)
s = 139: (0, 29, 0, 9, 6, 9, 0, 38, 0, 0, 0, 0)
s = 140: (0, 22, 0, 5, 7, 19, 0, 40, 0, 0, 0, 0)
s = 141: (0, 11, 0, 7, 8, 14, 0, 37, 0, 0, 0, 0)
s = 142: (0, 14, 0, 4, 8, 12, 0, 32, 0, 0, 0, 0)
s = 143: (0, 11, 0, 5, 12, 17, 0, 45, 0, 0, 0, 0)
s = 144: (0, 22, 0, 4, 11, 14, 0, 36, 0, 0, 0, 0)
s = 145: (0, 11, 0, 6, 10, 16, 0, 52, 0, 0, 0, 0)
s = 146: (0, 24, 0, 6, 6, 8, 0, 46, 0, 0, 0, 0)
s = 147: (0, 22, 0, 6, 8, 10, 0, 28, 0, 0, 0, 0)
s = 148: (0, 22, 0, 7, 11, 14, 0, 47, 0, 0, 0, 0)
s = 149: (0, 28, 0, 4, 8, 18, 0, 62, 0, 0, 0, 0)
s = 150: (0, 20, 0, 5, 10, 12, 0, 43, 0, 0, 0, 0)
s = 151: (0, 27, 0, 6, 10, 13, 0, 41, 0, 0, 0, 0)
s = 152: (0, 11, 0, 3, 11, 9, 0, 50, 0, 0, 0, 0)
s = 153: (0, 12, 0, 5, 8, 10, 0, 54, 0, 0, 0, 0)
s = 154: (0, 17, 0, 7, 7, 13, 0, 31, 0, 0, 0, 0)
s = 155: (0, 11, 0, 7, 12, 13, 0, 37, 0, 0, 0, 0)
s = 156: (0, 10, 0, 8, 10, 10, 0, 48, 0, 0, 0, 0)
s = 157: (0, 11, 0, 6, 9, 14, 0, 38, 0, 0, 0, 0)
s = 158: (0, 19, 0, 7, 8, 15, 0, 39, 0, 0, 0, 0)
s = 159: (0, 23, 0, 5, 9, 10, 0, 34, 0, 0, 0, 0)
s = 160: (0, 20, 0, 5, 6, 20, 0, 55, 0, 0, 0, 0)
s = 161: (0, 14, 0, 7, 9, 13, 0, 47, 0, 0, 0, 0)
s = 162: (0, 19, 0, 6, 11, 10, 0, 50, 0, 0, 0, 0)
s = 163: (0, 19, 0, 7, 10, 12, 0, 47, 0, 0, 0, 0)
s = 164: (0, 17, 0, 4, 8, 14, 0, 22, 0, 0, 0, 0)
s = 165: (0, 13, 0, 4, 10, 11, 0, 32, 0, 0, 0, 0)
s = 166: (0, 13, 0, 4, 8, 18, 0, 32, 0, 0, 0, 0)
s = 167: (0, 16, 0, 4, 6, 12, 0, 58, 0, 0, 0, 0)
s = 168: (0, 12, 0, 4, 10, 11, 0, 24, 0, 0, 0, 0)
s = 169: (0, 15, 0, 6, 6, 8, 0, 43, 0, 0, 0, 0)
s = 170: (0, 12, 0, 8, 6, 10, 0, 31, 0, 0, 0, 0)
s = 171: (0, 16, 0, 7, 13, 7, 0, 40, 0, 0, 0, 0)
s = 172: (0, 16, 0, 5, 8, 14, 0, 53, 0, 0, 0, 0)
s = 173: (0, 12, 0, 6, 7, 9, 0, 30, 0, 0, 0, 0)
s = 174: (0, 21, 0, 5, 10, 15, 0, 26, 0, 0, 0, 0)
s = 175: (0, 14, 0, 7, 9, 16, 0, 33, 0, 0, 0, 0)
s = 176: (0, 12, 0, 7, 10, 10, 0, 26, 0, 0, 0, 0)
s = 177: (0, 14, 0, 4, 5, 16, 0, 59, 0, 0, 0, 0)
s = 178: (0, 14, 0, 5, 6, 9, 0, 53, 0, 0, 0, 0)
s = 179: (0, 19, 0, 6, 8, 14, 0, 29, 0, 0, 0, 0)
s = 180: (0, 20, 0, 9, 5, 15, 0, 47, 0, 0, 0, 0)
s = 181: (0, 15, 0, 9, 6, 17, 0, 71, 0, 0, 0, 0)
s = 182: (0, 19, 0, 5, 12, 17, 0, 55, 0, 0, 0, 0)
s = 183: (0, 11, 0, 4, 7, 7, 0, 26, 0, 0, 0, 0)
s = 184: (0, 14, 0, 4, 8, 9, 0, 52, 0, 0, 0, 0)
s = 185: (0, 13, 0, 4, 9, 16, 0, 39, 0, 0, 0, 0)
s = 186: (0, 24, 0, 6, 9, 12, 0, 29, 0, 0, 0, 0)
s = 187: (0, 12, 0, 4, 10, 8, 0, 60, 0, 0, 0, 0)
s = 188: (0, 15, 0, 3, 8, 8, 0, 60, 0, 0, 0, 0)
s = 189: (0, 15, 0, 6, 7, 21, 0, 34, 0, 0, 0, 0)
s = 190: (0, 14, 0, 5, 5, 8, 0, 61, 0, 0, 0, 0)
s = 191: (0, 17, 0, 4, 5, 15, 0, 27, 0, 0, 0, 0)
s = 192: (0, 22, 0, 5, 7, 14, 0, 49, 0, 0, 0, 0)
s = 193: (0, 18, 0, 5, 6, 10, 0, 41, 0, 0, 0, 0)
s = 194: (0, 11, 0, 6, 14, 14, 0, 32, 0, 0, 0, 0)
s = 195: (0, 20, 0, 5, 7, 13, 0, 52, 0, 0, 0, 0)
s = 196: (0, 23, 0, 4, 6, 11, 0, 39, 0, 0, 0, 0)
s = 197: (0, 14, 0, 6, 9, 12, 0, 59, 0, 0, 0, 0)
s = 198: (0, 19, 0, 6, 10, 18, 0, 44, 0, 0, 0, 0)
s = 199: (0, 12, 0, 4, 7, 11, 0, 60, 0, 0, 0, 0)
s = 200: (0, 17, 0, 4, 12, 19, 0, 49, 0, 0, 0, 0)
************************************************************************
ES/LS-VALUES:
jobnr.   ES(i)    LS(i)
------------------------------------------------------------------------
  0        0        0
  1        0       46
  2        0       44
  3        0       61
  4        7       58
  5        1       63
  6       16       60
  7        7       54
  8       21       69
  9       21       66
 10       16       67
 11       25       71
************************************************************************
BIG-M-VALUES:
M1 = 76, M2 = 451
************************************************************************
