************************************************************************
file with basedata            : mm11_.bas
initial value random generator: 327814931
************************************************************************
projects                      :  1
jobs (incl. supersource/sink ):  12
horizon                       :  64
RESOURCES
  - renewable                 :  2   R
  - nonrenewable              :  2   N
  - doubly constrained        :  0   D
************************************************************************
PROJECT INFORMATION:
pronr.  #jobs rel.date duedate tardcost  MPM-Time
    1     10      0       11        5       11
************************************************************************
PRECEDENCE RELATIONS:
jobnr.    #modes  #successors   successors
   0        1          3           1   2   3
   1        3          3           6   8  10
   2        3          1           6
   3        3          2           4  10
   4        3          3           5   6   7
   5        3          1           8
   6        3          1           9
   7        3          1           9
   8        3          1          11
   9        3          1          11
  10        3          1          11
  11        1          0        
************************************************************************
REQUESTS/DURATIONS:
jobnr. mode duration  R 1  R 2  R 3  R 4  E(W 1)  E(W 2)
------------------------------------------------------------------------
  0      1     0       0    0    0    0     0       0
  1      1     2       0    2    3    0     4       6
  2      1     1       0    1    6    0     2       6
  3      1     1       0   10    7    0    10       7
  4      1     4       0    2    0    2     8       8
  5      1     4       0    9    0    5    36      20
  6      1     4       6    0    0    8    24      32
  7      1     1       3    0    0    8     3       8
  8      1     2       5    0    5    0    10      10
  9      1     2       0   10    0    7    20      14
 10      1     1       8    0    0    4     8       4
 11      1     0       0    0    0    0     0       0
************************************************************************
RESOURCEAVAILABILITIES:
  R 1  R 2
   27   78
************************************************************************
RESOURCE LIMITS:
jobnr.  l(R 1)  u(R 1)  l(R 2)  u(R 2)
------------------------------------------------------------------------
  0        0       0       0       0
  1        1       2       2       3
  2        1       2       3       6
  3        5      10       4       7
  4        1       2       1       2
  5        5       9       3       5
  6        3       6       4       8
  7        2       3       4       8
  8        3       5       3       5
  9        5      10       4       7
 10        4       8       2       4
 11        0       0       0       0
************************************************************************
SCENARIOS:
------------------------------------------------------------------------
RESOURCE k = 1
s = 1: (0, 7, 3, 9, 6, 34, 18, 3, 9, 16, 6, 0)
s = 2: (0, 3, 3, 14, 8, 29, 18, 2, 19, 19, 8, 0)
s = 3: (0, 6, 2, 11, 7, 36, 31, 4, 9, 22, 5, 0)
s = 4: (0, 5, 2, 10, 8, 36, 29, 5, 13, 20, 8, 0)
s = 5: (0, 6, 2, 10, 9, 33, 38, 3, 14, 11, 11, 0)
s = 6: (0, 6, 2, 13, 9, 33, 18, 3, 10, 13, 7, 0)
s = 7: (0, 6, 2, 7, 12, 33, 27, 4, 8, 21, 8, 0)
s = 8: (0, 4, 2, 17, 10, 65, 13, 5, 15, 17, 8, 0)
s = 9: (0, 5, 2, 11, 10, 35, 20, 5, 10, 22, 6, 0)
s = 10: (0, 3, 3, 11, 9, 24, 13, 4, 14, 26, 10, 0)
s = 11: (0, 4, 3, 19, 11, 41, 29, 4, 6, 17, 11, 0)
s = 12: (0, 4, 2, 13, 9, 29, 29, 3, 12, 14, 10, 0)
s = 13: (0, 3, 2, 9, 6, 33, 21, 3, 13, 16, 6, 0)
s = 14: (0, 6, 2, 13, 5, 40, 20, 3, 6, 16, 7, 0)
s = 15: (0, 5, 2, 10, 8, 29, 18, 5, 8, 34, 8, 0)
s = 16: (0, 5, 2, 14, 10, 34, 22, 4, 13, 28, 8, 0)
s = 17: (0, 6, 3, 9, 9, 40, 21, 4, 15, 15, 6, 0)
s = 18: (0, 5, 2, 10, 12, 20, 38, 3, 10, 31, 7, 0)
s = 19: (0, 5, 3, 10, 7, 42, 20, 3, 9, 24, 7, 0)
s = 20: (0, 4, 2, 19, 7, 36, 13, 3, 8, 15, 6, 0)
s = 21: (0, 6, 2, 9, 6, 49, 13, 3, 12, 16, 13, 0)
s = 22: (0, 4, 4, 12, 13, 21, 31, 2, 11, 13, 9, 0)
s = 23: (0, 3, 2, 7, 10, 54, 19, 3, 7, 20, 10, 0)
s = 24: (0, 4, 3, 10, 10, 41, 25, 4, 14, 18, 5, 0)
s = 25: (0, 3, 2, 7, 8, 66, 28, 3, 12, 27, 11, 0)
s = 26: (0, 3, 3, 14, 7, 45, 25, 4, 14, 18, 12, 0)
s = 27: (0, 4, 2, 9, 11, 29, 24, 3, 10, 21, 9, 0)
s = 28: (0, 6, 3, 13, 9, 49, 19, 4, 7, 21, 9, 0)
s = 29: (0, 5, 2, 10, 8, 27, 20, 2, 8, 18, 6, 0)
s = 30: (0, 4, 3, 11, 7, 32, 19, 2, 10, 15, 12, 0)
s = 31: (0, 4, 4, 8, 5, 41, 24, 4, 9, 28, 9, 0)
s = 32: (0, 4, 3, 10, 11, 37, 17, 4, 7, 19, 5, 0)
s = 33: (0, 4, 3, 8, 7, 57, 19, 3, 10, 15, 10, 0)
s = 34: (0, 5, 2, 10, 6, 27, 31, 3, 8, 19, 7, 0)
s = 35: (0, 4, 2, 14, 6, 28, 32, 4, 11, 14, 13, 0)
s = 36: (0, 3, 2, 10, 7, 22, 31, 4, 10, 13, 10, 0)
s = 37: (0, 4, 4, 12, 7, 32, 19, 4, 10, 27, 7, 0)
s = 38: (0, 3, 3, 9, 5, 36, 20, 3, 9, 19, 7, 0)
s = 39: (0, 3, 2, 12, 7, 48, 21, 3, 10, 21, 11, 0)
s = 40: (0, 4, 2, 10, 10, 55, 24, 4, 10, 18, 8, 0)
s = 41: (0, 4, 2, 11, 7, 31, 16, 4, 6, 15, 13, 0)
s = 42: (0, 5, 3, 12, 6, 30, 31, 4, 10, 20, 12, 0)
s = 43: (0, 4, 3, 8, 8, 35, 17, 3, 9, 19, 6, 0)
s = 44: (0, 5, 3, 11, 11, 43, 21, 3, 11, 12, 6, 0)
s = 45: (0, 3, 2, 7, 14, 29, 17, 4, 12, 26, 12, 0)
s = 46: (0, 3, 3, 11, 8, 29, 17, 5, 7, 16, 11, 0)
s = 47: (0, 7, 2, 16, 7, 41, 18, 5, 10, 32, 7, 0)
s = 48: (0, 7, 2, 7, 7, 48, 25, 3, 8, 35, 9, 0)
s = 49: (0, 5, 2, 8, 11, 36, 21, 4, 10, 21, 7, 0)
s = 50: (0, 5, 3, 8, 7, 33, 32, 5, 8, 23, 7, 0)
s = 51: (0, 4, 2, 7, 9, 55, 35, 4, 13, 18, 6, 0)
s = 52: (0, 4, 2, 9, 9, 27, 31, 3, 11, 27, 13, 0)
s = 53: (0, 5, 2, 15, 8, 52, 18, 4, 13, 22, 7, 0)
s = 54: (0, 3, 4, 7, 6, 38, 26, 4, 9, 14, 8, 0)
s = 55: (0, 4, 3, 12, 9, 36, 20, 3, 13, 16, 8, 0)
s = 56: (0, 6, 2, 7, 10, 55, 26, 4, 9, 17, 8, 0)
s = 57: (0, 5, 2, 11, 8, 33, 32, 4, 9, 18, 9, 0)
s = 58: (0, 6, 4, 11, 11, 26, 20, 4, 10, 26, 9, 0)
s = 59: (0, 5, 3, 8, 6, 46, 23, 5, 15, 13, 7, 0)
s = 60: (0, 5, 3, 7, 7, 28, 24, 2, 9, 12, 8, 0)
s = 61: (0, 5, 2, 10, 12, 43, 19, 4, 10, 18, 10, 0)
s = 62: (0, 4, 2, 13, 7, 25, 19, 4, 17, 15, 13, 0)
s = 63: (0, 6, 3, 11, 5, 38, 23, 3, 11, 23, 10, 0)
s = 64: (0, 4, 4, 11, 8, 33, 18, 4, 9, 24, 8, 0)
s = 65: (0, 3, 2, 13, 9, 21, 21, 4, 12, 17, 8, 0)
s = 66: (0, 4, 3, 10, 5, 45, 19, 3, 15, 23, 10, 0)
s = 67: (0, 6, 2, 13, 5, 33, 20, 5, 13, 18, 8, 0)
s = 68: (0, 3, 2, 8, 9, 25, 19, 3, 7, 13, 8, 0)
s = 69: (0, 5, 2, 13, 9, 40, 15, 3, 12, 19, 11, 0)
s = 70: (0, 6, 4, 13, 6, 42, 20, 4, 12, 19, 12, 0)
s = 71: (0, 6, 2, 8, 9, 21, 28, 3, 17, 24, 7, 0)
s = 72: (0, 5, 3, 11, 10, 35, 20, 3, 9, 22, 10, 0)
s = 73: (0, 4, 2, 17, 10, 50, 44, 4, 15, 21, 9, 0)
s = 74: (0, 5, 3, 12, 7, 68, 36, 3, 10, 25, 7, 0)
s = 75: (0, 4, 2, 11, 11, 26, 22, 3, 9, 28, 6, 0)
s = 76: (0, 4, 2, 6, 8, 44, 21, 4, 12, 13, 8, 0)
s = 77: (0, 3, 2, 10, 11, 35, 23, 3, 8, 23, 10, 0)
s = 78: (0, 5, 3, 11, 8, 32, 27, 6, 13, 32, 12, 0)
s = 79: (0, 4, 3, 9, 10, 33, 24, 4, 13, 23, 12, 0)
s = 80: (0, 4, 2, 11, 6, 44, 31, 3, 9, 16, 9, 0)
s = 81: (0, 6, 2, 10, 6, 42, 30, 3, 10, 16, 12, 0)
s = 82: (0, 4, 2, 9, 6, 24, 34, 4, 9, 24, 8, 0)
s = 83: (0, 3, 3, 7, 11, 44, 27, 3, 10, 38, 8, 0)
s = 84: (0, 7, 3, 11, 6, 41, 24, 2, 11, 22, 7, 0)
s = 85: (0, 5, 2, 7, 11, 26, 16, 2, 11, 35, 10, 0)
s = 86: (0, 5, 3, 7, 8, 54, 22, 2, 12, 12, 11, 0)
s = 87: (0, 4, 3, 12, 13, 53, 18, 4, 13, 20, 11, 0)
s = 88: (0, 3, 3, 13, 6, 43, 38, 4, 7, 12, 12, 0)
s = 89: (0, 5, 3, 6, 8, 51, 15, 4, 7, 21, 5, 0)
s = 90: (0, 3, 2, 12, 6, 30, 17, 3, 9, 29, 7, 0)
s = 91: (0, 4, 2, 10, 11, 51, 27, 5, 10, 18, 8, 0)
s = 92: (0, 4, 2, 12, 10, 54, 15, 3, 8, 19, 8, 0)
s = 93: (0, 4, 2, 9, 14, 52, 24, 4, 12, 25, 6, 0)
s = 94: (0, 3, 3, 20, 7, 30, 20, 4, 12, 22, 10, 0)
s = 95: (0, 4, 3, 11, 12, 37, 22, 4, 15, 26, 5, 0)
s = 96: (0, 7, 2, 10, 9, 54, 31, 3, 10, 31, 10, 0)
s = 97: (0, 5, 3, 9, 6, 22, 19, 4, 9, 18, 12, 0)
s = 98: (0, 4, 2, 8, 8, 39, 31, 3, 9, 30, 8, 0)
s = 99: (0, 6, 2, 7, 10, 30, 36, 4, 13, 18, 8, 0)
s = 100: (0, 4, 2, 8, 8, 28, 19, 4, 14, 12, 6, 0)
s = 101: (0, 4, 2, 8, 5, 46, 26, 3, 13, 32, 12, 0)
s = 102: (0, 4, 3, 8, 7, 27, 35, 2, 9, 29, 9, 0)
s = 103: (0, 5, 3, 12, 7, 19, 40, 3, 7, 18, 6, 0)
s = 104: (0, 5, 2, 7, 7, 30, 36, 4, 9, 15, 6, 0)
s = 105: (0, 5, 2, 8, 7, 38, 23, 4, 8, 21, 7, 0)
s = 106: (0, 5, 2, 6, 10, 24, 22, 4, 9, 22, 8, 0)
s = 107: (0, 4, 3, 7, 6, 36, 26, 3, 7, 23, 6, 0)
s = 108: (0, 4, 2, 12, 11, 58, 24, 3, 10, 16, 10, 0)
s = 109: (0, 4, 3, 12, 9, 52, 18, 3, 8, 23, 12, 0)
s = 110: (0, 5, 2, 16, 11, 31, 32, 2, 12, 26, 10, 0)
s = 111: (0, 4, 2, 10, 5, 53, 37, 2, 8, 12, 9, 0)
s = 112: (0, 5, 2, 8, 6, 57, 24, 4, 13, 24, 6, 0)
s = 113: (0, 5, 3, 9, 6, 22, 20, 3, 11, 12, 8, 0)
s = 114: (0, 5, 3, 7, 7, 48, 16, 3, 16, 28, 8, 0)
s = 115: (0, 4, 2, 16, 9, 26, 15, 2, 14, 14, 6, 0)
s = 116: (0, 5, 3, 14, 7, 38, 24, 4, 13, 15, 6, 0)
s = 117: (0, 4, 3, 11, 5, 38, 38, 3, 7, 20, 5, 0)
s = 118: (0, 7, 2, 15, 7, 38, 23, 3, 6, 32, 7, 0)
s = 119: (0, 5, 2, 11, 9, 41, 23, 3, 12, 29, 10, 0)
s = 120: (0, 4, 3, 9, 5, 35, 22, 3, 17, 18, 10, 0)
s = 121: (0, 7, 2, 11, 5, 43, 34, 2, 8, 28, 10, 0)
s = 122: (0, 5, 2, 11, 5, 27, 15, 3, 7, 11, 10, 0)
s = 123: (0, 5, 2, 15, 6, 34, 20, 5, 11, 19, 8, 0)
s = 124: (0, 3, 3, 12, 8, 34, 24, 5, 18, 22, 11, 0)
s = 125: (0, 4, 2, 14, 12, 31, 31, 3, 13, 26, 6, 0)
s = 126: (0, 3, 2, 9, 8, 24, 18, 2, 16, 27, 9, 0)
s = 127: (0, 5, 3, 13, 7, 29, 33, 3, 10, 22, 9, 0)
s = 128: (0, 5, 2, 14, 7, 58, 20, 4, 13, 15, 6, 0)
s = 129: (0, 4, 4, 13, 5, 45, 20, 3, 12, 20, 9, 0)
s = 130: (0, 3, 3, 8, 8, 36, 25, 3, 11, 30, 7, 0)
s = 131: (0, 4, 2, 8, 8, 52, 23, 4, 10, 14, 7, 0)
s = 132: (0, 3, 2, 13, 5, 24, 28, 3, 14, 15, 8, 0)
s = 133: (0, 6, 2, 14, 7, 27, 25, 3, 12, 21, 7, 0)
s = 134: (0, 3, 2, 14, 12, 29, 23, 5, 12, 19, 8, 0)
s = 135: (0, 6, 2, 12, 11, 37, 27, 3, 7, 25, 6, 0)
s = 136: (0, 6, 2, 14, 14, 36, 35, 4, 14, 27, 9, 0)
s = 137: (0, 5, 2, 8, 6, 41, 31, 3, 8, 20, 10, 0)
s = 138: (0, 4, 2, 10, 7, 38, 24, 4, 11, 14, 10, 0)
s = 139: (0, 3, 2, 9, 9, 51, 15, 4, 7, 29, 13, 0)
s = 140: (0, 6, 3, 15, 10, 28, 32, 2, 9, 22, 5, 0)
s = 141: (0, 4, 2, 7, 8, 25, 23, 5, 13, 17, 11, 0)
s = 142: (0, 8, 3, 12, 8, 41, 34, 5, 8, 12, 10, 0)
s = 143: (0, 3, 3, 8, 9, 48, 32, 3, 9, 33, 7, 0)
s = 144: (0, 4, 2, 7, 6, 35, 20, 4, 15, 15, 7, 0)
s = 145: (0, 3, 3, 15, 9, 27, 37, 3, 10, 14, 5, 0)
s = 146: (0, 4, 3, 10, 7, 61, 29, 3, 11, 23, 9, 0)
s = 147: (0, 3, 2, 9, 10, 57, 22, 2, 14, 14, 9, 0)
s = 148: (0, 4, 2, 6, 5, 25, 17, 4, 10, 22, 9, 0)
s = 149: (0, 4, 3, 11, 8, 29, 30, 2, 15, 21, 7, 0)
s = 150: (0, 5, 2, 6, 8, 36, 29, 3, 11, 21, 7, 0)
s = 151: (0, 3, 3, 11, 8, 43, 16, 2, 9, 17, 9, 0)
s = 152: (0, 4, 3, 15, 11, 25, 23, 6, 8, 15, 7, 0)
s = 153: (0, 3, 2, 6, 9, 43, 41, 3, 9, 11, 12, 0)
s = 154: (0, 5, 2, 8, 7, 53, 17, 4, 16, 20, 6, 0)
s = 155: (0, 6, 3, 6, 12, 32, 25, 3, 14, 25, 12, 0)
s = 156: (0, 5, 3, 7, 10, 30, 41, 3, 6, 14, 5, 0)
s = 157: (0, 4, 4, 13, 5, 33, 17, 4, 12, 18, 9, 0)
s = 158: (0, 7, 3, 9, 5, 21, 20, 4, 14, 16, 5, 0)
s = 159: (0, 5, 2, 11, 5, 35, 21, 3, 10, 36, 10, 0)
s = 160: (0, 5, 4, 11, 9, 60, 16, 4, 8, 26, 10, 0)
s = 161: (0, 5, 3, 8, 11, 41, 28, 3, 10, 14, 6, 0)
s = 162: (0, 6, 2, 13, 6, 45, 38, 3, 10, 18, 7, 0)
s = 163: (0, 3, 2, 9, 5, 31, 25, 3, 10, 25, 7, 0)
s = 164: (0, 3, 2, 8, 8, 54, 25, 4, 14, 20, 10, 0)
s = 165: (0, 5, 3, 7, 7, 20, 19, 3, 11, 17, 13, 0)
s = 166: (0, 5, 2, 7, 11, 26, 20, 3, 7, 30, 9, 0)
s = 167: (0, 4, 3, 9, 7, 32, 31, 4, 11, 19, 10, 0)
s = 168: (0, 4, 2, 13, 7, 53, 31, 4, 16, 18, 12, 0)
s = 169: (0, 4, 2, 16, 15, 55, 23, 5, 11, 18, 7, 0)
s = 170: (0, 3, 2, 16, 11, 34, 22, 4, 16, 17, 8, 0)
s = 171: (0, 7, 3, 10, 10, 39, 20, 3, 14, 12, 5, 0)
s = 172: (0, 4, 2, 9, 8, 54, 33, 3, 10, 20, 9, 0)
s = 173: (0, 3, 2, 13, 10, 39, 26, 3, 6, 27, 6, 0)
s = 174: (0, 4, 2, 11, 5, 29, 23, 4, 10, 17, 11, 0)
s = 175: (0, 5, 2, 6, 9, 36, 24, 3, 10, 19, 9, 0)
s = 176: (0, 6, 2, 7, 7, 50, 27, 4, 16, 18, 11, 0)
s = 177: (0, 4, 3, 12, 7, 57, 32, 3, 12, 16, 8, 0)
s = 178: (0, 6, 2, 12, 6, 33, 16, 3, 13, 18, 11, 0)
s = 179: (0, 4, 2, 7, 5, 31, 38, 5, 12, 30, 8, 0)
s = 180: (0, 3, 4, 6, 5, 41, 30, 5, 15, 18, 7, 0)
s = 181: (0, 7, 3, 10, 9, 28, 27, 3, 12, 14, 13, 0)
s = 182: (0, 4, 3, 16, 8, 30, 20, 3, 12, 13, 6, 0)
s = 183: (0, 3, 3, 12, 12, 46, 17, 3, 7, 23, 7, 0)
s = 184: (0, 4, 3, 12, 6, 41, 28, 3, 11, 14, 11, 0)
s = 185: (0, 3, 2, 14, 10, 52, 31, 3, 14, 23, 8, 0)
s = 186: (0, 5, 2, 6, 8, 37, 39, 5, 11, 20, 9, 0)
s = 187: (0, 5, 2, 8, 8, 34, 22, 4, 13, 12, 10, 0)
s = 188: (0, 4, 3, 13, 10, 36, 15, 3, 9, 26, 8, 0)
s = 189: (0, 6, 2, 16, 9, 30, 17, 3, 9, 27, 6, 0)
s = 190: (0, 6, 2, 18, 10, 45, 31, 3, 12, 13, 6, 0)
s = 191: (0, 4, 2, 13, 6, 35, 28, 2, 11, 16, 9, 0)
s = 192: (0, 5, 3, 12, 11, 41, 23, 4, 8, 26, 9, 0)
s = 193: (0, 4, 4, 8, 7, 22, 27, 3, 9, 19, 9, 0)
s = 194: (0, 4, 2, 15, 10, 44, 19, 3, 18, 31, 14, 0)
s = 195: (0, 4, 2, 12, 8, 23, 32, 4, 8, 19, 10, 0)
s = 196: (0, 5, 2, 12, 7, 34, 28, 3, 12, 27, 6, 0)
s = 197: (0, 5, 3, 10, 7, 40, 16, 2, 8, 20, 7, 0)
s = 198: (0, 5, 2, 6, 9, 32, 22, 3, 18, 14, 6, 0)
s = 199: (0, 5, 3, 13, 11, 30, 24, 4, 14, 30, 11, 0)
s = 200: (0, 3, 2, 10, 9, 47, 15, 3, 10, 16, 7, 0)
------------------------------------------------------------------------
RESOURCE k = 2
s = 1: (0, 10, 9, 6, 6, 19, 24, 7, 9, 11, 3, 0)
s = 2: (0, 5, 7, 10, 8, 16, 24, 5, 19, 13, 4, 0)
s = 3: (0, 9, 5, 8, 7, 20, 42, 11, 9, 16, 3, 0)
s = 4: (0, 8, 5, 7, 8, 20, 38, 11, 13, 14, 4, 0)
s = 5: (0, 9, 6, 7, 9, 19, 51, 8, 14, 8, 6, 0)
s = 6: (0, 9, 6, 9, 9, 19, 23, 7, 10, 9, 4, 0)
s = 7: (0, 9, 5, 5, 12, 19, 35, 9, 8, 15, 4, 0)
s = 8: (0, 5, 6, 12, 10, 37, 17, 13, 15, 12, 4, 0)
s = 9: (0, 8, 6, 8, 10, 20, 27, 11, 10, 15, 3, 0)
s = 10: (0, 5, 7, 8, 9, 14, 18, 10, 14, 18, 5, 0)
s = 11: (0, 5, 8, 14, 11, 23, 38, 9, 6, 12, 6, 0)
s = 12: (0, 5, 6, 9, 9, 16, 39, 7, 12, 10, 5, 0)
s = 13: (0, 5, 5, 6, 6, 19, 28, 7, 13, 11, 3, 0)
s = 14: (0, 9, 5, 9, 5, 23, 27, 6, 6, 11, 4, 0)
s = 15: (0, 7, 6, 7, 8, 17, 24, 12, 8, 24, 4, 0)
s = 16: (0, 8, 6, 10, 10, 19, 29, 9, 13, 20, 4, 0)
s = 17: (0, 9, 9, 7, 9, 22, 28, 9, 15, 10, 3, 0)
s = 18: (0, 7, 6, 7, 12, 12, 50, 8, 10, 22, 4, 0)
s = 19: (0, 7, 7, 7, 7, 23, 27, 8, 9, 17, 4, 0)
s = 20: (0, 6, 6, 13, 7, 20, 17, 7, 8, 11, 3, 0)
s = 21: (0, 9, 6, 7, 6, 28, 17, 7, 12, 12, 7, 0)
s = 22: (0, 6, 10, 8, 13, 12, 41, 6, 11, 9, 5, 0)
s = 23: (0, 4, 5, 5, 10, 30, 25, 7, 7, 14, 5, 0)
s = 24: (0, 6, 9, 7, 10, 23, 34, 9, 14, 13, 3, 0)
s = 25: (0, 5, 6, 5, 8, 37, 37, 8, 12, 19, 6, 0)
s = 26: (0, 4, 8, 10, 7, 25, 34, 10, 14, 13, 6, 0)
s = 27: (0, 6, 6, 6, 11, 16, 32, 8, 10, 15, 5, 0)
s = 28: (0, 9, 9, 9, 9, 27, 26, 9, 7, 15, 5, 0)
s = 29: (0, 7, 5, 7, 8, 15, 27, 5, 8, 13, 3, 0)
s = 30: (0, 5, 7, 8, 7, 18, 25, 6, 10, 11, 6, 0)
s = 31: (0, 5, 10, 6, 5, 23, 32, 9, 9, 20, 5, 0)
s = 32: (0, 6, 7, 7, 11, 21, 23, 10, 7, 14, 3, 0)
s = 33: (0, 5, 9, 6, 7, 32, 25, 7, 10, 10, 5, 0)
s = 34: (0, 7, 5, 7, 6, 15, 42, 6, 8, 13, 4, 0)
s = 35: (0, 6, 4, 10, 6, 16, 43, 11, 11, 10, 7, 0)
s = 36: (0, 5, 6, 7, 7, 13, 41, 9, 10, 9, 5, 0)
s = 37: (0, 5, 10, 9, 7, 18, 25, 11, 10, 19, 4, 0)
s = 38: (0, 5, 8, 7, 5, 20, 26, 6, 9, 13, 4, 0)
s = 39: (0, 4, 5, 8, 7, 27, 28, 6, 10, 15, 6, 0)
s = 40: (0, 5, 5, 7, 10, 31, 32, 9, 10, 13, 4, 0)
s = 41: (0, 6, 6, 8, 7, 18, 21, 9, 6, 11, 7, 0)
s = 42: (0, 7, 8, 8, 6, 17, 41, 10, 10, 14, 6, 0)
s = 43: (0, 5, 9, 6, 8, 20, 22, 7, 9, 13, 3, 0)
s = 44: (0, 7, 9, 8, 11, 24, 28, 8, 11, 9, 3, 0)
s = 45: (0, 5, 6, 5, 14, 16, 22, 10, 12, 18, 6, 0)
s = 46: (0, 5, 7, 8, 8, 16, 23, 11, 7, 12, 6, 0)
s = 47: (0, 10, 5, 11, 7, 23, 24, 12, 10, 22, 4, 0)
s = 48: (0, 11, 5, 5, 7, 27, 33, 7, 8, 25, 5, 0)
s = 49: (0, 7, 4, 6, 11, 20, 27, 9, 10, 15, 4, 0)
s = 50: (0, 8, 7, 6, 7, 18, 43, 12, 8, 16, 4, 0)
s = 51: (0, 6, 6, 5, 9, 31, 47, 9, 13, 13, 3, 0)
s = 52: (0, 6, 6, 7, 9, 15, 41, 8, 11, 19, 7, 0)
s = 53: (0, 7, 6, 11, 8, 29, 24, 9, 13, 15, 4, 0)
s = 54: (0, 5, 10, 5, 6, 21, 35, 11, 9, 10, 4, 0)
s = 55: (0, 6, 7, 9, 9, 20, 27, 7, 13, 12, 4, 0)
s = 56: (0, 8, 6, 5, 10, 31, 35, 9, 9, 12, 4, 0)
s = 57: (0, 7, 5, 8, 8, 19, 43, 9, 9, 13, 5, 0)
s = 58: (0, 9, 10, 8, 11, 15, 27, 10, 10, 19, 5, 0)
s = 59: (0, 7, 8, 6, 6, 26, 30, 12, 15, 9, 4, 0)
s = 60: (0, 7, 7, 5, 7, 16, 32, 5, 9, 9, 4, 0)
s = 61: (0, 7, 4, 7, 12, 24, 25, 10, 10, 13, 5, 0)
s = 62: (0, 6, 6, 9, 7, 14, 25, 9, 17, 11, 7, 0)
s = 63: (0, 8, 9, 8, 5, 21, 31, 7, 11, 16, 5, 0)
s = 64: (0, 6, 10, 8, 8, 19, 24, 10, 9, 17, 4, 0)
s = 65: (0, 4, 5, 9, 9, 12, 27, 9, 12, 12, 4, 0)
s = 66: (0, 6, 7, 7, 5, 25, 25, 8, 15, 16, 5, 0)
s = 67: (0, 9, 4, 9, 5, 19, 26, 13, 13, 13, 4, 0)
s = 68: (0, 5, 6, 5, 9, 14, 25, 8, 7, 10, 4, 0)
s = 69: (0, 7, 5, 10, 9, 22, 19, 7, 12, 14, 6, 0)
s = 70: (0, 9, 11, 9, 6, 24, 27, 9, 12, 14, 6, 0)
s = 71: (0, 9, 6, 6, 9, 12, 37, 7, 17, 17, 4, 0)
s = 72: (0, 7, 8, 8, 10, 20, 26, 8, 9, 15, 5, 0)
s = 73: (0, 6, 4, 12, 10, 28, 58, 10, 15, 15, 5, 0)
s = 74: (0, 7, 8, 8, 7, 38, 48, 7, 10, 18, 4, 0)
s = 75: (0, 5, 6, 8, 11, 15, 29, 7, 9, 20, 3, 0)
s = 76: (0, 5, 4, 4, 8, 25, 28, 10, 12, 9, 4, 0)
s = 77: (0, 4, 5, 7, 11, 20, 30, 7, 8, 16, 5, 0)
s = 78: (0, 7, 8, 8, 8, 18, 35, 14, 13, 22, 6, 0)
s = 79: (0, 6, 8, 6, 10, 19, 32, 11, 13, 16, 6, 0)
s = 80: (0, 6, 5, 8, 6, 24, 41, 7, 9, 11, 5, 0)
s = 81: (0, 9, 4, 7, 6, 23, 40, 6, 10, 11, 6, 0)
s = 82: (0, 6, 4, 6, 6, 14, 45, 10, 9, 17, 4, 0)
s = 83: (0, 5, 7, 5, 11, 25, 36, 8, 10, 26, 4, 0)
s = 84: (0, 10, 7, 8, 6, 23, 32, 6, 11, 16, 4, 0)
s = 85: (0, 7, 6, 5, 11, 15, 21, 5, 11, 24, 5, 0)
s = 86: (0, 7, 8, 5, 8, 30, 29, 6, 12, 8, 6, 0)
s = 87: (0, 5, 8, 9, 13, 30, 24, 10, 13, 14, 6, 0)
s = 88: (0, 4, 8, 9, 6, 24, 50, 9, 7, 9, 6, 0)
s = 89: (0, 7, 7, 4, 8, 29, 20, 9, 7, 15, 3, 0)
s = 90: (0, 5, 4, 8, 6, 17, 23, 7, 9, 20, 4, 0)
s = 91: (0, 5, 6, 7, 11, 29, 36, 12, 10, 12, 4, 0)
s = 92: (0, 5, 6, 9, 10, 30, 19, 8, 8, 14, 4, 0)
s = 93: (0, 6, 6, 6, 14, 29, 31, 10, 12, 17, 3, 0)
s = 94: (0, 5, 7, 14, 7, 17, 26, 10, 12, 16, 5, 0)
s = 95: (0, 6, 8, 8, 12, 21, 29, 11, 15, 18, 3, 0)
s = 96: (0, 10, 4, 7, 9, 30, 41, 8, 10, 22, 5, 0)
s = 97: (0, 7, 7, 7, 6, 12, 26, 9, 9, 13, 6, 0)
s = 98: (0, 6, 6, 6, 8, 22, 41, 8, 9, 21, 4, 0)
s = 99: (0, 8, 6, 5, 10, 17, 48, 9, 13, 13, 4, 0)
s = 100: (0, 6, 4, 6, 8, 16, 25, 11, 14, 8, 3, 0)
s = 101: (0, 5, 5, 6, 5, 26, 35, 8, 13, 22, 6, 0)
s = 102: (0, 6, 9, 6, 7, 15, 47, 6, 9, 21, 5, 0)
s = 103: (0, 7, 8, 8, 7, 11, 53, 7, 7, 13, 3, 0)
s = 104: (0, 7, 5, 5, 7, 17, 48, 10, 9, 10, 3, 0)
s = 105: (0, 7, 6, 6, 7, 22, 30, 10, 8, 15, 4, 0)
s = 106: (0, 7, 6, 5, 10, 14, 29, 11, 9, 16, 4, 0)
s = 107: (0, 6, 7, 5, 6, 20, 35, 7, 7, 16, 3, 0)
s = 108: (0, 6, 6, 8, 11, 33, 32, 8, 10, 11, 5, 0)
s = 109: (0, 6, 8, 9, 9, 29, 24, 8, 8, 16, 6, 0)
s = 110: (0, 8, 6, 12, 11, 18, 42, 6, 12, 18, 5, 0)
s = 111: (0, 5, 4, 7, 5, 30, 49, 5, 8, 8, 5, 0)
s = 112: (0, 8, 6, 6, 6, 32, 31, 9, 13, 17, 3, 0)
s = 113: (0, 7, 8, 7, 6, 13, 26, 7, 11, 9, 4, 0)
s = 114: (0, 7, 7, 5, 7, 27, 21, 8, 16, 19, 4, 0)
s = 115: (0, 6, 6, 11, 9, 15, 19, 5, 14, 10, 3, 0)
s = 116: (0, 7, 8, 10, 7, 22, 31, 9, 13, 11, 3, 0)
s = 117: (0, 5, 8, 8, 5, 21, 51, 7, 7, 14, 3, 0)
s = 118: (0, 10, 6, 10, 7, 21, 31, 7, 6, 23, 4, 0)
s = 119: (0, 7, 5, 8, 9, 23, 31, 8, 12, 20, 5, 0)
s = 120: (0, 6, 7, 6, 5, 19, 29, 7, 17, 13, 5, 0)
s = 121: (0, 11, 6, 8, 5, 24, 45, 6, 8, 20, 5, 0)
s = 122: (0, 7, 6, 8, 5, 15, 20, 7, 7, 8, 5, 0)
s = 123: (0, 7, 5, 10, 6, 19, 27, 13, 11, 13, 4, 0)
s = 124: (0, 5, 8, 9, 8, 19, 32, 12, 18, 16, 6, 0)
s = 125: (0, 6, 4, 10, 12, 18, 41, 7, 13, 18, 3, 0)
s = 126: (0, 4, 6, 6, 8, 14, 24, 6, 16, 19, 5, 0)
s = 127: (0, 8, 7, 9, 7, 17, 43, 8, 10, 16, 5, 0)
s = 128: (0, 7, 4, 10, 7, 32, 26, 9, 13, 11, 3, 0)
s = 129: (0, 6, 10, 9, 5, 25, 27, 8, 12, 14, 5, 0)
s = 130: (0, 4, 7, 5, 8, 20, 33, 7, 11, 21, 4, 0)
s = 131: (0, 6, 5, 6, 8, 29, 30, 10, 10, 10, 4, 0)
s = 132: (0, 5, 6, 9, 5, 14, 37, 7, 14, 10, 4, 0)
s = 133: (0, 8, 6, 10, 7, 15, 33, 7, 12, 15, 4, 0)
s = 134: (0, 4, 5, 10, 12, 16, 30, 11, 12, 14, 4, 0)
s = 135: (0, 8, 6, 9, 11, 21, 35, 7, 7, 17, 3, 0)
s = 136: (0, 8, 6, 10, 14, 20, 47, 9, 14, 19, 5, 0)
s = 137: (0, 8, 6, 5, 6, 23, 41, 8, 8, 14, 5, 0)
s = 138: (0, 6, 6, 7, 7, 21, 32, 11, 11, 10, 5, 0)
s = 139: (0, 4, 4, 6, 9, 29, 20, 9, 7, 21, 7, 0)
s = 140: (0, 8, 8, 10, 10, 16, 42, 5, 9, 16, 3, 0)
s = 141: (0, 6, 5, 5, 8, 14, 31, 12, 13, 12, 6, 0)
s = 142: (0, 11, 7, 9, 8, 23, 45, 13, 8, 9, 5, 0)
s = 143: (0, 4, 7, 6, 9, 27, 43, 7, 9, 23, 4, 0)
s = 144: (0, 6, 5, 5, 6, 19, 26, 9, 15, 11, 4, 0)
s = 145: (0, 5, 7, 11, 9, 15, 49, 6, 10, 10, 3, 0)
s = 146: (0, 6, 9, 7, 7, 34, 38, 8, 11, 16, 5, 0)
s = 147: (0, 4, 5, 7, 10, 32, 29, 6, 14, 10, 5, 0)
s = 148: (0, 6, 5, 5, 5, 14, 23, 11, 10, 15, 5, 0)
s = 149: (0, 5, 7, 8, 8, 16, 40, 6, 15, 15, 4, 0)
s = 150: (0, 8, 6, 4, 8, 20, 39, 7, 11, 15, 4, 0)
s = 151: (0, 5, 9, 8, 8, 24, 22, 5, 9, 12, 5, 0)
s = 152: (0, 6, 8, 11, 11, 14, 30, 15, 8, 10, 4, 0)
s = 153: (0, 4, 6, 5, 9, 24, 55, 7, 9, 8, 6, 0)
s = 154: (0, 7, 5, 5, 7, 30, 22, 11, 16, 14, 3, 0)
s = 155: (0, 9, 8, 4, 12, 18, 33, 6, 14, 18, 6, 0)
s = 156: (0, 7, 8, 5, 10, 17, 55, 8, 6, 10, 3, 0)
s = 157: (0, 5, 11, 9, 5, 18, 23, 9, 12, 13, 5, 0)
s = 158: (0, 11, 7, 6, 5, 12, 26, 10, 14, 11, 3, 0)
s = 159: (0, 8, 6, 8, 5, 20, 28, 6, 10, 26, 5, 0)
s = 160: (0, 7, 10, 8, 9, 34, 21, 10, 8, 19, 5, 0)
s = 161: (0, 7, 7, 6, 11, 23, 37, 8, 10, 10, 3, 0)
s = 162: (0, 9, 6, 9, 6, 25, 50, 8, 10, 13, 4, 0)
s = 163: (0, 4, 6, 7, 5, 17, 33, 6, 10, 18, 4, 0)
s = 164: (0, 5, 4, 6, 8, 30, 33, 10, 14, 14, 5, 0)
s = 165: (0, 7, 7, 5, 7, 12, 26, 8, 11, 12, 7, 0)
s = 166: (0, 7, 4, 5, 11, 15, 26, 6, 7, 21, 5, 0)
s = 167: (0, 6, 8, 7, 7, 18, 41, 9, 11, 14, 5, 0)
s = 168: (0, 6, 5, 9, 7, 30, 42, 10, 16, 12, 6, 0)
s = 169: (0, 6, 5, 11, 15, 31, 30, 13, 11, 13, 4, 0)
s = 170: (0, 5, 6, 11, 11, 19, 30, 10, 16, 12, 4, 0)
s = 171: (0, 11, 8, 7, 10, 22, 27, 7, 14, 9, 3, 0)
s = 172: (0, 6, 6, 6, 8, 30, 43, 6, 10, 14, 5, 0)
s = 173: (0, 5, 6, 9, 10, 22, 34, 8, 6, 19, 3, 0)
s = 174: (0, 6, 4, 8, 5, 17, 31, 9, 10, 12, 6, 0)
s = 175: (0, 7, 4, 4, 9, 20, 32, 6, 10, 14, 5, 0)
s = 176: (0, 9, 5, 5, 7, 28, 36, 11, 16, 13, 6, 0)
s = 177: (0, 6, 9, 9, 7, 32, 43, 7, 12, 11, 4, 0)
s = 178: (0, 8, 5, 9, 6, 18, 21, 7, 13, 13, 6, 0)
s = 179: (0, 6, 5, 5, 5, 17, 51, 12, 12, 21, 4, 0)
s = 180: (0, 5, 12, 5, 5, 23, 39, 13, 15, 13, 4, 0)
s = 181: (0, 11, 8, 7, 9, 16, 36, 7, 12, 10, 7, 0)
s = 182: (0, 6, 7, 11, 8, 17, 27, 7, 12, 9, 3, 0)
s = 183: (0, 5, 8, 9, 12, 26, 23, 8, 7, 16, 4, 0)
s = 184: (0, 6, 7, 8, 6, 23, 37, 7, 11, 10, 6, 0)
s = 185: (0, 4, 6, 10, 10, 29, 42, 7, 14, 16, 4, 0)
s = 186: (0, 7, 4, 5, 8, 21, 51, 13, 11, 14, 5, 0)
s = 187: (0, 7, 5, 6, 8, 19, 29, 9, 13, 8, 5, 0)
s = 188: (0, 5, 9, 9, 10, 20, 19, 6, 9, 18, 4, 0)
s = 189: (0, 9, 5, 11, 9, 17, 23, 6, 9, 19, 3, 0)
s = 190: (0, 9, 6, 13, 10, 25, 41, 6, 12, 10, 3, 0)
s = 191: (0, 5, 5, 9, 6, 20, 37, 5, 11, 11, 5, 0)
s = 192: (0, 7, 7, 9, 11, 23, 30, 9, 8, 18, 5, 0)
s = 193: (0, 6, 10, 6, 7, 13, 36, 7, 9, 13, 5, 0)
s = 194: (0, 5, 5, 10, 10, 25, 25, 6, 18, 22, 7, 0)
s = 195: (0, 6, 5, 9, 8, 13, 43, 9, 8, 13, 5, 0)
s = 196: (0, 8, 5, 9, 7, 19, 37, 7, 12, 19, 3, 0)
s = 197: (0, 7, 9, 7, 7, 23, 21, 5, 8, 14, 4, 0)
s = 198: (0, 7, 4, 4, 9, 18, 30, 7, 18, 10, 3, 0)
s = 199: (0, 8, 7, 9, 11, 17, 32, 9, 14, 21, 6, 0)
s = 200: (0, 5, 4, 7, 9, 26, 20, 7, 10, 12, 4, 0)
************************************************************************
ES/LS-VALUES:
jobnr.   ES(i)    LS(i)
------------------------------------------------------------------------
  0        0        0
  1        0       48
  2        0       50
  3        0       42
  4        2       44
  5        9       52
  6        9       52
  7        9       58
  8       16       60
  9       16       60
 10        4       62
 11       19       64
************************************************************************
BIG-M-VALUES:
M1 = 30, M2 = 116
************************************************************************
