************************************************************************
file with basedata            : j30_40.bas
initial value random generator: 1370041564
************************************************************************
projects                      :  1
jobs (incl. supersource/sink ):  32
horizon                       :  164
RESOURCES
  - renewable                 :  4   R
  - nonrenewable              :  0   N
  - doubly constrained        :  0   D
************************************************************************
PROJECT INFORMATION:
pronr.  #jobs rel.date duedate tardcost  MPM-Time
    1     30      0       53       11       53
************************************************************************
PRECEDENCE RELATIONS:
jobnr.    #modes  #successors   successors
   0        1          3           1   2   3
   1        1          3           4   8  22
   2        1          3           5   6   7
   3        1          3           9  14  23
   4        1          3           9  12  23
   5        1          3          11  17  30
   6        1          3          13  18  22
   7        1          1          20
   8        1          3           9  10  12
   9        1          1          25
  10        1          2          14  18
  11        1          2          14  16
  12        1          3          15  16  19
  13        1          1          28
  14        1          1          24
  15        1          2          25  29
  16        1          2          26  27
  17        1          1          24
  18        1          1          21
  19        1          2          24  29
  20        1          1          21
  21        1          2          23  25
  22        1          2          27  29
  23        1          2          26  30
  24        1          1          27
  25        1          2          26  30
  26        1          1          28
  27        1          1          28
  28        1          1          31
  29        1          1          31
  30        1          1          31
  31        1          0        
************************************************************************
REQUESTS/DURATIONS:
jobnr. mode duration  R 1  R 2  R 3  R 4  E(W 1)
------------------------------------------------------------------------
  0      1     0       0    0    0    0     0
  1      1     5       0    3    0    0    15
  2      1     1       4    0    0    0     4
  3      1     8       2    0    8    0    80
  4      1     4      10    0    0   10    80
  5      1     4       0    8    7    0    60
  6      1     1       9    2    0    2    13
  7      1     7       0    1    5    0    49
  8      1    10       0    5    3    0    80
  9      1     5       0    1    2    0    20
 10      1     6       2    0    5    0    42
 11      1     9       9    0    0    0    81
 12      1     7       4    1    0    5    77
 13      1     4       7    4    4    0    60
 14      1     6       0    0    6    4    60
 15      1     6       0    0    0    8    48
 16      1     2      10    2    0    3    30
 17      1     9       2   10    0    4    144
 18      1     9       0    4    0    9    117
 19      1     5       0    0    0   10    50
 20      1     8       4    0    0   10    112
 21      1     2       9    3    2    0    28
 22      1     8       0    0    3    8    88
 23      1     5       0    3    0    1    25
 24      1     5      10    0   10    0    100
 25      1     3       2    0    0    1    12
 26      1     8       0    0    9    6    120
 27      1     1       0    4    0   10    14
 28      1     8       0    6    0    0    48
 29      1     7       4   10    0    0    98
 30      1     1       0    9    8   10    27
 31      1     0       0    0    0    0     0
************************************************************************
RESOURCEAVAILABILITIES:
  R 1
   108
************************************************************************
RESOURCE LIMITS:
jobnr.  l(R 1)  u(R 1)
------------------------------------------------------------------------
  0        0       0
  1        2       3
  2        2       4
  3        5      10
  4       10      20
  5        8      15
  6        7      13
  7        4       7
  8        5       8
  9        2       4
 10        4       7
 11        5       9
 12        6      11
 13        8      15
 14        5      10
 15        4       8
 16        8      15
 17        8      16
 18        7      13
 19        5      10
 20        7      14
 21        8      14
 22        6      11
 23        3       5
 24       10      20
 25        2       4
 26        8      15
 27        7      14
 28        3       6
 29        7      14
 30       14      27
 31        0       0
************************************************************************
SCENARIOS:
------------------------------------------------------------------------
RESOURCE k = 1
s = 1: (0, 19, 5, 120, 75, 40, 14, 43, 56, 14, 34, 55, 113, 72, 53, 31, 24, 193, 88, 34, 103, 26, 89, 21, 164, 20, 117, 11, 61, 62, 21, 0)
s = 2: (0, 9, 5, 62, 54, 56, 10, 66, 97, 21, 47, 82, 57, 70, 46, 34, 34, 96, 146, 77, 79, 45, 77, 24, 79, 10, 172, 19, 69, 73, 27, 0)
s = 3: (0, 19, 4, 50, 112, 33, 11, 63, 103, 19, 54, 75, 59, 44, 47, 33, 32, 78, 134, 67, 70, 42, 75, 16, 116, 19, 99, 13, 51, 107, 32, 0)
s = 4: (0, 16, 4, 76, 82, 74, 12, 50, 95, 28, 48, 68, 105, 82, 55, 70, 32, 154, 90, 32, 129, 27, 60, 23, 66, 11, 95, 17, 41, 70, 38, 0)
s = 5: (0, 10, 5, 65, 63, 75, 13, 36, 77, 28, 35, 76, 105, 89, 105, 53, 34, 219, 97, 42, 183, 32, 136, 20, 109, 9, 75, 19, 46, 119, 38, 0)
s = 6: (0, 17, 4, 64, 75, 43, 9, 46, 103, 24, 46, 73, 72, 33, 83, 67, 41, 233, 107, 57, 63, 28, 97, 20, 140, 12, 80, 14, 56, 81, 31, 0)
s = 7: (0, 18, 5, 57, 63, 86, 9, 33, 48, 12, 58, 89, 54, 40, 68, 56, 44, 99, 93, 29, 136, 37, 104, 37, 148, 11, 86, 14, 57, 55, 27, 0)
s = 8: (0, 21, 5, 72, 67, 99, 15, 50, 85, 20, 51, 75, 59, 84, 51, 76, 25, 165, 173, 44, 159, 17, 112, 25, 99, 13, 195, 16, 31, 104, 18, 0)
s = 9: (0, 22, 4, 65, 47, 78, 14, 53, 84, 14, 66, 84, 71, 68, 69, 52, 25, 107, 100, 52, 91, 23, 82, 25, 74, 8, 120, 19, 50, 106, 44, 0)
s = 10: (0, 15, 4, 79, 76, 46, 10, 77, 79, 13, 40, 104, 73, 65, 64, 82, 18, 157, 149, 57, 103, 29, 124, 20, 83, 13, 144, 20, 43, 66, 34, 0)
s = 11: (0, 11, 4, 72, 67, 46, 16, 48, 109, 29, 37, 52, 95, 43, 70, 52, 31, 115, 111, 31, 78, 21, 74, 34, 75, 7, 83, 15, 47, 146, 19, 0)
s = 12: (0, 19, 4, 103, 105, 51, 18, 51, 54, 14, 29, 108, 63, 81, 55, 30, 43, 144, 133, 66, 123, 28, 78, 22, 100, 12, 133, 20, 75, 130, 31, 0)
s = 13: (0, 23, 5, 73, 73, 39, 18, 57, 54, 24, 25, 49, 63, 52, 51, 39, 32, 126, 100, 52, 82, 27, 95, 22, 124, 9, 127, 22, 38, 63, 28, 0)
s = 14: (0, 16, 4, 66, 82, 69, 19, 38, 52, 23, 58, 92, 59, 50, 33, 68, 32, 94, 113, 30, 80, 20, 93, 16, 143, 9, 110, 8, 80, 99, 44, 0)
s = 15: (0, 19, 5, 78, 71, 42, 16, 60, 57, 19, 47, 117, 55, 41, 50, 45, 18, 169, 117, 53, 169, 37, 75, 29, 160, 10, 158, 11, 39, 140, 25, 0)
s = 16: (0, 19, 6, 70, 96, 55, 15, 50, 100, 14, 32, 106, 119, 78, 79, 28, 46, 128, 139, 34, 107, 21, 93, 26, 111, 11, 130, 14, 55, 119, 21, 0)
s = 17: (0, 11, 5, 95, 83, 75, 10, 43, 70, 31, 23, 83, 103, 72, 75, 73, 33, 145, 70, 50, 168, 33, 108, 28, 131, 14, 178, 17, 44, 101, 21, 0)
s = 18: (0, 19, 7, 92, 69, 34, 18, 30, 79, 28, 53, 74, 110, 84, 35, 45, 44, 215, 212, 67, 79, 27, 47, 16, 87, 11, 136, 14, 61, 75, 22, 0)
s = 19: (0, 23, 4, 71, 75, 73, 19, 41, 96, 14, 46, 87, 71, 51, 71, 51, 25, 158, 115, 39, 113, 44, 65, 16, 85, 13, 207, 9, 35, 94, 22, 0)
s = 20: (0, 11, 3, 69, 109, 48, 15, 40, 87, 25, 53, 98, 60, 44, 67, 86, 43, 124, 88, 41, 122, 31, 133, 31, 102, 13, 98, 18, 48, 121, 36, 0)
s = 21: (0, 29, 5, 131, 72, 45, 13, 63, 81, 29, 39, 110, 61, 90, 46, 47, 26, 164, 110, 43, 145, 31, 58, 20, 63, 9, 117, 8, 49, 167, 31, 0)
s = 22: (0, 26, 4, 78, 90, 107, 14, 55, 78, 32, 32, 48, 62, 40, 38, 43, 49, 103, 130, 34, 174, 38, 60, 29, 124, 16, 102, 16, 51, 126, 22, 0)
s = 23: (0, 17, 4, 82, 90, 40, 8, 30, 82, 28, 69, 99, 82, 47, 65, 39, 23, 140, 102, 34, 129, 36, 111, 22, 144, 13, 153, 12, 63, 98, 23, 0)
s = 24: (0, 19, 6, 56, 91, 50, 11, 40, 92, 18, 38, 103, 58, 68, 45, 36, 27, 125, 161, 30, 123, 32, 99, 19, 80, 11, 69, 13, 43, 107, 48, 0)
s = 25: (0, 16, 6, 82, 67, 55, 16, 31, 58, 21, 49, 89, 73, 50, 78, 68, 25, 241, 101, 33, 77, 42, 66, 24, 127, 15, 105, 9, 42, 134, 34, 0)
s = 26: (0, 13, 4, 49, 48, 44, 13, 39, 74, 32, 57, 84, 61, 55, 63, 51, 30, 174, 79, 69, 176, 37, 83, 35, 74, 11, 112, 19, 26, 131, 23, 0)
s = 27: (0, 12, 5, 55, 81, 40, 11, 67, 64, 13, 48, 108, 91, 71, 62, 38, 36, 200, 103, 30, 121, 27, 59, 27, 140, 17, 157, 23, 29, 175, 26, 0)
s = 28: (0, 16, 5, 79, 61, 66, 15, 65, 70, 20, 30, 123, 82, 105, 68, 39, 22, 99, 102, 37, 60, 17, 112, 16, 97, 14, 88, 9, 59, 91, 41, 0)
s = 29: (0, 19, 4, 61, 64, 69, 14, 57, 76, 16, 26, 115, 72, 83, 52, 40, 28, 120, 100, 44, 126, 28, 53, 32, 83, 11, 136, 10, 55, 123, 34, 0)
s = 30: (0, 17, 4, 62, 103, 68, 20, 60, 51, 30, 46, 64, 108, 60, 45, 69, 36, 91, 76, 33, 91, 37, 75, 14, 97, 19, 114, 12, 39, 150, 24, 0)
s = 31: (0, 9, 4, 99, 78, 56, 13, 87, 108, 17, 61, 87, 89, 45, 73, 34, 24, 151, 175, 34, 105, 45, 108, 21, 117, 7, 114, 15, 36, 57, 22, 0)
s = 32: (0, 14, 6, 70, 98, 97, 19, 29, 97, 29, 29, 61, 59, 66, 51, 58, 49, 120, 124, 61, 93, 39, 58, 16, 94, 16, 90, 12, 42, 101, 24, 0)
s = 33: (0, 14, 5, 83, 92, 58, 12, 54, 62, 16, 35, 89, 88, 38, 46, 45, 25, 100, 154, 50, 101, 25, 103, 36, 144, 15, 143, 20, 38, 101, 54, 0)
s = 34: (0, 14, 4, 78, 57, 48, 15, 34, 117, 22, 58, 82, 45, 44, 51, 36, 32, 99, 241, 55, 120, 21, 124, 31, 84, 17, 175, 15, 76, 114, 33, 0)
s = 35: (0, 17, 7, 74, 83, 73, 11, 40, 54, 12, 35, 74, 88, 49, 78, 40, 19, 134, 128, 48, 104, 19, 107, 31, 103, 16, 75, 10, 32, 86, 26, 0)
s = 36: (0, 24, 4, 74, 61, 93, 16, 53, 142, 28, 35, 155, 53, 65, 48, 35, 20, 116, 62, 60, 139, 29, 73, 29, 147, 9, 112, 12, 42, 162, 23, 0)
s = 37: (0, 22, 4, 60, 109, 58, 14, 63, 58, 23, 69, 125, 135, 35, 55, 61, 18, 206, 113, 57, 114, 32, 160, 22, 124, 11, 105, 9, 38, 116, 18, 0)
s = 38: (0, 9, 4, 54, 78, 38, 17, 55, 86, 22, 40, 70, 58, 71, 44, 57, 30, 112, 122, 49, 190, 26, 103, 46, 107, 14, 119, 15, 43, 92, 17, 0)
s = 39: (0, 12, 4, 55, 118, 42, 18, 39, 57, 26, 50, 88, 83, 73, 62, 36, 36, 190, 175, 60, 90, 21, 146, 29, 60, 10, 207, 18, 36, 81, 18, 0)
s = 40: (0, 15, 5, 113, 92, 81, 12, 42, 45, 12, 39, 57, 61, 70, 54, 53, 22, 121, 88, 63, 180, 50, 67, 29, 78, 17, 124, 17, 40, 94, 21, 0)
s = 41: (0, 16, 3, 75, 104, 63, 17, 57, 61, 20, 39, 46, 66, 61, 51, 60, 21, 149, 95, 42, 127, 30, 48, 30, 117, 13, 123, 14, 53, 138, 38, 0)
s = 42: (0, 25, 3, 51, 81, 54, 9, 33, 58, 19, 34, 155, 89, 51, 77, 34, 26, 86, 77, 57, 106, 29, 58, 29, 72, 10, 112, 10, 36, 67, 34, 0)
s = 43: (0, 9, 5, 79, 83, 41, 11, 38, 47, 19, 28, 91, 51, 53, 53, 46, 35, 76, 81, 56, 129, 36, 57, 29, 84, 10, 97, 12, 63, 54, 20, 0)
s = 44: (0, 21, 3, 52, 76, 35, 18, 44, 71, 20, 62, 100, 79, 84, 65, 41, 23, 147, 68, 53, 78, 28, 75, 31, 108, 14, 111, 18, 49, 78, 48, 0)
s = 45: (0, 11, 4, 131, 65, 38, 9, 54, 77, 16, 45, 68, 87, 73, 49, 46, 25, 163, 111, 36, 62, 16, 69, 23, 93, 10, 70, 13, 44, 106, 26, 0)
s = 46: (0, 12, 6, 94, 113, 90, 13, 28, 61, 14, 43, 59, 84, 40, 48, 46, 39, 125, 146, 57, 132, 23, 127, 21, 59, 15, 113, 17, 62, 85, 32, 0)
s = 47: (0, 12, 7, 106, 63, 63, 9, 46, 84, 20, 38, 65, 68, 63, 42, 33, 43, 253, 144, 33, 85, 22, 70, 18, 131, 11, 153, 10, 56, 149, 21, 0)
s = 48: (0, 13, 4, 86, 48, 61, 12, 37, 65, 26, 32, 65, 85, 96, 37, 36, 34, 172, 84, 44, 115, 26, 83, 21, 84, 15, 86, 9, 61, 96, 39, 0)
s = 49: (0, 14, 3, 52, 55, 78, 15, 37, 106, 18, 37, 71, 131, 71, 59, 68, 49, 143, 89, 50, 120, 43, 136, 33, 87, 18, 140, 18, 37, 137, 38, 0)
s = 50: (0, 15, 6, 66, 60, 52, 15, 61, 82, 17, 55, 60, 61, 45, 77, 54, 31, 104, 69, 42, 151, 32, 84, 22, 95, 9, 119, 9, 42, 95, 36, 0)
s = 51: (0, 25, 4, 110, 58, 51, 10, 66, 117, 18, 53, 94, 77, 67, 65, 66, 44, 169, 113, 73, 97, 28, 140, 30, 76, 9, 97, 10, 39, 89, 31, 0)
s = 52: (0, 16, 4, 56, 102, 67, 11, 63, 78, 16, 51, 70, 119, 52, 49, 50, 32, 128, 66, 65, 70, 38, 90, 38, 103, 10, 112, 18, 66, 65, 24, 0)
s = 53: (0, 14, 6, 42, 50, 50, 9, 32, 47, 18, 46, 57, 65, 53, 44, 72, 40, 145, 172, 42, 101, 28, 57, 23, 98, 8, 86, 14, 81, 104, 22, 0)
s = 54: (0, 12, 4, 95, 69, 61, 11, 35, 71, 27, 24, 101, 82, 46, 89, 32, 34, 158, 85, 57, 166, 18, 116, 19, 53, 16, 89, 14, 65, 70, 34, 0)
s = 55: (0, 12, 4, 64, 85, 57, 11, 37, 85, 27, 32, 80, 86, 44, 43, 30, 32, 118, 168, 77, 89, 19, 136, 26, 139, 12, 73, 12, 38, 116, 27, 0)
s = 56: (0, 15, 6, 64, 66, 76, 8, 65, 73, 16, 24, 46, 52, 44, 42, 39, 27, 163, 124, 70, 104, 28, 96, 25, 126, 7, 99, 9, 29, 113, 29, 0)
s = 57: (0, 18, 5, 93, 62, 60, 11, 57, 68, 20, 46, 84, 144, 63, 72, 41, 33, 171, 81, 51, 120, 20, 132, 20, 60, 11, 126, 14, 72, 94, 46, 0)
s = 58: (0, 14, 5, 59, 83, 61, 9, 46, 87, 21, 44, 111, 49, 71, 55, 45, 31, 136, 138, 66, 77, 31, 82, 35, 91, 10, 120, 13, 62, 78, 36, 0)
s = 59: (0, 13, 7, 88, 64, 78, 12, 70, 117, 29, 39, 99, 84, 56, 92, 45, 37, 81, 133, 39, 119, 30, 143, 21, 57, 17, 65, 10, 59, 98, 32, 0)
s = 60: (0, 21, 4, 90, 87, 51, 15, 41, 107, 18, 56, 68, 74, 52, 100, 58, 28, 151, 106, 53, 125, 35, 101, 18, 85, 16, 182, 15, 44, 89, 23, 0)
s = 61: (0, 12, 3, 73, 61, 95, 11, 52, 67, 13, 67, 67, 81, 50, 70, 37, 39, 136, 99, 44, 110, 44, 120, 30, 103, 13, 87, 9, 49, 161, 26, 0)
s = 62: (0, 15, 6, 85, 47, 37, 12, 40, 98, 29, 48, 63, 112, 47, 57, 55, 32, 129, 88, 47, 120, 38, 119, 29, 105, 12, 81, 21, 31, 138, 22, 0)
s = 63: (0, 10, 4, 66, 111, 88, 9, 44, 56, 16, 29, 100, 56, 81, 43, 66, 23, 117, 77, 59, 98, 30, 74, 28, 76, 14, 121, 12, 34, 55, 26, 0)
s = 64: (0, 20, 6, 82, 95, 49, 14, 39, 74, 14, 30, 68, 89, 90, 62, 46, 33, 97, 69, 36, 115, 35, 76, 40, 117, 16, 106, 15, 28, 129, 30, 0)
s = 65: (0, 22, 6, 109, 135, 38, 18, 75, 80, 22, 40, 77, 43, 38, 59, 35, 32, 206, 124, 60, 73, 47, 130, 21, 139, 18, 113, 17, 86, 69, 25, 0)
s = 66: (0, 23, 3, 122, 59, 85, 12, 70, 88, 30, 34, 59, 96, 48, 55, 42, 33, 121, 71, 41, 73, 42, 110, 26, 132, 13, 105, 18, 27, 118, 36, 0)
s = 67: (0, 17, 3, 75, 88, 69, 10, 57, 88, 20, 56, 56, 104, 53, 79, 32, 29, 124, 151, 62, 130, 33, 76, 22, 65, 19, 119, 20, 58, 128, 31, 0)
s = 68: (0, 20, 3, 92, 70, 38, 9, 67, 85, 16, 31, 89, 108, 57, 45, 45, 18, 230, 163, 35, 135, 21, 115, 33, 66, 9, 225, 20, 46, 98, 34, 0)
s = 69: (0, 21, 6, 65, 98, 69, 16, 32, 45, 19, 49, 76, 50, 85, 68, 78, 23, 176, 121, 37, 106, 30, 85, 33, 86, 18, 123, 19, 53, 83, 22, 0)
s = 70: (0, 18, 3, 71, 78, 66, 19, 74, 93, 14, 43, 60, 63, 59, 78, 29, 22, 149, 168, 38, 179, 40, 71, 23, 156, 17, 89, 10, 45, 72, 30, 0)
s = 71: (0, 9, 5, 61, 71, 70, 9, 51, 62, 27, 50, 57, 108, 52, 80, 33, 49, 119, 132, 79, 98, 25, 89, 17, 75, 13, 77, 19, 28, 116, 25, 0)
s = 72: (0, 10, 5, 54, 50, 99, 15, 41, 110, 14, 40, 62, 105, 51, 49, 38, 23, 118, 80, 29, 115, 27, 88, 25, 75, 12, 154, 20, 68, 91, 31, 0)
s = 73: (0, 23, 5, 154, 78, 39, 21, 63, 77, 20, 65, 90, 83, 44, 64, 62, 18, 225, 88, 74, 86, 26, 65, 19, 102, 14, 81, 13, 33, 88, 48, 0)
s = 74: (0, 17, 5, 98, 133, 50, 10, 62, 107, 17, 43, 111, 120, 59, 34, 38, 22, 257, 158, 60, 107, 22, 68, 21, 75, 8, 129, 11, 31, 95, 17, 0)
s = 75: (0, 10, 6, 83, 96, 63, 14, 57, 60, 19, 49, 72, 67, 53, 67, 49, 29, 107, 121, 60, 89, 29, 75, 31, 79, 14, 118, 12, 57, 60, 38, 0)
s = 76: (0, 14, 4, 76, 95, 111, 8, 38, 80, 19, 51, 109, 114, 43, 78, 40, 21, 207, 123, 57, 82, 35, 82, 22, 62, 20, 199, 16, 42, 94, 23, 0)
s = 77: (0, 15, 5, 92, 88, 45, 11, 32, 52, 13, 28, 69, 79, 41, 70, 40, 28, 147, 142, 49, 90, 26, 73, 16, 91, 17, 77, 10, 38, 99, 22, 0)
s = 78: (0, 9, 4, 88, 43, 38, 9, 49, 96, 19, 41, 106, 108, 60, 64, 61, 34, 120, 114, 33, 139, 30, 132, 27, 75, 12, 117, 11, 53, 68, 18, 0)
s = 79: (0, 24, 5, 83, 105, 85, 11, 60, 106, 18, 67, 55, 64, 63, 47, 34, 45, 251, 112, 59, 79, 26, 96, 24, 81, 14, 140, 10, 63, 77, 31, 0)
s = 80: (0, 14, 4, 101, 72, 82, 14, 34, 75, 14, 50, 105, 109, 70, 33, 50, 34, 140, 91, 38, 65, 32, 75, 21, 94, 13, 145, 10, 75, 82, 43, 0)
s = 81: (0, 14, 6, 69, 103, 66, 12, 50, 127, 22, 36, 101, 51, 40, 33, 26, 29, 148, 86, 36, 151, 49, 61, 37, 120, 8, 72, 19, 52, 94, 25, 0)
s = 82: (0, 9, 6, 89, 90, 81, 15, 58, 107, 22, 40, 65, 94, 59, 63, 47, 37, 127, 66, 50, 88, 41, 73, 22, 168, 10, 128, 12, 57, 52, 40, 0)
s = 83: (0, 16, 4, 76, 69, 77, 9, 45, 56, 21, 50, 143, 101, 81, 72, 41, 29, 114, 187, 53, 90, 26, 125, 31, 127, 18, 110, 13, 64, 137, 29, 0)
s = 84: (0, 13, 4, 111, 53, 50, 11, 50, 69, 19, 36, 107, 51, 66, 73, 40, 21, 202, 142, 88, 135, 30, 92, 17, 78, 8, 119, 9, 51, 153, 29, 0)
s = 85: (0, 12, 7, 67, 60, 67, 14, 44, 61, 22, 42, 99, 132, 50, 91, 58, 29, 90, 81, 78, 101, 27, 120, 16, 164, 13, 108, 15, 28, 84, 35, 0)
s = 86: (0, 18, 6, 89, 95, 38, 12, 34, 71, 12, 58, 111, 45, 60, 54, 42, 33, 141, 80, 26, 86, 23, 100, 32, 120, 9, 114, 19, 73, 105, 24, 0)
s = 87: (0, 17, 4, 53, 66, 54, 8, 58, 130, 22, 53, 97, 89, 50, 38, 39, 35, 195, 111, 29, 114, 33, 65, 29, 64, 14, 135, 20, 38, 83, 28, 0)
s = 88: (0, 22, 5, 113, 68, 46, 12, 31, 116, 20, 25, 59, 103, 52, 50, 38, 33, 184, 133, 59, 118, 24, 155, 37, 97, 12, 130, 11, 41, 63, 27, 0)
s = 89: (0, 18, 6, 67, 79, 47, 8, 38, 96, 16, 46, 74, 108, 43, 62, 32, 38, 119, 189, 31, 91, 27, 86, 22, 97, 18, 98, 9, 46, 94, 46, 0)
s = 90: (0, 15, 7, 72, 77, 50, 13, 35, 79, 15, 35, 57, 74, 42, 38, 49, 24, 103, 131, 59, 77, 28, 95, 32, 181, 13, 201, 13, 68, 101, 18, 0)
s = 91: (0, 20, 4, 45, 67, 41, 13, 59, 70, 23, 45, 80, 90, 64, 43, 59, 20, 121, 109, 65, 87, 19, 71, 24, 80, 14, 137, 16, 40, 54, 28, 0)
s = 92: (0, 20, 3, 107, 90, 79, 10, 42, 96, 20, 68, 55, 67, 65, 69, 30, 21, 160, 179, 40, 145, 31, 131, 25, 110, 12, 91, 26, 72, 92, 29, 0)
s = 93: (0, 13, 4, 104, 97, 86, 9, 41, 59, 17, 57, 62, 65, 68, 95, 37, 33, 124, 107, 58, 84, 30, 77, 35, 99, 15, 75, 13, 56, 106, 30, 0)
s = 94: (0, 18, 4, 48, 70, 55, 9, 38, 49, 20, 37, 101, 71, 61, 52, 58, 28, 121, 102, 53, 73, 26, 102, 37, 130, 14, 79, 9, 67, 151, 18, 0)
s = 95: (0, 15, 8, 56, 80, 42, 21, 90, 64, 19, 49, 116, 92, 107, 40, 57, 24, 105, 82, 92, 120, 44, 70, 39, 106, 14, 155, 18, 50, 135, 22, 0)
s = 96: (0, 20, 4, 116, 50, 52, 12, 38, 72, 19, 56, 99, 111, 56, 32, 52, 23, 150, 161, 38, 143, 20, 81, 19, 165, 13, 146, 11, 34, 78, 27, 0)
s = 97: (0, 12, 4, 105, 59, 115, 10, 48, 78, 21, 42, 51, 58, 37, 51, 62, 17, 231, 141, 49, 114, 31, 121, 25, 63, 9, 113, 16, 46, 133, 38, 0)
s = 98: (0, 21, 6, 92, 56, 46, 11, 63, 97, 16, 25, 64, 71, 69, 43, 58, 42, 126, 74, 37, 131, 46, 128, 20, 94, 9, 190, 10, 37, 52, 26, 0)
s = 99: (0, 9, 5, 80, 104, 56, 13, 36, 65, 19, 31, 71, 39, 47, 33, 34, 18, 111, 120, 56, 80, 29, 61, 31, 67, 8, 105, 10, 33, 167, 34, 0)
s = 100: (0, 12, 3, 55, 50, 67, 13, 49, 53, 14, 31, 78, 62, 37, 37, 84, 41, 117, 71, 57, 108, 23, 87, 28, 119, 16, 129, 15, 49, 82, 25, 0)
s = 101: (0, 12, 3, 59, 56, 75, 12, 67, 51, 34, 29, 96, 45, 47, 59, 30, 24, 141, 81, 58, 150, 36, 66, 29, 102, 8, 172, 22, 65, 129, 24, 0)
s = 102: (0, 21, 5, 86, 48, 49, 9, 59, 114, 16, 35, 50, 65, 55, 97, 59, 35, 153, 61, 69, 115, 28, 72, 18, 80, 12, 99, 21, 80, 76, 25, 0)
s = 103: (0, 15, 4, 85, 78, 54, 17, 65, 79, 20, 48, 71, 48, 39, 52, 29, 26, 187, 191, 56, 149, 22, 64, 16, 90, 14, 86, 10, 61, 63, 44, 0)
s = 104: (0, 11, 6, 84, 65, 78, 9, 44, 74, 15, 40, 55, 52, 77, 89, 63, 27, 108, 85, 48, 93, 37, 99, 38, 91, 12, 99, 19, 61, 108, 24, 0)
s = 105: (0, 18, 5, 89, 87, 90, 11, 37, 107, 16, 43, 69, 53, 61, 56, 38, 30, 97, 102, 41, 100, 30, 118, 25, 65, 18, 96, 24, 95, 142, 27, 0)
s = 106: (0, 18, 5, 87, 101, 94, 7, 64, 55, 23, 28, 50, 131, 36, 49, 62, 26, 140, 71, 77, 133, 21, 63, 38, 69, 14, 152, 10, 57, 75, 34, 0)
s = 107: (0, 14, 3, 70, 108, 41, 16, 37, 65, 15, 28, 87, 67, 44, 56, 63, 24, 149, 192, 51, 89, 21, 78, 25, 69, 10, 95, 18, 84, 102, 16, 0)
s = 108: (0, 13, 5, 50, 123, 37, 12, 45, 54, 17, 37, 103, 124, 55, 62, 52, 23, 137, 115, 39, 121, 18, 81, 25, 69, 7, 113, 21, 33, 72, 39, 0)
s = 109: (0, 15, 6, 94, 79, 67, 12, 47, 48, 26, 42, 70, 77, 48, 48, 50, 22, 109, 129, 27, 76, 34, 48, 15, 113, 11, 142, 12, 61, 63, 20, 0)
s = 110: (0, 13, 4, 92, 77, 36, 14, 53, 75, 23, 30, 73, 53, 79, 84, 39, 27, 148, 129, 48, 143, 24, 75, 26, 91, 10, 104, 13, 37, 149, 20, 0)
s = 111: (0, 17, 4, 71, 89, 70, 10, 46, 68, 21, 46, 98, 87, 43, 58, 53, 31, 113, 147, 57, 140, 24, 84, 17, 79, 12, 73, 13, 30, 62, 33, 0)
s = 112: (0, 20, 6, 77, 127, 95, 9, 58, 96, 17, 53, 73, 76, 48, 62, 58, 28, 96, 102, 32, 102, 27, 118, 22, 110, 15, 158, 25, 37, 128, 27, 0)
s = 113: (0, 14, 5, 88, 88, 61, 12, 56, 71, 21, 28, 89, 75, 42, 66, 52, 29, 100, 84, 59, 120, 19, 81, 32, 70, 10, 133, 15, 61, 95, 44, 0)
s = 114: (0, 11, 7, 71, 59, 43, 14, 40, 94, 22, 26, 84, 95, 82, 70, 57, 34, 198, 141, 52, 87, 15, 105, 24, 159, 9, 68, 19, 48, 109, 33, 0)
s = 115: (0, 18, 4, 74, 119, 79, 9, 29, 115, 40, 47, 73, 55, 46, 46, 58, 24, 147, 84, 66, 123, 29, 67, 26, 66, 15, 116, 19, 52, 109, 28, 0)
s = 116: (0, 14, 5, 108, 108, 56, 13, 47, 78, 18, 47, 126, 87, 47, 49, 34, 48, 146, 140, 44, 165, 29, 95, 33, 93, 7, 104, 22, 45, 121, 20, 0)
s = 117: (0, 11, 4, 76, 67, 116, 15, 42, 118, 23, 71, 78, 71, 42, 63, 39, 20, 97, 91, 56, 103, 27, 127, 17, 103, 8, 162, 17, 31, 106, 16, 0)
s = 118: (0, 13, 5, 54, 78, 41, 17, 55, 82, 25, 24, 73, 91, 89, 61, 44, 22, 145, 120, 52, 127, 43, 56, 25, 90, 7, 142, 10, 53, 89, 29, 0)
s = 119: (0, 12, 5, 70, 53, 57, 15, 34, 104, 17, 31, 64, 63, 61, 53, 77, 20, 95, 134, 65, 146, 38, 103, 29, 111, 9, 154, 13, 32, 78, 33, 0)
s = 120: (0, 18, 7, 83, 88, 62, 16, 43, 97, 22, 43, 94, 58, 62, 54, 60, 19, 178, 82, 44, 106, 32, 116, 22, 163, 8, 125, 23, 50, 76, 48, 0)
s = 121: (0, 20, 4, 57, 87, 82, 9, 59, 56, 12, 29, 83, 109, 91, 57, 34, 35, 172, 113, 42, 176, 19, 125, 37, 127, 8, 113, 17, 27, 77, 26, 0)
s = 122: (0, 22, 4, 111, 68, 39, 8, 45, 48, 22, 41, 58, 116, 57, 55, 39, 55, 114, 145, 77, 105, 36, 95, 33, 81, 14, 168, 21, 42, 109, 19, 0)
s = 123: (0, 14, 6, 75, 66, 61, 8, 66, 124, 22, 32, 65, 74, 64, 41, 42, 24, 171, 107, 63, 146, 27, 87, 15, 126, 14, 188, 12, 75, 131, 24, 0)
s = 124: (0, 14, 5, 62, 93, 39, 9, 52, 80, 14, 44, 86, 65, 54, 67, 62, 41, 92, 151, 58, 91, 43, 92, 27, 81, 22, 110, 12, 68, 64, 33, 0)
s = 125: (0, 24, 5, 72, 111, 53, 12, 38, 108, 22, 41, 64, 114, 66, 51, 65, 27, 115, 135, 60, 97, 20, 56, 37, 119, 18, 177, 11, 37, 89, 21, 0)
s = 126: (0, 23, 5, 104, 80, 38, 14, 34, 64, 22, 39, 73, 131, 86, 67, 41, 22, 104, 87, 47, 142, 17, 77, 14, 55, 10, 164, 23, 35, 97, 19, 0)
s = 127: (0, 12, 3, 73, 65, 55, 17, 83, 86, 18, 51, 65, 62, 45, 73, 61, 36, 140, 96, 59, 173, 29, 135, 31, 128, 11, 157, 21, 44, 89, 47, 0)
s = 128: (0, 14, 4, 123, 70, 54, 14, 72, 73, 29, 40, 62, 44, 74, 67, 51, 21, 119, 176, 29, 88, 38, 75, 43, 70, 12, 130, 16, 27, 93, 33, 0)
s = 129: (0, 12, 4, 84, 107, 56, 12, 73, 78, 15, 39, 101, 58, 90, 52, 30, 30, 177, 90, 50, 86, 30, 83, 13, 114, 8, 81, 14, 90, 111, 26, 0)
s = 130: (0, 11, 4, 76, 55, 45, 20, 59, 103, 20, 44, 65, 56, 33, 62, 50, 29, 88, 169, 39, 120, 20, 83, 34, 93, 14, 138, 10, 83, 87, 27, 0)
s = 131: (0, 13, 3, 52, 161, 46, 14, 36, 71, 16, 45, 45, 65, 44, 50, 78, 41, 132, 75, 43, 152, 17, 48, 31, 170, 9, 125, 18, 42, 73, 20, 0)
s = 132: (0, 13, 3, 67, 67, 49, 10, 57, 94, 23, 33, 69, 56, 58, 87, 60, 48, 126, 92, 62, 171, 21, 52, 22, 126, 9, 80, 11, 44, 101, 34, 0)
s = 133: (0, 12, 3, 73, 73, 37, 12, 54, 50, 26, 54, 78, 98, 109, 68, 35, 21, 117, 81, 41, 100, 31, 119, 38, 82, 12, 126, 17, 37, 63, 22, 0)
s = 134: (0, 16, 3, 95, 66, 98, 11, 47, 54, 18, 30, 113, 48, 40, 83, 56, 27, 162, 81, 52, 149, 35, 103, 25, 62, 10, 147, 9, 55, 119, 25, 0)
s = 135: (0, 24, 5, 111, 102, 42, 11, 52, 56, 14, 35, 75, 53, 87, 54, 43, 24, 95, 109, 47, 160, 22, 86, 24, 141, 16, 106, 17, 84, 96, 18, 0)
s = 136: (0, 23, 4, 103, 83, 88, 11, 53, 85, 24, 53, 120, 79, 80, 70, 40, 32, 149, 113, 66, 82, 16, 102, 38, 123, 15, 67, 21, 41, 80, 25, 0)
s = 137: (0, 11, 3, 62, 69, 70, 18, 77, 50, 19, 48, 109, 88, 64, 78, 34, 32, 106, 79, 62, 123, 32, 79, 16, 79, 12, 85, 16, 29, 152, 35, 0)
s = 138: (0, 10, 3, 119, 69, 55, 10, 49, 63, 13, 63, 86, 69, 69, 87, 66, 31, 161, 128, 28, 79, 21, 55, 23, 93, 13, 148, 15, 33, 69, 29, 0)
s = 139: (0, 25, 4, 114, 59, 32, 13, 77, 70, 19, 69, 52, 48, 67, 55, 87, 26, 95, 138, 61, 61, 23, 74, 27, 88, 14, 122, 16, 47, 125, 25, 0)
s = 140: (0, 10, 3, 125, 71, 64, 15, 48, 62, 14, 31, 46, 59, 57, 41, 41, 42, 157, 114, 34, 78, 32, 63, 17, 107, 17, 102, 13, 59, 105, 41, 0)
s = 141: (0, 12, 4, 91, 67, 84, 16, 39, 76, 22, 45, 76, 85, 63, 50, 50, 25, 118, 86, 50, 64, 28, 58, 33, 101, 11, 132, 10, 41, 117, 36, 0)
s = 142: (0, 16, 4, 100, 99, 71, 15, 27, 52, 15, 43, 105, 69, 60, 37, 51, 21, 99, 125, 47, 80, 26, 108, 39, 180, 9, 136, 17, 64, 100, 20, 0)
s = 143: (0, 16, 5, 45, 68, 57, 19, 44, 75, 15, 33, 101, 98, 59, 74, 45, 23, 113, 77, 56, 106, 31, 74, 19, 99, 11, 103, 17, 56, 96, 30, 0)
s = 144: (0, 15, 5, 99, 49, 38, 16, 31, 43, 16, 46, 73, 55, 58, 38, 47, 40, 115, 178, 77, 143, 29, 74, 21, 179, 17, 170, 11, 31, 113, 23, 0)
s = 145: (0, 18, 4, 52, 61, 57, 13, 57, 72, 20, 28, 55, 112, 39, 69, 34, 20, 183, 139, 61, 132, 43, 94, 29, 84, 20, 106, 9, 66, 138, 27, 0)
s = 146: (0, 9, 6, 86, 102, 65, 14, 49, 61, 14, 27, 87, 72, 96, 39, 59, 26, 172, 63, 38, 170, 25, 100, 41, 77, 13, 134, 23, 49, 105, 26, 0)
s = 147: (0, 25, 5, 93, 62, 63, 17, 36, 95, 18, 40, 78, 75, 98, 47, 38, 31, 98, 89, 36, 85, 32, 104, 28, 82, 13, 76, 15, 74, 114, 39, 0)
s = 148: (0, 17, 4, 90, 56, 39, 17, 42, 56, 28, 38, 93, 61, 65, 65, 44, 37, 153, 186, 85, 117, 25, 76, 19, 56, 10, 124, 13, 49, 109, 34, 0)
s = 149: (0, 12, 5, 74, 129, 53, 15, 40, 101, 16, 27, 77, 105, 51, 53, 38, 26, 137, 86, 62, 74, 37, 72, 22, 95, 13, 100, 14, 40, 75, 17, 0)
s = 150: (0, 11, 3, 97, 73, 50, 12, 36, 56, 16, 56, 56, 98, 47, 62, 70, 21, 87, 75, 43, 175, 25, 64, 17, 127, 8, 116, 14, 54, 147, 29, 0)
s = 151: (0, 21, 3, 64, 78, 46, 10, 34, 85, 14, 50, 81, 90, 44, 47, 59, 32, 126, 116, 79, 109, 32, 74, 36, 93, 13, 75, 12, 32, 115, 21, 0)
s = 152: (0, 12, 5, 151, 84, 96, 22, 42, 103, 19, 50, 48, 76, 71, 77, 37, 24, 172, 121, 39, 86, 28, 82, 33, 119, 10, 119, 21, 68, 85, 41, 0)
s = 153: (0, 11, 4, 104, 56, 62, 13, 47, 47, 30, 35, 131, 61, 55, 58, 51, 34, 244, 142, 28, 90, 30, 68, 30, 83, 16, 91, 16, 75, 70, 26, 0)
s = 154: (0, 12, 3, 101, 91, 65, 19, 62, 85, 32, 44, 82, 92, 56, 84, 36, 21, 193, 78, 80, 137, 27, 56, 25, 115, 14, 66, 13, 35, 102, 22, 0)
s = 155: (0, 19, 4, 85, 41, 43, 20, 37, 92, 22, 57, 83, 87, 60, 74, 40, 48, 177, 138, 59, 110, 16, 59, 30, 124, 8, 100, 13, 51, 58, 25, 0)
s = 156: (0, 27, 5, 76, 44, 64, 17, 37, 84, 19, 47, 52, 64, 75, 94, 46, 30, 104, 81, 37, 122, 18, 89, 25, 79, 13, 87, 18, 63, 80, 47, 0)
s = 157: (0, 12, 6, 91, 96, 70, 13, 61, 84, 17, 40, 81, 71, 54, 49, 36, 32, 107, 116, 56, 71, 34, 84, 15, 65, 9, 149, 22, 40, 78, 39, 0)
s = 158: (0, 11, 5, 100, 99, 32, 13, 49, 81, 23, 34, 103, 91, 65, 52, 28, 28, 159, 149, 34, 115, 20, 71, 21, 78, 18, 103, 9, 59, 129, 27, 0)
s = 159: (0, 19, 4, 111, 86, 89, 9, 44, 61, 24, 47, 110, 55, 51, 89, 69, 26, 212, 112, 41, 98, 23, 129, 23, 96, 14, 74, 13, 72, 108, 18, 0)
s = 160: (0, 28, 4, 117, 50, 65, 14, 67, 46, 22, 41, 86, 60, 47, 49, 44, 26, 154, 88, 88, 167, 30, 110, 37, 66, 17, 137, 19, 54, 167, 43, 0)
s = 161: (0, 17, 4, 66, 73, 48, 14, 40, 112, 19, 46, 79, 122, 75, 38, 36, 22, 212, 72, 59, 152, 20, 63, 18, 61, 10, 75, 14, 64, 113, 21, 0)
s = 162: (0, 16, 4, 66, 76, 68, 12, 58, 110, 13, 71, 76, 59, 34, 97, 34, 35, 140, 100, 68, 77, 22, 80, 14, 93, 8, 162, 11, 46, 106, 26, 0)
s = 163: (0, 12, 6, 60, 53, 69, 9, 35, 98, 23, 41, 90, 88, 62, 64, 51, 42, 184, 139, 67, 76, 27, 63, 26, 110, 10, 118, 18, 38, 94, 32, 0)
s = 164: (0, 16, 5, 87, 45, 61, 11, 29, 79, 19, 48, 83, 100, 49, 89, 40, 25, 120, 159, 34, 66, 26, 138, 25, 70, 10, 79, 14, 32, 111, 18, 0)
s = 165: (0, 21, 5, 90, 68, 63, 10, 33, 55, 18, 38, 67, 69, 54, 85, 40, 24, 128, 100, 67, 90, 27, 102, 25, 65, 13, 108, 14, 41, 74, 22, 0)
s = 166: (0, 15, 4, 55, 53, 59, 8, 67, 55, 23, 50, 110, 103, 80, 91, 52, 25, 124, 117, 32, 107, 27, 75, 27, 61, 16, 139, 8, 55, 62, 29, 0)
s = 167: (0, 13, 5, 130, 73, 60, 14, 31, 105, 14, 49, 74, 83, 51, 56, 33, 22, 146, 88, 63, 116, 38, 51, 29, 62, 9, 74, 14, 51, 135, 31, 0)
s = 168: (0, 19, 3, 92, 70, 70, 17, 38, 91, 23, 42, 78, 118, 72, 59, 46, 39, 122, 119, 79, 106, 28, 98, 28, 114, 13, 98, 15, 37, 87, 30, 0)
s = 169: (0, 15, 4, 108, 103, 47, 18, 38, 105, 17, 28, 48, 129, 89, 35, 26, 26, 118, 71, 46, 116, 29, 94, 19, 116, 12, 153, 10, 59, 139, 32, 0)
s = 170: (0, 13, 4, 95, 55, 75, 16, 32, 49, 21, 48, 115, 61, 69, 102, 37, 39, 104, 107, 62, 111, 21, 78, 27, 76, 14, 114, 15, 47, 88, 24, 0)
s = 171: (0, 17, 5, 84, 65, 58, 21, 50, 55, 19, 31, 65, 69, 72, 55, 68, 40, 227, 69, 70, 62, 22, 85, 25, 103, 12, 113, 14, 54, 133, 30, 0)
s = 172: (0, 16, 3, 46, 91, 62, 15, 61, 80, 19, 31, 70, 57, 45, 87, 30, 20, 114, 138, 61, 107, 21, 111, 21, 104, 14, 164, 15, 57, 89, 29, 0)
s = 173: (0, 13, 3, 49, 66, 35, 20, 58, 58, 20, 74, 75, 58, 60, 68, 30, 35, 122, 111, 40, 77, 33, 89, 27, 112, 17, 93, 14, 86, 65, 23, 0)
s = 174: (0, 17, 4, 52, 69, 49, 10, 66, 123, 19, 35, 45, 53, 47, 40, 60, 21, 201, 86, 34, 155, 24, 91, 22, 70, 12, 122, 21, 61, 102, 33, 0)
s = 175: (0, 16, 5, 89, 78, 76, 11, 45, 79, 20, 37, 89, 95, 47, 48, 40, 28, 230, 91, 39, 58, 38, 74, 15, 101, 8, 110, 15, 57, 109, 23, 0)
s = 176: (0, 12, 4, 69, 117, 113, 10, 50, 77, 20, 36, 63, 66, 40, 68, 38, 42, 131, 163, 39, 134, 31, 69, 35, 119, 21, 98, 17, 75, 71, 22, 0)
s = 177: (0, 13, 3, 117, 88, 55, 11, 39, 63, 30, 34, 97, 91, 53, 57, 51, 26, 166, 136, 39, 106, 38, 75, 23, 115, 12, 180, 14, 64, 119, 22, 0)
s = 178: (0, 13, 5, 67, 49, 63, 13, 41, 102, 33, 53, 70, 87, 42, 61, 32, 22, 148, 69, 41, 83, 32, 105, 20, 85, 13, 138, 10, 71, 119, 23, 0)
s = 179: (0, 12, 3, 72, 82, 96, 10, 82, 93, 18, 43, 98, 88, 48, 35, 62, 21, 144, 160, 38, 159, 32, 89, 30, 150, 14, 102, 17, 68, 138, 20, 0)
s = 180: (0, 18, 3, 69, 50, 41, 14, 43, 60, 17, 44, 47, 46, 66, 59, 37, 23, 126, 67, 65, 88, 29, 57, 20, 69, 10, 109, 13, 49, 92, 29, 0)
s = 181: (0, 16, 5, 53, 93, 90, 13, 57, 89, 22, 38, 79, 93, 94, 53, 42, 19, 106, 205, 58, 116, 23, 111, 31, 68, 12, 96, 11, 45, 127, 24, 0)
s = 182: (0, 16, 4, 88, 99, 76, 14, 50, 62, 20, 56, 96, 58, 75, 61, 57, 24, 191, 105, 54, 165, 26, 87, 26, 70, 18, 125, 20, 51, 108, 15, 0)
s = 183: (0, 20, 5, 75, 123, 78, 13, 47, 53, 21, 27, 94, 81, 49, 80, 48, 23, 111, 102, 50, 88, 36, 70, 27, 97, 15, 146, 11, 32, 122, 38, 0)
s = 184: (0, 18, 4, 81, 102, 81, 19, 41, 83, 18, 39, 100, 64, 59, 68, 48, 37, 123, 152, 62, 95, 33, 82, 34, 62, 11, 89, 15, 53, 137, 21, 0)
s = 185: (0, 15, 5, 95, 63, 92, 15, 28, 46, 13, 66, 111, 93, 74, 43, 49, 39, 170, 109, 53, 117, 28, 104, 21, 94, 14, 79, 14, 44, 93, 35, 0)
s = 186: (0, 11, 3, 80, 111, 48, 7, 40, 64, 26, 38, 72, 102, 35, 41, 38, 39, 141, 108, 49, 158, 20, 96, 32, 123, 10, 109, 13, 48, 96, 19, 0)
s = 187: (0, 14, 4, 118, 48, 69, 14, 57, 71, 13, 55, 68, 76, 38, 53, 39, 24, 154, 125, 43, 103, 31, 82, 29, 154, 19, 145, 19, 48, 72, 37, 0)
s = 188: (0, 13, 7, 108, 92, 66, 12, 38, 93, 25, 70, 90, 47, 44, 41, 49, 50, 96, 82, 43, 117, 37, 67, 26, 75, 11, 71, 15, 70, 64, 33, 0)
s = 189: (0, 26, 6, 104, 99, 75, 15, 83, 58, 13, 26, 100, 93, 42, 71, 31, 26, 135, 132, 33, 111, 21, 88, 21, 93, 15, 85, 12, 55, 142, 20, 0)
s = 190: (0, 11, 7, 80, 75, 50, 15, 60, 102, 14, 65, 97, 47, 63, 64, 45, 46, 147, 144, 45, 102, 29, 102, 41, 114, 13, 142, 10, 27, 88, 18, 0)
s = 191: (0, 10, 4, 75, 86, 68, 15, 55, 102, 19, 34, 107, 101, 57, 49, 39, 24, 137, 66, 47, 102, 39, 97, 23, 89, 13, 172, 17, 47, 132, 27, 0)
s = 192: (0, 14, 4, 87, 57, 55, 12, 30, 63, 21, 34, 99, 70, 57, 67, 53, 19, 223, 76, 65, 113, 51, 80, 48, 70, 10, 159, 14, 36, 109, 30, 0)
s = 193: (0, 13, 4, 111, 60, 85, 18, 75, 87, 17, 36, 73, 47, 96, 88, 57, 24, 198, 143, 60, 165, 27, 60, 21, 115, 14, 113, 9, 33, 97, 26, 0)
s = 194: (0, 14, 3, 64, 51, 103, 17, 64, 97, 18, 33, 65, 67, 46, 49, 55, 27, 114, 94, 63, 122, 42, 115, 26, 167, 22, 140, 11, 27, 72, 41, 0)
s = 195: (0, 15, 4, 84, 58, 61, 13, 27, 91, 14, 62, 60, 83, 45, 39, 43, 30, 106, 133, 49, 125, 29, 83, 34, 59, 11, 124, 17, 35, 106, 23, 0)
s = 196: (0, 12, 4, 51, 85, 77, 14, 28, 68, 35, 38, 51, 80, 51, 50, 41, 19, 97, 107, 50, 90, 22, 104, 21, 60, 17, 65, 13, 59, 96, 24, 0)
s = 197: (0, 13, 6, 114, 74, 66, 11, 44, 87, 28, 33, 61, 74, 63, 44, 65, 33, 131, 177, 48, 110, 17, 103, 24, 90, 11, 158, 19, 43, 159, 34, 0)
s = 198: (0, 14, 5, 53, 75, 56, 14, 57, 104, 23, 32, 88, 54, 55, 43, 25, 24, 79, 110, 83, 137, 27, 78, 34, 89, 10, 200, 13, 39, 65, 26, 0)
s = 199: (0, 13, 4, 47, 86, 68, 17, 34, 72, 15, 48, 85, 57, 84, 60, 51, 25, 110, 152, 35, 128, 17, 67, 32, 75, 17, 72, 13, 47, 100, 19, 0)
s = 200: (0, 13, 4, 59, 60, 47, 15, 62, 67, 17, 49, 69, 92, 34, 54, 53, 18, 143, 104, 53, 87, 26, 81, 34, 76, 16, 119, 13, 68, 60, 29, 0)
************************************************************************
ES/LS-VALUES:
jobnr.   ES(i)    LS(i)
------------------------------------------------------------------------
  0        0        0
  1        0       61
  2        0       90
  3        0       101
  4        9       93
  5        2       99
  6        2       98
  7        2       92
  8        9       71
  9       26       117
 10       26       89
 11        9       107
 12       26       102
 13        3       140
 14       36       125
 15       39       116
 16       39       129
 17        9       119
 18       36       100
 19       39       126
 20       14       105
 21       54       119
 22        9       131
 23       57       123
 24       48       136
 25       57       127
 26       66       133
 27       57       146
 28       81       148
 29       49       151
 30       66       162
 31       96       164
************************************************************************
BIG-M-VALUES:
M1 = 35, M2 = 257
************************************************************************
