************************************************************************
file with basedata            : mm14_.bas
initial value random generator: 1797048194
************************************************************************
projects                      :  1
jobs (incl. supersource/sink ):  12
horizon                       :  70
RESOURCES
  - renewable                 :  2   R
  - nonrenewable              :  2   N
  - doubly constrained        :  0   D
************************************************************************
PROJECT INFORMATION:
pronr.  #jobs rel.date duedate tardcost  MPM-Time
    1     10      0       12        6       12
************************************************************************
PRECEDENCE RELATIONS:
jobnr.    #modes  #successors   successors
   0        1          3           1   2   3
   1        3          1           4
   2        3          3           5   6  10
   3        3          1           9
   4        3          2           7  10
   5        3          2           7   8
   6        3          2           8   9
   7        3          1           9
   8        3          1          11
   9        3          1          11
  10        3          1          11
  11        1          0        
************************************************************************
REQUESTS/DURATIONS:
jobnr. mode duration  R 1  R 2  R 3  R 4  E(W 1)  E(W 2)  E(W 3)  E(W 4)
------------------------------------------------------------------------
  0      1     0       0    0    0    0     0       0       0       0
  1      1     3       0    8    9    6     0      24      27      18
  2      1     4       0    7   10    9     0      28      40      36
  3      1     6       7    0    7    8    42       0      42      48
  4      1     3       8    0    8    6    24       0      24      18
  5      1     2      10    0    4    2    20       0       8       4
  6      1     3       2    0    6    8     6       0      18      24
  7      1     3       4    0    4    7    12       0      12      21
  8      1     3       0    9    9    8     0      27      27      24
  9      1     3       0    2    8    8     0       6      24      24
 10      1     2       0    3    5    6     0       6      10      12
 11      1     0       0    0    0    0     0       0       0       0
************************************************************************
RESOURCEAVAILABILITIES:
  R 1  R 2  R 3  R 4
   10   13   57   59
************************************************************************
RESOURCE LIMITS:
jobnr.  l(R 1)  u(R 1)  l(R 2)  u(R 2)  l(R 3)  u(R 3)  l(R 4)  u(R 4)
------------------------------------------------------------------------
  0        0       0       0       0       0       0       0       0
  1        0       0       4       8       5       9       3       6
  2        0       0       4       7       5      10       5       9
  3        4       7       0       0       4       7       4       8
  4        4       8       0       0       4       8       3       6
  5        5      10       0       0       2       4       1       2
  6        1       2       0       0       3       6       4       8
  7        2       4       0       0       2       4       4       7
  8        0       0       5       9       5       9       4       8
  9        0       0       1       2       4       8       4       8
 10        0       0       2       3       3       5       3       6
 11        0       0       0       0       0       0       0       0
************************************************************************
SCENARIOS:
------------------------------------------------------------------------
RESOURCE k = 1
s = 1: (0, 0, 0, 66, 15, 20, 7, 13, 0, 0, 0, 0)
s = 2: (0, 0, 0, 43, 16, 16, 6, 18, 0, 0, 0, 0)
s = 3: (0, 0, 0, 43, 27, 13, 6, 11, 0, 0, 0, 0)
s = 4: (0, 0, 0, 28, 18, 12, 7, 16, 0, 0, 0, 0)
s = 5: (0, 0, 0, 58, 20, 37, 6, 13, 0, 0, 0, 0)
s = 6: (0, 0, 0, 39, 19, 26, 5, 17, 0, 0, 0, 0)
s = 7: (0, 0, 0, 38, 34, 30, 8, 15, 0, 0, 0, 0)
s = 8: (0, 0, 0, 51, 36, 19, 4, 10, 0, 0, 0, 0)
s = 9: (0, 0, 0, 78, 25, 15, 5, 11, 0, 0, 0, 0)
s = 10: (0, 0, 0, 65, 19, 21, 8, 19, 0, 0, 0, 0)
s = 11: (0, 0, 0, 31, 30, 16, 6, 14, 0, 0, 0, 0)
s = 12: (0, 0, 0, 27, 14, 15, 8, 13, 0, 0, 0, 0)
s = 13: (0, 0, 0, 36, 33, 33, 5, 18, 0, 0, 0, 0)
s = 14: (0, 0, 0, 45, 20, 17, 10, 15, 0, 0, 0, 0)
s = 15: (0, 0, 0, 54, 31, 13, 10, 16, 0, 0, 0, 0)
s = 16: (0, 0, 0, 40, 18, 16, 7, 12, 0, 0, 0, 0)
s = 17: (0, 0, 0, 24, 28, 22, 8, 14, 0, 0, 0, 0)
s = 18: (0, 0, 0, 49, 19, 20, 8, 18, 0, 0, 0, 0)
s = 19: (0, 0, 0, 33, 20, 24, 6, 9, 0, 0, 0, 0)
s = 20: (0, 0, 0, 50, 19, 23, 6, 14, 0, 0, 0, 0)
s = 21: (0, 0, 0, 57, 15, 21, 5, 11, 0, 0, 0, 0)
s = 22: (0, 0, 0, 38, 24, 18, 5, 10, 0, 0, 0, 0)
s = 23: (0, 0, 0, 36, 21, 17, 7, 16, 0, 0, 0, 0)
s = 24: (0, 0, 0, 37, 20, 13, 6, 9, 0, 0, 0, 0)
s = 25: (0, 0, 0, 32, 27, 14, 7, 13, 0, 0, 0, 0)
s = 26: (0, 0, 0, 35, 23, 18, 10, 14, 0, 0, 0, 0)
s = 27: (0, 0, 0, 50, 15, 18, 5, 14, 0, 0, 0, 0)
s = 28: (0, 0, 0, 34, 20, 26, 6, 14, 0, 0, 0, 0)
s = 29: (0, 0, 0, 36, 34, 15, 9, 10, 0, 0, 0, 0)
s = 30: (0, 0, 0, 43, 26, 14, 7, 17, 0, 0, 0, 0)
s = 31: (0, 0, 0, 28, 17, 14, 9, 11, 0, 0, 0, 0)
s = 32: (0, 0, 0, 38, 24, 14, 6, 13, 0, 0, 0, 0)
s = 33: (0, 0, 0, 32, 35, 27, 8, 11, 0, 0, 0, 0)
s = 34: (0, 0, 0, 44, 28, 15, 6, 16, 0, 0, 0, 0)
s = 35: (0, 0, 0, 32, 26, 17, 10, 12, 0, 0, 0, 0)
s = 36: (0, 0, 0, 64, 36, 25, 5, 14, 0, 0, 0, 0)
s = 37: (0, 0, 0, 36, 25, 14, 9, 17, 0, 0, 0, 0)
s = 38: (0, 0, 0, 32, 30, 13, 10, 20, 0, 0, 0, 0)
s = 39: (0, 0, 0, 42, 14, 18, 7, 10, 0, 0, 0, 0)
s = 40: (0, 0, 0, 52, 20, 16, 5, 9, 0, 0, 0, 0)
s = 41: (0, 0, 0, 51, 28, 24, 6, 13, 0, 0, 0, 0)
s = 42: (0, 0, 0, 38, 29, 23, 10, 8, 0, 0, 0, 0)
s = 43: (0, 0, 0, 58, 20, 16, 9, 16, 0, 0, 0, 0)
s = 44: (0, 0, 0, 35, 26, 29, 4, 9, 0, 0, 0, 0)
s = 45: (0, 0, 0, 31, 26, 24, 5, 22, 0, 0, 0, 0)
s = 46: (0, 0, 0, 32, 29, 19, 8, 14, 0, 0, 0, 0)
s = 47: (0, 0, 0, 55, 20, 16, 4, 10, 0, 0, 0, 0)
s = 48: (0, 0, 0, 26, 29, 26, 7, 7, 0, 0, 0, 0)
s = 49: (0, 0, 0, 47, 20, 25, 5, 17, 0, 0, 0, 0)
s = 50: (0, 0, 0, 37, 30, 21, 8, 12, 0, 0, 0, 0)
s = 51: (0, 0, 0, 31, 28, 12, 5, 13, 0, 0, 0, 0)
s = 52: (0, 0, 0, 55, 15, 20, 6, 18, 0, 0, 0, 0)
s = 53: (0, 0, 0, 57, 33, 15, 6, 13, 0, 0, 0, 0)
s = 54: (0, 0, 0, 61, 14, 20, 5, 7, 0, 0, 0, 0)
s = 55: (0, 0, 0, 45, 28, 19, 8, 12, 0, 0, 0, 0)
s = 56: (0, 0, 0, 39, 24, 29, 7, 15, 0, 0, 0, 0)
s = 57: (0, 0, 0, 35, 23, 24, 5, 7, 0, 0, 0, 0)
s = 58: (0, 0, 0, 52, 31, 27, 5, 15, 0, 0, 0, 0)
s = 59: (0, 0, 0, 59, 23, 22, 8, 19, 0, 0, 0, 0)
s = 60: (0, 0, 0, 41, 21, 14, 5, 9, 0, 0, 0, 0)
s = 61: (0, 0, 0, 39, 26, 18, 7, 14, 0, 0, 0, 0)
s = 62: (0, 0, 0, 32, 23, 17, 7, 10, 0, 0, 0, 0)
s = 63: (0, 0, 0, 46, 14, 12, 11, 10, 0, 0, 0, 0)
s = 64: (0, 0, 0, 36, 25, 27, 8, 12, 0, 0, 0, 0)
s = 65: (0, 0, 0, 38, 22, 25, 7, 16, 0, 0, 0, 0)
s = 66: (0, 0, 0, 46, 20, 22, 8, 11, 0, 0, 0, 0)
s = 67: (0, 0, 0, 34, 19, 15, 6, 15, 0, 0, 0, 0)
s = 68: (0, 0, 0, 47, 31, 20, 8, 14, 0, 0, 0, 0)
s = 69: (0, 0, 0, 48, 20, 27, 6, 15, 0, 0, 0, 0)
s = 70: (0, 0, 0, 36, 21, 14, 7, 18, 0, 0, 0, 0)
s = 71: (0, 0, 0, 46, 28, 14, 8, 14, 0, 0, 0, 0)
s = 72: (0, 0, 0, 45, 35, 21, 5, 16, 0, 0, 0, 0)
s = 73: (0, 0, 0, 63, 30, 22, 5, 11, 0, 0, 0, 0)
s = 74: (0, 0, 0, 34, 43, 18, 8, 15, 0, 0, 0, 0)
s = 75: (0, 0, 0, 33, 18, 29, 6, 15, 0, 0, 0, 0)
s = 76: (0, 0, 0, 37, 19, 21, 5, 9, 0, 0, 0, 0)
s = 77: (0, 0, 0, 71, 25, 20, 9, 16, 0, 0, 0, 0)
s = 78: (0, 0, 0, 46, 19, 19, 7, 10, 0, 0, 0, 0)
s = 79: (0, 0, 0, 51, 25, 26, 4, 11, 0, 0, 0, 0)
s = 80: (0, 0, 0, 35, 34, 18, 5, 12, 0, 0, 0, 0)
s = 81: (0, 0, 0, 28, 24, 25, 5, 8, 0, 0, 0, 0)
s = 82: (0, 0, 0, 34, 25, 13, 6, 13, 0, 0, 0, 0)
s = 83: (0, 0, 0, 57, 20, 13, 7, 10, 0, 0, 0, 0)
s = 84: (0, 0, 0, 35, 16, 23, 6, 11, 0, 0, 0, 0)
s = 85: (0, 0, 0, 58, 19, 19, 5, 14, 0, 0, 0, 0)
s = 86: (0, 0, 0, 37, 32, 24, 6, 13, 0, 0, 0, 0)
s = 87: (0, 0, 0, 36, 26, 24, 5, 16, 0, 0, 0, 0)
s = 88: (0, 0, 0, 38, 28, 22, 6, 7, 0, 0, 0, 0)
s = 89: (0, 0, 0, 57, 34, 15, 7, 11, 0, 0, 0, 0)
s = 90: (0, 0, 0, 65, 22, 28, 6, 13, 0, 0, 0, 0)
s = 91: (0, 0, 0, 27, 32, 33, 6, 18, 0, 0, 0, 0)
s = 92: (0, 0, 0, 32, 25, 16, 4, 12, 0, 0, 0, 0)
s = 93: (0, 0, 0, 40, 17, 16, 7, 16, 0, 0, 0, 0)
s = 94: (0, 0, 0, 37, 15, 33, 9, 8, 0, 0, 0, 0)
s = 95: (0, 0, 0, 61, 18, 24, 10, 12, 0, 0, 0, 0)
s = 96: (0, 0, 0, 57, 28, 24, 9, 12, 0, 0, 0, 0)
s = 97: (0, 0, 0, 51, 31, 18, 5, 8, 0, 0, 0, 0)
s = 98: (0, 0, 0, 70, 13, 18, 4, 13, 0, 0, 0, 0)
s = 99: (0, 0, 0, 23, 16, 32, 5, 15, 0, 0, 0, 0)
s = 100: (0, 0, 0, 41, 23, 25, 8, 12, 0, 0, 0, 0)
s = 101: (0, 0, 0, 44, 24, 23, 6, 13, 0, 0, 0, 0)
s = 102: (0, 0, 0, 50, 30, 30, 7, 12, 0, 0, 0, 0)
s = 103: (0, 0, 0, 33, 21, 26, 7, 14, 0, 0, 0, 0)
s = 104: (0, 0, 0, 41, 34, 21, 5, 14, 0, 0, 0, 0)
s = 105: (0, 0, 0, 55, 32, 12, 8, 15, 0, 0, 0, 0)
s = 106: (0, 0, 0, 38, 17, 25, 11, 15, 0, 0, 0, 0)
s = 107: (0, 0, 0, 57, 31, 16, 4, 8, 0, 0, 0, 0)
s = 108: (0, 0, 0, 49, 18, 17, 7, 11, 0, 0, 0, 0)
s = 109: (0, 0, 0, 35, 32, 15, 7, 8, 0, 0, 0, 0)
s = 110: (0, 0, 0, 70, 26, 12, 6, 16, 0, 0, 0, 0)
s = 111: (0, 0, 0, 29, 24, 11, 7, 18, 0, 0, 0, 0)
s = 112: (0, 0, 0, 61, 24, 19, 4, 14, 0, 0, 0, 0)
s = 113: (0, 0, 0, 56, 20, 21, 10, 13, 0, 0, 0, 0)
s = 114: (0, 0, 0, 62, 13, 32, 7, 11, 0, 0, 0, 0)
s = 115: (0, 0, 0, 58, 13, 22, 8, 9, 0, 0, 0, 0)
s = 116: (0, 0, 0, 36, 19, 27, 5, 19, 0, 0, 0, 0)
s = 117: (0, 0, 0, 64, 31, 26, 5, 13, 0, 0, 0, 0)
s = 118: (0, 0, 0, 48, 24, 29, 5, 11, 0, 0, 0, 0)
s = 119: (0, 0, 0, 26, 14, 23, 7, 15, 0, 0, 0, 0)
s = 120: (0, 0, 0, 28, 18, 26, 5, 11, 0, 0, 0, 0)
s = 121: (0, 0, 0, 39, 26, 19, 5, 12, 0, 0, 0, 0)
s = 122: (0, 0, 0, 34, 20, 23, 5, 13, 0, 0, 0, 0)
s = 123: (0, 0, 0, 33, 23, 20, 6, 10, 0, 0, 0, 0)
s = 124: (0, 0, 0, 28, 24, 17, 7, 12, 0, 0, 0, 0)
s = 125: (0, 0, 0, 49, 34, 17, 8, 12, 0, 0, 0, 0)
s = 126: (0, 0, 0, 36, 21, 15, 5, 13, 0, 0, 0, 0)
s = 127: (0, 0, 0, 51, 17, 20, 9, 12, 0, 0, 0, 0)
s = 128: (0, 0, 0, 40, 41, 25, 8, 10, 0, 0, 0, 0)
s = 129: (0, 0, 0, 36, 26, 23, 6, 10, 0, 0, 0, 0)
s = 130: (0, 0, 0, 48, 35, 12, 9, 20, 0, 0, 0, 0)
s = 131: (0, 0, 0, 76, 23, 17, 6, 9, 0, 0, 0, 0)
s = 132: (0, 0, 0, 42, 22, 28, 7, 12, 0, 0, 0, 0)
s = 133: (0, 0, 0, 27, 18, 13, 8, 11, 0, 0, 0, 0)
s = 134: (0, 0, 0, 49, 17, 24, 6, 13, 0, 0, 0, 0)
s = 135: (0, 0, 0, 52, 26, 31, 6, 13, 0, 0, 0, 0)
s = 136: (0, 0, 0, 47, 20, 18, 8, 15, 0, 0, 0, 0)
s = 137: (0, 0, 0, 47, 26, 23, 6, 10, 0, 0, 0, 0)
s = 138: (0, 0, 0, 38, 25, 18, 5, 7, 0, 0, 0, 0)
s = 139: (0, 0, 0, 66, 14, 18, 7, 8, 0, 0, 0, 0)
s = 140: (0, 0, 0, 32, 28, 16, 10, 10, 0, 0, 0, 0)
s = 141: (0, 0, 0, 53, 36, 26, 8, 16, 0, 0, 0, 0)
s = 142: (0, 0, 0, 47, 27, 23, 7, 9, 0, 0, 0, 0)
s = 143: (0, 0, 0, 41, 18, 17, 6, 13, 0, 0, 0, 0)
s = 144: (0, 0, 0, 36, 26, 19, 10, 11, 0, 0, 0, 0)
s = 145: (0, 0, 0, 35, 17, 16, 9, 9, 0, 0, 0, 0)
s = 146: (0, 0, 0, 47, 34, 21, 7, 18, 0, 0, 0, 0)
s = 147: (0, 0, 0, 31, 31, 15, 8, 17, 0, 0, 0, 0)
s = 148: (0, 0, 0, 48, 36, 17, 8, 9, 0, 0, 0, 0)
s = 149: (0, 0, 0, 37, 18, 27, 5, 13, 0, 0, 0, 0)
s = 150: (0, 0, 0, 61, 14, 19, 9, 9, 0, 0, 0, 0)
s = 151: (0, 0, 0, 60, 17, 18, 6, 16, 0, 0, 0, 0)
s = 152: (0, 0, 0, 39, 21, 12, 6, 19, 0, 0, 0, 0)
s = 153: (0, 0, 0, 41, 21, 18, 5, 13, 0, 0, 0, 0)
s = 154: (0, 0, 0, 26, 31, 14, 6, 12, 0, 0, 0, 0)
s = 155: (0, 0, 0, 49, 24, 20, 4, 11, 0, 0, 0, 0)
s = 156: (0, 0, 0, 45, 30, 14, 4, 11, 0, 0, 0, 0)
s = 157: (0, 0, 0, 50, 27, 23, 5, 17, 0, 0, 0, 0)
s = 158: (0, 0, 0, 34, 17, 23, 5, 10, 0, 0, 0, 0)
s = 159: (0, 0, 0, 36, 24, 16, 5, 12, 0, 0, 0, 0)
s = 160: (0, 0, 0, 34, 33, 30, 6, 11, 0, 0, 0, 0)
s = 161: (0, 0, 0, 34, 20, 33, 8, 13, 0, 0, 0, 0)
s = 162: (0, 0, 0, 39, 21, 27, 6, 8, 0, 0, 0, 0)
s = 163: (0, 0, 0, 45, 25, 22, 4, 14, 0, 0, 0, 0)
s = 164: (0, 0, 0, 42, 18, 20, 7, 10, 0, 0, 0, 0)
s = 165: (0, 0, 0, 48, 29, 17, 5, 8, 0, 0, 0, 0)
s = 166: (0, 0, 0, 30, 14, 23, 7, 17, 0, 0, 0, 0)
s = 167: (0, 0, 0, 54, 21, 36, 5, 9, 0, 0, 0, 0)
s = 168: (0, 0, 0, 48, 26, 11, 6, 11, 0, 0, 0, 0)
s = 169: (0, 0, 0, 58, 36, 11, 6, 13, 0, 0, 0, 0)
s = 170: (0, 0, 0, 35, 46, 14, 8, 15, 0, 0, 0, 0)
s = 171: (0, 0, 0, 60, 31, 14, 8, 18, 0, 0, 0, 0)
s = 172: (0, 0, 0, 49, 21, 11, 5, 12, 0, 0, 0, 0)
s = 173: (0, 0, 0, 73, 18, 13, 11, 13, 0, 0, 0, 0)
s = 174: (0, 0, 0, 37, 30, 18, 7, 12, 0, 0, 0, 0)
s = 175: (0, 0, 0, 38, 23, 16, 6, 10, 0, 0, 0, 0)
s = 176: (0, 0, 0, 34, 24, 18, 9, 11, 0, 0, 0, 0)
s = 177: (0, 0, 0, 43, 15, 29, 6, 10, 0, 0, 0, 0)
s = 178: (0, 0, 0, 42, 29, 19, 7, 11, 0, 0, 0, 0)
s = 179: (0, 0, 0, 39, 21, 17, 9, 15, 0, 0, 0, 0)
s = 180: (0, 0, 0, 46, 22, 20, 10, 21, 0, 0, 0, 0)
s = 181: (0, 0, 0, 56, 19, 19, 6, 11, 0, 0, 0, 0)
s = 182: (0, 0, 0, 29, 19, 27, 8, 7, 0, 0, 0, 0)
s = 183: (0, 0, 0, 38, 13, 19, 7, 9, 0, 0, 0, 0)
s = 184: (0, 0, 0, 45, 29, 32, 5, 9, 0, 0, 0, 0)
s = 185: (0, 0, 0, 39, 21, 22, 8, 10, 0, 0, 0, 0)
s = 186: (0, 0, 0, 34, 42, 21, 7, 9, 0, 0, 0, 0)
s = 187: (0, 0, 0, 47, 21, 22, 10, 9, 0, 0, 0, 0)
s = 188: (0, 0, 0, 40, 21, 31, 6, 16, 0, 0, 0, 0)
s = 189: (0, 0, 0, 47, 15, 29, 6, 13, 0, 0, 0, 0)
s = 190: (0, 0, 0, 39, 17, 28, 4, 9, 0, 0, 0, 0)
s = 191: (0, 0, 0, 30, 23, 19, 9, 15, 0, 0, 0, 0)
s = 192: (0, 0, 0, 45, 38, 12, 8, 14, 0, 0, 0, 0)
s = 193: (0, 0, 0, 43, 19, 22, 5, 15, 0, 0, 0, 0)
s = 194: (0, 0, 0, 51, 22, 22, 7, 7, 0, 0, 0, 0)
s = 195: (0, 0, 0, 36, 19, 20, 4, 12, 0, 0, 0, 0)
s = 196: (0, 0, 0, 31, 27, 21, 8, 18, 0, 0, 0, 0)
s = 197: (0, 0, 0, 45, 15, 23, 9, 20, 0, 0, 0, 0)
s = 198: (0, 0, 0, 44, 25, 24, 8, 16, 0, 0, 0, 0)
s = 199: (0, 0, 0, 34, 19, 18, 5, 13, 0, 0, 0, 0)
s = 200: (0, 0, 0, 48, 36, 22, 7, 20, 0, 0, 0, 0)
------------------------------------------------------------------------
RESOURCE k = 2
s = 1: (0, 26, 24, 0, 0, 0, 0, 0, 24, 8, 7, 0)
s = 2: (0, 21, 19, 0, 0, 0, 0, 0, 16, 5, 5, 0)
s = 3: (0, 37, 37, 0, 0, 0, 0, 0, 24, 4, 5, 0)
s = 4: (0, 35, 38, 0, 0, 0, 0, 0, 39, 7, 7, 0)
s = 5: (0, 29, 17, 0, 0, 0, 0, 0, 26, 5, 6, 0)
s = 6: (0, 22, 24, 0, 0, 0, 0, 0, 46, 5, 5, 0)
s = 7: (0, 37, 21, 0, 0, 0, 0, 0, 18, 6, 4, 0)
s = 8: (0, 14, 31, 0, 0, 0, 0, 0, 24, 4, 7, 0)
s = 9: (0, 24, 39, 0, 0, 0, 0, 0, 22, 5, 6, 0)
s = 10: (0, 22, 48, 0, 0, 0, 0, 0, 28, 4, 5, 0)
s = 11: (0, 21, 30, 0, 0, 0, 0, 0, 24, 7, 6, 0)
s = 12: (0, 25, 32, 0, 0, 0, 0, 0, 20, 7, 8, 0)
s = 13: (0, 21, 56, 0, 0, 0, 0, 0, 31, 8, 4, 0)
s = 14: (0, 26, 30, 0, 0, 0, 0, 0, 24, 5, 5, 0)
s = 15: (0, 25, 22, 0, 0, 0, 0, 0, 18, 6, 6, 0)
s = 16: (0, 33, 28, 0, 0, 0, 0, 0, 36, 8, 6, 0)
s = 17: (0, 18, 21, 0, 0, 0, 0, 0, 16, 4, 9, 0)
s = 18: (0, 26, 34, 0, 0, 0, 0, 0, 29, 8, 6, 0)
s = 19: (0, 22, 19, 0, 0, 0, 0, 0, 19, 5, 8, 0)
s = 20: (0, 24, 21, 0, 0, 0, 0, 0, 25, 7, 6, 0)
s = 21: (0, 33, 15, 0, 0, 0, 0, 0, 32, 8, 7, 0)
s = 22: (0, 32, 31, 0, 0, 0, 0, 0, 30, 10, 6, 0)
s = 23: (0, 32, 23, 0, 0, 0, 0, 0, 28, 6, 7, 0)
s = 24: (0, 18, 38, 0, 0, 0, 0, 0, 32, 8, 5, 0)
s = 25: (0, 18, 19, 0, 0, 0, 0, 0, 31, 4, 6, 0)
s = 26: (0, 31, 19, 0, 0, 0, 0, 0, 18, 5, 5, 0)
s = 27: (0, 38, 27, 0, 0, 0, 0, 0, 37, 6, 7, 0)
s = 28: (0, 21, 30, 0, 0, 0, 0, 0, 38, 8, 8, 0)
s = 29: (0, 24, 28, 0, 0, 0, 0, 0, 24, 5, 7, 0)
s = 30: (0, 29, 49, 0, 0, 0, 0, 0, 41, 7, 9, 0)
s = 31: (0, 15, 26, 0, 0, 0, 0, 0, 22, 5, 4, 0)
s = 32: (0, 16, 20, 0, 0, 0, 0, 0, 26, 10, 8, 0)
s = 33: (0, 14, 38, 0, 0, 0, 0, 0, 30, 7, 5, 0)
s = 34: (0, 23, 29, 0, 0, 0, 0, 0, 39, 6, 6, 0)
s = 35: (0, 26, 30, 0, 0, 0, 0, 0, 30, 7, 4, 0)
s = 36: (0, 22, 26, 0, 0, 0, 0, 0, 17, 10, 7, 0)
s = 37: (0, 32, 22, 0, 0, 0, 0, 0, 21, 5, 5, 0)
s = 38: (0, 24, 21, 0, 0, 0, 0, 0, 28, 10, 10, 0)
s = 39: (0, 26, 34, 0, 0, 0, 0, 0, 19, 8, 5, 0)
s = 40: (0, 40, 27, 0, 0, 0, 0, 0, 18, 6, 7, 0)
s = 41: (0, 19, 20, 0, 0, 0, 0, 0, 18, 6, 6, 0)
s = 42: (0, 15, 33, 0, 0, 0, 0, 0, 21, 4, 7, 0)
s = 43: (0, 22, 23, 0, 0, 0, 0, 0, 27, 8, 5, 0)
s = 44: (0, 22, 16, 0, 0, 0, 0, 0, 33, 4, 5, 0)
s = 45: (0, 14, 27, 0, 0, 0, 0, 0, 20, 6, 10, 0)
s = 46: (0, 20, 31, 0, 0, 0, 0, 0, 36, 7, 8, 0)
s = 47: (0, 16, 33, 0, 0, 0, 0, 0, 30, 6, 9, 0)
s = 48: (0, 30, 27, 0, 0, 0, 0, 0, 26, 6, 9, 0)
s = 49: (0, 30, 21, 0, 0, 0, 0, 0, 21, 6, 4, 0)
s = 50: (0, 29, 24, 0, 0, 0, 0, 0, 26, 8, 10, 0)
s = 51: (0, 21, 32, 0, 0, 0, 0, 0, 29, 4, 5, 0)
s = 52: (0, 38, 28, 0, 0, 0, 0, 0, 19, 11, 6, 0)
s = 53: (0, 22, 49, 0, 0, 0, 0, 0, 23, 5, 6, 0)
s = 54: (0, 19, 40, 0, 0, 0, 0, 0, 21, 7, 6, 0)
s = 55: (0, 16, 17, 0, 0, 0, 0, 0, 17, 5, 8, 0)
s = 56: (0, 16, 31, 0, 0, 0, 0, 0, 18, 7, 10, 0)
s = 57: (0, 27, 18, 0, 0, 0, 0, 0, 18, 4, 5, 0)
s = 58: (0, 21, 22, 0, 0, 0, 0, 0, 33, 4, 6, 0)
s = 59: (0, 42, 36, 0, 0, 0, 0, 0, 36, 7, 7, 0)
s = 60: (0, 15, 17, 0, 0, 0, 0, 0, 23, 5, 5, 0)
s = 61: (0, 34, 23, 0, 0, 0, 0, 0, 26, 5, 5, 0)
s = 62: (0, 27, 45, 0, 0, 0, 0, 0, 26, 4, 5, 0)
s = 63: (0, 21, 21, 0, 0, 0, 0, 0, 27, 7, 5, 0)
s = 64: (0, 27, 20, 0, 0, 0, 0, 0, 26, 7, 9, 0)
s = 65: (0, 29, 44, 0, 0, 0, 0, 0, 19, 6, 5, 0)
s = 66: (0, 23, 53, 0, 0, 0, 0, 0, 21, 5, 8, 0)
s = 67: (0, 17, 23, 0, 0, 0, 0, 0, 27, 7, 7, 0)
s = 68: (0, 32, 28, 0, 0, 0, 0, 0, 27, 6, 6, 0)
s = 69: (0, 16, 46, 0, 0, 0, 0, 0, 28, 10, 5, 0)
s = 70: (0, 28, 22, 0, 0, 0, 0, 0, 42, 5, 9, 0)
s = 71: (0, 25, 22, 0, 0, 0, 0, 0, 20, 5, 11, 0)
s = 72: (0, 16, 19, 0, 0, 0, 0, 0, 16, 8, 5, 0)
s = 73: (0, 14, 33, 0, 0, 0, 0, 0, 29, 8, 7, 0)
s = 74: (0, 20, 29, 0, 0, 0, 0, 0, 18, 4, 9, 0)
s = 75: (0, 39, 19, 0, 0, 0, 0, 0, 27, 6, 5, 0)
s = 76: (0, 15, 31, 0, 0, 0, 0, 0, 21, 7, 7, 0)
s = 77: (0, 16, 42, 0, 0, 0, 0, 0, 27, 6, 8, 0)
s = 78: (0, 30, 20, 0, 0, 0, 0, 0, 21, 5, 7, 0)
s = 79: (0, 20, 34, 0, 0, 0, 0, 0, 34, 6, 7, 0)
s = 80: (0, 26, 26, 0, 0, 0, 0, 0, 36, 7, 8, 0)
s = 81: (0, 19, 20, 0, 0, 0, 0, 0, 38, 8, 5, 0)
s = 82: (0, 17, 25, 0, 0, 0, 0, 0, 36, 10, 4, 0)
s = 83: (0, 29, 30, 0, 0, 0, 0, 0, 51, 5, 4, 0)
s = 84: (0, 18, 40, 0, 0, 0, 0, 0, 34, 5, 6, 0)
s = 85: (0, 21, 19, 0, 0, 0, 0, 0, 15, 6, 6, 0)
s = 86: (0, 22, 23, 0, 0, 0, 0, 0, 19, 7, 5, 0)
s = 87: (0, 21, 22, 0, 0, 0, 0, 0, 21, 7, 8, 0)
s = 88: (0, 27, 20, 0, 0, 0, 0, 0, 30, 9, 6, 0)
s = 89: (0, 24, 17, 0, 0, 0, 0, 0, 16, 4, 6, 0)
s = 90: (0, 24, 47, 0, 0, 0, 0, 0, 25, 8, 6, 0)
s = 91: (0, 20, 19, 0, 0, 0, 0, 0, 27, 6, 6, 0)
s = 92: (0, 21, 39, 0, 0, 0, 0, 0, 24, 5, 8, 0)
s = 93: (0, 16, 30, 0, 0, 0, 0, 0, 28, 7, 7, 0)
s = 94: (0, 15, 27, 0, 0, 0, 0, 0, 18, 9, 5, 0)
s = 95: (0, 16, 23, 0, 0, 0, 0, 0, 22, 6, 6, 0)
s = 96: (0, 24, 36, 0, 0, 0, 0, 0, 37, 9, 6, 0)
s = 97: (0, 38, 33, 0, 0, 0, 0, 0, 21, 7, 9, 0)
s = 98: (0, 27, 20, 0, 0, 0, 0, 0, 23, 5, 6, 0)
s = 99: (0, 41, 37, 0, 0, 0, 0, 0, 23, 4, 9, 0)
s = 100: (0, 28, 26, 0, 0, 0, 0, 0, 23, 6, 8, 0)
s = 101: (0, 26, 28, 0, 0, 0, 0, 0, 24, 7, 9, 0)
s = 102: (0, 32, 33, 0, 0, 0, 0, 0, 35, 7, 5, 0)
s = 103: (0, 14, 26, 0, 0, 0, 0, 0, 31, 5, 10, 0)
s = 104: (0, 26, 17, 0, 0, 0, 0, 0, 32, 9, 5, 0)
s = 105: (0, 18, 25, 0, 0, 0, 0, 0, 23, 5, 6, 0)
s = 106: (0, 17, 44, 0, 0, 0, 0, 0, 20, 6, 8, 0)
s = 107: (0, 26, 18, 0, 0, 0, 0, 0, 17, 4, 8, 0)
s = 108: (0, 37, 20, 0, 0, 0, 0, 0, 23, 5, 11, 0)
s = 109: (0, 25, 32, 0, 0, 0, 0, 0, 17, 6, 5, 0)
s = 110: (0, 28, 38, 0, 0, 0, 0, 0, 22, 7, 7, 0)
s = 111: (0, 26, 28, 0, 0, 0, 0, 0, 25, 8, 4, 0)
s = 112: (0, 13, 26, 0, 0, 0, 0, 0, 27, 7, 5, 0)
s = 113: (0, 16, 35, 0, 0, 0, 0, 0, 16, 8, 9, 0)
s = 114: (0, 17, 37, 0, 0, 0, 0, 0, 26, 4, 6, 0)
s = 115: (0, 24, 32, 0, 0, 0, 0, 0, 45, 8, 7, 0)
s = 116: (0, 23, 37, 0, 0, 0, 0, 0, 22, 8, 7, 0)
s = 117: (0, 25, 24, 0, 0, 0, 0, 0, 32, 5, 8, 0)
s = 118: (0, 28, 50, 0, 0, 0, 0, 0, 25, 9, 6, 0)
s = 119: (0, 20, 26, 0, 0, 0, 0, 0, 31, 4, 5, 0)
s = 120: (0, 17, 30, 0, 0, 0, 0, 0, 26, 6, 5, 0)
s = 121: (0, 20, 36, 0, 0, 0, 0, 0, 22, 6, 6, 0)
s = 122: (0, 31, 23, 0, 0, 0, 0, 0, 29, 5, 10, 0)
s = 123: (0, 29, 21, 0, 0, 0, 0, 0, 44, 9, 6, 0)
s = 124: (0, 21, 39, 0, 0, 0, 0, 0, 16, 10, 4, 0)
s = 125: (0, 34, 40, 0, 0, 0, 0, 0, 24, 5, 5, 0)
s = 126: (0, 32, 28, 0, 0, 0, 0, 0, 21, 5, 8, 0)
s = 127: (0, 24, 40, 0, 0, 0, 0, 0, 39, 6, 4, 0)
s = 128: (0, 29, 34, 0, 0, 0, 0, 0, 38, 5, 6, 0)
s = 129: (0, 25, 29, 0, 0, 0, 0, 0, 34, 9, 5, 0)
s = 130: (0, 20, 26, 0, 0, 0, 0, 0, 26, 5, 8, 0)
s = 131: (0, 27, 26, 0, 0, 0, 0, 0, 43, 7, 11, 0)
s = 132: (0, 41, 42, 0, 0, 0, 0, 0, 21, 6, 6, 0)
s = 133: (0, 29, 19, 0, 0, 0, 0, 0, 30, 7, 7, 0)
s = 134: (0, 41, 24, 0, 0, 0, 0, 0, 29, 11, 8, 0)
s = 135: (0, 30, 25, 0, 0, 0, 0, 0, 48, 4, 6, 0)
s = 136: (0, 20, 26, 0, 0, 0, 0, 0, 33, 8, 6, 0)
s = 137: (0, 27, 39, 0, 0, 0, 0, 0, 27, 6, 6, 0)
s = 138: (0, 42, 46, 0, 0, 0, 0, 0, 31, 7, 6, 0)
s = 139: (0, 35, 20, 0, 0, 0, 0, 0, 37, 4, 4, 0)
s = 140: (0, 15, 21, 0, 0, 0, 0, 0, 46, 6, 5, 0)
s = 141: (0, 20, 17, 0, 0, 0, 0, 0, 15, 7, 4, 0)
s = 142: (0, 19, 33, 0, 0, 0, 0, 0, 18, 7, 6, 0)
s = 143: (0, 19, 41, 0, 0, 0, 0, 0, 17, 6, 9, 0)
s = 144: (0, 18, 17, 0, 0, 0, 0, 0, 33, 7, 5, 0)
s = 145: (0, 21, 27, 0, 0, 0, 0, 0, 22, 7, 8, 0)
s = 146: (0, 23, 32, 0, 0, 0, 0, 0, 34, 6, 5, 0)
s = 147: (0, 23, 47, 0, 0, 0, 0, 0, 26, 11, 6, 0)
s = 148: (0, 22, 21, 0, 0, 0, 0, 0, 27, 8, 6, 0)
s = 149: (0, 16, 32, 0, 0, 0, 0, 0, 25, 5, 8, 0)
s = 150: (0, 43, 26, 0, 0, 0, 0, 0, 31, 8, 7, 0)
s = 151: (0, 30, 20, 0, 0, 0, 0, 0, 17, 4, 5, 0)
s = 152: (0, 28, 17, 0, 0, 0, 0, 0, 21, 8, 6, 0)
s = 153: (0, 17, 32, 0, 0, 0, 0, 0, 21, 8, 7, 0)
s = 154: (0, 20, 28, 0, 0, 0, 0, 0, 26, 8, 5, 0)
s = 155: (0, 15, 38, 0, 0, 0, 0, 0, 22, 6, 6, 0)
s = 156: (0, 21, 17, 0, 0, 0, 0, 0, 15, 9, 7, 0)
s = 157: (0, 26, 44, 0, 0, 0, 0, 0, 27, 5, 7, 0)
s = 158: (0, 24, 23, 0, 0, 0, 0, 0, 44, 6, 6, 0)
s = 159: (0, 19, 23, 0, 0, 0, 0, 0, 26, 5, 7, 0)
s = 160: (0, 27, 46, 0, 0, 0, 0, 0, 38, 6, 5, 0)
s = 161: (0, 28, 23, 0, 0, 0, 0, 0, 25, 8, 9, 0)
s = 162: (0, 15, 19, 0, 0, 0, 0, 0, 22, 8, 10, 0)
s = 163: (0, 24, 30, 0, 0, 0, 0, 0, 22, 7, 4, 0)
s = 164: (0, 29, 22, 0, 0, 0, 0, 0, 35, 5, 6, 0)
s = 165: (0, 18, 22, 0, 0, 0, 0, 0, 18, 8, 11, 0)
s = 166: (0, 33, 28, 0, 0, 0, 0, 0, 16, 6, 9, 0)
s = 167: (0, 36, 26, 0, 0, 0, 0, 0, 23, 12, 5, 0)
s = 168: (0, 24, 22, 0, 0, 0, 0, 0, 21, 8, 10, 0)
s = 169: (0, 41, 26, 0, 0, 0, 0, 0, 32, 6, 5, 0)
s = 170: (0, 36, 26, 0, 0, 0, 0, 0, 26, 10, 8, 0)
s = 171: (0, 34, 28, 0, 0, 0, 0, 0, 23, 8, 6, 0)
s = 172: (0, 17, 29, 0, 0, 0, 0, 0, 27, 7, 5, 0)
s = 173: (0, 14, 26, 0, 0, 0, 0, 0, 26, 5, 6, 0)
s = 174: (0, 24, 16, 0, 0, 0, 0, 0, 18, 5, 6, 0)
s = 175: (0, 15, 29, 0, 0, 0, 0, 0, 21, 5, 8, 0)
s = 176: (0, 37, 19, 0, 0, 0, 0, 0, 24, 6, 10, 0)
s = 177: (0, 31, 34, 0, 0, 0, 0, 0, 26, 7, 11, 0)
s = 178: (0, 22, 22, 0, 0, 0, 0, 0, 27, 5, 5, 0)
s = 179: (0, 16, 36, 0, 0, 0, 0, 0, 23, 7, 7, 0)
s = 180: (0, 28, 27, 0, 0, 0, 0, 0, 28, 6, 6, 0)
s = 181: (0, 27, 27, 0, 0, 0, 0, 0, 36, 7, 7, 0)
s = 182: (0, 34, 18, 0, 0, 0, 0, 0, 28, 7, 6, 0)
s = 183: (0, 43, 28, 0, 0, 0, 0, 0, 40, 4, 8, 0)
s = 184: (0, 33, 31, 0, 0, 0, 0, 0, 24, 6, 7, 0)
s = 185: (0, 21, 32, 0, 0, 0, 0, 0, 24, 5, 9, 0)
s = 186: (0, 14, 28, 0, 0, 0, 0, 0, 47, 7, 10, 0)
s = 187: (0, 24, 33, 0, 0, 0, 0, 0, 34, 7, 6, 0)
s = 188: (0, 26, 38, 0, 0, 0, 0, 0, 19, 7, 6, 0)
s = 189: (0, 26, 25, 0, 0, 0, 0, 0, 23, 7, 7, 0)
s = 190: (0, 30, 35, 0, 0, 0, 0, 0, 29, 7, 7, 0)
s = 191: (0, 19, 32, 0, 0, 0, 0, 0, 22, 7, 7, 0)
s = 192: (0, 14, 22, 0, 0, 0, 0, 0, 20, 7, 5, 0)
s = 193: (0, 32, 27, 0, 0, 0, 0, 0, 36, 7, 9, 0)
s = 194: (0, 31, 26, 0, 0, 0, 0, 0, 30, 6, 7, 0)
s = 195: (0, 18, 30, 0, 0, 0, 0, 0, 22, 6, 5, 0)
s = 196: (0, 25, 35, 0, 0, 0, 0, 0, 29, 7, 7, 0)
s = 197: (0, 25, 44, 0, 0, 0, 0, 0, 27, 4, 11, 0)
s = 198: (0, 26, 21, 0, 0, 0, 0, 0, 19, 9, 7, 0)
s = 199: (0, 19, 28, 0, 0, 0, 0, 0, 20, 7, 7, 0)
s = 200: (0, 15, 32, 0, 0, 0, 0, 0, 38, 9, 7, 0)
------------------------------------------------------------------------
RESOURCE k = 3
s = 1: (0, 29, 34, 66, 15, 8, 20, 13, 24, 30, 11, 0)
s = 2: (0, 23, 27, 43, 16, 7, 17, 18, 16, 18, 7, 0)
s = 3: (0, 41, 52, 43, 27, 6, 17, 11, 24, 16, 8, 0)
s = 4: (0, 40, 54, 28, 18, 5, 21, 16, 39, 25, 12, 0)
s = 5: (0, 33, 24, 58, 20, 15, 17, 13, 26, 19, 10, 0)
s = 6: (0, 25, 34, 39, 19, 11, 15, 17, 46, 20, 8, 0)
s = 7: (0, 41, 29, 38, 34, 12, 24, 15, 18, 24, 7, 0)
s = 8: (0, 15, 44, 51, 36, 8, 12, 10, 24, 15, 12, 0)
s = 9: (0, 26, 56, 78, 25, 6, 13, 11, 22, 19, 9, 0)
s = 10: (0, 24, 69, 65, 19, 9, 24, 19, 28, 15, 7, 0)
s = 11: (0, 24, 42, 31, 30, 7, 17, 14, 24, 27, 10, 0)
s = 12: (0, 28, 46, 27, 14, 6, 22, 13, 20, 27, 12, 0)
s = 13: (0, 23, 80, 36, 33, 13, 15, 18, 31, 29, 6, 0)
s = 14: (0, 30, 42, 45, 20, 7, 28, 15, 24, 20, 8, 0)
s = 15: (0, 28, 31, 54, 31, 6, 28, 16, 18, 22, 10, 0)
s = 16: (0, 37, 40, 40, 18, 7, 20, 12, 36, 29, 9, 0)
s = 17: (0, 20, 29, 24, 28, 9, 22, 14, 16, 13, 15, 0)
s = 18: (0, 30, 49, 49, 19, 8, 24, 18, 29, 29, 10, 0)
s = 19: (0, 24, 26, 33, 20, 10, 16, 9, 19, 17, 12, 0)
s = 20: (0, 27, 30, 50, 19, 10, 16, 14, 25, 28, 9, 0)
s = 21: (0, 37, 21, 57, 15, 9, 15, 11, 32, 30, 11, 0)
s = 22: (0, 36, 44, 38, 24, 8, 15, 10, 30, 38, 10, 0)
s = 23: (0, 36, 33, 36, 21, 7, 19, 16, 28, 22, 11, 0)
s = 24: (0, 20, 53, 37, 20, 6, 17, 9, 32, 29, 8, 0)
s = 25: (0, 21, 27, 32, 27, 6, 21, 13, 31, 16, 10, 0)
s = 26: (0, 35, 27, 35, 23, 7, 28, 14, 18, 19, 8, 0)
s = 27: (0, 42, 38, 50, 15, 7, 15, 14, 37, 21, 11, 0)
s = 28: (0, 24, 43, 34, 20, 11, 17, 14, 38, 29, 13, 0)
s = 29: (0, 27, 39, 36, 34, 6, 27, 10, 24, 19, 12, 0)
s = 30: (0, 33, 70, 43, 26, 6, 21, 17, 41, 28, 15, 0)
s = 31: (0, 17, 36, 28, 17, 6, 25, 11, 22, 17, 6, 0)
s = 32: (0, 18, 29, 38, 24, 6, 18, 13, 26, 37, 12, 0)
s = 33: (0, 16, 54, 32, 35, 11, 23, 11, 30, 25, 7, 0)
s = 34: (0, 26, 41, 44, 28, 6, 17, 16, 39, 21, 10, 0)
s = 35: (0, 29, 42, 32, 26, 7, 29, 12, 30, 26, 6, 0)
s = 36: (0, 24, 38, 64, 36, 10, 15, 14, 17, 37, 11, 0)
s = 37: (0, 36, 31, 36, 25, 6, 27, 17, 21, 18, 8, 0)
s = 38: (0, 27, 30, 32, 30, 5, 28, 20, 28, 37, 16, 0)
s = 39: (0, 29, 48, 42, 14, 8, 19, 10, 19, 30, 8, 0)
s = 40: (0, 44, 39, 52, 20, 7, 13, 9, 18, 24, 11, 0)
s = 41: (0, 22, 29, 51, 28, 10, 16, 13, 18, 21, 9, 0)
s = 42: (0, 17, 46, 38, 29, 9, 28, 8, 21, 15, 11, 0)
s = 43: (0, 25, 33, 58, 20, 7, 26, 16, 27, 32, 9, 0)
s = 44: (0, 24, 23, 35, 26, 12, 11, 9, 33, 14, 7, 0)
s = 45: (0, 16, 38, 31, 26, 10, 15, 22, 20, 23, 17, 0)
s = 46: (0, 22, 44, 32, 29, 8, 22, 14, 36, 28, 13, 0)
s = 47: (0, 18, 47, 55, 20, 7, 11, 10, 30, 24, 14, 0)
s = 48: (0, 34, 38, 26, 29, 11, 20, 7, 26, 21, 14, 0)
s = 49: (0, 34, 29, 47, 20, 10, 14, 17, 21, 23, 6, 0)
s = 50: (0, 33, 35, 37, 30, 9, 23, 12, 26, 29, 16, 0)
s = 51: (0, 23, 45, 31, 28, 5, 14, 13, 29, 14, 8, 0)
s = 52: (0, 43, 39, 55, 15, 8, 17, 18, 19, 41, 10, 0)
s = 53: (0, 24, 70, 57, 33, 6, 18, 13, 23, 17, 10, 0)
s = 54: (0, 22, 58, 61, 14, 8, 15, 7, 21, 28, 10, 0)
s = 55: (0, 17, 24, 45, 28, 8, 22, 12, 17, 20, 14, 0)
s = 56: (0, 18, 44, 39, 24, 12, 20, 15, 18, 27, 16, 0)
s = 57: (0, 31, 26, 35, 23, 10, 13, 7, 18, 14, 9, 0)
s = 58: (0, 24, 31, 52, 31, 11, 14, 15, 33, 14, 9, 0)
s = 59: (0, 47, 51, 59, 23, 9, 24, 19, 36, 28, 11, 0)
s = 60: (0, 17, 24, 41, 21, 6, 15, 9, 23, 20, 8, 0)
s = 61: (0, 38, 33, 39, 26, 8, 20, 14, 26, 18, 7, 0)
s = 62: (0, 31, 64, 32, 23, 7, 21, 10, 26, 16, 8, 0)
s = 63: (0, 24, 29, 46, 14, 5, 32, 10, 27, 28, 8, 0)
s = 64: (0, 31, 29, 36, 25, 11, 23, 12, 26, 27, 14, 0)
s = 65: (0, 32, 63, 38, 22, 10, 19, 16, 19, 23, 8, 0)
s = 66: (0, 26, 75, 46, 20, 9, 22, 11, 21, 18, 12, 0)
s = 67: (0, 19, 33, 34, 19, 6, 16, 15, 27, 28, 12, 0)
s = 68: (0, 36, 39, 47, 31, 8, 22, 14, 27, 24, 9, 0)
s = 69: (0, 18, 65, 48, 20, 11, 16, 15, 28, 38, 8, 0)
s = 70: (0, 32, 32, 36, 21, 6, 21, 18, 42, 18, 14, 0)
s = 71: (0, 28, 31, 46, 28, 6, 22, 14, 20, 20, 18, 0)
s = 72: (0, 18, 26, 45, 35, 9, 13, 16, 16, 32, 8, 0)
s = 73: (0, 16, 47, 63, 30, 9, 15, 11, 29, 29, 11, 0)
s = 74: (0, 22, 41, 34, 43, 8, 22, 15, 18, 15, 15, 0)
s = 75: (0, 44, 27, 33, 18, 12, 18, 15, 27, 23, 8, 0)
s = 76: (0, 16, 44, 37, 19, 9, 14, 9, 21, 27, 11, 0)
s = 77: (0, 18, 59, 71, 25, 8, 25, 16, 27, 23, 12, 0)
s = 78: (0, 33, 29, 46, 19, 8, 20, 10, 21, 19, 11, 0)
s = 79: (0, 22, 49, 51, 25, 11, 11, 11, 34, 24, 11, 0)
s = 80: (0, 29, 36, 35, 34, 7, 13, 12, 36, 25, 13, 0)
s = 81: (0, 21, 29, 28, 24, 10, 15, 8, 38, 31, 7, 0)
s = 82: (0, 19, 35, 34, 25, 6, 17, 13, 36, 37, 6, 0)
s = 83: (0, 33, 42, 57, 20, 6, 20, 10, 51, 20, 6, 0)
s = 84: (0, 20, 57, 35, 16, 10, 18, 11, 34, 20, 9, 0)
s = 85: (0, 24, 27, 58, 19, 8, 14, 14, 15, 22, 9, 0)
s = 86: (0, 24, 33, 37, 32, 10, 18, 13, 19, 25, 8, 0)
s = 87: (0, 24, 32, 36, 26, 10, 13, 16, 21, 25, 12, 0)
s = 88: (0, 30, 28, 38, 28, 9, 18, 7, 30, 35, 10, 0)
s = 89: (0, 27, 24, 57, 34, 6, 20, 11, 16, 16, 10, 0)
s = 90: (0, 27, 66, 65, 22, 12, 16, 13, 25, 31, 10, 0)
s = 91: (0, 23, 27, 27, 32, 14, 16, 18, 27, 24, 10, 0)
s = 92: (0, 24, 56, 32, 25, 7, 10, 12, 24, 18, 13, 0)
s = 93: (0, 17, 42, 40, 17, 7, 21, 16, 28, 27, 12, 0)
s = 94: (0, 17, 39, 37, 15, 13, 25, 8, 18, 33, 9, 0)
s = 95: (0, 18, 33, 61, 18, 10, 30, 12, 22, 22, 10, 0)
s = 96: (0, 27, 51, 57, 28, 10, 26, 12, 37, 33, 9, 0)
s = 97: (0, 43, 48, 51, 31, 7, 15, 8, 21, 26, 15, 0)
s = 98: (0, 31, 29, 70, 13, 7, 12, 13, 23, 20, 9, 0)
s = 99: (0, 46, 53, 23, 16, 13, 13, 15, 23, 16, 15, 0)
s = 100: (0, 32, 38, 41, 23, 10, 24, 12, 23, 24, 12, 0)
s = 101: (0, 29, 40, 44, 24, 10, 16, 13, 24, 25, 15, 0)
s = 102: (0, 36, 47, 50, 30, 12, 19, 12, 35, 26, 8, 0)
s = 103: (0, 16, 36, 33, 21, 11, 19, 14, 31, 20, 16, 0)
s = 104: (0, 29, 24, 41, 34, 9, 14, 14, 32, 34, 8, 0)
s = 105: (0, 21, 36, 55, 32, 5, 23, 15, 23, 18, 10, 0)
s = 106: (0, 19, 62, 38, 17, 10, 32, 15, 20, 24, 14, 0)
s = 107: (0, 29, 25, 57, 31, 7, 11, 8, 17, 13, 12, 0)
s = 108: (0, 42, 29, 49, 18, 7, 21, 11, 23, 20, 18, 0)
s = 109: (0, 28, 45, 35, 32, 6, 19, 8, 17, 22, 8, 0)
s = 110: (0, 31, 55, 70, 26, 5, 18, 16, 22, 27, 11, 0)
s = 111: (0, 29, 40, 29, 24, 5, 19, 18, 25, 31, 7, 0)
s = 112: (0, 15, 37, 61, 24, 8, 10, 14, 27, 26, 9, 0)
s = 113: (0, 18, 50, 56, 20, 9, 28, 13, 16, 30, 15, 0)
s = 114: (0, 19, 52, 62, 13, 13, 21, 11, 26, 14, 10, 0)
s = 115: (0, 27, 45, 58, 13, 9, 24, 9, 45, 30, 11, 0)
s = 116: (0, 26, 52, 36, 19, 11, 14, 19, 22, 32, 11, 0)
s = 117: (0, 28, 34, 64, 31, 11, 14, 13, 32, 19, 13, 0)
s = 118: (0, 31, 71, 48, 24, 12, 15, 11, 25, 34, 10, 0)
s = 119: (0, 23, 38, 26, 14, 9, 20, 15, 31, 13, 8, 0)
s = 120: (0, 19, 42, 28, 18, 11, 15, 11, 26, 24, 9, 0)
s = 121: (0, 22, 51, 39, 26, 8, 14, 12, 22, 21, 10, 0)
s = 122: (0, 34, 32, 34, 20, 10, 14, 13, 29, 17, 16, 0)
s = 123: (0, 33, 30, 33, 23, 8, 17, 10, 44, 34, 10, 0)
s = 124: (0, 23, 55, 28, 24, 7, 21, 12, 16, 38, 7, 0)
s = 125: (0, 39, 57, 49, 34, 7, 23, 12, 24, 20, 8, 0)
s = 126: (0, 36, 40, 36, 21, 6, 14, 13, 21, 19, 14, 0)
s = 127: (0, 27, 57, 51, 17, 8, 27, 12, 39, 23, 7, 0)
s = 128: (0, 32, 48, 40, 41, 10, 24, 10, 38, 18, 10, 0)
s = 129: (0, 28, 41, 36, 26, 10, 16, 10, 34, 35, 8, 0)
s = 130: (0, 23, 37, 48, 35, 5, 25, 20, 26, 20, 13, 0)
s = 131: (0, 31, 36, 76, 23, 7, 18, 9, 43, 27, 17, 0)
s = 132: (0, 46, 60, 42, 22, 11, 19, 12, 21, 23, 9, 0)
s = 133: (0, 33, 26, 27, 18, 5, 22, 11, 30, 27, 11, 0)
s = 134: (0, 46, 34, 49, 17, 10, 16, 13, 29, 42, 12, 0)
s = 135: (0, 33, 35, 52, 26, 13, 16, 13, 48, 14, 9, 0)
s = 136: (0, 23, 37, 47, 20, 7, 24, 15, 33, 32, 9, 0)
s = 137: (0, 31, 55, 47, 26, 9, 18, 10, 27, 24, 10, 0)
s = 138: (0, 47, 66, 38, 25, 7, 14, 7, 31, 28, 9, 0)
s = 139: (0, 40, 28, 66, 14, 7, 19, 8, 37, 16, 6, 0)
s = 140: (0, 16, 30, 32, 28, 7, 30, 10, 46, 21, 8, 0)
s = 141: (0, 23, 25, 53, 36, 11, 22, 16, 15, 26, 7, 0)
s = 142: (0, 21, 47, 47, 27, 9, 19, 9, 18, 28, 10, 0)
s = 143: (0, 21, 59, 41, 18, 7, 17, 13, 17, 22, 15, 0)
s = 144: (0, 20, 24, 36, 26, 8, 28, 11, 33, 25, 7, 0)
s = 145: (0, 24, 38, 35, 17, 7, 26, 9, 22, 26, 14, 0)
s = 146: (0, 25, 46, 47, 34, 9, 20, 18, 34, 23, 9, 0)
s = 147: (0, 26, 67, 31, 31, 6, 22, 17, 26, 42, 9, 0)
s = 148: (0, 24, 30, 48, 36, 7, 22, 9, 27, 30, 10, 0)
s = 149: (0, 18, 45, 37, 18, 11, 15, 13, 25, 20, 13, 0)
s = 150: (0, 49, 38, 61, 14, 8, 25, 9, 31, 31, 11, 0)
s = 151: (0, 34, 28, 60, 17, 7, 16, 16, 17, 14, 8, 0)
s = 152: (0, 32, 24, 39, 21, 5, 18, 19, 21, 29, 9, 0)
s = 153: (0, 19, 45, 41, 21, 7, 15, 13, 21, 30, 11, 0)
s = 154: (0, 22, 40, 26, 31, 6, 16, 12, 26, 30, 9, 0)
s = 155: (0, 17, 54, 49, 24, 8, 11, 11, 22, 23, 10, 0)
s = 156: (0, 24, 24, 45, 30, 6, 12, 11, 15, 36, 12, 0)
s = 157: (0, 29, 62, 50, 27, 10, 15, 17, 27, 18, 12, 0)
s = 158: (0, 27, 32, 34, 17, 9, 15, 10, 44, 22, 10, 0)
s = 159: (0, 21, 33, 36, 24, 7, 15, 12, 26, 20, 12, 0)
s = 160: (0, 30, 65, 34, 33, 12, 18, 11, 38, 22, 8, 0)
s = 161: (0, 32, 33, 34, 20, 13, 22, 13, 25, 29, 14, 0)
s = 162: (0, 16, 27, 39, 21, 11, 18, 8, 22, 32, 17, 0)
s = 163: (0, 26, 42, 45, 25, 9, 12, 14, 22, 26, 6, 0)
s = 164: (0, 33, 31, 42, 18, 8, 19, 10, 35, 18, 10, 0)
s = 165: (0, 20, 32, 48, 29, 7, 15, 8, 18, 30, 18, 0)
s = 166: (0, 37, 39, 30, 14, 9, 19, 17, 16, 24, 15, 0)
s = 167: (0, 40, 37, 54, 21, 15, 14, 9, 23, 45, 8, 0)
s = 168: (0, 27, 31, 48, 26, 5, 18, 11, 21, 31, 16, 0)
s = 169: (0, 46, 37, 58, 36, 5, 17, 13, 32, 23, 8, 0)
s = 170: (0, 40, 37, 35, 46, 6, 24, 15, 26, 40, 12, 0)
s = 171: (0, 38, 40, 60, 31, 6, 23, 18, 23, 30, 10, 0)
s = 172: (0, 19, 41, 49, 21, 5, 13, 12, 27, 25, 7, 0)
s = 173: (0, 16, 37, 73, 18, 6, 32, 13, 26, 17, 10, 0)
s = 174: (0, 27, 23, 37, 30, 8, 20, 12, 18, 19, 9, 0)
s = 175: (0, 17, 42, 38, 23, 7, 17, 10, 21, 17, 13, 0)
s = 176: (0, 42, 27, 34, 24, 7, 27, 11, 24, 23, 16, 0)
s = 177: (0, 35, 48, 43, 15, 12, 16, 10, 26, 28, 17, 0)
s = 178: (0, 25, 31, 42, 29, 8, 19, 11, 27, 19, 7, 0)
s = 179: (0, 18, 52, 39, 21, 7, 26, 15, 23, 27, 11, 0)
s = 180: (0, 31, 39, 46, 22, 8, 28, 21, 28, 24, 10, 0)
s = 181: (0, 30, 38, 56, 19, 8, 16, 11, 36, 26, 11, 0)
s = 182: (0, 38, 25, 29, 19, 11, 22, 7, 28, 28, 10, 0)
s = 183: (0, 48, 40, 38, 13, 8, 21, 9, 40, 15, 13, 0)
s = 184: (0, 37, 44, 45, 29, 13, 13, 9, 24, 22, 12, 0)
s = 185: (0, 24, 46, 39, 21, 9, 23, 10, 24, 17, 15, 0)
s = 186: (0, 16, 39, 34, 42, 9, 21, 9, 47, 28, 16, 0)
s = 187: (0, 27, 46, 47, 21, 9, 30, 9, 34, 28, 9, 0)
s = 188: (0, 29, 54, 40, 21, 13, 17, 16, 19, 25, 10, 0)
s = 189: (0, 29, 36, 47, 15, 12, 16, 13, 23, 27, 12, 0)
s = 190: (0, 34, 50, 39, 17, 11, 11, 9, 29, 25, 12, 0)
s = 191: (0, 21, 46, 30, 23, 8, 26, 15, 22, 27, 11, 0)
s = 192: (0, 16, 31, 45, 38, 5, 23, 14, 20, 27, 7, 0)
s = 193: (0, 36, 38, 43, 19, 9, 13, 15, 36, 28, 14, 0)
s = 194: (0, 35, 37, 51, 22, 9, 19, 7, 30, 24, 11, 0)
s = 195: (0, 21, 42, 36, 19, 8, 11, 12, 22, 22, 8, 0)
s = 196: (0, 28, 49, 31, 27, 9, 22, 18, 29, 26, 11, 0)
s = 197: (0, 28, 62, 45, 15, 9, 26, 20, 27, 15, 18, 0)
s = 198: (0, 29, 30, 44, 25, 10, 24, 16, 19, 33, 11, 0)
s = 199: (0, 22, 40, 34, 19, 8, 15, 13, 20, 27, 12, 0)
s = 200: (0, 17, 46, 48, 36, 9, 19, 20, 38, 36, 11, 0)
------------------------------------------------------------------------
RESOURCE k = 4
s = 1: (0, 20, 30, 75, 11, 4, 26, 23, 22, 30, 13, 0)
s = 2: (0, 16, 24, 49, 12, 4, 23, 32, 15, 18, 9, 0)
s = 3: (0, 28, 47, 49, 20, 3, 22, 19, 21, 16, 10, 0)
s = 4: (0, 27, 49, 32, 14, 3, 28, 27, 34, 25, 14, 0)
s = 5: (0, 22, 22, 67, 15, 8, 23, 22, 23, 19, 12, 0)
s = 6: (0, 17, 31, 44, 15, 6, 20, 29, 41, 20, 9, 0)
s = 7: (0, 28, 26, 44, 26, 6, 32, 26, 16, 24, 8, 0)
s = 8: (0, 10, 40, 58, 27, 4, 16, 17, 22, 15, 14, 0)
s = 9: (0, 18, 50, 89, 19, 3, 17, 18, 20, 19, 11, 0)
s = 10: (0, 16, 62, 74, 14, 5, 32, 33, 25, 15, 9, 0)
s = 11: (0, 16, 38, 36, 23, 4, 22, 25, 22, 27, 12, 0)
s = 12: (0, 19, 41, 31, 11, 3, 30, 23, 18, 27, 15, 0)
s = 13: (0, 16, 72, 41, 25, 7, 20, 30, 27, 29, 7, 0)
s = 14: (0, 20, 38, 52, 15, 4, 38, 25, 21, 20, 10, 0)
s = 15: (0, 19, 28, 62, 23, 3, 38, 28, 16, 22, 12, 0)
s = 16: (0, 25, 36, 45, 13, 4, 27, 20, 32, 29, 11, 0)
s = 17: (0, 14, 26, 27, 21, 5, 30, 24, 15, 13, 18, 0)
s = 18: (0, 20, 44, 56, 14, 4, 32, 31, 26, 29, 12, 0)
s = 19: (0, 16, 24, 38, 15, 5, 21, 15, 17, 17, 15, 0)
s = 20: (0, 18, 27, 57, 15, 5, 21, 24, 23, 28, 11, 0)
s = 21: (0, 25, 19, 65, 12, 5, 19, 20, 28, 30, 13, 0)
s = 22: (0, 24, 40, 43, 18, 4, 19, 16, 27, 38, 12, 0)
s = 23: (0, 24, 29, 41, 16, 4, 25, 27, 25, 22, 13, 0)
s = 24: (0, 13, 48, 42, 15, 3, 22, 16, 29, 29, 10, 0)
s = 25: (0, 14, 24, 37, 20, 3, 28, 22, 27, 16, 12, 0)
s = 26: (0, 23, 24, 40, 18, 4, 38, 24, 16, 19, 10, 0)
s = 27: (0, 28, 34, 57, 12, 4, 20, 23, 33, 21, 13, 0)
s = 28: (0, 16, 39, 38, 15, 6, 22, 24, 34, 29, 16, 0)
s = 29: (0, 18, 36, 41, 25, 3, 36, 18, 22, 19, 14, 0)
s = 30: (0, 22, 63, 49, 19, 3, 28, 30, 37, 28, 18, 0)
s = 31: (0, 11, 33, 32, 13, 3, 33, 20, 19, 17, 8, 0)
s = 32: (0, 12, 26, 43, 18, 3, 23, 23, 23, 37, 15, 0)
s = 33: (0, 11, 48, 36, 26, 6, 31, 20, 26, 25, 9, 0)
s = 34: (0, 18, 37, 50, 21, 3, 22, 27, 35, 21, 12, 0)
s = 35: (0, 20, 38, 37, 20, 4, 38, 21, 27, 26, 7, 0)
s = 36: (0, 16, 34, 73, 27, 5, 19, 24, 15, 37, 13, 0)
s = 37: (0, 24, 28, 41, 19, 3, 36, 30, 18, 18, 9, 0)
s = 38: (0, 18, 27, 36, 23, 3, 37, 35, 25, 37, 19, 0)
s = 39: (0, 20, 43, 48, 11, 4, 26, 18, 17, 30, 10, 0)
s = 40: (0, 30, 35, 60, 15, 4, 17, 16, 16, 24, 13, 0)
s = 41: (0, 15, 26, 58, 21, 5, 21, 23, 16, 21, 11, 0)
s = 42: (0, 12, 42, 43, 22, 5, 37, 14, 19, 15, 13, 0)
s = 43: (0, 17, 30, 66, 15, 4, 34, 28, 24, 32, 10, 0)
s = 44: (0, 16, 21, 40, 19, 6, 14, 16, 30, 14, 9, 0)
s = 45: (0, 11, 34, 35, 19, 5, 20, 37, 18, 23, 20, 0)
s = 46: (0, 15, 39, 36, 22, 4, 29, 24, 32, 28, 15, 0)
s = 47: (0, 12, 43, 63, 15, 4, 15, 17, 27, 24, 17, 0)
s = 48: (0, 23, 34, 29, 22, 6, 27, 12, 23, 21, 17, 0)
s = 49: (0, 23, 26, 53, 15, 5, 18, 29, 18, 23, 8, 0)
s = 50: (0, 22, 31, 42, 22, 5, 30, 20, 24, 29, 19, 0)
s = 51: (0, 16, 40, 35, 21, 3, 18, 23, 26, 14, 9, 0)
s = 52: (0, 29, 36, 63, 11, 4, 23, 31, 17, 41, 12, 0)
s = 53: (0, 16, 63, 65, 25, 3, 24, 22, 21, 17, 12, 0)
s = 54: (0, 15, 52, 70, 11, 4, 20, 12, 19, 28, 12, 0)
s = 55: (0, 12, 21, 51, 21, 4, 30, 20, 15, 20, 16, 0)
s = 56: (0, 12, 39, 45, 18, 6, 26, 26, 16, 27, 19, 0)
s = 57: (0, 21, 23, 40, 17, 5, 17, 12, 16, 14, 10, 0)
s = 58: (0, 16, 28, 60, 23, 6, 18, 26, 29, 14, 11, 0)
s = 59: (0, 32, 46, 67, 17, 5, 31, 32, 32, 28, 14, 0)
s = 60: (0, 11, 22, 47, 16, 3, 19, 15, 21, 20, 10, 0)
s = 61: (0, 26, 30, 44, 19, 4, 27, 24, 23, 18, 9, 0)
s = 62: (0, 21, 58, 36, 18, 4, 28, 17, 24, 16, 10, 0)
s = 63: (0, 16, 26, 53, 10, 3, 42, 18, 24, 28, 10, 0)
s = 64: (0, 21, 26, 41, 19, 6, 31, 20, 23, 27, 17, 0)
s = 65: (0, 22, 56, 44, 17, 5, 25, 27, 17, 23, 10, 0)
s = 66: (0, 17, 68, 53, 15, 5, 29, 19, 18, 18, 15, 0)
s = 67: (0, 13, 30, 38, 14, 3, 22, 27, 24, 28, 14, 0)
s = 68: (0, 24, 35, 53, 23, 4, 29, 24, 24, 24, 11, 0)
s = 69: (0, 12, 59, 55, 15, 6, 22, 26, 25, 38, 10, 0)
s = 70: (0, 21, 29, 42, 16, 3, 28, 31, 37, 18, 17, 0)
s = 71: (0, 19, 28, 53, 21, 3, 29, 23, 18, 20, 21, 0)
s = 72: (0, 12, 24, 51, 26, 5, 17, 27, 15, 32, 10, 0)
s = 73: (0, 11, 43, 72, 23, 5, 20, 18, 26, 29, 14, 0)
s = 74: (0, 15, 37, 39, 32, 4, 30, 25, 16, 15, 18, 0)
s = 75: (0, 29, 25, 37, 14, 6, 24, 26, 24, 23, 10, 0)
s = 76: (0, 11, 39, 42, 14, 5, 19, 16, 18, 27, 13, 0)
s = 77: (0, 12, 53, 81, 19, 4, 33, 28, 24, 23, 15, 0)
s = 78: (0, 22, 26, 52, 14, 4, 26, 17, 19, 19, 13, 0)
s = 79: (0, 15, 44, 58, 19, 6, 15, 20, 30, 24, 13, 0)
s = 80: (0, 19, 33, 40, 25, 4, 17, 21, 32, 25, 16, 0)
s = 81: (0, 14, 26, 32, 18, 5, 20, 14, 34, 31, 9, 0)
s = 82: (0, 13, 32, 39, 19, 3, 23, 22, 32, 37, 7, 0)
s = 83: (0, 22, 38, 65, 15, 3, 26, 17, 45, 20, 7, 0)
s = 84: (0, 14, 51, 40, 12, 5, 24, 19, 30, 20, 11, 0)
s = 85: (0, 16, 24, 66, 14, 4, 19, 24, 14, 22, 11, 0)
s = 86: (0, 16, 30, 42, 24, 5, 24, 23, 17, 25, 9, 0)
s = 87: (0, 16, 29, 41, 20, 5, 18, 28, 18, 25, 15, 0)
s = 88: (0, 20, 25, 43, 21, 5, 24, 12, 26, 35, 12, 0)
s = 89: (0, 18, 22, 66, 26, 3, 27, 18, 15, 16, 12, 0)
s = 90: (0, 18, 60, 74, 17, 6, 21, 22, 22, 31, 11, 0)
s = 91: (0, 15, 24, 31, 24, 7, 21, 31, 24, 24, 12, 0)
s = 92: (0, 16, 51, 36, 19, 4, 14, 21, 21, 18, 15, 0)
s = 93: (0, 12, 38, 45, 13, 4, 28, 28, 25, 27, 14, 0)
s = 94: (0, 11, 35, 43, 11, 7, 33, 14, 16, 33, 10, 0)
s = 95: (0, 12, 29, 70, 14, 5, 40, 20, 19, 22, 11, 0)
s = 96: (0, 18, 46, 65, 21, 5, 35, 20, 33, 33, 11, 0)
s = 97: (0, 29, 43, 58, 24, 4, 19, 13, 19, 26, 18, 0)
s = 98: (0, 21, 26, 80, 10, 4, 15, 22, 21, 20, 11, 0)
s = 99: (0, 31, 48, 27, 12, 7, 17, 26, 21, 16, 18, 0)
s = 100: (0, 21, 34, 47, 18, 5, 32, 21, 20, 24, 15, 0)
s = 101: (0, 19, 36, 50, 18, 5, 21, 22, 22, 25, 18, 0)
s = 102: (0, 24, 42, 57, 22, 6, 25, 20, 31, 26, 9, 0)
s = 103: (0, 11, 33, 38, 16, 6, 26, 24, 28, 20, 19, 0)
s = 104: (0, 20, 21, 47, 25, 5, 19, 24, 29, 34, 9, 0)
s = 105: (0, 14, 32, 63, 24, 3, 30, 25, 20, 18, 12, 0)
s = 106: (0, 13, 56, 43, 13, 5, 43, 26, 18, 24, 16, 0)
s = 107: (0, 20, 23, 65, 23, 4, 15, 13, 15, 13, 15, 0)
s = 108: (0, 28, 26, 56, 14, 4, 27, 19, 21, 20, 21, 0)
s = 109: (0, 19, 41, 40, 24, 3, 25, 14, 16, 22, 10, 0)
s = 110: (0, 21, 49, 80, 20, 3, 24, 28, 20, 27, 14, 0)
s = 111: (0, 19, 36, 33, 18, 3, 25, 31, 22, 31, 8, 0)
s = 112: (0, 10, 33, 70, 18, 4, 13, 25, 24, 26, 10, 0)
s = 113: (0, 12, 45, 63, 15, 5, 37, 22, 15, 30, 18, 0)
s = 114: (0, 13, 47, 71, 10, 7, 28, 18, 23, 14, 12, 0)
s = 115: (0, 18, 41, 66, 10, 5, 32, 16, 40, 30, 13, 0)
s = 116: (0, 17, 47, 41, 15, 6, 19, 32, 19, 32, 14, 0)
s = 117: (0, 19, 30, 73, 23, 6, 19, 23, 28, 19, 16, 0)
s = 118: (0, 21, 64, 54, 18, 6, 20, 19, 23, 34, 11, 0)
s = 119: (0, 15, 34, 30, 11, 5, 26, 25, 28, 13, 10, 0)
s = 120: (0, 13, 38, 32, 14, 6, 19, 19, 24, 24, 10, 0)
s = 121: (0, 15, 46, 45, 20, 4, 19, 20, 19, 21, 12, 0)
s = 122: (0, 23, 29, 39, 15, 5, 18, 23, 26, 17, 19, 0)
s = 123: (0, 22, 27, 38, 17, 4, 22, 17, 39, 34, 12, 0)
s = 124: (0, 16, 50, 32, 18, 4, 28, 21, 14, 38, 8, 0)
s = 125: (0, 26, 51, 56, 25, 4, 30, 21, 21, 20, 9, 0)
s = 126: (0, 24, 36, 41, 16, 3, 18, 23, 19, 19, 16, 0)
s = 127: (0, 18, 51, 58, 13, 4, 35, 21, 35, 23, 8, 0)
s = 128: (0, 22, 44, 46, 31, 5, 31, 18, 34, 18, 12, 0)
s = 129: (0, 19, 37, 41, 19, 5, 21, 18, 30, 35, 10, 0)
s = 130: (0, 15, 33, 54, 26, 3, 34, 35, 23, 20, 16, 0)
s = 131: (0, 21, 33, 87, 17, 4, 23, 15, 38, 27, 21, 0)
s = 132: (0, 31, 54, 48, 17, 6, 25, 21, 19, 23, 11, 0)
s = 133: (0, 22, 24, 31, 13, 3, 29, 18, 27, 27, 13, 0)
s = 134: (0, 31, 31, 56, 13, 5, 21, 22, 26, 42, 15, 0)
s = 135: (0, 22, 32, 59, 20, 7, 21, 23, 43, 14, 11, 0)
s = 136: (0, 15, 33, 54, 15, 4, 31, 26, 29, 32, 11, 0)
s = 137: (0, 21, 49, 53, 20, 5, 24, 17, 24, 24, 12, 0)
s = 138: (0, 32, 59, 44, 19, 4, 19, 13, 28, 28, 11, 0)
s = 139: (0, 27, 26, 75, 11, 4, 25, 14, 33, 16, 8, 0)
s = 140: (0, 11, 27, 37, 21, 4, 40, 16, 41, 21, 9, 0)
s = 141: (0, 15, 22, 61, 27, 6, 29, 27, 14, 26, 8, 0)
s = 142: (0, 14, 42, 53, 21, 5, 25, 15, 16, 28, 12, 0)
s = 143: (0, 14, 53, 47, 14, 4, 23, 23, 15, 22, 18, 0)
s = 144: (0, 14, 21, 41, 20, 4, 38, 20, 29, 25, 9, 0)
s = 145: (0, 16, 34, 40, 13, 4, 35, 16, 20, 26, 16, 0)
s = 146: (0, 17, 41, 54, 25, 5, 26, 31, 30, 23, 10, 0)
s = 147: (0, 18, 61, 35, 23, 3, 29, 29, 23, 42, 11, 0)
s = 148: (0, 16, 27, 55, 27, 4, 30, 16, 24, 30, 12, 0)
s = 149: (0, 12, 41, 42, 13, 6, 20, 23, 22, 20, 16, 0)
s = 150: (0, 33, 34, 70, 11, 4, 34, 16, 27, 31, 13, 0)
s = 151: (0, 23, 26, 68, 13, 4, 21, 27, 15, 14, 10, 0)
s = 152: (0, 21, 22, 45, 16, 3, 24, 33, 19, 29, 11, 0)
s = 153: (0, 13, 40, 47, 16, 4, 19, 22, 19, 30, 13, 0)
s = 154: (0, 15, 36, 30, 23, 3, 21, 20, 23, 30, 10, 0)
s = 155: (0, 12, 49, 56, 18, 4, 14, 19, 19, 23, 12, 0)
s = 156: (0, 16, 21, 52, 23, 3, 15, 20, 14, 36, 14, 0)
s = 157: (0, 20, 56, 57, 21, 5, 19, 30, 24, 18, 14, 0)
s = 158: (0, 18, 29, 38, 13, 5, 20, 17, 40, 22, 11, 0)
s = 159: (0, 14, 30, 41, 18, 4, 19, 20, 23, 20, 14, 0)
s = 160: (0, 20, 58, 39, 25, 6, 24, 19, 34, 22, 9, 0)
s = 161: (0, 21, 30, 38, 15, 7, 30, 22, 22, 29, 17, 0)
s = 162: (0, 11, 24, 45, 16, 6, 24, 14, 20, 32, 20, 0)
s = 163: (0, 18, 38, 51, 19, 5, 16, 24, 20, 26, 7, 0)
s = 164: (0, 22, 28, 48, 14, 4, 25, 17, 32, 18, 12, 0)
s = 165: (0, 14, 28, 55, 22, 4, 19, 13, 16, 30, 21, 0)
s = 166: (0, 25, 35, 34, 11, 5, 25, 29, 14, 24, 18, 0)
s = 167: (0, 27, 33, 61, 16, 8, 19, 15, 20, 45, 10, 0)
s = 168: (0, 18, 28, 55, 20, 3, 24, 20, 19, 31, 19, 0)
s = 169: (0, 31, 33, 66, 27, 3, 23, 22, 29, 23, 10, 0)
s = 170: (0, 27, 33, 40, 35, 3, 32, 27, 23, 40, 15, 0)
s = 171: (0, 25, 36, 68, 23, 3, 30, 32, 20, 30, 12, 0)
s = 172: (0, 13, 37, 56, 16, 3, 18, 21, 24, 25, 9, 0)
s = 173: (0, 11, 33, 83, 14, 3, 43, 23, 23, 17, 12, 0)
s = 174: (0, 18, 21, 42, 22, 4, 27, 21, 16, 19, 11, 0)
s = 175: (0, 12, 38, 44, 17, 4, 22, 17, 19, 17, 16, 0)
s = 176: (0, 28, 24, 39, 18, 4, 35, 19, 22, 23, 19, 0)
s = 177: (0, 24, 43, 49, 12, 6, 21, 18, 23, 28, 21, 0)
s = 178: (0, 17, 28, 48, 22, 4, 25, 19, 24, 19, 9, 0)
s = 179: (0, 12, 47, 45, 16, 4, 34, 25, 21, 27, 13, 0)
s = 180: (0, 21, 35, 53, 17, 4, 37, 37, 25, 24, 12, 0)
s = 181: (0, 20, 34, 64, 14, 4, 21, 19, 32, 26, 13, 0)
s = 182: (0, 26, 23, 33, 15, 6, 29, 12, 25, 28, 12, 0)
s = 183: (0, 32, 36, 43, 10, 4, 28, 15, 35, 15, 15, 0)
s = 184: (0, 25, 39, 52, 22, 7, 17, 15, 21, 22, 14, 0)
s = 185: (0, 16, 41, 44, 16, 5, 30, 17, 21, 17, 18, 0)
s = 186: (0, 11, 35, 38, 32, 5, 27, 16, 42, 28, 19, 0)
s = 187: (0, 18, 42, 54, 16, 5, 40, 16, 30, 28, 11, 0)
s = 188: (0, 19, 49, 45, 16, 7, 22, 27, 17, 25, 12, 0)
s = 189: (0, 19, 32, 53, 11, 6, 22, 22, 20, 27, 14, 0)
s = 190: (0, 23, 45, 45, 13, 6, 14, 16, 26, 25, 14, 0)
s = 191: (0, 14, 41, 34, 18, 4, 34, 26, 20, 27, 13, 0)
s = 192: (0, 11, 28, 51, 29, 3, 30, 23, 18, 27, 9, 0)
s = 193: (0, 24, 34, 49, 15, 5, 17, 27, 32, 28, 17, 0)
s = 194: (0, 23, 33, 58, 17, 5, 25, 13, 27, 24, 13, 0)
s = 195: (0, 14, 38, 41, 15, 4, 15, 21, 20, 22, 9, 0)
s = 196: (0, 19, 44, 35, 21, 5, 29, 32, 26, 26, 13, 0)
s = 197: (0, 19, 56, 51, 12, 5, 35, 35, 24, 15, 21, 0)
s = 198: (0, 19, 27, 50, 19, 5, 32, 28, 17, 33, 13, 0)
s = 199: (0, 15, 36, 39, 15, 4, 19, 22, 18, 27, 14, 0)
s = 200: (0, 11, 42, 55, 27, 5, 25, 35, 34, 36, 13, 0)
************************************************************************
ES/LS-VALUES:
jobnr.   ES(i)    LS(i)
------------------------------------------------------------------------
  0        0        0
  1        0       46
  2        0       46
  3        0       52
  4        5       52
  5        8       54
  6        8       58
  7       12       58
  8       13       64
  9       17       64
 10       10       66
 11       23       70
************************************************************************
BIG-M-VALUES:
M1 = 73, M2 = 284
************************************************************************
