************************************************************************
file with basedata            : j9048_.bas
initial value random generator: 294283021
************************************************************************
projects                      :  1
jobs (incl. supersource/sink ):  92
horizon                       :  485
RESOURCES
  - renewable                 :  4   R
  - nonrenewable              :  0   N
  - doubly constrained        :  0   D
************************************************************************
PROJECT INFORMATION:
pronr.  #jobs rel.date duedate tardcost  MPM-Time
    1     90      0       89       80       89
************************************************************************
PRECEDENCE RELATIONS:
jobnr.    #modes  #successors   successors
   0        1          3           1   2   3
   1        1          3           5   6  73
   2        1          3           5  12  17
   3        1          3           4   7  38
   4        1          3          33  47  81
   5        1          3           8  10  11
   6        1          3           9  22  24
   7        1          3          25  36  75
   8        1          3          14  34  58
   9        1          2          13  27
  10        1          3          15  18  35
  11        1          3          16  24  65
  12        1          3          40  41  60
  13        1          3          15  19  23
  14        1          3          29  57  61
  15        1          3          21  56  66
  16        1          3          26  30  33
  17        1          2          20  30
  18        1          3          46  49  65
  19        1          2          28  76
  20        1          3          28  39  46
  21        1          3          31  32  42
  22        1          3          31  44  54
  23        1          3          31  45  78
  24        1          3          70  85  86
  25        1          3          43  51  66
  26        1          3          27  47  76
  27        1          3          34  37  46
  28        1          2          49  59
  29        1          3          36  37  42
  30        1          3          36  47  56
  31        1          3          51  59  81
  32        1          3          59  75  77
  33        1          1          72
  34        1          3          42  44  45
  35        1          3          37  51  68
  36        1          1          68
  37        1          1          55
  38        1          3          43  45  63
  39        1          1          43
  40        1          3          50  52  78
  41        1          3          50  52  83
  42        1          2          48  87
  43        1          3          53  62  76
  44        1          3          48  49  57
  45        1          3          54  55  64
  46        1          3          58  62  71
  47        1          2          54  68
  48        1          2          55  64
  49        1          2          60  74
  50        1          3          53  63  72
  51        1          2          71  90
  52        1          1          63
  53        1          2          69  89
  54        1          1          66
  55        1          2          62  80
  56        1          3          57  58  70
  57        1          1          74
  58        1          3          60  64  72
  59        1          1          61
  60        1          1          75
  61        1          1          65
  62        1          3          77  79  82
  63        1          1          67
  64        1          2          79  80
  65        1          2          70  71
  66        1          1          80
  67        1          1          69
  68        1          2          78  84
  69        1          1          73
  70        1          2          82  90
  71        1          1          88
  72        1          1          86
  73        1          1          74
  74        1          2          77  79
  75        1          2          83  87
  76        1          1          87
  77        1          2          84  85
  78        1          2          82  90
  79        1          1          81
  80        1          1          83
  81        1          1          85
  82        1          1          89
  83        1          1          84
  84        1          1          86
  85        1          1          88
  86        1          1          88
  87        1          1          89
  88        1          1          91
  89        1          1          91
  90        1          1          91
  91        1          0        
************************************************************************
REQUESTS/DURATIONS:
jobnr. mode duration  R 1  R 2  R 3  R 4  E(W 1)
------------------------------------------------------------------------
  0      1     0       0    0    0    0     0
  1      1     8       2    6    3    1    104
  2      1     2      10    7    5   10    64
  3      1     2       9    8    4    5    52
  4      1     2       3    6    1    8    38
  5      1     2       5    8    8    8    58
  6      1     5       4    7    5    7    115
  7      1     6       5    6    6   10    162
  8      1     6       3    1    6    7    108
  9      1     6       7    6    6    1    126
 10      1     6       9    4    1    8    138
 11      1     8       9    8    3    5    200
 12      1     5       4    1    5    3    70
 13      1     8       3    5    4    6    144
 14      1     5       1    2    8    9    105
 15      1     7       1    4    1    3    77
 16      1    10       7    4    5    9    250
 17      1     8       9    2    6    9    208
 18      1     6       6    7    8    1    138
 19      1     1       5    5    8    4    22
 20      1     3       3    9    6   10    84
 21      1     5       9    1    3    2    80
 22      1     9       8    3    3    6    180
 23      1     1       1    8    3   10    23
 24      1     5       5    3    4    1    70
 25      1    10       5    3    5   10    230
 26      1     9      10    2    5    4    189
 27      1     3       5    5    4    9    69
 28      1     7       5   10   10    1    189
 29      1     8       3    2    3    5    104
 30      1     2       5    3    3    7    36
 31      1     5       1    8    1    3    75
 32      1     7       4    8    2    7    147
 33      1     9       4    4   10    6    216
 34      1     5       8   10    5    5    140
 35      1     5       9    1    2    9    110
 36      1     1       5    6    1    9    22
 37      1     9       7    6    6    7    234
 38      1     5       8   10    2    3    115
 39      1     9       2    2    1    9    135
 40      1     9       7    9    6    2    216
 41      1     4       8    7   10   10    140
 42      1     5       8    6    1    7    115
 43      1     9       2    7    7    4    180
 44      1     7       9    3    9    4    175
 45      1     3       2    5    7    6    60
 46      1     2       8   10   10   10    76
 47      1     4       2    7    8    2    76
 48      1     8       5    6    8    6    200
 49      1     5       7    1    6    1    85
 50      1     8      10    3    7    6    208
 51      1     7       5   10    9    5    203
 52      1     4       3    9    4   10    104
 53      1    10       6   10    7    1    250
 54      1    10       7    8    8    1    250
 55      1    10       2    7   10    7    260
 56      1     6       4    2    3   10    114
 57      1     7       6    9    3    2    140
 58      1     7       6   10    7    1    175
 59      1     2       2    2    4    1    20
 60      1     2       6    5    6    1    38
 61      1     5       3    4   10    3    100
 62      1     2       5    2    1    6    30
 63      1    10       6    1    9    2    190
 64      1     2       8    6    4    5    46
 65      1     6       2    5    8    7    132
 66      1    10       7    1    2    5    160
 67      1     6       1    3    2   10    102
 68      1     8       7    6    4    9    208
 69      1     3       3   10    6    1    63
 70      1     5       4    9    8    7    140
 71      1     4       6    2    5    3    64
 72      1     4       8    6    7    5    104
 73      1     5      10    6    4    2    110
 74      1     1       5    1    5    9    21
 75      1     4       1    5   10    7    96
 76      1     5      10    2    1    4    90
 77      1     4       5   10    4    2    84
 78      1     4      10    2    7    3    88
 79      1     6       3    2    9   10    144
 80      1     3       6    9    7    7    87
 81      1     4       1   10    4    7    92
 82      1     7       8   10    3    4    175
 83      1     3       6    8    4    1    60
 84      1     9       5   10    4    5    216
 85      1     1       8    3    3    7    21
 86      1     1       9    4    5    5    23
 87      1     1       6    9    5    2    22
 88      1     3       4   10    3    5    66
 89      1     2       8    6    5    5    48
 90      1     8       8    1    2    1    112
 91      1     0       0    0    0    0     0
************************************************************************
RESOURCEAVAILABILITIES:
  R 1
   247
************************************************************************
RESOURCE LIMITS:
jobnr.  l(R 1)  u(R 1)
------------------------------------------------------------------------
  0        0       0
  1        7      13
  2       17      32
  3       14      26
  4       10      19
  5       15      29
  6       13      23
  7       14      27
  8       10      18
  9       11      21
 10       12      23
 11       14      25
 12        8      14
 13       10      18
 14       11      21
 15        6      11
 16       14      25
 17       14      26
 18       12      23
 19       12      22
 20       15      28
 21        9      16
 22       11      20
 23       12      23
 24        8      14
 25       13      23
 26       11      21
 27       13      23
 28       14      27
 29        8      13
 30       11      18
 31        8      15
 32       11      21
 33       12      24
 34       15      28
 35       12      22
 36       12      22
 37       14      26
 38       12      23
 39        8      15
 40       13      24
 41       18      35
 42       12      23
 43       11      20
 44       14      25
 45       11      20
 46       19      38
 47       10      19
 48       13      25
 49        9      17
 50       14      26
 51       16      29
 52       14      26
 53       13      25
 54       13      25
 55       14      26
 56       10      19
 57       11      20
 58       13      25
 59        5      10
 60       10      19
 61       11      20
 62        8      15
 63       10      19
 64       12      23
 65       12      22
 66        9      16
 67        9      17
 68       14      26
 69       11      21
 70       15      28
 71        9      16
 72       14      26
 73       11      22
 74       12      21
 75       13      24
 76        9      18
 77       11      21
 78       12      22
 79       13      24
 80       16      29
 81       12      23
 82       13      25
 83       10      20
 84       13      24
 85       12      21
 86       13      23
 87       12      22
 88       12      22
 89       13      24
 90        7      14
 91        0       0
************************************************************************
SCENARIOS:
------------------------------------------------------------------------
RESOURCE k = 1
s = 1: (0, 140, 103, 37, 51, 54, 72, 150, 129, 226, 125, 130, 60, 219, 65, 81, 289, 230, 159, 26, 112, 53, 246, 24, 60, 257, 167, 65, 161, 101, 34, 67, 132, 156, 164, 101, 19, 212, 177, 87, 172, 178, 118, 241, 248, 104, 83, 42, 170, 71, 237, 185, 66, 245, 219, 267, 160, 182, 118, 22, 33, 128, 51, 210, 48, 96, 175, 82, 128, 78, 194, 74, 170, 165, 20, 96, 123, 53, 66, 135, 52, 126, 186, 47, 254, 23, 20, 14, 63, 48, 141, 0)
s = 2: (0, 157, 48, 31, 29, 46, 94, 128, 120, 135, 215, 174, 78, 234, 103, 57, 238, 258, 76, 24, 82, 57, 100, 19, 105, 190, 203, 62, 136, 77, 27, 58, 107, 173, 150, 80, 18, 293, 111, 118, 184, 127, 169, 183, 124, 58, 60, 121, 295, 68, 318, 185, 117, 184, 253, 221, 160, 242, 154, 22, 44, 68, 26, 242, 81, 111, 201, 147, 227, 57, 93, 58, 111, 91, 12, 57, 76, 145, 72, 95, 70, 151, 130, 34, 135, 28, 31, 19, 63, 55, 160, 0)
s = 3: (0, 148, 59, 71, 38, 64, 128, 178, 91, 94, 124, 126, 55, 104, 110, 79, 224, 286, 253, 15, 115, 94, 168, 33, 62, 135, 231, 104, 260, 133, 30, 57, 158, 219, 92, 162, 31, 329, 74, 95, 202, 165, 107, 207, 208, 74, 102, 45, 259, 55, 287, 380, 63, 187, 212, 286, 178, 141, 183, 24, 36, 113, 24, 288, 81, 72, 122, 145, 229, 56, 214, 54, 170, 60, 33, 73, 87, 78, 82, 97, 68, 124, 123, 76, 139, 27, 20, 35, 59, 30, 131, 0)
s = 4: (0, 79, 67, 32, 38, 36, 167, 192, 84, 114, 108, 132, 48, 150, 101, 103, 246, 218, 109, 21, 71, 78, 191, 31, 45, 205, 165, 90, 150, 69, 43, 105, 99, 223, 111, 117, 34, 250, 69, 132, 282, 129, 100, 125, 278, 54, 71, 68, 212, 73, 233, 249, 168, 159, 190, 319, 136, 166, 201, 22, 25, 116, 24, 135, 41, 185, 170, 143, 152, 90, 125, 60, 87, 177, 20, 133, 76, 90, 107, 111, 130, 120, 162, 83, 192, 16, 24, 31, 45, 43, 93, 0)
s = 5: (0, 68, 53, 51, 56, 68, 91, 152, 132, 181, 88, 190, 69, 98, 82, 78, 290, 253, 180, 31, 132, 95, 126, 25, 53, 197, 245, 58, 128, 171, 30, 58, 96, 165, 174, 124, 13, 221, 141, 129, 161, 99, 135, 247, 189, 62, 78, 66, 258, 72, 285, 132, 141, 251, 179, 250, 129, 200, 115, 11, 44, 139, 28, 134, 30, 124, 231, 96, 168, 36, 136, 60, 119, 141, 27, 138, 105, 60, 61, 116, 61, 67, 222, 58, 206, 25, 22, 17, 50, 56, 89, 0)
s = 6: (0, 167, 64, 90, 31, 50, 158, 202, 90, 188, 177, 219, 93, 157, 182, 67, 152, 241, 125, 20, 64, 58, 228, 23, 51, 167, 243, 50, 130, 75, 36, 61, 161, 124, 119, 124, 26, 215, 133, 137, 286, 116, 89, 211, 288, 78, 78, 147, 215, 82, 271, 145, 70, 223, 413, 248, 123, 150, 138, 29, 44, 112, 24, 128, 45, 165, 235, 66, 134, 76, 115, 34, 86, 113, 20, 101, 66, 87, 127, 117, 71, 109, 193, 54, 140, 18, 30, 17, 95, 36, 89, 0)
s = 7: (0, 107, 60, 59, 37, 77, 100, 248, 121, 76, 104, 238, 64, 141, 71, 58, 163, 198, 120, 18, 93, 80, 169, 38, 43, 182, 263, 91, 209, 144, 28, 48, 129, 277, 194, 97, 18, 206, 106, 182, 215, 107, 109, 187, 162, 36, 87, 54, 228, 110, 114, 123, 63, 220, 314, 237, 107, 113, 180, 26, 44, 70, 41, 133, 38, 217, 245, 78, 125, 71, 88, 66, 111, 159, 21, 87, 98, 66, 75, 104, 95, 74, 108, 41, 207, 19, 22, 22, 47, 62, 82, 0)
s = 8: (0, 60, 75, 59, 36, 71, 99, 188, 89, 88, 110, 160, 64, 102, 132, 75, 226, 188, 114, 30, 96, 72, 277, 14, 96, 177, 125, 84, 146, 77, 48, 82, 158, 208, 182, 95, 14, 148, 137, 106, 165, 95, 92, 133, 191, 61, 51, 55, 117, 87, 200, 166, 142, 401, 210, 430, 94, 105, 152, 15, 41, 70, 19, 163, 54, 145, 157, 81, 152, 105, 134, 98, 114, 87, 16, 59, 89, 138, 48, 136, 76, 130, 184, 58, 212, 22, 23, 27, 43, 31, 70, 0)
s = 9: (0, 113, 69, 61, 51, 75, 193, 103, 101, 132, 180, 217, 95, 195, 118, 84, 207, 157, 147, 26, 98, 80, 169, 32, 65, 352, 166, 67, 255, 110, 35, 64, 110, 193, 93, 87, 17, 281, 110, 94, 140, 254, 83, 161, 201, 96, 83, 56, 191, 113, 184, 172, 118, 206, 387, 297, 88, 193, 214, 20, 33, 90, 24, 202, 47, 97, 299, 66, 288, 45, 136, 92, 86, 185, 22, 93, 92, 86, 92, 137, 58, 115, 199, 93, 127, 21, 26, 22, 84, 54, 163, 0)
s = 10: (0, 74, 74, 55, 56, 62, 125, 140, 105, 137, 155, 181, 66, 110, 81, 82, 225, 139, 169, 20, 61, 72, 172, 16, 92, 200, 178, 46, 159, 62, 30, 80, 171, 343, 254, 147, 35, 270, 86, 121, 217, 164, 164, 125, 155, 61, 73, 77, 296, 49, 284, 283, 67, 206, 333, 295, 68, 176, 224, 23, 40, 83, 38, 127, 44, 81, 155, 82, 178, 77, 204, 55, 94, 66, 23, 141, 102, 118, 135, 159, 59, 77, 109, 45, 171, 24, 19, 19, 89, 72, 133, 0)
s = 11: (0, 116, 41, 40, 26, 51, 127, 220, 90, 125, 164, 214, 54, 190, 102, 72, 253, 198, 198, 23, 103, 62, 133, 21, 54, 329, 190, 132, 149, 82, 50, 71, 121, 205, 181, 106, 22, 261, 107, 145, 309, 180, 72, 116, 171, 45, 62, 45, 217, 69, 178, 183, 108, 287, 171, 187, 139, 170, 100, 26, 54, 67, 27, 245, 48, 161, 128, 101, 145, 36, 152, 95, 72, 130, 21, 51, 88, 58, 66, 97, 67, 57, 97, 54, 174, 16, 29, 26, 63, 30, 151, 0)
s = 12: (0, 76, 44, 40, 32, 59, 128, 256, 106, 138, 139, 137, 60, 117, 106, 65, 226, 244, 93, 21, 64, 87, 168, 27, 74, 207, 147, 75, 160, 126, 30, 75, 116, 145, 219, 150, 20, 280, 148, 98, 219, 124, 100, 150, 161, 35, 92, 81, 232, 57, 175, 193, 126, 265, 290, 255, 90, 73, 232, 13, 32, 75, 34, 175, 57, 142, 175, 107, 225, 73, 157, 61, 136, 73, 17, 155, 95, 98, 68, 197, 67, 89, 214, 76, 203, 21, 30, 27, 45, 36, 129, 0)
s = 13: (0, 134, 59, 57, 28, 43, 101, 157, 101, 189, 109, 155, 72, 128, 105, 74, 152, 111, 115, 21, 63, 102, 171, 23, 90, 198, 163, 47, 161, 124, 32, 79, 156, 212, 127, 101, 22, 217, 119, 109, 161, 195, 94, 175, 184, 45, 94, 45, 134, 77, 173, 141, 152, 239, 138, 187, 170, 174, 141, 20, 23, 56, 26, 217, 41, 116, 116, 72, 182, 62, 131, 63, 140, 108, 21, 97, 63, 67, 76, 93, 53, 65, 108, 35, 172, 21, 14, 15, 70, 60, 105, 0)
s = 14: (0, 172, 83, 44, 38, 85, 149, 185, 91, 198, 117, 165, 66, 122, 148, 95, 158, 202, 90, 28, 84, 74, 225, 24, 79, 274, 195, 61, 142, 161, 34, 67, 114, 207, 124, 156, 16, 288, 86, 219, 303, 179, 194, 266, 141, 54, 71, 60, 305, 82, 135, 186, 140, 302, 256, 290, 72, 81, 158, 21, 39, 98, 22, 211, 60, 133, 109, 64, 168, 49, 102, 43, 154, 118, 29, 63, 84, 91, 78, 166, 94, 139, 100, 78, 278, 22, 13, 16, 34, 48, 81, 0)
s = 15: (0, 135, 85, 62, 27, 63, 76, 140, 96, 117, 151, 146, 96, 121, 69, 84, 278, 178, 158, 23, 74, 95, 227, 24, 55, 127, 215, 110, 251, 82, 31, 67, 125, 223, 96, 158, 23, 334, 103, 89, 265, 140, 154, 166, 101, 32, 89, 52, 154, 95, 187, 222, 129, 185, 197, 174, 129, 85, 158, 25, 29, 112, 21, 335, 70, 157, 120, 144, 190, 64, 121, 80, 81, 78, 28, 89, 53, 87, 66, 164, 70, 82, 168, 54, 260, 19, 18, 27, 85, 54, 126, 0)
s = 16: (0, 100, 83, 65, 25, 57, 141, 136, 122, 162, 185, 147, 106, 81, 100, 67, 402, 202, 218, 20, 111, 61, 200, 13, 41, 193, 153, 55, 195, 98, 32, 60, 144, 387, 180, 81, 15, 175, 148, 175, 196, 230, 148, 225, 155, 68, 92, 63, 214, 86, 119, 186, 83, 390, 134, 250, 133, 104, 125, 23, 26, 89, 43, 309, 32, 177, 108, 135, 226, 70, 113, 61, 68, 134, 40, 63, 74, 122, 77, 184, 63, 102, 177, 44, 318, 18, 21, 18, 54, 28, 97, 0)
s = 17: (0, 75, 69, 54, 32, 42, 97, 145, 84, 116, 88, 192, 64, 93, 81, 48, 143, 133, 103, 21, 94, 54, 197, 31, 49, 227, 249, 61, 147, 125, 48, 81, 84, 179, 154, 82, 19, 218, 139, 187, 223, 112, 68, 177, 197, 49, 53, 63, 231, 60, 353, 147, 60, 373, 275, 240, 103, 116, 152, 17, 43, 101, 30, 194, 54, 115, 126, 134, 283, 41, 170, 41, 117, 118, 22, 108, 95, 93, 63, 211, 111, 89, 142, 66, 150, 45, 30, 18, 46, 39, 142, 0)
s = 18: (0, 121, 71, 49, 23, 61, 121, 192, 90, 75, 185, 174, 80, 137, 91, 85, 240, 230, 139, 23, 65, 97, 101, 28, 53, 197, 159, 51, 226, 179, 46, 112, 101, 292, 207, 110, 20, 335, 108, 86, 182, 188, 125, 165, 155, 61, 110, 108, 166, 70, 176, 172, 84, 203, 160, 266, 180, 168, 231, 21, 31, 70, 17, 254, 51, 91, 131, 89, 322, 41, 114, 49, 74, 184, 18, 100, 76, 80, 103, 121, 65, 88, 206, 77, 214, 12, 15, 24, 67, 40, 167, 0)
s = 19: (0, 100, 130, 51, 53, 81, 119, 238, 131, 139, 225, 247, 55, 163, 70, 50, 307, 154, 88, 14, 63, 52, 196, 15, 100, 230, 126, 53, 189, 93, 43, 47, 157, 214, 149, 98, 35, 204, 120, 132, 206, 223, 192, 115, 147, 61, 97, 71, 302, 97, 161, 322, 111, 346, 172, 299, 103, 118, 178, 19, 38, 135, 45, 153, 35, 116, 165, 116, 202, 102, 156, 56, 136, 114, 26, 146, 88, 91, 75, 103, 69, 108, 124, 47, 143, 13, 33, 14, 71, 46, 139, 0)
s = 20: (0, 102, 71, 64, 40, 75, 109, 180, 138, 77, 154, 118, 71, 166, 77, 112, 401, 248, 81, 33, 63, 63, 145, 21, 59, 167, 308, 75, 159, 106, 32, 90, 88, 152, 85, 107, 13, 341, 62, 85, 304, 139, 111, 285, 204, 94, 123, 83, 294, 76, 179, 208, 90, 308, 266, 272, 73, 161, 215, 19, 49, 105, 37, 149, 33, 124, 169, 131, 138, 47, 97, 64, 159, 143, 18, 88, 123, 50, 98, 104, 77, 135, 148, 72, 170, 19, 21, 35, 103, 38, 96, 0)
s = 21: (0, 150, 102, 35, 33, 35, 110, 208, 101, 182, 146, 232, 49, 136, 64, 105, 151, 250, 167, 27, 92, 101, 270, 34, 45, 197, 210, 55, 138, 82, 69, 88, 147, 155, 129, 76, 19, 150, 136, 80, 239, 143, 130, 189, 198, 33, 88, 93, 229, 55, 179, 164, 158, 197, 207, 297, 86, 169, 152, 15, 39, 109, 49, 168, 31, 126, 181, 93, 284, 93, 129, 63, 71, 64, 16, 85, 130, 72, 64, 92, 102, 129, 178, 85, 174, 23, 16, 24, 83, 35, 116, 0)
s = 22: (0, 100, 44, 64, 39, 49, 99, 221, 116, 111, 129, 169, 65, 207, 122, 121, 277, 229, 125, 19, 74, 51, 212, 13, 63, 313, 354, 42, 154, 75, 21, 96, 137, 198, 175, 69, 20, 252, 141, 102, 211, 167, 126, 249, 250, 70, 94, 69, 216, 64, 207, 302, 58, 249, 419, 353, 166, 99, 166, 13, 23, 174, 35, 237, 63, 95, 166, 149, 166, 36, 206, 48, 104, 137, 20, 123, 103, 63, 71, 153, 119, 93, 154, 68, 224, 29, 24, 21, 72, 54, 95, 0)
s = 23: (0, 174, 51, 52, 24, 58, 89, 151, 113, 83, 106, 191, 65, 107, 58, 94, 242, 213, 169, 33, 109, 48, 339, 16, 58, 228, 331, 47, 260, 160, 26, 68, 141, 250, 116, 153, 18, 261, 162, 80, 224, 185, 134, 111, 124, 67, 80, 63, 211, 60, 205, 209, 116, 200, 185, 193, 105, 102, 129, 15, 23, 152, 31, 182, 50, 91, 204, 81, 363, 50, 237, 59, 93, 171, 28, 73, 85, 54, 105, 119, 90, 113, 274, 87, 170, 30, 16, 26, 45, 31, 94, 0)
s = 24: (0, 142, 54, 57, 53, 81, 123, 210, 111, 148, 116, 240, 59, 112, 114, 72, 425, 176, 139, 32, 69, 75, 113, 13, 122, 183, 148, 82, 290, 118, 28, 80, 130, 181, 98, 75, 16, 253, 103, 146, 269, 191, 174, 206, 133, 36, 56, 49, 181, 112, 199, 154, 68, 216, 284, 349, 98, 125, 107, 21, 45, 103, 17, 127, 62, 170, 171, 56, 326, 46, 91, 67, 107, 57, 24, 54, 77, 67, 50, 148, 53, 51, 124, 62, 217, 23, 34, 25, 43, 48, 108, 0)
s = 25: (0, 89, 66, 36, 39, 73, 121, 171, 157, 129, 154, 266, 79, 143, 66, 100, 348, 253, 121, 26, 84, 59, 199, 12, 60, 251, 214, 69, 196, 139, 24, 46, 204, 129, 117, 77, 18, 295, 128, 169, 214, 88, 122, 146, 171, 40, 102, 56, 190, 49, 285, 222, 92, 249, 296, 226, 133, 131, 224, 22, 67, 69, 22, 151, 59, 130, 108, 93, 158, 100, 148, 72, 97, 124, 39, 92, 101, 141, 125, 79, 66, 117, 209, 41, 221, 13, 30, 20, 38, 42, 148, 0)
s = 26: (0, 79, 45, 43, 37, 36, 115, 102, 131, 77, 169, 166, 77, 210, 136, 98, 293, 175, 121, 18, 65, 92, 150, 15, 69, 405, 212, 65, 155, 127, 37, 74, 98, 267, 194, 90, 27, 360, 172, 123, 284, 123, 130, 158, 219, 61, 87, 74, 139, 70, 167, 215, 54, 315, 219, 234, 109, 144, 140, 15, 39, 104, 39, 152, 41, 220, 255, 74, 155, 51, 126, 45, 81, 136, 13, 91, 87, 94, 90, 128, 54, 74, 238, 85, 252, 16, 21, 20, 54, 42, 79, 0)
s = 27: (0, 106, 86, 46, 31, 38, 130, 139, 76, 73, 151, 147, 44, 221, 120, 107, 245, 221, 107, 28, 55, 71, 171, 17, 101, 307, 207, 71, 144, 77, 26, 49, 141, 328, 122, 115, 20, 189, 196, 121, 197, 131, 124, 144, 151, 41, 58, 70, 228, 59, 179, 263, 120, 154, 322, 259, 120, 203, 162, 24, 50, 87, 43, 228, 62, 115, 90, 81, 176, 34, 147, 55, 87, 118, 22, 127, 58, 71, 56, 103, 71, 112, 282, 40, 252, 22, 16, 21, 48, 74, 81, 0)
s = 28: (0, 118, 77, 88, 24, 64, 104, 129, 67, 156, 104, 215, 64, 111, 89, 83, 135, 166, 78, 29, 73, 87, 256, 34, 68, 344, 203, 72, 386, 76, 34, 45, 156, 137, 146, 139, 15, 344, 96, 113, 254, 143, 139, 176, 258, 68, 46, 81, 197, 50, 164, 214, 136, 352, 257, 237, 106, 138, 172, 11, 49, 70, 34, 120, 49, 168, 212, 66, 135, 61, 104, 47, 115, 84, 14, 104, 57, 60, 115, 103, 68, 71, 124, 37, 320, 16, 20, 15, 79, 48, 124, 0)
s = 29: (0, 75, 63, 71, 38, 36, 66, 248, 104, 106, 118, 166, 91, 137, 126, 80, 169, 162, 161, 23, 73, 99, 235, 15, 56, 174, 176, 93, 244, 118, 35, 78, 135, 138, 150, 138, 26, 212, 133, 157, 360, 87, 73, 197, 134, 69, 76, 51, 228, 141, 200, 151, 60, 281, 161, 282, 91, 103, 239, 20, 32, 59, 40, 260, 49, 185, 141, 96, 188, 67, 137, 47, 106, 89, 27, 142, 70, 93, 77, 113, 92, 127, 183, 52, 166, 18, 40, 23, 82, 45, 60, 0)
s = 30: (0, 74, 81, 49, 47, 64, 88, 231, 117, 154, 188, 143, 107, 110, 161, 60, 392, 167, 150, 22, 60, 101, 105, 31, 51, 218, 151, 72, 288, 154, 24, 62, 148, 171, 126, 148, 16, 270, 68, 134, 235, 98, 136, 270, 125, 77, 114, 97, 268, 57, 135, 232, 69, 234, 403, 459, 103, 170, 130, 13, 22, 165, 34, 180, 34, 112, 202, 99, 211, 57, 183, 49, 151, 131, 18, 124, 85, 74, 99, 88, 105, 82, 98, 67, 259, 27, 18, 32, 58, 74, 135, 0)
s = 31: (0, 90, 70, 43, 64, 74, 78, 185, 99, 92, 81, 138, 66, 133, 90, 71, 209, 192, 179, 27, 115, 46, 127, 32, 54, 228, 209, 60, 183, 79, 44, 85, 152, 234, 101, 68, 23, 241, 137, 130, 243, 100, 109, 138, 294, 51, 89, 47, 260, 62, 127, 151, 68, 315, 204, 335, 65, 161, 259, 19, 43, 78, 30, 257, 29, 120, 127, 95, 124, 53, 112, 89, 95, 107, 20, 68, 70, 54, 122, 84, 77, 80, 113, 40, 272, 18, 32, 32, 60, 47, 125, 0)
s = 32: (0, 83, 44, 59, 28, 37, 92, 84, 149, 132, 125, 320, 54, 74, 125, 76, 187, 226, 91, 25, 98, 65, 152, 31, 66, 232, 145, 87, 98, 83, 49, 76, 131, 153, 150, 121, 23, 197, 172, 129, 279, 104, 119, 228, 147, 60, 66, 89, 183, 70, 185, 149, 95, 164, 260, 386, 156, 145, 196, 21, 42, 135, 39, 214, 48, 173, 231, 79, 134, 73, 88, 53, 96, 78, 18, 72, 83, 87, 90, 107, 100, 99, 264, 49, 206, 23, 16, 30, 62, 37, 75, 0)
s = 33: (0, 148, 84, 45, 56, 36, 153, 149, 102, 132, 158, 150, 48, 147, 93, 94, 236, 183, 122, 13, 101, 83, 299, 13, 102, 183, 204, 60, 169, 103, 62, 83, 128, 291, 83, 84, 14, 290, 141, 146, 223, 88, 145, 112, 248, 68, 104, 64, 229, 94, 156, 125, 115, 301, 171, 328, 85, 134, 162, 24, 56, 86, 20, 199, 36, 137, 137, 69, 180, 85, 143, 86, 62, 76, 13, 123, 57, 78, 77, 174, 89, 91, 132, 53, 196, 17, 37, 46, 48, 44, 64, 0)
s = 34: (0, 71, 103, 33, 44, 71, 123, 91, 117, 160, 241, 172, 86, 126, 101, 88, 274, 179, 144, 24, 80, 100, 172, 15, 76, 164, 126, 88, 176, 101, 39, 67, 155, 175, 137, 101, 14, 295, 70, 201, 197, 174, 102, 215, 205, 67, 71, 91, 224, 132, 265, 113, 91, 173, 264, 188, 153, 142, 132, 13, 31, 95, 31, 195, 45, 155, 222, 85, 153, 67, 168, 45, 122, 182, 17, 93, 118, 57, 123, 184, 108, 158, 146, 58, 208, 29, 14, 24, 71, 51, 122, 0)
s = 35: (0, 102, 43, 73, 56, 67, 117, 124, 114, 103, 101, 140, 56, 82, 76, 86, 274, 324, 93, 15, 73, 86, 99, 23, 46, 285, 214, 86, 219, 92, 23, 45, 177, 265, 146, 111, 25, 264, 111, 85, 345, 142, 109, 136, 111, 48, 55, 49, 179, 137, 111, 144, 65, 193, 202, 340, 63, 106, 112, 26, 24, 116, 33, 151, 55, 185, 157, 175, 150, 94, 175, 59, 98, 108, 17, 76, 70, 128, 90, 197, 76, 121, 209, 71, 215, 25, 39, 18, 59, 31, 65, 0)
s = 36: (0, 101, 63, 77, 63, 91, 84, 217, 85, 72, 111, 308, 95, 125, 95, 104, 322, 175, 147, 23, 87, 62, 250, 40, 70, 237, 157, 42, 204, 134, 30, 100, 111, 187, 180, 89, 18, 130, 84, 156, 280, 200, 98, 194, 327, 38, 59, 106, 190, 77, 122, 163, 90, 187, 190, 206, 71, 84, 98, 23, 42, 116, 30, 214, 67, 76, 236, 95, 241, 58, 97, 38, 94, 115, 26, 119, 89, 125, 105, 139, 55, 72, 181, 67, 258, 19, 16, 30, 59, 43, 77, 0)
s = 37: (0, 72, 44, 41, 25, 85, 132, 178, 115, 127, 225, 234, 71, 125, 107, 86, 281, 230, 146, 37, 126, 83, 275, 18, 73, 168, 110, 54, 180, 139, 37, 70, 139, 252, 201, 80, 22, 196, 138, 134, 292, 136, 191, 331, 191, 85, 52, 62, 229, 91, 205, 221, 74, 213, 258, 294, 75, 159, 210, 23, 31, 101, 26, 237, 58, 141, 116, 126, 180, 42, 155, 101, 139, 101, 12, 94, 133, 135, 65, 104, 63, 64, 278, 40, 187, 21, 26, 24, 75, 61, 116, 0)
s = 38: (0, 119, 56, 46, 29, 62, 110, 136, 167, 121, 198, 248, 107, 130, 183, 87, 425, 177, 81, 25, 68, 63, 137, 18, 49, 356, 109, 101, 164, 134, 39, 90, 117, 253, 191, 153, 15, 269, 101, 121, 189, 156, 70, 227, 122, 39, 106, 67, 247, 55, 244, 177, 59, 299, 214, 172, 132, 91, 126, 15, 30, 105, 26, 182, 39, 83, 254, 96, 200, 77, 117, 44, 99, 79, 22, 103, 83, 88, 55, 73, 116, 83, 238, 47, 227, 25, 14, 18, 56, 48, 159, 0)
s = 39: (0, 83, 51, 38, 28, 34, 75, 197, 110, 245, 90, 149, 58, 105, 80, 77, 152, 135, 79, 22, 105, 99, 103, 23, 64, 193, 129, 64, 116, 95, 53, 80, 186, 282, 151, 173, 30, 304, 145, 107, 270, 139, 100, 122, 224, 41, 46, 64, 116, 86, 255, 176, 100, 172, 202, 234, 170, 186, 209, 31, 47, 100, 25, 258, 49, 100, 118, 54, 165, 50, 136, 96, 134, 89, 16, 79, 56, 67, 84, 115, 75, 102, 143, 50, 210, 17, 33, 21, 62, 74, 63, 0)
s = 40: (0, 90, 61, 35, 53, 49, 127, 180, 95, 214, 111, 226, 79, 101, 103, 104, 362, 169, 158, 30, 47, 59, 156, 17, 86, 143, 149, 51, 274, 150, 57, 116, 167, 181, 169, 90, 18, 234, 123, 147, 176, 168, 100, 139, 170, 48, 71, 71, 113, 144, 127, 120, 125, 185, 203, 186, 122, 152, 218, 25, 57, 81, 18, 139, 50, 139, 211, 98, 364, 116, 167, 51, 69, 125, 14, 55, 104, 98, 115, 123, 51, 64, 185, 42, 134, 24, 23, 20, 58, 51, 129, 0)
s = 41: (0, 72, 76, 33, 70, 65, 123, 141, 94, 118, 117, 117, 67, 132, 94, 47, 237, 144, 144, 13, 81, 95, 146, 23, 44, 140, 189, 41, 123, 118, 51, 80, 143, 206, 138, 104, 28, 181, 101, 141, 176, 109, 100, 250, 185, 39, 91, 62, 203, 82, 167, 185, 135, 227, 354, 336, 161, 147, 155, 18, 25, 106, 26, 122, 57, 92, 144, 65, 204, 66, 128, 118, 92, 147, 19, 106, 93, 57, 49, 159, 88, 95, 223, 35, 289, 19, 18, 27, 59, 48, 139, 0)
s = 42: (0, 95, 56, 31, 41, 49, 101, 271, 81, 123, 113, 254, 42, 198, 118, 61, 295, 257, 99, 19, 57, 76, 134, 20, 70, 276, 169, 58, 194, 140, 35, 66, 165, 278, 136, 160, 18, 220, 191, 144, 155, 155, 187, 137, 165, 53, 75, 58, 177, 63, 196, 124, 65, 376, 163, 188, 146, 104, 322, 14, 42, 104, 21, 194, 34, 109, 101, 87, 182, 37, 82, 97, 118, 94, 39, 57, 65, 85, 94, 115, 101, 103, 180, 79, 221, 16, 24, 31, 45, 67, 113, 0)
s = 43: (0, 87, 67, 71, 60, 41, 199, 153, 132, 105, 154, 147, 68, 116, 64, 103, 244, 133, 127, 38, 65, 89, 204, 25, 110, 309, 212, 84, 165, 94, 39, 74, 106, 181, 214, 76, 22, 211, 130, 109, 149, 221, 148, 219, 184, 104, 70, 77, 119, 71, 335, 237, 85, 315, 227, 177, 129, 134, 120, 20, 46, 109, 49, 188, 32, 140, 172, 106, 195, 87, 100, 47, 85, 107, 17, 92, 127, 60, 98, 156, 126, 70, 173, 77, 301, 13, 39, 23, 42, 76, 80, 0)
s = 44: (0, 123, 70, 86, 37, 43, 117, 159, 128, 104, 179, 110, 62, 150, 78, 81, 248, 257, 150, 23, 76, 69, 251, 21, 78, 200, 153, 81, 231, 89, 28, 80, 100, 151, 96, 120, 28, 222, 176, 193, 138, 118, 124, 243, 125, 51, 91, 66, 166, 111, 331, 138, 135, 301, 285, 418, 103, 114, 182, 23, 26, 105, 21, 251, 39, 128, 126, 99, 166, 49, 128, 63, 110, 106, 25, 123, 72, 61, 101, 201, 90, 83, 132, 62, 138, 18, 19, 18, 76, 71, 88, 0)
s = 45: (0, 91, 45, 39, 44, 62, 205, 167, 104, 131, 180, 246, 61, 187, 122, 80, 273, 166, 141, 19, 104, 132, 166, 31, 76, 263, 167, 45, 266, 122, 33, 83, 137, 236, 174, 64, 34, 144, 138, 140, 238, 171, 76, 163, 174, 40, 68, 93, 185, 57, 151, 272, 117, 152, 403, 204, 84, 143, 108, 32, 37, 117, 27, 237, 31, 91, 174, 140, 301, 52, 104, 63, 87, 99, 16, 133, 86, 58, 140, 154, 170, 89, 183, 68, 242, 19, 20, 28, 61, 46, 77, 0)
s = 46: (0, 180, 62, 74, 22, 46, 67, 118, 116, 152, 106, 199, 61, 93, 101, 53, 266, 181, 109, 30, 105, 94, 190, 21, 95, 219, 200, 87, 340, 136, 30, 60, 173, 162, 108, 146, 16, 267, 121, 120, 122, 95, 95, 225, 237, 49, 77, 70, 196, 83, 177, 204, 103, 182, 248, 340, 122, 171, 145, 18, 28, 106, 20, 391, 46, 95, 121, 183, 230, 45, 113, 61, 74, 73, 21, 88, 75, 59, 98, 79, 127, 93, 181, 72, 180, 23, 21, 14, 68, 51, 70, 0)
s = 47: (0, 97, 65, 90, 25, 61, 125, 110, 117, 205, 162, 147, 69, 130, 139, 107, 172, 212, 187, 20, 61, 89, 141, 15, 69, 311, 376, 66, 218, 76, 39, 72, 242, 184, 215, 111, 21, 287, 120, 82, 149, 141, 125, 157, 204, 45, 73, 80, 125, 59, 114, 182, 177, 233, 275, 302, 136, 228, 196, 18, 30, 149, 38, 130, 73, 143, 189, 103, 273, 93, 125, 46, 89, 109, 32, 85, 112, 104, 68, 115, 90, 82, 236, 73, 272, 24, 19, 17, 53, 92, 162, 0)
s = 48: (0, 123, 62, 48, 32, 48, 114, 129, 81, 86, 106, 106, 94, 114, 154, 94, 180, 303, 103, 33, 44, 63, 189, 24, 47, 239, 219, 59, 197, 77, 38, 73, 124, 321, 106, 83, 21, 318, 134, 86, 254, 145, 62, 123, 235, 42, 58, 42, 162, 59, 157, 242, 103, 268, 208, 343, 119, 136, 191, 12, 32, 83, 32, 153, 38, 173, 151, 167, 224, 68, 117, 49, 68, 136, 20, 130, 122, 54, 101, 171, 86, 107, 242, 32, 260, 18, 35, 18, 74, 38, 125, 0)
s = 49: (0, 90, 64, 59, 60, 56, 85, 131, 75, 120, 146, 112, 57, 201, 86, 93, 272, 340, 208, 24, 60, 75, 188, 19, 76, 249, 135, 72, 158, 139, 29, 92, 179, 289, 106, 86, 16, 299, 67, 189, 151, 118, 110, 191, 268, 54, 63, 54, 152, 71, 235, 159, 88, 316, 226, 214, 133, 119, 136, 22, 29, 86, 35, 197, 39, 161, 144, 97, 290, 50, 182, 52, 68, 161, 28, 72, 94, 65, 71, 134, 74, 85, 186, 45, 211, 12, 19, 16, 72, 51, 128, 0)
s = 50: (0, 151, 56, 42, 23, 79, 72, 113, 86, 209, 160, 179, 71, 181, 105, 89, 280, 176, 103, 20, 134, 111, 229, 21, 44, 194, 134, 69, 203, 131, 27, 93, 139, 201, 143, 96, 31, 281, 127, 172, 150, 109, 110, 173, 209, 62, 81, 67, 172, 86, 149, 197, 161, 307, 190, 239, 106, 218, 210, 16, 39, 92, 29, 264, 60, 107, 108, 81, 124, 83, 189, 57, 132, 143, 27, 122, 78, 85, 91, 153, 88, 83, 146, 81, 207, 36, 25, 32, 51, 67, 63, 0)
s = 51: (0, 119, 63, 36, 25, 33, 171, 224, 56, 123, 168, 226, 90, 204, 69, 55, 302, 166, 121, 26, 64, 64, 108, 17, 56, 261, 229, 62, 155, 153, 23, 100, 145, 262, 164, 116, 20, 128, 74, 121, 190, 105, 146, 161, 298, 47, 64, 92, 268, 111, 185, 195, 89, 196, 235, 163, 73, 149, 197, 18, 39, 68, 31, 248, 33, 89, 200, 114, 186, 58, 131, 97, 107, 110, 22, 86, 81, 76, 60, 135, 77, 66, 187, 95, 236, 24, 25, 24, 50, 37, 188, 0)
s = 52: (0, 67, 73, 72, 43, 50, 189, 158, 73, 159, 92, 115, 54, 183, 108, 109, 307, 173, 112, 27, 66, 71, 225, 19, 69, 222, 138, 53, 234, 101, 33, 100, 105, 146, 150, 118, 26, 208, 103, 136, 283, 93, 69, 121, 257, 59, 39, 106, 175, 122, 271, 235, 154, 271, 287, 246, 74, 227, 119, 26, 41, 70, 34, 185, 31, 123, 149, 70, 268, 69, 230, 88, 123, 102, 25, 120, 144, 60, 96, 101, 62, 110, 122, 39, 298, 26, 19, 18, 62, 36, 132, 0)
s = 53: (0, 165, 85, 73, 26, 39, 87, 168, 128, 98, 199, 197, 72, 122, 129, 74, 175, 261, 119, 14, 70, 75, 171, 30, 49, 210, 213, 55, 197, 60, 53, 58, 139, 179, 149, 134, 22, 169, 148, 112, 162, 267, 119, 212, 151, 51, 78, 116, 262, 75, 246, 116, 90, 401, 222, 291, 66, 203, 123, 28, 36, 76, 37, 146, 44, 134, 95, 72, 216, 70, 155, 74, 66, 133, 24, 93, 132, 76, 73, 215, 63, 106, 245, 54, 190, 29, 30, 21, 109, 31, 66, 0)
s = 54: (0, 176, 73, 44, 30, 45, 178, 140, 76, 174, 99, 227, 66, 100, 62, 50, 219, 245, 149, 30, 53, 73, 206, 32, 62, 137, 266, 63, 155, 114, 44, 62, 194, 200, 122, 166, 18, 268, 86, 92, 334, 172, 64, 317, 166, 72, 56, 71, 159, 98, 243, 232, 113, 309, 224, 259, 93, 109, 155, 13, 39, 73, 28, 295, 60, 184, 124, 69, 295, 50, 158, 79, 88, 115, 18, 100, 103, 73, 87, 149, 66, 84, 131, 57, 192, 19, 17, 26, 50, 47, 80, 0)
s = 55: (0, 122, 48, 62, 24, 60, 162, 198, 124, 90, 119, 274, 75, 117, 113, 51, 288, 230, 178, 17, 87, 97, 144, 17, 53, 174, 252, 88, 116, 83, 49, 62, 132, 269, 169, 81, 23, 143, 100, 87, 207, 114, 153, 137, 204, 70, 69, 45, 178, 68, 248, 146, 81, 340, 207, 182, 99, 176, 172, 18, 33, 127, 45, 256, 32, 160, 217, 73, 303, 48, 82, 73, 97, 133, 14, 70, 72, 60, 51, 178, 76, 89, 158, 60, 153, 20, 27, 29, 40, 59, 104, 0)
s = 56: (0, 79, 91, 39, 31, 84, 85, 109, 87, 127, 159, 211, 61, 146, 122, 89, 248, 186, 163, 24, 54, 51, 259, 23, 53, 245, 201, 101, 145, 88, 29, 40, 147, 171, 184, 147, 31, 243, 127, 154, 145, 140, 101, 124, 223, 65, 61, 63, 253, 78, 145, 187, 133, 255, 203, 150, 145, 160, 174, 22, 57, 131, 21, 132, 75, 156, 155, 78, 172, 80, 111, 50, 83, 92, 26, 93, 100, 72, 49, 243, 104, 76, 154, 33, 172, 13, 16, 37, 62, 59, 159, 0)
s = 57: (0, 63, 60, 61, 55, 33, 106, 163, 83, 144, 89, 290, 69, 168, 157, 53, 294, 130, 113, 17, 78, 92, 239, 16, 51, 357, 152, 116, 172, 80, 35, 55, 158, 151, 76, 122, 23, 191, 68, 114, 254, 131, 86, 159, 178, 77, 112, 42, 224, 62, 240, 129, 102, 156, 208, 148, 184, 137, 220, 27, 35, 104, 31, 150, 46, 162, 110, 62, 241, 40, 110, 48, 97, 73, 33, 96, 117, 51, 101, 137, 51, 84, 153, 37, 238, 20, 29, 18, 87, 34, 92, 0)
s = 58: (0, 134, 57, 32, 27, 38, 120, 138, 75, 108, 146, 149, 80, 216, 156, 68, 232, 306, 134, 24, 88, 90, 179, 26, 96, 261, 281, 64, 181, 106, 29, 77, 206, 338, 141, 72, 14, 220, 85, 127, 353, 87, 181, 224, 133, 96, 116, 54, 151, 82, 152, 167, 98, 257, 224, 179, 177, 143, 146, 33, 53, 110, 19, 195, 27, 166, 181, 77, 119, 52, 164, 60, 87, 90, 12, 124, 131, 79, 68, 135, 97, 58, 104, 43, 207, 16, 27, 16, 40, 65, 147, 0)
s = 59: (0, 70, 53, 57, 28, 68, 86, 106, 106, 219, 149, 178, 83, 180, 113, 101, 185, 317, 101, 23, 77, 63, 237, 42, 59, 317, 125, 57, 228, 93, 24, 76, 144, 246, 110, 77, 23, 321, 122, 120, 382, 121, 95, 162, 116, 54, 90, 45, 140, 72, 162, 161, 81, 224, 266, 336, 86, 202, 247, 20, 36, 143, 43, 209, 73, 142, 142, 79, 272, 65, 234, 48, 95, 118, 19, 116, 65, 114, 52, 188, 77, 63, 146, 61, 153, 22, 19, 13, 80, 40, 157, 0)
s = 60: (0, 159, 64, 42, 30, 67, 107, 207, 114, 164, 148, 188, 76, 151, 111, 45, 259, 286, 113, 31, 67, 85, 101, 37, 67, 171, 135, 78, 207, 94, 36, 59, 91, 248, 132, 100, 19, 218, 115, 114, 288, 111, 88, 108, 93, 74, 54, 69, 174, 81, 246, 157, 73, 321, 369, 346, 156, 167, 183, 18, 44, 115, 37, 140, 51, 143, 149, 82, 293, 75, 126, 75, 65, 97, 27, 87, 99, 71, 105, 162, 71, 104, 234, 64, 173, 23, 18, 15, 76, 51, 101, 0)
s = 61: (0, 94, 107, 51, 32, 49, 147, 139, 136, 105, 182, 213, 108, 130, 97, 106, 379, 223, 186, 21, 115, 62, 119, 18, 78, 205, 161, 54, 164, 168, 45, 70, 114, 191, 72, 128, 19, 190, 172, 113, 245, 160, 156, 143, 207, 56, 101, 102, 194, 123, 152, 135, 108, 205, 170, 369, 89, 91, 102, 21, 62, 82, 42, 288, 29, 166, 222, 69, 149, 58, 184, 42, 162, 103, 17, 114, 120, 81, 156, 191, 93, 73, 247, 44, 245, 15, 32, 21, 85, 65, 136, 0)
s = 62: (0, 91, 38, 42, 32, 58, 142, 92, 102, 158, 130, 128, 123, 164, 65, 67, 162, 220, 130, 19, 77, 75, 181, 17, 62, 363, 273, 96, 178, 104, 57, 74, 216, 273, 203, 85, 13, 246, 67, 147, 254, 90, 205, 127, 140, 65, 91, 72, 265, 73, 290, 213, 123, 371, 330, 189, 168, 130, 199, 23, 79, 104, 21, 216, 51, 134, 121, 118, 192, 76, 104, 90, 95, 113, 31, 54, 106, 92, 84, 100, 59, 105, 143, 69, 129, 22, 20, 30, 58, 48, 66, 0)
s = 63: (0, 112, 59, 45, 42, 44, 124, 245, 122, 108, 142, 125, 60, 106, 71, 76, 170, 304, 135, 33, 70, 102, 210, 35, 82, 149, 172, 71, 232, 94, 26, 53, 96, 166, 123, 104, 32, 185, 131, 114, 222, 175, 93, 243, 120, 42, 70, 112, 190, 66, 169, 210, 137, 165, 229, 272, 97, 124, 91, 23, 36, 86, 26, 163, 31, 164, 159, 134, 209, 82, 76, 56, 117, 95, 16, 88, 106, 47, 86, 156, 60, 66, 184, 40, 203, 18, 26, 15, 46, 41, 144, 0)
s = 64: (0, 65, 96, 56, 44, 65, 119, 161, 82, 106, 132, 225, 67, 183, 102, 62, 375, 185, 131, 26, 62, 65, 124, 16, 91, 240, 135, 51, 216, 119, 37, 59, 124, 208, 134, 73, 17, 243, 112, 156, 181, 130, 106, 223, 167, 63, 110, 87, 252, 106, 247, 134, 114, 449, 224, 322, 74, 99, 137, 17, 51, 85, 32, 197, 36, 143, 232, 136, 234, 73, 162, 48, 56, 82, 17, 66, 62, 80, 60, 160, 83, 74, 138, 55, 194, 23, 34, 19, 76, 36, 81, 0)
s = 65: (0, 70, 119, 86, 32, 49, 199, 189, 147, 147, 175, 131, 39, 100, 80, 87, 250, 214, 196, 20, 65, 79, 143, 28, 61, 264, 209, 44, 199, 167, 34, 69, 202, 164, 198, 124, 26, 208, 172, 99, 246, 116, 70, 161, 121, 48, 68, 70, 253, 96, 272, 161, 78, 286, 314, 347, 141, 120, 110, 18, 38, 121, 42, 149, 42, 75, 168, 198, 194, 93, 75, 36, 66, 151, 21, 75, 121, 96, 56, 214, 57, 100, 290, 56, 198, 25, 25, 16, 49, 40, 117, 0)
s = 66: (0, 109, 45, 55, 32, 80, 148, 245, 111, 156, 220, 173, 98, 103, 106, 84, 218, 255, 103, 16, 61, 63, 206, 19, 60, 339, 150, 97, 300, 104, 40, 54, 163, 268, 91, 137, 17, 155, 114, 119, 172, 136, 116, 229, 228, 50, 94, 88, 377, 124, 125, 244, 111, 436, 267, 173, 84, 84, 177, 17, 34, 99, 27, 211, 40, 142, 151, 97, 241, 56, 194, 112, 191, 89, 32, 158, 79, 121, 89, 86, 80, 64, 134, 67, 336, 17, 13, 19, 55, 65, 65, 0)
s = 67: (0, 86, 47, 50, 23, 52, 117, 207, 96, 149, 178, 212, 54, 113, 118, 98, 180, 156, 104, 26, 104, 102, 118, 23, 39, 300, 191, 61, 220, 138, 30, 96, 158, 194, 100, 122, 17, 208, 131, 98, 163, 135, 161, 133, 167, 43, 105, 49, 129, 110, 174, 323, 95, 300, 232, 429, 143, 111, 225, 18, 36, 65, 21, 197, 34, 224, 149, 81, 177, 55, 130, 44, 70, 89, 16, 95, 111, 79, 47, 179, 124, 75, 157, 49, 160, 19, 22, 28, 68, 56, 153, 0)
s = 68: (0, 131, 71, 65, 59, 59, 107, 96, 64, 182, 145, 225, 51, 93, 145, 71, 193, 215, 125, 30, 71, 102, 128, 21, 60, 206, 149, 52, 233, 181, 34, 54, 110, 204, 225, 81, 27, 201, 147, 91, 162, 134, 127, 183, 256, 38, 91, 74, 339, 118, 206, 239, 149, 163, 296, 323, 106, 84, 137, 14, 41, 121, 42, 147, 37, 79, 162, 73, 144, 51, 94, 41, 112, 88, 13, 57, 70, 70, 56, 112, 87, 73, 110, 41, 222, 16, 29, 35, 68, 56, 119, 0)
s = 69: (0, 108, 53, 56, 33, 67, 108, 157, 153, 139, 125, 138, 42, 117, 123, 67, 282, 275, 135, 21, 59, 84, 145, 29, 86, 298, 275, 76, 195, 96, 32, 59, 105, 211, 156, 102, 17, 170, 116, 133, 230, 125, 118, 209, 152, 74, 50, 70, 227, 149, 216, 236, 132, 267, 181, 242, 98, 162, 209, 21, 24, 124, 39, 194, 83, 100, 199, 103, 224, 51, 79, 37, 174, 204, 18, 143, 57, 129, 100, 129, 76, 60, 157, 39, 376, 30, 29, 31, 55, 36, 106, 0)
s = 70: (0, 118, 39, 58, 30, 59, 78, 157, 110, 99, 171, 144, 67, 124, 150, 91, 334, 298, 106, 18, 62, 49, 148, 17, 91, 167, 221, 56, 324, 106, 38, 41, 162, 246, 177, 89, 16, 271, 114, 147, 164, 160, 152, 118, 169, 57, 82, 62, 124, 95, 226, 113, 129, 215, 249, 186, 113, 93, 128, 20, 32, 97, 43, 220, 49, 81, 189, 118, 319, 85, 132, 82, 101, 73, 15, 126, 77, 61, 53, 207, 53, 72, 134, 51, 163, 20, 26, 21, 93, 47, 78, 0)
s = 71: (0, 61, 68, 75, 32, 105, 129, 209, 144, 119, 104, 143, 102, 134, 74, 98, 326, 202, 145, 16, 109, 48, 109, 35, 69, 247, 108, 76, 134, 87, 27, 62, 189, 160, 96, 118, 31, 227, 178, 105, 182, 254, 126, 152, 132, 45, 78, 63, 275, 106, 317, 211, 77, 172, 306, 180, 90, 169, 278, 14, 67, 65, 26, 123, 38, 140, 175, 133, 281, 81, 148, 48, 123, 160, 23, 121, 106, 138, 91, 135, 75, 59, 96, 88, 185, 33, 13, 37, 87, 40, 130, 0)
s = 72: (0, 162, 65, 73, 34, 58, 140, 176, 116, 79, 78, 189, 95, 100, 177, 89, 254, 263, 161, 22, 111, 70, 130, 24, 69, 239, 305, 74, 200, 123, 48, 43, 119, 122, 107, 126, 22, 129, 99, 164, 121, 107, 108, 170, 124, 48, 74, 94, 253, 90, 161, 257, 101, 258, 303, 391, 168, 95, 111, 21, 43, 62, 46, 247, 32, 122, 134, 88, 289, 68, 117, 87, 139, 86, 14, 96, 84, 124, 128, 160, 87, 92, 132, 52, 169, 29, 27, 19, 72, 58, 177, 0)
s = 73: (0, 115, 67, 68, 29, 74, 90, 172, 144, 158, 97, 197, 108, 233, 161, 63, 167, 230, 107, 32, 48, 91, 247, 32, 45, 262, 145, 94, 131, 102, 33, 93, 208, 283, 193, 80, 13, 203, 108, 155, 169, 148, 147, 225, 170, 89, 74, 62, 234, 58, 328, 228, 89, 238, 257, 392, 91, 98, 138, 29, 26, 82, 21, 254, 48, 136, 282, 125, 275, 46, 98, 48, 60, 152, 22, 113, 69, 71, 57, 157, 84, 107, 204, 90, 163, 14, 27, 28, 38, 47, 125, 0)
s = 74: (0, 78, 116, 43, 40, 55, 97, 265, 102, 110, 97, 178, 56, 115, 59, 57, 297, 184, 162, 30, 153, 105, 165, 19, 56, 200, 215, 84, 265, 92, 36, 99, 84, 231, 134, 74, 15, 156, 119, 130, 226, 150, 82, 150, 271, 74, 54, 99, 159, 135, 204, 142, 163, 332, 138, 295, 84, 111, 197, 18, 22, 65, 26, 221, 38, 82, 132, 146, 191, 58, 117, 83, 179, 169, 17, 55, 98, 78, 84, 136, 90, 89, 227, 71, 201, 24, 14, 27, 54, 46, 137, 0)
s = 75: (0, 124, 49, 57, 27, 63, 66, 122, 148, 146, 171, 142, 65, 86, 101, 75, 317, 340, 126, 17, 87, 103, 154, 22, 102, 275, 193, 48, 199, 123, 29, 142, 122, 214, 98, 105, 35, 243, 89, 142, 331, 184, 175, 158, 159, 55, 143, 49, 260, 111, 205, 350, 82, 216, 175, 207, 99, 159, 145, 15, 28, 112, 35, 239, 34, 111, 179, 78, 178, 70, 135, 62, 95, 156, 14, 70, 134, 114, 114, 86, 73, 159, 202, 62, 180, 19, 28, 35, 47, 30, 100, 0)
s = 76: (0, 129, 72, 79, 30, 64, 107, 133, 91, 116, 163, 198, 54, 177, 113, 71, 166, 191, 141, 37, 64, 56, 133, 13, 51, 188, 146, 66, 115, 67, 33, 65, 200, 171, 272, 107, 24, 347, 103, 118, 220, 121, 89, 159, 143, 63, 53, 84, 164, 70, 210, 170, 59, 245, 278, 275, 68, 121, 202, 18, 32, 87, 16, 206, 31, 121, 119, 57, 196, 68, 185, 82, 130, 127, 24, 97, 54, 84, 113, 163, 115, 56, 160, 62, 310, 13, 26, 27, 83, 57, 124, 0)
s = 77: (0, 103, 73, 36, 46, 63, 67, 163, 62, 109, 122, 203, 80, 255, 98, 68, 166, 314, 123, 19, 127, 57, 204, 23, 85, 281, 163, 67, 154, 71, 23, 67, 144, 130, 111, 150, 20, 136, 100, 187, 211, 145, 166, 193, 142, 40, 84, 77, 335, 58, 244, 162, 83, 205, 207, 190, 79, 111, 121, 18, 43, 138, 39, 141, 55, 186, 197, 62, 312, 60, 124, 57, 70, 114, 31, 78, 96, 92, 67, 137, 96, 135, 142, 50, 147, 15, 41, 20, 54, 44, 134, 0)
s = 78: (0, 120, 95, 73, 30, 47, 71, 104, 159, 126, 128, 283, 67, 84, 91, 113, 176, 305, 93, 15, 46, 45, 129, 20, 57, 194, 97, 93, 204, 132, 45, 89, 193, 240, 133, 91, 14, 237, 105, 127, 325, 233, 118, 168, 259, 41, 121, 88, 148, 114, 265, 256, 127, 158, 255, 200, 175, 100, 153, 17, 31, 86, 47, 107, 47, 134, 97, 60, 159, 42, 94, 96, 92, 82, 21, 117, 109, 91, 83, 125, 65, 94, 219, 54, 279, 12, 28, 18, 80, 50, 114, 0)
s = 79: (0, 117, 79, 39, 29, 65, 84, 207, 129, 184, 125, 148, 52, 277, 115, 94, 196, 191, 151, 19, 61, 48, 157, 17, 52, 204, 175, 73, 158, 146, 45, 81, 148, 273, 186, 95, 25, 193, 69, 106, 187, 172, 128, 256, 200, 44, 89, 81, 213, 94, 248, 274, 74, 192, 275, 237, 74, 161, 127, 24, 30, 127, 30, 228, 60, 111, 189, 85, 330, 95, 125, 118, 139, 165, 19, 103, 65, 79, 94, 153, 98, 78, 223, 36, 168, 17, 19, 27, 51, 43, 113, 0)
s = 80: (0, 89, 52, 56, 24, 95, 164, 138, 97, 145, 211, 299, 53, 231, 141, 82, 199, 123, 161, 24, 116, 50, 169, 17, 66, 328, 122, 73, 136, 107, 29, 45, 119, 243, 81, 147, 25, 205, 196, 109, 150, 168, 103, 204, 232, 67, 87, 88, 152, 74, 226, 230, 82, 194, 329, 278, 85, 102, 245, 16, 52, 101, 25, 240, 58, 166, 157, 102, 221, 99, 172, 79, 91, 86, 15, 139, 106, 109, 117, 128, 52, 113, 165, 42, 164, 28, 18, 33, 53, 59, 122, 0)
s = 81: (0, 104, 45, 71, 52, 63, 94, 166, 118, 182, 162, 321, 81, 170, 115, 58, 163, 132, 115, 32, 87, 74, 129, 36, 65, 164, 106, 53, 223, 105, 24, 54, 136, 273, 164, 64, 32, 286, 90, 85, 160, 220, 79, 144, 288, 76, 78, 97, 221, 85, 168, 229, 146, 173, 205, 182, 102, 133, 98, 18, 59, 77, 29, 172, 32, 200, 181, 135, 172, 55, 219, 59, 113, 164, 31, 97, 65, 76, 80, 147, 104, 98, 113, 79, 315, 40, 17, 22, 62, 70, 113, 0)
s = 82: (0, 112, 70, 48, 38, 65, 98, 158, 112, 142, 104, 130, 56, 196, 109, 96, 249, 242, 148, 19, 88, 120, 221, 31, 55, 291, 167, 57, 179, 107, 25, 104, 135, 170, 162, 88, 27, 135, 110, 86, 273, 208, 140, 137, 162, 41, 74, 69, 183, 73, 128, 158, 66, 203, 403, 243, 184, 177, 265, 35, 29, 118, 42, 183, 44, 97, 209, 95, 124, 65, 141, 53, 73, 142, 14, 105, 111, 82, 74, 112, 72, 114, 283, 103, 226, 19, 18, 19, 39, 73, 135, 0)
s = 83: (0, 137, 78, 45, 48, 47, 99, 125, 119, 130, 121, 134, 42, 158, 86, 98, 395, 170, 86, 24, 63, 83, 99, 27, 45, 284, 241, 61, 133, 123, 25, 125, 163, 261, 155, 95, 23, 383, 77, 214, 227, 140, 71, 181, 146, 85, 71, 77, 196, 79, 219, 181, 165, 223, 198, 244, 108, 113, 236, 34, 36, 119, 27, 203, 76, 202, 138, 90, 147, 46, 82, 54, 90, 62, 23, 103, 135, 117, 85, 117, 108, 109, 146, 72, 221, 21, 19, 28, 55, 47, 93, 0)
s = 84: (0, 67, 66, 31, 32, 48, 96, 210, 133, 149, 156, 124, 68, 112, 84, 97, 308, 146, 228, 17, 74, 86, 169, 15, 79, 307, 210, 66, 223, 92, 35, 66, 120, 214, 135, 71, 26, 272, 117, 115, 230, 115, 131, 209, 184, 39, 139, 122, 155, 104, 132, 179, 99, 243, 307, 177, 169, 81, 118, 15, 28, 92, 38, 209, 30, 142, 187, 78, 155, 60, 95, 88, 151, 84, 18, 120, 90, 47, 88, 227, 79, 59, 204, 48, 161, 18, 17, 27, 98, 28, 132, 0)
s = 85: (0, 129, 72, 44, 23, 55, 115, 146, 112, 225, 79, 125, 76, 93, 97, 83, 201, 307, 107, 20, 47, 99, 169, 22, 64, 230, 231, 50, 148, 84, 54, 46, 92, 126, 80, 66, 20, 187, 153, 190, 211, 93, 70, 184, 144, 72, 51, 57, 139, 65, 269, 158, 95, 206, 161, 255, 124, 128, 229, 20, 72, 84, 39, 189, 36, 120, 165, 63, 263, 55, 88, 57, 79, 71, 14, 117, 84, 86, 65, 98, 102, 85, 100, 66, 111, 14, 22, 34, 74, 49, 95, 0)
s = 86: (0, 82, 65, 50, 44, 46, 187, 112, 65, 71, 194, 336, 52, 168, 86, 62, 297, 236, 195, 21, 74, 108, 250, 17, 71, 198, 201, 49, 126, 73, 30, 83, 229, 158, 180, 93, 32, 219, 155, 130, 391, 120, 167, 154, 177, 60, 50, 77, 159, 79, 234, 173, 144, 277, 290, 140, 160, 107, 117, 35, 69, 85, 46, 232, 41, 184, 131, 153, 147, 99, 97, 61, 105, 74, 38, 128, 49, 80, 48, 144, 115, 71, 209, 91, 154, 21, 26, 27, 89, 48, 82, 0)
s = 87: (0, 155, 79, 45, 23, 41, 160, 123, 80, 188, 118, 199, 44, 131, 104, 55, 428, 268, 83, 25, 62, 115, 129, 23, 66, 236, 162, 66, 186, 62, 33, 90, 158, 272, 106, 132, 18, 399, 109, 229, 173, 163, 213, 181, 168, 51, 95, 70, 145, 69, 200, 142, 138, 238, 297, 237, 154, 77, 160, 22, 28, 82, 24, 158, 66, 79, 179, 161, 168, 109, 134, 68, 102, 155, 14, 66, 117, 92, 107, 125, 99, 138, 189, 42, 143, 25, 36, 34, 74, 67, 150, 0)
s = 88: (0, 148, 89, 42, 20, 33, 103, 180, 72, 234, 129, 198, 103, 129, 77, 97, 327, 147, 94, 30, 106, 106, 183, 18, 50, 241, 235, 111, 186, 83, 34, 124, 242, 278, 176, 122, 36, 295, 117, 89, 249, 74, 104, 167, 149, 94, 95, 65, 402, 113, 226, 218, 57, 386, 235, 178, 88, 88, 140, 17, 29, 63, 32, 187, 59, 159, 190, 86, 150, 46, 166, 42, 119, 123, 26, 90, 73, 60, 82, 125, 67, 88, 121, 70, 291, 21, 28, 15, 79, 56, 140, 0)
s = 89: (0, 121, 92, 65, 44, 66, 182, 117, 117, 223, 93, 236, 53, 127, 113, 91, 210, 196, 167, 18, 71, 108, 215, 22, 92, 382, 241, 82, 161, 95, 46, 60, 170, 182, 197, 87, 23, 190, 107, 117, 291, 101, 103, 153, 187, 61, 59, 61, 185, 150, 172, 267, 143, 180, 216, 292, 69, 182, 179, 14, 23, 137, 22, 245, 37, 137, 210, 108, 148, 67, 169, 46, 72, 96, 36, 126, 119, 97, 59, 177, 70, 111, 290, 49, 248, 21, 19, 23, 45, 59, 131, 0)
s = 90: (0, 116, 43, 65, 38, 66, 87, 133, 121, 92, 152, 302, 69, 152, 86, 56, 244, 215, 108, 24, 81, 58, 165, 18, 52, 207, 361, 60, 207, 73, 55, 90, 199, 138, 206, 94, 15, 121, 99, 127, 270, 152, 185, 238, 197, 66, 112, 82, 258, 77, 173, 132, 93, 160, 216, 198, 179, 109, 134, 21, 38, 94, 20, 266, 46, 117, 120, 60, 186, 54, 155, 74, 57, 75, 25, 67, 159, 117, 86, 164, 68, 78, 130, 44, 255, 25, 18, 18, 76, 58, 117, 0)
s = 91: (0, 124, 92, 73, 42, 47, 83, 128, 78, 140, 125, 160, 71, 172, 112, 107, 170, 256, 169, 19, 82, 78, 186, 14, 51, 162, 224, 69, 154, 81, 30, 63, 287, 227, 120, 81, 31, 174, 178, 126, 131, 237, 149, 139, 184, 55, 92, 113, 221, 103, 133, 126, 94, 321, 282, 262, 84, 92, 153, 29, 38, 80, 25, 156, 43, 195, 115, 142, 252, 83, 103, 94, 111, 67, 27, 132, 57, 81, 56, 106, 73, 131, 249, 57, 206, 22, 19, 21, 59, 50, 114, 0)
s = 92: (0, 132, 72, 77, 32, 43, 127, 126, 133, 113, 108, 309, 63, 125, 68, 70, 216, 208, 137, 23, 129, 75, 176, 25, 56, 332, 218, 73, 114, 76, 28, 45, 150, 168, 135, 113, 17, 234, 98, 83, 283, 84, 89, 174, 151, 56, 66, 94, 171, 107, 169, 216, 92, 176, 430, 255, 107, 119, 102, 14, 28, 92, 35, 119, 63, 113, 139, 124, 191, 50, 130, 56, 109, 126, 25, 75, 71, 64, 120, 175, 121, 77, 139, 98, 215, 18, 16, 14, 84, 41, 84, 0)
s = 93: (0, 72, 58, 59, 30, 61, 158, 151, 90, 87, 89, 129, 57, 206, 127, 77, 270, 159, 120, 19, 78, 75, 182, 26, 91, 167, 209, 41, 229, 56, 56, 89, 108, 334, 125, 76, 19, 225, 118, 167, 149, 100, 172, 111, 107, 77, 91, 71, 230, 140, 194, 244, 82, 180, 265, 208, 146, 98, 156, 29, 63, 101, 22, 182, 54, 198, 155, 140, 279, 64, 88, 60, 174, 103, 19, 78, 69, 64, 70, 123, 62, 118, 168, 50, 134, 18, 30, 18, 68, 55, 191, 0)
s = 94: (0, 160, 47, 44, 27, 46, 93, 269, 117, 190, 123, 145, 73, 188, 165, 47, 158, 286, 166, 25, 91, 125, 191, 27, 60, 300, 224, 40, 184, 97, 37, 72, 207, 157, 205, 61, 19, 193, 106, 108, 171, 235, 93, 184, 148, 42, 99, 70, 134, 121, 233, 178, 135, 204, 239, 285, 103, 165, 256, 15, 56, 89, 32, 208, 30, 101, 213, 75, 141, 93, 119, 61, 72, 79, 14, 68, 107, 64, 87, 249, 61, 111, 134, 51, 178, 19, 16, 19, 44, 72, 134, 0)
s = 95: (0, 108, 91, 37, 40, 52, 174, 111, 82, 108, 129, 184, 40, 93, 124, 94, 432, 126, 85, 14, 78, 93, 221, 23, 84, 310, 265, 61, 141, 137, 35, 83, 148, 146, 181, 114, 24, 267, 107, 166, 168, 187, 137, 141, 125, 51, 88, 107, 143, 138, 156, 203, 107, 179, 236, 258, 88, 194, 247, 30, 54, 140, 45, 160, 50, 132, 211, 100, 258, 44, 129, 42, 92, 91, 22, 65, 65, 68, 85, 220, 86, 100, 122, 71, 295, 13, 23, 21, 41, 54, 154, 0)
s = 96: (0, 115, 61, 64, 42, 40, 111, 94, 137, 71, 186, 340, 62, 128, 106, 52, 225, 123, 106, 24, 54, 72, 100, 16, 67, 257, 179, 52, 222, 187, 40, 72, 193, 152, 127, 128, 18, 178, 145, 127, 252, 105, 96, 141, 143, 93, 66, 75, 155, 62, 196, 152, 129, 272, 311, 437, 123, 156, 128, 24, 34, 67, 38, 161, 53, 141, 162, 73, 246, 70, 150, 84, 109, 107, 26, 108, 74, 55, 122, 125, 144, 97, 263, 69, 146, 28, 15, 28, 86, 53, 111, 0)
s = 97: (0, 107, 91, 47, 46, 56, 103, 142, 142, 171, 185, 337, 39, 136, 92, 46, 333, 263, 183, 34, 108, 55, 122, 23, 96, 231, 194, 68, 178, 79, 57, 61, 147, 215, 138, 123, 14, 134, 119, 206, 153, 110, 115, 110, 160, 60, 71, 102, 283, 73, 171, 283, 130, 342, 210, 338, 113, 84, 145, 21, 33, 100, 39, 207, 56, 139, 133, 84, 243, 83, 91, 97, 91, 150, 22, 94, 85, 78, 107, 116, 97, 86, 150, 40, 338, 29, 25, 16, 60, 31, 113, 0)
s = 98: (0, 115, 45, 32, 32, 74, 168, 181, 140, 128, 152, 216, 99, 187, 102, 105, 215, 142, 91, 14, 60, 63, 139, 22, 58, 322, 178, 71, 211, 76, 34, 65, 125, 251, 140, 85, 22, 186, 115, 115, 204, 165, 100, 211, 165, 65, 66, 80, 274, 89, 206, 151, 114, 250, 348, 373, 73, 119, 181, 22, 28, 133, 39, 202, 55, 205, 166, 146, 220, 84, 139, 61, 97, 121, 18, 106, 50, 68, 78, 142, 76, 73, 132, 45, 263, 16, 23, 27, 40, 38, 83, 0)
s = 99: (0, 129, 50, 46, 35, 67, 106, 192, 165, 97, 91, 194, 62, 173, 116, 47, 252, 169, 134, 25, 97, 64, 148, 15, 65, 191, 203, 113, 338, 74, 37, 66, 88, 169, 173, 109, 25, 165, 88, 102, 227, 117, 177, 275, 311, 33, 79, 59, 205, 80, 243, 204, 100, 274, 178, 386, 198, 100, 130, 19, 37, 88, 25, 268, 50, 90, 137, 55, 192, 62, 146, 83, 83, 95, 31, 101, 101, 91, 99, 91, 54, 98, 130, 75, 238, 12, 21, 14, 89, 29, 130, 0)
s = 100: (0, 107, 79, 46, 51, 81, 109, 231, 85, 77, 86, 193, 84, 180, 57, 89, 309, 159, 119, 19, 47, 107, 193, 13, 47, 208, 171, 55, 169, 119, 36, 72, 119, 197, 183, 83, 16, 302, 114, 152, 133, 220, 136, 124, 303, 40, 43, 101, 219, 89, 188, 173, 57, 191, 190, 275, 61, 115, 241, 18, 24, 90, 37, 312, 47, 132, 221, 135, 275, 59, 176, 67, 90, 150, 16, 90, 59, 81, 90, 120, 70, 152, 190, 106, 152, 30, 14, 19, 103, 34, 90, 0)
s = 101: (0, 99, 75, 49, 38, 38, 91, 194, 80, 145, 96, 345, 60, 97, 111, 65, 383, 272, 147, 17, 130, 73, 213, 20, 60, 255, 199, 74, 187, 132, 42, 47, 178, 192, 134, 144, 15, 254, 76, 96, 226, 75, 181, 177, 155, 52, 63, 47, 277, 53, 128, 332, 74, 283, 305, 233, 150, 94, 99, 21, 29, 86, 19, 193, 29, 99, 263, 68, 179, 66, 130, 80, 105, 71, 15, 79, 68, 83, 76, 202, 93, 83, 117, 42, 258, 15, 18, 24, 60, 34, 114, 0)
s = 102: (0, 122, 66, 43, 61, 68, 98, 183, 137, 111, 149, 148, 83, 122, 70, 56, 320, 144, 144, 19, 132, 57, 106, 17, 89, 321, 141, 55, 220, 99, 54, 43, 162, 120, 161, 144, 20, 275, 74, 93, 209, 192, 153, 312, 205, 52, 112, 96, 230, 73, 216, 186, 125, 273, 189, 246, 157, 98, 135, 25, 27, 152, 21, 157, 41, 123, 157, 70, 339, 62, 236, 48, 108, 113, 31, 69, 79, 60, 113, 158, 104, 134, 193, 72, 242, 17, 12, 20, 52, 60, 73, 0)
s = 103: (0, 114, 59, 71, 36, 48, 97, 187, 72, 105, 148, 207, 69, 212, 92, 62, 279, 212, 119, 13, 121, 75, 145, 20, 83, 204, 218, 64, 162, 81, 58, 85, 144, 192, 97, 105, 34, 252, 82, 121, 161, 99, 83, 195, 105, 71, 77, 95, 153, 91, 262, 126, 75, 246, 259, 422, 114, 119, 261, 17, 36, 112, 25, 243, 46, 136, 222, 66, 140, 53, 181, 41, 127, 107, 15, 99, 70, 85, 86, 243, 79, 80, 162, 58, 316, 22, 27, 17, 85, 45, 106, 0)
s = 104: (0, 111, 47, 50, 23, 57, 108, 172, 70, 93, 151, 179, 96, 120, 79, 78, 306, 116, 103, 33, 73, 67, 137, 17, 64, 153, 234, 120, 109, 62, 19, 113, 92, 153, 104, 154, 26, 141, 79, 83, 301, 162, 99, 240, 103, 55, 88, 75, 268, 92, 177, 214, 136, 287, 381, 276, 82, 134, 237, 23, 28, 109, 28, 213, 38, 119, 97, 78, 186, 42, 99, 69, 151, 133, 15, 62, 116, 103, 80, 145, 73, 67, 136, 32, 177, 13, 25, 19, 45, 66, 155, 0)
s = 105: (0, 102, 92, 33, 47, 79, 65, 123, 87, 155, 166, 305, 80, 103, 106, 60, 277, 259, 174, 15, 92, 73, 245, 27, 54, 213, 269, 50, 193, 89, 37, 78, 147, 347, 118, 76, 25, 180, 114, 188, 215, 106, 151, 169, 145, 67, 54, 72, 198, 113, 176, 209, 130, 342, 386, 250, 147, 172, 208, 20, 36, 121, 35, 120, 33, 86, 105, 114, 143, 48, 106, 60, 107, 123, 22, 120, 112, 98, 66, 112, 53, 172, 142, 93, 153, 14, 29, 20, 67, 36, 83, 0)
s = 106: (0, 84, 56, 47, 30, 55, 111, 183, 96, 155, 171, 304, 80, 162, 86, 81, 236, 132, 108, 21, 130, 54, 216, 29, 79, 317, 167, 98, 161, 138, 38, 79, 172, 256, 76, 137, 23, 148, 108, 181, 206, 85, 128, 148, 292, 70, 112, 61, 215, 112, 218, 268, 100, 215, 366, 343, 122, 93, 96, 27, 46, 81, 38, 143, 34, 130, 254, 119, 151, 73, 109, 62, 173, 102, 35, 153, 164, 73, 83, 272, 90, 104, 133, 67, 137, 28, 24, 21, 46, 35, 64, 0)
s = 107: (0, 76, 50, 56, 44, 103, 132, 103, 100, 108, 129, 147, 60, 137, 186, 80, 199, 254, 179, 22, 110, 60, 185, 30, 81, 358, 197, 109, 184, 114, 47, 63, 104, 171, 126, 103, 23, 310, 100, 122, 173, 169, 159, 249, 101, 58, 83, 95, 205, 96, 278, 246, 59, 292, 202, 396, 112, 145, 135, 12, 54, 79, 27, 203, 31, 101, 122, 77, 163, 53, 90, 57, 103, 114, 31, 99, 77, 77, 100, 99, 128, 105, 171, 74, 324, 15, 16, 16, 65, 44, 126, 0)
s = 108: (0, 96, 98, 53, 34, 64, 143, 114, 90, 82, 175, 211, 72, 212, 142, 125, 382, 114, 163, 34, 105, 44, 243, 30, 87, 298, 167, 81, 156, 87, 38, 72, 175, 349, 233, 107, 17, 311, 128, 83, 171, 156, 82, 158, 166, 45, 53, 108, 195, 93, 252, 146, 164, 303, 237, 180, 87, 148, 164, 22, 47, 82, 40, 142, 59, 148, 122, 85, 358, 42, 84, 45, 141, 95, 16, 95, 65, 47, 102, 175, 109, 73, 150, 41, 162, 18, 17, 28, 68, 46, 124, 0)
s = 109: (0, 111, 40, 40, 23, 48, 86, 283, 126, 119, 114, 157, 64, 186, 145, 82, 291, 222, 190, 30, 53, 80, 173, 41, 49, 197, 188, 82, 191, 125, 43, 63, 190, 152, 185, 113, 23, 172, 100, 154, 126, 114, 116, 143, 244, 73, 100, 72, 136, 95, 138, 215, 121, 239, 258, 250, 121, 179, 134, 28, 37, 96, 30, 169, 62, 214, 201, 91, 157, 84, 95, 58, 162, 81, 16, 115, 69, 70, 87, 165, 75, 88, 202, 43, 182, 38, 28, 28, 49, 51, 106, 0)
s = 110: (0, 127, 55, 48, 37, 51, 102, 175, 104, 93, 143, 288, 69, 184, 60, 68, 259, 294, 132, 31, 108, 63, 132, 23, 84, 199, 269, 124, 177, 78, 25, 68, 175, 215, 143, 91, 27, 284, 125, 126, 159, 168, 127, 208, 210, 81, 84, 64, 144, 89, 245, 280, 110, 342, 197, 266, 137, 103, 224, 26, 53, 101, 28, 133, 48, 105, 121, 72, 180, 52, 155, 74, 108, 126, 23, 109, 53, 97, 62, 151, 66, 73, 106, 55, 122, 21, 16, 20, 66, 42, 77, 0)
s = 111: (0, 84, 64, 53, 26, 35, 100, 277, 78, 129, 104, 211, 71, 180, 137, 78, 303, 228, 146, 19, 83, 121, 144, 26, 80, 203, 170, 68, 132, 142, 28, 75, 144, 184, 79, 93, 26, 229, 97, 178, 319, 128, 86, 204, 143, 46, 93, 109, 331, 104, 158, 292, 85, 196, 285, 150, 128, 159, 171, 15, 30, 84, 19, 214, 44, 153, 167, 126, 321, 86, 96, 55, 84, 137, 17, 55, 78, 87, 95, 177, 80, 67, 194, 88, 196, 24, 20, 38, 34, 62, 153, 0)
s = 112: (0, 88, 94, 34, 50, 49, 94, 189, 83, 170, 126, 121, 101, 212, 109, 75, 246, 209, 79, 21, 74, 83, 204, 25, 117, 213, 175, 64, 204, 78, 47, 44, 149, 255, 113, 104, 24, 203, 89, 164, 237, 195, 82, 122, 174, 54, 63, 94, 136, 84, 200, 173, 80, 312, 390, 199, 94, 177, 124, 18, 66, 98, 24, 144, 69, 169, 205, 74, 130, 86, 135, 71, 68, 93, 19, 108, 73, 90, 122, 141, 75, 102, 148, 76, 218, 24, 16, 28, 46, 46, 121, 0)
s = 113: (0, 73, 61, 56, 33, 91, 104, 168, 131, 160, 169, 149, 55, 184, 75, 95, 324, 128, 142, 22, 71, 88, 211, 20, 83, 150, 261, 62, 234, 88, 40, 55, 160, 184, 215, 88, 29, 267, 131, 195, 208, 182, 70, 188, 123, 71, 80, 55, 275, 49, 166, 118, 78, 142, 311, 171, 137, 164, 143, 14, 33, 145, 30, 183, 44, 127, 189, 109, 190, 96, 98, 59, 98, 91, 23, 64, 81, 75, 77, 203, 86, 56, 140, 53, 184, 26, 24, 24, 53, 33, 133, 0)
s = 114: (0, 80, 89, 45, 39, 53, 88, 135, 117, 99, 215, 182, 102, 161, 84, 74, 379, 194, 224, 22, 122, 118, 174, 26, 84, 229, 257, 44, 161, 74, 42, 86, 188, 195, 96, 88, 21, 164, 73, 169, 138, 157, 153, 134, 196, 56, 100, 64, 356, 123, 241, 154, 124, 184, 295, 252, 109, 104, 132, 14, 24, 82, 29, 283, 65, 167, 142, 86, 248, 40, 156, 45, 83, 101, 26, 62, 97, 75, 112, 170, 132, 79, 133, 57, 138, 22, 21, 22, 98, 56, 135, 0)
s = 115: (0, 105, 91, 53, 61, 44, 137, 137, 82, 140, 152, 177, 54, 164, 95, 62, 220, 164, 103, 24, 83, 113, 173, 25, 66, 172, 161, 42, 233, 130, 51, 105, 143, 349, 118, 87, 21, 222, 81, 123, 268, 117, 178, 198, 89, 59, 47, 73, 121, 118, 164, 242, 106, 179, 187, 272, 114, 90, 108, 15, 30, 88, 36, 216, 57, 121, 177, 88, 225, 60, 197, 102, 77, 69, 22, 117, 78, 57, 97, 165, 52, 94, 241, 36, 236, 27, 29, 24, 85, 43, 137, 0)
s = 116: (0, 66, 84, 43, 42, 36, 116, 163, 86, 108, 165, 168, 75, 123, 115, 113, 297, 163, 218, 22, 101, 58, 92, 17, 97, 340, 235, 58, 184, 95, 34, 73, 112, 202, 163, 159, 17, 297, 104, 109, 211, 146, 164, 217, 244, 54, 44, 71, 269, 80, 214, 326, 88, 231, 222, 312, 66, 158, 251, 11, 45, 112, 21, 116, 38, 182, 98, 83, 166, 41, 76, 88, 92, 126, 19, 123, 124, 46, 126, 167, 63, 72, 215, 65, 215, 14, 24, 22, 43, 54, 156, 0)
s = 117: (0, 166, 69, 54, 41, 71, 89, 112, 139, 132, 103, 190, 108, 211, 85, 42, 305, 232, 214, 20, 131, 62, 167, 21, 52, 291, 150, 39, 139, 82, 31, 61, 200, 328, 152, 68, 31, 134, 103, 208, 134, 76, 71, 193, 136, 59, 102, 90, 131, 77, 260, 140, 102, 251, 347, 267, 106, 198, 214, 13, 31, 103, 29, 160, 29, 119, 119, 66, 162, 60, 77, 46, 76, 136, 25, 59, 120, 100, 107, 107, 110, 85, 146, 33, 156, 33, 29, 14, 40, 42, 190, 0)
s = 118: (0, 105, 43, 59, 22, 58, 135, 106, 165, 81, 104, 228, 68, 232, 79, 81, 179, 204, 97, 20, 65, 72, 105, 21, 70, 143, 283, 104, 163, 84, 59, 65, 115, 278, 104, 113, 28, 408, 115, 117, 149, 99, 116, 194, 195, 73, 89, 82, 215, 51, 322, 135, 120, 238, 295, 201, 179, 107, 233, 31, 25, 93, 35, 182, 45, 100, 122, 77, 160, 56, 104, 65, 101, 79, 24, 128, 80, 50, 105, 124, 99, 63, 110, 51, 331, 24, 23, 24, 78, 43, 131, 0)
s = 119: (0, 79, 48, 80, 38, 70, 152, 178, 86, 170, 174, 214, 107, 132, 91, 66, 231, 202, 122, 24, 69, 62, 128, 18, 45, 223, 228, 64, 161, 98, 41, 115, 159, 216, 175, 68, 24, 221, 203, 192, 186, 156, 87, 110, 212, 66, 60, 69, 154, 89, 137, 208, 80, 230, 231, 342, 105, 129, 181, 17, 30, 162, 29, 141, 45, 194, 179, 75, 260, 75, 118, 43, 62, 135, 28, 88, 86, 120, 123, 162, 69, 84, 231, 79, 156, 25, 40, 18, 57, 56, 146, 0)
s = 120: (0, 130, 94, 78, 31, 60, 176, 287, 70, 77, 92, 186, 86, 90, 81, 49, 219, 342, 125, 24, 94, 88, 121, 31, 60, 193, 157, 94, 152, 143, 52, 139, 129, 188, 160, 122, 19, 151, 67, 96, 238, 209, 118, 139, 302, 53, 86, 58, 233, 56, 178, 145, 121, 229, 250, 360, 113, 119, 172, 27, 28, 112, 29, 143, 26, 188, 106, 82, 146, 41, 207, 70, 119, 101, 28, 89, 79, 104, 149, 165, 82, 124, 188, 75, 230, 16, 24, 19, 71, 62, 113, 0)
s = 121: (0, 72, 69, 31, 25, 86, 173, 170, 77, 99, 146, 310, 60, 183, 61, 93, 250, 120, 220, 16, 63, 57, 167, 15, 72, 296, 163, 55, 139, 93, 32, 100, 135, 278, 124, 121, 23, 191, 155, 131, 312, 205, 95, 219, 198, 100, 92, 61, 194, 59, 247, 182, 75, 272, 211, 196, 70, 80, 145, 29, 33, 82, 26, 160, 46, 161, 119, 89, 199, 58, 146, 95, 124, 153, 19, 73, 73, 81, 90, 115, 61, 87, 179, 66, 155, 23, 17, 12, 80, 65, 168, 0)
s = 122: (0, 107, 77, 84, 44, 33, 108, 192, 140, 107, 126, 175, 83, 175, 102, 84, 316, 271, 230, 19, 136, 62, 168, 34, 70, 316, 112, 112, 236, 130, 44, 84, 135, 139, 178, 93, 24, 221, 141, 149, 288, 168, 70, 124, 122, 61, 53, 93, 118, 94, 245, 154, 91, 201, 160, 326, 122, 138, 188, 21, 53, 125, 31, 175, 75, 82, 141, 135, 187, 38, 124, 56, 103, 125, 25, 81, 80, 55, 78, 146, 70, 67, 102, 60, 180, 25, 13, 32, 68, 43, 118, 0)
s = 123: (0, 113, 79, 41, 23, 70, 166, 147, 157, 196, 107, 217, 86, 194, 140, 80, 180, 150, 95, 17, 46, 46, 241, 13, 78, 239, 120, 67, 143, 82, 24, 66, 227, 377, 121, 127, 24, 279, 90, 146, 158, 126, 142, 121, 177, 68, 60, 79, 159, 71, 202, 275, 89, 203, 200, 404, 81, 140, 121, 16, 29, 113, 41, 226, 63, 127, 185, 75, 190, 76, 124, 43, 103, 187, 30, 99, 129, 54, 51, 136, 130, 70, 145, 48, 307, 21, 27, 23, 76, 36, 119, 0)
s = 124: (0, 78, 91, 58, 42, 67, 73, 155, 117, 90, 141, 183, 45, 148, 147, 59, 217, 151, 189, 18, 53, 56, 138, 20, 61, 266, 223, 47, 112, 110, 39, 56, 180, 123, 118, 96, 17, 357, 88, 141, 172, 124, 123, 191, 225, 82, 122, 74, 308, 48, 172, 183, 99, 446, 312, 152, 76, 130, 206, 20, 28, 87, 34, 218, 54, 146, 214, 150, 189, 70, 143, 88, 141, 88, 16, 68, 112, 69, 72, 86, 112, 51, 245, 45, 202, 19, 42, 17, 63, 58, 113, 0)
s = 125: (0, 133, 71, 33, 49, 104, 73, 105, 110, 150, 144, 155, 93, 179, 139, 82, 277, 387, 95, 30, 92, 68, 189, 15, 45, 237, 175, 57, 249, 65, 31, 99, 97, 273, 206, 147, 23, 287, 122, 94, 196, 144, 170, 144, 157, 56, 59, 123, 154, 61, 301, 147, 116, 244, 226, 158, 122, 122, 144, 14, 31, 110, 26, 122, 67, 98, 166, 144, 222, 95, 140, 59, 139, 96, 26, 76, 90, 70, 76, 126, 96, 84, 160, 99, 242, 11, 28, 20, 63, 26, 60, 0)
s = 126: (0, 60, 35, 49, 47, 74, 120, 219, 86, 228, 217, 158, 77, 157, 153, 70, 207, 271, 145, 26, 67, 115, 134, 19, 59, 227, 181, 49, 213, 152, 50, 66, 123, 158, 175, 109, 22, 236, 62, 133, 216, 126, 70, 187, 162, 47, 74, 81, 193, 83, 312, 122, 116, 314, 312, 253, 180, 113, 207, 34, 30, 74, 28, 110, 31, 218, 136, 93, 172, 60, 88, 53, 138, 122, 23, 152, 97, 83, 114, 175, 74, 106, 117, 71, 214, 14, 20, 16, 117, 69, 118, 0)
s = 127: (0, 67, 80, 34, 45, 56, 79, 111, 87, 232, 146, 286, 53, 202, 128, 112, 136, 169, 120, 19, 96, 56, 145, 14, 76, 201, 272, 81, 199, 121, 39, 60, 121, 282, 143, 140, 21, 263, 103, 70, 244, 84, 107, 137, 173, 76, 101, 64, 339, 108, 117, 125, 111, 150, 174, 317, 109, 173, 209, 11, 35, 104, 44, 185, 41, 143, 105, 123, 252, 68, 128, 60, 114, 69, 14, 96, 79, 116, 86, 147, 89, 115, 110, 83, 218, 20, 43, 17, 83, 38, 139, 0)
s = 128: (0, 77, 102, 42, 46, 74, 129, 183, 76, 87, 115, 151, 64, 94, 135, 51, 197, 235, 134, 21, 123, 64, 126, 17, 86, 255, 290, 72, 294, 114, 46, 41, 121, 324, 103, 62, 27, 267, 109, 184, 180, 194, 121, 183, 141, 94, 81, 82, 357, 105, 200, 194, 101, 205, 248, 216, 174, 177, 184, 13, 42, 127, 24, 138, 64, 80, 208, 89, 200, 47, 83, 45, 96, 103, 19, 90, 66, 62, 141, 115, 92, 97, 127, 37, 264, 21, 23, 15, 57, 44, 65, 0)
s = 129: (0, 80, 50, 58, 55, 65, 77, 163, 147, 104, 74, 115, 63, 153, 156, 102, 308, 204, 204, 19, 50, 71, 195, 32, 73, 239, 145, 66, 195, 114, 29, 60, 136, 163, 90, 135, 25, 154, 133, 184, 122, 178, 116, 230, 175, 68, 46, 86, 134, 77, 271, 196, 68, 242, 383, 359, 124, 110, 117, 14, 50, 82, 20, 178, 38, 101, 112, 84, 205, 109, 86, 52, 76, 96, 12, 83, 97, 95, 54, 88, 149, 128, 283, 81, 167, 21, 23, 26, 36, 57, 147, 0)
s = 130: (0, 121, 83, 42, 63, 43, 141, 109, 160, 135, 175, 203, 65, 189, 107, 93, 385, 217, 107, 21, 110, 133, 94, 17, 85, 226, 129, 56, 147, 99, 32, 85, 173, 294, 127, 73, 31, 300, 157, 91, 263, 113, 135, 122, 243, 40, 63, 57, 181, 66, 190, 168, 65, 312, 188, 187, 103, 109, 217, 15, 50, 69, 22, 137, 46, 178, 157, 160, 257, 50, 140, 62, 82, 94, 14, 101, 76, 83, 119, 187, 85, 79, 175, 37, 179, 17, 26, 39, 67, 40, 97, 0)
s = 131: (0, 117, 88, 49, 20, 72, 140, 194, 157, 149, 137, 106, 52, 133, 89, 67, 270, 115, 195, 19, 77, 89, 128, 18, 62, 287, 124, 88, 125, 119, 41, 59, 96, 114, 158, 122, 17, 340, 75, 167, 166, 78, 66, 258, 188, 58, 61, 60, 178, 66, 226, 164, 71, 306, 171, 243, 145, 94, 195, 18, 39, 65, 38, 125, 54, 172, 152, 63, 157, 58, 181, 61, 116, 113, 30, 83, 75, 66, 74, 143, 110, 75, 114, 57, 156, 30, 36, 12, 56, 48, 142, 0)
s = 132: (0, 132, 48, 45, 67, 41, 87, 191, 131, 80, 111, 143, 45, 171, 70, 76, 147, 169, 91, 12, 110, 138, 257, 25, 78, 240, 150, 61, 248, 98, 41, 81, 146, 116, 228, 142, 29, 245, 96, 92, 216, 195, 90, 174, 153, 103, 43, 68, 201, 64, 150, 135, 126, 249, 161, 262, 125, 111, 123, 16, 31, 117, 16, 254, 34, 130, 116, 93, 121, 40, 253, 72, 59, 135, 25, 87, 86, 72, 85, 114, 72, 55, 162, 36, 255, 30, 31, 29, 57, 62, 177, 0)
s = 133: (0, 82, 70, 57, 22, 33, 75, 115, 62, 109, 199, 183, 77, 131, 130, 88, 195, 308, 113, 18, 104, 103, 257, 15, 63, 196, 169, 101, 148, 80, 30, 84, 114, 353, 120, 108, 23, 183, 92, 92, 201, 101, 140, 192, 239, 92, 82, 73, 177, 57, 141, 241, 170, 333, 191, 214, 109, 103, 141, 21, 28, 79, 26, 283, 55, 109, 142, 77, 229, 113, 107, 38, 95, 68, 24, 122, 79, 50, 63, 114, 165, 81, 146, 44, 218, 29, 26, 24, 98, 74, 63, 0)
s = 134: (0, 106, 57, 48, 31, 74, 127, 137, 141, 202, 136, 270, 62, 137, 106, 85, 252, 171, 154, 17, 114, 75, 238, 20, 73, 180, 174, 54, 273, 70, 35, 72, 115, 275, 145, 69, 15, 240, 84, 91, 145, 131, 123, 146, 186, 44, 43, 106, 115, 156, 221, 163, 167, 180, 373, 310, 128, 131, 183, 19, 43, 158, 35, 245, 53, 89, 119, 79, 246, 47, 114, 57, 96, 80, 22, 143, 100, 111, 64, 123, 84, 68, 203, 81, 220, 25, 13, 18, 70, 57, 81, 0)
s = 135: (0, 183, 75, 57, 36, 38, 135, 150, 97, 104, 109, 201, 87, 138, 97, 99, 189, 114, 145, 17, 84, 79, 203, 19, 97, 220, 159, 64, 246, 60, 44, 59, 187, 295, 80, 109, 17, 169, 172, 132, 207, 142, 166, 231, 103, 48, 59, 55, 262, 60, 209, 163, 73, 275, 244, 391, 86, 165, 114, 22, 60, 115, 33, 197, 46, 164, 154, 112, 132, 107, 162, 118, 55, 86, 28, 137, 79, 80, 49, 115, 141, 91, 124, 49, 262, 20, 40, 21, 80, 67, 96, 0)
s = 136: (0, 97, 97, 45, 22, 57, 186, 228, 71, 118, 136, 143, 57, 103, 75, 75, 216, 152, 139, 15, 93, 73, 158, 30, 62, 241, 139, 64, 128, 105, 41, 104, 137, 264, 113, 105, 16, 222, 210, 147, 146, 103, 99, 297, 171, 61, 82, 64, 196, 92, 156, 127, 77, 198, 207, 217, 89, 141, 264, 28, 49, 91, 35, 255, 48, 169, 275, 123, 149, 42, 126, 93, 114, 112, 21, 61, 87, 57, 136, 191, 110, 87, 135, 113, 326, 20, 29, 30, 52, 78, 86, 0)
s = 137: (0, 112, 60, 48, 45, 55, 147, 220, 121, 158, 178, 146, 66, 119, 106, 45, 264, 185, 80, 27, 78, 73, 141, 27, 92, 287, 210, 65, 178, 103, 36, 73, 155, 253, 115, 138, 16, 202, 116, 142, 253, 133, 113, 309, 144, 64, 76, 65, 259, 72, 342, 174, 101, 344, 180, 193, 90, 147, 114, 20, 23, 86, 32, 140, 35, 199, 120, 77, 205, 91, 183, 107, 62, 124, 37, 157, 61, 117, 96, 126, 72, 101, 242, 81, 139, 14, 20, 35, 55, 46, 110, 0)
s = 138: (0, 104, 69, 32, 41, 44, 126, 106, 146, 71, 136, 224, 55, 155, 122, 61, 333, 152, 125, 26, 55, 108, 159, 20, 65, 149, 156, 48, 128, 88, 34, 93, 94, 154, 152, 143, 18, 147, 142, 108, 295, 75, 108, 271, 207, 49, 70, 86, 171, 63, 204, 222, 70, 242, 293, 207, 103, 154, 234, 24, 24, 133, 41, 236, 49, 107, 158, 127, 155, 39, 112, 53, 152, 63, 30, 121, 119, 62, 144, 152, 82, 83, 149, 52, 353, 18, 19, 14, 77, 32, 108, 0)
s = 139: (0, 84, 36, 53, 30, 35, 141, 249, 82, 169, 201, 107, 44, 94, 107, 52, 293, 332, 136, 32, 113, 80, 220, 27, 53, 281, 153, 57, 222, 140, 35, 43, 114, 193, 180, 117, 22, 351, 117, 199, 259, 124, 69, 235, 296, 60, 81, 53, 199, 71, 311, 133, 98, 223, 184, 231, 87, 91, 101, 14, 25, 113, 51, 150, 34, 86, 190, 83, 207, 78, 113, 48, 110, 144, 15, 54, 59, 66, 94, 127, 70, 120, 231, 49, 121, 21, 18, 25, 49, 41, 156, 0)
s = 140: (0, 77, 53, 42, 41, 60, 102, 189, 144, 124, 132, 243, 75, 188, 112, 72, 388, 210, 188, 19, 63, 73, 209, 20, 58, 167, 188, 64, 130, 126, 34, 81, 157, 233, 110, 90, 26, 313, 133, 138, 211, 203, 90, 105, 292, 45, 52, 102, 169, 79, 156, 198, 101, 271, 206, 194, 144, 186, 145, 26, 45, 125, 41, 144, 48, 113, 94, 147, 223, 53, 104, 50, 115, 82, 22, 128, 89, 91, 149, 213, 91, 67, 254, 45, 233, 26, 20, 17, 44, 32, 91, 0)
s = 141: (0, 150, 51, 48, 60, 69, 210, 164, 146, 126, 116, 155, 47, 142, 96, 71, 317, 151, 110, 25, 136, 97, 209, 21, 75, 198, 279, 40, 260, 93, 26, 66, 122, 350, 130, 59, 21, 213, 133, 90, 294, 204, 105, 237, 190, 73, 102, 73, 158, 65, 149, 155, 125, 449, 312, 380, 67, 81, 175, 26, 47, 81, 28, 193, 58, 200, 158, 74, 215, 85, 136, 72, 135, 86, 18, 101, 93, 84, 118, 163, 126, 67, 153, 58, 163, 15, 27, 21, 85, 62, 108, 0)
s = 142: (0, 92, 84, 38, 30, 69, 122, 118, 136, 181, 89, 199, 48, 195, 70, 52, 171, 191, 122, 28, 118, 83, 135, 15, 76, 134, 141, 64, 211, 94, 26, 94, 186, 280, 182, 138, 35, 188, 144, 132, 171, 215, 87, 121, 247, 76, 62, 103, 269, 87, 135, 172, 116, 286, 304, 238, 96, 83, 194, 25, 38, 106, 28, 194, 34, 153, 122, 119, 182, 46, 102, 58, 108, 175, 18, 67, 76, 66, 74, 201, 60, 66, 180, 80, 157, 23, 26, 14, 91, 73, 111, 0)
s = 143: (0, 130, 40, 61, 43, 47, 112, 194, 181, 142, 86, 179, 64, 154, 108, 60, 277, 228, 174, 20, 111, 70, 152, 28, 114, 190, 232, 70, 123, 96, 42, 44, 127, 287, 137, 139, 20, 272, 70, 126, 271, 171, 133, 228, 174, 45, 74, 107, 267, 97, 238, 175, 105, 161, 192, 277, 132, 151, 205, 19, 45, 94, 36, 132, 45, 118, 159, 113, 117, 79, 178, 59, 65, 107, 24, 50, 74, 100, 125, 89, 159, 89, 123, 40, 236, 19, 19, 23, 92, 39, 101, 0)
s = 144: (0, 106, 60, 94, 32, 86, 105, 207, 105, 72, 101, 271, 68, 104, 99, 70, 158, 214, 96, 29, 108, 89, 298, 36, 78, 173, 201, 48, 241, 111, 30, 74, 157, 235, 168, 167, 25, 226, 106, 177, 262, 128, 63, 219, 114, 44, 123, 61, 142, 101, 217, 129, 97, 271, 201, 230, 100, 100, 224, 14, 39, 150, 32, 177, 64, 124, 212, 176, 230, 74, 202, 100, 73, 155, 25, 77, 83, 74, 83, 205, 53, 70, 277, 111, 201, 22, 19, 20, 77, 52, 99, 0)
s = 145: (0, 71, 55, 68, 44, 47, 90, 111, 96, 79, 151, 149, 75, 138, 85, 68, 290, 342, 92, 26, 48, 91, 178, 29, 72, 290, 142, 85, 238, 115, 44, 86, 177, 176, 148, 96, 27, 252, 118, 173, 195, 82, 142, 173, 124, 46, 77, 92, 246, 114, 150, 234, 80, 182, 252, 322, 74, 122, 115, 28, 40, 71, 33, 176, 29, 139, 92, 79, 188, 78, 149, 70, 121, 98, 21, 83, 61, 85, 58, 101, 99, 78, 223, 53, 166, 12, 24, 28, 74, 70, 80, 0)
s = 146: (0, 129, 71, 88, 35, 66, 79, 189, 95, 122, 101, 127, 63, 122, 93, 56, 390, 225, 117, 29, 74, 59, 139, 32, 113, 414, 175, 94, 138, 65, 36, 48, 234, 110, 141, 71, 23, 234, 81, 120, 187, 99, 132, 174, 195, 71, 69, 65, 109, 103, 183, 204, 135, 226, 216, 255, 105, 81, 149, 23, 44, 102, 26, 239, 60, 81, 277, 87, 144, 65, 198, 91, 86, 105, 28, 121, 51, 74, 102, 194, 98, 96, 266, 75, 222, 20, 29, 22, 41, 64, 124, 0)
s = 147: (0, 129, 73, 49, 57, 41, 127, 91, 98, 207, 107, 182, 71, 103, 126, 108, 313, 162, 150, 32, 162, 56, 145, 19, 65, 290, 105, 88, 191, 86, 45, 104, 108, 191, 104, 138, 22, 369, 103, 142, 317, 193, 115, 106, 169, 68, 81, 107, 165, 67, 279, 235, 86, 177, 381, 212, 104, 152, 212, 24, 52, 111, 25, 127, 44, 160, 187, 80, 339, 46, 163, 78, 125, 173, 31, 100, 71, 83, 95, 147, 119, 83, 222, 77, 278, 20, 17, 17, 64, 64, 80, 0)
s = 148: (0, 176, 56, 64, 49, 62, 89, 206, 97, 84, 211, 182, 54, 114, 100, 106, 328, 291, 96, 20, 88, 59, 226, 19, 51, 309, 193, 105, 118, 122, 31, 52, 123, 191, 184, 63, 34, 303, 116, 140, 218, 109, 82, 166, 190, 70, 70, 63, 158, 96, 284, 230, 101, 177, 145, 291, 100, 92, 232, 22, 25, 89, 32, 228, 61, 137, 126, 103, 129, 65, 156, 76, 89, 109, 29, 163, 79, 47, 90, 141, 101, 93, 160, 49, 180, 16, 23, 24, 65, 41, 86, 0)
s = 149: (0, 68, 48, 59, 28, 42, 130, 117, 147, 117, 158, 249, 51, 162, 131, 83, 226, 204, 102, 29, 74, 71, 311, 20, 48, 199, 259, 36, 137, 79, 37, 44, 117, 203, 146, 100, 13, 249, 165, 132, 288, 140, 108, 225, 126, 51, 58, 79, 145, 92, 302, 255, 121, 324, 186, 220, 97, 205, 179, 24, 36, 60, 31, 125, 69, 93, 194, 99, 171, 61, 132, 98, 109, 145, 13, 53, 86, 73, 90, 202, 99, 70, 233, 63, 132, 33, 34, 25, 58, 50, 105, 0)
s = 150: (0, 91, 49, 54, 69, 81, 120, 266, 168, 189, 134, 228, 64, 138, 85, 87, 205, 188, 141, 14, 111, 57, 158, 23, 53, 272, 101, 41, 179, 96, 33, 48, 103, 270, 137, 78, 19, 285, 93, 95, 209, 166, 84, 152, 252, 39, 48, 64, 297, 90, 203, 247, 77, 248, 183, 214, 116, 153, 235, 15, 22, 118, 28, 160, 50, 82, 130, 73, 184, 48, 96, 83, 135, 117, 15, 130, 67, 84, 119, 225, 96, 127, 163, 65, 175, 19, 25, 35, 77, 39, 66, 0)
s = 151: (0, 67, 58, 43, 45, 63, 155, 245, 122, 187, 140, 191, 58, 183, 103, 40, 211, 156, 178, 31, 79, 52, 178, 21, 57, 182, 124, 75, 215, 86, 33, 72, 119, 184, 190, 122, 12, 280, 120, 121, 196, 147, 115, 289, 205, 99, 94, 92, 159, 66, 169, 328, 67, 200, 208, 277, 141, 156, 198, 17, 35, 57, 25, 208, 66, 148, 133, 85, 306, 53, 114, 48, 101, 124, 36, 102, 86, 65, 70, 172, 63, 78, 155, 52, 214, 16, 30, 16, 68, 34, 78, 0)
s = 152: (0, 139, 73, 47, 32, 81, 101, 181, 117, 106, 83, 137, 73, 78, 64, 75, 345, 283, 95, 22, 91, 94, 169, 29, 64, 300, 171, 79, 231, 63, 46, 45, 134, 130, 74, 113, 25, 257, 87, 124, 120, 162, 124, 105, 170, 42, 54, 89, 168, 92, 203, 244, 54, 226, 238, 168, 113, 129, 169, 19, 38, 111, 46, 172, 48, 84, 141, 92, 277, 69, 121, 56, 100, 111, 21, 101, 101, 130, 62, 121, 87, 103, 194, 60, 313, 30, 30, 19, 76, 33, 93, 0)
s = 153: (0, 128, 53, 94, 33, 57, 67, 153, 116, 138, 105, 135, 101, 238, 127, 49, 308, 238, 144, 19, 89, 85, 167, 22, 52, 181, 165, 88, 167, 87, 41, 80, 156, 260, 121, 103, 29, 157, 86, 148, 321, 114, 126, 124, 149, 45, 70, 101, 112, 64, 199, 183, 71, 388, 350, 236, 124, 174, 194, 30, 28, 68, 19, 282, 66, 112, 192, 73, 131, 51, 223, 69, 102, 152, 17, 97, 95, 91, 59, 171, 89, 62, 189, 59, 127, 28, 27, 15, 90, 37, 92, 0)
s = 154: (0, 88, 63, 52, 36, 55, 73, 188, 82, 143, 191, 265, 45, 96, 97, 105, 221, 183, 130, 16, 73, 60, 201, 27, 45, 222, 298, 59, 232, 94, 29, 42, 148, 254, 159, 103, 22, 224, 186, 132, 289, 195, 96, 135, 216, 81, 58, 117, 147, 76, 287, 239, 83, 205, 200, 277, 124, 203, 236, 24, 53, 109, 30, 136, 33, 163, 183, 93, 320, 66, 136, 81, 138, 132, 17, 93, 80, 82, 80, 161, 96, 121, 134, 87, 219, 11, 23, 20, 76, 46, 98, 0)
s = 155: (0, 133, 54, 43, 21, 43, 125, 112, 87, 73, 85, 337, 73, 133, 62, 47, 237, 128, 171, 19, 65, 91, 335, 25, 73, 232, 200, 59, 114, 112, 23, 100, 105, 316, 102, 109, 13, 194, 111, 162, 129, 134, 75, 291, 140, 33, 93, 91, 202, 83, 252, 299, 59, 200, 198, 205, 110, 171, 114, 14, 29, 110, 21, 231, 32, 119, 101, 64, 193, 53, 89, 103, 107, 108, 18, 66, 52, 62, 87, 206, 66, 96, 169, 38, 180, 28, 29, 16, 44, 27, 130, 0)
s = 156: (0, 122, 41, 54, 65, 40, 103, 165, 132, 136, 110, 152, 51, 183, 97, 67, 253, 296, 106, 16, 73, 82, 151, 18, 42, 187, 346, 127, 194, 90, 45, 77, 181, 200, 78, 112, 22, 235, 91, 138, 157, 161, 116, 118, 161, 53, 57, 81, 257, 49, 164, 147, 64, 293, 335, 305, 85, 144, 179, 20, 51, 117, 18, 132, 41, 177, 101, 71, 173, 84, 168, 37, 78, 82, 20, 112, 114, 92, 75, 176, 104, 113, 131, 44, 167, 19, 14, 21, 47, 58, 130, 0)
s = 157: (0, 86, 59, 46, 45, 63, 123, 141, 166, 125, 105, 245, 92, 160, 151, 42, 251, 167, 212, 20, 109, 55, 175, 30, 61, 286, 171, 42, 316, 81, 33, 44, 154, 257, 99, 98, 22, 287, 96, 86, 162, 133, 101, 226, 189, 63, 97, 95, 194, 77, 199, 158, 104, 308, 257, 333, 120, 141, 261, 17, 28, 83, 42, 102, 39, 144, 120, 87, 210, 43, 160, 39, 62, 187, 20, 65, 99, 61, 70, 189, 72, 91, 206, 60, 362, 17, 22, 19, 80, 63, 112, 0)
s = 158: (0, 86, 42, 54, 28, 52, 175, 175, 97, 198, 167, 176, 67, 162, 110, 70, 243, 246, 142, 19, 78, 50, 170, 25, 47, 317, 223, 44, 185, 55, 29, 108, 95, 153, 198, 127, 21, 278, 86, 79, 155, 106, 197, 189, 114, 47, 41, 73, 147, 109, 215, 135, 120, 157, 158, 237, 130, 79, 186, 15, 27, 136, 34, 191, 33, 112, 112, 105, 174, 38, 137, 43, 70, 102, 22, 117, 86, 78, 72, 213, 73, 68, 126, 45, 176, 18, 15, 26, 56, 57, 113, 0)
s = 159: (0, 120, 81, 55, 29, 51, 81, 93, 83, 122, 105, 137, 56, 115, 146, 67, 313, 317, 153, 30, 103, 131, 166, 20, 100, 202, 243, 44, 109, 170, 38, 99, 114, 272, 121, 117, 14, 234, 108, 93, 174, 141, 119, 171, 163, 44, 86, 71, 163, 60, 227, 292, 74, 270, 151, 190, 133, 157, 290, 12, 37, 86, 31, 190, 32, 147, 180, 61, 223, 52, 130, 50, 57, 117, 14, 85, 83, 121, 79, 111, 72, 123, 178, 58, 136, 16, 21, 15, 70, 30, 111, 0)
s = 160: (0, 97, 62, 49, 70, 47, 133, 128, 77, 188, 104, 274, 68, 108, 77, 79, 201, 126, 149, 19, 65, 88, 183, 19, 100, 145, 286, 56, 214, 100, 32, 105, 134, 337, 187, 124, 29, 348, 94, 168, 198, 158, 140, 142, 213, 66, 77, 113, 212, 103, 187, 121, 104, 319, 152, 325, 109, 178, 130, 31, 28, 74, 29, 185, 54, 104, 140, 83, 198, 45, 137, 50, 140, 103, 20, 154, 102, 80, 81, 119, 92, 73, 149, 64, 287, 38, 18, 28, 61, 47, 88, 0)
s = 161: (0, 76, 67, 82, 47, 80, 134, 171, 167, 192, 198, 261, 64, 130, 60, 51, 320, 243, 75, 21, 77, 45, 214, 17, 74, 283, 306, 44, 161, 136, 35, 103, 204, 236, 99, 132, 23, 167, 107, 124, 303, 77, 77, 191, 209, 63, 70, 133, 221, 108, 224, 170, 92, 189, 344, 233, 111, 157, 181, 21, 25, 99, 30, 226, 50, 136, 94, 116, 344, 61, 86, 45, 131, 144, 29, 64, 128, 108, 63, 121, 137, 129, 147, 59, 249, 22, 21, 14, 62, 25, 132, 0)
s = 162: (0, 118, 71, 42, 29, 60, 94, 263, 123, 136, 179, 133, 72, 207, 123, 70, 274, 294, 106, 30, 58, 79, 159, 20, 53, 208, 147, 49, 156, 150, 34, 119, 204, 172, 158, 163, 24, 303, 151, 124, 203, 114, 138, 129, 173, 62, 83, 60, 231, 127, 326, 220, 117, 351, 225, 252, 102, 174, 162, 23, 22, 168, 22, 130, 31, 77, 181, 128, 203, 52, 143, 40, 89, 137, 15, 117, 131, 62, 136, 134, 71, 162, 319, 38, 201, 26, 19, 22, 38, 46, 83, 0)
s = 163: (0, 118, 66, 63, 57, 52, 110, 233, 112, 161, 168, 290, 104, 95, 171, 113, 199, 122, 138, 27, 95, 62, 192, 18, 56, 135, 181, 57, 128, 59, 28, 79, 93, 157, 125, 127, 15, 242, 95, 132, 376, 185, 107, 228, 134, 54, 57, 60, 277, 60, 217, 131, 94, 160, 189, 255, 118, 181, 192, 13, 56, 103, 28, 103, 50, 111, 176, 90, 187, 71, 85, 68, 103, 68, 16, 127, 107, 85, 105, 119, 114, 65, 129, 39, 215, 25, 27, 21, 75, 37, 123, 0)
s = 164: (0, 126, 118, 35, 31, 59, 115, 136, 143, 137, 134, 157, 53, 194, 141, 81, 214, 151, 128, 22, 122, 126, 115, 21, 74, 300, 167, 68, 214, 65, 41, 62, 115, 214, 72, 104, 28, 209, 111, 101, 210, 148, 88, 223, 130, 43, 117, 80, 223, 91, 313, 266, 75, 229, 163, 215, 127, 84, 245, 13, 48, 89, 18, 251, 35, 203, 145, 106, 264, 47, 82, 69, 89, 92, 20, 84, 102, 77, 66, 189, 55, 63, 119, 79, 339, 16, 22, 13, 85, 50, 77, 0)
s = 165: (0, 85, 112, 32, 46, 52, 106, 138, 128, 86, 103, 188, 62, 90, 110, 119, 269, 213, 117, 15, 50, 140, 167, 19, 55, 174, 199, 101, 273, 68, 35, 73, 114, 213, 135, 167, 27, 240, 74, 84, 132, 140, 73, 157, 338, 73, 47, 74, 156, 69, 248, 205, 71, 214, 175, 156, 173, 200, 188, 12, 25, 88, 37, 237, 45, 224, 188, 71, 116, 92, 112, 72, 134, 90, 21, 79, 73, 65, 146, 112, 99, 106, 172, 89, 140, 31, 17, 14, 56, 48, 92, 0)
s = 166: (0, 115, 62, 61, 34, 62, 154, 162, 141, 138, 183, 242, 84, 136, 126, 43, 180, 282, 147, 23, 77, 121, 235, 17, 58, 190, 213, 75, 133, 96, 21, 68, 109, 183, 119, 83, 23, 199, 121, 118, 196, 149, 80, 183, 182, 95, 85, 98, 232, 76, 204, 151, 73, 200, 200, 257, 112, 145, 148, 25, 48, 80, 21, 123, 47, 98, 212, 185, 163, 67, 183, 90, 56, 156, 26, 76, 95, 94, 68, 153, 55, 65, 160, 50, 156, 29, 18, 16, 53, 47, 89, 0)
s = 167: (0, 101, 60, 94, 34, 52, 78, 118, 76, 176, 115, 158, 106, 175, 99, 41, 288, 322, 123, 26, 83, 82, 181, 31, 40, 245, 219, 92, 143, 94, 39, 74, 181, 406, 166, 111, 15, 238, 120, 123, 227, 79, 88, 332, 197, 69, 61, 63, 164, 111, 255, 204, 72, 330, 263, 194, 116, 147, 148, 13, 23, 124, 33, 215, 40, 81, 178, 194, 199, 61, 188, 40, 82, 140, 29, 77, 71, 117, 121, 148, 115, 70, 136, 68, 209, 22, 17, 21, 56, 46, 152, 0)
s = 168: (0, 82, 58, 33, 44, 68, 70, 144, 127, 134, 198, 192, 43, 112, 82, 92, 321, 174, 158, 24, 46, 93, 194, 39, 76, 221, 150, 46, 235, 62, 35, 46, 125, 274, 144, 91, 20, 228, 133, 96, 332, 150, 160, 200, 193, 45, 65, 49, 180, 94, 237, 134, 104, 204, 242, 298, 92, 170, 233, 26, 36, 74, 17, 185, 57, 103, 156, 125, 154, 56, 141, 43, 99, 77, 25, 80, 139, 115, 92, 102, 58, 86, 188, 56, 261, 24, 37, 31, 37, 61, 168, 0)
s = 169: (0, 96, 85, 85, 25, 35, 126, 91, 143, 90, 167, 226, 64, 189, 94, 68, 244, 158, 90, 13, 59, 68, 126, 36, 107, 266, 125, 69, 128, 155, 24, 77, 96, 240, 94, 107, 22, 239, 92, 160, 300, 105, 129, 273, 125, 84, 56, 105, 127, 54, 220, 266, 98, 334, 333, 375, 104, 164, 187, 19, 22, 183, 36, 191, 39, 153, 106, 103, 130, 65, 111, 49, 105, 137, 19, 67, 76, 72, 105, 144, 134, 86, 225, 84, 131, 18, 36, 18, 88, 76, 130, 0)
s = 170: (0, 70, 43, 49, 31, 60, 75, 141, 176, 118, 80, 315, 44, 196, 69, 81, 208, 238, 154, 30, 74, 53, 118, 39, 74, 255, 139, 66, 157, 60, 33, 43, 163, 160, 163, 165, 35, 250, 190, 154, 286, 86, 66, 121, 156, 41, 90, 51, 119, 99, 121, 162, 70, 192, 229, 278, 86, 131, 258, 12, 33, 115, 33, 175, 66, 150, 179, 150, 257, 79, 197, 85, 93, 88, 18, 67, 100, 70, 70, 94, 89, 75, 161, 80, 255, 22, 28, 19, 82, 36, 133, 0)
s = 171: (0, 95, 61, 34, 53, 74, 97, 148, 71, 108, 155, 180, 72, 171, 81, 47, 276, 150, 148, 19, 97, 74, 137, 20, 80, 219, 144, 109, 143, 109, 34, 73, 145, 326, 197, 108, 25, 295, 98, 165, 147, 139, 112, 262, 123, 45, 57, 80, 239, 68, 199, 312, 94, 148, 294, 328, 110, 103, 145, 14, 64, 97, 21, 120, 53, 195, 116, 75, 137, 53, 145, 73, 61, 136, 18, 94, 52, 128, 70, 136, 95, 91, 184, 46, 165, 29, 38, 18, 51, 38, 87, 0)
s = 172: (0, 123, 66, 53, 37, 40, 60, 308, 65, 133, 148, 143, 78, 140, 78, 71, 280, 205, 199, 36, 111, 68, 113, 22, 68, 316, 153, 101, 307, 130, 26, 55, 164, 180, 160, 96, 18, 219, 114, 102, 219, 129, 173, 242, 150, 70, 64, 96, 162, 92, 159, 223, 137, 324, 248, 374, 155, 99, 162, 29, 37, 108, 43, 112, 44, 110, 102, 112, 300, 59, 227, 96, 128, 96, 16, 84, 75, 143, 86, 93, 163, 71, 210, 49, 213, 20, 29, 18, 71, 31, 114, 0)
s = 173: (0, 139, 41, 63, 35, 53, 131, 105, 158, 87, 106, 252, 94, 110, 87, 70, 231, 209, 99, 25, 122, 112, 218, 15, 51, 189, 273, 66, 263, 94, 40, 67, 148, 214, 127, 66, 25, 164, 153, 93, 245, 93, 91, 152, 170, 54, 83, 73, 160, 54, 212, 217, 75, 204, 200, 210, 120, 140, 208, 17, 53, 89, 29, 215, 37, 159, 231, 114, 150, 38, 123, 81, 74, 78, 17, 116, 66, 66, 70, 131, 88, 118, 206, 68, 240, 13, 31, 18, 89, 33, 94, 0)
s = 174: (0, 108, 77, 63, 62, 56, 166, 194, 97, 90, 112, 286, 70, 167, 110, 81, 439, 172, 97, 25, 83, 81, 161, 17, 61, 197, 226, 102, 157, 174, 33, 48, 138, 200, 198, 193, 28, 348, 67, 135, 176, 196, 130, 146, 131, 60, 85, 59, 256, 133, 148, 183, 142, 342, 471, 317, 68, 114, 133, 29, 27, 78, 24, 122, 43, 110, 209, 79, 219, 52, 175, 59, 143, 59, 28, 70, 79, 115, 72, 129, 53, 100, 179, 76, 172, 17, 34, 22, 62, 52, 140, 0)
s = 175: (0, 128, 65, 61, 38, 49, 117, 179, 73, 142, 165, 214, 47, 167, 75, 81, 233, 266, 217, 28, 97, 105, 190, 16, 80, 304, 153, 58, 161, 119, 35, 105, 139, 175, 188, 140, 38, 257, 143, 136, 134, 190, 138, 127, 155, 51, 68, 109, 106, 81, 252, 218, 77, 179, 227, 235, 107, 129, 249, 16, 27, 110, 30, 168, 43, 138, 102, 121, 237, 57, 80, 123, 72, 105, 23, 83, 122, 81, 58, 149, 79, 86, 244, 41, 144, 25, 17, 22, 66, 42, 118, 0)
s = 176: (0, 107, 57, 58, 52, 53, 99, 139, 105, 160, 148, 190, 46, 106, 106, 66, 165, 176, 117, 21, 100, 47, 229, 20, 110, 150, 171, 53, 102, 146, 25, 68, 135, 245, 121, 152, 24, 186, 115, 75, 162, 176, 74, 105, 124, 51, 96, 56, 133, 58, 199, 174, 74, 280, 187, 209, 133, 147, 162, 16, 25, 156, 25, 156, 34, 87, 224, 174, 329, 83, 146, 45, 152, 136, 16, 93, 52, 127, 49, 154, 83, 94, 216, 57, 112, 18, 28, 18, 60, 54, 172, 0)
s = 177: (0, 117, 71, 60, 54, 34, 136, 126, 93, 97, 183, 198, 48, 167, 118, 59, 135, 257, 153, 31, 68, 80, 280, 23, 42, 130, 153, 75, 171, 142, 28, 65, 103, 331, 109, 67, 33, 282, 69, 121, 143, 174, 112, 170, 186, 35, 106, 81, 183, 83, 285, 216, 71, 302, 241, 332, 112, 135, 145, 14, 44, 71, 36, 125, 33, 156, 257, 70, 277, 94, 122, 46, 95, 87, 15, 93, 61, 88, 57, 75, 77, 102, 297, 42, 205, 20, 26, 15, 57, 32, 68, 0)
s = 178: (0, 121, 86, 56, 39, 59, 98, 169, 149, 105, 128, 246, 53, 165, 111, 65, 386, 200, 153, 29, 57, 57, 209, 26, 94, 184, 118, 57, 325, 118, 44, 64, 184, 148, 152, 123, 21, 272, 112, 79, 208, 223, 170, 109, 228, 53, 66, 44, 173, 145, 252, 266, 99, 170, 403, 314, 137, 160, 139, 28, 30, 84, 23, 145, 68, 113, 150, 108, 376, 77, 120, 74, 135, 111, 21, 81, 91, 84, 118, 209, 143, 96, 229, 71, 245, 19, 19, 29, 75, 35, 92, 0)
s = 179: (0, 128, 64, 40, 22, 53, 106, 113, 70, 174, 122, 165, 81, 129, 127, 70, 304, 157, 154, 17, 121, 51, 213, 23, 74, 212, 177, 36, 194, 118, 48, 104, 166, 126, 207, 114, 16, 169, 146, 148, 153, 136, 155, 145, 312, 60, 66, 120, 169, 85, 188, 191, 75, 226, 154, 219, 95, 108, 138, 32, 42, 101, 21, 298, 31, 151, 208, 125, 152, 75, 252, 39, 66, 138, 25, 90, 61, 125, 51, 151, 126, 133, 250, 76, 258, 13, 22, 14, 84, 58, 115, 0)
s = 180: (0, 119, 81, 48, 24, 100, 104, 192, 128, 91, 104, 253, 53, 132, 106, 66, 244, 161, 175, 26, 116, 99, 231, 24, 79, 178, 127, 89, 126, 86, 23, 63, 218, 243, 111, 115, 26, 223, 146, 98, 263, 101, 141, 234, 248, 43, 77, 50, 182, 94, 162, 190, 86, 344, 240, 278, 76, 114, 153, 16, 28, 111, 32, 261, 37, 126, 152, 67, 337, 77, 96, 103, 107, 105, 30, 109, 143, 106, 91, 145, 133, 95, 171, 62, 252, 21, 42, 23, 38, 42, 75, 0)
s = 181: (0, 64, 53, 46, 29, 69, 83, 237, 94, 122, 182, 256, 39, 177, 110, 148, 323, 176, 161, 19, 62, 54, 103, 26, 82, 182, 159, 59, 266, 75, 39, 65, 200, 253, 101, 119, 26, 166, 122, 82, 263, 112, 117, 158, 171, 38, 84, 53, 256, 86, 244, 215, 82, 272, 219, 299, 103, 158, 215, 18, 37, 82, 35, 121, 77, 133, 227, 84, 235, 91, 118, 63, 184, 128, 16, 104, 77, 130, 88, 84, 104, 75, 141, 46, 282, 22, 13, 21, 99, 36, 123, 0)
s = 182: (0, 161, 49, 54, 46, 44, 156, 171, 144, 118, 122, 115, 46, 159, 114, 67, 203, 239, 118, 20, 106, 77, 189, 16, 61, 248, 187, 99, 115, 166, 37, 63, 226, 292, 94, 110, 31, 259, 92, 225, 133, 145, 147, 249, 143, 90, 66, 70, 376, 79, 185, 237, 82, 371, 246, 163, 91, 204, 121, 19, 46, 108, 28, 175, 38, 121, 160, 152, 314, 57, 97, 94, 74, 138, 28, 56, 82, 66, 60, 122, 83, 83, 200, 51, 289, 14, 15, 22, 82, 56, 171, 0)
s = 183: (0, 113, 74, 42, 38, 53, 143, 183, 69, 89, 74, 272, 42, 138, 107, 71, 155, 137, 82, 24, 115, 103, 277, 29, 58, 240, 209, 53, 224, 162, 23, 76, 142, 135, 146, 92, 19, 209, 95, 83, 149, 86, 146, 340, 172, 51, 96, 93, 316, 106, 219, 295, 69, 358, 277, 229, 94, 90, 137, 34, 48, 129, 33, 138, 42, 116, 148, 92, 161, 91, 104, 74, 134, 68, 23, 74, 110, 79, 151, 152, 107, 108, 185, 70, 211, 22, 29, 32, 88, 32, 106, 0)
s = 184: (0, 170, 73, 58, 51, 45, 81, 292, 104, 76, 194, 160, 53, 181, 129, 73, 253, 123, 132, 18, 96, 116, 135, 32, 83, 333, 224, 94, 172, 109, 46, 87, 80, 189, 181, 64, 19, 124, 154, 114, 201, 97, 135, 217, 90, 75, 95, 96, 130, 138, 230, 165, 111, 182, 243, 161, 138, 145, 103, 20, 44, 110, 48, 158, 59, 96, 118, 147, 161, 59, 147, 54, 108, 117, 19, 83, 99, 83, 130, 226, 77, 91, 234, 101, 230, 21, 28, 29, 81, 72, 153, 0)
s = 185: (0, 174, 57, 45, 40, 40, 114, 199, 117, 110, 83, 180, 38, 145, 110, 67, 174, 167, 225, 18, 65, 51, 135, 31, 99, 320, 169, 54, 162, 66, 25, 65, 129, 150, 141, 140, 34, 234, 76, 117, 198, 110, 66, 256, 210, 70, 85, 74, 261, 119, 128, 211, 87, 218, 210, 215, 79, 110, 116, 22, 36, 72, 23, 196, 36, 227, 160, 107, 328, 46, 77, 75, 129, 139, 19, 73, 87, 80, 113, 99, 96, 62, 146, 61, 218, 18, 24, 23, 69, 38, 118, 0)
s = 186: (0, 69, 77, 43, 44, 41, 152, 185, 139, 98, 75, 252, 97, 76, 104, 101, 301, 182, 119, 21, 89, 88, 187, 13, 87, 315, 167, 66, 109, 87, 21, 90, 111, 130, 159, 74, 24, 319, 119, 89, 217, 212, 59, 181, 200, 103, 49, 60, 160, 57, 201, 278, 77, 228, 145, 171, 87, 115, 204, 24, 27, 155, 34, 236, 35, 260, 114, 131, 199, 79, 149, 85, 57, 116, 28, 110, 57, 67, 122, 130, 93, 60, 123, 75, 249, 15, 34, 24, 79, 80, 190, 0)
s = 187: (0, 156, 48, 56, 59, 73, 162, 111, 92, 167, 104, 206, 62, 155, 63, 69, 211, 257, 133, 30, 82, 71, 191, 23, 51, 323, 213, 77, 136, 56, 51, 55, 150, 354, 100, 128, 14, 182, 175, 204, 208, 160, 120, 166, 243, 33, 69, 110, 269, 87, 138, 229, 69, 234, 252, 200, 70, 134, 154, 25, 41, 109, 41, 277, 35, 182, 170, 109, 210, 42, 125, 45, 117, 67, 11, 130, 82, 59, 83, 126, 121, 78, 101, 78, 179, 27, 19, 21, 47, 48, 141, 0)
s = 188: (0, 74, 72, 34, 30, 63, 152, 109, 95, 150, 86, 172, 80, 117, 57, 72, 137, 276, 145, 28, 75, 81, 306, 20, 69, 202, 248, 76, 148, 108, 30, 102, 90, 181, 76, 87, 18, 257, 137, 138, 281, 121, 81, 167, 132, 47, 43, 102, 152, 53, 222, 170, 115, 249, 281, 192, 134, 95, 138, 18, 34, 70, 21, 250, 56, 129, 200, 118, 329, 41, 156, 57, 109, 69, 24, 107, 124, 68, 79, 200, 79, 106, 281, 74, 197, 14, 20, 23, 52, 55, 96, 0)
s = 189: (0, 110, 41, 54, 32, 51, 89, 159, 95, 152, 112, 209, 82, 175, 97, 71, 199, 165, 188, 15, 48, 66, 159, 27, 102, 254, 194, 51, 258, 80, 53, 99, 133, 175, 148, 123, 32, 331, 91, 209, 183, 112, 182, 182, 240, 37, 56, 76, 177, 87, 185, 307, 109, 242, 179, 169, 182, 193, 162, 15, 35, 106, 34, 149, 29, 121, 102, 113, 310, 72, 135, 94, 110, 105, 16, 98, 71, 107, 123, 120, 47, 91, 198, 37, 268, 24, 28, 35, 47, 45, 135, 0)
s = 190: (0, 124, 71, 67, 52, 46, 99, 184, 128, 116, 109, 180, 95, 141, 90, 99, 255, 224, 192, 15, 71, 98, 168, 27, 75, 279, 127, 84, 178, 132, 69, 77, 169, 153, 188, 155, 21, 142, 124, 93, 267, 185, 176, 178, 290, 40, 76, 50, 216, 64, 181, 173, 108, 212, 323, 234, 88, 161, 154, 22, 31, 135, 27, 147, 37, 200, 136, 114, 134, 68, 102, 90, 106, 107, 21, 103, 68, 62, 94, 113, 100, 143, 105, 62, 215, 34, 18, 22, 44, 55, 163, 0)
s = 191: (0, 101, 66, 58, 26, 47, 142, 211, 102, 103, 107, 330, 57, 142, 97, 64, 200, 231, 81, 32, 96, 48, 164, 20, 45, 236, 359, 70, 160, 109, 42, 100, 185, 141, 86, 119, 26, 400, 101, 148, 228, 83, 93, 218, 91, 73, 140, 59, 137, 94, 165, 127, 85, 172, 191, 411, 95, 129, 152, 15, 48, 105, 28, 228, 56, 121, 88, 81, 220, 65, 88, 41, 88, 76, 12, 154, 110, 57, 98, 87, 129, 75, 204, 95, 263, 19, 29, 19, 77, 58, 63, 0)
s = 192: (0, 105, 81, 48, 31, 45, 104, 187, 77, 126, 77, 211, 81, 179, 101, 76, 235, 130, 146, 25, 153, 129, 240, 24, 52, 217, 124, 64, 135, 104, 68, 99, 142, 246, 95, 144, 20, 197, 113, 96, 331, 168, 117, 226, 177, 45, 65, 80, 212, 53, 173, 235, 77, 352, 167, 297, 202, 183, 153, 25, 36, 76, 24, 111, 39, 131, 120, 103, 311, 63, 196, 38, 90, 110, 23, 130, 84, 127, 73, 245, 67, 81, 95, 43, 176, 17, 17, 15, 70, 51, 77, 0)
s = 193: (0, 159, 53, 86, 34, 50, 115, 126, 129, 92, 87, 297, 62, 138, 63, 57, 227, 288, 119, 20, 76, 109, 134, 21, 106, 247, 180, 78, 233, 110, 35, 48, 207, 282, 166, 91, 29, 255, 101, 175, 207, 196, 167, 206, 181, 42, 99, 101, 139, 106, 212, 135, 169, 175, 236, 201, 114, 104, 124, 17, 61, 65, 45, 157, 46, 182, 92, 84, 203, 72, 115, 38, 126, 132, 24, 116, 121, 78, 87, 143, 96, 68, 159, 39, 213, 30, 24, 24, 67, 73, 98, 0)
s = 194: (0, 89, 56, 58, 48, 75, 71, 184, 163, 170, 106, 247, 121, 179, 110, 97, 194, 169, 85, 27, 63, 73, 120, 36, 53, 167, 176, 70, 195, 68, 50, 86, 124, 115, 160, 66, 23, 154, 91, 110, 173, 216, 106, 184, 220, 56, 98, 84, 181, 126, 130, 132, 70, 315, 277, 217, 181, 90, 237, 22, 60, 68, 42, 212, 67, 133, 112, 97, 184, 79, 161, 84, 83, 148, 17, 89, 72, 77, 59, 135, 58, 68, 138, 55, 262, 20, 14, 19, 66, 61, 138, 0)
s = 195: (0, 128, 45, 60, 25, 57, 162, 128, 172, 135, 176, 109, 106, 146, 130, 56, 231, 258, 117, 26, 75, 85, 119, 21, 45, 142, 211, 55, 140, 139, 39, 87, 84, 195, 116, 107, 30, 200, 126, 112, 145, 134, 107, 175, 215, 59, 64, 127, 193, 125, 182, 231, 72, 323, 323, 250, 98, 134, 251, 25, 25, 135, 37, 256, 36, 117, 223, 67, 153, 58, 167, 73, 123, 163, 16, 80, 76, 52, 77, 96, 76, 97, 222, 51, 187, 18, 20, 27, 58, 31, 114, 0)
s = 196: (0, 105, 40, 74, 54, 43, 170, 186, 121, 173, 139, 201, 89, 113, 139, 69, 268, 226, 89, 19, 55, 51, 199, 15, 65, 224, 123, 63, 263, 104, 44, 80, 99, 317, 169, 88, 16, 274, 85, 94, 280, 84, 97, 172, 183, 85, 85, 47, 194, 106, 163, 205, 166, 325, 210, 341, 71, 176, 207, 23, 41, 99, 53, 170, 51, 114, 173, 76, 225, 68, 126, 46, 121, 111, 28, 99, 89, 51, 67, 216, 67, 148, 131, 66, 147, 18, 21, 14, 55, 44, 117, 0)
s = 197: (0, 108, 116, 34, 27, 70, 135, 106, 155, 112, 120, 294, 46, 115, 84, 101, 415, 198, 106, 25, 85, 79, 243, 23, 45, 303, 297, 60, 210, 80, 36, 80, 92, 182, 133, 70, 21, 294, 90, 130, 203, 155, 156, 211, 219, 31, 64, 96, 154, 56, 293, 157, 82, 175, 154, 267, 116, 133, 357, 24, 31, 120, 39, 198, 27, 134, 89, 168, 244, 77, 195, 73, 91, 70, 25, 78, 111, 89, 60, 94, 118, 177, 120, 38, 332, 16, 19, 17, 55, 41, 89, 0)
s = 198: (0, 64, 38, 79, 37, 75, 64, 154, 94, 104, 110, 191, 64, 232, 190, 92, 159, 291, 179, 15, 67, 83, 236, 15, 108, 146, 253, 68, 293, 58, 35, 53, 108, 225, 139, 102, 23, 125, 133, 138, 209, 98, 150, 169, 167, 49, 84, 83, 160, 111, 135, 174, 137, 269, 222, 264, 96, 156, 110, 28, 42, 73, 17, 228, 44, 110, 152, 112, 361, 72, 202, 60, 143, 75, 29, 109, 94, 145, 109, 160, 79, 93, 136, 41, 164, 12, 27, 17, 60, 52, 61, 0)
s = 199: (0, 75, 58, 37, 46, 79, 86, 144, 131, 106, 149, 220, 77, 223, 64, 82, 177, 279, 131, 28, 72, 48, 145, 27, 59, 303, 155, 129, 160, 156, 55, 89, 178, 262, 120, 134, 15, 270, 143, 120, 276, 191, 136, 175, 228, 61, 66, 72, 194, 125, 165, 130, 96, 297, 311, 255, 125, 140, 109, 16, 50, 140, 37, 200, 44, 190, 161, 100, 143, 37, 164, 42, 89, 119, 33, 62, 106, 66, 71, 109, 61, 72, 253, 42, 295, 13, 29, 31, 94, 39, 122, 0)
s = 200: (0, 119, 63, 72, 43, 50, 134, 190, 80, 149, 177, 198, 41, 177, 98, 63, 244, 254, 145, 25, 53, 63, 182, 31, 109, 218, 288, 79, 244, 81, 33, 49, 113, 194, 123, 86, 14, 258, 99, 169, 211, 162, 110, 124, 151, 40, 80, 63, 210, 52, 141, 314, 143, 209, 158, 178, 66, 96, 95, 23, 37, 111, 24, 263, 48, 105, 193, 77, 151, 79, 94, 52, 136, 163, 20, 112, 99, 52, 119, 133, 58, 101, 110, 52, 349, 22, 21, 21, 51, 42, 182, 0)
************************************************************************
ES/LS-VALUES:
jobnr.   ES(i)    LS(i)
------------------------------------------------------------------------
  0        0        0
  1        0       315
  2        0       325
  3        0       367
  4        3       399
  5       14       330
  6       14       343
  7        3       371
  8       17       368
  9       23       353
 10       17       370
 11       17       334
 12        4       363
 13       34       365
 14       27       379
 15       49       381
 16       30       348
 17        4       364
 18       27       413
 19       49       415
 20       18       379
 21       62       395
 22       23       383
 23       49       403
 24       30       449
 25       14       383
 26       47       366
 27       64       384
 28       50       417
 29       36       389
 30       47       399
 31       70       422
 32       70       418
 33       47       452
 34       69       390
 35       27       406
 36       50       443
 37       69       415
 38        3       391
 39       23       385
 40       12       372
 41       12       381
 42       78       404
 43       38       401
 44       78       400
 45       78       405
 46       69       424
 47       64       403
 48       91       414
 49       91       433
 50       28       389
 51       79       457
 52       28       396
 53       55       418
 54       83       411
 55       107       431
 56       62       417
 57       91       439
 58       72       428
 59       83       432
 60       100       443
 61       86       436
 62       124       450
 63       41       403
 64       107       445
 65       95       446
 66       101       430
 67       61       424
 68       71       445
 69       72       436
 70       106       458
 71       106       471
 72       86       469
 73       77       442
 74       103       452
 75       104       448
 76       64       468
 77       127       454
 78       85       460
 79       127       456
 80       124       449
 81       138       468
 82       127       468
 83       129       455
 84       134       461
 85       145       476
 86       149       477
 87       110       478
 88       150       479
 89       139       481
 90       115       471
 91       155       485
************************************************************************
BIG-M-VALUES:
M1 = 40, M2 = 471
************************************************************************
