************************************************************************
file with basedata            : mm30_.bas
initial value random generator: 1540564908
************************************************************************
projects                      :  1
jobs (incl. supersource/sink ):  12
horizon                       :  86
RESOURCES
  - renewable                 :  2   R
  - nonrenewable              :  2   N
  - doubly constrained        :  0   D
************************************************************************
PROJECT INFORMATION:
pronr.  #jobs rel.date duedate tardcost  MPM-Time
    1     10      0       24        6       24
************************************************************************
PRECEDENCE RELATIONS:
jobnr.    #modes  #successors   successors
   0        1          3           1   2   3
   1        3          1           9
   2        3          2           8  10
   3        3          1           4
   4        3          3           5   7   8
   5        3          2           6   9
   6        3          1          10
   7        3          2           9  10
   8        3          1          11
   9        3          1          11
  10        3          1          11
  11        1          0        
************************************************************************
REQUESTS/DURATIONS:
jobnr. mode duration  R 1  R 2  R 3  R 4  E(W 1)
------------------------------------------------------------------------
  0      1     0       0    0    0    0     0
  1      1     1       8    0    5    3    16
  2      1     3       1    0    9    9    60
  3      1     2       0    7    6    9    44
  4      1     5       7    0    7    5    95
  5      1     8       9    0    8    6    184
  6      1     7       0    5    8    2    105
  7      1     1       0    7    4    9    20
  8      1     2       8    0    3    9    40
  9      1     1       0    7    5    5    17
 10      1     2       2    0   10    4    32
 11      1     0       0    0    0    0     0
************************************************************************
RESOURCEAVAILABILITIES:
  R 1
   158
************************************************************************
RESOURCE LIMITS:
jobnr.  l(R 1)  u(R 1)
------------------------------------------------------------------------
  0        0       0
  1        9      16
  2       11      20
  3       12      22
  4       11      19
  5       12      23
  6        8      15
  7       11      20
  8       11      20
  9       10      17
 10        8      16
 11        0       0
************************************************************************
SCENARIOS:
------------------------------------------------------------------------
RESOURCE k = 1
s = 1: (0, 19, 109, 36, 72, 237, 140, 17, 27, 14, 39, 0)
s = 2: (0, 16, 45, 33, 100, 145, 116, 13, 46, 19, 25, 0)
s = 3: (0, 11, 36, 64, 96, 292, 67, 15, 52, 15, 23, 0)
s = 4: (0, 28, 39, 33, 95, 148, 182, 24, 43, 27, 28, 0)
s = 5: (0, 24, 57, 31, 85, 278, 151, 20, 36, 17, 22, 0)
s = 6: (0, 16, 72, 47, 95, 133, 71, 16, 24, 14, 37, 0)
s = 7: (0, 18, 45, 78, 85, 140, 66, 24, 45, 11, 55, 0)
s = 8: (0, 21, 64, 64, 66, 112, 70, 18, 49, 14, 26, 0)
s = 9: (0, 11, 52, 56, 58, 328, 118, 12, 25, 16, 26, 0)
s = 10: (0, 13, 69, 45, 160, 219, 108, 27, 28, 22, 29, 0)
s = 11: (0, 22, 43, 27, 98, 250, 95, 20, 28, 13, 29, 0)
s = 12: (0, 19, 46, 32, 92, 197, 84, 19, 38, 16, 46, 0)
s = 13: (0, 27, 63, 31, 135, 148, 70, 27, 38, 11, 34, 0)
s = 14: (0, 18, 51, 52, 102, 182, 100, 24, 33, 18, 22, 0)
s = 15: (0, 18, 39, 70, 142, 127, 94, 28, 30, 15, 23, 0)
s = 16: (0, 16, 84, 34, 118, 178, 97, 16, 38, 24, 28, 0)
s = 17: (0, 14, 51, 35, 66, 113, 72, 18, 39, 18, 38, 0)
s = 18: (0, 23, 42, 49, 86, 194, 77, 21, 69, 22, 31, 0)
s = 19: (0, 10, 56, 33, 78, 211, 95, 39, 44, 25, 30, 0)
s = 20: (0, 19, 54, 41, 112, 220, 98, 13, 28, 12, 23, 0)
s = 21: (0, 12, 42, 47, 101, 240, 87, 12, 47, 21, 37, 0)
s = 22: (0, 13, 44, 45, 109, 133, 82, 20, 33, 16, 47, 0)
s = 23: (0, 10, 48, 35, 100, 218, 99, 27, 59, 17, 22, 0)
s = 24: (0, 17, 57, 37, 88, 148, 107, 20, 27, 12, 44, 0)
s = 25: (0, 19, 69, 32, 91, 155, 99, 16, 41, 17, 22, 0)
s = 26: (0, 15, 74, 36, 107, 136, 98, 23, 27, 26, 22, 0)
s = 27: (0, 18, 60, 26, 87, 240, 116, 36, 55, 16, 35, 0)
s = 28: (0, 14, 96, 54, 102, 228, 99, 23, 40, 19, 41, 0)
s = 29: (0, 19, 86, 57, 90, 350, 88, 22, 32, 20, 31, 0)
s = 30: (0, 12, 42, 31, 83, 189, 134, 15, 33, 19, 24, 0)
s = 31: (0, 15, 72, 65, 111, 179, 60, 21, 33, 27, 32, 0)
s = 32: (0, 17, 61, 33, 110, 296, 167, 26, 50, 12, 40, 0)
s = 33: (0, 14, 96, 46, 60, 205, 71, 29, 26, 15, 28, 0)
s = 34: (0, 11, 52, 26, 88, 227, 88, 19, 32, 16, 31, 0)
s = 35: (0, 15, 43, 39, 134, 152, 170, 16, 38, 18, 28, 0)
s = 36: (0, 16, 91, 28, 58, 195, 84, 12, 33, 13, 50, 0)
s = 37: (0, 13, 91, 40, 152, 121, 130, 19, 45, 22, 19, 0)
s = 38: (0, 9, 49, 51, 81, 120, 76, 14, 64, 19, 53, 0)
s = 39: (0, 18, 62, 54, 96, 245, 120, 15, 38, 18, 34, 0)
s = 40: (0, 30, 53, 43, 129, 211, 105, 16, 22, 13, 38, 0)
s = 41: (0, 12, 71, 53, 113, 151, 110, 27, 51, 13, 40, 0)
s = 42: (0, 11, 50, 45, 95, 115, 78, 16, 42, 16, 29, 0)
s = 43: (0, 14, 67, 28, 65, 235, 141, 38, 35, 14, 22, 0)
s = 44: (0, 11, 78, 57, 110, 317, 111, 15, 37, 14, 38, 0)
s = 45: (0, 16, 40, 33, 116, 159, 105, 17, 22, 18, 29, 0)
s = 46: (0, 19, 41, 32, 111, 244, 168, 27, 28, 25, 36, 0)
s = 47: (0, 17, 41, 43, 91, 165, 92, 33, 62, 13, 22, 0)
s = 48: (0, 9, 45, 32, 81, 149, 75, 12, 30, 20, 37, 0)
s = 49: (0, 21, 39, 52, 77, 263, 117, 23, 38, 17, 44, 0)
s = 50: (0, 15, 43, 43, 55, 196, 74, 17, 39, 23, 25, 0)
s = 51: (0, 15, 88, 30, 113, 134, 128, 16, 34, 14, 25, 0)
s = 52: (0, 18, 62, 40, 114, 256, 124, 25, 25, 22, 27, 0)
s = 53: (0, 21, 46, 35, 77, 256, 91, 18, 62, 20, 27, 0)
s = 54: (0, 14, 44, 38, 64, 216, 124, 23, 60, 18, 35, 0)
s = 55: (0, 15, 64, 34, 80, 167, 114, 16, 32, 15, 22, 0)
s = 56: (0, 13, 42, 36, 141, 173, 94, 24, 30, 13, 42, 0)
s = 57: (0, 12, 60, 48, 137, 122, 63, 25, 43, 17, 29, 0)
s = 58: (0, 25, 87, 51, 131, 185, 96, 22, 46, 14, 38, 0)
s = 59: (0, 13, 68, 32, 123, 210, 67, 26, 40, 15, 35, 0)
s = 60: (0, 13, 48, 36, 58, 121, 175, 23, 51, 19, 37, 0)
s = 61: (0, 19, 82, 52, 62, 186, 137, 20, 29, 17, 42, 0)
s = 62: (0, 13, 36, 32, 82, 174, 67, 17, 49, 12, 34, 0)
s = 63: (0, 14, 64, 53, 109, 139, 171, 22, 35, 27, 55, 0)
s = 64: (0, 21, 69, 47, 109, 167, 87, 16, 30, 13, 21, 0)
s = 65: (0, 13, 82, 33, 68, 229, 103, 25, 39, 20, 24, 0)
s = 66: (0, 14, 37, 46, 92, 102, 129, 29, 38, 22, 24, 0)
s = 67: (0, 14, 52, 37, 131, 157, 95, 20, 43, 24, 25, 0)
s = 68: (0, 13, 59, 48, 77, 118, 78, 19, 58, 16, 41, 0)
s = 69: (0, 12, 42, 39, 69, 179, 107, 22, 36, 18, 41, 0)
s = 70: (0, 20, 55, 41, 93, 317, 104, 13, 51, 13, 34, 0)
s = 71: (0, 25, 55, 31, 105, 111, 81, 25, 48, 29, 24, 0)
s = 72: (0, 14, 55, 57, 99, 201, 135, 15, 49, 18, 22, 0)
s = 73: (0, 10, 95, 48, 95, 297, 131, 13, 56, 10, 31, 0)
s = 74: (0, 11, 38, 26, 63, 225, 162, 13, 40, 16, 34, 0)
s = 75: (0, 18, 35, 51, 120, 173, 207, 11, 43, 19, 30, 0)
s = 76: (0, 14, 51, 40, 135, 119, 150, 15, 72, 13, 26, 0)
s = 77: (0, 10, 63, 37, 84, 199, 98, 22, 50, 15, 36, 0)
s = 78: (0, 15, 74, 45, 75, 160, 94, 19, 38, 26, 36, 0)
s = 79: (0, 15, 87, 60, 79, 153, 107, 19, 26, 18, 30, 0)
s = 80: (0, 14, 83, 45, 107, 142, 62, 23, 33, 10, 24, 0)
s = 81: (0, 13, 37, 50, 72, 175, 150, 19, 28, 29, 23, 0)
s = 82: (0, 18, 52, 25, 153, 211, 111, 25, 45, 22, 21, 0)
s = 83: (0, 12, 46, 35, 109, 163, 142, 24, 70, 15, 41, 0)
s = 84: (0, 16, 46, 41, 104, 129, 88, 22, 42, 23, 39, 0)
s = 85: (0, 15, 57, 58, 137, 237, 64, 13, 37, 19, 39, 0)
s = 86: (0, 28, 77, 83, 81, 188, 82, 29, 32, 15, 41, 0)
s = 87: (0, 12, 52, 45, 63, 245, 162, 19, 51, 10, 31, 0)
s = 88: (0, 21, 55, 53, 73, 137, 169, 18, 41, 17, 26, 0)
s = 89: (0, 18, 80, 63, 118, 224, 108, 23, 44, 22, 22, 0)
s = 90: (0, 26, 35, 45, 134, 128, 150, 24, 48, 11, 25, 0)
s = 91: (0, 15, 45, 29, 142, 198, 90, 23, 41, 19, 41, 0)
s = 92: (0, 9, 44, 37, 123, 155, 97, 19, 56, 14, 27, 0)
s = 93: (0, 24, 51, 46, 124, 179, 109, 14, 58, 21, 44, 0)
s = 94: (0, 18, 69, 45, 87, 179, 129, 19, 40, 17, 27, 0)
s = 95: (0, 10, 56, 38, 129, 231, 83, 17, 28, 17, 37, 0)
s = 96: (0, 12, 73, 31, 95, 210, 68, 31, 35, 13, 36, 0)
s = 97: (0, 11, 59, 27, 71, 127, 58, 24, 45, 13, 24, 0)
s = 98: (0, 18, 50, 79, 63, 251, 107, 15, 63, 15, 42, 0)
s = 99: (0, 24, 61, 54, 87, 325, 77, 30, 41, 15, 40, 0)
s = 100: (0, 11, 49, 62, 83, 222, 75, 22, 67, 12, 40, 0)
s = 101: (0, 18, 64, 57, 94, 152, 150, 32, 34, 11, 39, 0)
s = 102: (0, 15, 51, 49, 108, 176, 176, 12, 43, 11, 40, 0)
s = 103: (0, 15, 44, 27, 68, 279, 81, 22, 27, 27, 33, 0)
s = 104: (0, 26, 59, 48, 97, 211, 146, 28, 37, 13, 29, 0)
s = 105: (0, 13, 96, 61, 110, 156, 101, 18, 49, 12, 30, 0)
s = 106: (0, 13, 54, 31, 125, 198, 87, 14, 28, 27, 30, 0)
s = 107: (0, 17, 49, 31, 121, 164, 80, 23, 66, 25, 36, 0)
s = 108: (0, 23, 49, 38, 107, 214, 67, 13, 53, 28, 28, 0)
s = 109: (0, 14, 76, 47, 133, 178, 91, 21, 35, 15, 51, 0)
s = 110: (0, 14, 68, 29, 84, 207, 109, 14, 30, 15, 34, 0)
s = 111: (0, 20, 89, 32, 79, 280, 150, 14, 62, 26, 32, 0)
s = 112: (0, 11, 45, 57, 148, 277, 78, 23, 31, 16, 29, 0)
s = 113: (0, 12, 48, 35, 164, 218, 151, 21, 22, 27, 40, 0)
s = 114: (0, 24, 76, 34, 61, 137, 85, 17, 35, 32, 32, 0)
s = 115: (0, 15, 54, 45, 112, 303, 91, 17, 26, 16, 40, 0)
s = 116: (0, 12, 68, 38, 123, 128, 69, 20, 23, 17, 33, 0)
s = 117: (0, 12, 78, 35, 95, 169, 139, 13, 31, 21, 27, 0)
s = 118: (0, 13, 42, 36, 98, 166, 121, 15, 28, 19, 32, 0)
s = 119: (0, 24, 52, 55, 120, 163, 114, 15, 46, 12, 37, 0)
s = 120: (0, 22, 53, 57, 120, 176, 69, 32, 40, 28, 35, 0)
s = 121: (0, 9, 59, 26, 85, 236, 104, 20, 66, 24, 39, 0)
s = 122: (0, 24, 83, 37, 71, 179, 72, 12, 25, 13, 24, 0)
s = 123: (0, 12, 46, 56, 79, 162, 118, 20, 28, 17, 48, 0)
s = 124: (0, 18, 68, 37, 112, 135, 70, 28, 51, 21, 26, 0)
s = 125: (0, 16, 78, 27, 79, 132, 95, 33, 41, 14, 29, 0)
s = 126: (0, 19, 78, 64, 153, 127, 110, 18, 42, 26, 21, 0)
s = 127: (0, 16, 78, 37, 75, 125, 110, 23, 46, 16, 28, 0)
s = 128: (0, 26, 39, 55, 118, 205, 76, 30, 55, 15, 30, 0)
s = 129: (0, 21, 86, 59, 164, 215, 143, 34, 38, 28, 26, 0)
s = 130: (0, 17, 50, 31, 130, 221, 61, 25, 42, 15, 23, 0)
s = 131: (0, 11, 39, 53, 72, 211, 96, 16, 38, 19, 22, 0)
s = 132: (0, 20, 80, 74, 93, 269, 80, 12, 31, 19, 27, 0)
s = 133: (0, 15, 41, 26, 109, 113, 69, 17, 27, 12, 40, 0)
s = 134: (0, 19, 49, 48, 78, 137, 142, 28, 50, 16, 43, 0)
s = 135: (0, 9, 63, 25, 128, 208, 93, 16, 39, 21, 30, 0)
s = 136: (0, 20, 51, 33, 65, 121, 108, 17, 30, 11, 32, 0)
s = 137: (0, 16, 49, 68, 110, 136, 121, 32, 34, 15, 34, 0)
s = 138: (0, 15, 51, 61, 63, 162, 213, 15, 43, 18, 36, 0)
s = 139: (0, 15, 57, 32, 101, 266, 100, 17, 38, 21, 41, 0)
s = 140: (0, 24, 48, 48, 88, 252, 144, 23, 29, 16, 20, 0)
s = 141: (0, 15, 60, 38, 97, 111, 105, 23, 30, 24, 37, 0)
s = 142: (0, 24, 80, 55, 132, 252, 62, 17, 37, 14, 39, 0)
s = 143: (0, 15, 64, 42, 90, 271, 135, 15, 35, 14, 25, 0)
s = 144: (0, 19, 34, 61, 80, 224, 145, 19, 25, 20, 36, 0)
s = 145: (0, 19, 35, 48, 105, 137, 123, 20, 29, 22, 36, 0)
s = 146: (0, 10, 48, 44, 49, 213, 90, 23, 60, 27, 33, 0)
s = 147: (0, 14, 97, 43, 139, 153, 76, 21, 29, 10, 27, 0)
s = 148: (0, 13, 39, 47, 72, 128, 81, 27, 46, 11, 40, 0)
s = 149: (0, 14, 38, 57, 116, 156, 97, 15, 47, 21, 36, 0)
s = 150: (0, 24, 36, 54, 63, 141, 98, 20, 52, 12, 34, 0)
s = 151: (0, 19, 76, 59, 139, 287, 146, 23, 38, 11, 35, 0)
s = 152: (0, 23, 70, 45, 174, 139, 119, 14, 45, 16, 37, 0)
s = 153: (0, 18, 59, 40, 171, 132, 158, 15, 45, 13, 37, 0)
s = 154: (0, 16, 70, 43, 67, 124, 149, 24, 46, 21, 58, 0)
s = 155: (0, 12, 65, 38, 68, 241, 95, 17, 36, 17, 25, 0)
s = 156: (0, 17, 39, 33, 89, 235, 115, 20, 31, 15, 21, 0)
s = 157: (0, 12, 52, 45, 89, 214, 68, 20, 55, 27, 52, 0)
s = 158: (0, 12, 57, 61, 97, 225, 118, 16, 47, 17, 24, 0)
s = 159: (0, 19, 42, 43, 96, 168, 202, 32, 46, 18, 27, 0)
s = 160: (0, 22, 54, 31, 89, 185, 69, 18, 53, 20, 23, 0)
s = 161: (0, 11, 32, 59, 133, 275, 72, 28, 30, 16, 24, 0)
s = 162: (0, 16, 56, 59, 65, 180, 59, 22, 36, 18, 32, 0)
s = 163: (0, 22, 34, 37, 53, 272, 145, 26, 40, 16, 35, 0)
s = 164: (0, 23, 69, 59, 117, 178, 143, 21, 31, 17, 26, 0)
s = 165: (0, 21, 48, 52, 84, 153, 58, 28, 40, 21, 40, 0)
s = 166: (0, 15, 60, 72, 70, 265, 103, 29, 26, 14, 19, 0)
s = 167: (0, 18, 49, 43, 66, 222, 93, 22, 71, 14, 49, 0)
s = 168: (0, 12, 44, 33, 81, 275, 84, 12, 46, 22, 22, 0)
s = 169: (0, 17, 55, 58, 91, 229, 130, 21, 27, 18, 38, 0)
s = 170: (0, 11, 62, 63, 89, 206, 71, 15, 31, 23, 25, 0)
s = 171: (0, 19, 55, 54, 118, 170, 71, 16, 59, 20, 21, 0)
s = 172: (0, 10, 72, 56, 62, 234, 78, 22, 40, 18, 38, 0)
s = 173: (0, 17, 40, 25, 59, 280, 102, 25, 27, 23, 47, 0)
s = 174: (0, 10, 45, 52, 74, 267, 64, 19, 32, 27, 31, 0)
s = 175: (0, 16, 56, 44, 95, 132, 89, 19, 57, 24, 47, 0)
s = 176: (0, 19, 77, 58, 93, 224, 71, 22, 51, 17, 38, 0)
s = 177: (0, 19, 55, 39, 77, 154, 114, 14, 36, 23, 37, 0)
s = 178: (0, 13, 59, 28, 76, 201, 121, 17, 55, 21, 35, 0)
s = 179: (0, 17, 55, 28, 103, 179, 78, 20, 45, 14, 48, 0)
s = 180: (0, 19, 50, 50, 80, 204, 60, 22, 30, 19, 43, 0)
s = 181: (0, 13, 40, 36, 87, 244, 78, 26, 46, 18, 22, 0)
s = 182: (0, 30, 37, 37, 105, 208, 70, 22, 23, 25, 48, 0)
s = 183: (0, 28, 59, 55, 105, 172, 147, 16, 35, 19, 21, 0)
s = 184: (0, 9, 46, 44, 118, 151, 89, 13, 45, 16, 40, 0)
s = 185: (0, 22, 51, 74, 54, 174, 130, 26, 33, 14, 29, 0)
s = 186: (0, 10, 69, 51, 100, 238, 102, 22, 29, 20, 24, 0)
s = 187: (0, 15, 80, 40, 86, 279, 155, 32, 28, 27, 35, 0)
s = 188: (0, 12, 44, 32, 166, 181, 137, 16, 37, 14, 42, 0)
s = 189: (0, 11, 67, 41, 117, 188, 92, 34, 28, 15, 22, 0)
s = 190: (0, 24, 65, 35, 86, 218, 116, 31, 61, 14, 34, 0)
s = 191: (0, 13, 63, 56, 141, 216, 77, 14, 39, 16, 19, 0)
s = 192: (0, 16, 53, 41, 95, 172, 67, 19, 23, 22, 43, 0)
s = 193: (0, 15, 58, 53, 112, 170, 101, 23, 56, 12, 33, 0)
s = 194: (0, 23, 84, 34, 70, 114, 58, 28, 37, 13, 26, 0)
s = 195: (0, 14, 54, 48, 141, 270, 150, 23, 47, 11, 37, 0)
s = 196: (0, 22, 61, 45, 87, 148, 145, 20, 26, 21, 42, 0)
s = 197: (0, 18, 111, 54, 73, 257, 116, 20, 47, 21, 30, 0)
s = 198: (0, 13, 50, 49, 67, 112, 157, 25, 51, 17, 37, 0)
s = 199: (0, 17, 71, 72, 77, 126, 132, 26, 22, 17, 24, 0)
s = 200: (0, 15, 70, 50, 68, 177, 123, 18, 40, 13, 40, 0)
************************************************************************
ES/LS-VALUES:
jobnr.   ES(i)    LS(i)
------------------------------------------------------------------------
  0        0        0
  1        0       82
  2        0       76
  3        0       37
  4        3       41
  5       12       51
  6       27       67
  7       12       80
  8       12       82
  9       27       84
 10       41       82
 11       44       86
************************************************************************
BIG-M-VALUES:
M1 = 30, M2 = 350
************************************************************************
