************************************************************************
file with basedata            : j30_54.bas
initial value random generator: 1799262262
************************************************************************
projects                      :  1
jobs (incl. supersource/sink ):  32
horizon                       :  151
RESOURCES
  - renewable                 :  4   R
  - nonrenewable              :  0   N
  - doubly constrained        :  0   D
************************************************************************
PROJECT INFORMATION:
pronr.  #jobs rel.date duedate tardcost  MPM-Time
    1     30      0       53        5       53
************************************************************************
PRECEDENCE RELATIONS:
jobnr.    #modes  #successors   successors
   0        1          3           1   2   3
   1        1          3          11  13  26
   2        1          3           4  17  18
   3        1          3           6   7   9
   4        1          3           5   6   8
   5        1          3          11  12  15
   6        1          3          20  22  29
   7        1          3          10  17  19
   8        1          3           9  11  19
   9        1          3          20  24  26
  10        1          3          13  14  30
  11        1          3          16  20  21
  12        1          3          19  22  26
  13        1          3          15  18  25
  14        1          3          15  16  18
  15        1          1          23
  16        1          2          23  25
  17        1          1          24
  18        1          2          21  22
  19        1          2          21  24
  20        1          1          27
  21        1          2          27  29
  22        1          1          23
  23        1          1          28
  24        1          2          25  30
  25        1          2          28  29
  26        1          2          27  30
  27        1          1          28
  28        1          1          31
  29        1          1          31
  30        1          1          31
  31        1          0        
************************************************************************
REQUESTS/DURATIONS:
jobnr. mode duration  R 1  R 2  R 3  R 4  E(W 1)  E(W 2)
------------------------------------------------------------------------
  0      1     0       0    0    0    0     0       0
  1      1     1       0    4    0    0     4       0
  2      1     3       9    0    0    0    27       0
  3      1     6       0    9    0    5    54      30
  4      1     8       1    0    0    2    16      16
  5      1     1       0    1    2    6     2       8
  6      1    10       0    4    8    2    40      100
  7      1     5       0    0    7    2     0      45
  8      1    10       7   10   10   10    170      200
  9      1     2       4    0    0    0     8       0
 10      1     3       4    0    0    1    12       6
 11      1     3      10    4    0    0    42       0
 12      1     1       0    9    0    0     9       0
 13      1    10       0    6    0    0    60       0
 14      1     3       5    0    0    1    15       6
 15      1     2       0    9    9    0    18      18
 16      1    10       0    0    1    7     0      90
 17      1     1      10    0    0    0    10       0
 18      1     6       7    4    6    0    66      36
 19      1     8       3    9    6    0    96      48
 20      1     2       0    0    0    8     0      16
 21      1     4       5    5    0    0    40       0
 22      1     9       2    0    7    0    18      63
 23      1     2       1    0    5    0     4      10
 24      1     4       0    8    8    1    32      40
 25      1     1       0    4    2    3     4       5
 26      1     7       6    2    0    0    56       0
 27      1    10       6    8    0   10    140      100
 28      1     9       2    0    0    8    18      72
 29      1     4       0    0    0    9     0      36
 30      1     6       0    0    1    8     0      60
 31      1     0       0    0    0    0     0       0
************************************************************************
RESOURCEAVAILABILITIES:
  R 1  R 2
   33   35
************************************************************************
RESOURCE LIMITS:
jobnr.  l(R 1)  u(R 1)  l(R 2)  u(R 2)
------------------------------------------------------------------------
  0        0       0       0       0
  1        2       4       0       0
  2        5       9       0       0
  3        5       9       3       5
  4        1       2       1       2
  5        1       2       4       8
  6        2       4       5      10
  7        0       0       5       9
  8        9      17      10      20
  9        2       4       0       0
 10        2       4       1       2
 11        7      14       0       0
 12        5       9       0       0
 13        3       6       0       0
 14        3       5       1       2
 15        5       9       5       9
 16        0       0       5       9
 17        5      10       0       0
 18        6      11       3       6
 19        7      12       3       6
 20        0       0       4       8
 21        6      10       0       0
 22        1       2       4       7
 23        1       2       3       5
 24        4       8       5      10
 25        2       4       3       5
 26        4       8       0       0
 27        7      14       5      10
 28        1       2       4       8
 29        0       0       5       9
 30        0       0       5      10
 31        0       0       0       0
************************************************************************
SCENARIOS:
------------------------------------------------------------------------
RESOURCE k = 1
s = 1: (0, 3, 21, 69, 14, 2, 29, 0, 181, 11, 12, 39, 12, 60, 19, 16, 0, 9, 63, 108, 0, 33, 14, 5, 18, 6, 68, 148, 14, 0, 0, 0)
s = 2: (0, 4, 20, 29, 11, 2, 28, 0, 124, 8, 8, 40, 12, 36, 13, 14, 0, 11, 93, 91, 0, 38, 24, 5, 35, 5, 61, 130, 31, 0, 0, 0)
s = 3: (0, 3, 24, 39, 16, 2, 61, 0, 230, 9, 10, 27, 10, 88, 12, 17, 0, 11, 69, 76, 0, 34, 23, 4, 22, 3, 41, 89, 11, 0, 0, 0)
s = 4: (0, 6, 41, 50, 12, 3, 31, 0, 159, 10, 9, 52, 13, 75, 16, 13, 0, 14, 80, 79, 0, 29, 27, 4, 38, 4, 66, 84, 19, 0, 0, 0)
s = 5: (0, 6, 19, 102, 17, 2, 42, 0, 209, 13, 16, 43, 7, 60, 13, 26, 0, 16, 48, 139, 0, 32, 24, 5, 43, 4, 51, 118, 21, 0, 0, 0)
s = 6: (0, 5, 32, 40, 15, 2, 38, 0, 180, 12, 15, 26, 8, 83, 21, 16, 0, 15, 63, 70, 0, 39, 18, 4, 30, 4, 52, 104, 13, 0, 0, 0)
s = 7: (0, 3, 23, 69, 20, 3, 36, 0, 252, 7, 15, 24, 8, 35, 13, 11, 0, 9, 73, 117, 0, 36, 19, 7, 40, 6, 37, 162, 18, 0, 0, 0)
s = 8: (0, 4, 36, 31, 13, 3, 45, 0, 175, 11, 15, 31, 9, 53, 21, 15, 0, 8, 91, 51, 0, 26, 15, 5, 39, 3, 43, 163, 26, 0, 0, 0)
s = 9: (0, 4, 41, 49, 13, 3, 26, 0, 126, 12, 11, 44, 7, 37, 14, 19, 0, 9, 85, 118, 0, 34, 22, 3, 31, 3, 62, 161, 15, 0, 0, 0)
s = 10: (0, 3, 26, 64, 27, 4, 65, 0, 144, 6, 19, 46, 8, 35, 21, 18, 0, 9, 76, 67, 0, 33, 24, 3, 35, 7, 44, 145, 11, 0, 0, 0)
s = 11: (0, 5, 30, 46, 20, 2, 41, 0, 187, 8, 8, 27, 13, 61, 10, 22, 0, 12, 103, 114, 0, 34, 24, 5, 50, 4, 57, 141, 22, 0, 0, 0)
s = 12: (0, 3, 29, 33, 10, 2, 46, 0, 153, 7, 14, 33, 14, 57, 19, 24, 0, 8, 64, 131, 0, 61, 20, 4, 43, 4, 50, 94, 33, 0, 0, 0)
s = 13: (0, 5, 24, 58, 10, 2, 26, 0, 126, 9, 19, 50, 6, 80, 12, 21, 0, 9, 76, 135, 0, 46, 31, 4, 52, 4, 97, 166, 25, 0, 0, 0)
s = 14: (0, 5, 25, 78, 22, 3, 43, 0, 225, 6, 14, 33, 7, 40, 11, 16, 0, 10, 42, 76, 0, 26, 14, 4, 36, 3, 78, 155, 14, 0, 0, 0)
s = 15: (0, 3, 39, 55, 14, 2, 28, 0, 185, 7, 17, 24, 7, 40, 19, 12, 0, 11, 39, 110, 0, 41, 25, 5, 34, 4, 55, 167, 23, 0, 0, 0)
s = 16: (0, 3, 40, 59, 15, 3, 34, 0, 165, 11, 7, 65, 10, 88, 11, 19, 0, 11, 74, 110, 0, 37, 11, 4, 37, 5, 54, 212, 25, 0, 0, 0)
s = 17: (0, 5, 39, 77, 23, 3, 33, 0, 160, 8, 14, 39, 10, 71, 15, 12, 0, 10, 70, 79, 0, 34, 12, 6, 34, 4, 51, 88, 23, 0, 0, 0)
s = 18: (0, 6, 18, 33, 13, 2, 61, 0, 154, 8, 9, 23, 11, 42, 16, 11, 0, 11, 51, 94, 0, 44, 28, 4, 19, 3, 67, 119, 17, 0, 0, 0)
s = 19: (0, 5, 34, 51, 12, 3, 29, 0, 137, 6, 11, 40, 13, 84, 19, 11, 0, 14, 39, 92, 0, 40, 19, 3, 25, 4, 70, 104, 12, 0, 0, 0)
s = 20: (0, 4, 27, 33, 20, 2, 28, 0, 128, 13, 15, 53, 9, 70, 13, 15, 0, 10, 61, 71, 0, 57, 17, 6, 19, 4, 34, 163, 26, 0, 0, 0)
s = 21: (0, 7, 26, 48, 12, 2, 37, 0, 143, 9, 21, 49, 11, 43, 14, 21, 0, 8, 89, 146, 0, 43, 20, 5, 29, 5, 51, 151, 12, 0, 0, 0)
s = 22: (0, 5, 26, 46, 13, 3, 53, 0, 121, 10, 9, 56, 11, 41, 21, 13, 0, 11, 80, 103, 0, 39, 16, 4, 27, 5, 46, 138, 29, 0, 0, 0)
s = 23: (0, 3, 16, 50, 13, 3, 41, 0, 126, 12, 14, 34, 12, 49, 16, 20, 0, 12, 57, 77, 0, 45, 21, 6, 25, 6, 56, 217, 12, 0, 0, 0)
s = 24: (0, 3, 28, 45, 20, 2, 28, 0, 104, 10, 14, 39, 15, 72, 16, 13, 0, 8, 61, 57, 0, 63, 26, 5, 21, 3, 51, 149, 29, 0, 0, 0)
s = 25: (0, 4, 21, 54, 11, 2, 38, 0, 127, 7, 24, 51, 9, 92, 14, 18, 0, 13, 63, 81, 0, 42, 13, 4, 29, 5, 51, 136, 24, 0, 0, 0)
s = 26: (0, 5, 38, 60, 20, 2, 29, 0, 158, 12, 9, 31, 15, 50, 10, 19, 0, 11, 93, 101, 0, 28, 16, 4, 23, 7, 60, 119, 17, 0, 0, 0)
s = 27: (0, 4, 35, 34, 20, 2, 31, 0, 179, 6, 16, 47, 7, 58, 12, 18, 0, 7, 49, 117, 0, 42, 15, 4, 22, 6, 48, 95, 25, 0, 0, 0)
s = 28: (0, 6, 27, 41, 15, 3, 35, 0, 156, 9, 12, 56, 10, 56, 12, 15, 0, 8, 47, 61, 0, 46, 27, 3, 43, 5, 66, 145, 15, 0, 0, 0)
s = 29: (0, 4, 26, 45, 25, 2, 41, 0, 160, 8, 17, 61, 10, 44, 10, 27, 0, 15, 44, 64, 0, 23, 21, 5, 46, 4, 53, 161, 10, 0, 0, 0)
s = 30: (0, 5, 16, 56, 17, 2, 27, 0, 193, 9, 13, 59, 12, 68, 14, 13, 0, 11, 50, 121, 0, 40, 19, 4, 46, 4, 48, 106, 15, 0, 0, 0)
s = 31: (0, 4, 25, 30, 24, 2, 48, 0, 119, 10, 9, 54, 16, 39, 12, 17, 0, 10, 77, 80, 0, 45, 18, 3, 27, 3, 36, 121, 17, 0, 0, 0)
s = 32: (0, 3, 25, 78, 15, 3, 37, 0, 213, 11, 10, 60, 10, 52, 20, 18, 0, 12, 66, 74, 0, 40, 14, 4, 42, 6, 35, 169, 13, 0, 0, 0)
s = 33: (0, 4, 26, 46, 13, 3, 59, 0, 96, 7, 10, 48, 8, 71, 10, 21, 0, 14, 91, 58, 0, 51, 23, 5, 29, 5, 65, 138, 30, 0, 0, 0)
s = 34: (0, 7, 18, 92, 17, 2, 41, 0, 253, 6, 15, 29, 11, 35, 9, 10, 0, 11, 56, 94, 0, 68, 12, 5, 43, 4, 67, 89, 18, 0, 0, 0)
s = 35: (0, 4, 32, 84, 15, 2, 54, 0, 165, 10, 17, 47, 7, 55, 23, 18, 0, 12, 70, 143, 0, 35, 19, 5, 37, 4, 80, 126, 14, 0, 0, 0)
s = 36: (0, 4, 32, 80, 16, 2, 30, 0, 228, 6, 16, 29, 8, 58, 16, 28, 0, 13, 62, 100, 0, 27, 15, 6, 18, 4, 75, 201, 13, 0, 0, 0)
s = 37: (0, 6, 37, 61, 21, 3, 38, 0, 149, 6, 8, 23, 9, 49, 13, 23, 0, 10, 72, 61, 0, 38, 14, 4, 44, 6, 65, 158, 11, 0, 0, 0)
s = 38: (0, 3, 18, 57, 20, 3, 46, 0, 152, 13, 12, 39, 13, 38, 18, 14, 0, 12, 52, 84, 0, 54, 20, 5, 38, 4, 63, 132, 32, 0, 0, 0)
s = 39: (0, 3, 31, 55, 11, 4, 30, 0, 166, 6, 13, 59, 10, 72, 13, 17, 0, 8, 50, 108, 0, 61, 28, 3, 35, 4, 57, 89, 32, 0, 0, 0)
s = 40: (0, 3, 24, 73, 13, 2, 36, 0, 140, 13, 11, 41, 13, 76, 23, 18, 0, 7, 68, 81, 0, 37, 18, 3, 27, 5, 41, 152, 29, 0, 0, 0)
s = 41: (0, 4, 20, 76, 14, 3, 47, 0, 177, 9, 7, 62, 10, 53, 9, 13, 0, 9, 72, 76, 0, 69, 21, 8, 24, 3, 84, 118, 29, 0, 0, 0)
s = 42: (0, 6, 23, 93, 17, 3, 37, 0, 239, 9, 8, 51, 12, 65, 9, 26, 0, 7, 63, 131, 0, 30, 29, 3, 22, 3, 44, 174, 21, 0, 0, 0)
s = 43: (0, 3, 30, 38, 18, 2, 36, 0, 209, 6, 16, 36, 9, 94, 25, 16, 0, 8, 101, 127, 0, 83, 20, 4, 35, 4, 110, 124, 14, 0, 0, 0)
s = 44: (0, 4, 24, 53, 18, 2, 58, 0, 142, 9, 11, 70, 16, 40, 13, 13, 0, 11, 102, 66, 0, 39, 22, 4, 33, 6, 53, 75, 15, 0, 0, 0)
s = 45: (0, 6, 26, 55, 13, 2, 32, 0, 268, 10, 18, 36, 8, 45, 19, 34, 0, 8, 77, 82, 0, 46, 24, 4, 33, 4, 71, 85, 25, 0, 0, 0)
s = 46: (0, 5, 23, 35, 28, 3, 41, 0, 188, 7, 12, 45, 12, 46, 18, 16, 0, 16, 59, 97, 0, 42, 18, 4, 31, 3, 42, 114, 18, 0, 0, 0)
s = 47: (0, 3, 27, 57, 11, 2, 40, 0, 235, 9, 20, 31, 15, 46, 15, 17, 0, 9, 89, 89, 0, 30, 19, 5, 32, 3, 62, 124, 24, 0, 0, 0)
s = 48: (0, 3, 19, 46, 24, 3, 43, 0, 145, 7, 11, 48, 14, 43, 8, 28, 0, 11, 82, 77, 0, 33, 19, 6, 32, 5, 48, 141, 20, 0, 0, 0)
s = 49: (0, 3, 27, 57, 12, 3, 54, 0, 205, 6, 15, 29, 14, 62, 18, 21, 0, 7, 54, 120, 0, 36, 23, 4, 22, 4, 42, 85, 20, 0, 0, 0)
s = 50: (0, 3, 33, 58, 24, 3, 56, 0, 160, 8, 9, 48, 8, 90, 16, 18, 0, 11, 66, 66, 0, 32, 13, 3, 34, 4, 46, 144, 22, 0, 0, 0)
s = 51: (0, 6, 33, 35, 13, 2, 28, 0, 206, 12, 10, 33, 7, 43, 9, 24, 0, 6, 89, 122, 0, 26, 17, 3, 45, 4, 87, 184, 20, 0, 0, 0)
s = 52: (0, 8, 26, 47, 23, 2, 47, 0, 236, 11, 12, 51, 14, 63, 27, 17, 0, 11, 54, 80, 0, 60, 18, 6, 34, 5, 54, 121, 31, 0, 0, 0)
s = 53: (0, 3, 42, 59, 18, 2, 69, 0, 106, 9, 15, 52, 7, 69, 16, 10, 0, 9, 113, 126, 0, 38, 13, 3, 48, 4, 58, 199, 17, 0, 0, 0)
s = 54: (0, 5, 29, 64, 16, 3, 49, 0, 158, 6, 12, 46, 6, 71, 10, 21, 0, 11, 36, 69, 0, 49, 16, 3, 51, 3, 48, 118, 20, 0, 0, 0)
s = 55: (0, 5, 46, 58, 16, 2, 29, 0, 183, 10, 15, 45, 12, 74, 11, 28, 0, 11, 90, 128, 0, 34, 16, 5, 22, 7, 70, 119, 23, 0, 0, 0)
s = 56: (0, 4, 22, 48, 11, 3, 51, 0, 170, 8, 10, 41, 8, 81, 16, 14, 0, 7, 87, 113, 0, 25, 33, 5, 40, 4, 98, 95, 18, 0, 0, 0)
s = 57: (0, 5, 36, 74, 13, 3, 26, 0, 183, 9, 17, 50, 7, 44, 18, 20, 0, 6, 47, 95, 0, 51, 18, 6, 55, 5, 72, 114, 12, 0, 0, 0)
s = 58: (0, 6, 21, 65, 15, 2, 61, 0, 150, 8, 8, 45, 9, 37, 16, 14, 0, 13, 38, 96, 0, 39, 18, 4, 35, 5, 86, 142, 15, 0, 0, 0)
s = 59: (0, 4, 28, 39, 20, 2, 53, 0, 205, 8, 10, 29, 7, 58, 18, 21, 0, 13, 44, 94, 0, 26, 16, 4, 25, 4, 58, 92, 19, 0, 0, 0)
s = 60: (0, 4, 27, 50, 24, 3, 32, 0, 139, 8, 15, 41, 7, 34, 12, 32, 0, 13, 55, 80, 0, 63, 20, 3, 37, 3, 72, 148, 22, 0, 0, 0)
s = 61: (0, 4, 32, 56, 26, 3, 30, 0, 164, 9, 16, 40, 6, 49, 12, 26, 0, 15, 97, 65, 0, 36, 19, 5, 26, 6, 77, 175, 26, 0, 0, 0)
s = 62: (0, 5, 46, 73, 20, 3, 29, 0, 184, 10, 12, 53, 8, 88, 10, 14, 0, 7, 80, 108, 0, 41, 24, 6, 27, 4, 33, 141, 15, 0, 0, 0)
s = 63: (0, 3, 23, 46, 15, 3, 42, 0, 122, 11, 10, 39, 10, 48, 13, 22, 0, 10, 60, 76, 0, 41, 16, 4, 42, 4, 48, 193, 24, 0, 0, 0)
s = 64: (0, 6, 25, 44, 18, 2, 25, 0, 196, 11, 17, 59, 10, 81, 22, 18, 0, 10, 76, 70, 0, 34, 13, 4, 33, 5, 45, 73, 29, 0, 0, 0)
s = 65: (0, 3, 22, 49, 14, 2, 67, 0, 156, 5, 11, 38, 15, 67, 21, 18, 0, 9, 82, 88, 0, 32, 18, 5, 17, 4, 67, 115, 31, 0, 0, 0)
s = 66: (0, 3, 28, 50, 12, 3, 27, 0, 98, 10, 22, 26, 10, 43, 19, 14, 0, 11, 52, 75, 0, 47, 16, 3, 33, 6, 38, 120, 29, 0, 0, 0)
s = 67: (0, 4, 19, 73, 24, 2, 51, 0, 179, 6, 18, 33, 11, 53, 10, 13, 0, 7, 84, 97, 0, 29, 17, 6, 41, 4, 55, 87, 14, 0, 0, 0)
s = 68: (0, 6, 35, 44, 15, 2, 65, 0, 170, 11, 7, 55, 12, 37, 14, 15, 0, 7, 36, 144, 0, 40, 16, 5, 34, 4, 52, 86, 15, 0, 0, 0)
s = 69: (0, 5, 22, 61, 18, 3, 30, 0, 129, 7, 14, 37, 8, 77, 16, 12, 0, 8, 64, 70, 0, 48, 19, 4, 24, 4, 55, 157, 19, 0, 0, 0)
s = 70: (0, 3, 17, 41, 14, 2, 21, 0, 224, 7, 10, 62, 14, 40, 16, 18, 0, 11, 44, 113, 0, 63, 16, 4, 33, 6, 80, 133, 18, 0, 0, 0)
s = 71: (0, 4, 27, 54, 25, 2, 29, 0, 172, 10, 16, 37, 7, 96, 20, 19, 0, 12, 74, 79, 0, 36, 22, 5, 39, 4, 36, 115, 17, 0, 0, 0)
s = 72: (0, 4, 42, 32, 20, 2, 33, 0, 258, 6, 8, 30, 9, 66, 16, 15, 0, 9, 99, 84, 0, 55, 28, 5, 29, 3, 60, 87, 16, 0, 0, 0)
s = 73: (0, 5, 38, 55, 15, 2, 30, 0, 161, 9, 7, 67, 8, 57, 13, 21, 0, 7, 54, 87, 0, 51, 12, 5, 37, 3, 74, 144, 16, 0, 0, 0)
s = 74: (0, 6, 22, 70, 18, 2, 50, 0, 122, 6, 11, 41, 8, 75, 15, 22, 0, 9, 83, 73, 0, 40, 14, 6, 34, 4, 73, 145, 24, 0, 0, 0)
s = 75: (0, 6, 22, 58, 20, 2, 42, 0, 254, 6, 11, 38, 10, 45, 16, 32, 0, 13, 57, 104, 0, 37, 18, 5, 35, 5, 87, 223, 26, 0, 0, 0)
s = 76: (0, 3, 21, 45, 10, 2, 56, 0, 149, 9, 8, 35, 7, 64, 13, 17, 0, 11, 60, 116, 0, 48, 11, 3, 28, 5, 72, 134, 20, 0, 0, 0)
s = 77: (0, 5, 21, 60, 15, 3, 38, 0, 151, 7, 15, 32, 8, 34, 16, 15, 0, 9, 92, 116, 0, 58, 26, 3, 34, 3, 36, 100, 15, 0, 0, 0)
s = 78: (0, 4, 19, 41, 18, 2, 25, 0, 131, 11, 11, 48, 15, 88, 17, 26, 0, 8, 85, 104, 0, 40, 12, 3, 29, 8, 38, 131, 19, 0, 0, 0)
s = 79: (0, 4, 15, 37, 24, 2, 28, 0, 171, 6, 7, 59, 10, 36, 13, 16, 0, 8, 64, 63, 0, 37, 20, 6, 36, 3, 35, 113, 10, 0, 0, 0)
s = 80: (0, 4, 22, 43, 14, 2, 38, 0, 167, 14, 12, 31, 7, 49, 11, 12, 0, 8, 45, 72, 0, 46, 16, 4, 32, 4, 41, 154, 17, 0, 0, 0)
s = 81: (0, 3, 29, 42, 13, 2, 50, 0, 181, 11, 18, 30, 8, 71, 25, 22, 0, 11, 75, 64, 0, 31, 18, 5, 41, 4, 70, 90, 14, 0, 0, 0)
s = 82: (0, 7, 26, 30, 12, 2, 44, 0, 198, 11, 11, 41, 15, 42, 20, 13, 0, 11, 58, 85, 0, 40, 19, 4, 48, 5, 61, 125, 17, 0, 0, 0)
s = 83: (0, 5, 31, 49, 12, 2, 37, 0, 170, 5, 16, 26, 12, 59, 19, 22, 0, 11, 39, 116, 0, 28, 31, 3, 22, 5, 45, 86, 26, 0, 0, 0)
s = 84: (0, 4, 23, 35, 18, 2, 45, 0, 287, 6, 10, 46, 9, 38, 19, 22, 0, 9, 48, 131, 0, 52, 17, 5, 30, 6, 66, 180, 21, 0, 0, 0)
s = 85: (0, 4, 31, 56, 9, 2, 64, 0, 162, 6, 10, 49, 13, 72, 15, 14, 0, 12, 92, 54, 0, 27, 21, 6, 36, 3, 43, 84, 15, 0, 0, 0)
s = 86: (0, 4, 18, 59, 13, 3, 45, 0, 106, 11, 11, 53, 10, 104, 20, 10, 0, 8, 57, 120, 0, 30, 18, 8, 36, 3, 46, 156, 28, 0, 0, 0)
s = 87: (0, 4, 48, 55, 14, 2, 47, 0, 291, 8, 12, 44, 10, 35, 17, 25, 0, 9, 84, 80, 0, 40, 11, 5, 45, 6, 70, 78, 15, 0, 0, 0)
s = 88: (0, 4, 19, 66, 15, 2, 29, 0, 147, 7, 18, 45, 7, 96, 13, 30, 0, 15, 71, 62, 0, 25, 27, 4, 18, 3, 41, 155, 18, 0, 0, 0)
s = 89: (0, 7, 22, 62, 16, 3, 42, 0, 127, 10, 16, 51, 6, 90, 16, 11, 0, 12, 61, 108, 0, 43, 16, 3, 26, 5, 65, 190, 18, 0, 0, 0)
s = 90: (0, 6, 30, 42, 18, 3, 23, 0, 193, 10, 13, 36, 11, 63, 15, 20, 0, 15, 66, 78, 0, 52, 21, 4, 37, 4, 77, 216, 15, 0, 0, 0)
s = 91: (0, 3, 43, 67, 13, 3, 33, 0, 261, 8, 15, 34, 8, 58, 22, 20, 0, 6, 40, 166, 0, 46, 22, 5, 34, 7, 59, 185, 14, 0, 0, 0)
s = 92: (0, 5, 35, 37, 18, 2, 30, 0, 132, 8, 11, 40, 6, 59, 14, 20, 0, 8, 74, 70, 0, 49, 13, 3, 48, 6, 60, 96, 15, 0, 0, 0)
s = 93: (0, 5, 19, 56, 20, 3, 33, 0, 148, 12, 13, 60, 12, 65, 13, 15, 0, 11, 68, 57, 0, 35, 13, 4, 29, 5, 73, 111, 33, 0, 0, 0)
s = 94: (0, 4, 18, 47, 11, 2, 50, 0, 174, 7, 13, 26, 12, 83, 15, 13, 0, 9, 37, 87, 0, 30, 18, 8, 24, 4, 43, 121, 18, 0, 0, 0)
s = 95: (0, 4, 18, 30, 19, 3, 38, 0, 162, 11, 10, 47, 7, 54, 20, 21, 0, 14, 50, 92, 0, 56, 20, 3, 27, 4, 47, 175, 16, 0, 0, 0)
s = 96: (0, 4, 42, 56, 13, 3, 37, 0, 118, 13, 14, 55, 11, 72, 10, 13, 0, 11, 52, 139, 0, 42, 12, 5, 34, 5, 35, 120, 20, 0, 0, 0)
s = 97: (0, 3, 23, 58, 12, 3, 40, 0, 201, 6, 22, 34, 10, 48, 18, 22, 0, 12, 86, 64, 0, 38, 13, 4, 51, 3, 48, 209, 19, 0, 0, 0)
s = 98: (0, 3, 26, 38, 9, 3, 52, 0, 274, 7, 15, 27, 6, 55, 12, 13, 0, 12, 69, 115, 0, 25, 13, 4, 28, 3, 51, 154, 16, 0, 0, 0)
s = 99: (0, 7, 32, 52, 12, 3, 35, 0, 112, 10, 13, 25, 13, 58, 14, 15, 0, 14, 80, 160, 0, 39, 23, 7, 27, 3, 60, 90, 23, 0, 0, 0)
s = 100: (0, 3, 27, 48, 22, 2, 31, 0, 117, 9, 11, 33, 7, 47, 14, 10, 0, 9, 105, 97, 0, 36, 15, 4, 27, 5, 88, 74, 16, 0, 0, 0)
s = 101: (0, 3, 30, 45, 23, 3, 29, 0, 127, 6, 9, 36, 11, 66, 13, 18, 0, 9, 73, 64, 0, 25, 15, 5, 27, 5, 71, 193, 22, 0, 0, 0)
s = 102: (0, 3, 23, 40, 10, 4, 47, 0, 189, 7, 16, 52, 12, 57, 19, 15, 0, 14, 54, 149, 0, 44, 17, 5, 48, 4, 38, 111, 17, 0, 0, 0)
s = 103: (0, 5, 26, 48, 15, 2, 34, 0, 176, 11, 14, 51, 10, 43, 16, 13, 0, 10, 60, 69, 0, 41, 26, 3, 30, 4, 56, 170, 16, 0, 0, 0)
s = 104: (0, 8, 29, 57, 12, 3, 25, 0, 211, 10, 7, 29, 11, 52, 24, 14, 0, 9, 50, 117, 0, 55, 20, 5, 49, 4, 72, 204, 20, 0, 0, 0)
s = 105: (0, 4, 21, 46, 22, 3, 46, 0, 159, 10, 16, 23, 8, 59, 15, 22, 0, 8, 54, 131, 0, 24, 21, 4, 28, 3, 59, 90, 23, 0, 0, 0)
s = 106: (0, 3, 37, 39, 10, 3, 47, 0, 169, 11, 12, 38, 7, 42, 14, 15, 0, 15, 87, 109, 0, 68, 25, 5, 23, 3, 35, 108, 26, 0, 0, 0)
s = 107: (0, 4, 20, 58, 14, 3, 40, 0, 158, 13, 18, 63, 9, 35, 11, 11, 0, 15, 54, 131, 0, 55, 21, 3, 32, 4, 59, 129, 24, 0, 0, 0)
s = 108: (0, 3, 42, 46, 13, 2, 44, 0, 143, 11, 16, 39, 9, 61, 18, 26, 0, 10, 55, 95, 0, 31, 24, 4, 36, 4, 60, 107, 22, 0, 0, 0)
s = 109: (0, 5, 31, 38, 18, 2, 50, 0, 195, 14, 20, 38, 5, 35, 19, 28, 0, 14, 60, 74, 0, 45, 24, 4, 24, 5, 48, 143, 19, 0, 0, 0)
s = 110: (0, 4, 41, 80, 11, 3, 24, 0, 296, 9, 14, 61, 14, 64, 19, 29, 0, 14, 54, 97, 0, 31, 25, 5, 36, 5, 40, 142, 13, 0, 0, 0)
s = 111: (0, 7, 31, 37, 13, 2, 37, 0, 198, 8, 11, 49, 7, 58, 26, 14, 0, 7, 52, 95, 0, 64, 28, 4, 32, 4, 53, 173, 21, 0, 0, 0)
s = 112: (0, 5, 28, 65, 17, 2, 32, 0, 241, 5, 12, 52, 8, 90, 20, 18, 0, 12, 70, 88, 0, 43, 14, 6, 21, 3, 46, 85, 15, 0, 0, 0)
s = 113: (0, 4, 39, 47, 11, 2, 47, 0, 193, 15, 13, 37, 6, 61, 15, 22, 0, 10, 84, 92, 0, 48, 24, 5, 40, 5, 75, 175, 25, 0, 0, 0)
s = 114: (0, 4, 31, 49, 16, 2, 28, 0, 236, 11, 16, 50, 7, 45, 24, 21, 0, 14, 78, 68, 0, 40, 24, 5, 35, 5, 51, 130, 17, 0, 0, 0)
s = 115: (0, 6, 15, 59, 27, 2, 40, 0, 148, 5, 8, 42, 10, 104, 20, 18, 0, 10, 44, 53, 0, 34, 23, 6, 43, 5, 64, 86, 14, 0, 0, 0)
s = 116: (0, 3, 18, 53, 12, 2, 52, 0, 111, 7, 8, 39, 13, 88, 16, 12, 0, 8, 67, 73, 0, 37, 18, 4, 46, 4, 66, 154, 14, 0, 0, 0)
s = 117: (0, 4, 20, 57, 18, 3, 32, 0, 177, 8, 7, 53, 8, 93, 11, 23, 0, 12, 76, 144, 0, 57, 13, 4, 31, 5, 32, 180, 18, 0, 0, 0)
s = 118: (0, 5, 29, 77, 13, 2, 53, 0, 176, 10, 12, 24, 7, 51, 15, 12, 0, 11, 74, 76, 0, 35, 24, 3, 40, 3, 70, 158, 14, 0, 0, 0)
s = 119: (0, 7, 16, 54, 21, 3, 36, 0, 100, 10, 10, 27, 12, 73, 21, 23, 0, 12, 50, 101, 0, 22, 15, 6, 33, 3, 103, 115, 20, 0, 0, 0)
s = 120: (0, 5, 46, 37, 26, 2, 47, 0, 191, 9, 15, 46, 8, 88, 14, 27, 0, 9, 69, 161, 0, 53, 27, 4, 28, 6, 42, 147, 16, 0, 0, 0)
s = 121: (0, 4, 33, 33, 12, 2, 51, 0, 140, 9, 9, 27, 14, 46, 16, 15, 0, 11, 73, 94, 0, 27, 15, 7, 26, 4, 65, 101, 23, 0, 0, 0)
s = 122: (0, 5, 19, 74, 17, 3, 32, 0, 198, 14, 16, 33, 12, 42, 19, 14, 0, 9, 46, 95, 0, 52, 26, 5, 31, 4, 48, 207, 11, 0, 0, 0)
s = 123: (0, 4, 35, 71, 13, 3, 51, 0, 140, 10, 11, 28, 8, 38, 13, 15, 0, 8, 40, 73, 0, 30, 17, 4, 44, 5, 43, 116, 15, 0, 0, 0)
s = 124: (0, 4, 22, 52, 14, 2, 37, 0, 169, 7, 10, 33, 6, 60, 21, 19, 0, 11, 54, 78, 0, 64, 18, 6, 33, 4, 71, 217, 12, 0, 0, 0)
s = 125: (0, 4, 31, 42, 10, 3, 46, 0, 218, 8, 18, 34, 8, 98, 14, 12, 0, 11, 42, 68, 0, 37, 18, 3, 32, 5, 34, 157, 26, 0, 0, 0)
s = 126: (0, 5, 17, 63, 18, 3, 36, 0, 167, 10, 11, 38, 12, 48, 11, 16, 0, 8, 88, 58, 0, 38, 20, 4, 39, 6, 57, 160, 15, 0, 0, 0)
s = 127: (0, 6, 23, 66, 11, 2, 49, 0, 240, 7, 10, 41, 9, 45, 18, 26, 0, 9, 61, 66, 0, 33, 18, 4, 40, 7, 96, 177, 17, 0, 0, 0)
s = 128: (0, 4, 36, 42, 13, 3, 40, 0, 216, 8, 19, 49, 14, 41, 18, 14, 0, 7, 66, 87, 0, 29, 11, 4, 25, 4, 42, 136, 14, 0, 0, 0)
s = 129: (0, 3, 15, 80, 28, 2, 39, 0, 233, 7, 11, 33, 10, 85, 13, 14, 0, 8, 117, 101, 0, 50, 15, 5, 36, 4, 39, 107, 11, 0, 0, 0)
s = 130: (0, 5, 18, 68, 12, 3, 61, 0, 235, 8, 16, 35, 8, 63, 11, 16, 0, 10, 76, 164, 0, 26, 15, 6, 47, 3, 69, 95, 18, 0, 0, 0)
s = 131: (0, 7, 22, 61, 13, 2, 30, 0, 236, 6, 10, 26, 9, 36, 12, 18, 0, 9, 56, 101, 0, 34, 21, 4, 32, 5, 35, 198, 17, 0, 0, 0)
s = 132: (0, 4, 20, 71, 21, 3, 49, 0, 101, 7, 17, 40, 6, 38, 20, 19, 0, 6, 58, 109, 0, 42, 22, 7, 37, 5, 64, 97, 20, 0, 0, 0)
s = 133: (0, 4, 22, 37, 20, 3, 24, 0, 117, 9, 10, 36, 8, 67, 19, 11, 0, 16, 107, 81, 0, 30, 20, 4, 32, 5, 41, 112, 21, 0, 0, 0)
s = 134: (0, 4, 23, 47, 15, 2, 63, 0, 251, 10, 11, 50, 12, 71, 10, 30, 0, 9, 43, 58, 0, 46, 26, 6, 48, 3, 86, 141, 19, 0, 0, 0)
s = 135: (0, 4, 40, 39, 18, 2, 43, 0, 121, 9, 8, 56, 13, 62, 22, 16, 0, 13, 54, 68, 0, 32, 23, 4, 20, 3, 59, 134, 15, 0, 0, 0)
s = 136: (0, 5, 21, 51, 18, 2, 37, 0, 152, 7, 14, 27, 10, 47, 13, 25, 0, 12, 78, 148, 0, 53, 14, 5, 28, 5, 60, 123, 20, 0, 0, 0)
s = 137: (0, 5, 25, 53, 10, 4, 43, 0, 157, 6, 12, 64, 11, 41, 10, 16, 0, 6, 53, 84, 0, 24, 28, 5, 41, 4, 36, 145, 15, 0, 0, 0)
s = 138: (0, 3, 28, 31, 18, 2, 27, 0, 129, 7, 8, 66, 8, 48, 14, 15, 0, 7, 104, 52, 0, 35, 18, 4, 28, 4, 57, 123, 14, 0, 0, 0)
s = 139: (0, 4, 25, 56, 11, 2, 27, 0, 131, 7, 9, 46, 11, 53, 11, 22, 0, 10, 52, 77, 0, 30, 18, 3, 31, 6, 60, 142, 22, 0, 0, 0)
s = 140: (0, 6, 15, 47, 11, 2, 31, 0, 207, 5, 10, 32, 10, 85, 12, 12, 0, 11, 43, 142, 0, 27, 10, 4, 27, 4, 56, 171, 20, 0, 0, 0)
s = 141: (0, 6, 25, 45, 26, 2, 52, 0, 136, 13, 8, 46, 9, 78, 15, 17, 0, 10, 85, 72, 0, 40, 13, 3, 20, 3, 61, 146, 17, 0, 0, 0)
s = 142: (0, 5, 38, 57, 14, 3, 39, 0, 239, 8, 8, 36, 8, 71, 21, 13, 0, 7, 35, 121, 0, 25, 29, 4, 40, 5, 48, 174, 27, 0, 0, 0)
s = 143: (0, 4, 44, 52, 12, 2, 36, 0, 128, 11, 10, 48, 9, 84, 14, 12, 0, 10, 57, 116, 0, 49, 26, 5, 33, 3, 44, 99, 16, 0, 0, 0)
s = 144: (0, 4, 22, 52, 19, 3, 27, 0, 174, 6, 12, 35, 13, 59, 12, 14, 0, 14, 77, 111, 0, 25, 21, 4, 47, 4, 55, 166, 13, 0, 0, 0)
s = 145: (0, 4, 24, 37, 16, 2, 32, 0, 152, 10, 11, 38, 8, 42, 15, 13, 0, 9, 65, 80, 0, 37, 14, 3, 22, 6, 93, 171, 20, 0, 0, 0)
s = 146: (0, 5, 18, 44, 12, 3, 57, 0, 142, 10, 11, 73, 11, 69, 20, 10, 0, 11, 73, 87, 0, 23, 22, 5, 26, 5, 73, 174, 21, 0, 0, 0)
s = 147: (0, 6, 24, 32, 11, 2, 29, 0, 250, 7, 10, 29, 9, 39, 19, 22, 0, 9, 58, 120, 0, 41, 16, 4, 35, 5, 83, 118, 15, 0, 0, 0)
s = 148: (0, 7, 16, 42, 13, 3, 39, 0, 162, 9, 16, 30, 7, 47, 21, 17, 0, 6, 46, 66, 0, 41, 15, 5, 24, 6, 37, 194, 15, 0, 0, 0)
s = 149: (0, 4, 22, 60, 20, 2, 56, 0, 89, 6, 13, 35, 7, 43, 18, 16, 0, 9, 49, 159, 0, 45, 18, 4, 33, 7, 46, 227, 28, 0, 0, 0)
s = 150: (0, 4, 30, 87, 19, 4, 50, 0, 230, 11, 9, 36, 11, 70, 20, 21, 0, 9, 45, 151, 0, 31, 15, 4, 54, 3, 46, 107, 19, 0, 0, 0)
s = 151: (0, 7, 38, 63, 16, 2, 46, 0, 280, 6, 11, 49, 7, 64, 12, 16, 0, 9, 80, 64, 0, 46, 15, 7, 34, 4, 53, 107, 19, 0, 0, 0)
s = 152: (0, 5, 28, 31, 15, 4, 56, 0, 169, 9, 8, 39, 11, 59, 26, 12, 0, 9, 84, 64, 0, 40, 20, 3, 36, 6, 43, 184, 25, 0, 0, 0)
s = 153: (0, 6, 29, 40, 19, 3, 28, 0, 134, 9, 8, 29, 7, 37, 17, 17, 0, 9, 81, 164, 0, 37, 20, 5, 33, 4, 41, 129, 11, 0, 0, 0)
s = 154: (0, 3, 27, 53, 26, 2, 55, 0, 164, 8, 16, 44, 11, 38, 17, 34, 0, 10, 77, 94, 0, 38, 17, 4, 37, 7, 86, 114, 19, 0, 0, 0)
s = 155: (0, 4, 29, 48, 19, 2, 46, 0, 130, 9, 13, 38, 7, 43, 22, 14, 0, 8, 105, 96, 0, 38, 23, 6, 30, 6, 39, 148, 11, 0, 0, 0)
s = 156: (0, 4, 24, 50, 15, 2, 38, 0, 183, 8, 17, 36, 11, 41, 19, 20, 0, 7, 61, 92, 0, 45, 17, 6, 41, 6, 91, 135, 12, 0, 0, 0)
s = 157: (0, 4, 18, 54, 25, 3, 44, 0, 216, 6, 16, 53, 8, 101, 18, 19, 0, 12, 77, 150, 0, 37, 18, 4, 37, 4, 37, 129, 23, 0, 0, 0)
s = 158: (0, 4, 21, 65, 24, 3, 38, 0, 136, 8, 18, 26, 13, 73, 18, 19, 0, 10, 69, 84, 0, 51, 11, 3, 34, 3, 67, 90, 19, 0, 0, 0)
s = 159: (0, 4, 22, 34, 14, 3, 32, 0, 125, 5, 14, 72, 6, 60, 13, 30, 0, 9, 56, 65, 0, 28, 22, 6, 32, 4, 66, 118, 16, 0, 0, 0)
s = 160: (0, 5, 28, 64, 11, 2, 29, 0, 116, 7, 15, 36, 13, 76, 19, 24, 0, 11, 46, 147, 0, 47, 17, 5, 23, 5, 84, 132, 19, 0, 0, 0)
s = 161: (0, 3, 23, 66, 12, 3, 58, 0, 106, 9, 11, 44, 7, 48, 15, 27, 0, 10, 59, 93, 0, 43, 21, 4, 25, 4, 35, 188, 23, 0, 0, 0)
s = 162: (0, 3, 39, 51, 16, 2, 33, 0, 136, 11, 10, 45, 7, 88, 14, 12, 0, 13, 63, 64, 0, 65, 14, 3, 51, 4, 35, 125, 16, 0, 0, 0)
s = 163: (0, 3, 40, 46, 22, 3, 34, 0, 153, 5, 15, 31, 6, 60, 13, 12, 0, 15, 51, 113, 0, 47, 22, 5, 50, 4, 46, 88, 16, 0, 0, 0)
s = 164: (0, 4, 32, 67, 23, 2, 36, 0, 170, 6, 11, 44, 10, 78, 13, 11, 0, 6, 61, 76, 0, 26, 18, 5, 44, 4, 67, 152, 16, 0, 0, 0)
s = 165: (0, 4, 18, 54, 14, 3, 35, 0, 121, 9, 16, 49, 7, 56, 11, 14, 0, 11, 73, 87, 0, 37, 25, 7, 24, 3, 76, 96, 15, 0, 0, 0)
s = 166: (0, 4, 23, 91, 13, 2, 53, 0, 143, 10, 15, 34, 8, 39, 12, 21, 0, 10, 39, 138, 0, 32, 11, 6, 32, 6, 70, 174, 17, 0, 0, 0)
s = 167: (0, 4, 21, 38, 26, 2, 31, 0, 219, 11, 11, 41, 17, 57, 14, 22, 0, 11, 68, 111, 0, 50, 13, 5, 40, 4, 46, 206, 13, 0, 0, 0)
s = 168: (0, 4, 37, 65, 13, 3, 42, 0, 163, 9, 15, 63, 9, 55, 10, 29, 0, 14, 105, 127, 0, 33, 18, 4, 39, 4, 70, 136, 13, 0, 0, 0)
s = 169: (0, 4, 24, 79, 10, 2, 35, 0, 137, 7, 16, 31, 10, 58, 12, 21, 0, 12, 54, 139, 0, 25, 17, 4, 28, 7, 58, 153, 20, 0, 0, 0)
s = 170: (0, 3, 29, 60, 23, 3, 52, 0, 195, 11, 14, 66, 11, 52, 18, 24, 0, 10, 44, 63, 0, 33, 14, 5, 29, 3, 72, 114, 14, 0, 0, 0)
s = 171: (0, 3, 40, 73, 9, 2, 46, 0, 116, 10, 16, 46, 7, 79, 15, 11, 0, 12, 57, 99, 0, 30, 18, 4, 28, 4, 33, 102, 19, 0, 0, 0)
s = 172: (0, 5, 30, 47, 11, 3, 30, 0, 118, 10, 11, 33, 10, 42, 13, 25, 0, 6, 42, 70, 0, 29, 18, 3, 45, 8, 54, 152, 20, 0, 0, 0)
s = 173: (0, 6, 29, 55, 23, 3, 52, 0, 161, 13, 19, 55, 7, 48, 11, 21, 0, 11, 48, 75, 0, 26, 22, 6, 48, 6, 55, 100, 15, 0, 0, 0)
s = 174: (0, 6, 16, 88, 14, 3, 34, 0, 151, 10, 12, 39, 14, 38, 11, 23, 0, 11, 51, 96, 0, 34, 21, 5, 32, 3, 33, 109, 11, 0, 0, 0)
s = 175: (0, 3, 31, 50, 13, 3, 30, 0, 159, 8, 11, 44, 7, 68, 11, 23, 0, 6, 76, 116, 0, 33, 20, 5, 58, 3, 53, 106, 25, 0, 0, 0)
s = 176: (0, 4, 35, 48, 23, 3, 33, 0, 198, 9, 11, 49, 10, 39, 14, 26, 0, 7, 56, 91, 0, 50, 20, 5, 45, 3, 49, 146, 26, 0, 0, 0)
s = 177: (0, 3, 25, 50, 21, 3, 37, 0, 188, 10, 11, 37, 10, 86, 15, 16, 0, 12, 71, 105, 0, 53, 14, 4, 31, 4, 68, 109, 15, 0, 0, 0)
s = 178: (0, 3, 27, 71, 18, 2, 49, 0, 209, 12, 8, 59, 15, 82, 14, 13, 0, 8, 77, 53, 0, 65, 17, 5, 24, 4, 86, 198, 14, 0, 0, 0)
s = 179: (0, 3, 39, 31, 17, 2, 42, 0, 112, 14, 14, 39, 11, 51, 12, 17, 0, 6, 75, 85, 0, 27, 22, 4, 47, 5, 71, 118, 28, 0, 0, 0)
s = 180: (0, 6, 22, 72, 11, 3, 29, 0, 178, 9, 16, 35, 10, 41, 14, 16, 0, 8, 60, 105, 0, 43, 14, 4, 47, 7, 54, 103, 12, 0, 0, 0)
s = 181: (0, 5, 29, 46, 11, 3, 33, 0, 196, 7, 12, 67, 9, 60, 20, 21, 0, 15, 101, 51, 0, 58, 17, 5, 35, 4, 47, 180, 27, 0, 0, 0)
s = 182: (0, 5, 44, 64, 21, 3, 26, 0, 300, 11, 9, 64, 12, 39, 12, 16, 0, 18, 75, 77, 0, 47, 10, 4, 28, 4, 39, 86, 25, 0, 0, 0)
s = 183: (0, 5, 15, 40, 18, 2, 45, 0, 94, 10, 20, 35, 9, 84, 20, 18, 0, 14, 57, 53, 0, 48, 17, 5, 42, 4, 94, 90, 19, 0, 0, 0)
s = 184: (0, 3, 25, 40, 16, 2, 29, 0, 122, 5, 8, 46, 8, 75, 22, 21, 0, 15, 86, 71, 0, 33, 28, 4, 35, 3, 65, 131, 26, 0, 0, 0)
s = 185: (0, 4, 27, 37, 10, 4, 57, 0, 187, 9, 11, 42, 8, 56, 21, 14, 0, 12, 44, 70, 0, 45, 14, 4, 41, 3, 48, 159, 22, 0, 0, 0)
s = 186: (0, 5, 25, 58, 24, 4, 44, 0, 128, 11, 16, 34, 9, 35, 14, 11, 0, 12, 107, 130, 0, 31, 18, 3, 44, 4, 55, 132, 18, 0, 0, 0)
s = 187: (0, 5, 33, 59, 20, 3, 24, 0, 181, 7, 7, 28, 6, 56, 10, 19, 0, 13, 64, 97, 0, 39, 17, 6, 35, 5, 37, 150, 17, 0, 0, 0)
s = 188: (0, 4, 36, 54, 13, 3, 57, 0, 230, 12, 13, 54, 7, 74, 19, 13, 0, 7, 58, 152, 0, 52, 17, 4, 28, 4, 71, 141, 11, 0, 0, 0)
s = 189: (0, 4, 40, 33, 14, 2, 43, 0, 131, 9, 15, 39, 8, 37, 16, 25, 0, 8, 98, 67, 0, 45, 17, 6, 26, 6, 83, 116, 16, 0, 0, 0)
s = 190: (0, 6, 22, 46, 11, 2, 46, 0, 183, 9, 13, 39, 11, 51, 16, 11, 0, 9, 60, 57, 0, 46, 27, 5, 24, 3, 60, 259, 20, 0, 0, 0)
s = 191: (0, 5, 27, 75, 23, 2, 50, 0, 138, 8, 10, 55, 7, 58, 13, 21, 0, 11, 109, 70, 0, 50, 16, 3, 33, 5, 44, 122, 22, 0, 0, 0)
s = 192: (0, 4, 23, 37, 17, 2, 65, 0, 206, 8, 14, 34, 8, 44, 14, 14, 0, 10, 67, 70, 0, 28, 16, 4, 33, 6, 30, 111, 13, 0, 0, 0)
s = 193: (0, 5, 16, 59, 9, 3, 39, 0, 126, 9, 21, 38, 10, 66, 15, 22, 0, 14, 90, 83, 0, 33, 16, 4, 30, 5, 75, 118, 15, 0, 0, 0)
s = 194: (0, 6, 30, 64, 14, 2, 41, 0, 137, 11, 13, 50, 14, 79, 13, 11, 0, 15, 60, 148, 0, 30, 19, 3, 32, 4, 72, 217, 12, 0, 0, 0)
s = 195: (0, 3, 33, 81, 17, 2, 46, 0, 243, 10, 13, 30, 12, 56, 11, 25, 0, 12, 90, 86, 0, 48, 27, 5, 30, 3, 44, 188, 10, 0, 0, 0)
s = 196: (0, 5, 24, 51, 16, 2, 51, 0, 185, 8, 13, 58, 8, 37, 17, 13, 0, 11, 94, 90, 0, 24, 14, 6, 26, 5, 36, 117, 15, 0, 0, 0)
s = 197: (0, 6, 24, 55, 24, 3, 39, 0, 199, 8, 9, 32, 10, 45, 10, 15, 0, 14, 75, 86, 0, 33, 15, 4, 21, 4, 58, 218, 16, 0, 0, 0)
s = 198: (0, 3, 28, 41, 16, 2, 30, 0, 237, 7, 12, 56, 8, 104, 17, 15, 0, 10, 49, 93, 0, 55, 23, 6, 59, 3, 41, 141, 19, 0, 0, 0)
s = 199: (0, 3, 33, 40, 25, 2, 24, 0, 152, 9, 8, 59, 14, 68, 15, 15, 0, 10, 69, 117, 0, 31, 13, 4, 28, 4, 44, 110, 16, 0, 0, 0)
s = 200: (0, 5, 15, 39, 15, 3, 31, 0, 256, 9, 15, 27, 7, 41, 23, 16, 0, 9, 80, 81, 0, 28, 20, 4, 49, 4, 79, 139, 24, 0, 0, 0)
------------------------------------------------------------------------
RESOURCE k = 2
s = 1: (0, 0, 0, 39, 14, 7, 73, 47, 213, 0, 6, 0, 0, 0, 8, 16, 62, 0, 34, 54, 20, 0, 48, 12, 22, 8, 0, 106, 56, 29, 53, 0)
s = 2: (0, 0, 0, 16, 11, 6, 69, 42, 145, 0, 4, 0, 0, 0, 6, 14, 154, 0, 51, 46, 13, 0, 81, 13, 44, 6, 0, 93, 122, 26, 54, 0)
s = 3: (0, 0, 0, 22, 16, 7, 151, 74, 270, 0, 5, 0, 0, 0, 5, 17, 56, 0, 38, 38, 16, 0, 81, 9, 28, 4, 0, 63, 41, 42, 61, 0)
s = 4: (0, 0, 0, 28, 12, 9, 76, 35, 187, 0, 5, 0, 0, 0, 7, 13, 50, 0, 44, 40, 22, 0, 92, 8, 47, 5, 0, 60, 74, 38, 59, 0)
s = 5: (0, 0, 0, 57, 17, 8, 103, 63, 246, 0, 8, 0, 0, 0, 6, 26, 72, 0, 26, 70, 23, 0, 82, 11, 53, 5, 0, 85, 81, 45, 81, 0)
s = 6: (0, 0, 0, 22, 15, 8, 93, 39, 211, 0, 8, 0, 0, 0, 9, 16, 144, 0, 34, 35, 11, 0, 60, 9, 37, 4, 0, 74, 50, 42, 84, 0)
s = 7: (0, 0, 0, 39, 20, 11, 88, 61, 296, 0, 8, 0, 0, 0, 5, 11, 111, 0, 40, 59, 15, 0, 65, 16, 50, 7, 0, 116, 70, 47, 91, 0)
s = 8: (0, 0, 0, 17, 13, 12, 112, 48, 205, 0, 8, 0, 0, 0, 9, 15, 84, 0, 50, 26, 15, 0, 53, 12, 48, 3, 0, 116, 103, 30, 58, 0)
s = 9: (0, 0, 0, 27, 13, 10, 65, 37, 148, 0, 6, 0, 0, 0, 6, 19, 94, 0, 47, 59, 11, 0, 76, 7, 38, 3, 0, 115, 58, 35, 55, 0)
s = 10: (0, 0, 0, 36, 27, 13, 161, 60, 170, 0, 10, 0, 0, 0, 9, 18, 109, 0, 42, 34, 20, 0, 84, 7, 44, 8, 0, 104, 41, 39, 73, 0)
s = 11: (0, 0, 0, 26, 20, 8, 102, 69, 220, 0, 4, 0, 0, 0, 4, 22, 96, 0, 56, 57, 18, 0, 81, 12, 62, 5, 0, 101, 85, 33, 85, 0)
s = 12: (0, 0, 0, 19, 10, 8, 113, 49, 180, 0, 7, 0, 0, 0, 8, 24, 82, 0, 35, 66, 23, 0, 68, 10, 53, 5, 0, 68, 132, 27, 53, 0)
s = 13: (0, 0, 0, 33, 10, 7, 64, 28, 148, 0, 10, 0, 0, 0, 5, 21, 93, 0, 42, 68, 13, 0, 106, 10, 65, 5, 0, 118, 98, 38, 90, 0)
s = 14: (0, 0, 0, 44, 22, 9, 107, 50, 264, 0, 7, 0, 0, 0, 5, 16, 96, 0, 23, 38, 23, 0, 48, 10, 45, 4, 0, 111, 55, 37, 41, 0)
s = 15: (0, 0, 0, 31, 14, 5, 70, 74, 218, 0, 9, 0, 0, 0, 8, 12, 111, 0, 21, 55, 25, 0, 86, 12, 43, 4, 0, 119, 90, 35, 85, 0)
s = 16: (0, 0, 0, 33, 15, 10, 85, 32, 194, 0, 4, 0, 0, 0, 5, 19, 104, 0, 40, 55, 15, 0, 37, 10, 46, 6, 0, 152, 97, 39, 40, 0)
s = 17: (0, 0, 0, 43, 23, 9, 83, 52, 188, 0, 7, 0, 0, 0, 6, 12, 123, 0, 39, 40, 19, 0, 41, 14, 42, 5, 0, 63, 92, 27, 89, 0)
s = 18: (0, 0, 0, 18, 13, 8, 152, 68, 181, 0, 5, 0, 0, 0, 7, 11, 64, 0, 28, 47, 9, 0, 98, 8, 24, 4, 0, 85, 65, 38, 85, 0)
s = 19: (0, 0, 0, 28, 12, 11, 73, 61, 161, 0, 6, 0, 0, 0, 8, 11, 57, 0, 21, 46, 21, 0, 65, 7, 31, 5, 0, 74, 46, 38, 56, 0)
s = 20: (0, 0, 0, 19, 20, 5, 70, 47, 151, 0, 8, 0, 0, 0, 5, 15, 68, 0, 34, 36, 15, 0, 57, 14, 23, 5, 0, 117, 104, 44, 99, 0)
s = 21: (0, 0, 0, 27, 12, 7, 92, 47, 168, 0, 11, 0, 0, 0, 6, 21, 49, 0, 49, 73, 13, 0, 69, 12, 37, 6, 0, 108, 48, 43, 82, 0)
s = 22: (0, 0, 0, 26, 13, 9, 131, 39, 142, 0, 5, 0, 0, 0, 9, 13, 58, 0, 44, 52, 10, 0, 55, 9, 34, 6, 0, 99, 113, 50, 63, 0)
s = 23: (0, 0, 0, 28, 13, 11, 103, 53, 148, 0, 7, 0, 0, 0, 7, 20, 85, 0, 31, 39, 29, 0, 71, 15, 31, 8, 0, 155, 47, 31, 53, 0)
s = 24: (0, 0, 0, 25, 20, 6, 69, 49, 122, 0, 7, 0, 0, 0, 7, 13, 158, 0, 33, 29, 12, 0, 89, 12, 26, 4, 0, 106, 115, 20, 100, 0)
s = 25: (0, 0, 0, 30, 11, 8, 94, 58, 149, 0, 12, 0, 0, 0, 6, 18, 73, 0, 35, 41, 12, 0, 45, 9, 36, 6, 0, 97, 95, 25, 40, 0)
s = 26: (0, 0, 0, 34, 20, 6, 72, 58, 186, 0, 5, 0, 0, 0, 4, 19, 130, 0, 51, 51, 25, 0, 56, 8, 29, 8, 0, 85, 66, 27, 75, 0)
s = 27: (0, 0, 0, 19, 20, 8, 77, 31, 211, 0, 8, 0, 0, 0, 5, 18, 95, 0, 27, 59, 10, 0, 52, 9, 27, 7, 0, 68, 99, 29, 32, 0)
s = 28: (0, 0, 0, 23, 15, 9, 88, 45, 184, 0, 6, 0, 0, 0, 5, 15, 115, 0, 26, 31, 17, 0, 95, 7, 53, 6, 0, 104, 60, 39, 75, 0)
s = 29: (0, 0, 0, 25, 25, 7, 101, 61, 188, 0, 9, 0, 0, 0, 4, 27, 99, 0, 24, 32, 12, 0, 72, 12, 57, 5, 0, 115, 39, 50, 58, 0)
s = 30: (0, 0, 0, 31, 17, 7, 66, 51, 227, 0, 7, 0, 0, 0, 6, 13, 119, 0, 28, 61, 13, 0, 66, 9, 57, 5, 0, 76, 59, 21, 46, 0)
s = 31: (0, 0, 0, 17, 24, 7, 118, 50, 140, 0, 5, 0, 0, 0, 5, 17, 77, 0, 42, 40, 28, 0, 62, 8, 34, 4, 0, 87, 68, 28, 59, 0)
s = 32: (0, 0, 0, 44, 15, 11, 92, 53, 251, 0, 5, 0, 0, 0, 8, 18, 97, 0, 36, 37, 10, 0, 48, 9, 53, 8, 0, 121, 49, 24, 84, 0)
s = 33: (0, 0, 0, 26, 13, 12, 148, 42, 113, 0, 5, 0, 0, 0, 4, 21, 70, 0, 50, 29, 16, 0, 81, 11, 36, 6, 0, 98, 120, 33, 67, 0)
s = 34: (0, 0, 0, 51, 17, 8, 101, 37, 297, 0, 8, 0, 0, 0, 4, 10, 91, 0, 31, 47, 17, 0, 41, 13, 53, 5, 0, 63, 71, 40, 48, 0)
s = 35: (0, 0, 0, 47, 15, 7, 133, 48, 195, 0, 9, 0, 0, 0, 9, 18, 108, 0, 39, 72, 17, 0, 66, 13, 46, 5, 0, 90, 53, 32, 53, 0)
s = 36: (0, 0, 0, 45, 16, 8, 75, 35, 268, 0, 8, 0, 0, 0, 7, 28, 70, 0, 34, 50, 20, 0, 52, 14, 23, 5, 0, 144, 51, 48, 44, 0)
s = 37: (0, 0, 0, 34, 21, 10, 95, 49, 175, 0, 4, 0, 0, 0, 6, 23, 71, 0, 39, 31, 13, 0, 48, 9, 55, 8, 0, 113, 44, 24, 66, 0)
s = 38: (0, 0, 0, 32, 20, 9, 114, 47, 179, 0, 6, 0, 0, 0, 8, 14, 93, 0, 28, 42, 15, 0, 70, 11, 47, 5, 0, 95, 126, 33, 89, 0)
s = 39: (0, 0, 0, 31, 11, 15, 75, 49, 196, 0, 7, 0, 0, 0, 6, 17, 83, 0, 27, 54, 14, 0, 98, 8, 44, 5, 0, 64, 125, 23, 99, 0)
s = 40: (0, 0, 0, 41, 13, 6, 90, 54, 165, 0, 6, 0, 0, 0, 9, 18, 90, 0, 37, 41, 16, 0, 62, 8, 34, 7, 0, 109, 113, 54, 60, 0)
s = 41: (0, 0, 0, 42, 14, 12, 118, 48, 208, 0, 4, 0, 0, 0, 4, 13, 74, 0, 39, 38, 13, 0, 72, 20, 30, 3, 0, 84, 114, 48, 51, 0)
s = 42: (0, 0, 0, 52, 17, 9, 91, 37, 281, 0, 4, 0, 0, 0, 4, 26, 133, 0, 35, 66, 13, 0, 99, 7, 27, 4, 0, 125, 82, 28, 86, 0)
s = 43: (0, 0, 0, 22, 18, 8, 90, 45, 246, 0, 8, 0, 0, 0, 10, 16, 123, 0, 56, 64, 26, 0, 67, 10, 44, 5, 0, 89, 55, 27, 43, 0)
s = 44: (0, 0, 0, 30, 18, 7, 143, 31, 167, 0, 6, 0, 0, 0, 6, 13, 101, 0, 56, 33, 18, 0, 75, 9, 41, 7, 0, 54, 58, 29, 77, 0)
s = 45: (0, 0, 0, 31, 13, 8, 78, 60, 315, 0, 9, 0, 0, 0, 8, 34, 60, 0, 42, 41, 18, 0, 84, 10, 41, 4, 0, 61, 100, 38, 54, 0)
s = 46: (0, 0, 0, 20, 28, 12, 103, 32, 221, 0, 6, 0, 0, 0, 8, 16, 70, 0, 32, 49, 13, 0, 62, 8, 39, 3, 0, 82, 70, 34, 42, 0)
s = 47: (0, 0, 0, 32, 11, 7, 98, 46, 276, 0, 10, 0, 0, 0, 6, 17, 82, 0, 49, 45, 14, 0, 66, 11, 40, 4, 0, 89, 93, 30, 54, 0)
s = 48: (0, 0, 0, 26, 24, 9, 107, 66, 171, 0, 6, 0, 0, 0, 4, 28, 60, 0, 45, 39, 21, 0, 64, 14, 40, 6, 0, 101, 78, 37, 67, 0)
s = 49: (0, 0, 0, 32, 12, 9, 134, 43, 241, 0, 8, 0, 0, 0, 7, 21, 59, 0, 30, 60, 22, 0, 79, 9, 27, 5, 0, 61, 78, 38, 41, 0)
s = 50: (0, 0, 0, 33, 24, 9, 139, 38, 188, 0, 5, 0, 0, 0, 7, 18, 79, 0, 36, 33, 12, 0, 46, 7, 42, 5, 0, 103, 87, 26, 50, 0)
s = 51: (0, 0, 0, 20, 13, 5, 70, 38, 242, 0, 5, 0, 0, 0, 4, 24, 63, 0, 49, 61, 23, 0, 57, 8, 56, 4, 0, 132, 79, 23, 81, 0)
s = 52: (0, 0, 0, 26, 23, 5, 116, 31, 277, 0, 6, 0, 0, 0, 11, 17, 83, 0, 30, 40, 10, 0, 61, 14, 43, 6, 0, 86, 122, 34, 69, 0)
s = 53: (0, 0, 0, 33, 18, 7, 171, 36, 124, 0, 8, 0, 0, 0, 7, 10, 138, 0, 62, 63, 12, 0, 44, 6, 60, 5, 0, 143, 67, 35, 56, 0)
s = 54: (0, 0, 0, 36, 16, 12, 121, 59, 186, 0, 6, 0, 0, 0, 4, 21, 69, 0, 20, 35, 14, 0, 53, 6, 64, 4, 0, 84, 79, 21, 68, 0)
s = 55: (0, 0, 0, 33, 16, 7, 72, 72, 215, 0, 8, 0, 0, 0, 5, 28, 89, 0, 49, 64, 18, 0, 56, 12, 27, 9, 0, 85, 90, 32, 61, 0)
s = 56: (0, 0, 0, 27, 11, 11, 126, 41, 200, 0, 5, 0, 0, 0, 7, 14, 102, 0, 48, 57, 17, 0, 113, 11, 49, 5, 0, 68, 70, 55, 68, 0)
s = 57: (0, 0, 0, 41, 13, 10, 65, 37, 216, 0, 9, 0, 0, 0, 8, 20, 127, 0, 26, 48, 14, 0, 63, 15, 68, 7, 0, 82, 46, 32, 65, 0)
s = 58: (0, 0, 0, 37, 15, 6, 153, 46, 177, 0, 4, 0, 0, 0, 7, 14, 83, 0, 21, 48, 19, 0, 61, 10, 43, 6, 0, 101, 60, 40, 50, 0)
s = 59: (0, 0, 0, 22, 20, 6, 131, 46, 241, 0, 5, 0, 0, 0, 7, 21, 92, 0, 24, 47, 20, 0, 55, 9, 31, 5, 0, 66, 73, 30, 49, 0)
s = 60: (0, 0, 0, 28, 24, 9, 80, 59, 164, 0, 8, 0, 0, 0, 5, 32, 130, 0, 30, 40, 19, 0, 70, 8, 46, 3, 0, 106, 87, 42, 84, 0)
s = 61: (0, 0, 0, 31, 26, 12, 74, 71, 193, 0, 8, 0, 0, 0, 5, 26, 101, 0, 53, 33, 22, 0, 65, 11, 32, 7, 0, 125, 104, 30, 68, 0)
s = 62: (0, 0, 0, 41, 20, 9, 73, 37, 216, 0, 6, 0, 0, 0, 4, 14, 69, 0, 44, 54, 22, 0, 82, 14, 33, 5, 0, 101, 59, 25, 40, 0)
s = 63: (0, 0, 0, 26, 15, 12, 105, 48, 144, 0, 5, 0, 0, 0, 6, 22, 72, 0, 33, 38, 18, 0, 56, 10, 53, 5, 0, 138, 93, 53, 51, 0)
s = 64: (0, 0, 0, 24, 18, 6, 63, 46, 230, 0, 9, 0, 0, 0, 9, 18, 66, 0, 42, 35, 16, 0, 43, 9, 41, 6, 0, 52, 115, 51, 44, 0)
s = 65: (0, 0, 0, 28, 14, 7, 167, 46, 183, 0, 6, 0, 0, 0, 9, 18, 85, 0, 45, 44, 17, 0, 62, 12, 21, 4, 0, 82, 122, 31, 76, 0)
s = 66: (0, 0, 0, 28, 12, 10, 66, 31, 116, 0, 11, 0, 0, 0, 8, 14, 56, 0, 28, 38, 15, 0, 54, 8, 41, 8, 0, 86, 114, 43, 52, 0)
s = 67: (0, 0, 0, 41, 24, 8, 127, 35, 210, 0, 9, 0, 0, 0, 4, 13, 113, 0, 46, 49, 26, 0, 57, 13, 51, 5, 0, 62, 56, 26, 54, 0)
s = 68: (0, 0, 0, 25, 15, 7, 161, 57, 200, 0, 4, 0, 0, 0, 6, 15, 141, 0, 20, 72, 15, 0, 56, 11, 43, 5, 0, 62, 57, 48, 63, 0)
s = 69: (0, 0, 0, 34, 18, 11, 74, 45, 151, 0, 7, 0, 0, 0, 7, 12, 66, 0, 35, 35, 14, 0, 66, 10, 30, 5, 0, 113, 75, 30, 65, 0)
s = 70: (0, 0, 0, 23, 14, 7, 52, 54, 264, 0, 5, 0, 0, 0, 7, 18, 95, 0, 24, 57, 20, 0, 53, 8, 41, 7, 0, 95, 71, 44, 59, 0)
s = 71: (0, 0, 0, 30, 25, 6, 72, 54, 202, 0, 8, 0, 0, 0, 8, 19, 63, 0, 40, 40, 12, 0, 76, 11, 49, 5, 0, 82, 66, 31, 54, 0)
s = 72: (0, 0, 0, 18, 20, 5, 82, 40, 303, 0, 4, 0, 0, 0, 7, 15, 90, 0, 54, 42, 12, 0, 95, 12, 37, 4, 0, 62, 63, 36, 50, 0)
s = 73: (0, 0, 0, 31, 15, 5, 75, 42, 189, 0, 4, 0, 0, 0, 5, 21, 100, 0, 30, 44, 14, 0, 40, 13, 46, 4, 0, 103, 63, 34, 40, 0)
s = 74: (0, 0, 0, 39, 18, 6, 123, 43, 144, 0, 6, 0, 0, 0, 6, 22, 94, 0, 46, 37, 14, 0, 48, 14, 42, 5, 0, 104, 95, 33, 61, 0)
s = 75: (0, 0, 0, 32, 20, 6, 104, 56, 299, 0, 6, 0, 0, 0, 7, 32, 126, 0, 31, 52, 12, 0, 62, 11, 44, 7, 0, 159, 103, 35, 38, 0)
s = 76: (0, 0, 0, 25, 10, 6, 140, 51, 175, 0, 4, 0, 0, 0, 5, 17, 66, 0, 33, 58, 16, 0, 38, 7, 35, 6, 0, 96, 77, 34, 87, 0)
s = 77: (0, 0, 0, 33, 15, 11, 94, 32, 178, 0, 8, 0, 0, 0, 7, 15, 77, 0, 50, 58, 19, 0, 90, 6, 43, 3, 0, 72, 57, 26, 45, 0)
s = 78: (0, 0, 0, 23, 18, 7, 62, 38, 154, 0, 6, 0, 0, 0, 7, 26, 72, 0, 47, 52, 16, 0, 42, 8, 36, 10, 0, 94, 73, 54, 66, 0)
s = 79: (0, 0, 0, 21, 24, 8, 69, 81, 201, 0, 4, 0, 0, 0, 5, 16, 105, 0, 35, 32, 14, 0, 70, 14, 45, 4, 0, 81, 39, 36, 90, 0)
s = 80: (0, 0, 0, 24, 14, 8, 94, 48, 197, 0, 6, 0, 0, 0, 5, 12, 107, 0, 25, 36, 15, 0, 54, 8, 40, 5, 0, 110, 67, 36, 51, 0)
s = 81: (0, 0, 0, 24, 13, 7, 124, 51, 212, 0, 9, 0, 0, 0, 10, 22, 90, 0, 41, 32, 13, 0, 62, 11, 51, 5, 0, 64, 54, 28, 33, 0)
s = 82: (0, 0, 0, 17, 12, 8, 110, 58, 233, 0, 6, 0, 0, 0, 8, 13, 111, 0, 32, 43, 20, 0, 64, 9, 60, 6, 0, 89, 66, 26, 57, 0)
s = 83: (0, 0, 0, 28, 12, 8, 93, 60, 200, 0, 8, 0, 0, 0, 8, 22, 91, 0, 21, 58, 21, 0, 106, 6, 27, 7, 0, 62, 101, 25, 75, 0)
s = 84: (0, 0, 0, 20, 18, 8, 112, 36, 338, 0, 5, 0, 0, 0, 8, 22, 67, 0, 26, 66, 12, 0, 57, 11, 37, 7, 0, 129, 84, 54, 96, 0)
s = 85: (0, 0, 0, 31, 9, 5, 159, 54, 191, 0, 5, 0, 0, 0, 6, 14, 73, 0, 50, 27, 12, 0, 71, 14, 45, 4, 0, 60, 60, 47, 60, 0)
s = 86: (0, 0, 0, 33, 13, 12, 112, 35, 125, 0, 6, 0, 0, 0, 8, 10, 88, 0, 32, 60, 15, 0, 62, 18, 45, 4, 0, 112, 109, 49, 68, 0)
s = 87: (0, 0, 0, 31, 14, 8, 117, 69, 342, 0, 6, 0, 0, 0, 7, 25, 81, 0, 46, 40, 16, 0, 39, 12, 56, 8, 0, 56, 60, 42, 68, 0)
s = 88: (0, 0, 0, 37, 15, 7, 72, 46, 173, 0, 9, 0, 0, 0, 5, 30, 131, 0, 39, 31, 18, 0, 95, 9, 23, 4, 0, 111, 69, 38, 61, 0)
s = 89: (0, 0, 0, 34, 16, 10, 104, 38, 149, 0, 8, 0, 0, 0, 7, 11, 82, 0, 33, 54, 15, 0, 54, 7, 33, 6, 0, 136, 71, 37, 87, 0)
s = 90: (0, 0, 0, 23, 18, 10, 57, 48, 227, 0, 7, 0, 0, 0, 6, 20, 88, 0, 36, 39, 17, 0, 72, 9, 46, 5, 0, 154, 57, 45, 49, 0)
s = 91: (0, 0, 0, 37, 13, 9, 82, 47, 306, 0, 8, 0, 0, 0, 9, 20, 110, 0, 22, 83, 17, 0, 76, 12, 43, 8, 0, 132, 55, 39, 54, 0)
s = 92: (0, 0, 0, 21, 18, 8, 75, 53, 155, 0, 6, 0, 0, 0, 6, 20, 52, 0, 41, 35, 18, 0, 44, 7, 59, 7, 0, 69, 60, 57, 78, 0)
s = 93: (0, 0, 0, 31, 20, 10, 81, 60, 174, 0, 7, 0, 0, 0, 5, 15, 90, 0, 37, 29, 15, 0, 45, 9, 36, 6, 0, 79, 129, 40, 36, 0)
s = 94: (0, 0, 0, 27, 11, 8, 124, 46, 205, 0, 7, 0, 0, 0, 6, 13, 97, 0, 20, 44, 13, 0, 61, 18, 29, 5, 0, 87, 71, 24, 70, 0)
s = 95: (0, 0, 0, 17, 19, 12, 95, 55, 191, 0, 5, 0, 0, 0, 8, 21, 107, 0, 27, 46, 19, 0, 70, 7, 34, 5, 0, 125, 62, 28, 68, 0)
s = 96: (0, 0, 0, 31, 13, 10, 91, 28, 139, 0, 7, 0, 0, 0, 4, 13, 106, 0, 28, 70, 25, 0, 40, 13, 43, 6, 0, 86, 79, 35, 41, 0)
s = 97: (0, 0, 0, 32, 12, 10, 98, 34, 237, 0, 11, 0, 0, 0, 8, 22, 105, 0, 47, 32, 25, 0, 43, 8, 64, 4, 0, 149, 75, 40, 45, 0)
s = 98: (0, 0, 0, 21, 9, 9, 128, 51, 322, 0, 8, 0, 0, 0, 5, 13, 80, 0, 38, 58, 14, 0, 45, 9, 35, 4, 0, 110, 63, 37, 36, 0)
s = 99: (0, 0, 0, 29, 12, 12, 86, 24, 132, 0, 7, 0, 0, 0, 6, 15, 111, 0, 44, 80, 12, 0, 78, 16, 33, 4, 0, 64, 92, 49, 60, 0)
s = 100: (0, 0, 0, 27, 22, 8, 77, 82, 137, 0, 6, 0, 0, 0, 6, 10, 85, 0, 57, 49, 18, 0, 50, 9, 34, 6, 0, 53, 61, 46, 63, 0)
s = 101: (0, 0, 0, 25, 23, 10, 71, 66, 149, 0, 5, 0, 0, 0, 5, 18, 125, 0, 40, 32, 16, 0, 50, 11, 33, 7, 0, 138, 85, 20, 45, 0)
s = 102: (0, 0, 0, 22, 10, 13, 116, 55, 222, 0, 8, 0, 0, 0, 8, 15, 88, 0, 30, 75, 13, 0, 58, 12, 60, 5, 0, 79, 67, 40, 58, 0)
s = 103: (0, 0, 0, 27, 15, 6, 84, 41, 207, 0, 7, 0, 0, 0, 7, 13, 63, 0, 33, 35, 21, 0, 90, 7, 37, 4, 0, 122, 61, 22, 63, 0)
s = 104: (0, 0, 0, 32, 12, 10, 62, 55, 248, 0, 4, 0, 0, 0, 10, 14, 92, 0, 28, 59, 26, 0, 67, 11, 61, 5, 0, 146, 78, 25, 68, 0)
s = 105: (0, 0, 0, 26, 22, 10, 114, 76, 187, 0, 8, 0, 0, 0, 6, 22, 112, 0, 30, 66, 19, 0, 71, 9, 35, 4, 0, 65, 89, 33, 58, 0)
s = 106: (0, 0, 0, 22, 10, 9, 117, 54, 198, 0, 6, 0, 0, 0, 6, 15, 96, 0, 48, 55, 22, 0, 88, 11, 28, 4, 0, 77, 103, 43, 69, 0)
s = 107: (0, 0, 0, 32, 14, 12, 98, 51, 186, 0, 9, 0, 0, 0, 5, 11, 119, 0, 30, 66, 16, 0, 74, 7, 39, 5, 0, 92, 94, 28, 80, 0)
s = 108: (0, 0, 0, 26, 13, 6, 108, 35, 169, 0, 8, 0, 0, 0, 8, 26, 102, 0, 30, 48, 11, 0, 82, 9, 45, 5, 0, 76, 88, 44, 75, 0)
s = 109: (0, 0, 0, 21, 18, 7, 125, 57, 230, 0, 10, 0, 0, 0, 8, 28, 99, 0, 33, 37, 30, 0, 82, 10, 30, 7, 0, 103, 74, 32, 65, 0)
s = 110: (0, 0, 0, 45, 11, 12, 60, 50, 348, 0, 7, 0, 0, 0, 8, 29, 92, 0, 30, 49, 19, 0, 86, 11, 45, 6, 0, 102, 52, 46, 50, 0)
s = 111: (0, 0, 0, 21, 13, 6, 91, 75, 233, 0, 6, 0, 0, 0, 11, 14, 112, 0, 29, 48, 13, 0, 95, 9, 39, 5, 0, 124, 81, 30, 78, 0)
s = 112: (0, 0, 0, 36, 17, 8, 79, 41, 284, 0, 6, 0, 0, 0, 8, 18, 96, 0, 39, 44, 10, 0, 48, 14, 27, 4, 0, 61, 57, 22, 62, 0)
s = 113: (0, 0, 0, 26, 11, 6, 116, 75, 227, 0, 7, 0, 0, 0, 6, 22, 98, 0, 46, 46, 19, 0, 84, 12, 50, 6, 0, 125, 97, 26, 47, 0)
s = 114: (0, 0, 0, 27, 16, 6, 68, 26, 278, 0, 8, 0, 0, 0, 10, 21, 126, 0, 43, 34, 12, 0, 84, 11, 44, 6, 0, 93, 68, 33, 49, 0)
s = 115: (0, 0, 0, 33, 27, 7, 100, 34, 174, 0, 4, 0, 0, 0, 8, 18, 58, 0, 24, 27, 18, 0, 81, 13, 54, 6, 0, 62, 56, 26, 84, 0)
s = 116: (0, 0, 0, 29, 12, 7, 129, 27, 131, 0, 4, 0, 0, 0, 7, 12, 86, 0, 37, 37, 14, 0, 63, 8, 57, 4, 0, 110, 56, 35, 64, 0)
s = 117: (0, 0, 0, 32, 18, 10, 79, 35, 208, 0, 4, 0, 0, 0, 5, 23, 62, 0, 41, 72, 18, 0, 45, 9, 38, 6, 0, 129, 69, 53, 73, 0)
s = 118: (0, 0, 0, 43, 13, 7, 132, 55, 207, 0, 6, 0, 0, 0, 6, 12, 76, 0, 41, 38, 17, 0, 84, 7, 50, 4, 0, 113, 55, 41, 70, 0)
s = 119: (0, 0, 0, 30, 21, 12, 90, 35, 118, 0, 5, 0, 0, 0, 9, 23, 71, 0, 28, 51, 14, 0, 50, 14, 41, 4, 0, 82, 78, 35, 52, 0)
s = 120: (0, 0, 0, 21, 26, 5, 116, 49, 225, 0, 8, 0, 0, 0, 6, 27, 81, 0, 38, 81, 9, 0, 93, 9, 35, 8, 0, 105, 61, 28, 71, 0)
s = 121: (0, 0, 0, 18, 12, 5, 128, 43, 165, 0, 5, 0, 0, 0, 7, 15, 124, 0, 40, 47, 20, 0, 52, 16, 32, 5, 0, 73, 89, 51, 68, 0)
s = 122: (0, 0, 0, 41, 17, 9, 80, 53, 233, 0, 8, 0, 0, 0, 8, 14, 67, 0, 26, 48, 15, 0, 91, 11, 39, 5, 0, 148, 42, 51, 78, 0)
s = 123: (0, 0, 0, 40, 13, 11, 127, 62, 164, 0, 6, 0, 0, 0, 5, 15, 96, 0, 22, 37, 10, 0, 60, 10, 55, 6, 0, 83, 57, 24, 54, 0)
s = 124: (0, 0, 0, 29, 14, 5, 91, 57, 199, 0, 5, 0, 0, 0, 9, 19, 92, 0, 30, 39, 17, 0, 62, 14, 42, 5, 0, 155, 48, 34, 55, 0)
s = 125: (0, 0, 0, 23, 10, 12, 115, 66, 256, 0, 9, 0, 0, 0, 6, 12, 124, 0, 23, 34, 23, 0, 60, 8, 40, 7, 0, 112, 104, 33, 34, 0)
s = 126: (0, 0, 0, 35, 18, 12, 89, 56, 197, 0, 6, 0, 0, 0, 5, 16, 66, 0, 48, 29, 9, 0, 69, 9, 48, 7, 0, 115, 57, 31, 60, 0)
s = 127: (0, 0, 0, 37, 11, 7, 121, 66, 283, 0, 5, 0, 0, 0, 8, 26, 90, 0, 33, 33, 19, 0, 60, 10, 50, 8, 0, 126, 65, 36, 57, 0)
s = 128: (0, 0, 0, 24, 13, 9, 100, 60, 254, 0, 10, 0, 0, 0, 7, 14, 97, 0, 36, 44, 15, 0, 37, 9, 31, 4, 0, 97, 56, 31, 56, 0)
s = 129: (0, 0, 0, 45, 28, 8, 96, 43, 274, 0, 6, 0, 0, 0, 6, 14, 83, 0, 64, 51, 13, 0, 50, 11, 45, 5, 0, 76, 44, 43, 47, 0)
s = 130: (0, 0, 0, 38, 12, 12, 152, 35, 277, 0, 8, 0, 0, 0, 5, 16, 89, 0, 41, 82, 18, 0, 53, 14, 59, 4, 0, 68, 72, 27, 58, 0)
s = 131: (0, 0, 0, 34, 13, 6, 75, 61, 278, 0, 5, 0, 0, 0, 5, 18, 87, 0, 31, 51, 21, 0, 71, 9, 40, 7, 0, 142, 67, 24, 57, 0)
s = 132: (0, 0, 0, 40, 21, 9, 123, 62, 119, 0, 9, 0, 0, 0, 8, 19, 78, 0, 32, 55, 19, 0, 75, 18, 46, 7, 0, 69, 79, 50, 45, 0)
s = 133: (0, 0, 0, 21, 20, 11, 60, 30, 138, 0, 5, 0, 0, 0, 8, 11, 95, 0, 59, 41, 13, 0, 70, 9, 40, 6, 0, 80, 82, 40, 69, 0)
s = 134: (0, 0, 0, 26, 15, 7, 157, 28, 296, 0, 6, 0, 0, 0, 4, 30, 78, 0, 24, 29, 12, 0, 90, 14, 60, 4, 0, 101, 74, 31, 57, 0)
s = 135: (0, 0, 0, 22, 18, 8, 106, 44, 142, 0, 4, 0, 0, 0, 9, 16, 72, 0, 30, 34, 17, 0, 80, 9, 25, 3, 0, 96, 58, 55, 34, 0)
s = 136: (0, 0, 0, 29, 18, 7, 93, 64, 178, 0, 7, 0, 0, 0, 6, 25, 98, 0, 43, 74, 26, 0, 46, 11, 35, 6, 0, 88, 79, 32, 71, 0)
s = 137: (0, 0, 0, 30, 10, 13, 107, 67, 185, 0, 6, 0, 0, 0, 4, 16, 84, 0, 29, 42, 16, 0, 97, 11, 51, 4, 0, 104, 59, 38, 98, 0)
s = 138: (0, 0, 0, 17, 18, 6, 68, 30, 152, 0, 4, 0, 0, 0, 6, 15, 60, 0, 57, 26, 20, 0, 60, 9, 35, 5, 0, 88, 53, 21, 84, 0)
s = 139: (0, 0, 0, 32, 11, 7, 66, 60, 154, 0, 5, 0, 0, 0, 5, 22, 54, 0, 29, 39, 20, 0, 61, 7, 39, 7, 0, 101, 85, 47, 68, 0)
s = 140: (0, 0, 0, 26, 11, 5, 76, 33, 244, 0, 5, 0, 0, 0, 5, 12, 98, 0, 23, 71, 18, 0, 33, 10, 33, 5, 0, 122, 77, 35, 76, 0)
s = 141: (0, 0, 0, 25, 26, 7, 129, 43, 160, 0, 4, 0, 0, 0, 6, 17, 52, 0, 46, 36, 18, 0, 46, 7, 25, 3, 0, 104, 67, 21, 58, 0)
s = 142: (0, 0, 0, 32, 14, 12, 97, 27, 281, 0, 4, 0, 0, 0, 9, 13, 96, 0, 20, 61, 21, 0, 101, 8, 50, 7, 0, 124, 108, 27, 56, 0)
s = 143: (0, 0, 0, 29, 12, 5, 88, 58, 150, 0, 5, 0, 0, 0, 6, 12, 71, 0, 31, 58, 10, 0, 89, 11, 41, 4, 0, 71, 61, 66, 65, 0)
s = 144: (0, 0, 0, 29, 19, 9, 67, 36, 204, 0, 6, 0, 0, 0, 5, 14, 135, 0, 42, 56, 10, 0, 72, 10, 59, 4, 0, 119, 50, 29, 63, 0)
s = 145: (0, 0, 0, 21, 16, 8, 80, 44, 179, 0, 6, 0, 0, 0, 6, 13, 71, 0, 35, 40, 12, 0, 48, 6, 27, 7, 0, 122, 78, 38, 41, 0)
s = 146: (0, 0, 0, 25, 12, 10, 141, 26, 167, 0, 6, 0, 0, 0, 8, 10, 99, 0, 40, 44, 16, 0, 76, 11, 32, 6, 0, 124, 84, 25, 76, 0)
s = 147: (0, 0, 0, 18, 11, 7, 72, 45, 294, 0, 5, 0, 0, 0, 8, 22, 105, 0, 32, 60, 13, 0, 56, 10, 43, 7, 0, 85, 58, 49, 42, 0)
s = 148: (0, 0, 0, 23, 13, 10, 97, 32, 190, 0, 8, 0, 0, 0, 9, 17, 101, 0, 25, 33, 26, 0, 51, 12, 30, 8, 0, 139, 57, 28, 36, 0)
s = 149: (0, 0, 0, 34, 20, 8, 138, 50, 104, 0, 7, 0, 0, 0, 7, 16, 77, 0, 27, 80, 20, 0, 63, 9, 42, 9, 0, 162, 110, 24, 88, 0)
s = 150: (0, 0, 0, 49, 19, 14, 123, 31, 270, 0, 5, 0, 0, 0, 8, 21, 54, 0, 25, 76, 21, 0, 52, 8, 67, 4, 0, 77, 76, 31, 104, 0)
s = 151: (0, 0, 0, 35, 16, 8, 113, 42, 329, 0, 6, 0, 0, 0, 5, 16, 94, 0, 44, 32, 23, 0, 52, 17, 42, 4, 0, 76, 75, 30, 73, 0)
s = 152: (0, 0, 0, 18, 15, 13, 138, 40, 199, 0, 4, 0, 0, 0, 11, 12, 69, 0, 46, 32, 15, 0, 69, 6, 45, 7, 0, 131, 99, 24, 83, 0)
s = 153: (0, 0, 0, 22, 19, 10, 70, 49, 158, 0, 4, 0, 0, 0, 7, 17, 66, 0, 45, 82, 20, 0, 70, 11, 41, 5, 0, 92, 44, 36, 40, 0)
s = 154: (0, 0, 0, 30, 26, 8, 136, 39, 192, 0, 8, 0, 0, 0, 7, 34, 116, 0, 42, 47, 25, 0, 60, 8, 46, 9, 0, 82, 73, 30, 79, 0)
s = 155: (0, 0, 0, 27, 19, 8, 113, 28, 152, 0, 7, 0, 0, 0, 9, 14, 98, 0, 58, 48, 19, 0, 79, 13, 37, 7, 0, 106, 43, 22, 78, 0)
s = 156: (0, 0, 0, 28, 15, 6, 94, 36, 215, 0, 9, 0, 0, 0, 8, 20, 62, 0, 33, 46, 10, 0, 60, 13, 51, 7, 0, 97, 47, 50, 61, 0)
s = 157: (0, 0, 0, 30, 25, 11, 108, 41, 254, 0, 8, 0, 0, 0, 8, 19, 100, 0, 42, 75, 14, 0, 61, 10, 46, 4, 0, 92, 89, 19, 77, 0)
s = 158: (0, 0, 0, 37, 24, 12, 93, 50, 160, 0, 9, 0, 0, 0, 8, 19, 87, 0, 38, 42, 16, 0, 38, 7, 42, 3, 0, 64, 75, 31, 54, 0)
s = 159: (0, 0, 0, 19, 14, 9, 80, 39, 147, 0, 7, 0, 0, 0, 6, 30, 67, 0, 31, 33, 22, 0, 76, 15, 39, 5, 0, 85, 62, 34, 50, 0)
s = 160: (0, 0, 0, 36, 11, 7, 72, 39, 137, 0, 8, 0, 0, 0, 8, 24, 51, 0, 25, 74, 10, 0, 58, 13, 29, 7, 0, 95, 76, 42, 81, 0)
s = 161: (0, 0, 0, 37, 12, 9, 144, 42, 124, 0, 6, 0, 0, 0, 6, 27, 88, 0, 32, 47, 17, 0, 71, 9, 31, 5, 0, 134, 91, 64, 50, 0)
s = 162: (0, 0, 0, 28, 16, 7, 82, 32, 159, 0, 5, 0, 0, 0, 6, 12, 140, 0, 35, 32, 10, 0, 47, 8, 64, 5, 0, 90, 61, 39, 59, 0)
s = 163: (0, 0, 0, 26, 22, 10, 83, 59, 180, 0, 8, 0, 0, 0, 5, 12, 87, 0, 28, 57, 20, 0, 74, 12, 63, 5, 0, 63, 61, 52, 50, 0)
s = 164: (0, 0, 0, 37, 23, 8, 88, 52, 199, 0, 6, 0, 0, 0, 5, 11, 100, 0, 34, 38, 14, 0, 60, 12, 55, 4, 0, 109, 63, 39, 50, 0)
s = 165: (0, 0, 0, 30, 14, 12, 86, 32, 142, 0, 8, 0, 0, 0, 5, 14, 90, 0, 40, 44, 12, 0, 85, 16, 29, 4, 0, 69, 59, 31, 69, 0)
s = 166: (0, 0, 0, 51, 13, 6, 133, 51, 169, 0, 8, 0, 0, 0, 5, 21, 51, 0, 22, 69, 9, 0, 37, 13, 40, 7, 0, 125, 66, 51, 43, 0)
s = 167: (0, 0, 0, 21, 26, 7, 77, 36, 258, 0, 6, 0, 0, 0, 6, 22, 62, 0, 38, 56, 14, 0, 45, 11, 50, 5, 0, 147, 49, 37, 46, 0)
s = 168: (0, 0, 0, 36, 13, 11, 105, 49, 192, 0, 8, 0, 0, 0, 4, 29, 57, 0, 57, 64, 13, 0, 61, 9, 49, 5, 0, 98, 49, 31, 77, 0)
s = 169: (0, 0, 0, 44, 10, 5, 87, 41, 161, 0, 8, 0, 0, 0, 5, 21, 76, 0, 30, 70, 11, 0, 57, 9, 35, 8, 0, 109, 80, 26, 56, 0)
s = 170: (0, 0, 0, 34, 23, 10, 129, 56, 229, 0, 7, 0, 0, 0, 8, 24, 107, 0, 24, 32, 14, 0, 48, 13, 36, 4, 0, 82, 55, 41, 33, 0)
s = 171: (0, 0, 0, 41, 9, 7, 114, 41, 136, 0, 8, 0, 0, 0, 6, 11, 110, 0, 31, 50, 14, 0, 60, 10, 35, 5, 0, 73, 76, 32, 51, 0)
s = 172: (0, 0, 0, 26, 11, 9, 74, 42, 139, 0, 6, 0, 0, 0, 5, 25, 82, 0, 23, 35, 16, 0, 61, 8, 56, 10, 0, 108, 79, 49, 48, 0)
s = 173: (0, 0, 0, 31, 23, 12, 130, 39, 189, 0, 10, 0, 0, 0, 5, 21, 110, 0, 26, 38, 17, 0, 75, 15, 60, 7, 0, 72, 60, 19, 82, 0)
s = 174: (0, 0, 0, 49, 14, 10, 84, 46, 177, 0, 6, 0, 0, 0, 5, 23, 64, 0, 28, 48, 16, 0, 73, 11, 40, 4, 0, 78, 41, 36, 51, 0)
s = 175: (0, 0, 0, 28, 13, 9, 74, 52, 187, 0, 6, 0, 0, 0, 5, 23, 69, 0, 42, 58, 20, 0, 68, 11, 72, 4, 0, 76, 99, 21, 53, 0)
s = 176: (0, 0, 0, 27, 23, 9, 81, 51, 232, 0, 6, 0, 0, 0, 6, 26, 84, 0, 31, 46, 9, 0, 70, 13, 56, 4, 0, 105, 104, 44, 51, 0)
s = 177: (0, 0, 0, 28, 21, 9, 92, 38, 221, 0, 6, 0, 0, 0, 6, 16, 74, 0, 39, 53, 9, 0, 47, 10, 38, 5, 0, 78, 58, 46, 67, 0)
s = 178: (0, 0, 0, 40, 18, 8, 122, 25, 246, 0, 4, 0, 0, 0, 6, 13, 63, 0, 42, 27, 19, 0, 57, 13, 30, 5, 0, 142, 53, 41, 57, 0)
s = 179: (0, 0, 0, 17, 17, 8, 103, 55, 131, 0, 7, 0, 0, 0, 5, 17, 95, 0, 41, 43, 17, 0, 77, 9, 58, 6, 0, 84, 109, 26, 77, 0)
s = 180: (0, 0, 0, 40, 11, 10, 71, 36, 209, 0, 8, 0, 0, 0, 6, 16, 80, 0, 33, 53, 13, 0, 47, 10, 58, 8, 0, 73, 47, 29, 48, 0)
s = 181: (0, 0, 0, 26, 11, 10, 82, 25, 231, 0, 6, 0, 0, 0, 8, 21, 92, 0, 55, 26, 13, 0, 57, 12, 44, 5, 0, 129, 108, 20, 47, 0)
s = 182: (0, 0, 0, 36, 21, 11, 65, 33, 353, 0, 5, 0, 0, 0, 5, 16, 68, 0, 41, 39, 18, 0, 35, 10, 35, 5, 0, 62, 97, 47, 57, 0)
s = 183: (0, 0, 0, 23, 18, 8, 112, 39, 110, 0, 10, 0, 0, 0, 8, 18, 121, 0, 32, 27, 16, 0, 58, 12, 52, 4, 0, 64, 73, 32, 71, 0)
s = 184: (0, 0, 0, 23, 16, 6, 72, 31, 144, 0, 4, 0, 0, 0, 9, 21, 122, 0, 47, 36, 11, 0, 97, 10, 43, 4, 0, 94, 102, 23, 68, 0)
s = 185: (0, 0, 0, 21, 10, 13, 142, 53, 220, 0, 6, 0, 0, 0, 9, 14, 160, 0, 24, 35, 21, 0, 47, 8, 51, 4, 0, 113, 87, 41, 44, 0)
s = 186: (0, 0, 0, 33, 24, 14, 109, 28, 150, 0, 8, 0, 0, 0, 6, 11, 82, 0, 59, 65, 14, 0, 61, 8, 55, 4, 0, 94, 69, 29, 71, 0)
s = 187: (0, 0, 0, 33, 20, 9, 60, 35, 213, 0, 4, 0, 0, 0, 4, 19, 119, 0, 35, 49, 17, 0, 58, 14, 44, 6, 0, 107, 66, 43, 88, 0)
s = 188: (0, 0, 0, 30, 13, 11, 142, 43, 270, 0, 7, 0, 0, 0, 8, 13, 115, 0, 32, 76, 17, 0, 58, 10, 35, 5, 0, 101, 42, 49, 45, 0)
s = 189: (0, 0, 0, 19, 14, 6, 107, 35, 154, 0, 8, 0, 0, 0, 7, 25, 72, 0, 54, 34, 10, 0, 57, 13, 33, 7, 0, 83, 64, 48, 45, 0)
s = 190: (0, 0, 0, 26, 11, 5, 115, 35, 215, 0, 7, 0, 0, 0, 7, 11, 90, 0, 33, 29, 17, 0, 93, 12, 30, 3, 0, 185, 77, 50, 37, 0)
s = 191: (0, 0, 0, 42, 23, 7, 125, 80, 163, 0, 5, 0, 0, 0, 5, 21, 82, 0, 60, 35, 16, 0, 56, 8, 41, 7, 0, 88, 87, 27, 71, 0)
s = 192: (0, 0, 0, 21, 17, 7, 163, 37, 243, 0, 7, 0, 0, 0, 6, 14, 113, 0, 37, 35, 14, 0, 55, 10, 41, 8, 0, 79, 50, 24, 48, 0)
s = 193: (0, 0, 0, 33, 9, 12, 98, 27, 148, 0, 11, 0, 0, 0, 6, 22, 131, 0, 49, 42, 17, 0, 56, 10, 37, 6, 0, 84, 57, 30, 35, 0)
s = 194: (0, 0, 0, 36, 14, 7, 101, 33, 162, 0, 7, 0, 0, 0, 6, 11, 99, 0, 33, 74, 19, 0, 65, 7, 40, 5, 0, 155, 48, 39, 42, 0)
s = 195: (0, 0, 0, 45, 17, 8, 115, 81, 286, 0, 7, 0, 0, 0, 5, 25, 131, 0, 49, 43, 14, 0, 93, 11, 38, 4, 0, 134, 40, 44, 55, 0)
s = 196: (0, 0, 0, 29, 16, 7, 127, 46, 218, 0, 7, 0, 0, 0, 7, 13, 73, 0, 52, 45, 17, 0, 46, 13, 33, 6, 0, 84, 58, 37, 46, 0)
s = 197: (0, 0, 0, 31, 24, 11, 96, 45, 234, 0, 5, 0, 0, 0, 4, 15, 110, 0, 41, 43, 12, 0, 52, 9, 26, 5, 0, 156, 61, 57, 51, 0)
s = 198: (0, 0, 0, 23, 16, 5, 74, 42, 279, 0, 6, 0, 0, 0, 7, 15, 101, 0, 27, 47, 16, 0, 80, 14, 74, 4, 0, 101, 74, 60, 55, 0)
s = 199: (0, 0, 0, 23, 25, 8, 60, 33, 179, 0, 4, 0, 0, 0, 6, 15, 60, 0, 38, 59, 10, 0, 45, 10, 34, 5, 0, 79, 63, 61, 70, 0)
s = 200: (0, 0, 0, 22, 15, 11, 77, 39, 301, 0, 8, 0, 0, 0, 10, 16, 123, 0, 44, 41, 15, 0, 69, 9, 61, 5, 0, 99, 94, 24, 59, 0)
************************************************************************
ES/LS-VALUES:
jobnr.   ES(i)    LS(i)
------------------------------------------------------------------------
  0        0        0
  1        0       75
  2        0       54
  3        0       49
  4        5       60
  5       19       88
  6       19       93
  7       11       61
  8       19       74
  9       36       97
 10       20       71
 11       36       100
 12       21       90
 13       26       77
 14       26       89
 15       43       126
 16       41       112
 17       20       122
 18       43       95
 19       36       92
 20       41       111
 21       53       106
 22       53       113
 23       69       130
 24       49       124
 25       58       132
 26       39       101
 27       61       115
 28       79       134
 29       61       143
 30       56       140
 31       95       151
************************************************************************
BIG-M-VALUES:
M1 = 74, M2 = 653
************************************************************************
