************************************************************************
file with basedata            : mm21_.bas
initial value random generator: 1733512361
************************************************************************
projects                      :  1
jobs (incl. supersource/sink ):  12
horizon                       :  85
RESOURCES
  - renewable                 :  2   R
  - nonrenewable              :  2   N
  - doubly constrained        :  0   D
************************************************************************
PROJECT INFORMATION:
pronr.  #jobs rel.date duedate tardcost  MPM-Time
    1     10      0       11        0       11
************************************************************************
PRECEDENCE RELATIONS:
jobnr.    #modes  #successors   successors
   0        1          3           1   2   3
   1        3          2           5   6
   2        3          1           4
   3        3          1           4
   4        3          3           8   9  10
   5        3          2           8  10
   6        3          2           7   9
   7        3          1           8
   8        3          1          11
   9        3          1          11
  10        3          1          11
  11        1          0        
************************************************************************
REQUESTS/DURATIONS:
jobnr. mode duration  R 1  R 2  R 3  R 4  E(W 1)
------------------------------------------------------------------------
  0      1     0       0    0    0    0     0
  1      1     2       6    0    9    8    46
  2      1     1       0    8    4    4    16
  3      1     4       0    3    2    8    52
  4      1     1       8    0    6    6    20
  5      1     2       0    9    7    7    46
  6      1     3       0    6    7    4    51
  7      1     3       0    9    8    8    75
  8      1     3       5    0    3   10    54
  9      1     5       5    0   10    7    110
 10      1     2       8    0    9    9    52
 11      1     0       0    0    0    0     0
************************************************************************
RESOURCEAVAILABILITIES:
  R 1
   123
************************************************************************
RESOURCE LIMITS:
jobnr.  l(R 1)  u(R 1)
------------------------------------------------------------------------
  0        0       0
  1       12      23
  2        8      16
  3        7      13
  4       10      20
  5       13      23
  6        9      17
  7       13      25
  8       10      18
  9       12      22
 10       14      26
 11        0       0
************************************************************************
SCENARIOS:
------------------------------------------------------------------------
RESOURCE k = 1
s = 1: (0, 31, 24, 78, 26, 33, 37, 85, 34, 123, 41, 0)
s = 2: (0, 45, 16, 39, 23, 30, 32, 61, 68, 99, 54, 0)
s = 3: (0, 45, 24, 84, 26, 31, 37, 49, 50, 156, 29, 0)
s = 4: (0, 58, 18, 58, 20, 74, 68, 50, 44, 106, 43, 0)
s = 5: (0, 51, 14, 97, 36, 33, 52, 58, 36, 111, 64, 0)
s = 6: (0, 44, 19, 43, 27, 38, 102, 75, 53, 141, 38, 0)
s = 7: (0, 47, 21, 35, 15, 54, 60, 66, 67, 115, 31, 0)
s = 8: (0, 48, 22, 31, 26, 75, 54, 69, 29, 93, 66, 0)
s = 9: (0, 40, 17, 73, 16, 48, 70, 67, 74, 69, 59, 0)
s = 10: (0, 46, 21, 41, 26, 75, 28, 88, 45, 107, 45, 0)
s = 11: (0, 43, 16, 66, 18, 46, 60, 50, 46, 99, 36, 0)
s = 12: (0, 43, 10, 45, 24, 50, 42, 74, 69, 74, 75, 0)
s = 13: (0, 42, 10, 58, 18, 28, 35, 50, 50, 63, 43, 0)
s = 14: (0, 39, 32, 54, 34, 66, 57, 96, 43, 79, 37, 0)
s = 15: (0, 45, 13, 50, 12, 34, 37, 113, 59, 127, 55, 0)
s = 16: (0, 47, 12, 43, 20, 34, 86, 52, 51, 108, 45, 0)
s = 17: (0, 29, 13, 88, 26, 53, 67, 49, 55, 85, 38, 0)
s = 18: (0, 28, 19, 60, 20, 38, 58, 123, 48, 105, 38, 0)
s = 19: (0, 37, 11, 38, 20, 35, 40, 97, 63, 65, 60, 0)
s = 20: (0, 38, 11, 48, 21, 89, 40, 49, 75, 119, 43, 0)
s = 21: (0, 27, 11, 37, 31, 54, 85, 83, 54, 134, 33, 0)
s = 22: (0, 57, 18, 43, 22, 55, 35, 67, 39, 66, 47, 0)
s = 23: (0, 49, 18, 58, 18, 39, 61, 74, 67, 84, 59, 0)
s = 24: (0, 43, 22, 41, 25, 41, 58, 71, 73, 130, 49, 0)
s = 25: (0, 34, 9, 47, 12, 40, 41, 59, 54, 109, 42, 0)
s = 26: (0, 36, 24, 41, 33, 52, 30, 64, 50, 90, 57, 0)
s = 27: (0, 53, 21, 33, 14, 28, 60, 69, 49, 77, 55, 0)
s = 28: (0, 33, 27, 35, 24, 54, 39, 50, 44, 84, 85, 0)
s = 29: (0, 56, 12, 61, 31, 33, 50, 87, 66, 130, 56, 0)
s = 30: (0, 49, 17, 28, 15, 65, 43, 67, 42, 80, 71, 0)
s = 31: (0, 39, 11, 37, 23, 32, 54, 60, 60, 113, 45, 0)
s = 32: (0, 64, 11, 42, 14, 43, 39, 132, 37, 84, 38, 0)
s = 33: (0, 30, 18, 38, 13, 29, 40, 72, 58, 139, 36, 0)
s = 34: (0, 29, 13, 61, 22, 69, 72, 97, 41, 66, 39, 0)
s = 35: (0, 61, 10, 37, 28, 46, 58, 58, 65, 99, 53, 0)
s = 36: (0, 35, 12, 69, 20, 47, 62, 51, 88, 98, 53, 0)
s = 37: (0, 34, 26, 37, 14, 35, 28, 62, 90, 98, 29, 0)
s = 38: (0, 46, 10, 28, 16, 45, 50, 105, 40, 98, 34, 0)
s = 39: (0, 48, 9, 70, 17, 39, 27, 60, 44, 120, 50, 0)
s = 40: (0, 54, 16, 51, 20, 31, 34, 42, 67, 174, 49, 0)
s = 41: (0, 40, 14, 69, 17, 52, 33, 67, 78, 98, 94, 0)
s = 42: (0, 52, 10, 29, 22, 45, 36, 41, 43, 152, 63, 0)
s = 43: (0, 33, 23, 60, 17, 44, 65, 77, 51, 62, 51, 0)
s = 44: (0, 35, 20, 82, 25, 44, 36, 113, 55, 120, 74, 0)
s = 45: (0, 46, 19, 39, 28, 53, 39, 74, 57, 98, 56, 0)
s = 46: (0, 50, 10, 36, 23, 40, 55, 85, 78, 91, 65, 0)
s = 47: (0, 43, 20, 47, 23, 33, 93, 65, 83, 133, 82, 0)
s = 48: (0, 55, 26, 33, 14, 54, 47, 107, 46, 116, 59, 0)
s = 49: (0, 59, 16, 82, 26, 46, 44, 62, 52, 167, 31, 0)
s = 50: (0, 40, 16, 47, 31, 92, 55, 119, 90, 97, 56, 0)
s = 51: (0, 30, 12, 47, 20, 57, 40, 83, 34, 104, 67, 0)
s = 52: (0, 37, 13, 71, 27, 68, 41, 67, 38, 95, 37, 0)
s = 53: (0, 35, 10, 32, 14, 31, 53, 44, 40, 153, 39, 0)
s = 54: (0, 31, 12, 62, 26, 33, 37, 122, 75, 134, 30, 0)
s = 55: (0, 48, 18, 43, 22, 65, 67, 65, 75, 80, 53, 0)
s = 56: (0, 46, 11, 69, 20, 33, 48, 65, 39, 75, 71, 0)
s = 57: (0, 34, 17, 50, 14, 31, 69, 43, 38, 129, 32, 0)
s = 58: (0, 56, 19, 55, 12, 63, 39, 66, 49, 111, 72, 0)
s = 59: (0, 44, 12, 95, 17, 56, 58, 70, 28, 90, 46, 0)
s = 60: (0, 38, 14, 84, 24, 35, 39, 52, 53, 109, 62, 0)
s = 61: (0, 40, 14, 54, 16, 44, 84, 70, 76, 129, 48, 0)
s = 62: (0, 40, 14, 51, 22, 30, 37, 103, 53, 123, 48, 0)
s = 63: (0, 50, 15, 67, 17, 57, 49, 68, 80, 75, 91, 0)
s = 64: (0, 37, 17, 45, 16, 73, 58, 80, 88, 110, 36, 0)
s = 65: (0, 36, 11, 39, 18, 37, 64, 77, 31, 107, 49, 0)
s = 66: (0, 64, 22, 63, 15, 55, 48, 62, 55, 67, 71, 0)
s = 67: (0, 64, 17, 36, 14, 44, 69, 72, 70, 102, 69, 0)
s = 68: (0, 48, 19, 51, 33, 31, 50, 43, 78, 94, 52, 0)
s = 69: (0, 76, 14, 42, 15, 45, 36, 71, 71, 105, 62, 0)
s = 70: (0, 68, 11, 30, 14, 54, 58, 70, 76, 103, 35, 0)
s = 71: (0, 52, 14, 58, 21, 50, 37, 55, 41, 97, 32, 0)
s = 72: (0, 53, 14, 37, 18, 40, 61, 46, 29, 89, 29, 0)
s = 73: (0, 43, 13, 77, 24, 35, 41, 80, 32, 157, 59, 0)
s = 74: (0, 35, 21, 61, 15, 33, 69, 53, 85, 117, 52, 0)
s = 75: (0, 33, 14, 34, 18, 61, 58, 72, 72, 99, 62, 0)
s = 76: (0, 46, 9, 41, 17, 53, 75, 94, 66, 151, 35, 0)
s = 77: (0, 60, 11, 61, 26, 41, 78, 52, 62, 91, 44, 0)
s = 78: (0, 40, 15, 50, 19, 38, 55, 106, 71, 177, 34, 0)
s = 79: (0, 43, 16, 43, 12, 43, 58, 67, 39, 120, 59, 0)
s = 80: (0, 31, 21, 68, 15, 50, 55, 89, 49, 135, 62, 0)
s = 81: (0, 48, 21, 40, 26, 37, 35, 131, 44, 82, 63, 0)
s = 82: (0, 49, 17, 66, 15, 41, 37, 50, 40, 197, 44, 0)
s = 83: (0, 63, 14, 49, 12, 59, 48, 49, 44, 98, 37, 0)
s = 84: (0, 33, 21, 29, 28, 37, 30, 83, 63, 89, 46, 0)
s = 85: (0, 72, 15, 28, 29, 55, 52, 60, 62, 135, 39, 0)
s = 86: (0, 46, 16, 34, 28, 35, 71, 57, 48, 90, 59, 0)
s = 87: (0, 42, 13, 45, 34, 35, 43, 73, 50, 74, 38, 0)
s = 88: (0, 28, 19, 61, 31, 62, 66, 113, 53, 75, 35, 0)
s = 89: (0, 39, 28, 58, 14, 48, 52, 100, 46, 100, 37, 0)
s = 90: (0, 48, 16, 61, 15, 55, 51, 64, 62, 141, 72, 0)
s = 91: (0, 29, 13, 52, 29, 51, 59, 62, 64, 135, 84, 0)
s = 92: (0, 36, 21, 32, 23, 59, 70, 126, 45, 71, 39, 0)
s = 93: (0, 41, 15, 90, 16, 42, 47, 91, 58, 136, 34, 0)
s = 94: (0, 37, 16, 41, 18, 64, 51, 56, 80, 138, 84, 0)
s = 95: (0, 38, 12, 64, 30, 40, 79, 56, 75, 95, 35, 0)
s = 96: (0, 26, 12, 44, 21, 61, 56, 119, 92, 107, 46, 0)
s = 97: (0, 35, 13, 51, 19, 56, 33, 70, 68, 95, 41, 0)
s = 98: (0, 49, 14, 71, 24, 28, 63, 70, 77, 62, 59, 0)
s = 99: (0, 33, 22, 72, 17, 68, 94, 102, 34, 72, 36, 0)
s = 100: (0, 37, 17, 61, 15, 56, 58, 66, 66, 90, 49, 0)
s = 101: (0, 54, 15, 52, 12, 46, 58, 92, 93, 161, 29, 0)
s = 102: (0, 38, 16, 34, 15, 51, 75, 62, 28, 80, 64, 0)
s = 103: (0, 37, 17, 50, 27, 48, 43, 67, 59, 115, 46, 0)
s = 104: (0, 69, 15, 78, 20, 41, 56, 73, 70, 87, 47, 0)
s = 105: (0, 53, 12, 51, 20, 47, 65, 99, 80, 106, 48, 0)
s = 106: (0, 48, 15, 84, 24, 51, 39, 86, 99, 83, 66, 0)
s = 107: (0, 34, 20, 49, 25, 42, 42, 66, 60, 126, 29, 0)
s = 108: (0, 51, 10, 66, 12, 27, 62, 55, 34, 87, 40, 0)
s = 109: (0, 54, 10, 65, 17, 53, 37, 122, 55, 165, 56, 0)
s = 110: (0, 26, 16, 54, 20, 32, 56, 75, 81, 90, 35, 0)
s = 111: (0, 34, 20, 38, 11, 39, 67, 42, 55, 135, 74, 0)
s = 112: (0, 52, 15, 47, 21, 26, 53, 95, 66, 168, 32, 0)
s = 113: (0, 25, 14, 71, 12, 44, 68, 57, 66, 86, 53, 0)
s = 114: (0, 38, 27, 65, 18, 63, 65, 70, 36, 97, 63, 0)
s = 115: (0, 66, 14, 41, 16, 38, 58, 63, 41, 186, 49, 0)
s = 116: (0, 68, 17, 35, 22, 58, 45, 60, 56, 103, 45, 0)
s = 117: (0, 56, 24, 78, 14, 45, 53, 67, 44, 91, 40, 0)
s = 118: (0, 61, 11, 42, 25, 45, 35, 62, 69, 97, 78, 0)
s = 119: (0, 52, 18, 45, 18, 59, 69, 112, 56, 68, 62, 0)
s = 120: (0, 53, 14, 60, 14, 66, 76, 64, 63, 86, 75, 0)
s = 121: (0, 37, 25, 57, 24, 56, 44, 105, 57, 112, 34, 0)
s = 122: (0, 28, 22, 30, 11, 46, 69, 56, 36, 92, 49, 0)
s = 123: (0, 70, 10, 51, 21, 38, 62, 70, 53, 116, 46, 0)
s = 124: (0, 57, 16, 33, 19, 44, 49, 54, 52, 87, 54, 0)
s = 125: (0, 45, 25, 41, 13, 32, 46, 102, 71, 81, 58, 0)
s = 126: (0, 64, 18, 65, 13, 51, 66, 97, 45, 97, 53, 0)
s = 127: (0, 58, 14, 64, 15, 44, 37, 56, 47, 70, 55, 0)
s = 128: (0, 42, 17, 56, 21, 37, 48, 84, 58, 150, 49, 0)
s = 129: (0, 38, 15, 75, 36, 48, 51, 55, 38, 96, 59, 0)
s = 130: (0, 31, 13, 70, 18, 60, 39, 84, 49, 125, 60, 0)
s = 131: (0, 51, 25, 43, 13, 58, 52, 126, 57, 100, 37, 0)
s = 132: (0, 45, 18, 57, 13, 39, 42, 73, 47, 117, 44, 0)
s = 133: (0, 65, 10, 59, 18, 41, 46, 90, 72, 160, 42, 0)
s = 134: (0, 90, 11, 57, 18, 72, 41, 68, 40, 126, 40, 0)
s = 135: (0, 36, 11, 58, 18, 46, 32, 83, 51, 165, 47, 0)
s = 136: (0, 57, 15, 74, 15, 46, 37, 58, 51, 107, 48, 0)
s = 137: (0, 39, 19, 59, 14, 62, 50, 70, 43, 132, 32, 0)
s = 138: (0, 43, 16, 42, 22, 55, 51, 72, 51, 86, 70, 0)
s = 139: (0, 68, 18, 63, 21, 37, 52, 52, 73, 65, 79, 0)
s = 140: (0, 28, 20, 52, 25, 66, 51, 77, 55, 114, 59, 0)
s = 141: (0, 66, 11, 56, 14, 36, 54, 70, 40, 91, 46, 0)
s = 142: (0, 46, 14, 32, 17, 33, 43, 53, 46, 173, 48, 0)
s = 143: (0, 84, 27, 62, 26, 54, 42, 74, 72, 85, 44, 0)
s = 144: (0, 61, 13, 50, 16, 52, 48, 77, 69, 119, 51, 0)
s = 145: (0, 56, 13, 55, 24, 48, 35, 54, 55, 105, 45, 0)
s = 146: (0, 34, 19, 36, 24, 47, 32, 66, 64, 79, 66, 0)
s = 147: (0, 35, 12, 37, 29, 42, 58, 81, 104, 179, 43, 0)
s = 148: (0, 40, 11, 58, 18, 44, 44, 73, 39, 86, 83, 0)
s = 149: (0, 61, 25, 66, 19, 49, 67, 43, 31, 199, 33, 0)
s = 150: (0, 54, 22, 76, 22, 27, 88, 82, 54, 83, 39, 0)
s = 151: (0, 52, 19, 56, 14, 59, 46, 117, 64, 113, 32, 0)
s = 152: (0, 50, 24, 42, 14, 65, 28, 72, 59, 90, 27, 0)
s = 153: (0, 41, 14, 46, 22, 31, 46, 110, 47, 160, 39, 0)
s = 154: (0, 43, 20, 43, 16, 32, 47, 85, 93, 105, 37, 0)
s = 155: (0, 28, 19, 46, 20, 36, 74, 66, 70, 71, 63, 0)
s = 156: (0, 36, 21, 48, 13, 56, 42, 63, 61, 111, 61, 0)
s = 157: (0, 28, 14, 80, 22, 58, 64, 121, 58, 111, 42, 0)
s = 158: (0, 44, 14, 41, 15, 55, 50, 83, 64, 152, 37, 0)
s = 159: (0, 46, 14, 63, 25, 28, 57, 112, 61, 86, 66, 0)
s = 160: (0, 39, 21, 55, 22, 39, 67, 65, 67, 91, 42, 0)
s = 161: (0, 61, 19, 55, 28, 88, 36, 51, 41, 78, 54, 0)
s = 162: (0, 33, 23, 39, 33, 31, 73, 73, 84, 87, 59, 0)
s = 163: (0, 31, 15, 49, 14, 61, 32, 47, 69, 88, 34, 0)
s = 164: (0, 41, 15, 41, 14, 64, 58, 112, 35, 113, 40, 0)
s = 165: (0, 58, 13, 53, 12, 33, 68, 57, 54, 139, 42, 0)
s = 166: (0, 39, 11, 65, 14, 50, 62, 54, 47, 84, 71, 0)
s = 167: (0, 37, 24, 60, 21, 63, 53, 59, 39, 199, 55, 0)
s = 168: (0, 59, 12, 55, 26, 71, 34, 62, 46, 102, 55, 0)
s = 169: (0, 71, 17, 76, 20, 46, 51, 90, 55, 63, 66, 0)
s = 170: (0, 77, 15, 44, 17, 45, 51, 129, 51, 122, 51, 0)
s = 171: (0, 27, 19, 51, 18, 49, 46, 84, 45, 111, 61, 0)
s = 172: (0, 44, 9, 29, 23, 67, 94, 83, 40, 149, 43, 0)
s = 173: (0, 37, 21, 86, 16, 38, 47, 84, 62, 91, 70, 0)
s = 174: (0, 67, 19, 56, 14, 31, 34, 95, 73, 102, 42, 0)
s = 175: (0, 70, 18, 36, 20, 34, 58, 42, 57, 114, 55, 0)
s = 176: (0, 34, 29, 40, 20, 28, 34, 109, 34, 67, 30, 0)
s = 177: (0, 57, 14, 36, 31, 26, 30, 86, 71, 159, 47, 0)
s = 178: (0, 59, 17, 68, 11, 38, 30, 84, 39, 109, 65, 0)
s = 179: (0, 30, 15, 42, 17, 53, 50, 99, 53, 107, 70, 0)
s = 180: (0, 37, 11, 75, 24, 76, 32, 72, 88, 115, 36, 0)
s = 181: (0, 51, 19, 45, 14, 41, 66, 44, 40, 132, 38, 0)
s = 182: (0, 31, 18, 36, 14, 68, 55, 66, 31, 114, 56, 0)
s = 183: (0, 55, 9, 29, 23, 26, 59, 101, 47, 110, 53, 0)
s = 184: (0, 37, 12, 55, 17, 37, 35, 60, 43, 118, 45, 0)
s = 185: (0, 36, 26, 53, 18, 28, 63, 91, 49, 82, 58, 0)
s = 186: (0, 33, 12, 60, 30, 39, 34, 67, 68, 73, 49, 0)
s = 187: (0, 47, 16, 57, 29, 42, 55, 87, 69, 118, 54, 0)
s = 188: (0, 33, 16, 72, 25, 62, 60, 89, 59, 97, 48, 0)
s = 189: (0, 41, 17, 49, 18, 34, 49, 117, 36, 99, 36, 0)
s = 190: (0, 53, 12, 76, 35, 40, 28, 98, 54, 86, 56, 0)
s = 191: (0, 60, 10, 33, 24, 28, 49, 64, 53, 115, 40, 0)
s = 192: (0, 38, 13, 80, 33, 42, 74, 105, 40, 179, 41, 0)
s = 193: (0, 61, 15, 42, 28, 44, 50, 61, 67, 66, 46, 0)
s = 194: (0, 52, 17, 36, 23, 58, 51, 92, 74, 88, 42, 0)
s = 195: (0, 48, 16, 43, 16, 40, 30, 107, 51, 81, 74, 0)
s = 196: (0, 56, 14, 30, 20, 68, 56, 50, 49, 110, 50, 0)
s = 197: (0, 65, 9, 50, 16, 38, 38, 60, 78, 193, 63, 0)
s = 198: (0, 31, 26, 55, 15, 65, 56, 86, 83, 170, 35, 0)
s = 199: (0, 31, 19, 49, 30, 39, 32, 93, 78, 85, 48, 0)
s = 200: (0, 47, 12, 57, 16, 27, 56, 51, 67, 114, 37, 0)
************************************************************************
ES/LS-VALUES:
jobnr.   ES(i)    LS(i)
------------------------------------------------------------------------
  0        0        0
  1        0       63
  2        0       71
  3        0       65
  4        7       73
  5        3       75
  6        3       67
  7        9       73
  8       14       79
  9        9       75
 10        8       81
 11       19       85
************************************************************************
BIG-M-VALUES:
M1 = 17, M2 = 199
************************************************************************
