************************************************************************
file with basedata            : j30_44.bas
initial value random generator: 1434089171
************************************************************************
projects                      :  1
jobs (incl. supersource/sink ):  32
horizon                       :  173
RESOURCES
  - renewable                 :  4   R
  - nonrenewable              :  0   N
  - doubly constrained        :  0   D
************************************************************************
PROJECT INFORMATION:
pronr.  #jobs rel.date duedate tardcost  MPM-Time
    1     30      0       57        3       57
************************************************************************
PRECEDENCE RELATIONS:
jobnr.    #modes  #successors   successors
   0        1          3           1   2   3
   1        1          2           5  11
   2        1          3           4   8  28
   3        1          3           6  19  23
   4        1          2           7  24
   5        1          3          12  18  29
   6        1          2          10  21
   7        1          3           9  19  25
   8        1          1          20
   9        1          2          13  22
  10        1          3          15  17  18
  11        1          2          12  23
  12        1          3          14  16  21
  13        1          3          14  16  18
  14        1          2          15  20
  15        1          1          30
  16        1          2          20  26
  17        1          3          22  24  25
  18        1          1          27
  19        1          2          21  29
  20        1          1          30
  21        1          1          22
  22        1          1          27
  23        1          2          24  26
  24        1          1          29
  25        1          1          26
  26        1          1          27
  27        1          1          30
  28        1          1          31
  29        1          1          31
  30        1          1          31
  31        1          0        
************************************************************************
REQUESTS/DURATIONS:
jobnr. mode duration  R 1  R 2  R 3  R 4  E(W 1)  E(W 2)
------------------------------------------------------------------------
  0      1     0       0    0    0    0     0       0
  1      1     1      10    3    7   10    13      17
  2      1     3       8    6    8    2    42      30
  3      1     5       6    0    3    0    30      15
  4      1     4      10    0    0    8    40      32
  5      1     2      10    9    9   10    38      38
  6      1     5       4    2    6    2    30      40
  7      1    10       8    7    3    0    150      30
  8      1     8       8   10    4    4    144      64
  9      1     4       1    3    5    0    20      20
 10      1     9      10    0    0    2    90      18
 11      1     6       7    0    0    0    42       0
 12      1     4       0    1    6    8     8      56
 13      1     9       6    9    0    0    135       0
 14      1     2       5    7    1    2    24       8
 15      1     3       4    0    0    2    12       6
 16      1     8       5    0    8    3    40      88
 17      1     5       0    9    6    6    45      60
 18      1     5       7    0   10    8    35      90
 19      1     9       4    0   10    4    36      126
 20      1     7       6    2    9    1    56      77
 21      1     6       7    0    6    1    42      48
 22      1    10       0   10    0    6    100      60
 23      1     9       3    0    2    9    27      99
 24      1     8       1    3    7    9    40      128
 25      1     1       9    6    0    0    15       0
 26      1     9       1    0    1    9    18      99
 27      1     3       9    2    7    9    33      48
 28      1     9      10    3    1    9    117      99
 29      1     2       4    6    0    5    20      10
 30      1     7       6    4    0    1    70      14
 31      1     0       0    0    0    0     0       0
************************************************************************
RESOURCEAVAILABILITIES:
  R 1  R 2
   64   64
************************************************************************
RESOURCE LIMITS:
jobnr.  l(R 1)  u(R 1)  l(R 2)  u(R 2)
------------------------------------------------------------------------
  0        0       0       0       0
  1        7      13       9      17
  2        7      14       5      10
  3        3       6       2       3
  4        5      10       4       8
  5       10      19      10      19
  6        3       6       4       8
  7        8      15       2       3
  8        9      18       4       8
  9        3       5       3       5
 10        5      10       1       2
 11        4       7       0       0
 12        1       2       7      14
 13        8      15       0       0
 14        7      12       2       4
 15        2       4       1       2
 16        3       5       6      11
 17        5       9       6      12
 18        4       7       9      18
 19        2       4       7      14
 20        4       8       6      11
 21        4       7       4       8
 22        5      10       3       6
 23        2       3       6      11
 24        3       5       9      16
 25        8      15       0       0
 26        1       2       6      11
 27        6      11       9      16
 28        7      13       6      11
 29        5      10       3       5
 30        5      10       1       2
 31        0       0       0       0
************************************************************************
SCENARIOS:
------------------------------------------------------------------------
RESOURCE k = 1
s = 1: (0, 10, 56, 36, 29, 42, 21, 222, 144, 16, 85, 38, 7, 101, 20, 10, 34, 50, 35, 61, 56, 43, 73, 31, 25, 20, 33, 30, 152, 17, 111, 0)
s = 2: (0, 18, 31, 32, 33, 21, 20, 235, 113, 22, 78, 45, 10, 126, 29, 10, 63, 53, 44, 46, 51, 38, 127, 23, 51, 13, 26, 26, 115, 13, 72, 0)
s = 3: (0, 17, 38, 19, 50, 34, 51, 92, 158, 16, 92, 54, 7, 112, 31, 18, 55, 50, 29, 51, 66, 38, 115, 28, 38, 14, 17, 49, 85, 13, 67, 0)
s = 4: (0, 10, 28, 25, 24, 47, 22, 165, 151, 22, 82, 40, 9, 136, 33, 11, 31, 32, 35, 33, 53, 28, 110, 31, 24, 15, 17, 30, 156, 26, 92, 0)
s = 5: (0, 15, 48, 43, 36, 35, 26, 153, 114, 15, 132, 29, 8, 187, 19, 8, 38, 44, 42, 33, 54, 27, 89, 31, 52, 18, 20, 44, 132, 17, 44, 0)
s = 6: (0, 9, 36, 31, 65, 38, 36, 187, 134, 25, 63, 63, 8, 149, 39, 10, 24, 34, 24, 33, 48, 31, 61, 31, 57, 16, 13, 25, 110, 24, 73, 0)
s = 7: (0, 11, 52, 30, 35, 35, 33, 167, 215, 24, 58, 28, 7, 140, 39, 10, 34, 48, 30, 39, 48, 44, 134, 17, 53, 24, 19, 49, 76, 13, 104, 0)
s = 8: (0, 13, 45, 45, 34, 31, 20, 201, 108, 12, 82, 29, 7, 95, 18, 13, 47, 33, 41, 25, 85, 40, 139, 47, 38, 18, 26, 33, 104, 20, 71, 0)
s = 9: (0, 11, 46, 42, 33, 38, 26, 197, 141, 17, 131, 64, 12, 121, 18, 14, 29, 40, 32, 24, 42, 62, 59, 26, 31, 19, 18, 21, 97, 16, 53, 0)
s = 10: (0, 15, 29, 31, 58, 30, 34, 149, 124, 22, 104, 34, 14, 97, 32, 9, 39, 47, 38, 26, 47, 30, 118, 26, 32, 13, 17, 22, 73, 20, 70, 0)
s = 11: (0, 8, 63, 30, 39, 31, 26, 163, 135, 21, 105, 41, 7, 126, 20, 13, 29, 50, 28, 37, 47, 44, 88, 48, 29, 11, 22, 26, 96, 22, 55, 0)
s = 12: (0, 18, 41, 19, 30, 40, 26, 223, 149, 36, 51, 48, 6, 117, 26, 18, 40, 28, 23, 26, 48, 32, 81, 24, 48, 13, 27, 34, 88, 19, 102, 0)
s = 13: (0, 10, 55, 33, 71, 28, 43, 173, 160, 24, 64, 30, 7, 121, 26, 16, 51, 68, 33, 48, 55, 43, 95, 43, 40, 13, 16, 39, 184, 28, 84, 0)
s = 14: (0, 13, 54, 32, 57, 37, 29, 98, 131, 19, 61, 41, 7, 137, 29, 19, 68, 43, 28, 30, 55, 40, 76, 27, 30, 23, 16, 24, 94, 14, 55, 0)
s = 15: (0, 14, 43, 47, 36, 42, 36, 177, 138, 20, 78, 34, 10, 165, 20, 9, 32, 33, 37, 40, 59, 33, 131, 21, 27, 12, 21, 41, 128, 16, 70, 0)
s = 16: (0, 10, 45, 26, 32, 52, 29, 177, 92, 25, 65, 34, 12, 149, 26, 13, 40, 46, 44, 38, 81, 53, 122, 22, 50, 12, 19, 57, 100, 25, 52, 0)
s = 17: (0, 17, 46, 33, 47, 29, 32, 140, 124, 17, 121, 44, 12, 101, 16, 17, 47, 51, 26, 46, 72, 45, 63, 23, 43, 18, 16, 33, 100, 17, 67, 0)
s = 18: (0, 19, 49, 20, 26, 70, 20, 105, 85, 19, 65, 44, 8, 85, 28, 12, 35, 55, 37, 30, 55, 22, 72, 36, 66, 12, 15, 27, 124, 17, 62, 0)
s = 19: (0, 8, 61, 44, 42, 48, 50, 132, 108, 18, 70, 42, 9, 117, 28, 10, 44, 73, 40, 27, 34, 29, 104, 21, 21, 10, 15, 27, 151, 22, 105, 0)
s = 20: (0, 15, 26, 24, 26, 43, 31, 172, 110, 24, 108, 42, 8, 99, 29, 12, 51, 28, 25, 35, 39, 25, 103, 40, 54, 25, 12, 23, 166, 19, 70, 0)
s = 21: (0, 11, 31, 24, 50, 45, 37, 177, 141, 15, 119, 38, 6, 156, 31, 17, 43, 59, 38, 35, 89, 36, 139, 25, 48, 13, 14, 32, 89, 22, 79, 0)
s = 22: (0, 8, 38, 21, 29, 43, 34, 93, 144, 34, 80, 31, 8, 131, 20, 9, 44, 39, 47, 45, 93, 35, 91, 28, 47, 14, 16, 28, 113, 12, 49, 0)
s = 23: (0, 9, 37, 23, 27, 38, 26, 137, 188, 36, 72, 37, 10, 142, 17, 8, 43, 43, 30, 31, 42, 51, 73, 21, 38, 16, 31, 20, 113, 34, 79, 0)
s = 24: (0, 13, 39, 35, 35, 52, 35, 176, 164, 22, 96, 27, 6, 148, 34, 10, 39, 50, 43, 58, 42, 50, 94, 23, 38, 24, 21, 23, 82, 16, 64, 0)
s = 25: (0, 12, 42, 23, 51, 24, 50, 105, 138, 18, 88, 45, 9, 143, 23, 7, 31, 53, 46, 41, 56, 39, 73, 38, 33, 14, 11, 42, 117, 22, 51, 0)
s = 26: (0, 10, 27, 31, 58, 34, 34, 200, 120, 33, 60, 63, 7, 189, 18, 7, 67, 41, 26, 48, 58, 27, 64, 27, 38, 9, 17, 33, 78, 12, 80, 0)
s = 27: (0, 14, 33, 29, 28, 42, 19, 264, 112, 25, 94, 62, 9, 94, 19, 12, 42, 36, 43, 23, 67, 46, 122, 32, 29, 20, 22, 51, 125, 22, 61, 0)
s = 28: (0, 12, 34, 34, 25, 40, 28, 80, 152, 16, 82, 53, 7, 167, 28, 13, 31, 47, 43, 41, 45, 38, 65, 24, 49, 18, 23, 35, 113, 16, 43, 0)
s = 29: (0, 11, 37, 38, 36, 33, 42, 229, 117, 17, 70, 27, 7, 80, 14, 11, 46, 24, 28, 36, 61, 51, 82, 18, 40, 19, 17, 30, 123, 16, 95, 0)
s = 30: (0, 19, 33, 27, 46, 29, 25, 155, 132, 19, 64, 42, 13, 114, 21, 19, 61, 36, 33, 40, 52, 48, 65, 27, 58, 9, 12, 45, 80, 32, 62, 0)
s = 31: (0, 19, 34, 23, 51, 26, 36, 137, 152, 24, 107, 32, 8, 194, 19, 9, 29, 61, 27, 33, 69, 36, 76, 36, 29, 13, 19, 38, 119, 20, 74, 0)
s = 32: (0, 9, 33, 35, 37, 55, 45, 100, 127, 16, 128, 45, 11, 88, 30, 13, 23, 34, 36, 31, 48, 29, 122, 32, 39, 10, 11, 21, 160, 17, 73, 0)
s = 33: (0, 12, 35, 28, 70, 52, 31, 151, 114, 18, 154, 28, 13, 102, 20, 9, 52, 65, 55, 35, 66, 33, 94, 22, 45, 13, 29, 32, 145, 17, 58, 0)
s = 34: (0, 13, 74, 34, 24, 31, 35, 139, 116, 19, 48, 41, 6, 139, 28, 21, 32, 53, 41, 30, 51, 24, 63, 18, 45, 14, 17, 41, 189, 13, 58, 0)
s = 35: (0, 10, 32, 39, 49, 27, 29, 171, 110, 23, 59, 56, 10, 144, 20, 15, 25, 50, 60, 35, 78, 44, 99, 35, 55, 13, 28, 21, 127, 31, 86, 0)
s = 36: (0, 11, 32, 36, 34, 25, 46, 153, 96, 13, 129, 41, 8, 223, 23, 10, 58, 38, 36, 44, 44, 33, 76, 33, 35, 17, 19, 22, 109, 22, 85, 0)
s = 37: (0, 18, 34, 18, 38, 44, 26, 204, 210, 17, 62, 59, 9, 196, 18, 11, 46, 50, 42, 49, 64, 49, 100, 29, 51, 14, 23, 28, 122, 18, 53, 0)
s = 38: (0, 17, 35, 30, 28, 51, 41, 116, 152, 12, 66, 45, 9, 132, 20, 16, 49, 42, 41, 39, 39, 35, 97, 33, 33, 18, 16, 30, 112, 16, 51, 0)
s = 39: (0, 10, 52, 41, 25, 58, 19, 138, 184, 19, 96, 44, 9, 122, 19, 9, 71, 26, 46, 27, 50, 37, 93, 15, 52, 16, 25, 34, 89, 20, 63, 0)
s = 40: (0, 13, 37, 31, 69, 26, 19, 169, 130, 25, 95, 47, 9, 93, 29, 13, 38, 45, 25, 42, 50, 30, 90, 24, 30, 16, 16, 35, 105, 23, 46, 0)
s = 41: (0, 14, 38, 25, 40, 38, 21, 119, 88, 14, 111, 29, 7, 87, 29, 9, 32, 47, 34, 36, 70, 42, 147, 22, 36, 20, 14, 55, 81, 30, 40, 0)
s = 42: (0, 10, 54, 23, 23, 33, 19, 239, 194, 21, 79, 56, 10, 123, 17, 9, 35, 78, 34, 49, 53, 44, 127, 35, 40, 18, 22, 22, 71, 11, 60, 0)
s = 43: (0, 15, 61, 25, 30, 42, 38, 104, 106, 29, 89, 33, 6, 154, 20, 13, 36, 31, 27, 50, 49, 46, 123, 27, 34, 24, 12, 37, 145, 14, 83, 0)
s = 44: (0, 14, 57, 26, 51, 63, 24, 241, 88, 21, 114, 66, 7, 90, 14, 7, 33, 54, 21, 29, 61, 33, 95, 33, 33, 16, 18, 28, 144, 13, 100, 0)
s = 45: (0, 9, 40, 45, 34, 36, 27, 143, 113, 14, 82, 62, 7, 95, 20, 10, 28, 35, 19, 29, 50, 32, 71, 23, 58, 14, 17, 33, 101, 17, 85, 0)
s = 46: (0, 17, 28, 21, 22, 43, 19, 169, 203, 17, 86, 32, 8, 98, 18, 11, 27, 49, 35, 30, 39, 40, 95, 23, 38, 9, 17, 25, 84, 16, 87, 0)
s = 47: (0, 15, 26, 17, 50, 39, 24, 163, 190, 15, 114, 52, 12, 156, 39, 9, 34, 53, 54, 56, 34, 37, 70, 18, 42, 15, 13, 50, 89, 22, 66, 0)
s = 48: (0, 17, 64, 23, 42, 28, 20, 151, 188, 11, 109, 48, 12, 111, 19, 14, 47, 36, 29, 33, 44, 35, 86, 34, 32, 10, 14, 50, 107, 25, 88, 0)
s = 49: (0, 16, 35, 20, 41, 29, 24, 148, 197, 19, 138, 36, 10, 202, 19, 11, 46, 50, 26, 49, 37, 29, 68, 34, 41, 18, 16, 20, 142, 13, 50, 0)
s = 50: (0, 16, 31, 37, 51, 35, 27, 127, 95, 16, 117, 50, 8, 105, 26, 10, 35, 42, 32, 24, 49, 25, 66, 17, 51, 18, 13, 36, 127, 15, 67, 0)
s = 51: (0, 9, 28, 17, 26, 39, 25, 119, 153, 32, 69, 36, 8, 122, 20, 14, 49, 53, 28, 38, 92, 52, 123, 34, 57, 15, 20, 20, 95, 25, 86, 0)
s = 52: (0, 10, 44, 45, 53, 40, 38, 82, 142, 22, 74, 33, 10, 89, 22, 13, 37, 45, 26, 37, 48, 28, 141, 36, 23, 16, 19, 17, 96, 20, 59, 0)
s = 53: (0, 9, 37, 30, 43, 49, 23, 126, 145, 13, 70, 33, 8, 153, 21, 8, 32, 71, 28, 21, 60, 33, 101, 30, 54, 12, 28, 28, 164, 14, 63, 0)
s = 54: (0, 7, 34, 31, 35, 24, 32, 150, 96, 29, 58, 52, 5, 86, 24, 23, 21, 42, 32, 54, 72, 38, 105, 34, 57, 24, 17, 55, 177, 18, 72, 0)
s = 55: (0, 11, 30, 29, 22, 35, 17, 145, 173, 25, 125, 39, 15, 96, 23, 19, 36, 80, 29, 48, 107, 61, 107, 30, 30, 15, 15, 24, 142, 22, 67, 0)
s = 56: (0, 8, 38, 32, 31, 30, 22, 149, 195, 24, 77, 60, 6, 96, 13, 12, 44, 54, 21, 29, 35, 47, 146, 22, 37, 13, 19, 50, 71, 13, 61, 0)
s = 57: (0, 13, 59, 27, 65, 52, 28, 174, 132, 15, 114, 28, 10, 123, 29, 20, 37, 51, 23, 29, 64, 51, 113, 17, 37, 14, 19, 33, 110, 23, 85, 0)
s = 58: (0, 17, 30, 24, 35, 37, 20, 144, 113, 27, 111, 33, 8, 113, 35, 11, 33, 45, 48, 50, 80, 56, 68, 21, 65, 19, 29, 35, 139, 18, 53, 0)
s = 59: (0, 11, 41, 31, 35, 50, 50, 204, 162, 30, 87, 78, 7, 238, 19, 12, 24, 50, 35, 64, 36, 70, 91, 25, 36, 18, 14, 39, 115, 23, 48, 0)
s = 60: (0, 19, 53, 31, 23, 66, 38, 169, 173, 25, 141, 57, 10, 177, 19, 10, 61, 29, 28, 35, 41, 33, 81, 25, 51, 17, 20, 53, 106, 17, 70, 0)
s = 61: (0, 12, 38, 35, 33, 21, 53, 123, 140, 27, 75, 31, 8, 151, 33, 9, 37, 57, 47, 32, 46, 39, 87, 20, 69, 9, 14, 48, 139, 16, 79, 0)
s = 62: (0, 15, 73, 20, 26, 38, 30, 200, 107, 13, 73, 47, 8, 94, 23, 20, 42, 48, 32, 40, 52, 22, 144, 23, 38, 26, 19, 39, 135, 30, 66, 0)
s = 63: (0, 11, 35, 26, 61, 40, 18, 133, 169, 18, 66, 42, 5, 220, 20, 9, 26, 32, 31, 30, 45, 43, 102, 20, 26, 14, 13, 36, 147, 24, 63, 0)
s = 64: (0, 9, 30, 36, 51, 40, 53, 194, 118, 27, 65, 49, 9, 116, 37, 8, 49, 27, 38, 20, 31, 48, 125, 35, 32, 17, 13, 27, 69, 22, 62, 0)
s = 65: (0, 7, 62, 36, 28, 31, 23, 155, 91, 23, 89, 24, 5, 104, 23, 9, 50, 35, 23, 23, 35, 55, 109, 39, 32, 18, 15, 34, 130, 13, 67, 0)
s = 66: (0, 13, 45, 28, 30, 51, 21, 139, 117, 13, 55, 34, 11, 166, 29, 17, 31, 70, 42, 33, 71, 61, 153, 23, 34, 19, 21, 44, 113, 14, 42, 0)
s = 67: (0, 8, 42, 27, 28, 40, 44, 253, 134, 30, 89, 37, 10, 143, 30, 13, 62, 41, 30, 31, 49, 32, 93, 17, 27, 10, 21, 31, 62, 19, 85, 0)
s = 68: (0, 12, 43, 22, 42, 37, 56, 114, 167, 18, 86, 51, 7, 166, 23, 19, 28, 36, 36, 27, 46, 37, 91, 29, 30, 14, 31, 24, 76, 15, 79, 0)
s = 69: (0, 12, 29, 45, 44, 55, 31, 216, 146, 18, 147, 32, 11, 95, 19, 16, 66, 50, 20, 29, 65, 24, 114, 21, 31, 10, 21, 32, 166, 23, 58, 0)
s = 70: (0, 11, 28, 27, 51, 38, 24, 139, 138, 18, 62, 61, 8, 88, 20, 7, 56, 35, 35, 44, 36, 61, 138, 35, 29, 22, 14, 26, 88, 12, 83, 0)
s = 71: (0, 14, 61, 40, 28, 46, 28, 141, 113, 31, 98, 46, 10, 144, 31, 8, 37, 41, 22, 40, 65, 32, 73, 22, 57, 14, 15, 31, 157, 32, 108, 0)
s = 72: (0, 10, 33, 24, 23, 32, 23, 159, 148, 23, 73, 34, 10, 187, 26, 7, 29, 34, 27, 44, 52, 55, 103, 18, 52, 11, 11, 37, 111, 21, 59, 0)
s = 73: (0, 10, 67, 34, 39, 43, 32, 191, 166, 22, 109, 59, 10, 150, 35, 15, 42, 47, 33, 28, 50, 37, 145, 28, 26, 20, 19, 19, 138, 26, 55, 0)
s = 74: (0, 15, 26, 33, 50, 53, 45, 102, 163, 28, 103, 54, 10, 117, 34, 9, 42, 46, 28, 30, 43, 62, 70, 23, 29, 10, 18, 61, 139, 26, 115, 0)
s = 75: (0, 10, 29, 20, 33, 24, 41, 107, 176, 26, 64, 38, 7, 182, 13, 11, 30, 52, 43, 34, 49, 52, 61, 20, 28, 20, 23, 26, 153, 20, 84, 0)
s = 76: (0, 14, 26, 52, 44, 41, 22, 112, 103, 24, 98, 63, 9, 81, 27, 21, 22, 44, 57, 25, 53, 64, 57, 18, 44, 13, 24, 25, 68, 27, 43, 0)
s = 77: (0, 11, 54, 21, 24, 36, 26, 282, 99, 23, 116, 46, 14, 92, 18, 16, 46, 43, 26, 51, 33, 44, 82, 29, 59, 17, 19, 25, 96, 12, 97, 0)
s = 78: (0, 14, 69, 28, 58, 37, 40, 146, 116, 23, 68, 39, 9, 117, 29, 11, 28, 70, 45, 27, 57, 44, 72, 34, 35, 20, 12, 54, 82, 15, 48, 0)
s = 79: (0, 10, 36, 25, 31, 59, 19, 89, 164, 28, 121, 43, 11, 133, 17, 16, 50, 37, 35, 22, 74, 49, 76, 29, 39, 19, 14, 30, 68, 27, 51, 0)
s = 80: (0, 24, 30, 31, 32, 37, 18, 253, 136, 13, 54, 39, 8, 125, 24, 12, 51, 44, 27, 35, 84, 40, 97, 24, 33, 20, 23, 32, 186, 26, 63, 0)
s = 81: (0, 12, 43, 41, 37, 29, 20, 110, 103, 15, 63, 73, 8, 133, 34, 12, 29, 30, 55, 32, 37, 31, 114, 37, 25, 19, 15, 38, 128, 15, 79, 0)
s = 82: (0, 16, 28, 32, 48, 37, 28, 156, 154, 14, 49, 56, 13, 136, 26, 10, 30, 44, 49, 49, 31, 33, 85, 35, 25, 17, 14, 24, 171, 33, 80, 0)
s = 83: (0, 13, 27, 21, 30, 48, 21, 111, 136, 12, 92, 30, 6, 123, 20, 11, 37, 51, 33, 48, 46, 54, 54, 27, 61, 22, 15, 22, 84, 12, 53, 0)
s = 84: (0, 15, 30, 29, 50, 30, 44, 165, 116, 27, 72, 41, 8, 119, 35, 8, 49, 44, 31, 25, 58, 48, 109, 45, 35, 10, 24, 44, 148, 13, 48, 0)
s = 85: (0, 8, 29, 46, 44, 23, 31, 124, 188, 32, 70, 30, 14, 179, 20, 13, 43, 46, 40, 42, 59, 46, 93, 15, 33, 11, 21, 35, 87, 25, 81, 0)
s = 86: (0, 13, 51, 33, 33, 24, 28, 222, 193, 14, 64, 29, 8, 180, 21, 9, 58, 73, 24, 25, 98, 73, 57, 20, 77, 11, 20, 33, 127, 19, 65, 0)
s = 87: (0, 22, 44, 44, 34, 33, 24, 224, 142, 17, 161, 45, 7, 95, 18, 11, 31, 33, 29, 48, 47, 50, 128, 20, 29, 22, 20, 45, 110, 27, 78, 0)
s = 88: (0, 12, 32, 26, 41, 28, 25, 155, 131, 17, 66, 24, 10, 94, 41, 14, 42, 34, 22, 31, 53, 49, 120, 25, 48, 23, 21, 46, 191, 27, 43, 0)
s = 89: (0, 18, 62, 21, 43, 35, 24, 200, 184, 22, 66, 33, 9, 117, 24, 16, 49, 71, 47, 34, 58, 33, 86, 24, 47, 13, 21, 29, 106, 20, 64, 0)
s = 90: (0, 10, 46, 41, 23, 40, 26, 165, 123, 20, 86, 24, 7, 74, 26, 15, 68, 38, 44, 39, 41, 40, 120, 25, 41, 22, 18, 30, 130, 17, 106, 0)
s = 91: (0, 11, 34, 26, 42, 40, 24, 135, 129, 14, 56, 54, 11, 103, 23, 14, 31, 69, 39, 52, 65, 55, 93, 24, 24, 11, 17, 26, 100, 18, 66, 0)
s = 92: (0, 12, 32, 33, 36, 52, 44, 98, 103, 22, 52, 34, 6, 147, 26, 20, 22, 26, 35, 37, 60, 53, 96, 22, 29, 22, 21, 32, 82, 17, 58, 0)
s = 93: (0, 11, 49, 50, 50, 48, 30, 236, 130, 18, 84, 31, 10, 143, 20, 12, 50, 40, 46, 37, 52, 81, 112, 44, 49, 20, 18, 27, 116, 23, 64, 0)
s = 94: (0, 10, 53, 21, 23, 55, 18, 84, 93, 12, 107, 40, 10, 154, 27, 16, 36, 42, 28, 24, 80, 49, 125, 18, 35, 15, 20, 35, 114, 17, 86, 0)
s = 95: (0, 10, 33, 21, 44, 64, 34, 239, 151, 23, 119, 63, 12, 149, 23, 10, 46, 52, 20, 51, 54, 39, 116, 29, 25, 20, 18, 30, 76, 19, 94, 0)
s = 96: (0, 13, 50, 27, 29, 35, 38, 129, 141, 18, 115, 42, 7, 77, 25, 16, 42, 62, 27, 58, 57, 57, 126, 36, 31, 22, 14, 42, 89, 22, 92, 0)
s = 97: (0, 12, 31, 33, 26, 26, 31, 150, 185, 12, 121, 42, 7, 110, 36, 14, 23, 55, 43, 35, 66, 51, 132, 19, 74, 14, 27, 43, 97, 26, 45, 0)
s = 98: (0, 10, 33, 31, 26, 47, 34, 130, 231, 22, 77, 58, 7, 110, 23, 16, 30, 65, 24, 43, 33, 56, 124, 33, 44, 11, 17, 27, 134, 21, 83, 0)
s = 99: (0, 12, 40, 27, 43, 46, 35, 101, 143, 24, 72, 43, 6, 117, 35, 15, 27, 32, 29, 32, 51, 25, 85, 25, 54, 23, 23, 24, 90, 19, 64, 0)
s = 100: (0, 16, 24, 24, 28, 53, 16, 94, 113, 24, 96, 57, 9, 76, 18, 16, 47, 38, 41, 42, 52, 39, 108, 41, 55, 19, 13, 36, 136, 33, 88, 0)
s = 101: (0, 14, 49, 30, 57, 23, 27, 85, 100, 19, 77, 55, 6, 139, 21, 16, 56, 62, 25, 23, 45, 28, 64, 27, 44, 15, 11, 43, 105, 21, 114, 0)
s = 102: (0, 16, 34, 42, 58, 33, 46, 183, 121, 20, 88, 42, 12, 107, 21, 13, 30, 58, 37, 56, 74, 39, 153, 14, 54, 12, 22, 27, 89, 16, 103, 0)
s = 103: (0, 13, 43, 28, 31, 62, 37, 163, 106, 14, 64, 37, 11, 114, 20, 10, 31, 33, 34, 43, 79, 30, 96, 24, 32, 8, 16, 38, 139, 12, 49, 0)
s = 104: (0, 10, 46, 31, 68, 30, 37, 134, 127, 20, 105, 45, 9, 189, 21, 8, 45, 44, 37, 47, 63, 54, 66, 21, 32, 18, 22, 43, 95, 19, 63, 0)
s = 105: (0, 20, 27, 32, 41, 36, 43, 266, 154, 14, 95, 23, 7, 164, 34, 7, 51, 44, 46, 29, 42, 32, 69, 23, 44, 24, 20, 34, 179, 33, 68, 0)
s = 106: (0, 8, 37, 26, 30, 40, 29, 111, 119, 30, 94, 38, 8, 115, 28, 18, 29, 47, 30, 30, 31, 41, 127, 23, 69, 12, 19, 31, 147, 16, 104, 0)
s = 107: (0, 10, 33, 32, 26, 28, 33, 162, 95, 25, 96, 34, 10, 198, 21, 17, 35, 28, 31, 29, 51, 38, 98, 21, 73, 14, 13, 27, 100, 21, 84, 0)
s = 108: (0, 11, 47, 27, 37, 48, 34, 137, 202, 15, 81, 49, 9, 91, 30, 13, 33, 38, 27, 30, 70, 46, 69, 30, 44, 10, 24, 38, 146, 31, 78, 0)
s = 109: (0, 8, 33, 44, 30, 37, 35, 114, 150, 15, 53, 48, 10, 163, 30, 13, 43, 36, 25, 46, 42, 38, 85, 23, 39, 20, 29, 24, 130, 27, 80, 0)
s = 110: (0, 12, 38, 36, 41, 33, 35, 168, 114, 13, 127, 65, 6, 92, 26, 12, 40, 52, 44, 35, 52, 43, 106, 38, 39, 16, 26, 38, 147, 12, 46, 0)
s = 111: (0, 10, 26, 37, 42, 53, 29, 124, 108, 22, 88, 53, 11, 107, 35, 14, 31, 53, 27, 47, 59, 39, 107, 40, 40, 13, 18, 40, 118, 19, 49, 0)
s = 112: (0, 14, 49, 33, 53, 43, 29, 149, 122, 20, 111, 37, 5, 114, 20, 12, 34, 42, 35, 32, 55, 27, 115, 31, 48, 16, 18, 34, 63, 21, 111, 0)
s = 113: (0, 13, 62, 37, 24, 39, 38, 163, 167, 20, 49, 37, 9, 127, 15, 13, 68, 43, 32, 32, 67, 37, 118, 25, 46, 21, 28, 31, 224, 21, 69, 0)
s = 114: (0, 17, 30, 19, 40, 26, 32, 90, 151, 20, 100, 38, 10, 184, 21, 15, 43, 38, 59, 29, 37, 37, 190, 25, 43, 11, 17, 32, 67, 19, 38, 0)
s = 115: (0, 10, 59, 45, 47, 31, 29, 105, 219, 13, 67, 48, 8, 124, 25, 12, 38, 42, 42, 31, 30, 46, 63, 23, 40, 23, 12, 43, 85, 21, 69, 0)
s = 116: (0, 15, 42, 22, 40, 49, 37, 148, 173, 18, 69, 39, 8, 144, 34, 10, 41, 61, 27, 50, 65, 39, 145, 17, 33, 16, 17, 43, 165, 24, 65, 0)
s = 117: (0, 14, 36, 51, 28, 40, 21, 118, 108, 23, 85, 46, 8, 109, 30, 10, 33, 59, 28, 29, 59, 37, 113, 23, 46, 10, 19, 27, 155, 21, 60, 0)
s = 118: (0, 11, 41, 29, 54, 25, 19, 140, 173, 17, 127, 53, 8, 110, 37, 12, 42, 47, 42, 21, 42, 47, 161, 18, 34, 25, 12, 41, 89, 15, 87, 0)
s = 119: (0, 20, 37, 22, 40, 35, 33, 149, 151, 29, 56, 39, 9, 88, 15, 17, 40, 37, 31, 30, 78, 28, 80, 16, 37, 15, 16, 31, 110, 33, 85, 0)
s = 120: (0, 14, 52, 39, 47, 37, 20, 120, 93, 15, 55, 45, 8, 105, 37, 12, 48, 30, 30, 39, 29, 30, 108, 32, 41, 16, 23, 40, 84, 15, 93, 0)
s = 121: (0, 8, 39, 40, 35, 54, 35, 158, 117, 22, 136, 51, 5, 123, 25, 10, 59, 41, 35, 38, 90, 48, 52, 29, 34, 20, 14, 25, 166, 15, 46, 0)
s = 122: (0, 11, 33, 31, 23, 32, 41, 209, 154, 13, 105, 55, 10, 128, 13, 7, 40, 32, 33, 21, 41, 39, 88, 28, 22, 18, 13, 28, 72, 13, 57, 0)
s = 123: (0, 12, 58, 40, 43, 46, 40, 140, 87, 17, 123, 49, 10, 181, 17, 15, 41, 63, 47, 29, 47, 33, 70, 18, 35, 12, 21, 37, 60, 34, 42, 0)
s = 124: (0, 12, 31, 23, 33, 22, 38, 175, 163, 21, 55, 58, 6, 103, 19, 16, 21, 42, 36, 31, 42, 39, 105, 14, 54, 16, 13, 31, 105, 19, 107, 0)
s = 125: (0, 10, 24, 26, 35, 27, 29, 135, 86, 29, 148, 38, 8, 160, 21, 9, 63, 53, 49, 46, 47, 39, 111, 23, 33, 15, 13, 22, 156, 20, 55, 0)
s = 126: (0, 13, 27, 32, 27, 27, 21, 113, 138, 23, 108, 33, 7, 112, 15, 9, 30, 56, 28, 39, 38, 42, 63, 28, 32, 17, 12, 35, 94, 24, 49, 0)
s = 127: (0, 9, 34, 17, 32, 32, 24, 127, 179, 15, 114, 58, 10, 143, 41, 18, 34, 54, 33, 41, 54, 36, 108, 41, 28, 14, 31, 29, 136, 37, 54, 0)
s = 128: (0, 9, 37, 37, 39, 31, 25, 123, 74, 28, 106, 73, 9, 99, 35, 13, 48, 39, 26, 38, 56, 27, 63, 24, 26, 14, 15, 46, 60, 20, 62, 0)
s = 129: (0, 14, 30, 31, 23, 41, 34, 167, 227, 25, 57, 44, 8, 134, 34, 16, 34, 71, 31, 29, 48, 33, 117, 18, 34, 22, 24, 32, 74, 34, 46, 0)
s = 130: (0, 13, 68, 40, 66, 39, 21, 111, 112, 20, 61, 33, 9, 103, 26, 12, 31, 29, 61, 50, 69, 32, 54, 24, 37, 18, 21, 24, 101, 15, 81, 0)
s = 131: (0, 11, 64, 33, 45, 35, 37, 132, 116, 20, 136, 28, 9, 119, 20, 12, 36, 34, 28, 47, 57, 22, 82, 28, 52, 10, 10, 47, 82, 18, 64, 0)
s = 132: (0, 11, 40, 20, 37, 40, 22, 129, 143, 17, 66, 33, 5, 173, 30, 11, 29, 38, 21, 26, 74, 51, 83, 31, 34, 12, 14, 30, 90, 30, 75, 0)
s = 133: (0, 10, 51, 42, 59, 35, 32, 230, 155, 18, 78, 33, 6, 184, 33, 19, 28, 53, 28, 30, 46, 51, 62, 33, 57, 22, 24, 51, 106, 21, 66, 0)
s = 134: (0, 15, 33, 18, 37, 35, 30, 122, 140, 22, 107, 35, 9, 159, 28, 10, 38, 65, 36, 38, 51, 37, 98, 39, 65, 14, 19, 22, 145, 37, 79, 0)
s = 135: (0, 12, 75, 32, 42, 36, 28, 209, 237, 13, 138, 55, 7, 133, 30, 10, 68, 49, 46, 54, 44, 39, 146, 24, 29, 19, 17, 46, 90, 18, 97, 0)
s = 136: (0, 13, 43, 35, 43, 34, 19, 198, 161, 22, 69, 42, 10, 159, 22, 11, 29, 52, 39, 35, 43, 44, 52, 19, 28, 15, 13, 26, 75, 14, 65, 0)
s = 137: (0, 15, 34, 20, 45, 24, 21, 116, 83, 25, 68, 26, 7, 79, 26, 9, 59, 51, 39, 59, 37, 31, 151, 30, 28, 11, 10, 28, 98, 23, 63, 0)
s = 138: (0, 12, 42, 34, 52, 31, 44, 146, 122, 14, 150, 44, 14, 99, 21, 19, 35, 40, 21, 28, 69, 45, 137, 35, 31, 11, 15, 27, 89, 29, 71, 0)
s = 139: (0, 14, 26, 16, 34, 59, 24, 187, 97, 11, 81, 32, 8, 172, 29, 18, 34, 37, 23, 22, 43, 44, 90, 29, 37, 22, 23, 20, 198, 14, 66, 0)
s = 140: (0, 10, 46, 34, 25, 22, 41, 114, 138, 30, 78, 30, 9, 102, 26, 14, 52, 47, 37, 51, 86, 54, 136, 31, 37, 9, 16, 49, 87, 20, 92, 0)
s = 141: (0, 19, 34, 26, 27, 45, 23, 173, 189, 19, 55, 24, 12, 115, 19, 9, 60, 40, 28, 36, 64, 58, 54, 15, 49, 15, 24, 24, 83, 21, 47, 0)
s = 142: (0, 14, 48, 29, 42, 33, 26, 118, 146, 16, 72, 45, 7, 159, 24, 14, 44, 45, 43, 37, 94, 32, 109, 41, 43, 11, 24, 37, 120, 29, 70, 0)
s = 143: (0, 13, 28, 24, 37, 33, 19, 220, 100, 16, 121, 42, 7, 108, 15, 12, 30, 54, 33, 47, 42, 36, 79, 16, 29, 12, 13, 35, 75, 19, 112, 0)
s = 144: (0, 13, 26, 29, 50, 48, 22, 169, 133, 22, 114, 54, 6, 79, 29, 13, 43, 52, 24, 34, 63, 47, 69, 34, 51, 18, 13, 54, 72, 23, 52, 0)
s = 145: (0, 9, 36, 38, 60, 43, 22, 111, 181, 22, 88, 23, 11, 141, 22, 8, 27, 35, 27, 55, 41, 26, 75, 39, 63, 13, 21, 66, 75, 19, 106, 0)
s = 146: (0, 17, 41, 41, 52, 36, 40, 218, 138, 17, 56, 63, 7, 83, 19, 15, 44, 39, 25, 21, 51, 40, 93, 25, 40, 11, 26, 28, 152, 16, 96, 0)
s = 147: (0, 13, 34, 28, 50, 31, 23, 127, 154, 25, 110, 38, 10, 148, 21, 11, 49, 69, 27, 46, 82, 33, 100, 25, 36, 16, 15, 35, 97, 33, 60, 0)
s = 148: (0, 11, 57, 33, 33, 46, 18, 98, 96, 35, 119, 50, 10, 172, 17, 14, 39, 34, 46, 36, 38, 52, 76, 30, 30, 12, 22, 38, 168, 13, 87, 0)
s = 149: (0, 14, 37, 44, 32, 42, 20, 122, 168, 17, 74, 30, 9, 206, 28, 12, 48, 50, 59, 33, 47, 40, 88, 21, 52, 18, 13, 37, 117, 28, 83, 0)
s = 150: (0, 10, 25, 30, 24, 25, 30, 101, 95, 20, 109, 25, 8, 88, 31, 16, 53, 37, 40, 30, 83, 56, 63, 17, 36, 14, 14, 21, 187, 15, 61, 0)
s = 151: (0, 16, 34, 33, 38, 37, 26, 231, 131, 27, 66, 30, 11, 122, 25, 9, 54, 29, 37, 26, 51, 33, 124, 24, 34, 15, 20, 32, 100, 15, 78, 0)
s = 152: (0, 9, 35, 34, 42, 33, 20, 92, 133, 19, 81, 27, 11, 150, 14, 15, 29, 61, 30, 44, 48, 29, 70, 21, 53, 20, 14, 40, 223, 17, 61, 0)
s = 153: (0, 17, 39, 23, 30, 26, 31, 171, 134, 29, 134, 37, 12, 92, 20, 13, 33, 53, 43, 55, 62, 57, 104, 35, 43, 11, 23, 27, 73, 13, 84, 0)
s = 154: (0, 15, 38, 18, 25, 34, 32, 133, 131, 20, 70, 52, 13, 151, 16, 14, 67, 64, 46, 30, 103, 29, 95, 34, 30, 14, 25, 27, 112, 19, 62, 0)
s = 155: (0, 13, 35, 41, 35, 43, 19, 98, 162, 18, 60, 22, 9, 94, 26, 11, 30, 38, 28, 24, 41, 42, 119, 23, 42, 18, 16, 28, 121, 21, 96, 0)
s = 156: (0, 13, 71, 25, 55, 32, 26, 173, 143, 18, 62, 24, 10, 75, 25, 11, 57, 40, 20, 27, 76, 63, 85, 20, 30, 18, 20, 39, 91, 25, 57, 0)
s = 157: (0, 15, 37, 51, 28, 65, 19, 140, 214, 19, 57, 38, 7, 168, 28, 12, 32, 36, 52, 50, 53, 45, 132, 36, 40, 21, 12, 28, 151, 16, 80, 0)
s = 158: (0, 10, 57, 29, 31, 24, 34, 187, 242, 27, 122, 48, 11, 75, 26, 13, 54, 62, 33, 36, 70, 47, 53, 24, 55, 20, 14, 25, 89, 30, 50, 0)
s = 159: (0, 17, 49, 26, 36, 51, 27, 99, 114, 19, 101, 50, 9, 145, 35, 14, 37, 36, 32, 41, 49, 37, 118, 33, 46, 13, 28, 25, 97, 17, 65, 0)
s = 160: (0, 16, 28, 23, 66, 32, 24, 181, 105, 17, 109, 42, 5, 186, 22, 10, 42, 28, 39, 22, 74, 30, 61, 29, 48, 15, 22, 28, 110, 16, 75, 0)
s = 161: (0, 9, 30, 22, 28, 30, 22, 152, 139, 22, 81, 42, 8, 121, 24, 12, 42, 47, 37, 52, 45, 36, 100, 28, 64, 20, 11, 25, 80, 19, 78, 0)
s = 162: (0, 15, 41, 26, 56, 39, 24, 237, 237, 18, 105, 51, 8, 180, 18, 9, 32, 30, 25, 33, 75, 38, 98, 33, 39, 13, 26, 36, 102, 23, 64, 0)
s = 163: (0, 20, 34, 29, 42, 44, 19, 144, 186, 27, 156, 42, 9, 166, 22, 14, 38, 54, 37, 38, 69, 39, 63, 21, 56, 17, 14, 42, 117, 20, 42, 0)
s = 164: (0, 12, 51, 41, 49, 23, 32, 132, 170, 21, 110, 49, 7, 162, 23, 10, 33, 34, 27, 49, 70, 34, 66, 29, 25, 15, 16, 38, 125, 23, 107, 0)
s = 165: (0, 22, 61, 27, 53, 49, 31, 140, 133, 20, 98, 60, 11, 194, 30, 8, 62, 65, 49, 30, 43, 35, 134, 29, 40, 19, 23, 34, 129, 18, 125, 0)
s = 166: (0, 10, 35, 35, 32, 27, 18, 120, 190, 31, 106, 43, 10, 151, 18, 12, 33, 78, 48, 47, 53, 28, 97, 36, 28, 14, 31, 33, 140, 13, 95, 0)
s = 167: (0, 11, 40, 33, 57, 36, 22, 122, 121, 22, 67, 32, 6, 95, 24, 12, 55, 52, 26, 30, 61, 41, 140, 31, 40, 15, 25, 35, 125, 27, 64, 0)
s = 168: (0, 9, 51, 21, 48, 48, 30, 180, 146, 19, 90, 63, 5, 97, 21, 18, 65, 38, 41, 27, 71, 47, 99, 31, 25, 11, 13, 34, 78, 24, 89, 0)
s = 169: (0, 9, 22, 31, 37, 49, 54, 125, 127, 21, 69, 48, 6, 172, 27, 11, 24, 50, 41, 67, 61, 39, 64, 28, 59, 18, 15, 35, 141, 27, 69, 0)
s = 170: (0, 13, 29, 33, 52, 21, 40, 150, 124, 33, 82, 40, 9, 112, 26, 12, 29, 31, 29, 27, 53, 35, 71, 40, 30, 14, 19, 26, 115, 16, 74, 0)
s = 171: (0, 9, 31, 29, 39, 30, 26, 122, 140, 23, 99, 26, 6, 149, 17, 9, 41, 32, 29, 20, 81, 25, 173, 45, 50, 17, 13, 28, 97, 11, 58, 0)
s = 172: (0, 17, 40, 33, 41, 54, 28, 122, 112, 14, 57, 62, 8, 182, 21, 8, 67, 57, 34, 25, 41, 29, 115, 22, 40, 11, 18, 44, 153, 14, 65, 0)
s = 173: (0, 11, 36, 18, 59, 34, 26, 220, 155, 16, 140, 42, 11, 110, 19, 9, 49, 54, 30, 38, 46, 23, 101, 30, 35, 14, 18, 31, 158, 20, 66, 0)
s = 174: (0, 20, 35, 31, 41, 38, 21, 266, 103, 15, 73, 43, 12, 89, 29, 14, 38, 36, 49, 23, 88, 39, 105, 16, 35, 16, 22, 65, 117, 21, 50, 0)
s = 175: (0, 11, 64, 24, 39, 23, 39, 150, 156, 13, 60, 40, 8, 193, 23, 16, 44, 76, 32, 42, 39, 58, 151, 17, 52, 9, 30, 19, 123, 12, 54, 0)
s = 176: (0, 13, 28, 29, 51, 37, 34, 102, 84, 15, 67, 33, 10, 114, 25, 14, 36, 34, 25, 26, 64, 60, 87, 19, 29, 12, 15, 53, 88, 13, 58, 0)
s = 177: (0, 13, 44, 20, 42, 56, 36, 92, 183, 17, 99, 36, 12, 145, 27, 18, 50, 56, 24, 25, 56, 65, 101, 22, 53, 12, 20, 43, 76, 20, 53, 0)
s = 178: (0, 16, 26, 24, 47, 51, 20, 117, 141, 18, 113, 46, 6, 184, 27, 15, 47, 55, 31, 41, 32, 45, 70, 16, 29, 23, 16, 27, 171, 20, 63, 0)
s = 179: (0, 11, 67, 24, 38, 34, 34, 161, 206, 15, 89, 48, 13, 181, 38, 9, 61, 35, 31, 35, 60, 35, 79, 29, 38, 18, 16, 34, 134, 26, 91, 0)
s = 180: (0, 14, 40, 43, 71, 43, 31, 183, 98, 33, 61, 32, 11, 75, 16, 18, 23, 41, 40, 40, 56, 26, 104, 23, 32, 13, 20, 47, 109, 17, 77, 0)
s = 181: (0, 13, 49, 25, 45, 46, 33, 152, 143, 15, 59, 26, 9, 193, 29, 11, 39, 44, 30, 41, 34, 51, 96, 18, 52, 13, 23, 59, 113, 23, 56, 0)
s = 182: (0, 12, 37, 38, 54, 36, 18, 186, 151, 16, 145, 33, 7, 147, 22, 14, 42, 36, 39, 38, 48, 24, 143, 28, 42, 19, 17, 29, 102, 28, 93, 0)
s = 183: (0, 22, 29, 34, 37, 29, 41, 264, 144, 18, 72, 49, 5, 118, 18, 12, 39, 37, 39, 29, 76, 40, 110, 20, 41, 26, 21, 29, 86, 12, 59, 0)
s = 184: (0, 10, 45, 33, 44, 31, 28, 278, 115, 16, 149, 44, 12, 120, 33, 14, 32, 57, 45, 39, 60, 40, 64, 34, 41, 15, 14, 23, 94, 16, 89, 0)
s = 185: (0, 17, 47, 22, 35, 46, 22, 137, 215, 21, 100, 48, 6, 149, 18, 12, 34, 28, 37, 43, 65, 34, 103, 35, 58, 16, 19, 25, 102, 24, 78, 0)
s = 186: (0, 17, 37, 23, 58, 33, 39, 155, 189, 23, 59, 48, 8, 159, 33, 10, 30, 38, 46, 26, 32, 51, 102, 36, 49, 15, 22, 44, 106, 15, 107, 0)
s = 187: (0, 13, 34, 24, 47, 46, 42, 159, 118, 25, 120, 31, 6, 235, 32, 10, 35, 42, 45, 44, 40, 60, 55, 22, 34, 9, 15, 21, 187, 14, 51, 0)
s = 188: (0, 12, 60, 25, 57, 29, 32, 185, 116, 16, 90, 33, 9, 95, 34, 14, 59, 41, 32, 42, 63, 37, 142, 23, 41, 11, 18, 27, 142, 23, 79, 0)
s = 189: (0, 18, 29, 27, 43, 40, 36, 148, 144, 19, 51, 30, 6, 225, 20, 15, 46, 29, 39, 37, 39, 56, 71, 24, 61, 12, 14, 23, 70, 21, 67, 0)
s = 190: (0, 13, 43, 35, 45, 52, 23, 120, 108, 16, 103, 45, 8, 153, 20, 17, 62, 45, 41, 31, 60, 40, 97, 33, 39, 16, 24, 47, 87, 14, 62, 0)
s = 191: (0, 12, 51, 45, 62, 32, 28, 167, 95, 16, 96, 49, 7, 133, 20, 18, 49, 49, 35, 31, 56, 52, 69, 29, 34, 9, 17, 21, 164, 22, 95, 0)
s = 192: (0, 10, 59, 41, 37, 27, 25, 120, 120, 13, 107, 40, 8, 93, 27, 12, 27, 35, 43, 45, 81, 42, 101, 23, 56, 15, 16, 39, 162, 27, 68, 0)
s = 193: (0, 10, 29, 22, 49, 31, 33, 179, 204, 32, 81, 51, 6, 186, 19, 14, 24, 38, 30, 39, 68, 35, 120, 38, 27, 9, 19, 25, 118, 23, 66, 0)
s = 194: (0, 9, 40, 30, 41, 58, 25, 188, 134, 30, 83, 65, 10, 153, 19, 10, 27, 29, 29, 35, 72, 44, 114, 20, 49, 10, 22, 23, 121, 15, 54, 0)
s = 195: (0, 12, 47, 26, 31, 39, 18, 112, 133, 15, 83, 64, 8, 129, 31, 8, 30, 40, 26, 28, 61, 36, 81, 22, 33, 12, 22, 53, 148, 28, 46, 0)
s = 196: (0, 14, 28, 32, 29, 29, 18, 186, 139, 27, 88, 42, 9, 89, 19, 13, 34, 24, 30, 31, 49, 48, 73, 31, 34, 18, 13, 26, 110, 31, 92, 0)
s = 197: (0, 10, 41, 36, 33, 41, 42, 98, 210, 15, 94, 47, 11, 159, 19, 15, 26, 27, 38, 48, 80, 47, 139, 20, 35, 21, 18, 24, 151, 20, 63, 0)
s = 198: (0, 12, 27, 22, 23, 26, 21, 113, 170, 15, 90, 37, 5, 83, 17, 13, 27, 45, 38, 54, 81, 36, 76, 22, 53, 11, 25, 35, 125, 16, 47, 0)
s = 199: (0, 18, 36, 21, 24, 51, 21, 132, 198, 28, 72, 51, 6, 134, 23, 12, 50, 61, 29, 24, 45, 34, 61, 20, 37, 10, 27, 26, 161, 20, 79, 0)
s = 200: (0, 15, 39, 19, 25, 49, 32, 224, 158, 17, 84, 29, 9, 116, 35, 10, 33, 43, 45, 39, 65, 34, 123, 28, 49, 22, 19, 37, 115, 24, 41, 0)
------------------------------------------------------------------------
RESOURCE k = 2
s = 1: (0, 13, 40, 18, 23, 42, 28, 45, 64, 16, 17, 0, 44, 0, 7, 5, 74, 67, 90, 212, 77, 49, 44, 111, 78, 0, 179, 44, 128, 9, 23, 0)
s = 2: (0, 23, 23, 16, 26, 21, 26, 47, 50, 22, 16, 0, 66, 0, 10, 5, 138, 71, 111, 159, 71, 44, 76, 82, 163, 0, 138, 38, 97, 7, 15, 0)
s = 3: (0, 22, 27, 10, 40, 34, 67, 19, 71, 16, 19, 0, 49, 0, 11, 9, 120, 67, 73, 177, 90, 44, 69, 103, 121, 0, 89, 71, 72, 7, 14, 0)
s = 4: (0, 13, 20, 13, 19, 47, 29, 33, 67, 22, 17, 0, 62, 0, 11, 6, 67, 43, 89, 113, 72, 32, 66, 113, 76, 0, 91, 44, 132, 13, 19, 0)
s = 5: (0, 20, 34, 22, 29, 35, 35, 31, 51, 15, 27, 0, 53, 0, 7, 4, 83, 59, 108, 116, 74, 31, 54, 111, 167, 0, 110, 63, 112, 9, 9, 0)
s = 6: (0, 12, 26, 16, 52, 38, 48, 38, 60, 25, 13, 0, 54, 0, 13, 5, 51, 45, 62, 116, 65, 36, 37, 112, 183, 0, 70, 36, 93, 12, 15, 0)
s = 7: (0, 14, 37, 15, 28, 35, 44, 34, 96, 24, 12, 0, 45, 0, 13, 5, 75, 64, 75, 135, 66, 50, 81, 61, 168, 0, 100, 72, 65, 7, 21, 0)
s = 8: (0, 16, 33, 23, 28, 31, 27, 41, 48, 12, 17, 0, 46, 0, 6, 7, 102, 44, 105, 85, 116, 45, 84, 170, 122, 0, 141, 48, 88, 10, 15, 0)
s = 9: (0, 15, 33, 21, 27, 38, 34, 40, 63, 17, 27, 0, 78, 0, 6, 7, 62, 53, 81, 83, 58, 71, 36, 93, 97, 0, 97, 31, 82, 8, 11, 0)
s = 10: (0, 19, 21, 16, 47, 30, 45, 30, 55, 22, 21, 0, 95, 0, 11, 5, 84, 63, 97, 90, 64, 34, 71, 95, 102, 0, 89, 32, 62, 10, 14, 0)
s = 11: (0, 11, 45, 15, 31, 31, 35, 33, 60, 21, 21, 0, 43, 0, 7, 7, 63, 67, 72, 127, 65, 50, 53, 174, 93, 0, 118, 38, 81, 11, 11, 0)
s = 12: (0, 23, 29, 10, 24, 40, 34, 45, 66, 36, 11, 0, 41, 0, 9, 9, 88, 37, 58, 89, 66, 37, 49, 86, 153, 0, 146, 49, 74, 10, 21, 0)
s = 13: (0, 14, 40, 17, 57, 28, 57, 35, 71, 24, 13, 0, 49, 0, 9, 8, 111, 90, 85, 168, 75, 49, 57, 155, 127, 0, 86, 56, 156, 14, 17, 0)
s = 14: (0, 17, 39, 16, 46, 37, 39, 20, 59, 19, 13, 0, 49, 0, 10, 10, 150, 57, 70, 103, 75, 46, 46, 97, 96, 0, 85, 35, 80, 7, 11, 0)
s = 15: (0, 18, 31, 24, 29, 42, 47, 36, 61, 20, 16, 0, 65, 0, 7, 5, 70, 44, 93, 140, 81, 38, 79, 77, 85, 0, 114, 60, 108, 8, 14, 0)
s = 16: (0, 12, 32, 13, 26, 52, 39, 36, 41, 25, 13, 0, 81, 0, 9, 7, 88, 62, 112, 133, 111, 61, 74, 78, 157, 0, 101, 83, 85, 13, 11, 0)
s = 17: (0, 22, 33, 17, 38, 29, 43, 28, 55, 17, 25, 0, 83, 0, 6, 9, 102, 68, 67, 161, 99, 51, 38, 83, 136, 0, 88, 48, 84, 9, 14, 0)
s = 18: (0, 25, 35, 10, 21, 70, 26, 21, 38, 19, 13, 0, 54, 0, 10, 6, 76, 73, 94, 105, 75, 25, 43, 132, 210, 0, 81, 39, 105, 9, 13, 0)
s = 19: (0, 10, 44, 22, 34, 48, 67, 27, 48, 18, 14, 0, 62, 0, 10, 5, 96, 97, 103, 93, 46, 34, 63, 75, 67, 0, 78, 39, 128, 11, 21, 0)
s = 20: (0, 20, 18, 12, 21, 43, 42, 35, 49, 24, 22, 0, 50, 0, 10, 6, 111, 37, 64, 121, 53, 29, 62, 146, 173, 0, 64, 33, 141, 10, 14, 0)
s = 21: (0, 14, 22, 12, 40, 45, 49, 36, 63, 15, 24, 0, 41, 0, 11, 9, 93, 79, 97, 121, 123, 41, 84, 89, 153, 0, 76, 46, 75, 11, 16, 0)
s = 22: (0, 10, 27, 11, 23, 43, 46, 19, 64, 34, 16, 0, 54, 0, 7, 5, 96, 52, 120, 155, 128, 39, 55, 103, 149, 0, 85, 40, 96, 6, 10, 0)
s = 23: (0, 12, 26, 12, 22, 38, 35, 28, 84, 36, 15, 0, 67, 0, 6, 4, 94, 57, 77, 106, 58, 59, 44, 77, 120, 0, 169, 30, 96, 17, 16, 0)
s = 24: (0, 17, 28, 18, 28, 52, 47, 36, 73, 22, 20, 0, 37, 0, 12, 5, 86, 67, 109, 200, 58, 57, 57, 83, 122, 0, 112, 33, 69, 8, 13, 0)
s = 25: (0, 16, 30, 12, 41, 24, 66, 21, 62, 18, 18, 0, 57, 0, 8, 4, 68, 71, 117, 142, 77, 44, 44, 139, 104, 0, 58, 61, 99, 11, 11, 0)
s = 26: (0, 12, 19, 16, 47, 34, 45, 40, 54, 33, 12, 0, 46, 0, 6, 4, 148, 55, 65, 168, 80, 30, 38, 97, 121, 0, 91, 48, 66, 6, 16, 0)
s = 27: (0, 18, 24, 15, 22, 42, 25, 53, 50, 25, 19, 0, 61, 0, 7, 6, 92, 48, 110, 80, 92, 53, 73, 117, 92, 0, 116, 73, 106, 11, 13, 0)
s = 28: (0, 15, 24, 17, 20, 40, 37, 16, 68, 16, 17, 0, 47, 0, 10, 7, 67, 62, 111, 141, 62, 43, 39, 88, 155, 0, 125, 51, 96, 8, 9, 0)
s = 29: (0, 14, 27, 19, 29, 33, 56, 46, 52, 17, 14, 0, 48, 0, 5, 6, 100, 32, 71, 123, 84, 59, 49, 63, 126, 0, 91, 44, 104, 8, 19, 0)
s = 30: (0, 24, 24, 14, 37, 29, 33, 31, 59, 19, 13, 0, 85, 0, 7, 10, 135, 48, 83, 139, 71, 55, 39, 98, 185, 0, 63, 66, 68, 16, 13, 0)
s = 31: (0, 25, 25, 12, 41, 26, 47, 28, 68, 24, 22, 0, 51, 0, 7, 5, 63, 81, 69, 116, 95, 41, 46, 131, 91, 0, 103, 54, 101, 10, 15, 0)
s = 32: (0, 11, 24, 18, 30, 55, 60, 20, 57, 16, 26, 0, 71, 0, 10, 7, 49, 46, 93, 107, 66, 33, 74, 115, 123, 0, 57, 30, 136, 9, 15, 0)
s = 33: (0, 16, 25, 14, 56, 52, 41, 31, 51, 18, 31, 0, 85, 0, 7, 5, 113, 87, 141, 120, 90, 38, 56, 79, 143, 0, 158, 46, 123, 9, 12, 0)
s = 34: (0, 16, 53, 17, 20, 31, 47, 28, 52, 19, 10, 0, 39, 0, 10, 11, 70, 71, 105, 102, 69, 28, 38, 63, 143, 0, 92, 59, 160, 7, 12, 0)
s = 35: (0, 13, 23, 20, 39, 27, 38, 35, 49, 23, 12, 0, 68, 0, 7, 8, 55, 66, 153, 121, 107, 51, 60, 126, 176, 0, 149, 30, 107, 16, 18, 0)
s = 36: (0, 14, 23, 18, 27, 25, 61, 31, 43, 13, 26, 0, 55, 0, 8, 5, 128, 51, 92, 154, 60, 38, 46, 120, 110, 0, 101, 32, 93, 11, 17, 0)
s = 37: (0, 23, 25, 9, 31, 44, 35, 41, 94, 17, 13, 0, 60, 0, 6, 6, 101, 67, 107, 172, 87, 56, 60, 105, 161, 0, 122, 41, 103, 9, 11, 0)
s = 38: (0, 22, 25, 15, 23, 51, 54, 24, 68, 12, 14, 0, 63, 0, 7, 8, 106, 55, 106, 135, 54, 40, 58, 120, 103, 0, 84, 43, 95, 8, 11, 0)
s = 39: (0, 13, 37, 21, 20, 58, 25, 28, 82, 19, 20, 0, 62, 0, 7, 5, 156, 35, 116, 94, 69, 42, 56, 55, 165, 0, 133, 49, 75, 10, 13, 0)
s = 40: (0, 17, 27, 16, 55, 26, 25, 34, 58, 25, 19, 0, 62, 0, 10, 7, 83, 60, 65, 144, 68, 35, 54, 86, 94, 0, 85, 50, 89, 12, 10, 0)
s = 41: (0, 18, 28, 13, 32, 38, 28, 24, 39, 14, 23, 0, 46, 0, 10, 5, 69, 63, 86, 125, 97, 48, 88, 79, 115, 0, 76, 80, 69, 15, 8, 0)
s = 42: (0, 13, 38, 12, 18, 33, 25, 48, 87, 21, 16, 0, 67, 0, 6, 5, 76, 104, 86, 171, 73, 50, 77, 126, 126, 0, 121, 32, 60, 6, 12, 0)
s = 43: (0, 20, 44, 13, 24, 42, 50, 21, 48, 29, 18, 0, 42, 0, 7, 7, 78, 41, 68, 174, 68, 52, 74, 99, 109, 0, 61, 54, 123, 7, 17, 0)
s = 44: (0, 19, 41, 13, 41, 63, 32, 49, 39, 21, 23, 0, 44, 0, 5, 4, 73, 71, 54, 102, 84, 38, 57, 119, 106, 0, 98, 41, 122, 7, 20, 0)
s = 45: (0, 12, 28, 23, 27, 36, 35, 29, 50, 14, 17, 0, 45, 0, 7, 5, 60, 46, 47, 102, 68, 37, 43, 83, 185, 0, 93, 48, 85, 9, 17, 0)
s = 46: (0, 22, 20, 11, 18, 43, 25, 34, 90, 17, 18, 0, 53, 0, 6, 6, 60, 65, 90, 105, 54, 45, 57, 84, 120, 0, 92, 36, 71, 8, 18, 0)
s = 47: (0, 20, 19, 9, 40, 39, 32, 33, 85, 15, 23, 0, 80, 0, 13, 5, 75, 71, 138, 194, 46, 42, 42, 66, 134, 0, 71, 73, 76, 11, 14, 0)
s = 48: (0, 22, 46, 12, 34, 28, 27, 31, 84, 11, 22, 0, 78, 0, 7, 7, 104, 48, 74, 115, 60, 40, 52, 124, 100, 0, 77, 72, 91, 13, 18, 0)
s = 49: (0, 20, 25, 10, 33, 29, 32, 30, 88, 19, 28, 0, 69, 0, 7, 6, 100, 66, 65, 171, 51, 33, 41, 123, 131, 0, 87, 29, 120, 7, 10, 0)
s = 50: (0, 21, 22, 19, 41, 35, 36, 26, 43, 16, 24, 0, 53, 0, 9, 5, 77, 56, 82, 82, 67, 29, 40, 62, 161, 0, 70, 52, 107, 8, 14, 0)
s = 51: (0, 12, 20, 9, 21, 39, 33, 24, 68, 32, 14, 0, 52, 0, 7, 7, 108, 71, 70, 131, 126, 60, 74, 124, 182, 0, 110, 29, 80, 13, 18, 0)
s = 52: (0, 13, 32, 23, 43, 40, 51, 17, 63, 22, 15, 0, 65, 0, 8, 7, 80, 59, 67, 128, 66, 32, 85, 132, 73, 0, 104, 25, 81, 10, 12, 0)
s = 53: (0, 11, 27, 15, 35, 49, 30, 26, 65, 13, 14, 0, 56, 0, 7, 4, 70, 94, 72, 72, 82, 38, 61, 108, 171, 0, 154, 41, 139, 7, 13, 0)
s = 54: (0, 10, 24, 16, 28, 24, 43, 30, 43, 29, 12, 0, 35, 0, 8, 12, 45, 55, 81, 189, 99, 43, 63, 123, 181, 0, 91, 80, 149, 9, 15, 0)
s = 55: (0, 14, 21, 15, 17, 35, 22, 29, 77, 25, 25, 0, 102, 0, 8, 10, 79, 106, 73, 166, 146, 70, 64, 108, 94, 0, 79, 34, 120, 11, 14, 0)
s = 56: (0, 11, 27, 16, 25, 30, 30, 30, 87, 24, 16, 0, 39, 0, 5, 6, 96, 72, 52, 100, 49, 54, 88, 80, 117, 0, 104, 73, 60, 7, 13, 0)
s = 57: (0, 16, 43, 14, 52, 52, 38, 35, 59, 15, 23, 0, 67, 0, 10, 10, 82, 68, 59, 101, 88, 58, 68, 63, 117, 0, 103, 48, 93, 12, 17, 0)
s = 58: (0, 23, 21, 12, 28, 37, 27, 29, 51, 27, 23, 0, 56, 0, 12, 6, 73, 60, 121, 173, 110, 64, 41, 75, 206, 0, 157, 50, 118, 9, 11, 0)
s = 59: (0, 14, 30, 16, 28, 50, 67, 41, 72, 30, 18, 0, 45, 0, 7, 6, 52, 66, 88, 224, 50, 80, 55, 89, 115, 0, 77, 57, 97, 12, 10, 0)
s = 60: (0, 25, 38, 16, 19, 66, 50, 34, 77, 25, 29, 0, 65, 0, 7, 5, 133, 38, 71, 122, 56, 38, 49, 90, 164, 0, 107, 76, 90, 9, 14, 0)
s = 61: (0, 16, 27, 18, 26, 21, 70, 25, 62, 27, 15, 0, 56, 0, 11, 5, 81, 76, 121, 110, 63, 45, 52, 73, 221, 0, 77, 70, 118, 8, 16, 0)
s = 62: (0, 20, 52, 10, 21, 38, 40, 40, 48, 13, 15, 0, 51, 0, 8, 10, 91, 64, 81, 139, 71, 25, 87, 82, 120, 0, 101, 56, 114, 15, 14, 0)
s = 63: (0, 14, 25, 13, 49, 40, 24, 27, 75, 18, 14, 0, 35, 0, 7, 5, 57, 42, 78, 105, 62, 49, 61, 71, 81, 0, 69, 52, 124, 12, 13, 0)
s = 64: (0, 12, 22, 18, 41, 40, 70, 39, 53, 27, 13, 0, 62, 0, 13, 4, 107, 35, 98, 69, 43, 55, 75, 129, 101, 0, 67, 40, 59, 11, 13, 0)
s = 65: (0, 9, 44, 18, 23, 31, 30, 31, 41, 23, 18, 0, 35, 0, 8, 5, 108, 47, 57, 79, 48, 63, 66, 143, 103, 0, 82, 49, 110, 7, 14, 0)
s = 66: (0, 16, 33, 14, 24, 51, 28, 28, 52, 13, 11, 0, 73, 0, 10, 9, 67, 93, 107, 115, 97, 70, 92, 82, 107, 0, 114, 63, 96, 7, 9, 0)
s = 67: (0, 10, 30, 14, 23, 40, 59, 51, 60, 30, 18, 0, 67, 0, 10, 7, 135, 54, 77, 107, 68, 37, 56, 60, 87, 0, 111, 45, 53, 10, 17, 0)
s = 68: (0, 16, 31, 11, 33, 37, 74, 23, 74, 18, 18, 0, 46, 0, 8, 10, 61, 48, 92, 93, 63, 42, 55, 104, 94, 0, 166, 35, 64, 8, 16, 0)
s = 69: (0, 16, 21, 23, 35, 55, 41, 44, 65, 18, 30, 0, 73, 0, 7, 8, 145, 67, 50, 101, 89, 27, 69, 74, 98, 0, 114, 47, 141, 12, 12, 0)
s = 70: (0, 14, 20, 14, 41, 38, 32, 28, 61, 18, 13, 0, 54, 0, 7, 4, 122, 46, 88, 153, 50, 70, 83, 126, 92, 0, 73, 38, 75, 6, 17, 0)
s = 71: (0, 18, 43, 20, 23, 46, 38, 29, 50, 31, 20, 0, 64, 0, 11, 4, 81, 54, 55, 140, 89, 37, 44, 78, 180, 0, 79, 44, 133, 16, 22, 0)
s = 72: (0, 13, 23, 12, 19, 32, 31, 32, 66, 23, 15, 0, 66, 0, 9, 4, 63, 46, 70, 153, 72, 63, 62, 65, 167, 0, 58, 53, 94, 11, 12, 0)
s = 73: (0, 13, 48, 17, 31, 43, 42, 39, 74, 22, 22, 0, 68, 0, 12, 8, 91, 63, 84, 95, 68, 42, 87, 100, 82, 0, 102, 27, 117, 13, 11, 0)
s = 74: (0, 20, 18, 17, 40, 53, 60, 21, 73, 28, 21, 0, 67, 0, 12, 5, 92, 61, 70, 105, 59, 71, 42, 83, 90, 0, 96, 89, 118, 13, 23, 0)
s = 75: (0, 13, 21, 10, 26, 24, 54, 22, 79, 26, 13, 0, 43, 0, 5, 6, 65, 69, 110, 118, 67, 59, 37, 74, 89, 0, 125, 38, 130, 10, 17, 0)
s = 76: (0, 18, 19, 26, 35, 41, 29, 23, 46, 24, 20, 0, 58, 0, 9, 11, 48, 58, 145, 87, 72, 73, 34, 65, 141, 0, 127, 36, 57, 14, 9, 0)
s = 77: (0, 14, 39, 11, 19, 36, 35, 57, 44, 23, 24, 0, 92, 0, 6, 8, 100, 57, 65, 178, 46, 51, 49, 105, 189, 0, 101, 36, 81, 6, 20, 0)
s = 78: (0, 19, 49, 14, 46, 37, 53, 30, 52, 23, 14, 0, 62, 0, 10, 6, 61, 94, 115, 94, 78, 50, 44, 125, 110, 0, 64, 78, 69, 8, 10, 0)
s = 79: (0, 12, 26, 13, 25, 59, 25, 18, 73, 28, 25, 0, 73, 0, 6, 8, 110, 49, 89, 76, 101, 55, 46, 106, 123, 0, 76, 43, 58, 14, 11, 0)
s = 80: (0, 32, 22, 16, 26, 37, 24, 51, 61, 13, 11, 0, 52, 0, 8, 6, 111, 58, 68, 121, 115, 45, 59, 87, 105, 0, 125, 47, 158, 13, 13, 0)
s = 81: (0, 16, 31, 21, 30, 29, 26, 22, 46, 15, 13, 0, 55, 0, 12, 6, 63, 40, 141, 112, 51, 35, 69, 134, 80, 0, 78, 56, 108, 8, 16, 0)
s = 82: (0, 21, 20, 16, 39, 37, 38, 32, 69, 14, 10, 0, 85, 0, 9, 5, 66, 58, 125, 172, 43, 37, 51, 128, 80, 0, 75, 35, 145, 17, 16, 0)
s = 83: (0, 17, 19, 11, 24, 48, 28, 23, 61, 12, 19, 0, 36, 0, 7, 6, 81, 68, 85, 167, 63, 62, 33, 96, 194, 0, 83, 32, 71, 6, 11, 0)
s = 84: (0, 20, 22, 15, 40, 30, 59, 33, 52, 27, 15, 0, 55, 0, 12, 4, 106, 59, 79, 85, 79, 55, 66, 164, 112, 0, 128, 64, 125, 7, 10, 0)
s = 85: (0, 10, 21, 23, 36, 23, 41, 25, 84, 32, 14, 0, 95, 0, 7, 7, 94, 61, 102, 145, 81, 53, 56, 54, 104, 0, 112, 51, 74, 13, 17, 0)
s = 86: (0, 17, 37, 17, 26, 24, 37, 45, 86, 14, 13, 0, 51, 0, 7, 5, 128, 97, 62, 87, 135, 83, 35, 73, 246, 0, 108, 48, 108, 10, 13, 0)
s = 87: (0, 28, 31, 22, 27, 33, 31, 45, 63, 17, 33, 0, 48, 0, 6, 6, 67, 44, 74, 166, 64, 57, 77, 72, 92, 0, 108, 65, 93, 14, 16, 0)
s = 88: (0, 16, 23, 13, 33, 28, 33, 31, 58, 17, 14, 0, 69, 0, 14, 7, 91, 45, 57, 107, 73, 56, 72, 89, 154, 0, 113, 66, 161, 14, 9, 0)
s = 89: (0, 23, 44, 11, 34, 35, 32, 40, 82, 22, 14, 0, 60, 0, 8, 8, 108, 94, 119, 116, 79, 38, 52, 88, 150, 0, 113, 41, 90, 10, 13, 0)
s = 90: (0, 12, 33, 21, 19, 40, 34, 33, 55, 20, 18, 0, 43, 0, 9, 8, 148, 51, 113, 135, 57, 46, 72, 92, 131, 0, 94, 43, 110, 9, 22, 0)
s = 91: (0, 14, 24, 13, 33, 40, 32, 27, 58, 14, 12, 0, 74, 0, 8, 7, 67, 92, 101, 180, 90, 62, 56, 86, 77, 0, 89, 37, 85, 9, 14, 0)
s = 92: (0, 15, 23, 17, 29, 52, 58, 20, 46, 22, 11, 0, 39, 0, 9, 10, 47, 35, 89, 129, 82, 60, 58, 81, 92, 0, 116, 46, 69, 9, 12, 0)
s = 93: (0, 15, 35, 25, 40, 48, 40, 48, 58, 18, 17, 0, 65, 0, 7, 6, 109, 53, 117, 129, 71, 92, 68, 160, 155, 0, 95, 39, 98, 12, 13, 0)
s = 94: (0, 13, 38, 11, 19, 55, 24, 17, 42, 12, 22, 0, 64, 0, 9, 8, 79, 56, 72, 82, 110, 55, 75, 66, 112, 0, 106, 51, 97, 9, 18, 0)
s = 95: (0, 12, 24, 11, 36, 64, 45, 48, 67, 23, 24, 0, 80, 0, 8, 5, 100, 69, 51, 176, 74, 45, 70, 104, 80, 0, 97, 44, 65, 10, 19, 0)
s = 96: (0, 17, 36, 14, 23, 35, 51, 26, 63, 18, 23, 0, 45, 0, 9, 8, 92, 83, 67, 200, 78, 65, 76, 132, 99, 0, 73, 60, 75, 11, 19, 0)
s = 97: (0, 16, 22, 17, 21, 26, 41, 30, 82, 12, 25, 0, 43, 0, 12, 7, 51, 73, 109, 121, 90, 58, 79, 68, 236, 0, 147, 63, 82, 13, 9, 0)
s = 98: (0, 12, 24, 16, 21, 47, 45, 26, 103, 22, 16, 0, 44, 0, 8, 8, 65, 87, 62, 150, 45, 63, 75, 119, 139, 0, 89, 39, 113, 11, 17, 0)
s = 99: (0, 15, 28, 14, 35, 46, 47, 21, 64, 24, 15, 0, 40, 0, 12, 8, 59, 42, 74, 112, 70, 28, 51, 92, 171, 0, 123, 34, 76, 10, 13, 0)
s = 100: (0, 21, 18, 12, 22, 53, 21, 19, 51, 24, 20, 0, 62, 0, 6, 8, 102, 51, 106, 147, 71, 45, 65, 149, 174, 0, 70, 52, 115, 17, 18, 0)
s = 101: (0, 18, 35, 15, 46, 23, 36, 17, 45, 19, 16, 0, 36, 0, 7, 8, 122, 82, 63, 80, 62, 32, 38, 98, 138, 0, 58, 63, 89, 11, 23, 0)
s = 102: (0, 21, 24, 21, 47, 33, 61, 37, 54, 20, 18, 0, 80, 0, 7, 7, 65, 77, 93, 195, 102, 44, 92, 51, 171, 0, 121, 39, 76, 8, 21, 0)
s = 103: (0, 17, 31, 14, 25, 62, 49, 33, 47, 14, 13, 0, 72, 0, 7, 5, 68, 43, 86, 150, 109, 35, 58, 86, 102, 0, 85, 55, 118, 6, 10, 0)
s = 104: (0, 14, 33, 16, 55, 30, 49, 27, 57, 20, 21, 0, 57, 0, 7, 4, 98, 58, 94, 164, 86, 62, 40, 77, 100, 0, 117, 63, 80, 10, 13, 0)
s = 105: (0, 26, 20, 16, 33, 36, 58, 54, 69, 14, 19, 0, 43, 0, 12, 4, 111, 59, 118, 99, 58, 36, 41, 83, 141, 0, 108, 50, 152, 17, 14, 0)
s = 106: (0, 11, 27, 13, 24, 40, 39, 23, 53, 30, 19, 0, 52, 0, 10, 9, 63, 63, 76, 102, 42, 47, 76, 85, 220, 0, 104, 45, 125, 8, 21, 0)
s = 107: (0, 13, 24, 16, 21, 28, 44, 33, 42, 25, 20, 0, 69, 0, 7, 9, 75, 37, 80, 100, 70, 43, 59, 77, 231, 0, 70, 39, 84, 11, 17, 0)
s = 108: (0, 14, 34, 14, 30, 48, 46, 28, 90, 15, 17, 0, 58, 0, 10, 7, 73, 51, 70, 104, 96, 52, 42, 109, 138, 0, 129, 56, 124, 16, 16, 0)
s = 109: (0, 10, 24, 22, 24, 37, 47, 23, 67, 15, 11, 0, 68, 0, 10, 7, 95, 48, 64, 158, 58, 43, 51, 83, 124, 0, 157, 35, 110, 14, 16, 0)
s = 110: (0, 15, 27, 18, 33, 33, 47, 34, 51, 13, 26, 0, 36, 0, 9, 6, 86, 69, 113, 121, 71, 49, 64, 139, 125, 0, 141, 56, 125, 6, 10, 0)
s = 111: (0, 13, 19, 19, 34, 53, 38, 25, 48, 22, 18, 0, 71, 0, 12, 7, 68, 70, 68, 165, 81, 44, 64, 146, 126, 0, 95, 58, 100, 10, 10, 0)
s = 112: (0, 19, 35, 17, 42, 43, 38, 30, 55, 20, 23, 0, 32, 0, 7, 6, 74, 56, 90, 111, 76, 31, 69, 113, 152, 0, 97, 49, 53, 11, 23, 0)
s = 113: (0, 17, 44, 19, 19, 39, 51, 33, 75, 20, 10, 0, 62, 0, 5, 7, 148, 57, 82, 110, 93, 42, 71, 89, 147, 0, 150, 45, 190, 11, 14, 0)
s = 114: (0, 22, 21, 10, 32, 26, 42, 18, 67, 20, 20, 0, 70, 0, 7, 8, 93, 50, 151, 99, 51, 43, 114, 91, 136, 0, 93, 46, 57, 10, 8, 0)
s = 115: (0, 12, 43, 23, 38, 31, 39, 21, 98, 13, 14, 0, 55, 0, 9, 6, 83, 56, 106, 108, 42, 53, 38, 84, 125, 0, 66, 62, 72, 11, 14, 0)
s = 116: (0, 20, 30, 11, 32, 49, 50, 30, 77, 18, 14, 0, 53, 0, 12, 5, 89, 81, 69, 174, 89, 44, 87, 62, 105, 0, 91, 62, 140, 12, 13, 0)
s = 117: (0, 18, 26, 26, 22, 40, 28, 24, 48, 23, 17, 0, 51, 0, 10, 5, 73, 78, 71, 99, 81, 43, 68, 82, 146, 0, 102, 39, 132, 11, 12, 0)
s = 118: (0, 14, 29, 15, 43, 25, 25, 28, 77, 17, 26, 0, 55, 0, 13, 6, 92, 63, 107, 74, 58, 54, 97, 65, 107, 0, 64, 59, 75, 8, 18, 0)
s = 119: (0, 26, 27, 11, 32, 35, 44, 30, 67, 29, 12, 0, 57, 0, 5, 9, 88, 49, 78, 103, 107, 32, 48, 58, 118, 0, 87, 44, 93, 17, 17, 0)
s = 120: (0, 18, 37, 20, 38, 37, 27, 24, 42, 15, 11, 0, 56, 0, 13, 6, 104, 40, 77, 134, 39, 34, 65, 116, 131, 0, 127, 59, 71, 8, 19, 0)
s = 121: (0, 11, 28, 20, 28, 54, 47, 32, 52, 22, 28, 0, 34, 0, 9, 5, 129, 54, 90, 131, 124, 55, 31, 104, 106, 0, 77, 37, 140, 8, 10, 0)
s = 122: (0, 14, 24, 16, 18, 32, 54, 42, 69, 13, 21, 0, 64, 0, 5, 4, 88, 43, 84, 73, 56, 44, 53, 100, 70, 0, 67, 41, 61, 7, 12, 0)
s = 123: (0, 15, 42, 20, 34, 46, 53, 28, 39, 17, 25, 0, 69, 0, 6, 8, 89, 84, 120, 101, 64, 38, 42, 64, 110, 0, 115, 53, 51, 17, 9, 0)
s = 124: (0, 16, 22, 12, 26, 22, 51, 35, 73, 21, 11, 0, 36, 0, 7, 8, 46, 55, 91, 108, 58, 45, 63, 51, 172, 0, 67, 45, 89, 10, 22, 0)
s = 125: (0, 13, 17, 13, 28, 27, 39, 27, 39, 29, 30, 0, 50, 0, 7, 5, 137, 71, 124, 160, 64, 44, 67, 82, 103, 0, 68, 31, 132, 10, 11, 0)
s = 126: (0, 16, 19, 16, 22, 27, 28, 23, 62, 23, 22, 0, 47, 0, 5, 5, 65, 74, 70, 135, 52, 48, 38, 100, 101, 0, 66, 51, 79, 12, 10, 0)
s = 127: (0, 12, 24, 9, 26, 32, 32, 26, 80, 15, 23, 0, 64, 0, 14, 9, 75, 72, 84, 142, 75, 41, 65, 148, 88, 0, 168, 42, 115, 19, 11, 0)
s = 128: (0, 12, 26, 19, 32, 31, 33, 25, 33, 28, 22, 0, 59, 0, 12, 7, 105, 52, 66, 131, 77, 31, 38, 86, 81, 0, 78, 66, 51, 10, 13, 0)
s = 129: (0, 18, 22, 16, 19, 41, 45, 34, 101, 25, 12, 0, 52, 0, 12, 8, 73, 94, 80, 101, 66, 38, 71, 64, 109, 0, 131, 46, 63, 17, 10, 0)
s = 130: (0, 17, 49, 20, 53, 39, 28, 23, 50, 20, 13, 0, 60, 0, 9, 6, 68, 38, 155, 173, 95, 36, 33, 87, 118, 0, 112, 35, 86, 8, 17, 0)
s = 131: (0, 15, 46, 17, 36, 35, 50, 27, 52, 20, 28, 0, 60, 0, 7, 6, 79, 45, 72, 162, 78, 25, 49, 102, 165, 0, 52, 68, 69, 9, 13, 0)
s = 132: (0, 15, 29, 10, 29, 40, 29, 26, 64, 17, 14, 0, 34, 0, 10, 6, 62, 50, 54, 90, 102, 58, 50, 113, 108, 0, 76, 43, 76, 15, 15, 0)
s = 133: (0, 13, 37, 21, 47, 35, 42, 46, 69, 18, 16, 0, 39, 0, 11, 10, 61, 71, 70, 104, 63, 58, 38, 119, 181, 0, 129, 74, 89, 11, 14, 0)
s = 134: (0, 19, 24, 9, 29, 35, 40, 25, 62, 22, 22, 0, 61, 0, 10, 5, 82, 87, 91, 130, 70, 42, 59, 142, 207, 0, 104, 32, 123, 19, 16, 0)
s = 135: (0, 15, 54, 16, 34, 36, 37, 42, 105, 13, 28, 0, 44, 0, 10, 5, 149, 66, 119, 186, 61, 45, 88, 86, 91, 0, 90, 67, 77, 9, 20, 0)
s = 136: (0, 17, 31, 18, 35, 34, 26, 40, 72, 22, 14, 0, 64, 0, 8, 6, 63, 70, 99, 121, 60, 50, 31, 69, 89, 0, 71, 38, 64, 7, 13, 0)
s = 137: (0, 19, 24, 10, 36, 24, 28, 24, 37, 25, 14, 0, 46, 0, 9, 5, 129, 68, 98, 206, 50, 35, 91, 110, 88, 0, 55, 41, 83, 12, 13, 0)
s = 138: (0, 15, 30, 17, 41, 31, 58, 30, 54, 14, 30, 0, 92, 0, 7, 10, 75, 53, 53, 97, 94, 51, 83, 126, 99, 0, 78, 39, 75, 15, 15, 0)
s = 139: (0, 18, 19, 8, 27, 59, 32, 38, 43, 11, 17, 0, 56, 0, 10, 9, 74, 49, 59, 77, 60, 51, 54, 105, 118, 0, 125, 29, 167, 7, 14, 0)
s = 140: (0, 13, 33, 17, 20, 22, 54, 23, 62, 30, 16, 0, 59, 0, 9, 7, 114, 62, 94, 176, 118, 62, 82, 111, 119, 0, 83, 71, 73, 10, 19, 0)
s = 141: (0, 25, 24, 13, 22, 45, 30, 35, 84, 19, 11, 0, 81, 0, 7, 5, 131, 53, 71, 125, 88, 66, 33, 53, 155, 0, 132, 35, 70, 11, 10, 0)
s = 142: (0, 19, 34, 15, 33, 33, 34, 24, 65, 16, 15, 0, 45, 0, 8, 7, 95, 59, 111, 128, 129, 37, 66, 150, 138, 0, 128, 53, 101, 15, 14, 0)
s = 143: (0, 17, 20, 12, 30, 33, 26, 44, 45, 16, 25, 0, 48, 0, 5, 6, 66, 71, 84, 165, 57, 42, 48, 56, 93, 0, 67, 51, 64, 10, 23, 0)
s = 144: (0, 17, 18, 15, 40, 48, 29, 34, 59, 22, 23, 0, 40, 0, 10, 7, 94, 69, 60, 117, 86, 54, 42, 125, 162, 0, 67, 79, 61, 12, 11, 0)
s = 145: (0, 12, 26, 19, 48, 43, 29, 23, 81, 22, 18, 0, 72, 0, 8, 4, 59, 47, 68, 190, 57, 30, 45, 141, 200, 0, 115, 96, 63, 10, 22, 0)
s = 146: (0, 22, 30, 21, 42, 36, 53, 44, 61, 17, 12, 0, 48, 0, 7, 8, 96, 52, 65, 71, 70, 46, 56, 92, 127, 0, 142, 41, 129, 8, 20, 0)
s = 147: (0, 17, 24, 14, 40, 31, 31, 26, 69, 25, 22, 0, 64, 0, 7, 6, 107, 92, 69, 160, 112, 37, 60, 92, 115, 0, 78, 50, 82, 17, 12, 0)
s = 148: (0, 14, 41, 17, 26, 46, 24, 20, 43, 35, 24, 0, 68, 0, 6, 7, 84, 45, 118, 125, 52, 59, 46, 109, 94, 0, 116, 55, 143, 7, 18, 0)
s = 149: (0, 19, 26, 22, 26, 42, 27, 25, 75, 17, 15, 0, 60, 0, 10, 6, 104, 67, 150, 114, 65, 46, 53, 76, 166, 0, 70, 54, 99, 14, 17, 0)
s = 150: (0, 13, 18, 15, 20, 25, 40, 21, 42, 20, 22, 0, 53, 0, 11, 8, 115, 50, 103, 105, 114, 64, 38, 61, 113, 0, 75, 31, 158, 8, 13, 0)
s = 151: (0, 20, 24, 17, 31, 37, 34, 47, 59, 27, 14, 0, 72, 0, 9, 5, 118, 39, 93, 90, 70, 38, 75, 87, 109, 0, 110, 46, 85, 8, 16, 0)
s = 152: (0, 12, 25, 17, 34, 33, 27, 19, 59, 19, 17, 0, 72, 0, 5, 8, 63, 82, 76, 151, 66, 33, 42, 77, 169, 0, 76, 59, 189, 9, 13, 0)
s = 153: (0, 23, 28, 12, 24, 26, 41, 35, 60, 29, 27, 0, 81, 0, 7, 7, 72, 71, 110, 191, 85, 65, 62, 126, 135, 0, 122, 39, 62, 7, 17, 0)
s = 154: (0, 19, 27, 9, 20, 34, 43, 27, 59, 20, 14, 0, 85, 0, 6, 7, 146, 86, 117, 102, 142, 33, 57, 125, 95, 0, 133, 39, 95, 10, 13, 0)
s = 155: (0, 16, 25, 21, 28, 43, 25, 20, 72, 18, 12, 0, 58, 0, 9, 6, 65, 50, 71, 82, 56, 48, 72, 84, 132, 0, 85, 40, 102, 11, 20, 0)
s = 156: (0, 16, 51, 13, 44, 32, 34, 35, 64, 18, 13, 0, 64, 0, 9, 6, 125, 53, 51, 94, 105, 72, 51, 73, 96, 0, 110, 57, 77, 13, 12, 0)
s = 157: (0, 20, 26, 26, 22, 65, 25, 28, 95, 19, 12, 0, 43, 0, 10, 6, 70, 48, 134, 173, 72, 52, 80, 129, 127, 0, 64, 41, 127, 8, 16, 0)
s = 158: (0, 13, 41, 15, 25, 24, 45, 38, 108, 27, 25, 0, 75, 0, 9, 7, 119, 83, 85, 125, 96, 54, 32, 88, 176, 0, 72, 36, 76, 15, 10, 0)
s = 159: (0, 22, 35, 13, 29, 51, 36, 20, 51, 19, 21, 0, 62, 0, 12, 7, 80, 47, 81, 141, 67, 43, 71, 120, 146, 0, 154, 36, 82, 9, 13, 0)
s = 160: (0, 20, 20, 12, 53, 32, 32, 37, 47, 17, 22, 0, 34, 0, 8, 5, 91, 37, 101, 77, 101, 35, 37, 105, 152, 0, 116, 40, 94, 8, 15, 0)
s = 161: (0, 11, 21, 11, 22, 30, 30, 31, 62, 22, 17, 0, 51, 0, 8, 6, 93, 63, 95, 180, 62, 41, 60, 101, 205, 0, 57, 36, 68, 10, 16, 0)
s = 162: (0, 19, 30, 13, 45, 39, 31, 48, 106, 18, 21, 0, 55, 0, 6, 5, 71, 40, 63, 113, 103, 43, 59, 121, 125, 0, 141, 52, 86, 12, 13, 0)
s = 163: (0, 26, 25, 15, 34, 44, 26, 29, 83, 27, 32, 0, 59, 0, 8, 7, 82, 72, 95, 131, 94, 45, 38, 76, 178, 0, 77, 61, 99, 10, 9, 0)
s = 164: (0, 15, 37, 21, 39, 23, 43, 27, 76, 21, 22, 0, 46, 0, 8, 5, 72, 45, 69, 169, 97, 39, 40, 106, 78, 0, 88, 55, 106, 12, 22, 0)
s = 165: (0, 29, 44, 14, 43, 49, 41, 28, 60, 20, 20, 0, 71, 0, 10, 4, 135, 87, 125, 105, 59, 40, 80, 104, 128, 0, 122, 49, 109, 9, 25, 0)
s = 166: (0, 13, 25, 18, 25, 27, 24, 24, 85, 31, 22, 0, 66, 0, 6, 6, 71, 104, 123, 165, 73, 32, 58, 129, 89, 0, 166, 47, 118, 7, 19, 0)
s = 167: (0, 14, 29, 17, 46, 36, 30, 25, 54, 22, 14, 0, 38, 0, 8, 6, 120, 70, 65, 103, 84, 47, 84, 112, 127, 0, 137, 50, 106, 14, 13, 0)
s = 168: (0, 11, 37, 11, 38, 48, 40, 36, 65, 19, 18, 0, 34, 0, 7, 9, 141, 50, 105, 94, 97, 53, 60, 114, 79, 0, 71, 49, 66, 12, 18, 0)
s = 169: (0, 12, 16, 16, 30, 49, 72, 25, 57, 21, 14, 0, 39, 0, 9, 6, 53, 66, 105, 235, 84, 44, 39, 102, 188, 0, 81, 51, 119, 14, 14, 0)
s = 170: (0, 17, 21, 17, 42, 21, 54, 30, 55, 33, 17, 0, 60, 0, 9, 6, 63, 41, 75, 93, 72, 39, 43, 147, 95, 0, 104, 38, 97, 8, 15, 0)
s = 171: (0, 11, 23, 15, 31, 30, 34, 25, 62, 23, 20, 0, 40, 0, 6, 5, 89, 43, 75, 70, 112, 28, 104, 164, 159, 0, 67, 41, 82, 6, 12, 0)
s = 172: (0, 21, 29, 17, 33, 54, 37, 25, 50, 14, 12, 0, 54, 0, 7, 4, 146, 76, 87, 86, 56, 33, 69, 80, 128, 0, 97, 64, 129, 7, 13, 0)
s = 173: (0, 14, 26, 9, 47, 34, 35, 44, 69, 16, 28, 0, 73, 0, 7, 5, 106, 72, 78, 133, 63, 26, 61, 109, 110, 0, 96, 45, 134, 10, 14, 0)
s = 174: (0, 26, 25, 16, 33, 38, 28, 54, 46, 15, 15, 0, 78, 0, 10, 7, 84, 48, 124, 80, 121, 44, 63, 58, 112, 0, 121, 94, 99, 11, 10, 0)
s = 175: (0, 15, 46, 12, 31, 23, 52, 30, 70, 13, 12, 0, 52, 0, 8, 8, 96, 101, 82, 145, 53, 67, 91, 63, 165, 0, 161, 28, 104, 6, 11, 0)
s = 176: (0, 17, 20, 15, 41, 37, 45, 21, 37, 15, 14, 0, 68, 0, 9, 7, 78, 46, 64, 88, 87, 69, 52, 70, 92, 0, 79, 77, 75, 7, 12, 0)
s = 177: (0, 17, 31, 10, 34, 56, 48, 19, 81, 17, 20, 0, 84, 0, 9, 9, 110, 75, 61, 87, 76, 74, 61, 78, 170, 0, 110, 62, 64, 10, 11, 0)
s = 178: (0, 21, 19, 12, 37, 51, 27, 24, 63, 18, 23, 0, 41, 0, 9, 8, 102, 73, 78, 141, 44, 51, 42, 56, 91, 0, 84, 39, 145, 10, 13, 0)
s = 179: (0, 15, 48, 12, 30, 34, 46, 33, 92, 15, 18, 0, 91, 0, 13, 5, 133, 46, 78, 121, 82, 40, 47, 104, 122, 0, 88, 49, 114, 13, 19, 0)
s = 180: (0, 18, 29, 22, 57, 43, 41, 37, 44, 33, 13, 0, 74, 0, 6, 9, 50, 54, 102, 139, 77, 30, 63, 83, 103, 0, 106, 68, 92, 9, 16, 0)
s = 181: (0, 17, 35, 13, 36, 46, 44, 31, 64, 15, 12, 0, 63, 0, 10, 6, 86, 58, 77, 143, 47, 59, 58, 66, 166, 0, 126, 85, 96, 12, 12, 0)
s = 182: (0, 16, 27, 19, 43, 36, 24, 38, 68, 16, 29, 0, 49, 0, 8, 7, 91, 48, 99, 133, 66, 28, 86, 100, 135, 0, 91, 42, 86, 14, 19, 0)
s = 183: (0, 29, 21, 17, 29, 29, 55, 53, 64, 18, 15, 0, 35, 0, 6, 6, 85, 49, 100, 101, 105, 45, 66, 70, 130, 0, 111, 42, 73, 6, 12, 0)
s = 184: (0, 12, 32, 17, 35, 31, 37, 56, 52, 16, 30, 0, 79, 0, 11, 7, 71, 76, 115, 134, 82, 46, 39, 123, 131, 0, 74, 34, 80, 8, 18, 0)
s = 185: (0, 22, 34, 11, 28, 46, 29, 28, 96, 21, 20, 0, 38, 0, 6, 6, 74, 38, 93, 148, 90, 39, 62, 125, 184, 0, 100, 37, 86, 12, 16, 0)
s = 186: (0, 22, 26, 12, 46, 33, 51, 31, 84, 23, 12, 0, 54, 0, 11, 5, 65, 50, 117, 91, 44, 58, 61, 132, 156, 0, 116, 63, 90, 8, 22, 0)
s = 187: (0, 17, 25, 12, 37, 46, 56, 32, 53, 25, 24, 0, 39, 0, 11, 5, 76, 56, 116, 154, 55, 69, 33, 80, 108, 0, 78, 30, 158, 7, 11, 0)
s = 188: (0, 16, 43, 13, 46, 29, 42, 37, 52, 16, 18, 0, 59, 0, 12, 7, 130, 55, 82, 145, 86, 42, 85, 84, 131, 0, 97, 39, 120, 12, 16, 0)
s = 189: (0, 23, 21, 14, 35, 40, 48, 30, 64, 19, 11, 0, 38, 0, 7, 8, 100, 38, 98, 129, 53, 63, 43, 86, 195, 0, 77, 33, 59, 11, 14, 0)
s = 190: (0, 16, 31, 18, 36, 52, 30, 24, 48, 16, 21, 0, 54, 0, 7, 9, 136, 60, 105, 106, 83, 45, 58, 121, 122, 0, 132, 68, 74, 7, 13, 0)
s = 191: (0, 15, 37, 23, 50, 32, 37, 34, 43, 16, 20, 0, 48, 0, 7, 9, 108, 66, 90, 107, 76, 60, 41, 106, 109, 0, 94, 31, 139, 11, 19, 0)
s = 192: (0, 13, 42, 21, 30, 27, 33, 24, 54, 13, 22, 0, 53, 0, 9, 6, 59, 46, 109, 156, 111, 48, 61, 84, 179, 0, 85, 56, 137, 14, 14, 0)
s = 193: (0, 13, 21, 11, 39, 31, 44, 36, 91, 32, 17, 0, 40, 0, 7, 7, 52, 51, 76, 135, 94, 40, 72, 139, 86, 0, 102, 36, 100, 12, 14, 0)
s = 194: (0, 12, 28, 15, 33, 58, 34, 38, 60, 30, 17, 0, 68, 0, 7, 5, 59, 39, 73, 121, 99, 50, 69, 73, 155, 0, 121, 33, 103, 8, 11, 0)
s = 195: (0, 15, 33, 13, 25, 39, 24, 23, 59, 15, 17, 0, 54, 0, 11, 4, 65, 53, 66, 98, 83, 41, 49, 79, 104, 0, 117, 77, 125, 14, 10, 0)
s = 196: (0, 18, 20, 16, 23, 29, 23, 38, 62, 27, 18, 0, 59, 0, 7, 7, 74, 32, 76, 108, 68, 54, 44, 113, 109, 0, 69, 37, 93, 16, 19, 0)
s = 197: (0, 13, 30, 18, 27, 41, 56, 20, 94, 15, 19, 0, 73, 0, 7, 8, 57, 35, 97, 165, 110, 54, 84, 73, 111, 0, 96, 35, 128, 10, 13, 0)
s = 198: (0, 15, 19, 11, 18, 26, 27, 23, 76, 15, 18, 0, 31, 0, 6, 7, 59, 60, 96, 186, 112, 41, 46, 80, 168, 0, 137, 50, 106, 8, 10, 0)
s = 199: (0, 24, 26, 11, 20, 51, 28, 27, 88, 28, 15, 0, 36, 0, 8, 6, 110, 81, 74, 81, 62, 39, 37, 73, 118, 0, 147, 38, 137, 10, 16, 0)
s = 200: (0, 20, 28, 10, 20, 49, 42, 45, 70, 17, 17, 0, 62, 0, 12, 5, 72, 57, 114, 135, 89, 39, 74, 103, 155, 0, 100, 54, 97, 12, 9, 0)
************************************************************************
ES/LS-VALUES:
jobnr.   ES(i)    LS(i)
------------------------------------------------------------------------
  0        0        0
  1        0       100
  2        0       65
  3        0       90
  4        5       71
  5        1       110
  6        8       99
  7       12       79
  8        5       132
  9       31       98
 10       17       109
 11        1       102
 12       12       114
 13       38       106
 14       53       142
 15       56       154
 16       53       122
 17       33       126
 18       53       145
 19       31       106
 20       67       146
 21       47       123
 22       58       135
 23       12       121
 24       41       153
 25       41       135
 26       67       137
 27       83       154
 28        5       155
 29       56       169
 30       89       160
 31       101       173
************************************************************************
BIG-M-VALUES:
M1 = 76, M2 = 471
************************************************************************
