************************************************************************
file with basedata            : j60_43.bas
initial value random generator: 331958798
************************************************************************
projects                      :  1
jobs (incl. supersource/sink ):  62
horizon                       :  344
RESOURCES
  - renewable                 :  4   R
  - nonrenewable              :  0   N
  - doubly constrained        :  0   D
************************************************************************
PROJECT INFORMATION:
pronr.  #jobs rel.date duedate tardcost  MPM-Time
    1     60      0       78       31       78
************************************************************************
PRECEDENCE RELATIONS:
jobnr.    #modes  #successors   successors
   0        1          3           1   2   3
   1        1          3           6  23  30
   2        1          3           4   9  20
   3        1          2          10  34
   4        1          2           5   7
   5        1          3           8  12  59
   6        1          3          12  13  40
   7        1          3           8  21  45
   8        1          3          15  36  43
   9        1          3          11  14  19
  10        1          2          23  33
  11        1          3          12  17  37
  12        1          1          18
  13        1          1          55
  14        1          3          16  46  60
  15        1          1          26
  16        1          3          25  35  52
  17        1          1          39
  18        1          1          41
  19        1          2          22  27
  20        1          1          24
  21        1          1          49
  22        1          1          44
  23        1          2          29  48
  24        1          2          29  38
  25        1          3          28  29  31
  26        1          3          33  37  42
  27        1          2          32  51
  28        1          1          34
  29        1          1          53
  30        1          3          32  44  53
  31        1          3          34  38  39
  32        1          1          37
  33        1          2          54  57
  34        1          2          45  50
  35        1          2          38  50
  36        1          2          42  47
  37        1          2          41  49
  38        1          1          54
  39        1          2          45  50
  40        1          3          42  47  56
  41        1          2          46  47
  42        1          2          44  49
  43        1          1          55
  44        1          3          46  52  57
  45        1          2          51  58
  46        1          1          58
  47        1          2          48  52
  48        1          1          55
  49        1          1          60
  50        1          1          59
  51        1          1          53
  52        1          1          54
  53        1          1          56
  54        1          1          58
  55        1          1          57
  56        1          1          59
  57        1          1          60
  58        1          1          61
  59        1          1          61
  60        1          1          61
  61        1          0        
************************************************************************
REQUESTS/DURATIONS:
jobnr. mode duration  R 1  R 2  R 3  R 4  E(W 1)
------------------------------------------------------------------------
  0      1     0       0    0    0    0     0
  1      1     5      10    0   10    0    100
  2      1     3       6    1    2    2    36
  3      1     6       6    4    5    0    90
  4      1     3       9    4    8    4    75
  5      1     5      10    0    1    7    95
  6      1     7      10    0    0    6    112
  7      1     9       1    5    3    0    90
  8      1     1       9    8    2    1    21
  9      1     5       4    1    8    3    85
 10      1     7       7    0    6    8    147
 11      1     8       7    9    0    6    176
 12      1    10       1    6    0    0    80
 13      1     1       3    9    0    3    15
 14      1    10       0    3    0    0    30
 15      1     2       0    6    4   10    40
 16      1     8       7    0    8   10    200
 17      1    10       0    6    0    3    90
 18      1    10       1    8    2    3    150
 19      1     5       2   10    3    1    85
 20      1     4       9    0    3    5    68
 21      1    10       9    1    9    0    200
 22      1     7       0    0    9    3    84
 23      1     5       3    3    5    0    55
 24      1     3       1    4    5    0    33
 25      1     2       0    6    5    0    22
 26      1    10       4    3    0    2    90
 27      1     4       0    0    0    3    12
 28      1     8       0    6    5    0    88
 29      1     7       9    0    2   10    147
 30      1     6       9    0    9    6    144
 31      1     8       7    0    8    0    120
 32      1     4       7    7    5    3    88
 33      1     8       0    0    4    8    96
 34      1     7       5    3    3    4    105
 35      1     8       6   10    8    1    208
 36      1     1       0    9    7    4    20
 37      1     6       0    0   10    6    96
 38      1     4       9    4    9    6    112
 39      1     3       0    4    0    6    30
 40      1     3       0    8    2    0    30
 41      1     1       3    0    0    3     6
 42      1    10       1    1   10    8    220
 43      1     9       2    0    1    5    81
 44      1     3       1    0    2    9    39
 45      1     9       6    7    3    5    189
 46      1     4       4    8    3    3    72
 47      1     3       0    0    3    4    21
 48      1     3       2    0    4    5    33
 49      1     3       4    5    3    0    36
 50      1     9       7    1    3    4    144
 51      1     6       0    3    2   10    90
 52      1     2       5    3    2    4    28
 53      1    10       9    9    5    9    320
 54      1     7       0   10    6    2    126
 55      1     7       2    6    1    8    126
 56      1     2       0    8   10    6    48
 57      1     1       9    3    3   10    25
 58      1     5       4    2    0    7    65
 59      1     8       5    3    2    9    152
 60      1     9       6    6    8    0    180
 61      1     0       0    0    0    0     0
************************************************************************
RESOURCEAVAILABILITIES:
  R 1
   137
************************************************************************
RESOURCE LIMITS:
jobnr.  l(R 1)  u(R 1)
------------------------------------------------------------------------
  0        0       0
  1       10      20
  2        6      12
  3        8      15
  4       13      25
  5       10      19
  6        8      16
  7        6      10
  8       11      21
  9        9      17
 10       11      21
 11       12      22
 12        4       8
 13        9      15
 14        2       3
 15       10      20
 16       13      25
 17        5       9
 18        8      15
 19        9      17
 20       10      17
 21       11      20
 22        7      12
 23        7      11
 24        6      11
 25        6      11
 26        5       9
 27        2       3
 28        6      11
 29       11      21
 30       13      24
 31        8      15
 32       13      22
 33        6      12
 34        9      15
 35       13      26
 36       11      20
 37        8      16
 38       15      28
 39        5      10
 40        5      10
 41        4       6
 42       11      22
 43        5       9
 44        7      13
 45       12      21
 46       10      18
 47        4       7
 48        6      11
 49        7      12
 50        9      16
 51        8      15
 52        8      14
 53       18      32
 54        9      18
 55        9      18
 56       12      24
 57       14      25
 58        7      13
 59       11      19
 60       10      20
 61        0       0
************************************************************************
SCENARIOS:
------------------------------------------------------------------------
RESOURCE k = 1
s = 1: (0, 77, 33, 114, 61, 114, 112, 57, 24, 73, 99, 116, 80, 17, 42, 45, 161, 60, 158, 66, 54, 221, 124, 34, 31, 19, 76, 13, 82, 240, 213, 68, 83, 67, 83, 326, 20, 65, 112, 40, 26, 7, 235, 66, 46, 161, 116, 31, 40, 35, 82, 92, 20, 273, 183, 163, 44, 25, 58, 131, 175, 0)
s = 2: (0, 103, 22, 93, 110, 103, 135, 81, 34, 124, 168, 133, 69, 15, 32, 29, 118, 68, 204, 84, 74, 178, 97, 69, 36, 16, 64, 12, 108, 176, 157, 141, 75, 58, 108, 285, 17, 106, 136, 27, 38, 10, 206, 67, 47, 166, 97, 20, 28, 24, 151, 112, 20, 324, 136, 113, 36, 23, 70, 92, 113, 0)
s = 3: (0, 83, 33, 111, 86, 120, 83, 74, 18, 85, 204, 295, 97, 19, 19, 44, 276, 94, 197, 109, 86, 256, 56, 45, 42, 29, 89, 15, 105, 150, 156, 116, 103, 142, 75, 158, 26, 84, 135, 33, 44, 4, 197, 75, 30, 217, 103, 19, 37, 49, 103, 160, 25, 313, 125, 115, 53, 17, 65, 134, 190, 0)
s = 4: (0, 155, 53, 101, 86, 69, 73, 122, 19, 68, 175, 117, 66, 10, 47, 54, 264, 63, 234, 112, 89, 320, 143, 34, 26, 19, 100, 9, 67, 161, 115, 67, 101, 77, 67, 213, 13, 99, 189, 39, 21, 4, 238, 58, 55, 118, 45, 19, 35, 57, 123, 54, 18, 334, 144, 138, 62, 19, 67, 101, 189, 0)
s = 5: (0, 141, 49, 80, 59, 150, 86, 85, 21, 70, 146, 216, 74, 9, 57, 35, 141, 151, 90, 76, 57, 229, 72, 49, 62, 16, 94, 12, 70, 218, 100, 75, 172, 64, 94, 330, 19, 114, 115, 19, 28, 4, 164, 138, 51, 254, 103, 17, 24, 32, 194, 105, 18, 172, 107, 168, 63, 25, 44, 155, 137, 0)
s = 6: (0, 73, 47, 67, 85, 82, 96, 77, 16, 63, 114, 132, 59, 14, 22, 45, 216, 55, 87, 98, 38, 246, 116, 32, 43, 28, 69, 17, 63, 121, 179, 138, 77, 127, 100, 333, 32, 103, 99, 28, 31, 10, 270, 73, 49, 184, 115, 30, 48, 29, 134, 83, 31, 220, 134, 195, 77, 28, 82, 153, 99, 0)
s = 7: (0, 97, 36, 111, 95, 102, 146, 135, 31, 97, 122, 104, 80, 14, 34, 38, 148, 81, 129, 91, 75, 143, 87, 71, 32, 31, 71, 10, 65, 169, 170, 76, 106, 69, 89, 232, 32, 53, 106, 40, 36, 5, 146, 74, 42, 279, 64, 35, 39, 40, 116, 104, 26, 247, 167, 111, 58, 30, 56, 140, 226, 0)
s = 8: (0, 89, 30, 128, 50, 130, 157, 67, 18, 112, 178, 217, 56, 8, 39, 32, 336, 56, 128, 61, 42, 196, 57, 46, 51, 25, 115, 10, 86, 159, 88, 164, 79, 61, 139, 276, 18, 102, 75, 26, 28, 4, 163, 81, 57, 135, 79, 15, 37, 57, 139, 109, 25, 234, 97, 71, 49, 19, 59, 98, 106, 0)
s = 9: (0, 95, 30, 70, 66, 94, 111, 81, 20, 89, 125, 162, 82, 17, 23, 51, 131, 69, 121, 55, 54, 203, 78, 53, 37, 24, 96, 13, 48, 202, 145, 106, 56, 105, 138, 168, 11, 69, 123, 37, 31, 6, 235, 91, 44, 161, 66, 15, 21, 53, 129, 102, 41, 479, 88, 82, 39, 31, 83, 157, 177, 0)
s = 10: (0, 183, 24, 102, 88, 113, 91, 130, 17, 60, 120, 204, 49, 12, 24, 38, 220, 72, 108, 83, 42, 242, 53, 35, 29, 18, 96, 8, 55, 127, 172, 102, 151, 125, 105, 309, 17, 59, 128, 22, 25, 8, 123, 76, 52, 261, 49, 30, 46, 23, 95, 124, 21, 353, 201, 125, 48, 20, 81, 140, 233, 0)
s = 11: (0, 66, 24, 112, 55, 93, 136, 87, 18, 95, 159, 148, 61, 13, 19, 38, 275, 124, 88, 56, 55, 147, 119, 64, 34, 13, 47, 14, 69, 126, 109, 121, 72, 102, 88, 281, 23, 104, 128, 25, 22, 6, 245, 96, 42, 130, 86, 20, 32, 37, 127, 97, 20, 271, 153, 116, 33, 25, 46, 217, 255, 0)
s = 12: (0, 97, 29, 83, 103, 93, 87, 70, 19, 91, 166, 116, 95, 11, 39, 34, 178, 70, 275, 66, 37, 232, 81, 39, 24, 28, 101, 19, 61, 137, 107, 124, 59, 85, 72, 225, 13, 110, 159, 37, 38, 4, 184, 59, 33, 227, 125, 24, 24, 25, 228, 69, 28, 251, 142, 119, 57, 23, 62, 160, 309, 0)
s = 13: (0, 86, 26, 116, 76, 69, 87, 90, 33, 82, 105, 238, 77, 21, 35, 29, 147, 63, 138, 72, 59, 322, 79, 30, 48, 16, 111, 12, 57, 128, 115, 143, 108, 113, 81, 206, 26, 108, 99, 28, 32, 10, 174, 52, 50, 140, 47, 19, 37, 24, 200, 67, 28, 275, 125, 190, 49, 29, 75, 123, 167, 0)
s = 14: (0, 107, 26, 163, 47, 52, 78, 98, 21, 75, 107, 101, 109, 10, 43, 50, 116, 59, 137, 125, 84, 210, 62, 64, 33, 21, 74, 12, 82, 167, 127, 121, 78, 87, 115, 154, 21, 120, 155, 41, 32, 6, 183, 56, 35, 175, 78, 21, 27, 29, 116, 72, 35, 449, 110, 148, 47, 23, 56, 124, 162, 0)
s = 15: (0, 58, 44, 66, 75, 82, 125, 88, 29, 57, 118, 178, 83, 19, 29, 38, 215, 94, 183, 79, 62, 139, 126, 66, 30, 24, 58, 11, 73, 169, 217, 79, 119, 92, 67, 139, 30, 93, 98, 34, 31, 4, 199, 74, 40, 269, 62, 24, 24, 25, 112, 81, 23, 171, 172, 99, 75, 31, 90, 173, 201, 0)
s = 16: (0, 96, 44, 108, 121, 69, 91, 86, 18, 102, 84, 208, 77, 16, 34, 30, 206, 131, 158, 115, 45, 294, 60, 61, 26, 27, 104, 9, 64, 121, 154, 102, 102, 125, 81, 160, 20, 86, 90, 26, 32, 6, 174, 88, 58, 268, 48, 29, 41, 23, 136, 75, 25, 417, 127, 144, 49, 30, 70, 148, 225, 0)
s = 17: (0, 88, 29, 58, 71, 61, 75, 117, 20, 74, 99, 248, 104, 18, 33, 41, 191, 73, 91, 103, 81, 281, 63, 55, 30, 14, 81, 9, 54, 201, 123, 121, 71, 84, 56, 186, 17, 79, 115, 20, 16, 5, 224, 91, 37, 131, 100, 32, 39, 48, 208, 98, 22, 303, 95, 78, 44, 26, 49, 161, 200, 0)
s = 18: (0, 67, 33, 81, 64, 125, 128, 61, 24, 64, 121, 198, 71, 12, 23, 49, 183, 88, 195, 75, 66, 201, 138, 44, 36, 16, 127, 19, 69, 206, 157, 97, 104, 111, 155, 185, 20, 60, 73, 47, 31, 6, 370, 71, 56, 294, 108, 27, 40, 29, 98, 87, 18, 272, 119, 165, 28, 39, 67, 124, 296, 0)
s = 19: (0, 121, 24, 134, 65, 102, 124, 67, 26, 65, 83, 196, 91, 9, 35, 31, 190, 81, 152, 93, 60, 159, 69, 39, 30, 20, 87, 19, 85, 183, 143, 97, 79, 103, 98, 186, 13, 124, 134, 30, 30, 5, 236, 127, 50, 151, 57, 33, 50, 41, 139, 91, 24, 387, 105, 132, 28, 25, 74, 171, 127, 0)
s = 20: (0, 128, 35, 140, 65, 85, 95, 108, 18, 65, 82, 164, 61, 9, 28, 35, 243, 86, 245, 61, 36, 299, 74, 52, 54, 31, 84, 14, 62, 236, 100, 98, 88, 134, 99, 228, 28, 64, 152, 32, 26, 6, 165, 150, 51, 173, 42, 13, 22, 29, 139, 88, 33, 226, 112, 78, 50, 24, 67, 103, 169, 0)
s = 21: (0, 135, 46, 82, 77, 90, 145, 77, 26, 90, 119, 242, 104, 15, 33, 23, 154, 75, 221, 57, 60, 266, 71, 61, 18, 23, 107, 12, 96, 100, 169, 117, 49, 87, 89, 184, 18, 116, 67, 38, 28, 7, 212, 76, 29, 246, 91, 26, 34, 25, 119, 143, 22, 461, 79, 194, 38, 19, 81, 132, 106, 0)
s = 22: (0, 133, 27, 79, 65, 116, 164, 113, 17, 47, 118, 258, 72, 23, 33, 41, 212, 56, 104, 95, 92, 179, 79, 60, 52, 25, 82, 9, 136, 131, 128, 73, 58, 55, 123, 183, 22, 93, 119, 30, 26, 5, 168, 48, 32, 128, 92, 16, 39, 53, 165, 116, 31, 263, 186, 152, 66, 28, 52, 121, 302, 0)
s = 23: (0, 54, 25, 89, 85, 74, 158, 130, 25, 67, 209, 166, 70, 15, 39, 41, 202, 105, 167, 54, 68, 229, 68, 42, 19, 32, 79, 11, 64, 108, 201, 84, 97, 64, 84, 148, 33, 90, 78, 41, 40, 5, 143, 92, 36, 170, 83, 16, 40, 21, 119, 50, 21, 297, 154, 107, 49, 33, 108, 104, 196, 0)
s = 24: (0, 111, 24, 115, 109, 77, 124, 96, 23, 96, 209, 200, 78, 9, 49, 62, 296, 60, 105, 77, 99, 157, 68, 49, 22, 28, 88, 17, 98, 110, 165, 98, 110, 52, 92, 277, 33, 79, 148, 43, 35, 8, 392, 77, 37, 295, 80, 21, 40, 43, 113, 95, 15, 362, 101, 205, 45, 26, 52, 185, 165, 0)
s = 25: (0, 84, 21, 125, 45, 63, 67, 68, 30, 62, 140, 181, 55, 21, 22, 44, 197, 124, 187, 78, 43, 138, 70, 30, 41, 21, 54, 11, 115, 184, 217, 119, 96, 74, 182, 139, 22, 85, 145, 33, 17, 10, 246, 71, 42, 267, 63, 17, 40, 44, 121, 85, 44, 332, 128, 184, 35, 28, 78, 93, 159, 0)
s = 26: (0, 118, 37, 160, 64, 98, 171, 97, 22, 60, 200, 150, 128, 26, 37, 33, 176, 131, 131, 86, 64, 173, 73, 66, 38, 23, 85, 9, 84, 93, 231, 137, 74, 93, 108, 329, 18, 117, 121, 42, 22, 6, 214, 112, 28, 220, 92, 21, 40, 22, 155, 115, 18, 272, 96, 131, 28, 21, 76, 189, 204, 0)
s = 27: (0, 92, 39, 70, 65, 118, 79, 101, 15, 80, 181, 162, 49, 24, 28, 34, 231, 72, 150, 111, 57, 230, 65, 35, 51, 18, 109, 9, 135, 112, 105, 160, 82, 103, 126, 252, 20, 66, 126, 22, 22, 7, 289, 61, 35, 176, 82, 17, 33, 33, 94, 83, 33, 344, 128, 124, 55, 28, 88, 138, 157, 0)
s = 28: (0, 110, 29, 60, 39, 81, 120, 49, 17, 136, 90, 201, 85, 17, 22, 51, 222, 101, 97, 98, 59, 141, 98, 72, 29, 15, 107, 10, 60, 207, 127, 96, 84, 77, 88, 271, 18, 79, 88, 39, 32, 6, 292, 47, 45, 254, 53, 21, 29, 33, 132, 86, 25, 388, 107, 73, 51, 20, 42, 156, 173, 0)
s = 29: (0, 63, 48, 70, 55, 149, 121, 75, 18, 61, 172, 181, 82, 24, 45, 23, 205, 126, 156, 51, 77, 165, 67, 60, 34, 17, 57, 15, 98, 121, 93, 89, 50, 76, 136, 288, 23, 81, 76, 26, 44, 5, 292, 127, 48, 191, 86, 14, 18, 20, 96, 121, 26, 351, 91, 180, 34, 18, 50, 125, 114, 0)
s = 30: (0, 104, 42, 69, 124, 84, 113, 89, 18, 63, 130, 193, 77, 13, 35, 37, 203, 92, 145, 86, 59, 176, 147, 54, 30, 23, 92, 17, 99, 174, 124, 92, 86, 67, 99, 115, 15, 79, 76, 25, 42, 5, 261, 49, 54, 241, 42, 24, 33, 33, 157, 101, 29, 223, 87, 69, 64, 23, 53, 113, 131, 0)
s = 31: (0, 72, 26, 80, 118, 75, 78, 89, 28, 80, 141, 107, 53, 16, 20, 34, 331, 70, 163, 61, 69, 213, 93, 71, 49, 23, 65, 14, 109, 148, 161, 104, 70, 123, 112, 253, 22, 140, 114, 58, 27, 5, 230, 47, 39, 205, 66, 22, 26, 46, 133, 110, 30, 310, 166, 140, 43, 25, 56, 216, 256, 0)
s = 32: (0, 107, 20, 103, 40, 94, 88, 101, 33, 97, 98, 141, 114, 23, 35, 51, 134, 64, 236, 101, 48, 239, 75, 85, 22, 18, 143, 8, 104, 141, 85, 75, 68, 78, 100, 230, 19, 80, 107, 29, 20, 6, 214, 78, 45, 206, 101, 30, 42, 35, 195, 54, 35, 192, 104, 122, 38, 30, 38, 90, 129, 0)
s = 33: (0, 127, 62, 77, 110, 64, 123, 119, 28, 97, 155, 249, 69, 15, 32, 43, 177, 69, 147, 86, 57, 259, 73, 38, 24, 12, 69, 18, 64, 168, 109, 91, 119, 111, 128, 159, 17, 90, 64, 27, 28, 9, 248, 91, 45, 323, 69, 18, 54, 38, 168, 93, 21, 386, 102, 104, 72, 21, 74, 201, 210, 0)
s = 34: (0, 90, 25, 132, 65, 96, 122, 60, 27, 95, 182, 137, 109, 22, 31, 30, 143, 70, 119, 47, 54, 269, 81, 92, 36, 17, 96, 13, 135, 182, 101, 79, 97, 145, 113, 182, 17, 86, 61, 32, 48, 4, 191, 94, 64, 120, 100, 24, 46, 42, 148, 58, 42, 210, 96, 88, 28, 38, 67, 135, 134, 0)
s = 35: (0, 94, 32, 91, 49, 133, 154, 88, 21, 87, 116, 106, 86, 13, 31, 55, 177, 149, 168, 56, 47, 235, 113, 47, 31, 21, 153, 19, 133, 170, 98, 187, 84, 93, 133, 125, 15, 65, 83, 23, 38, 5, 140, 47, 34, 194, 58, 21, 30, 29, 103, 53, 52, 336, 76, 108, 38, 41, 65, 137, 265, 0)
s = 36: (0, 71, 39, 119, 61, 61, 114, 135, 25, 100, 145, 244, 68, 17, 22, 42, 231, 60, 158, 101, 52, 187, 56, 61, 27, 14, 74, 11, 116, 136, 158, 93, 98, 80, 109, 205, 19, 77, 109, 26, 35, 4, 302, 60, 39, 126, 64, 20, 23, 37, 101, 82, 28, 249, 149, 155, 53, 31, 43, 149, 128, 0)
s = 37: (0, 115, 31, 96, 89, 130, 152, 78, 32, 132, 186, 119, 84, 17, 26, 36, 222, 129, 110, 75, 61, 216, 80, 52, 28, 19, 71, 14, 73, 123, 207, 121, 148, 135, 86, 244, 17, 169, 113, 37, 21, 7, 210, 65, 42, 187, 56, 29, 33, 50, 135, 89, 23, 253, 96, 117, 35, 22, 80, 149, 226, 0)
s = 38: (0, 91, 33, 60, 87, 103, 78, 75, 25, 123, 139, 188, 74, 15, 23, 57, 290, 96, 180, 80, 104, 128, 95, 53, 31, 22, 73, 14, 84, 105, 82, 157, 98, 76, 146, 195, 20, 102, 141, 16, 24, 7, 179, 68, 25, 204, 87, 30, 35, 40, 116, 69, 19, 346, 76, 135, 35, 18, 67, 115, 224, 0)
s = 39: (0, 86, 56, 86, 65, 66, 94, 81, 15, 74, 128, 168, 80, 18, 36, 33, 240, 160, 231, 70, 67, 175, 120, 59, 36, 22, 106, 12, 94, 117, 113, 102, 89, 56, 75, 181, 21, 114, 84, 26, 38, 4, 176, 137, 37, 184, 97, 28, 31, 48, 144, 88, 22, 234, 103, 115, 36, 40, 83, 153, 115, 0)
s = 40: (0, 90, 53, 75, 93, 131, 108, 111, 19, 106, 168, 147, 61, 10, 27, 50, 239, 106, 104, 85, 80, 153, 62, 79, 41, 33, 89, 16, 153, 139, 168, 149, 53, 57, 75, 225, 17, 123, 79, 55, 30, 8, 223, 49, 23, 107, 78, 18, 22, 54, 167, 106, 28, 237, 117, 135, 49, 24, 58, 121, 127, 0)
s = 41: (0, 85, 36, 67, 82, 59, 116, 114, 19, 55, 157, 186, 90, 15, 23, 52, 232, 138, 148, 92, 91, 183, 96, 50, 24, 13, 111, 11, 87, 160, 145, 113, 70, 116, 72, 107, 27, 76, 108, 42, 24, 8, 209, 42, 33, 162, 58, 17, 52, 43, 103, 137, 25, 243, 169, 87, 37, 41, 74, 100, 137, 0)
s = 42: (0, 126, 32, 65, 85, 117, 108, 101, 17, 96, 153, 170, 54, 11, 33, 46, 121, 88, 97, 82, 76, 182, 109, 39, 29, 23, 83, 20, 72, 101, 116, 105, 136, 114, 73, 176, 17, 65, 157, 21, 23, 8, 274, 86, 39, 173, 67, 14, 30, 54, 177, 82, 24, 469, 103, 108, 44, 18, 68, 224, 136, 0)
s = 43: (0, 97, 23, 93, 135, 124, 77, 129, 14, 69, 173, 207, 93, 21, 49, 66, 225, 120, 124, 65, 103, 287, 117, 58, 39, 20, 87, 14, 63, 158, 112, 95, 62, 56, 164, 270, 14, 79, 114, 21, 27, 10, 228, 55, 57, 167, 96, 30, 26, 25, 260, 112, 19, 438, 140, 164, 46, 34, 113, 152, 161, 0)
s = 44: (0, 165, 42, 93, 85, 139, 120, 104, 13, 112, 128, 141, 43, 10, 31, 51, 229, 63, 200, 85, 69, 176, 76, 61, 19, 37, 84, 12, 49, 182, 81, 74, 95, 144, 163, 146, 28, 120, 80, 23, 39, 5, 189, 52, 31, 361, 43, 21, 48, 49, 110, 53, 15, 353, 118, 90, 37, 31, 42, 146, 157, 0)
s = 45: (0, 103, 50, 71, 68, 88, 80, 70, 28, 125, 81, 105, 85, 16, 43, 29, 203, 69, 110, 115, 47, 319, 55, 52, 32, 18, 66, 12, 62, 136, 154, 166, 69, 81, 97, 250, 21, 137, 97, 36, 33, 10, 153, 70, 49, 259, 60, 22, 36, 41, 95, 98, 18, 435, 120, 177, 52, 39, 85, 168, 140, 0)
s = 46: (0, 149, 34, 101, 99, 116, 105, 136, 33, 116, 159, 207, 57, 13, 26, 34, 240, 75, 255, 91, 72, 149, 75, 75, 38, 31, 121, 10, 106, 148, 191, 125, 61, 98, 155, 195, 15, 69, 105, 22, 32, 8, 311, 83, 32, 211, 64, 26, 47, 32, 160, 85, 22, 207, 151, 100, 63, 27, 48, 162, 159, 0)
s = 47: (0, 87, 22, 89, 112, 75, 95, 92, 30, 60, 147, 164, 88, 19, 40, 46, 183, 58, 165, 157, 67, 154, 67, 90, 23, 22, 74, 12, 75, 108, 161, 118, 76, 111, 65, 293, 13, 95, 83, 30, 35, 8, 341, 91, 33, 143, 83, 16, 36, 31, 117, 122, 28, 357, 212, 124, 81, 30, 80, 150, 206, 0)
s = 48: (0, 80, 37, 106, 61, 97, 150, 133, 24, 56, 169, 124, 109, 14, 28, 42, 188, 87, 229, 104, 87, 214, 60, 38, 39, 21, 87, 14, 56, 82, 157, 168, 88, 98, 68, 188, 18, 86, 167, 25, 30, 8, 332, 72, 36, 145, 105, 13, 25, 19, 204, 113, 18, 317, 169, 183, 44, 23, 104, 116, 211, 0)
s = 49: (0, 84, 34, 132, 67, 94, 127, 66, 32, 60, 153, 159, 92, 9, 26, 22, 122, 109, 121, 76, 56, 255, 106, 56, 27, 27, 100, 16, 89, 136, 144, 140, 132, 90, 79, 236, 17, 71, 110, 31, 33, 10, 186, 92, 30, 265, 94, 16, 23, 47, 84, 85, 18, 255, 73, 90, 32, 29, 70, 136, 148, 0)
s = 50: (0, 118, 37, 76, 78, 83, 155, 125, 16, 74, 139, 188, 77, 12, 27, 28, 105, 74, 187, 50, 58, 120, 123, 74, 29, 18, 84, 15, 166, 125, 123, 100, 109, 102, 86, 224, 17, 61, 83, 38, 23, 7, 183, 63, 35, 245, 57, 15, 45, 44, 179, 116, 23, 308, 87, 66, 64, 17, 50, 183, 232, 0)
s = 51: (0, 111, 29, 92, 108, 62, 94, 80, 14, 123, 122, 142, 96, 17, 34, 41, 208, 85, 162, 103, 69, 187, 106, 65, 32, 14, 62, 9, 124, 111, 103, 120, 72, 67, 115, 165, 35, 75, 121, 53, 34, 5, 184, 69, 35, 146, 101, 21, 25, 28, 90, 142, 22, 419, 89, 164, 31, 31, 42, 157, 132, 0)
s = 52: (0, 132, 55, 92, 59, 104, 124, 85, 26, 85, 154, 222, 58, 17, 44, 31, 195, 103, 147, 91, 49, 176, 86, 58, 42, 25, 109, 9, 118, 101, 82, 153, 56, 74, 111, 200, 19, 87, 138, 39, 34, 7, 212, 89, 32, 127, 66, 35, 24, 49, 188, 113, 46, 388, 146, 95, 47, 16, 64, 124, 140, 0)
s = 53: (0, 98, 27, 108, 55, 82, 98, 109, 20, 104, 107, 218, 94, 20, 31, 37, 238, 69, 88, 54, 78, 242, 79, 54, 25, 21, 130, 9, 69, 150, 115, 189, 83, 97, 66, 137, 17, 126, 161, 28, 31, 7, 185, 61, 39, 237, 71, 12, 22, 29, 100, 92, 29, 309, 163, 126, 41, 32, 80, 224, 129, 0)
s = 54: (0, 75, 34, 76, 76, 54, 132, 83, 24, 114, 158, 131, 88, 20, 25, 41, 276, 55, 131, 91, 121, 197, 57, 102, 35, 21, 96, 15, 60, 130, 183, 102, 113, 173, 102, 189, 22, 99, 135, 27, 19, 10, 168, 102, 38, 115, 69, 28, 22, 38, 101, 94, 45, 442, 131, 129, 37, 37, 78, 234, 286, 0)
s = 55: (0, 85, 26, 131, 64, 54, 173, 63, 23, 71, 119, 198, 61, 11, 27, 49, 127, 94, 149, 133, 59, 207, 106, 42, 38, 26, 144, 9, 143, 121, 82, 211, 120, 91, 157, 219, 17, 88, 112, 29, 21, 9, 339, 107, 35, 291, 63, 16, 38, 30, 107, 95, 28, 333, 96, 187, 59, 19, 71, 143, 124, 0)
s = 56: (0, 72, 46, 56, 78, 78, 95, 63, 31, 124, 158, 333, 108, 21, 26, 37, 303, 117, 165, 103, 57, 169, 76, 43, 35, 18, 56, 18, 69, 158, 148, 101, 108, 98, 134, 117, 26, 97, 115, 24, 43, 5, 144, 119, 52, 214, 80, 15, 39, 37, 122, 52, 47, 265, 81, 127, 49, 21, 47, 160, 178, 0)
s = 57: (0, 78, 51, 100, 67, 82, 133, 55, 24, 66, 150, 118, 71, 24, 19, 29, 179, 127, 229, 97, 91, 153, 98, 92, 44, 21, 96, 12, 88, 200, 111, 139, 123, 95, 124, 226, 30, 65, 139, 29, 37, 6, 148, 70, 46, 127, 102, 24, 42, 51, 120, 141, 35, 357, 102, 139, 59, 23, 75, 116, 133, 0)
s = 58: (0, 88, 32, 87, 63, 107, 177, 76, 17, 63, 156, 172, 75, 21, 22, 27, 188, 115, 117, 113, 45, 237, 58, 46, 28, 17, 95, 18, 56, 99, 226, 130, 51, 89, 135, 256, 24, 128, 105, 22, 23, 7, 162, 104, 37, 188, 110, 31, 31, 40, 146, 118, 27, 235, 155, 88, 46, 23, 56, 153, 182, 0)
s = 59: (0, 70, 48, 63, 57, 77, 165, 64, 19, 96, 103, 161, 76, 17, 21, 36, 210, 82, 161, 97, 78, 154, 149, 56, 59, 19, 113, 11, 75, 83, 117, 85, 84, 72, 109, 201, 18, 157, 67, 29, 42, 8, 164, 81, 30, 218, 66, 16, 31, 50, 189, 50, 28, 311, 67, 203, 33, 24, 62, 135, 192, 0)
s = 60: (0, 148, 43, 101, 82, 54, 127, 62, 18, 101, 158, 124, 56, 12, 37, 33, 189, 68, 175, 80, 81, 235, 115, 39, 37, 20, 103, 14, 96, 128, 188, 144, 102, 70, 92, 164, 15, 134, 177, 26, 22, 8, 164, 129, 22, 190, 68, 21, 46, 55, 153, 102, 33, 327, 155, 119, 46, 16, 73, 176, 98, 0)
s = 61: (0, 63, 41, 73, 55, 108, 110, 72, 26, 78, 101, 241, 82, 22, 27, 48, 154, 76, 212, 73, 44, 143, 113, 46, 30, 26, 72, 17, 146, 140, 120, 83, 79, 101, 98, 200, 20, 111, 132, 22, 49, 4, 337, 107, 26, 169, 83, 31, 49, 40, 109, 99, 37, 247, 160, 102, 51, 17, 65, 139, 202, 0)
s = 62: (0, 69, 44, 121, 91, 78, 67, 87, 12, 71, 146, 149, 112, 18, 32, 48, 193, 120, 118, 80, 69, 197, 71, 67, 29, 15, 69, 9, 69, 178, 170, 135, 66, 136, 128, 137, 18, 94, 90, 21, 24, 7, 232, 57, 55, 157, 83, 36, 36, 34, 89, 86, 24, 326, 172, 179, 37, 38, 69, 167, 132, 0)
s = 63: (0, 133, 30, 53, 84, 95, 144, 86, 29, 109, 172, 254, 87, 17, 26, 38, 144, 97, 178, 48, 123, 128, 50, 76, 39, 17, 73, 9, 121, 155, 139, 103, 172, 154, 127, 148, 31, 93, 92, 43, 18, 10, 150, 74, 23, 137, 91, 20, 32, 48, 167, 77, 26, 298, 151, 118, 39, 36, 68, 175, 123, 0)
s = 64: (0, 95, 34, 109, 56, 96, 155, 149, 12, 85, 202, 129, 117, 19, 20, 39, 257, 116, 128, 80, 73, 132, 90, 86, 44, 19, 94, 14, 92, 180, 106, 158, 81, 81, 68, 160, 14, 94, 88, 34, 18, 8, 265, 65, 39, 219, 88, 12, 21, 33, 159, 94, 33, 270, 169, 123, 37, 38, 76, 115, 93, 0)
s = 65: (0, 63, 35, 150, 90, 108, 109, 55, 19, 49, 192, 227, 62, 21, 43, 57, 142, 76, 128, 63, 70, 219, 115, 56, 21, 29, 88, 9, 81, 98, 199, 134, 72, 107, 76, 311, 24, 90, 83, 29, 21, 7, 155, 90, 27, 171, 73, 19, 39, 54, 181, 102, 22, 611, 139, 189, 38, 18, 57, 108, 256, 0)
s = 66: (0, 151, 29, 68, 56, 89, 93, 119, 21, 92, 150, 274, 62, 15, 22, 70, 171, 93, 153, 105, 113, 148, 72, 62, 27, 22, 58, 14, 75, 190, 93, 123, 76, 97, 88, 184, 28, 89, 73, 31, 22, 7, 245, 90, 60, 157, 99, 22, 36, 45, 172, 117, 45, 462, 66, 195, 56, 26, 54, 100, 191, 0)
s = 67: (0, 129, 26, 74, 66, 136, 66, 96, 15, 94, 86, 281, 46, 10, 52, 29, 250, 115, 109, 87, 47, 229, 95, 53, 20, 20, 63, 10, 98, 229, 243, 76, 104, 81, 161, 184, 17, 138, 146, 23, 26, 5, 247, 67, 47, 178, 51, 26, 23, 46, 146, 48, 28, 381, 134, 103, 28, 26, 87, 143, 119, 0)
s = 68: (0, 85, 29, 150, 56, 143, 96, 81, 18, 99, 218, 148, 72, 12, 37, 31, 239, 122, 101, 54, 61, 277, 107, 39, 29, 16, 79, 16, 65, 166, 118, 79, 56, 61, 110, 210, 14, 92, 158, 39, 27, 7, 316, 93, 36, 124, 61, 14, 22, 37, 115, 91, 55, 287, 167, 140, 36, 46, 67, 138, 213, 0)
s = 69: (0, 128, 24, 164, 54, 84, 131, 143, 21, 88, 113, 101, 63, 14, 18, 22, 198, 119, 90, 76, 84, 207, 58, 52, 33, 24, 119, 14, 96, 227, 88, 174, 76, 53, 83, 286, 18, 93, 106, 30, 18, 5, 324, 69, 48, 149, 74, 23, 38, 36, 118, 91, 37, 347, 115, 135, 45, 33, 39, 132, 181, 0)
s = 70: (0, 103, 28, 95, 49, 99, 87, 125, 21, 92, 120, 193, 51, 17, 30, 30, 136, 111, 114, 88, 77, 282, 86, 60, 34, 20, 105, 14, 75, 112, 191, 101, 120, 56, 127, 243, 15, 91, 139, 23, 35, 8, 170, 48, 39, 248, 97, 15, 46, 51, 179, 58, 28, 431, 114, 197, 66, 42, 96, 87, 113, 0)
s = 71: (0, 131, 27, 57, 41, 71, 93, 96, 25, 82, 118, 173, 73, 12, 43, 29, 156, 127, 144, 119, 58, 146, 76, 59, 31, 28, 102, 12, 77, 190, 123, 70, 106, 77, 135, 254, 23, 77, 93, 38, 38, 6, 184, 89, 69, 130, 83, 23, 36, 36, 197, 56, 37, 248, 191, 76, 64, 29, 74, 217, 196, 0)
s = 72: (0, 108, 42, 72, 40, 132, 71, 78, 16, 87, 125, 185, 91, 14, 25, 56, 213, 73, 196, 148, 54, 319, 93, 81, 41, 17, 140, 12, 104, 254, 138, 67, 94, 91, 68, 247, 14, 138, 121, 21, 24, 6, 198, 48, 36, 178, 50, 16, 36, 31, 128, 74, 33, 370, 135, 82, 60, 22, 92, 167, 258, 0)
s = 73: (0, 77, 36, 61, 90, 107, 119, 90, 18, 54, 117, 120, 107, 18, 39, 42, 195, 98, 228, 82, 64, 108, 70, 47, 28, 15, 72, 17, 92, 108, 85, 73, 140, 60, 126, 199, 14, 102, 60, 19, 24, 4, 131, 100, 35, 187, 92, 28, 30, 28, 145, 70, 52, 231, 83, 258, 56, 15, 41, 129, 125, 0)
s = 74: (0, 126, 32, 83, 112, 124, 132, 147, 28, 83, 225, 247, 81, 15, 34, 47, 229, 125, 185, 96, 82, 170, 66, 40, 30, 26, 82, 12, 92, 95, 179, 111, 76, 129, 183, 153, 14, 168, 183, 46, 34, 4, 239, 57, 54, 162, 86, 20, 30, 32, 126, 126, 26, 261, 145, 97, 40, 23, 64, 243, 146, 0)
s = 75: (0, 62, 32, 78, 50, 78, 139, 52, 26, 91, 86, 118, 95, 19, 32, 49, 142, 110, 141, 76, 85, 137, 85, 50, 45, 19, 75, 11, 108, 91, 195, 100, 114, 81, 97, 128, 36, 70, 96, 36, 20, 6, 265, 131, 32, 132, 76, 13, 34, 53, 107, 79, 22, 245, 103, 149, 43, 29, 94, 174, 124, 0)
s = 76: (0, 84, 35, 63, 74, 108, 99, 121, 15, 102, 162, 222, 83, 19, 40, 60, 187, 139, 175, 95, 80, 253, 75, 50, 41, 17, 88, 11, 62, 128, 112, 127, 80, 65, 99, 163, 19, 105, 112, 27, 30, 9, 240, 77, 26, 175, 71, 15, 23, 52, 176, 157, 15, 288, 146, 175, 48, 27, 92, 104, 168, 0)
s = 77: (0, 101, 44, 106, 95, 115, 191, 100, 19, 84, 152, 164, 59, 21, 19, 46, 298, 93, 133, 98, 81, 133, 61, 70, 25, 18, 57, 7, 105, 150, 167, 91, 94, 113, 96, 114, 24, 186, 92, 29, 25, 7, 175, 71, 45, 151, 85, 15, 42, 37, 221, 110, 39, 472, 157, 84, 54, 44, 69, 252, 178, 0)
s = 78: (0, 105, 39, 55, 64, 86, 74, 58, 18, 47, 161, 140, 50, 13, 38, 60, 349, 96, 86, 112, 44, 134, 52, 60, 35, 15, 88, 11, 75, 121, 99, 87, 60, 92, 115, 211, 20, 125, 73, 34, 31, 9, 229, 54, 31, 243, 96, 21, 37, 27, 159, 74, 44, 189, 154, 72, 44, 23, 64, 167, 147, 0)
s = 79: (0, 105, 47, 84, 135, 81, 196, 86, 22, 100, 137, 158, 56, 12, 42, 42, 182, 85, 123, 92, 91, 108, 137, 57, 44, 15, 101, 20, 118, 136, 152, 132, 144, 64, 149, 130, 21, 66, 106, 27, 34, 5, 323, 90, 37, 219, 48, 25, 30, 34, 148, 106, 18, 278, 159, 121, 52, 28, 76, 224, 178, 0)
s = 80: (0, 82, 36, 88, 75, 81, 111, 61, 24, 137, 144, 138, 107, 10, 31, 50, 237, 94, 139, 79, 61, 155, 81, 71, 25, 33, 50, 12, 83, 179, 93, 138, 54, 55, 127, 160, 18, 70, 190, 20, 30, 4, 278, 61, 43, 250, 88, 30, 37, 25, 98, 105, 25, 339, 88, 177, 53, 19, 74, 151, 126, 0)
s = 81: (0, 76, 42, 114, 45, 133, 95, 106, 15, 148, 126, 161, 111, 17, 47, 29, 224, 123, 114, 60, 40, 242, 96, 49, 27, 19, 135, 13, 77, 193, 161, 67, 130, 69, 185, 195, 16, 69, 103, 20, 32, 8, 163, 107, 68, 255, 68, 12, 38, 27, 153, 96, 33, 291, 126, 173, 73, 32, 94, 227, 171, 0)
s = 82: (0, 105, 34, 113, 65, 101, 161, 81, 30, 73, 114, 141, 75, 15, 41, 25, 118, 108, 124, 61, 57, 178, 109, 45, 31, 26, 103, 12, 56, 165, 135, 142, 81, 71, 69, 232, 22, 102, 106, 30, 22, 4, 247, 57, 41, 231, 79, 25, 31, 37, 111, 111, 22, 380, 192, 124, 43, 32, 87, 212, 171, 0)
s = 83: (0, 106, 35, 162, 50, 88, 102, 81, 28, 59, 187, 101, 80, 20, 37, 30, 219, 130, 153, 62, 47, 189, 78, 51, 23, 16, 94, 12, 65, 152, 215, 109, 131, 102, 55, 277, 23, 120, 78, 41, 29, 6, 266, 50, 40, 233, 83, 19, 27, 34, 182, 90, 26, 258, 122, 103, 53, 35, 84, 128, 166, 0)
s = 84: (0, 56, 30, 116, 51, 113, 134, 78, 17, 86, 201, 195, 75, 12, 23, 26, 221, 94, 198, 63, 88, 146, 64, 35, 44, 17, 129, 8, 89, 105, 99, 116, 63, 116, 83, 171, 21, 98, 105, 22, 33, 6, 379, 79, 69, 216, 56, 33, 20, 32, 197, 80, 32, 457, 94, 102, 43, 34, 56, 181, 123, 0)
s = 85: (0, 106, 37, 93, 137, 98, 109, 94, 28, 105, 209, 224, 44, 18, 18, 50, 159, 73, 109, 93, 42, 217, 77, 44, 37, 21, 61, 9, 100, 119, 116, 116, 93, 71, 122, 215, 12, 92, 153, 45, 16, 8, 287, 64, 39, 195, 65, 16, 36, 24, 277, 79, 23, 196, 150, 158, 38, 14, 61, 119, 132, 0)
s = 86: (0, 139, 35, 100, 65, 67, 100, 91, 15, 55, 139, 120, 97, 17, 40, 36, 281, 85, 197, 87, 47, 199, 85, 57, 32, 18, 69, 22, 105, 100, 149, 71, 87, 86, 121, 215, 12, 58, 89, 51, 40, 5, 223, 62, 29, 283, 80, 15, 32, 29, 117, 134, 38, 377, 160, 147, 37, 34, 66, 103, 121, 0)
s = 87: (0, 59, 41, 117, 54, 105, 64, 66, 17, 74, 164, 172, 66, 17, 42, 26, 226, 99, 230, 66, 91, 245, 61, 47, 22, 20, 54, 11, 143, 120, 96, 198, 64, 79, 132, 135, 19, 63, 153, 32, 27, 7, 334, 52, 25, 171, 44, 25, 23, 49, 156, 75, 35, 385, 142, 154, 48, 20, 80, 147, 97, 0)
s = 88: (0, 98, 40, 131, 118, 91, 103, 102, 20, 63, 133, 113, 60, 11, 42, 25, 161, 75, 125, 91, 64, 253, 71, 51, 37, 29, 74, 17, 73, 112, 149, 110, 73, 114, 118, 238, 16, 139, 133, 33, 37, 7, 167, 64, 34, 197, 73, 28, 26, 20, 119, 69, 34, 335, 105, 105, 58, 22, 69, 129, 118, 0)
s = 89: (0, 87, 20, 58, 62, 78, 91, 97, 27, 80, 172, 182, 67, 14, 39, 29, 214, 109, 275, 94, 73, 217, 55, 48, 39, 26, 104, 9, 88, 167, 118, 74, 58, 142, 107, 304, 17, 109, 127, 29, 21, 5, 178, 75, 48, 120, 63, 14, 29, 41, 95, 60, 19, 319, 121, 137, 39, 15, 51, 105, 182, 0)
s = 90: (0, 65, 41, 50, 56, 64, 189, 59, 17, 129, 122, 133, 71, 19, 45, 38, 296, 101, 124, 67, 51, 179, 65, 55, 48, 12, 73, 11, 47, 162, 138, 93, 65, 87, 132, 154, 19, 134, 95, 20, 31, 6, 206, 79, 43, 167, 76, 28, 24, 39, 77, 140, 25, 290, 92, 160, 47, 22, 65, 172, 254, 0)
s = 91: (0, 137, 46, 102, 50, 73, 92, 76, 14, 76, 170, 150, 49, 10, 44, 36, 263, 85, 147, 108, 49, 268, 81, 78, 25, 26, 136, 16, 94, 91, 131, 117, 105, 122, 73, 259, 34, 61, 137, 41, 34, 6, 196, 112, 36, 252, 85, 18, 34, 26, 153, 59, 27, 492, 127, 211, 70, 25, 53, 185, 135, 0)
s = 92: (0, 85, 35, 81, 66, 134, 75, 55, 21, 115, 91, 276, 63, 8, 22, 30, 138, 82, 127, 70, 42, 160, 79, 57, 25, 23, 103, 14, 59, 123, 106, 121, 68, 144, 123, 162, 18, 59, 170, 25, 23, 7, 121, 46, 58, 124, 63, 31, 36, 24, 190, 89, 30, 317, 95, 67, 39, 19, 66, 162, 108, 0)
s = 93: (0, 101, 38, 105, 56, 91, 122, 109, 30, 80, 245, 275, 53, 17, 26, 35, 261, 98, 112, 86, 91, 258, 69, 80, 43, 12, 57, 10, 61, 163, 131, 111, 70, 121, 69, 139, 24, 129, 159, 38, 33, 6, 328, 103, 24, 173, 97, 25, 46, 48, 79, 92, 47, 293, 98, 97, 59, 31, 83, 114, 191, 0)
s = 94: (0, 85, 36, 105, 79, 123, 77, 126, 18, 69, 134, 103, 115, 23, 21, 33, 202, 77, 122, 101, 63, 153, 106, 32, 29, 26, 103, 11, 90, 95, 107, 159, 66, 51, 159, 165, 22, 104, 71, 25, 32, 6, 278, 86, 51, 274, 58, 27, 28, 24, 142, 71, 35, 280, 113, 109, 50, 38, 71, 99, 130, 0)
s = 95: (0, 87, 38, 111, 58, 127, 84, 65, 22, 84, 116, 160, 74, 26, 50, 29, 135, 56, 108, 75, 98, 194, 53, 59, 37, 25, 64, 15, 82, 142, 152, 74, 100, 171, 71, 203, 22, 73, 204, 24, 19, 11, 291, 52, 38, 218, 40, 20, 35, 31, 85, 70, 25, 323, 141, 69, 32, 23, 38, 138, 141, 0)
s = 96: (0, 68, 28, 97, 50, 85, 95, 88, 25, 103, 124, 142, 85, 11, 34, 45, 174, 127, 151, 57, 90, 182, 84, 50, 24, 15, 56, 17, 96, 148, 179, 85, 75, 64, 159, 201, 12, 145, 182, 19, 26, 5, 122, 57, 21, 199, 54, 24, 20, 42, 124, 57, 29, 254, 103, 120, 77, 22, 35, 208, 170, 0)
s = 97: (0, 124, 28, 92, 71, 70, 117, 67, 18, 70, 98, 137, 92, 20, 34, 30, 244, 88, 107, 112, 66, 198, 102, 39, 52, 31, 113, 9, 51, 80, 136, 93, 83, 65, 140, 236, 22, 143, 127, 34, 25, 4, 160, 119, 32, 190, 69, 29, 22, 26, 177, 80, 24, 508, 141, 195, 47, 29, 37, 204, 171, 0)
s = 98: (0, 66, 22, 90, 84, 123, 83, 53, 21, 47, 114, 125, 72, 12, 26, 36, 172, 82, 137, 49, 44, 144, 60, 74, 36, 19, 78, 14, 105, 163, 120, 77, 88, 114, 116, 283, 24, 79, 141, 38, 35, 8, 268, 123, 55, 211, 117, 18, 21, 40, 108, 70, 26, 300, 111, 75, 52, 23, 40, 208, 206, 0)
s = 99: (0, 138, 45, 128, 77, 198, 123, 56, 23, 119, 116, 136, 105, 15, 31, 36, 188, 77, 223, 64, 75, 233, 66, 46, 32, 19, 70, 16, 121, 110, 104, 134, 81, 88, 108, 208, 12, 69, 124, 28, 38, 5, 346, 47, 46, 195, 102, 16, 39, 42, 176, 100, 34, 288, 160, 102, 44, 27, 71, 111, 129, 0)
s = 100: (0, 74, 27, 163, 92, 75, 157, 93, 44, 106, 250, 167, 138, 14, 53, 34, 256, 98, 241, 84, 79, 204, 78, 74, 49, 27, 121, 20, 80, 196, 129, 84, 117, 151, 80, 199, 31, 93, 149, 42, 34, 5, 166, 98, 38, 187, 86, 22, 33, 34, 186, 86, 29, 385, 167, 92, 39, 33, 121, 89, 108, 0)
s = 101: (0, 68, 28, 66, 72, 75, 122, 145, 35, 128, 185, 140, 60, 22, 35, 34, 272, 62, 185, 100, 60, 148, 138, 65, 33, 29, 120, 10, 50, 230, 143, 139, 141, 78, 130, 169, 18, 106, 104, 27, 28, 6, 124, 67, 31, 130, 112, 20, 30, 32, 147, 71, 36, 207, 86, 121, 35, 40, 69, 218, 117, 0)
s = 102: (0, 98, 38, 63, 109, 158, 126, 97, 29, 77, 145, 247, 43, 16, 39, 42, 161, 58, 194, 71, 61, 148, 119, 44, 35, 12, 80, 14, 77, 190, 88, 125, 106, 129, 58, 135, 25, 133, 83, 40, 32, 5, 278, 75, 38, 140, 77, 16, 41, 39, 194, 55, 28, 352, 115, 139, 61, 17, 83, 79, 100, 0)
s = 103: (0, 121, 33, 84, 80, 63, 117, 101, 21, 97, 183, 116, 122, 17, 31, 41, 238, 146, 93, 55, 70, 274, 46, 60, 23, 22, 74, 12, 86, 84, 136, 98, 126, 71, 91, 159, 26, 94, 85, 35, 26, 4, 262, 103, 53, 172, 59, 19, 30, 29, 125, 96, 24, 416, 110, 176, 38, 19, 36, 132, 142, 0)
s = 104: (0, 132, 27, 77, 130, 73, 69, 64, 17, 66, 221, 134, 79, 12, 19, 36, 209, 101, 180, 109, 90, 150, 91, 39, 30, 29, 84, 19, 120, 126, 129, 121, 119, 71, 60, 124, 19, 111, 122, 39, 26, 5, 216, 118, 32, 108, 74, 29, 31, 21, 120, 74, 19, 493, 80, 94, 29, 18, 73, 167, 100, 0)
s = 105: (0, 121, 27, 49, 51, 73, 118, 139, 32, 62, 180, 120, 62, 19, 45, 39, 141, 65, 137, 57, 51, 149, 91, 77, 27, 26, 110, 14, 52, 180, 146, 90, 48, 67, 72, 178, 21, 63, 135, 26, 28, 6, 242, 93, 50, 196, 86, 30, 26, 29, 146, 69, 18, 277, 95, 171, 47, 16, 84, 159, 167, 0)
s = 106: (0, 100, 22, 60, 40, 109, 98, 101, 20, 58, 96, 182, 62, 15, 44, 66, 162, 101, 145, 58, 55, 109, 72, 58, 30, 27, 155, 13, 53, 143, 194, 99, 121, 108, 95, 182, 24, 117, 106, 24, 36, 6, 123, 62, 31, 182, 50, 26, 43, 27, 148, 89, 18, 298, 117, 97, 59, 34, 71, 130, 140, 0)
s = 107: (0, 132, 29, 68, 75, 66, 138, 102, 17, 119, 148, 158, 93, 13, 32, 37, 188, 61, 168, 107, 66, 277, 123, 48, 51, 23, 88, 17, 90, 185, 205, 112, 63, 80, 72, 234, 14, 102, 165, 31, 27, 8, 164, 94, 45, 213, 129, 12, 21, 33, 172, 113, 17, 302, 161, 127, 45, 25, 45, 222, 308, 0)
s = 108: (0, 77, 31, 109, 74, 101, 95, 79, 35, 88, 199, 177, 117, 13, 30, 46, 307, 108, 171, 53, 57, 115, 118, 34, 40, 22, 136, 9, 65, 194, 123, 117, 111, 84, 100, 262, 19, 144, 83, 22, 19, 11, 201, 96, 35, 137, 85, 20, 30, 31, 253, 94, 44, 315, 77, 108, 33, 20, 44, 152, 173, 0)
s = 109: (0, 125, 34, 78, 62, 151, 93, 61, 19, 124, 175, 107, 66, 12, 30, 64, 174, 90, 151, 102, 61, 181, 86, 57, 34, 16, 91, 11, 64, 98, 284, 191, 99, 84, 94, 160, 21, 63, 89, 21, 21, 5, 152, 68, 48, 231, 53, 27, 27, 55, 173, 86, 38, 263, 113, 151, 37, 31, 83, 148, 218, 0)
s = 110: (0, 78, 30, 70, 65, 143, 97, 81, 24, 92, 174, 133, 85, 20, 22, 62, 148, 92, 204, 88, 69, 297, 80, 44, 43, 23, 100, 8, 64, 155, 155, 109, 106, 112, 100, 261, 14, 110, 179, 31, 22, 5, 214, 62, 49, 231, 87, 14, 28, 21, 131, 59, 26, 307, 114, 103, 60, 27, 50, 175, 198, 0)
s = 111: (0, 65, 60, 118, 72, 85, 120, 52, 18, 89, 138, 177, 104, 13, 26, 52, 172, 83, 167, 68, 68, 152, 61, 66, 28, 24, 77, 14, 54, 146, 162, 100, 67, 89, 81, 265, 16, 105, 90, 27, 47, 7, 159, 50, 39, 177, 81, 17, 19, 32, 90, 55, 24, 183, 162, 129, 42, 31, 44, 188, 200, 0)
s = 112: (0, 63, 31, 76, 90, 98, 119, 120, 29, 108, 108, 121, 133, 16, 20, 38, 150, 83, 121, 51, 69, 169, 60, 66, 30, 14, 74, 7, 91, 137, 157, 112, 63, 105, 82, 240, 16, 70, 131, 29, 21, 11, 195, 112, 31, 208, 99, 20, 42, 38, 193, 92, 26, 220, 84, 105, 38, 33, 74, 185, 183, 0)
s = 113: (0, 67, 37, 142, 52, 92, 151, 88, 23, 83, 135, 181, 66, 12, 24, 34, 278, 87, 89, 108, 108, 150, 90, 49, 33, 14, 86, 12, 76, 170, 181, 114, 111, 62, 104, 176, 15, 89, 119, 33, 49, 6, 282, 62, 42, 167, 51, 14, 20, 29, 153, 105, 17, 401, 108, 95, 33, 21, 56, 196, 163, 0)
s = 114: (0, 97, 35, 133, 53, 87, 139, 64, 13, 102, 119, 141, 74, 21, 27, 40, 203, 60, 224, 72, 74, 189, 127, 43, 25, 28, 98, 14, 82, 169, 180, 115, 56, 119, 69, 263, 23, 112, 77, 21, 36, 9, 262, 99, 23, 192, 57, 19, 28, 22, 124, 101, 30, 215, 137, 111, 41, 35, 56, 106, 128, 0)
s = 115: (0, 133, 25, 68, 81, 78, 105, 76, 26, 70, 136, 127, 100, 13, 21, 40, 159, 97, 150, 64, 43, 112, 102, 63, 30, 28, 58, 13, 73, 207, 235, 88, 79, 122, 136, 292, 22, 67, 174, 26, 24, 7, 156, 87, 27, 277, 42, 22, 30, 26, 147, 110, 37, 496, 111, 110, 50, 23, 100, 86, 154, 0)
s = 116: (0, 130, 43, 66, 67, 107, 178, 118, 19, 57, 116, 130, 143, 19, 40, 49, 147, 63, 166, 69, 51, 171, 58, 83, 38, 31, 75, 16, 52, 140, 133, 123, 85, 71, 67, 166, 26, 141, 107, 44, 18, 9, 278, 108, 21, 156, 72, 38, 21, 33, 117, 94, 17, 233, 122, 69, 73, 33, 72, 219, 182, 0)
s = 117: (0, 86, 45, 130, 97, 108, 190, 91, 14, 67, 131, 103, 108, 14, 37, 34, 201, 123, 236, 96, 125, 173, 99, 43, 35, 14, 49, 9, 66, 104, 174, 104, 101, 135, 105, 196, 16, 161, 132, 30, 19, 7, 332, 68, 51, 179, 72, 17, 28, 28, 94, 61, 38, 458, 83, 192, 32, 16, 51, 147, 205, 0)
s = 118: (0, 107, 22, 60, 70, 51, 95, 52, 26, 102, 198, 131, 60, 16, 20, 52, 178, 149, 122, 58, 44, 244, 88, 72, 49, 16, 104, 11, 48, 153, 123, 98, 94, 76, 167, 205, 20, 110, 91, 25, 46, 5, 201, 84, 31, 164, 61, 26, 26, 21, 104, 164, 27, 208, 133, 141, 70, 24, 49, 148, 193, 0)
s = 119: (0, 138, 43, 67, 53, 59, 109, 69, 28, 72, 107, 155, 69, 17, 33, 42, 145, 49, 220, 67, 91, 185, 87, 57, 24, 20, 82, 14, 98, 153, 150, 141, 86, 87, 89, 302, 24, 83, 145, 24, 40, 5, 162, 100, 46, 148, 93, 17, 21, 52, 148, 81, 42, 373, 93, 97, 45, 27, 76, 90, 224, 0)
s = 120: (0, 62, 22, 61, 58, 116, 96, 62, 18, 61, 129, 207, 46, 10, 27, 38, 117, 58, 163, 97, 70, 151, 96, 104, 43, 19, 99, 14, 96, 152, 191, 140, 143, 134, 96, 263, 23, 130, 79, 29, 34, 6, 168, 56, 28, 170, 82, 15, 34, 34, 179, 114, 23, 319, 95, 69, 30, 13, 55, 148, 159, 0)
s = 121: (0, 140, 43, 78, 117, 84, 72, 70, 19, 126, 275, 199, 79, 15, 38, 28, 235, 66, 89, 54, 80, 164, 83, 87, 26, 17, 126, 19, 79, 89, 102, 202, 107, 86, 76, 352, 24, 123, 88, 36, 26, 4, 172, 79, 32, 131, 76, 28, 23, 43, 190, 113, 28, 210, 76, 207, 28, 31, 57, 197, 219, 0)
s = 122: (0, 66, 55, 64, 66, 84, 77, 113, 19, 103, 230, 179, 97, 15, 23, 37, 262, 122, 155, 77, 50, 284, 52, 81, 31, 19, 70, 9, 91, 78, 146, 102, 91, 79, 93, 205, 13, 151, 146, 33, 25, 5, 149, 79, 32, 165, 86, 16, 40, 38, 163, 63, 42, 221, 116, 130, 32, 21, 92, 137, 275, 0)
s = 123: (0, 85, 33, 89, 69, 99, 140, 103, 29, 67, 145, 152, 56, 14, 35, 65, 273, 64, 182, 77, 71, 169, 124, 39, 37, 19, 126, 7, 67, 213, 111, 84, 88, 79, 84, 128, 19, 93, 114, 23, 26, 5, 212, 73, 33, 207, 76, 20, 30, 36, 160, 85, 31, 264, 169, 76, 51, 22, 48, 208, 210, 0)
s = 124: (0, 113, 39, 92, 62, 135, 158, 115, 33, 59, 123, 316, 67, 16, 21, 28, 179, 116, 141, 101, 109, 269, 101, 56, 38, 24, 62, 8, 86, 84, 142, 157, 98, 130, 162, 252, 20, 62, 87, 24, 24, 6, 217, 54, 26, 183, 69, 26, 23, 24, 139, 92, 24, 210, 139, 123, 77, 15, 44, 181, 134, 0)
s = 125: (0, 174, 24, 91, 88, 146, 99, 77, 18, 58, 259, 167, 110, 10, 21, 22, 211, 99, 205, 94, 54, 231, 56, 70, 49, 16, 84, 11, 59, 83, 193, 158, 78, 138, 111, 176, 18, 115, 80, 52, 22, 7, 248, 46, 35, 275, 51, 22, 23, 33, 155, 95, 29, 175, 93, 163, 66, 18, 71, 127, 149, 0)
s = 126: (0, 123, 30, 85, 68, 65, 78, 66, 27, 93, 102, 269, 84, 25, 29, 30, 212, 102, 123, 118, 72, 131, 74, 55, 23, 23, 69, 8, 60, 182, 191, 222, 59, 95, 79, 212, 18, 134, 133, 22, 38, 4, 262, 69, 47, 134, 40, 22, 26, 31, 79, 88, 36, 293, 125, 161, 26, 18, 55, 170, 210, 0)
s = 127: (0, 112, 38, 79, 96, 98, 153, 77, 24, 116, 170, 267, 51, 11, 46, 28, 144, 53, 194, 127, 43, 191, 111, 98, 30, 19, 63, 18, 65, 156, 193, 123, 121, 144, 96, 161, 17, 99, 163, 25, 33, 11, 242, 66, 63, 178, 66, 32, 23, 31, 134, 53, 33, 237, 102, 71, 49, 18, 93, 174, 110, 0)
s = 128: (0, 86, 22, 99, 62, 113, 83, 76, 29, 66, 133, 174, 43, 13, 32, 54, 181, 121, 172, 51, 89, 167, 108, 58, 26, 17, 79, 10, 81, 89, 140, 126, 101, 84, 70, 164, 20, 60, 83, 26, 31, 6, 142, 49, 30, 291, 95, 17, 34, 34, 143, 89, 32, 404, 158, 103, 37, 30, 91, 111, 282, 0)
s = 129: (0, 87, 54, 70, 52, 133, 103, 85, 26, 96, 196, 129, 83, 14, 36, 30, 211, 93, 154, 108, 92, 309, 69, 41, 28, 32, 68, 15, 67, 105, 145, 120, 93, 140, 133, 160, 23, 137, 199, 19, 17, 6, 191, 42, 43, 106, 57, 15, 37, 30, 148, 130, 41, 242, 94, 100, 61, 18, 60, 157, 185, 0)
s = 130: (0, 57, 35, 132, 68, 90, 62, 105, 21, 56, 120, 231, 59, 16, 22, 42, 283, 68, 124, 112, 65, 140, 60, 85, 35, 20, 183, 14, 74, 94, 136, 95, 93, 130, 97, 282, 21, 121, 143, 40, 23, 8, 290, 81, 58, 247, 68, 13, 27, 30, 146, 87, 27, 428, 83, 88, 45, 16, 55, 173, 191, 0)
s = 131: (0, 115, 22, 109, 105, 86, 146, 70, 21, 122, 137, 104, 124, 9, 21, 37, 274, 97, 216, 100, 49, 204, 83, 72, 36, 25, 68, 18, 119, 107, 103, 118, 103, 87, 86, 184, 18, 129, 82, 24, 28, 4, 187, 76, 39, 298, 88, 20, 44, 25, 132, 57, 26, 414, 120, 138, 41, 24, 53, 121, 298, 0)
s = 132: (0, 90, 24, 70, 92, 115, 179, 79, 12, 63, 93, 204, 87, 12, 40, 35, 263, 122, 136, 56, 57, 148, 95, 48, 21, 26, 82, 19, 96, 213, 173, 155, 107, 147, 104, 177, 35, 59, 81, 35, 43, 7, 215, 75, 33, 161, 86, 13, 31, 22, 201, 75, 22, 239, 138, 122, 41, 24, 46, 122, 237, 0)
s = 133: (0, 93, 52, 103, 68, 93, 144, 108, 35, 82, 156, 113, 103, 13, 41, 50, 313, 62, 142, 59, 44, 149, 78, 36, 36, 14, 65, 13, 63, 118, 193, 114, 56, 52, 85, 158, 20, 69, 102, 27, 32, 5, 223, 107, 29, 163, 64, 19, 30, 26, 98, 66, 22, 435, 194, 147, 36, 26, 55, 130, 233, 0)
s = 134: (0, 77, 42, 141, 82, 90, 136, 76, 14, 83, 169, 215, 96, 12, 20, 41, 157, 78, 104, 147, 64, 256, 92, 68, 29, 28, 125, 9, 59, 213, 154, 132, 56, 72, 107, 153, 13, 166, 125, 38, 20, 6, 284, 44, 30, 147, 119, 15, 23, 40, 179, 87, 20, 445, 110, 214, 34, 31, 77, 141, 268, 0)
s = 135: (0, 98, 20, 111, 84, 116, 86, 49, 30, 92, 144, 192, 54, 13, 26, 26, 235, 106, 109, 141, 55, 249, 47, 74, 45, 23, 72, 12, 86, 135, 177, 137, 56, 76, 179, 197, 17, 72, 131, 44, 31, 6, 313, 78, 62, 134, 58, 18, 31, 33, 122, 57, 27, 433, 80, 98, 42, 21, 35, 159, 203, 0)
s = 136: (0, 85, 35, 77, 84, 96, 140, 91, 16, 127, 255, 132, 111, 9, 31, 32, 233, 53, 118, 114, 58, 260, 65, 105, 23, 24, 95, 13, 98, 182, 119, 191, 63, 82, 135, 150, 25, 126, 95, 38, 46, 8, 333, 136, 58, 169, 72, 20, 31, 25, 147, 112, 27, 387, 98, 88, 33, 32, 62, 163, 175, 0)
s = 137: (0, 123, 27, 88, 83, 104, 122, 75, 16, 111, 231, 242, 52, 11, 21, 54, 159, 100, 102, 106, 71, 169, 81, 66, 22, 19, 119, 15, 107, 200, 142, 99, 64, 62, 65, 393, 15, 118, 63, 20, 38, 9, 130, 64, 50, 180, 74, 16, 40, 21, 193, 119, 40, 512, 149, 81, 66, 28, 44, 175, 257, 0)
s = 138: (0, 91, 26, 74, 115, 98, 137, 91, 27, 83, 114, 298, 114, 21, 28, 44, 129, 52, 205, 49, 57, 182, 67, 68, 29, 18, 109, 9, 74, 105, 170, 101, 83, 58, 98, 150, 17, 100, 88, 21, 28, 6, 148, 84, 40, 131, 82, 16, 29, 45, 127, 61, 17, 373, 134, 151, 39, 40, 59, 122, 227, 0)
s = 139: (0, 132, 43, 74, 98, 132, 82, 92, 34, 53, 152, 135, 80, 13, 42, 47, 133, 69, 116, 51, 57, 236, 89, 58, 36, 21, 104, 11, 77, 172, 164, 147, 55, 91, 81, 249, 22, 85, 82, 22, 44, 6, 269, 55, 26, 180, 72, 28, 47, 55, 247, 75, 24, 379, 178, 141, 36, 29, 60, 137, 101, 0)
s = 140: (0, 99, 39, 68, 72, 64, 92, 128, 24, 129, 118, 122, 77, 24, 18, 31, 129, 61, 116, 54, 116, 209, 65, 35, 21, 24, 76, 13, 121, 204, 152, 131, 86, 63, 95, 211, 23, 80, 97, 34, 25, 4, 168, 57, 40, 155, 63, 14, 29, 21, 103, 49, 35, 266, 142, 191, 60, 34, 108, 105, 257, 0)
s = 141: (0, 110, 41, 84, 43, 60, 142, 80, 37, 101, 122, 121, 63, 13, 31, 60, 167, 117, 90, 71, 36, 144, 66, 51, 42, 27, 101, 10, 66, 234, 79, 123, 66, 110, 150, 122, 18, 91, 103, 27, 25, 8, 200, 118, 39, 280, 90, 17, 23, 33, 99, 103, 17, 320, 172, 173, 94, 30, 65, 109, 108, 0)
s = 142: (0, 89, 47, 100, 104, 86, 99, 58, 34, 47, 108, 156, 82, 20, 24, 41, 306, 58, 111, 65, 89, 251, 67, 64, 53, 20, 86, 15, 169, 89, 174, 202, 94, 126, 70, 220, 17, 92, 90, 20, 33, 5, 248, 87, 41, 201, 59, 20, 32, 21, 177, 82, 18, 196, 135, 159, 44, 27, 109, 108, 186, 0)
s = 143: (0, 56, 22, 76, 76, 118, 145, 62, 27, 70, 182, 189, 73, 21, 31, 38, 275, 64, 98, 94, 49, 195, 78, 63, 23, 25, 71, 8, 108, 246, 133, 155, 55, 79, 133, 277, 30, 99, 125, 21, 25, 9, 184, 96, 31, 157, 62, 17, 25, 22, 138, 53, 27, 190, 138, 146, 41, 32, 84, 135, 197, 0)
s = 144: (0, 125, 48, 119, 133, 77, 130, 77, 23, 68, 183, 107, 63, 11, 37, 51, 152, 77, 204, 69, 77, 225, 86, 44, 24, 25, 70, 11, 95, 135, 106, 210, 77, 77, 151, 123, 14, 76, 122, 19, 21, 7, 172, 81, 38, 195, 59, 23, 36, 32, 96, 55, 27, 338, 156, 96, 76, 19, 52, 132, 171, 0)
s = 145: (0, 111, 27, 122, 73, 105, 126, 85, 24, 123, 160, 131, 66, 12, 29, 53, 179, 115, 110, 69, 81, 132, 62, 51, 25, 20, 92, 14, 97, 134, 150, 110, 56, 105, 92, 192, 15, 94, 136, 24, 23, 5, 275, 57, 46, 221, 47, 22, 53, 24, 112, 73, 19, 486, 141, 76, 44, 27, 59, 154, 113, 0)
s = 146: (0, 76, 66, 109, 62, 62, 72, 121, 19, 106, 184, 197, 44, 15, 36, 29, 124, 81, 108, 75, 118, 169, 72, 38, 40, 37, 141, 17, 116, 170, 153, 118, 85, 56, 101, 255, 34, 70, 79, 33, 23, 5, 301, 81, 27, 122, 74, 16, 37, 56, 153, 115, 16, 330, 83, 184, 59, 25, 97, 121, 197, 0)
s = 147: (0, 123, 49, 71, 53, 107, 104, 135, 20, 78, 121, 188, 89, 16, 39, 47, 134, 148, 144, 84, 64, 189, 98, 44, 23, 23, 79, 10, 110, 119, 166, 148, 64, 82, 78, 274, 21, 102, 109, 35, 18, 6, 116, 91, 39, 241, 58, 25, 42, 38, 207, 126, 34, 391, 108, 158, 29, 20, 78, 151, 160, 0)
s = 148: (0, 107, 32, 95, 79, 59, 83, 83, 13, 89, 154, 200, 46, 17, 29, 30, 133, 133, 198, 111, 54, 184, 71, 49, 24, 29, 75, 8, 60, 232, 108, 98, 76, 126, 104, 259, 18, 84, 85, 24, 29, 4, 328, 118, 33, 123, 64, 15, 42, 45, 182, 110, 29, 383, 100, 133, 43, 32, 60, 141, 197, 0)
s = 149: (0, 115, 31, 89, 73, 103, 71, 122, 29, 91, 162, 179, 59, 24, 26, 45, 132, 59, 132, 149, 44, 173, 62, 55, 34, 21, 107, 19, 103, 197, 118, 116, 111, 86, 62, 188, 16, 118, 120, 42, 21, 7, 162, 66, 50, 212, 48, 16, 21, 28, 78, 165, 39, 319, 198, 129, 48, 18, 51, 262, 121, 0)
s = 150: (0, 119, 32, 139, 131, 104, 90, 87, 28, 128, 105, 152, 117, 13, 32, 58, 149, 66, 97, 91, 43, 137, 65, 52, 40, 16, 49, 12, 70, 163, 144, 72, 75, 157, 118, 206, 12, 176, 77, 23, 36, 4, 133, 85, 65, 246, 66, 17, 29, 27, 271, 64, 31, 353, 140, 134, 57, 40, 44, 109, 111, 0)
s = 151: (0, 109, 25, 78, 50, 113, 167, 127, 19, 112, 85, 120, 46, 14, 41, 28, 231, 73, 154, 94, 74, 301, 75, 60, 34, 17, 98, 16, 76, 180, 125, 148, 82, 65, 159, 200, 28, 82, 64, 44, 24, 13, 300, 77, 44, 356, 50, 18, 22, 37, 137, 83, 16, 284, 125, 160, 43, 19, 93, 146, 176, 0)
s = 152: (0, 117, 48, 92, 79, 99, 73, 106, 29, 100, 179, 219, 72, 15, 55, 43, 162, 64, 151, 86, 84, 123, 68, 76, 23, 23, 123, 8, 85, 120, 91, 76, 119, 109, 111, 238, 23, 72, 97, 35, 19, 4, 175, 60, 39, 157, 59, 26, 26, 45, 85, 98, 25, 210, 144, 173, 69, 34, 74, 193, 164, 0)
s = 153: (0, 128, 34, 78, 64, 85, 101, 134, 18, 94, 95, 218, 99, 20, 33, 47, 211, 162, 144, 50, 70, 158, 49, 38, 54, 21, 100, 10, 88, 180, 109, 70, 93, 116, 115, 135, 15, 137, 105, 31, 24, 10, 131, 51, 33, 222, 87, 17, 38, 36, 135, 91, 20, 198, 76, 82, 41, 28, 89, 120, 157, 0)
s = 154: (0, 92, 36, 65, 51, 139, 163, 67, 21, 100, 98, 129, 61, 18, 44, 23, 177, 112, 143, 76, 48, 286, 68, 39, 32, 27, 90, 15, 78, 170, 155, 121, 100, 131, 110, 215, 13, 96, 104, 24, 28, 8, 212, 84, 36, 254, 88, 19, 45, 39, 205, 92, 42, 351, 139, 146, 45, 24, 75, 184, 235, 0)
s = 155: (0, 106, 49, 126, 86, 97, 69, 78, 28, 77, 198, 162, 143, 11, 35, 58, 138, 102, 170, 95, 48, 159, 78, 44, 39, 21, 87, 12, 83, 185, 180, 133, 74, 76, 90, 261, 14, 80, 109, 31, 28, 4, 178, 148, 26, 104, 58, 17, 22, 48, 115, 85, 49, 281, 77, 149, 50, 23, 36, 228, 284, 0)
s = 156: (0, 129, 45, 98, 86, 130, 194, 95, 14, 86, 121, 240, 69, 17, 16, 40, 133, 94, 103, 55, 54, 183, 66, 64, 21, 20, 100, 12, 90, 112, 163, 88, 91, 111, 99, 283, 17, 112, 143, 35, 35, 6, 294, 73, 42, 266, 75, 13, 31, 57, 135, 131, 33, 238, 154, 145, 59, 23, 73, 151, 180, 0)
s = 157: (0, 115, 47, 138, 69, 73, 75, 70, 27, 75, 90, 140, 58, 10, 38, 44, 205, 67, 147, 111, 76, 216, 77, 48, 31, 32, 62, 21, 94, 179, 96, 91, 102, 71, 149, 222, 20, 154, 126, 28, 39, 5, 223, 60, 63, 198, 54, 19, 47, 45, 101, 80, 27, 362, 76, 115, 59, 32, 93, 199, 241, 0)
s = 158: (0, 79, 51, 57, 130, 77, 75, 60, 16, 53, 191, 164, 53, 23, 28, 32, 210, 57, 151, 155, 86, 238, 102, 89, 32, 29, 116, 7, 78, 90, 88, 181, 106, 112, 124, 209, 28, 60, 71, 38, 22, 4, 187, 91, 36, 224, 50, 32, 34, 24, 151, 82, 22, 495, 108, 79, 47, 21, 59, 204, 245, 0)
s = 159: (0, 83, 53, 50, 93, 128, 115, 148, 23, 72, 165, 151, 70, 21, 32, 33, 183, 62, 157, 83, 100, 175, 61, 32, 39, 13, 56, 12, 60, 147, 138, 91, 56, 104, 97, 238, 20, 82, 115, 49, 33, 5, 249, 51, 41, 170, 70, 30, 29, 41, 98, 134, 23, 403, 155, 187, 55, 32, 75, 135, 162, 0)
s = 160: (0, 60, 42, 80, 121, 85, 87, 80, 17, 106, 168, 137, 83, 12, 26, 36, 236, 175, 137, 50, 59, 191, 58, 39, 35, 20, 97, 13, 81, 175, 164, 125, 121, 92, 137, 145, 14, 118, 158, 42, 24, 8, 200, 82, 37, 183, 70, 23, 46, 37, 90, 73, 32, 562, 146, 153, 64, 24, 83, 181, 146, 0)
s = 161: (0, 108, 26, 82, 63, 152, 106, 84, 31, 109, 177, 111, 76, 15, 20, 49, 214, 74, 109, 135, 97, 296, 63, 46, 27, 26, 109, 9, 97, 186, 134, 176, 102, 84, 125, 251, 22, 114, 98, 18, 19, 7, 230, 64, 23, 101, 84, 20, 40, 55, 75, 78, 19, 381, 88, 150, 36, 21, 73, 103, 267, 0)
s = 162: (0, 91, 24, 57, 98, 74, 156, 124, 18, 120, 95, 163, 77, 22, 31, 29, 173, 78, 203, 105, 61, 159, 75, 33, 46, 31, 79, 13, 84, 156, 169, 86, 73, 123, 161, 165, 18, 107, 91, 37, 35, 10, 219, 73, 27, 175, 57, 15, 26, 34, 161, 83, 30, 215, 85, 83, 35, 19, 53, 131, 167, 0)
s = 163: (0, 71, 54, 59, 73, 111, 82, 69, 15, 124, 256, 106, 87, 16, 41, 23, 139, 52, 133, 72, 99, 257, 109, 57, 33, 15, 131, 9, 77, 158, 86, 105, 120, 112, 63, 197, 15, 98, 142, 30, 36, 7, 354, 66, 27, 110, 86, 36, 24, 51, 126, 121, 25, 340, 129, 119, 36, 39, 73, 198, 281, 0)
s = 164: (0, 73, 25, 88, 79, 72, 103, 66, 13, 58, 173, 176, 80, 22, 31, 40, 158, 106, 148, 106, 40, 176, 57, 62, 36, 15, 124, 9, 60, 189, 109, 93, 119, 117, 77, 126, 19, 100, 123, 24, 18, 7, 190, 154, 22, 205, 45, 18, 48, 45, 115, 88, 42, 251, 101, 175, 80, 20, 87, 120, 116, 0)
s = 165: (0, 78, 42, 69, 87, 73, 137, 67, 15, 157, 162, 132, 125, 10, 40, 53, 158, 84, 106, 60, 56, 265, 65, 53, 26, 14, 101, 14, 57, 163, 225, 98, 145, 92, 110, 197, 18, 121, 129, 19, 19, 6, 224, 59, 36, 241, 44, 13, 37, 30, 111, 92, 39, 308, 99, 95, 55, 15, 83, 188, 134, 0)
s = 166: (0, 142, 20, 90, 70, 110, 174, 63, 14, 61, 114, 168, 106, 20, 18, 37, 327, 89, 212, 91, 59, 164, 88, 34, 29, 23, 52, 14, 113, 82, 104, 126, 109, 77, 136, 279, 28, 107, 89, 20, 34, 9, 262, 76, 52, 320, 104, 16, 36, 35, 154, 151, 45, 218, 145, 235, 81, 28, 50, 210, 135, 0)
s = 167: (0, 95, 29, 97, 68, 144, 104, 117, 12, 49, 123, 136, 56, 17, 42, 31, 143, 132, 118, 72, 78, 257, 105, 77, 31, 25, 80, 17, 89, 155, 193, 78, 82, 90, 158, 308, 25, 77, 84, 34, 41, 10, 154, 97, 45, 142, 64, 23, 39, 23, 173, 90, 34, 252, 79, 82, 68, 26, 57, 144, 253, 0)
s = 168: (0, 120, 26, 96, 71, 126, 104, 90, 13, 91, 227, 144, 81, 14, 26, 33, 317, 130, 217, 77, 77, 182, 51, 63, 23, 16, 155, 8, 140, 99, 122, 68, 94, 102, 147, 200, 20, 110, 109, 52, 25, 6, 328, 115, 52, 182, 94, 15, 29, 42, 122, 100, 32, 304, 97, 94, 63, 20, 52, 233, 112, 0)
s = 169: (0, 133, 40, 58, 101, 107, 90, 75, 30, 72, 169, 143, 72, 11, 50, 60, 147, 67, 188, 77, 122, 143, 87, 54, 44, 25, 108, 12, 133, 210, 99, 184, 64, 120, 174, 231, 16, 169, 75, 24, 42, 8, 170, 73, 50, 231, 98, 18, 23, 34, 151, 133, 22, 247, 110, 95, 70, 21, 72, 145, 157, 0)
s = 170: (0, 149, 50, 97, 86, 68, 142, 103, 22, 108, 217, 108, 110, 16, 30, 51, 237, 64, 103, 83, 44, 224, 70, 59, 52, 22, 97, 7, 72, 109, 179, 116, 61, 158, 157, 242, 22, 182, 83, 29, 23, 10, 159, 85, 48, 129, 60, 29, 29, 26, 142, 141, 21, 389, 135, 100, 69, 21, 43, 188, 161, 0)
s = 171: (0, 82, 27, 65, 83, 82, 95, 75, 23, 62, 146, 235, 68, 18, 21, 26, 142, 134, 97, 115, 63, 194, 66, 63, 23, 13, 72, 11, 132, 140, 139, 78, 95, 110, 95, 140, 35, 71, 137, 26, 28, 4, 300, 57, 31, 211, 84, 15, 33, 27, 82, 100, 31, 416, 141, 139, 53, 26, 56, 101, 213, 0)
s = 172: (0, 72, 45, 62, 89, 74, 90, 123, 22, 128, 105, 197, 81, 11, 20, 23, 254, 74, 103, 129, 80, 198, 89, 58, 22, 25, 67, 8, 88, 139, 191, 120, 52, 130, 65, 188, 16, 110, 99, 38, 27, 8, 273, 72, 42, 123, 41, 15, 27, 28, 178, 136, 19, 205, 133, 157, 49, 33, 78, 252, 196, 0)
s = 173: (0, 66, 24, 79, 84, 69, 149, 84, 16, 101, 169, 139, 114, 18, 27, 38, 277, 85, 160, 59, 42, 228, 91, 42, 22, 20, 88, 8, 96, 114, 271, 188, 70, 63, 94, 195, 18, 106, 63, 45, 29, 11, 218, 68, 27, 143, 54, 18, 37, 47, 164, 124, 37, 252, 170, 109, 38, 31, 37, 195, 174, 0)
s = 174: (0, 76, 49, 76, 79, 77, 140, 55, 20, 78, 105, 207, 99, 16, 30, 70, 218, 100, 150, 87, 94, 137, 104, 35, 31, 33, 127, 13, 111, 107, 92, 124, 91, 86, 71, 246, 32, 69, 160, 45, 41, 5, 138, 57, 30, 124, 50, 11, 23, 24, 134, 85, 25, 210, 115, 115, 48, 25, 45, 81, 232, 0)
s = 175: (0, 139, 39, 86, 112, 68, 175, 64, 29, 69, 192, 182, 93, 20, 28, 31, 178, 121, 86, 77, 91, 158, 72, 61, 38, 19, 132, 14, 81, 148, 106, 124, 132, 88, 88, 132, 16, 117, 171, 20, 22, 5, 171, 65, 76, 201, 119, 19, 31, 25, 129, 76, 35, 405, 93, 76, 62, 17, 52, 120, 133, 0)
s = 176: (0, 86, 36, 82, 68, 102, 126, 73, 34, 98, 135, 276, 85, 11, 48, 45, 313, 75, 136, 53, 76, 158, 88, 79, 25, 28, 92, 8, 68, 126, 94, 120, 66, 59, 77, 150, 14, 67, 183, 28, 42, 7, 156, 50, 38, 302, 49, 15, 23, 26, 257, 127, 20, 347, 103, 136, 41, 22, 48, 204, 131, 0)
s = 177: (0, 79, 41, 64, 84, 120, 78, 102, 25, 62, 95, 165, 74, 17, 27, 43, 263, 61, 146, 84, 91, 169, 97, 33, 27, 18, 97, 12, 68, 281, 135, 161, 108, 76, 119, 272, 16, 102, 120, 32, 37, 9, 277, 124, 37, 271, 98, 18, 31, 28, 128, 83, 25, 232, 111, 113, 47, 19, 63, 110, 107, 0)
s = 178: (0, 117, 44, 62, 53, 62, 173, 107, 20, 136, 122, 171, 81, 19, 23, 61, 147, 123, 77, 89, 108, 165, 71, 37, 51, 38, 67, 17, 91, 118, 165, 119, 83, 104, 128, 233, 19, 56, 151, 33, 25, 4, 239, 92, 36, 211, 61, 24, 50, 43, 195, 62, 34, 315, 100, 88, 37, 18, 67, 100, 98, 0)
s = 179: (0, 126, 31, 84, 49, 95, 109, 117, 19, 73, 134, 169, 64, 10, 39, 33, 173, 114, 237, 68, 112, 342, 93, 81, 35, 15, 75, 10, 119, 102, 134, 171, 64, 81, 102, 230, 32, 63, 104, 21, 40, 5, 260, 92, 33, 126, 69, 16, 30, 36, 94, 103, 30, 237, 81, 147, 35, 26, 64, 134, 128, 0)
s = 180: (0, 82, 35, 103, 64, 128, 139, 69, 13, 134, 143, 318, 69, 22, 24, 65, 216, 82, 132, 65, 37, 219, 59, 97, 36, 15, 132, 10, 46, 160, 128, 92, 103, 68, 97, 198, 23, 123, 99, 21, 37, 8, 165, 55, 30, 196, 69, 16, 28, 44, 127, 133, 26, 226, 85, 73, 58, 22, 79, 113, 135, 0)
s = 181: (0, 91, 42, 67, 94, 77, 92, 100, 32, 94, 268, 131, 109, 22, 24, 49, 139, 110, 211, 76, 81, 312, 109, 64, 29, 28, 99, 9, 98, 174, 111, 162, 127, 66, 66, 273, 24, 77, 109, 23, 21, 6, 179, 57, 35, 116, 77, 25, 29, 31, 94, 68, 25, 359, 126, 150, 36, 31, 42, 213, 96, 0)
s = 182: (0, 157, 36, 89, 54, 69, 127, 112, 20, 135, 100, 115, 68, 10, 26, 65, 221, 119, 114, 65, 75, 223, 120, 53, 42, 20, 85, 14, 58, 111, 106, 216, 51, 77, 104, 200, 13, 86, 158, 39, 22, 8, 176, 52, 33, 212, 85, 14, 29, 21, 127, 76, 31, 325, 134, 86, 53, 35, 57, 171, 155, 0)
s = 183: (0, 59, 57, 61, 93, 104, 81, 121, 20, 85, 125, 156, 74, 18, 38, 24, 292, 77, 125, 91, 86, 157, 88, 93, 55, 25, 78, 10, 70, 219, 143, 89, 83, 93, 75, 279, 17, 100, 62, 27, 32, 5, 215, 50, 25, 202, 62, 23, 25, 28, 227, 90, 41, 311, 110, 117, 44, 39, 53, 157, 206, 0)
s = 184: (0, 146, 28, 58, 64, 111, 101, 63, 22, 103, 100, 133, 106, 20, 26, 52, 272, 69, 178, 108, 67, 174, 51, 51, 25, 26, 89, 14, 81, 108, 129, 98, 63, 104, 166, 185, 19, 87, 130, 27, 25, 7, 218, 96, 31, 226, 78, 31, 49, 30, 92, 107, 35, 244, 158, 74, 59, 22, 38, 124, 133, 0)
s = 185: (0, 130, 32, 95, 58, 79, 67, 109, 18, 67, 199, 208, 115, 11, 25, 31, 377, 77, 140, 110, 56, 171, 65, 53, 32, 22, 57, 10, 62, 106, 198, 72, 119, 100, 80, 148, 15, 76, 99, 22, 28, 6, 238, 67, 41, 285, 103, 14, 22, 23, 148, 96, 31, 275, 198, 176, 48, 25, 65, 160, 155, 0)
s = 186: (0, 89, 36, 90, 49, 153, 92, 69, 20, 62, 153, 195, 106, 12, 32, 32, 206, 158, 120, 79, 82, 151, 69, 51, 33, 40, 64, 13, 112, 155, 100, 169, 57, 101, 130, 234, 12, 106, 92, 28, 26, 4, 233, 52, 28, 174, 73, 32, 51, 45, 175, 93, 38, 465, 121, 202, 27, 32, 58, 163, 161, 0)
s = 187: (0, 56, 34, 66, 79, 68, 100, 123, 18, 78, 108, 157, 90, 11, 32, 30, 194, 95, 139, 58, 52, 198, 88, 57, 44, 30, 82, 13, 68, 257, 132, 67, 55, 101, 102, 263, 22, 123, 75, 18, 33, 5, 165, 74, 48, 158, 44, 21, 27, 42, 244, 78, 17, 240, 125, 112, 75, 25, 61, 134, 168, 0)
s = 188: (0, 90, 30, 79, 92, 94, 96, 143, 28, 101, 142, 146, 55, 19, 21, 48, 204, 105, 164, 72, 69, 188, 79, 44, 29, 26, 97, 13, 53, 95, 145, 120, 53, 143, 102, 126, 19, 73, 74, 30, 18, 8, 134, 61, 42, 142, 102, 22, 18, 55, 206, 88, 38, 319, 93, 84, 50, 32, 58, 120, 247, 0)
s = 189: (0, 102, 29, 131, 75, 71, 63, 88, 31, 50, 115, 172, 82, 10, 31, 54, 192, 62, 149, 102, 60, 200, 121, 52, 25, 32, 114, 14, 115, 200, 81, 135, 61, 94, 81, 266, 30, 94, 61, 34, 24, 8, 306, 69, 28, 289, 88, 21, 29, 26, 154, 115, 18, 229, 102, 98, 28, 23, 43, 105, 172, 0)
s = 190: (0, 75, 37, 71, 55, 101, 98, 59, 25, 67, 99, 178, 76, 9, 30, 43, 335, 77, 91, 80, 71, 191, 128, 61, 27, 20, 113, 12, 66, 149, 103, 76, 149, 97, 143, 147, 28, 114, 79, 24, 24, 6, 155, 58, 42, 125, 45, 30, 32, 35, 115, 71, 17, 420, 110, 99, 59, 30, 54, 145, 251, 0)
s = 191: (0, 76, 71, 113, 64, 86, 152, 94, 20, 80, 174, 260, 47, 20, 48, 28, 202, 90, 163, 76, 53, 258, 49, 44, 43, 16, 78, 9, 92, 219, 164, 94, 69, 63, 69, 168, 29, 114, 153, 33, 31, 8, 255, 89, 65, 152, 50, 20, 41, 30, 153, 128, 22, 245, 131, 72, 51, 27, 121, 162, 215, 0)
s = 192: (0, 96, 37, 74, 69, 128, 111, 145, 20, 90, 126, 148, 81, 16, 21, 35, 122, 82, 162, 87, 85, 228, 55, 43, 25, 21, 115, 9, 105, 145, 109, 101, 95, 86, 79, 288, 16, 119, 113, 18, 28, 4, 133, 79, 41, 189, 93, 20, 21, 40, 168, 79, 25, 448, 77, 99, 66, 17, 48, 170, 150, 0)
s = 193: (0, 94, 39, 86, 105, 117, 128, 88, 18, 67, 112, 240, 68, 14, 31, 39, 214, 48, 178, 89, 48, 131, 100, 32, 49, 28, 82, 17, 53, 148, 151, 87, 68, 53, 92, 125, 20, 81, 99, 54, 36, 6, 212, 83, 42, 156, 59, 12, 46, 23, 107, 91, 46, 389, 181, 137, 48, 19, 40, 98, 177, 0)
s = 194: (0, 147, 43, 92, 64, 63, 131, 102, 17, 51, 91, 252, 69, 27, 32, 41, 174, 109, 174, 92, 78, 300, 89, 32, 24, 17, 65, 12, 71, 120, 210, 65, 119, 128, 82, 154, 24, 160, 156, 27, 36, 5, 268, 69, 47, 166, 66, 22, 21, 48, 133, 61, 18, 473, 100, 91, 66, 26, 51, 184, 214, 0)
s = 195: (0, 64, 27, 121, 72, 105, 138, 91, 17, 87, 157, 107, 121, 13, 25, 37, 169, 91, 95, 70, 90, 164, 63, 62, 31, 26, 76, 12, 78, 98, 247, 82, 114, 128, 101, 195, 31, 89, 122, 19, 20, 8, 143, 78, 28, 145, 91, 23, 19, 26, 159, 88, 40, 239, 64, 127, 51, 16, 73, 125, 152, 0)
s = 196: (0, 104, 32, 110, 57, 74, 99, 85, 15, 113, 127, 165, 55, 16, 21, 41, 186, 111, 89, 91, 109, 155, 92, 53, 43, 16, 137, 18, 53, 103, 138, 100, 52, 175, 123, 163, 32, 77, 113, 39, 26, 6, 158, 123, 45, 256, 65, 25, 19, 30, 157, 82, 23, 419, 108, 151, 51, 18, 47, 126, 189, 0)
s = 197: (0, 176, 29, 80, 100, 106, 127, 116, 18, 84, 150, 182, 59, 16, 27, 56, 302, 95, 115, 92, 81, 194, 109, 53, 24, 13, 138, 17, 57, 124, 144, 109, 67, 116, 130, 222, 15, 81, 116, 18, 30, 8, 157, 79, 26, 202, 73, 25, 19, 53, 157, 85, 27, 320, 113, 228, 35, 22, 47, 224, 193, 0)
s = 198: (0, 118, 48, 111, 58, 113, 129, 83, 35, 79, 147, 244, 51, 19, 26, 32, 209, 84, 196, 139, 85, 213, 86, 36, 35, 29, 78, 14, 71, 142, 133, 92, 77, 98, 61, 214, 25, 64, 100, 32, 40, 5, 226, 52, 33, 169, 59, 18, 33, 33, 94, 92, 21, 280, 129, 78, 37, 25, 75, 101, 122, 0)
s = 199: (0, 54, 28, 125, 93, 54, 143, 72, 17, 112, 122, 188, 58, 14, 52, 31, 263, 92, 145, 83, 43, 173, 138, 36, 26, 33, 86, 10, 95, 115, 174, 156, 55, 78, 92, 169, 20, 116, 65, 19, 25, 8, 192, 87, 31, 115, 55, 33, 18, 61, 153, 74, 25, 254, 84, 85, 31, 18, 68, 109, 187, 0)
s = 200: (0, 86, 52, 117, 77, 83, 171, 131, 19, 82, 168, 166, 61, 10, 27, 28, 208, 154, 184, 88, 83, 282, 54, 65, 24, 31, 103, 11, 101, 88, 125, 74, 109, 61, 89, 302, 21, 65, 186, 34, 28, 6, 235, 71, 48, 152, 94, 29, 38, 36, 105, 92, 25, 515, 254, 100, 28, 14, 106, 87, 134, 0)
************************************************************************
ES/LS-VALUES:
jobnr.   ES(i)    LS(i)
------------------------------------------------------------------------
  0        0        0
  1        0       237
  2        0       193
  3        0       253
  4        5       236
  5       10       246
  6        9       247
  7       10       242
  8       24       257
  9        5       199
 10       10       268
 11       14       235
 12       29       260
 13       21       309
 14       14       209
 15       26       260
 16       33       228
 17       29       251
 18       46       278
 19       14       259
 20        5       278
 21       24       304
 22       23       296
 23       23       282
 24       12       286
 25       48       244
 26       29       264
 27       23       269
 28       51       248
 29       51       292
 30        9       265
 31       51       249
 32       30       277
 33       49       304
 34       66       264
 35       48       295
 36       26       289
 37       49       285
 38       65       311
 39       65       271
 40       21       286
 41       64       297
 42       49       291
 43       26       293
 44       66       309
 45       78       277
 46       71       326
 47       66       300
 48       71       306
 49       66       322
 50       78       312
 51       95       295
 52       71       315
 53       106       306
 54       74       319
 55       75       311
 56       125       326
 57       89       326
 58       95       334
 59       128       330
 60       90       328
 61       141       344
************************************************************************
BIG-M-VALUES:
M1 = 37, M2 = 611
************************************************************************
