************************************************************************
file with basedata            : mm24_.bas
initial value random generator: 1196182629
************************************************************************
projects                      :  1
jobs (incl. supersource/sink ):  12
horizon                       :  72
RESOURCES
  - renewable                 :  2   R
  - nonrenewable              :  2   N
  - doubly constrained        :  0   D
************************************************************************
PROJECT INFORMATION:
pronr.  #jobs rel.date duedate tardcost  MPM-Time
    1     10      0       25        7       25
************************************************************************
PRECEDENCE RELATIONS:
jobnr.    #modes  #successors   successors
   0        1          3           1   2   3
   1        3          1           9
   2        3          1           8
   3        3          3           4   5   6
   4        3          2           7  10
   5        3          2           7   8
   6        3          2           7   8
   7        3          1           9
   8        3          1          11
   9        3          1          11
  10        3          1          11
  11        1          0        
************************************************************************
REQUESTS/DURATIONS:
jobnr. mode duration  R 1  R 2  R 3  R 4  E(W 1)  E(W 2)  E(W 3)  E(W 4)
------------------------------------------------------------------------
  0      1     0       0    0    0    0     0       0       0       0
  1      1     6       0    6    7    9     0      36      42      54
  2      1     1       8    0    4    7     8       0       4       7
  3      1     7       0    2    3    7     0      14      21      49
  4      1     5       3    0   10    5    15       0      50      25
  5      1     4       8    0    9    7    32       0      36      28
  6      1     4       0    7    9    6     0      28      36      24
  7      1     8       0   10   10   10     0      80      80      80
  8      1     4       5    0    4    8    20       0      16      32
  9      1     5       0    7   10    6     0      35      50      30
 10      1     3       5    0    7    6    15       0      21      18
 11      1     0       0    0    0    0     0       0       0       0
************************************************************************
RESOURCEAVAILABILITIES:
  R 1  R 2  R 3  R 4
   13   13   73   73
************************************************************************
RESOURCE LIMITS:
jobnr.  l(R 1)  u(R 1)  l(R 2)  u(R 2)  l(R 3)  u(R 3)  l(R 4)  u(R 4)
------------------------------------------------------------------------
  0        0       0       0       0       0       0       0       0
  1        0       0       3       6       4       7       5       9
  2        4       8       0       0       2       4       4       7
  3        0       0       1       2       2       3       4       7
  4        2       3       0       0       5      10       3       5
  5        4       8       0       0       5       9       4       7
  6        0       0       4       7       5       9       3       6
  7        0       0       5      10       5      10       5      10
  8        3       5       0       0       2       4       4       8
  9        0       0       4       7       5      10       3       6
 10        3       5       0       0       4       7       3       6
 11        0       0       0       0       0       0       0       0
************************************************************************
SCENARIOS:
------------------------------------------------------------------------
RESOURCE k = 1
s = 1: (0, 0, 6, 0, 10, 34, 0, 0, 22, 0, 11, 0)
s = 2: (0, 0, 10, 0, 15, 23, 0, 0, 14, 0, 8, 0)
s = 3: (0, 0, 8, 0, 13, 30, 0, 0, 33, 0, 16, 0)
s = 4: (0, 0, 12, 0, 13, 34, 0, 0, 17, 0, 11, 0)
s = 5: (0, 0, 9, 0, 18, 32, 0, 0, 23, 0, 25, 0)
s = 6: (0, 0, 8, 0, 19, 24, 0, 0, 29, 0, 27, 0)
s = 7: (0, 0, 5, 0, 10, 30, 0, 0, 17, 0, 11, 0)
s = 8: (0, 0, 8, 0, 10, 25, 0, 0, 19, 0, 13, 0)
s = 9: (0, 0, 8, 0, 19, 32, 0, 0, 21, 0, 14, 0)
s = 10: (0, 0, 8, 0, 10, 33, 0, 0, 20, 0, 15, 0)
s = 11: (0, 0, 7, 0, 15, 44, 0, 0, 37, 0, 15, 0)
s = 12: (0, 0, 13, 0, 20, 43, 0, 0, 25, 0, 20, 0)
s = 13: (0, 0, 13, 0, 11, 37, 0, 0, 17, 0, 19, 0)
s = 14: (0, 0, 8, 0, 17, 37, 0, 0, 27, 0, 14, 0)
s = 15: (0, 0, 6, 0, 23, 27, 0, 0, 20, 0, 17, 0)
s = 16: (0, 0, 9, 0, 12, 33, 0, 0, 30, 0, 15, 0)
s = 17: (0, 0, 13, 0, 14, 20, 0, 0, 14, 0, 14, 0)
s = 18: (0, 0, 7, 0, 16, 32, 0, 0, 23, 0, 25, 0)
s = 19: (0, 0, 9, 0, 18, 39, 0, 0, 28, 0, 11, 0)
s = 20: (0, 0, 15, 0, 17, 37, 0, 0, 25, 0, 22, 0)
s = 21: (0, 0, 8, 0, 12, 40, 0, 0, 11, 0, 15, 0)
s = 22: (0, 0, 7, 0, 16, 20, 0, 0, 20, 0, 19, 0)
s = 23: (0, 0, 10, 0, 18, 34, 0, 0, 32, 0, 12, 0)
s = 24: (0, 0, 13, 0, 12, 40, 0, 0, 18, 0, 17, 0)
s = 25: (0, 0, 6, 0, 16, 42, 0, 0, 20, 0, 10, 0)
s = 26: (0, 0, 8, 0, 20, 43, 0, 0, 13, 0, 14, 0)
s = 27: (0, 0, 8, 0, 16, 34, 0, 0, 24, 0, 16, 0)
s = 28: (0, 0, 9, 0, 20, 23, 0, 0, 22, 0, 13, 0)
s = 29: (0, 0, 13, 0, 13, 22, 0, 0, 16, 0, 18, 0)
s = 30: (0, 0, 9, 0, 14, 32, 0, 0, 17, 0, 9, 0)
s = 31: (0, 0, 8, 0, 10, 45, 0, 0, 13, 0, 11, 0)
s = 32: (0, 0, 7, 0, 16, 35, 0, 0, 17, 0, 12, 0)
s = 33: (0, 0, 5, 0, 10, 29, 0, 0, 16, 0, 14, 0)
s = 34: (0, 0, 5, 0, 17, 25, 0, 0, 16, 0, 19, 0)
s = 35: (0, 0, 7, 0, 12, 28, 0, 0, 23, 0, 15, 0)
s = 36: (0, 0, 12, 0, 18, 21, 0, 0, 17, 0, 17, 0)
s = 37: (0, 0, 7, 0, 16, 44, 0, 0, 15, 0, 15, 0)
s = 38: (0, 0, 12, 0, 11, 19, 0, 0, 32, 0, 17, 0)
s = 39: (0, 0, 6, 0, 18, 21, 0, 0, 17, 0, 14, 0)
s = 40: (0, 0, 8, 0, 16, 44, 0, 0, 28, 0, 17, 0)
s = 41: (0, 0, 10, 0, 25, 37, 0, 0, 19, 0, 18, 0)
s = 42: (0, 0, 8, 0, 15, 30, 0, 0, 18, 0, 16, 0)
s = 43: (0, 0, 10, 0, 10, 34, 0, 0, 25, 0, 19, 0)
s = 44: (0, 0, 10, 0, 16, 46, 0, 0, 25, 0, 14, 0)
s = 45: (0, 0, 10, 0, 17, 32, 0, 0, 17, 0, 16, 0)
s = 46: (0, 0, 11, 0, 20, 46, 0, 0, 35, 0, 13, 0)
s = 47: (0, 0, 10, 0, 17, 30, 0, 0, 28, 0, 19, 0)
s = 48: (0, 0, 5, 0, 15, 30, 0, 0, 15, 0, 15, 0)
s = 49: (0, 0, 8, 0, 13, 33, 0, 0, 22, 0, 11, 0)
s = 50: (0, 0, 6, 0, 15, 43, 0, 0, 21, 0, 12, 0)
s = 51: (0, 0, 7, 0, 18, 21, 0, 0, 24, 0, 16, 0)
s = 52: (0, 0, 8, 0, 13, 32, 0, 0, 22, 0, 13, 0)
s = 53: (0, 0, 8, 0, 15, 30, 0, 0, 26, 0, 16, 0)
s = 54: (0, 0, 8, 0, 8, 34, 0, 0, 27, 0, 18, 0)
s = 55: (0, 0, 10, 0, 8, 52, 0, 0, 25, 0, 24, 0)
s = 56: (0, 0, 6, 0, 11, 28, 0, 0, 26, 0, 9, 0)
s = 57: (0, 0, 7, 0, 21, 30, 0, 0, 27, 0, 17, 0)
s = 58: (0, 0, 11, 0, 22, 35, 0, 0, 19, 0, 17, 0)
s = 59: (0, 0, 11, 0, 14, 37, 0, 0, 19, 0, 13, 0)
s = 60: (0, 0, 12, 0, 13, 36, 0, 0, 24, 0, 16, 0)
s = 61: (0, 0, 7, 0, 13, 35, 0, 0, 15, 0, 11, 0)
s = 62: (0, 0, 7, 0, 18, 22, 0, 0, 14, 0, 13, 0)
s = 63: (0, 0, 7, 0, 13, 23, 0, 0, 39, 0, 21, 0)
s = 64: (0, 0, 8, 0, 18, 24, 0, 0, 15, 0, 14, 0)
s = 65: (0, 0, 6, 0, 15, 25, 0, 0, 14, 0, 16, 0)
s = 66: (0, 0, 8, 0, 17, 22, 0, 0, 13, 0, 13, 0)
s = 67: (0, 0, 8, 0, 14, 22, 0, 0, 17, 0, 18, 0)
s = 68: (0, 0, 7, 0, 23, 34, 0, 0, 16, 0, 13, 0)
s = 69: (0, 0, 7, 0, 9, 28, 0, 0, 15, 0, 11, 0)
s = 70: (0, 0, 10, 0, 10, 26, 0, 0, 22, 0, 13, 0)
s = 71: (0, 0, 8, 0, 16, 34, 0, 0, 20, 0, 22, 0)
s = 72: (0, 0, 7, 0, 18, 24, 0, 0, 32, 0, 17, 0)
s = 73: (0, 0, 9, 0, 12, 41, 0, 0, 14, 0, 13, 0)
s = 74: (0, 0, 6, 0, 15, 31, 0, 0, 12, 0, 13, 0)
s = 75: (0, 0, 12, 0, 20, 44, 0, 0, 28, 0, 21, 0)
s = 76: (0, 0, 6, 0, 17, 20, 0, 0, 18, 0, 19, 0)
s = 77: (0, 0, 11, 0, 10, 45, 0, 0, 23, 0, 26, 0)
s = 78: (0, 0, 8, 0, 14, 41, 0, 0, 16, 0, 24, 0)
s = 79: (0, 0, 9, 0, 21, 24, 0, 0, 17, 0, 9, 0)
s = 80: (0, 0, 8, 0, 19, 41, 0, 0, 22, 0, 14, 0)
s = 81: (0, 0, 13, 0, 13, 26, 0, 0, 25, 0, 9, 0)
s = 82: (0, 0, 7, 0, 14, 27, 0, 0, 32, 0, 11, 0)
s = 83: (0, 0, 9, 0, 22, 21, 0, 0, 18, 0, 21, 0)
s = 84: (0, 0, 13, 0, 14, 26, 0, 0, 39, 0, 17, 0)
s = 85: (0, 0, 8, 0, 14, 38, 0, 0, 25, 0, 10, 0)
s = 86: (0, 0, 12, 0, 13, 30, 0, 0, 25, 0, 17, 0)
s = 87: (0, 0, 7, 0, 11, 38, 0, 0, 19, 0, 13, 0)
s = 88: (0, 0, 11, 0, 14, 41, 0, 0, 15, 0, 16, 0)
s = 89: (0, 0, 6, 0, 16, 25, 0, 0, 16, 0, 14, 0)
s = 90: (0, 0, 8, 0, 14, 18, 0, 0, 18, 0, 15, 0)
s = 91: (0, 0, 9, 0, 19, 38, 0, 0, 23, 0, 12, 0)
s = 92: (0, 0, 10, 0, 12, 28, 0, 0, 14, 0, 14, 0)
s = 93: (0, 0, 13, 0, 15, 47, 0, 0, 22, 0, 17, 0)
s = 94: (0, 0, 11, 0, 22, 35, 0, 0, 18, 0, 9, 0)
s = 95: (0, 0, 9, 0, 13, 39, 0, 0, 21, 0, 11, 0)
s = 96: (0, 0, 5, 0, 13, 35, 0, 0, 27, 0, 24, 0)
s = 97: (0, 0, 8, 0, 22, 20, 0, 0, 32, 0, 9, 0)
s = 98: (0, 0, 6, 0, 17, 24, 0, 0, 15, 0, 22, 0)
s = 99: (0, 0, 9, 0, 15, 32, 0, 0, 17, 0, 19, 0)
s = 100: (0, 0, 8, 0, 21, 46, 0, 0, 26, 0, 15, 0)
s = 101: (0, 0, 9, 0, 18, 31, 0, 0, 18, 0, 11, 0)
s = 102: (0, 0, 7, 0, 13, 37, 0, 0, 31, 0, 12, 0)
s = 103: (0, 0, 12, 0, 14, 33, 0, 0, 27, 0, 11, 0)
s = 104: (0, 0, 7, 0, 19, 35, 0, 0, 16, 0, 15, 0)
s = 105: (0, 0, 11, 0, 12, 43, 0, 0, 12, 0, 13, 0)
s = 106: (0, 0, 6, 0, 11, 23, 0, 0, 15, 0, 10, 0)
s = 107: (0, 0, 8, 0, 27, 26, 0, 0, 22, 0, 10, 0)
s = 108: (0, 0, 7, 0, 12, 53, 0, 0, 18, 0, 15, 0)
s = 109: (0, 0, 8, 0, 12, 34, 0, 0, 17, 0, 13, 0)
s = 110: (0, 0, 8, 0, 17, 39, 0, 0, 14, 0, 14, 0)
s = 111: (0, 0, 9, 0, 30, 36, 0, 0, 23, 0, 15, 0)
s = 112: (0, 0, 9, 0, 14, 26, 0, 0, 15, 0, 11, 0)
s = 113: (0, 0, 10, 0, 17, 34, 0, 0, 15, 0, 9, 0)
s = 114: (0, 0, 6, 0, 14, 32, 0, 0, 19, 0, 16, 0)
s = 115: (0, 0, 9, 0, 12, 37, 0, 0, 22, 0, 15, 0)
s = 116: (0, 0, 7, 0, 10, 31, 0, 0, 30, 0, 13, 0)
s = 117: (0, 0, 7, 0, 10, 28, 0, 0, 29, 0, 13, 0)
s = 118: (0, 0, 7, 0, 11, 29, 0, 0, 14, 0, 19, 0)
s = 119: (0, 0, 9, 0, 16, 37, 0, 0, 17, 0, 14, 0)
s = 120: (0, 0, 8, 0, 21, 38, 0, 0, 19, 0, 14, 0)
s = 121: (0, 0, 7, 0, 15, 41, 0, 0, 24, 0, 20, 0)
s = 122: (0, 0, 6, 0, 21, 34, 0, 0, 14, 0, 18, 0)
s = 123: (0, 0, 5, 0, 16, 26, 0, 0, 27, 0, 15, 0)
s = 124: (0, 0, 7, 0, 21, 28, 0, 0, 17, 0, 8, 0)
s = 125: (0, 0, 7, 0, 26, 26, 0, 0, 16, 0, 18, 0)
s = 126: (0, 0, 8, 0, 16, 37, 0, 0, 14, 0, 20, 0)
s = 127: (0, 0, 9, 0, 22, 32, 0, 0, 15, 0, 12, 0)
s = 128: (0, 0, 12, 0, 11, 22, 0, 0, 24, 0, 21, 0)
s = 129: (0, 0, 7, 0, 13, 19, 0, 0, 15, 0, 9, 0)
s = 130: (0, 0, 11, 0, 12, 22, 0, 0, 16, 0, 9, 0)
s = 131: (0, 0, 7, 0, 11, 23, 0, 0, 31, 0, 13, 0)
s = 132: (0, 0, 8, 0, 17, 42, 0, 0, 19, 0, 21, 0)
s = 133: (0, 0, 8, 0, 11, 31, 0, 0, 19, 0, 18, 0)
s = 134: (0, 0, 8, 0, 14, 26, 0, 0, 28, 0, 11, 0)
s = 135: (0, 0, 5, 0, 10, 33, 0, 0, 14, 0, 13, 0)
s = 136: (0, 0, 10, 0, 13, 25, 0, 0, 24, 0, 13, 0)
s = 137: (0, 0, 8, 0, 13, 42, 0, 0, 21, 0, 17, 0)
s = 138: (0, 0, 8, 0, 20, 26, 0, 0, 25, 0, 16, 0)
s = 139: (0, 0, 8, 0, 15, 32, 0, 0, 15, 0, 18, 0)
s = 140: (0, 0, 7, 0, 14, 54, 0, 0, 19, 0, 14, 0)
s = 141: (0, 0, 9, 0, 21, 48, 0, 0, 13, 0, 10, 0)
s = 142: (0, 0, 12, 0, 21, 21, 0, 0, 30, 0, 15, 0)
s = 143: (0, 0, 10, 0, 23, 24, 0, 0, 28, 0, 17, 0)
s = 144: (0, 0, 8, 0, 13, 29, 0, 0, 15, 0, 18, 0)
s = 145: (0, 0, 8, 0, 14, 29, 0, 0, 20, 0, 12, 0)
s = 146: (0, 0, 7, 0, 9, 48, 0, 0, 11, 0, 20, 0)
s = 147: (0, 0, 10, 0, 14, 28, 0, 0, 28, 0, 13, 0)
s = 148: (0, 0, 11, 0, 25, 39, 0, 0, 16, 0, 19, 0)
s = 149: (0, 0, 9, 0, 10, 39, 0, 0, 21, 0, 10, 0)
s = 150: (0, 0, 13, 0, 14, 38, 0, 0, 17, 0, 14, 0)
s = 151: (0, 0, 5, 0, 16, 56, 0, 0, 23, 0, 14, 0)
s = 152: (0, 0, 11, 0, 13, 20, 0, 0, 15, 0, 13, 0)
s = 153: (0, 0, 9, 0, 10, 29, 0, 0, 16, 0, 22, 0)
s = 154: (0, 0, 9, 0, 24, 39, 0, 0, 19, 0, 22, 0)
s = 155: (0, 0, 10, 0, 18, 29, 0, 0, 31, 0, 18, 0)
s = 156: (0, 0, 8, 0, 12, 36, 0, 0, 19, 0, 8, 0)
s = 157: (0, 0, 7, 0, 12, 37, 0, 0, 15, 0, 12, 0)
s = 158: (0, 0, 6, 0, 17, 38, 0, 0, 25, 0, 18, 0)
s = 159: (0, 0, 11, 0, 28, 53, 0, 0, 25, 0, 14, 0)
s = 160: (0, 0, 10, 0, 15, 37, 0, 0, 31, 0, 18, 0)
s = 161: (0, 0, 11, 0, 20, 42, 0, 0, 20, 0, 20, 0)
s = 162: (0, 0, 13, 0, 23, 19, 0, 0, 14, 0, 11, 0)
s = 163: (0, 0, 7, 0, 11, 33, 0, 0, 15, 0, 16, 0)
s = 164: (0, 0, 9, 0, 15, 35, 0, 0, 17, 0, 20, 0)
s = 165: (0, 0, 12, 0, 11, 58, 0, 0, 21, 0, 15, 0)
s = 166: (0, 0, 6, 0, 16, 23, 0, 0, 21, 0, 21, 0)
s = 167: (0, 0, 6, 0, 19, 37, 0, 0, 27, 0, 12, 0)
s = 168: (0, 0, 6, 0, 12, 28, 0, 0, 28, 0, 18, 0)
s = 169: (0, 0, 9, 0, 13, 25, 0, 0, 30, 0, 11, 0)
s = 170: (0, 0, 6, 0, 16, 23, 0, 0, 17, 0, 21, 0)
s = 171: (0, 0, 11, 0, 21, 28, 0, 0, 23, 0, 17, 0)
s = 172: (0, 0, 9, 0, 22, 22, 0, 0, 20, 0, 18, 0)
s = 173: (0, 0, 13, 0, 14, 56, 0, 0, 17, 0, 15, 0)
s = 174: (0, 0, 6, 0, 16, 52, 0, 0, 12, 0, 13, 0)
s = 175: (0, 0, 8, 0, 18, 24, 0, 0, 18, 0, 15, 0)
s = 176: (0, 0, 6, 0, 15, 23, 0, 0, 12, 0, 11, 0)
s = 177: (0, 0, 8, 0, 19, 48, 0, 0, 12, 0, 22, 0)
s = 178: (0, 0, 7, 0, 12, 32, 0, 0, 14, 0, 23, 0)
s = 179: (0, 0, 10, 0, 18, 23, 0, 0, 17, 0, 10, 0)
s = 180: (0, 0, 8, 0, 12, 35, 0, 0, 19, 0, 13, 0)
s = 181: (0, 0, 11, 0, 13, 22, 0, 0, 22, 0, 10, 0)
s = 182: (0, 0, 7, 0, 20, 27, 0, 0, 22, 0, 14, 0)
s = 183: (0, 0, 8, 0, 20, 40, 0, 0, 23, 0, 9, 0)
s = 184: (0, 0, 15, 0, 13, 24, 0, 0, 20, 0, 22, 0)
s = 185: (0, 0, 10, 0, 14, 41, 0, 0, 19, 0, 15, 0)
s = 186: (0, 0, 6, 0, 11, 22, 0, 0, 21, 0, 11, 0)
s = 187: (0, 0, 15, 0, 11, 41, 0, 0, 25, 0, 10, 0)
s = 188: (0, 0, 10, 0, 22, 22, 0, 0, 26, 0, 12, 0)
s = 189: (0, 0, 8, 0, 22, 34, 0, 0, 19, 0, 16, 0)
s = 190: (0, 0, 6, 0, 10, 20, 0, 0, 20, 0, 19, 0)
s = 191: (0, 0, 10, 0, 17, 30, 0, 0, 29, 0, 13, 0)
s = 192: (0, 0, 8, 0, 12, 32, 0, 0, 20, 0, 18, 0)
s = 193: (0, 0, 9, 0, 22, 23, 0, 0, 31, 0, 15, 0)
s = 194: (0, 0, 12, 0, 21, 29, 0, 0, 20, 0, 14, 0)
s = 195: (0, 0, 8, 0, 16, 34, 0, 0, 25, 0, 17, 0)
s = 196: (0, 0, 8, 0, 16, 37, 0, 0, 12, 0, 26, 0)
s = 197: (0, 0, 10, 0, 18, 40, 0, 0, 29, 0, 9, 0)
s = 198: (0, 0, 5, 0, 14, 25, 0, 0, 23, 0, 15, 0)
s = 199: (0, 0, 11, 0, 19, 23, 0, 0, 17, 0, 21, 0)
s = 200: (0, 0, 6, 0, 23, 41, 0, 0, 39, 0, 15, 0)
------------------------------------------------------------------------
RESOURCE k = 2
s = 1: (0, 24, 0, 16, 0, 0, 36, 63, 0, 22, 0, 0)
s = 2: (0, 48, 0, 15, 0, 0, 28, 80, 0, 27, 0, 0)
s = 3: (0, 24, 0, 20, 0, 0, 27, 70, 0, 37, 0, 0)
s = 4: (0, 26, 0, 13, 0, 0, 30, 51, 0, 52, 0, 0)
s = 5: (0, 40, 0, 14, 0, 0, 27, 79, 0, 34, 0, 0)
s = 6: (0, 39, 0, 14, 0, 0, 24, 55, 0, 37, 0, 0)
s = 7: (0, 34, 0, 19, 0, 0, 19, 50, 0, 30, 0, 0)
s = 8: (0, 38, 0, 13, 0, 0, 19, 103, 0, 29, 0, 0)
s = 9: (0, 23, 0, 19, 0, 0, 19, 52, 0, 46, 0, 0)
s = 10: (0, 43, 0, 10, 0, 0, 47, 92, 0, 27, 0, 0)
s = 11: (0, 42, 0, 15, 0, 0, 31, 85, 0, 34, 0, 0)
s = 12: (0, 31, 0, 11, 0, 0, 23, 118, 0, 24, 0, 0)
s = 13: (0, 33, 0, 27, 0, 0, 21, 83, 0, 26, 0, 0)
s = 14: (0, 53, 0, 23, 0, 0, 22, 55, 0, 47, 0, 0)
s = 15: (0, 40, 0, 11, 0, 0, 40, 69, 0, 32, 0, 0)
s = 16: (0, 48, 0, 21, 0, 0, 34, 50, 0, 33, 0, 0)
s = 17: (0, 46, 0, 19, 0, 0, 44, 91, 0, 49, 0, 0)
s = 18: (0, 43, 0, 10, 0, 0, 19, 70, 0, 24, 0, 0)
s = 19: (0, 32, 0, 11, 0, 0, 29, 72, 0, 61, 0, 0)
s = 20: (0, 24, 0, 11, 0, 0, 28, 84, 0, 21, 0, 0)
s = 21: (0, 23, 0, 11, 0, 0, 25, 82, 0, 44, 0, 0)
s = 22: (0, 29, 0, 10, 0, 0, 22, 53, 0, 38, 0, 0)
s = 23: (0, 29, 0, 9, 0, 0, 27, 87, 0, 32, 0, 0)
s = 24: (0, 32, 0, 13, 0, 0, 37, 78, 0, 26, 0, 0)
s = 25: (0, 31, 0, 13, 0, 0, 18, 148, 0, 35, 0, 0)
s = 26: (0, 61, 0, 16, 0, 0, 38, 95, 0, 45, 0, 0)
s = 27: (0, 28, 0, 11, 0, 0, 31, 105, 0, 21, 0, 0)
s = 28: (0, 50, 0, 9, 0, 0, 29, 79, 0, 22, 0, 0)
s = 29: (0, 39, 0, 13, 0, 0, 27, 78, 0, 47, 0, 0)
s = 30: (0, 29, 0, 10, 0, 0, 33, 106, 0, 31, 0, 0)
s = 31: (0, 34, 0, 18, 0, 0, 29, 57, 0, 39, 0, 0)
s = 32: (0, 24, 0, 15, 0, 0, 28, 55, 0, 26, 0, 0)
s = 33: (0, 42, 0, 21, 0, 0, 18, 98, 0, 25, 0, 0)
s = 34: (0, 34, 0, 14, 0, 0, 29, 48, 0, 37, 0, 0)
s = 35: (0, 25, 0, 15, 0, 0, 35, 83, 0, 34, 0, 0)
s = 36: (0, 21, 0, 12, 0, 0, 33, 89, 0, 20, 0, 0)
s = 37: (0, 36, 0, 18, 0, 0, 22, 60, 0, 28, 0, 0)
s = 38: (0, 28, 0, 18, 0, 0, 27, 87, 0, 27, 0, 0)
s = 39: (0, 28, 0, 14, 0, 0, 17, 75, 0, 31, 0, 0)
s = 40: (0, 33, 0, 10, 0, 0, 28, 66, 0, 39, 0, 0)
s = 41: (0, 26, 0, 16, 0, 0, 51, 59, 0, 47, 0, 0)
s = 42: (0, 40, 0, 10, 0, 0, 34, 96, 0, 38, 0, 0)
s = 43: (0, 42, 0, 13, 0, 0, 24, 53, 0, 43, 0, 0)
s = 44: (0, 27, 0, 11, 0, 0, 23, 97, 0, 23, 0, 0)
s = 45: (0, 54, 0, 16, 0, 0, 41, 81, 0, 43, 0, 0)
s = 46: (0, 32, 0, 13, 0, 0, 20, 76, 0, 23, 0, 0)
s = 47: (0, 29, 0, 15, 0, 0, 34, 66, 0, 36, 0, 0)
s = 48: (0, 30, 0, 13, 0, 0, 38, 88, 0, 32, 0, 0)
s = 49: (0, 48, 0, 15, 0, 0, 38, 51, 0, 34, 0, 0)
s = 50: (0, 51, 0, 20, 0, 0, 26, 101, 0, 36, 0, 0)
s = 51: (0, 22, 0, 17, 0, 0, 25, 80, 0, 21, 0, 0)
s = 52: (0, 63, 0, 16, 0, 0, 22, 83, 0, 39, 0, 0)
s = 53: (0, 23, 0, 11, 0, 0, 52, 79, 0, 41, 0, 0)
s = 54: (0, 38, 0, 20, 0, 0, 41, 49, 0, 43, 0, 0)
s = 55: (0, 44, 0, 21, 0, 0, 31, 95, 0, 27, 0, 0)
s = 56: (0, 31, 0, 16, 0, 0, 33, 71, 0, 38, 0, 0)
s = 57: (0, 33, 0, 19, 0, 0, 31, 121, 0, 30, 0, 0)
s = 58: (0, 28, 0, 18, 0, 0, 33, 64, 0, 34, 0, 0)
s = 59: (0, 31, 0, 14, 0, 0, 27, 102, 0, 29, 0, 0)
s = 60: (0, 28, 0, 20, 0, 0, 25, 86, 0, 46, 0, 0)
s = 61: (0, 54, 0, 14, 0, 0, 27, 64, 0, 34, 0, 0)
s = 62: (0, 34, 0, 14, 0, 0, 20, 90, 0, 30, 0, 0)
s = 63: (0, 32, 0, 15, 0, 0, 25, 130, 0, 38, 0, 0)
s = 64: (0, 24, 0, 14, 0, 0, 24, 79, 0, 37, 0, 0)
s = 65: (0, 51, 0, 11, 0, 0, 21, 107, 0, 31, 0, 0)
s = 66: (0, 55, 0, 17, 0, 0, 24, 109, 0, 44, 0, 0)
s = 67: (0, 34, 0, 15, 0, 0, 26, 104, 0, 28, 0, 0)
s = 68: (0, 27, 0, 13, 0, 0, 38, 69, 0, 38, 0, 0)
s = 69: (0, 40, 0, 11, 0, 0, 58, 106, 0, 32, 0, 0)
s = 70: (0, 33, 0, 11, 0, 0, 20, 65, 0, 30, 0, 0)
s = 71: (0, 40, 0, 10, 0, 0, 27, 86, 0, 26, 0, 0)
s = 72: (0, 43, 0, 13, 0, 0, 42, 64, 0, 33, 0, 0)
s = 73: (0, 22, 0, 12, 0, 0, 24, 91, 0, 39, 0, 0)
s = 74: (0, 46, 0, 17, 0, 0, 21, 66, 0, 30, 0, 0)
s = 75: (0, 22, 0, 13, 0, 0, 31, 115, 0, 34, 0, 0)
s = 76: (0, 24, 0, 12, 0, 0, 42, 87, 0, 42, 0, 0)
s = 77: (0, 22, 0, 14, 0, 0, 25, 102, 0, 33, 0, 0)
s = 78: (0, 31, 0, 12, 0, 0, 36, 106, 0, 33, 0, 0)
s = 79: (0, 59, 0, 10, 0, 0, 20, 79, 0, 58, 0, 0)
s = 80: (0, 49, 0, 12, 0, 0, 22, 79, 0, 24, 0, 0)
s = 81: (0, 25, 0, 14, 0, 0, 33, 77, 0, 31, 0, 0)
s = 82: (0, 43, 0, 13, 0, 0, 36, 74, 0, 34, 0, 0)
s = 83: (0, 27, 0, 14, 0, 0, 28, 45, 0, 27, 0, 0)
s = 84: (0, 47, 0, 19, 0, 0, 23, 90, 0, 23, 0, 0)
s = 85: (0, 24, 0, 13, 0, 0, 15, 66, 0, 32, 0, 0)
s = 86: (0, 30, 0, 19, 0, 0, 23, 78, 0, 36, 0, 0)
s = 87: (0, 45, 0, 12, 0, 0, 17, 51, 0, 44, 0, 0)
s = 88: (0, 34, 0, 18, 0, 0, 41, 83, 0, 34, 0, 0)
s = 89: (0, 34, 0, 18, 0, 0, 22, 86, 0, 23, 0, 0)
s = 90: (0, 56, 0, 11, 0, 0, 33, 108, 0, 40, 0, 0)
s = 91: (0, 27, 0, 11, 0, 0, 23, 55, 0, 48, 0, 0)
s = 92: (0, 42, 0, 15, 0, 0, 28, 57, 0, 38, 0, 0)
s = 93: (0, 38, 0, 16, 0, 0, 21, 52, 0, 42, 0, 0)
s = 94: (0, 28, 0, 23, 0, 0, 34, 63, 0, 38, 0, 0)
s = 95: (0, 30, 0, 8, 0, 0, 36, 70, 0, 23, 0, 0)
s = 96: (0, 28, 0, 10, 0, 0, 26, 61, 0, 43, 0, 0)
s = 97: (0, 55, 0, 18, 0, 0, 29, 78, 0, 29, 0, 0)
s = 98: (0, 47, 0, 23, 0, 0, 22, 68, 0, 30, 0, 0)
s = 99: (0, 32, 0, 10, 0, 0, 39, 45, 0, 22, 0, 0)
s = 100: (0, 37, 0, 11, 0, 0, 25, 49, 0, 32, 0, 0)
s = 101: (0, 36, 0, 15, 0, 0, 24, 106, 0, 62, 0, 0)
s = 102: (0, 63, 0, 10, 0, 0, 31, 59, 0, 29, 0, 0)
s = 103: (0, 22, 0, 22, 0, 0, 43, 51, 0, 28, 0, 0)
s = 104: (0, 53, 0, 13, 0, 0, 20, 83, 0, 20, 0, 0)
s = 105: (0, 54, 0, 22, 0, 0, 34, 50, 0, 31, 0, 0)
s = 106: (0, 34, 0, 10, 0, 0, 24, 47, 0, 34, 0, 0)
s = 107: (0, 38, 0, 16, 0, 0, 31, 93, 0, 36, 0, 0)
s = 108: (0, 40, 0, 11, 0, 0, 28, 118, 0, 27, 0, 0)
s = 109: (0, 24, 0, 15, 0, 0, 32, 64, 0, 28, 0, 0)
s = 110: (0, 24, 0, 12, 0, 0, 36, 46, 0, 37, 0, 0)
s = 111: (0, 59, 0, 18, 0, 0, 31, 97, 0, 39, 0, 0)
s = 112: (0, 28, 0, 21, 0, 0, 16, 79, 0, 29, 0, 0)
s = 113: (0, 24, 0, 16, 0, 0, 37, 108, 0, 23, 0, 0)
s = 114: (0, 31, 0, 16, 0, 0, 29, 91, 0, 50, 0, 0)
s = 115: (0, 37, 0, 10, 0, 0, 40, 78, 0, 34, 0, 0)
s = 116: (0, 42, 0, 16, 0, 0, 16, 44, 0, 20, 0, 0)
s = 117: (0, 51, 0, 14, 0, 0, 28, 59, 0, 45, 0, 0)
s = 118: (0, 49, 0, 22, 0, 0, 28, 119, 0, 32, 0, 0)
s = 119: (0, 39, 0, 21, 0, 0, 21, 72, 0, 34, 0, 0)
s = 120: (0, 37, 0, 10, 0, 0, 26, 76, 0, 36, 0, 0)
s = 121: (0, 37, 0, 18, 0, 0, 24, 66, 0, 37, 0, 0)
s = 122: (0, 42, 0, 12, 0, 0, 29, 83, 0, 24, 0, 0)
s = 123: (0, 47, 0, 11, 0, 0, 28, 65, 0, 36, 0, 0)
s = 124: (0, 24, 0, 20, 0, 0, 22, 61, 0, 31, 0, 0)
s = 125: (0, 49, 0, 19, 0, 0, 38, 60, 0, 37, 0, 0)
s = 126: (0, 47, 0, 15, 0, 0, 23, 58, 0, 32, 0, 0)
s = 127: (0, 47, 0, 17, 0, 0, 37, 96, 0, 46, 0, 0)
s = 128: (0, 36, 0, 13, 0, 0, 41, 95, 0, 27, 0, 0)
s = 129: (0, 41, 0, 20, 0, 0, 21, 76, 0, 48, 0, 0)
s = 130: (0, 41, 0, 17, 0, 0, 24, 65, 0, 47, 0, 0)
s = 131: (0, 27, 0, 16, 0, 0, 24, 92, 0, 33, 0, 0)
s = 132: (0, 28, 0, 10, 0, 0, 23, 85, 0, 37, 0, 0)
s = 133: (0, 30, 0, 20, 0, 0, 22, 108, 0, 33, 0, 0)
s = 134: (0, 41, 0, 19, 0, 0, 28, 62, 0, 60, 0, 0)
s = 135: (0, 34, 0, 15, 0, 0, 38, 81, 0, 28, 0, 0)
s = 136: (0, 45, 0, 8, 0, 0, 25, 86, 0, 38, 0, 0)
s = 137: (0, 51, 0, 14, 0, 0, 35, 46, 0, 24, 0, 0)
s = 138: (0, 46, 0, 17, 0, 0, 34, 108, 0, 42, 0, 0)
s = 139: (0, 25, 0, 11, 0, 0, 28, 76, 0, 26, 0, 0)
s = 140: (0, 23, 0, 16, 0, 0, 16, 61, 0, 26, 0, 0)
s = 141: (0, 56, 0, 13, 0, 0, 20, 61, 0, 39, 0, 0)
s = 142: (0, 24, 0, 11, 0, 0, 19, 54, 0, 27, 0, 0)
s = 143: (0, 35, 0, 18, 0, 0, 35, 71, 0, 34, 0, 0)
s = 144: (0, 25, 0, 8, 0, 0, 36, 94, 0, 32, 0, 0)
s = 145: (0, 30, 0, 14, 0, 0, 20, 98, 0, 27, 0, 0)
s = 146: (0, 22, 0, 9, 0, 0, 20, 102, 0, 42, 0, 0)
s = 147: (0, 32, 0, 11, 0, 0, 16, 120, 0, 40, 0, 0)
s = 148: (0, 38, 0, 10, 0, 0, 27, 102, 0, 27, 0, 0)
s = 149: (0, 23, 0, 15, 0, 0, 39, 104, 0, 45, 0, 0)
s = 150: (0, 29, 0, 16, 0, 0, 23, 105, 0, 40, 0, 0)
s = 151: (0, 31, 0, 16, 0, 0, 44, 112, 0, 45, 0, 0)
s = 152: (0, 32, 0, 17, 0, 0, 40, 76, 0, 19, 0, 0)
s = 153: (0, 27, 0, 15, 0, 0, 17, 66, 0, 33, 0, 0)
s = 154: (0, 53, 0, 16, 0, 0, 29, 45, 0, 31, 0, 0)
s = 155: (0, 26, 0, 11, 0, 0, 24, 52, 0, 41, 0, 0)
s = 156: (0, 31, 0, 10, 0, 0, 22, 73, 0, 42, 0, 0)
s = 157: (0, 35, 0, 11, 0, 0, 18, 54, 0, 27, 0, 0)
s = 158: (0, 33, 0, 16, 0, 0, 35, 55, 0, 22, 0, 0)
s = 159: (0, 49, 0, 23, 0, 0, 34, 51, 0, 33, 0, 0)
s = 160: (0, 33, 0, 12, 0, 0, 31, 99, 0, 28, 0, 0)
s = 161: (0, 31, 0, 10, 0, 0, 18, 102, 0, 37, 0, 0)
s = 162: (0, 28, 0, 16, 0, 0, 44, 82, 0, 47, 0, 0)
s = 163: (0, 49, 0, 11, 0, 0, 22, 88, 0, 25, 0, 0)
s = 164: (0, 56, 0, 12, 0, 0, 23, 67, 0, 36, 0, 0)
s = 165: (0, 40, 0, 20, 0, 0, 17, 107, 0, 34, 0, 0)
s = 166: (0, 34, 0, 9, 0, 0, 21, 78, 0, 54, 0, 0)
s = 167: (0, 34, 0, 19, 0, 0, 25, 54, 0, 30, 0, 0)
s = 168: (0, 31, 0, 15, 0, 0, 24, 86, 0, 35, 0, 0)
s = 169: (0, 35, 0, 9, 0, 0, 26, 124, 0, 36, 0, 0)
s = 170: (0, 49, 0, 9, 0, 0, 36, 86, 0, 41, 0, 0)
s = 171: (0, 32, 0, 21, 0, 0, 20, 70, 0, 40, 0, 0)
s = 172: (0, 32, 0, 13, 0, 0, 27, 96, 0, 27, 0, 0)
s = 173: (0, 33, 0, 23, 0, 0, 20, 105, 0, 25, 0, 0)
s = 174: (0, 30, 0, 16, 0, 0, 29, 106, 0, 28, 0, 0)
s = 175: (0, 27, 0, 19, 0, 0, 25, 70, 0, 30, 0, 0)
s = 176: (0, 30, 0, 15, 0, 0, 29, 112, 0, 34, 0, 0)
s = 177: (0, 51, 0, 15, 0, 0, 32, 134, 0, 46, 0, 0)
s = 178: (0, 42, 0, 17, 0, 0, 25, 78, 0, 31, 0, 0)
s = 179: (0, 46, 0, 13, 0, 0, 28, 56, 0, 30, 0, 0)
s = 180: (0, 29, 0, 17, 0, 0, 23, 90, 0, 25, 0, 0)
s = 181: (0, 27, 0, 13, 0, 0, 30, 104, 0, 34, 0, 0)
s = 182: (0, 36, 0, 19, 0, 0, 38, 96, 0, 28, 0, 0)
s = 183: (0, 42, 0, 9, 0, 0, 23, 86, 0, 50, 0, 0)
s = 184: (0, 31, 0, 17, 0, 0, 23, 123, 0, 31, 0, 0)
s = 185: (0, 48, 0, 18, 0, 0, 24, 50, 0, 32, 0, 0)
s = 186: (0, 46, 0, 25, 0, 0, 36, 56, 0, 37, 0, 0)
s = 187: (0, 29, 0, 10, 0, 0, 36, 96, 0, 44, 0, 0)
s = 188: (0, 31, 0, 14, 0, 0, 27, 66, 0, 49, 0, 0)
s = 189: (0, 33, 0, 14, 0, 0, 31, 71, 0, 33, 0, 0)
s = 190: (0, 26, 0, 21, 0, 0, 47, 121, 0, 30, 0, 0)
s = 191: (0, 44, 0, 12, 0, 0, 28, 114, 0, 28, 0, 0)
s = 192: (0, 32, 0, 8, 0, 0, 18, 87, 0, 44, 0, 0)
s = 193: (0, 37, 0, 18, 0, 0, 34, 74, 0, 34, 0, 0)
s = 194: (0, 26, 0, 15, 0, 0, 36, 117, 0, 24, 0, 0)
s = 195: (0, 57, 0, 21, 0, 0, 33, 83, 0, 29, 0, 0)
s = 196: (0, 35, 0, 18, 0, 0, 19, 122, 0, 40, 0, 0)
s = 197: (0, 30, 0, 11, 0, 0, 26, 88, 0, 59, 0, 0)
s = 198: (0, 30, 0, 21, 0, 0, 25, 60, 0, 33, 0, 0)
s = 199: (0, 34, 0, 15, 0, 0, 33, 82, 0, 32, 0, 0)
s = 200: (0, 28, 0, 20, 0, 0, 31, 101, 0, 39, 0, 0)
------------------------------------------------------------------------
RESOURCE k = 3
s = 1: (0, 28, 3, 24, 31, 38, 46, 63, 18, 31, 15, 0)
s = 2: (0, 56, 5, 23, 48, 26, 36, 80, 11, 38, 11, 0)
s = 3: (0, 28, 4, 30, 43, 34, 35, 70, 26, 52, 22, 0)
s = 4: (0, 31, 6, 19, 41, 38, 39, 51, 14, 74, 16, 0)
s = 5: (0, 46, 5, 20, 60, 36, 34, 79, 19, 48, 35, 0)
s = 6: (0, 45, 4, 20, 62, 27, 31, 55, 23, 52, 37, 0)
s = 7: (0, 40, 3, 29, 33, 34, 24, 50, 13, 43, 15, 0)
s = 8: (0, 44, 4, 19, 33, 28, 24, 103, 15, 41, 18, 0)
s = 9: (0, 27, 4, 28, 62, 36, 24, 52, 17, 66, 20, 0)
s = 10: (0, 50, 4, 14, 32, 37, 61, 92, 16, 38, 21, 0)
s = 11: (0, 49, 4, 22, 49, 50, 40, 85, 30, 49, 21, 0)
s = 12: (0, 36, 7, 16, 64, 49, 29, 118, 20, 34, 28, 0)
s = 13: (0, 38, 7, 40, 34, 41, 27, 83, 14, 36, 26, 0)
s = 14: (0, 62, 4, 34, 54, 42, 28, 55, 22, 67, 19, 0)
s = 15: (0, 47, 3, 16, 76, 30, 51, 69, 16, 46, 24, 0)
s = 16: (0, 56, 5, 32, 40, 37, 44, 50, 24, 47, 21, 0)
s = 17: (0, 54, 7, 29, 46, 22, 57, 91, 11, 70, 20, 0)
s = 18: (0, 51, 4, 14, 53, 36, 24, 70, 18, 35, 34, 0)
s = 19: (0, 38, 5, 16, 60, 44, 38, 72, 22, 86, 15, 0)
s = 20: (0, 28, 8, 16, 54, 42, 35, 84, 20, 30, 30, 0)
s = 21: (0, 27, 4, 17, 39, 45, 31, 82, 9, 63, 21, 0)
s = 22: (0, 34, 4, 14, 52, 22, 28, 53, 16, 53, 26, 0)
s = 23: (0, 34, 5, 14, 60, 38, 34, 87, 26, 45, 17, 0)
s = 24: (0, 37, 7, 20, 38, 45, 47, 78, 15, 37, 23, 0)
s = 25: (0, 36, 3, 19, 52, 48, 24, 148, 16, 49, 14, 0)
s = 26: (0, 71, 4, 24, 66, 49, 48, 95, 10, 64, 20, 0)
s = 27: (0, 32, 4, 17, 51, 38, 40, 105, 20, 30, 22, 0)
s = 28: (0, 58, 5, 13, 65, 25, 37, 79, 18, 31, 17, 0)
s = 29: (0, 45, 7, 19, 43, 25, 35, 78, 13, 67, 24, 0)
s = 30: (0, 34, 5, 14, 46, 36, 42, 106, 13, 44, 13, 0)
s = 31: (0, 40, 4, 27, 34, 51, 37, 57, 10, 56, 15, 0)
s = 32: (0, 28, 4, 22, 53, 39, 36, 55, 13, 37, 17, 0)
s = 33: (0, 49, 3, 31, 33, 32, 23, 98, 13, 36, 19, 0)
s = 34: (0, 40, 3, 20, 56, 28, 37, 48, 13, 52, 27, 0)
s = 35: (0, 29, 4, 23, 39, 31, 45, 83, 18, 48, 21, 0)
s = 36: (0, 25, 6, 18, 58, 24, 43, 89, 14, 28, 24, 0)
s = 37: (0, 42, 4, 27, 51, 50, 28, 60, 12, 39, 21, 0)
s = 38: (0, 32, 6, 27, 34, 21, 35, 87, 26, 38, 24, 0)
s = 39: (0, 33, 3, 21, 59, 24, 22, 75, 13, 45, 19, 0)
s = 40: (0, 39, 4, 14, 53, 49, 36, 66, 22, 55, 24, 0)
s = 41: (0, 30, 5, 24, 82, 41, 65, 59, 15, 67, 26, 0)
s = 42: (0, 47, 4, 15, 49, 33, 44, 96, 15, 54, 22, 0)
s = 43: (0, 49, 5, 20, 31, 38, 31, 53, 20, 61, 26, 0)
s = 44: (0, 32, 5, 16, 51, 51, 29, 97, 20, 32, 20, 0)
s = 45: (0, 63, 5, 24, 57, 36, 53, 81, 13, 61, 22, 0)
s = 46: (0, 37, 6, 19, 64, 51, 25, 76, 28, 32, 18, 0)
s = 47: (0, 34, 5, 22, 57, 33, 43, 66, 23, 51, 26, 0)
s = 48: (0, 35, 3, 19, 49, 34, 49, 88, 12, 46, 21, 0)
s = 49: (0, 56, 4, 22, 43, 37, 48, 51, 18, 49, 15, 0)
s = 50: (0, 59, 3, 30, 49, 48, 33, 101, 17, 51, 17, 0)
s = 51: (0, 26, 4, 25, 58, 23, 32, 80, 19, 30, 22, 0)
s = 52: (0, 74, 4, 23, 44, 36, 28, 83, 18, 55, 19, 0)
s = 53: (0, 27, 4, 16, 50, 34, 67, 79, 21, 59, 22, 0)
s = 54: (0, 44, 4, 30, 27, 39, 53, 49, 22, 61, 25, 0)
s = 55: (0, 51, 5, 31, 27, 59, 40, 95, 20, 38, 34, 0)
s = 56: (0, 36, 3, 23, 34, 32, 43, 71, 21, 53, 12, 0)
s = 57: (0, 39, 4, 28, 68, 34, 39, 121, 22, 42, 24, 0)
s = 58: (0, 32, 6, 27, 71, 39, 42, 64, 15, 48, 24, 0)
s = 59: (0, 36, 6, 20, 47, 41, 34, 102, 15, 42, 17, 0)
s = 60: (0, 32, 6, 29, 43, 40, 31, 86, 19, 66, 22, 0)
s = 61: (0, 63, 4, 20, 41, 39, 35, 64, 12, 48, 15, 0)
s = 62: (0, 40, 4, 20, 57, 24, 25, 90, 12, 43, 18, 0)
s = 63: (0, 38, 4, 22, 44, 26, 33, 130, 31, 54, 29, 0)
s = 64: (0, 28, 4, 21, 58, 27, 31, 79, 12, 53, 19, 0)
s = 65: (0, 59, 3, 16, 49, 29, 27, 107, 12, 43, 23, 0)
s = 66: (0, 64, 4, 25, 54, 25, 31, 109, 10, 63, 17, 0)
s = 67: (0, 39, 4, 22, 46, 25, 33, 104, 13, 40, 26, 0)
s = 68: (0, 31, 4, 19, 75, 38, 48, 69, 13, 53, 18, 0)
s = 69: (0, 47, 4, 16, 30, 31, 74, 106, 12, 46, 15, 0)
s = 70: (0, 39, 5, 16, 33, 29, 26, 65, 17, 43, 18, 0)
s = 71: (0, 47, 4, 15, 53, 38, 35, 86, 16, 37, 30, 0)
s = 72: (0, 51, 4, 19, 58, 27, 54, 64, 25, 46, 23, 0)
s = 73: (0, 25, 5, 18, 40, 46, 31, 91, 12, 56, 17, 0)
s = 74: (0, 54, 3, 25, 49, 35, 27, 66, 10, 42, 18, 0)
s = 75: (0, 25, 6, 19, 66, 50, 40, 115, 23, 48, 29, 0)
s = 76: (0, 28, 3, 18, 57, 22, 54, 87, 15, 60, 27, 0)
s = 77: (0, 26, 6, 20, 31, 50, 32, 102, 19, 47, 36, 0)
s = 78: (0, 36, 4, 17, 44, 46, 46, 106, 13, 47, 33, 0)
s = 79: (0, 69, 5, 14, 68, 27, 26, 79, 14, 82, 12, 0)
s = 80: (0, 57, 4, 18, 62, 46, 28, 79, 18, 35, 19, 0)
s = 81: (0, 29, 7, 20, 41, 29, 42, 77, 20, 43, 12, 0)
s = 82: (0, 50, 4, 20, 46, 30, 46, 74, 25, 49, 15, 0)
s = 83: (0, 31, 5, 21, 72, 24, 36, 45, 14, 38, 29, 0)
s = 84: (0, 55, 7, 28, 47, 29, 29, 90, 31, 32, 23, 0)
s = 85: (0, 27, 4, 19, 44, 43, 20, 66, 20, 46, 13, 0)
s = 86: (0, 35, 6, 29, 42, 34, 30, 78, 20, 51, 24, 0)
s = 87: (0, 53, 4, 18, 35, 43, 21, 51, 15, 62, 18, 0)
s = 88: (0, 39, 6, 27, 47, 46, 53, 83, 12, 49, 22, 0)
s = 89: (0, 40, 3, 26, 53, 28, 28, 86, 13, 33, 19, 0)
s = 90: (0, 65, 4, 16, 47, 21, 42, 108, 15, 57, 21, 0)
s = 91: (0, 32, 5, 17, 62, 43, 29, 55, 19, 69, 16, 0)
s = 92: (0, 49, 5, 22, 38, 31, 36, 57, 11, 54, 20, 0)
s = 93: (0, 45, 7, 24, 48, 53, 27, 52, 18, 59, 24, 0)
s = 94: (0, 33, 6, 34, 74, 39, 44, 63, 14, 55, 13, 0)
s = 95: (0, 35, 5, 12, 43, 43, 47, 70, 17, 32, 15, 0)
s = 96: (0, 33, 3, 15, 42, 40, 34, 61, 22, 62, 34, 0)
s = 97: (0, 64, 4, 27, 71, 22, 37, 78, 26, 41, 12, 0)
s = 98: (0, 55, 3, 35, 57, 27, 28, 68, 12, 43, 31, 0)
s = 99: (0, 37, 5, 15, 47, 36, 50, 45, 14, 31, 27, 0)
s = 100: (0, 43, 4, 17, 68, 52, 32, 49, 21, 46, 21, 0)
s = 101: (0, 42, 5, 22, 59, 34, 31, 106, 15, 88, 15, 0)
s = 102: (0, 74, 4, 14, 44, 41, 39, 59, 25, 41, 16, 0)
s = 103: (0, 26, 6, 32, 47, 38, 55, 51, 22, 39, 16, 0)
s = 104: (0, 62, 4, 19, 62, 40, 25, 83, 13, 28, 21, 0)
s = 105: (0, 63, 6, 32, 37, 48, 44, 50, 10, 44, 19, 0)
s = 106: (0, 39, 3, 14, 36, 26, 31, 47, 12, 49, 14, 0)
s = 107: (0, 45, 4, 23, 88, 29, 39, 93, 18, 51, 14, 0)
s = 108: (0, 46, 4, 17, 39, 59, 36, 118, 14, 38, 21, 0)
s = 109: (0, 28, 4, 23, 40, 38, 41, 64, 14, 40, 19, 0)
s = 110: (0, 27, 4, 18, 55, 44, 47, 46, 11, 53, 20, 0)
s = 111: (0, 69, 5, 26, 100, 40, 40, 97, 18, 56, 20, 0)
s = 112: (0, 33, 5, 31, 45, 29, 20, 79, 12, 41, 15, 0)
s = 113: (0, 28, 5, 24, 56, 38, 48, 108, 12, 32, 13, 0)
s = 114: (0, 36, 3, 24, 46, 36, 37, 91, 15, 71, 22, 0)
s = 115: (0, 43, 5, 14, 39, 41, 51, 78, 18, 48, 21, 0)
s = 116: (0, 49, 4, 24, 34, 34, 21, 44, 24, 29, 18, 0)
s = 117: (0, 59, 4, 20, 31, 31, 36, 59, 24, 64, 18, 0)
s = 118: (0, 57, 4, 33, 35, 33, 36, 119, 11, 46, 26, 0)
s = 119: (0, 46, 5, 31, 53, 42, 27, 72, 14, 49, 20, 0)
s = 120: (0, 43, 4, 15, 68, 43, 33, 76, 15, 51, 20, 0)
s = 121: (0, 43, 4, 27, 48, 46, 31, 66, 19, 52, 28, 0)
s = 122: (0, 49, 3, 17, 69, 38, 37, 83, 11, 34, 24, 0)
s = 123: (0, 55, 3, 16, 51, 29, 36, 65, 22, 51, 21, 0)
s = 124: (0, 28, 4, 29, 68, 32, 28, 61, 14, 44, 12, 0)
s = 125: (0, 57, 4, 28, 85, 29, 48, 60, 13, 52, 25, 0)
s = 126: (0, 55, 4, 22, 54, 41, 30, 58, 11, 45, 27, 0)
s = 127: (0, 55, 5, 25, 72, 36, 47, 96, 12, 66, 17, 0)
s = 128: (0, 42, 6, 19, 37, 24, 53, 95, 20, 38, 29, 0)
s = 129: (0, 47, 4, 29, 41, 21, 27, 76, 12, 68, 12, 0)
s = 130: (0, 48, 6, 25, 39, 25, 31, 65, 13, 67, 13, 0)
s = 131: (0, 31, 4, 24, 36, 26, 30, 92, 25, 47, 18, 0)
s = 132: (0, 32, 4, 14, 55, 47, 30, 85, 16, 53, 29, 0)
s = 133: (0, 35, 4, 29, 36, 35, 28, 108, 15, 47, 25, 0)
s = 134: (0, 48, 4, 28, 45, 30, 36, 62, 22, 85, 15, 0)
s = 135: (0, 40, 3, 22, 31, 37, 49, 81, 11, 40, 17, 0)
s = 136: (0, 53, 5, 12, 42, 29, 32, 86, 20, 54, 18, 0)
s = 137: (0, 60, 4, 21, 43, 48, 45, 46, 17, 34, 23, 0)
s = 138: (0, 54, 4, 25, 64, 29, 44, 108, 20, 59, 22, 0)
s = 139: (0, 29, 4, 17, 50, 36, 35, 76, 12, 37, 25, 0)
s = 140: (0, 26, 4, 24, 45, 61, 21, 61, 15, 36, 19, 0)
s = 141: (0, 66, 5, 19, 70, 54, 26, 61, 11, 56, 14, 0)
s = 142: (0, 28, 6, 16, 68, 24, 24, 54, 24, 38, 21, 0)
s = 143: (0, 40, 5, 27, 75, 27, 44, 71, 22, 48, 24, 0)
s = 144: (0, 29, 4, 12, 42, 33, 46, 94, 12, 46, 26, 0)
s = 145: (0, 35, 4, 21, 45, 32, 25, 98, 16, 38, 17, 0)
s = 146: (0, 26, 4, 13, 29, 54, 25, 102, 9, 60, 28, 0)
s = 147: (0, 37, 5, 17, 46, 32, 20, 120, 22, 57, 18, 0)
s = 148: (0, 44, 6, 15, 81, 43, 34, 102, 13, 38, 26, 0)
s = 149: (0, 26, 5, 23, 34, 44, 50, 104, 17, 64, 14, 0)
s = 150: (0, 33, 7, 23, 46, 42, 30, 105, 14, 56, 19, 0)
s = 151: (0, 36, 3, 24, 51, 63, 56, 112, 18, 63, 19, 0)
s = 152: (0, 37, 6, 25, 44, 22, 51, 76, 12, 27, 19, 0)
s = 153: (0, 31, 5, 22, 32, 33, 22, 66, 13, 47, 30, 0)
s = 154: (0, 62, 5, 24, 80, 44, 37, 45, 15, 44, 30, 0)
s = 155: (0, 30, 5, 16, 60, 32, 30, 52, 25, 59, 25, 0)
s = 156: (0, 36, 4, 14, 38, 40, 28, 73, 15, 60, 12, 0)
s = 157: (0, 41, 4, 17, 38, 42, 23, 54, 12, 38, 17, 0)
s = 158: (0, 38, 3, 23, 54, 42, 45, 55, 20, 32, 26, 0)
s = 159: (0, 58, 6, 34, 93, 60, 43, 51, 20, 47, 19, 0)
s = 160: (0, 38, 5, 18, 50, 41, 39, 99, 25, 40, 25, 0)
s = 161: (0, 36, 6, 15, 64, 47, 23, 102, 16, 53, 27, 0)
s = 162: (0, 32, 7, 24, 76, 21, 56, 82, 11, 66, 15, 0)
s = 163: (0, 57, 4, 16, 35, 37, 28, 88, 12, 36, 23, 0)
s = 164: (0, 65, 5, 18, 48, 40, 30, 67, 13, 51, 28, 0)
s = 165: (0, 47, 6, 29, 36, 65, 22, 107, 17, 49, 21, 0)
s = 166: (0, 40, 3, 13, 53, 25, 26, 78, 17, 77, 29, 0)
s = 167: (0, 40, 3, 28, 63, 41, 32, 54, 21, 42, 17, 0)
s = 168: (0, 36, 3, 22, 38, 31, 31, 86, 22, 50, 25, 0)
s = 169: (0, 41, 5, 14, 42, 28, 34, 124, 24, 52, 16, 0)
s = 170: (0, 57, 3, 14, 52, 26, 46, 86, 14, 58, 30, 0)
s = 171: (0, 37, 6, 31, 68, 31, 25, 70, 18, 57, 23, 0)
s = 172: (0, 38, 5, 19, 73, 25, 35, 96, 16, 39, 25, 0)
s = 173: (0, 38, 7, 34, 44, 63, 25, 105, 14, 35, 20, 0)
s = 174: (0, 35, 3, 24, 51, 59, 37, 106, 10, 40, 18, 0)
s = 175: (0, 31, 4, 28, 57, 27, 32, 70, 14, 42, 21, 0)
s = 176: (0, 35, 3, 22, 49, 26, 38, 112, 10, 48, 15, 0)
s = 177: (0, 60, 4, 22, 63, 54, 41, 134, 10, 66, 31, 0)
s = 178: (0, 49, 4, 25, 40, 36, 32, 78, 11, 45, 32, 0)
s = 179: (0, 53, 5, 19, 60, 25, 36, 56, 14, 43, 14, 0)
s = 180: (0, 34, 4, 25, 38, 40, 30, 90, 15, 36, 18, 0)
s = 181: (0, 32, 6, 19, 42, 25, 39, 104, 18, 48, 14, 0)
s = 182: (0, 41, 4, 28, 65, 30, 49, 96, 18, 40, 20, 0)
s = 183: (0, 49, 4, 13, 64, 45, 30, 86, 19, 72, 12, 0)
s = 184: (0, 36, 8, 25, 42, 27, 30, 123, 16, 44, 30, 0)
s = 185: (0, 56, 5, 26, 45, 46, 30, 50, 16, 46, 20, 0)
s = 186: (0, 54, 3, 37, 36, 25, 46, 56, 17, 53, 15, 0)
s = 187: (0, 34, 8, 15, 36, 46, 46, 96, 20, 62, 14, 0)
s = 188: (0, 36, 5, 21, 72, 25, 35, 66, 21, 69, 17, 0)
s = 189: (0, 38, 4, 21, 74, 38, 40, 71, 16, 47, 23, 0)
s = 190: (0, 31, 3, 31, 33, 23, 60, 121, 16, 43, 26, 0)
s = 191: (0, 51, 5, 17, 55, 33, 36, 114, 24, 40, 19, 0)
s = 192: (0, 38, 4, 12, 38, 35, 23, 87, 16, 62, 25, 0)
s = 193: (0, 43, 5, 27, 71, 26, 43, 74, 25, 48, 21, 0)
s = 194: (0, 30, 6, 22, 68, 32, 46, 117, 16, 35, 20, 0)
s = 195: (0, 66, 4, 31, 52, 38, 43, 83, 20, 42, 24, 0)
s = 196: (0, 40, 4, 27, 52, 42, 24, 122, 10, 57, 36, 0)
s = 197: (0, 35, 5, 16, 58, 45, 33, 88, 23, 84, 12, 0)
s = 198: (0, 35, 3, 31, 45, 29, 32, 60, 19, 46, 20, 0)
s = 199: (0, 39, 6, 22, 61, 26, 43, 82, 13, 46, 29, 0)
s = 200: (0, 32, 3, 30, 76, 46, 39, 101, 32, 55, 20, 0)
------------------------------------------------------------------------
RESOURCE k = 4
s = 1: (0, 36, 6, 55, 16, 30, 31, 63, 35, 19, 13, 0)
s = 2: (0, 71, 9, 52, 24, 21, 24, 80, 21, 23, 10, 0)
s = 3: (0, 36, 7, 69, 22, 26, 24, 70, 52, 31, 19, 0)
s = 4: (0, 39, 10, 45, 21, 30, 26, 51, 27, 45, 14, 0)
s = 5: (0, 59, 8, 47, 30, 28, 23, 79, 37, 29, 30, 0)
s = 6: (0, 58, 7, 46, 31, 21, 21, 55, 46, 32, 32, 0)
s = 7: (0, 51, 5, 66, 17, 27, 16, 50, 26, 26, 13, 0)
s = 8: (0, 57, 7, 44, 17, 22, 16, 103, 30, 25, 16, 0)
s = 9: (0, 34, 7, 65, 31, 28, 16, 52, 34, 40, 17, 0)
s = 10: (0, 64, 7, 33, 16, 29, 41, 92, 31, 23, 18, 0)
s = 11: (0, 63, 6, 51, 25, 39, 27, 85, 59, 30, 18, 0)
s = 12: (0, 46, 11, 38, 32, 38, 20, 118, 39, 21, 24, 0)
s = 13: (0, 49, 11, 93, 17, 32, 18, 83, 28, 22, 23, 0)
s = 14: (0, 79, 7, 79, 27, 33, 19, 55, 43, 40, 16, 0)
s = 15: (0, 60, 5, 38, 38, 23, 34, 69, 31, 28, 21, 0)
s = 16: (0, 72, 8, 73, 20, 29, 29, 50, 47, 28, 18, 0)
s = 17: (0, 69, 12, 66, 23, 18, 38, 91, 21, 42, 17, 0)
s = 18: (0, 65, 7, 32, 27, 28, 16, 70, 36, 21, 29, 0)
s = 19: (0, 48, 8, 37, 30, 34, 25, 72, 44, 52, 13, 0)
s = 20: (0, 35, 13, 37, 27, 33, 24, 84, 40, 18, 26, 0)
s = 21: (0, 34, 7, 39, 20, 35, 21, 82, 17, 38, 18, 0)
s = 22: (0, 44, 6, 33, 26, 17, 19, 53, 31, 32, 22, 0)
s = 23: (0, 44, 9, 31, 30, 29, 23, 87, 51, 27, 15, 0)
s = 24: (0, 47, 11, 46, 19, 35, 31, 78, 29, 22, 20, 0)
s = 25: (0, 46, 5, 44, 26, 37, 16, 148, 31, 30, 12, 0)
s = 26: (0, 91, 7, 56, 33, 38, 32, 95, 20, 39, 17, 0)
s = 27: (0, 41, 7, 39, 26, 29, 27, 105, 39, 18, 19, 0)
s = 28: (0, 75, 8, 29, 33, 20, 25, 79, 35, 19, 15, 0)
s = 29: (0, 58, 12, 43, 22, 19, 24, 78, 26, 40, 21, 0)
s = 30: (0, 44, 8, 33, 23, 28, 28, 106, 26, 26, 11, 0)
s = 31: (0, 51, 7, 61, 17, 40, 25, 57, 20, 34, 13, 0)
s = 32: (0, 36, 6, 51, 27, 31, 24, 55, 26, 22, 14, 0)
s = 33: (0, 62, 4, 72, 17, 25, 16, 98, 25, 22, 16, 0)
s = 34: (0, 51, 5, 47, 28, 22, 25, 48, 25, 32, 23, 0)
s = 35: (0, 38, 6, 53, 20, 25, 30, 83, 36, 29, 18, 0)
s = 36: (0, 32, 10, 42, 29, 19, 29, 89, 28, 17, 20, 0)
s = 37: (0, 54, 6, 61, 26, 39, 19, 60, 23, 24, 18, 0)
s = 38: (0, 41, 11, 63, 17, 16, 23, 87, 51, 23, 21, 0)
s = 39: (0, 42, 5, 48, 30, 19, 15, 75, 26, 27, 17, 0)
s = 40: (0, 50, 7, 33, 27, 38, 24, 66, 44, 33, 21, 0)
s = 41: (0, 38, 9, 56, 41, 32, 44, 59, 29, 40, 22, 0)
s = 42: (0, 60, 7, 34, 25, 26, 29, 96, 29, 33, 19, 0)
s = 43: (0, 63, 8, 46, 16, 30, 21, 53, 40, 37, 22, 0)
s = 44: (0, 40, 9, 36, 26, 40, 20, 97, 40, 19, 17, 0)
s = 45: (0, 81, 8, 55, 29, 28, 35, 81, 26, 37, 19, 0)
s = 46: (0, 48, 10, 44, 32, 40, 17, 76, 56, 19, 16, 0)
s = 47: (0, 44, 9, 51, 29, 26, 29, 66, 45, 31, 22, 0)
s = 48: (0, 45, 4, 45, 25, 27, 33, 88, 23, 28, 18, 0)
s = 49: (0, 72, 7, 50, 22, 29, 32, 51, 36, 29, 13, 0)
s = 50: (0, 76, 5, 70, 25, 38, 22, 101, 34, 31, 14, 0)
s = 51: (0, 33, 6, 58, 29, 18, 22, 80, 38, 18, 19, 0)
s = 52: (0, 94, 7, 53, 22, 28, 19, 83, 35, 33, 16, 0)
s = 53: (0, 34, 7, 36, 25, 27, 45, 79, 42, 36, 19, 0)
s = 54: (0, 56, 7, 69, 14, 30, 35, 49, 43, 37, 22, 0)
s = 55: (0, 66, 9, 72, 14, 46, 27, 95, 40, 23, 29, 0)
s = 56: (0, 46, 5, 54, 17, 25, 29, 71, 41, 32, 11, 0)
s = 57: (0, 50, 6, 65, 34, 26, 26, 121, 43, 26, 21, 0)
s = 58: (0, 41, 9, 61, 36, 31, 28, 64, 30, 29, 20, 0)
s = 59: (0, 46, 9, 47, 24, 32, 23, 102, 30, 25, 15, 0)
s = 60: (0, 42, 10, 68, 22, 31, 21, 86, 38, 40, 19, 0)
s = 61: (0, 81, 6, 47, 21, 30, 23, 64, 24, 29, 13, 0)
s = 62: (0, 51, 7, 46, 29, 19, 17, 90, 23, 26, 15, 0)
s = 63: (0, 48, 7, 51, 22, 20, 22, 130, 62, 33, 25, 0)
s = 64: (0, 36, 7, 49, 29, 21, 21, 79, 24, 32, 16, 0)
s = 65: (0, 76, 6, 37, 25, 22, 18, 107, 23, 26, 20, 0)
s = 66: (0, 83, 7, 57, 27, 20, 21, 109, 20, 38, 15, 0)
s = 67: (0, 50, 7, 52, 23, 19, 22, 104, 26, 24, 22, 0)
s = 68: (0, 40, 7, 43, 38, 30, 32, 69, 26, 32, 15, 0)
s = 69: (0, 60, 6, 37, 15, 25, 50, 106, 23, 28, 13, 0)
s = 70: (0, 50, 9, 37, 17, 23, 18, 65, 34, 26, 15, 0)
s = 71: (0, 60, 7, 34, 27, 30, 23, 86, 32, 22, 26, 0)
s = 72: (0, 65, 6, 43, 29, 21, 36, 64, 50, 28, 20, 0)
s = 73: (0, 33, 8, 41, 20, 36, 21, 91, 23, 34, 15, 0)
s = 74: (0, 69, 5, 57, 25, 27, 18, 66, 19, 26, 16, 0)
s = 75: (0, 32, 10, 44, 33, 39, 27, 115, 45, 29, 25, 0)
s = 76: (0, 36, 6, 40, 29, 17, 36, 87, 29, 36, 23, 0)
s = 77: (0, 33, 9, 47, 16, 39, 22, 102, 37, 28, 31, 0)
s = 78: (0, 46, 7, 39, 22, 36, 31, 106, 26, 28, 28, 0)
s = 79: (0, 89, 8, 32, 34, 21, 18, 79, 28, 49, 10, 0)
s = 80: (0, 73, 7, 41, 31, 36, 19, 79, 36, 21, 16, 0)
s = 81: (0, 37, 12, 47, 21, 23, 28, 77, 40, 26, 11, 0)
s = 82: (0, 64, 6, 45, 23, 24, 31, 74, 50, 29, 13, 0)
s = 83: (0, 40, 8, 48, 36, 19, 24, 45, 28, 23, 25, 0)
s = 84: (0, 71, 11, 65, 24, 23, 20, 90, 62, 20, 20, 0)
s = 85: (0, 35, 7, 45, 22, 34, 13, 66, 40, 28, 11, 0)
s = 86: (0, 45, 10, 66, 21, 26, 20, 78, 39, 31, 21, 0)
s = 87: (0, 67, 6, 41, 18, 34, 14, 51, 30, 37, 16, 0)
s = 88: (0, 50, 10, 63, 24, 36, 35, 83, 23, 30, 19, 0)
s = 89: (0, 51, 5, 60, 27, 22, 19, 86, 25, 20, 17, 0)
s = 90: (0, 83, 7, 37, 24, 16, 28, 108, 29, 35, 18, 0)
s = 91: (0, 41, 8, 38, 31, 34, 20, 55, 37, 41, 14, 0)
s = 92: (0, 63, 9, 51, 19, 25, 24, 57, 22, 32, 17, 0)
s = 93: (0, 57, 11, 55, 24, 41, 18, 52, 35, 36, 21, 0)
s = 94: (0, 42, 9, 78, 37, 31, 29, 63, 28, 33, 11, 0)
s = 95: (0, 45, 8, 28, 22, 34, 31, 70, 33, 19, 13, 0)
s = 96: (0, 42, 5, 34, 21, 31, 23, 61, 44, 37, 29, 0)
s = 97: (0, 82, 7, 63, 36, 18, 25, 78, 51, 25, 10, 0)
s = 98: (0, 71, 5, 80, 29, 21, 19, 68, 24, 26, 27, 0)
s = 99: (0, 48, 8, 34, 24, 28, 34, 45, 27, 19, 23, 0)
s = 100: (0, 56, 7, 38, 34, 40, 22, 49, 42, 28, 18, 0)
s = 101: (0, 54, 8, 51, 30, 27, 21, 106, 29, 53, 13, 0)
s = 102: (0, 95, 6, 33, 22, 32, 26, 59, 49, 25, 14, 0)
s = 103: (0, 33, 11, 74, 24, 29, 37, 51, 43, 24, 14, 0)
s = 104: (0, 80, 7, 43, 31, 31, 17, 83, 25, 17, 18, 0)
s = 105: (0, 80, 9, 74, 19, 38, 29, 50, 20, 26, 16, 0)
s = 106: (0, 50, 6, 33, 18, 20, 21, 47, 24, 29, 12, 0)
s = 107: (0, 57, 7, 54, 44, 23, 26, 93, 35, 31, 12, 0)
s = 108: (0, 59, 6, 38, 20, 46, 24, 118, 28, 23, 18, 0)
s = 109: (0, 36, 7, 53, 20, 30, 27, 64, 27, 24, 16, 0)
s = 110: (0, 35, 7, 41, 28, 35, 31, 46, 21, 32, 17, 0)
s = 111: (0, 88, 8, 61, 50, 31, 27, 97, 36, 34, 17, 0)
s = 112: (0, 42, 8, 71, 23, 23, 14, 79, 23, 25, 13, 0)
s = 113: (0, 35, 9, 56, 28, 30, 32, 108, 23, 19, 11, 0)
s = 114: (0, 46, 6, 55, 23, 28, 25, 91, 30, 43, 19, 0)
s = 115: (0, 55, 8, 32, 20, 32, 34, 78, 35, 29, 18, 0)
s = 116: (0, 63, 6, 56, 17, 27, 14, 44, 47, 17, 16, 0)
s = 117: (0, 76, 6, 46, 16, 24, 24, 59, 47, 38, 16, 0)
s = 118: (0, 73, 6, 77, 18, 25, 24, 119, 22, 28, 22, 0)
s = 119: (0, 59, 8, 71, 27, 33, 18, 72, 27, 29, 17, 0)
s = 120: (0, 55, 7, 34, 34, 33, 22, 76, 30, 31, 17, 0)
s = 121: (0, 55, 6, 63, 24, 36, 21, 66, 38, 32, 24, 0)
s = 122: (0, 62, 5, 40, 35, 30, 25, 83, 22, 21, 21, 0)
s = 123: (0, 71, 5, 36, 26, 22, 24, 65, 43, 31, 18, 0)
s = 124: (0, 35, 6, 67, 34, 25, 19, 61, 27, 27, 10, 0)
s = 125: (0, 73, 6, 65, 43, 23, 32, 60, 25, 31, 21, 0)
s = 126: (0, 70, 7, 52, 27, 32, 20, 58, 22, 27, 24, 0)
s = 127: (0, 71, 8, 59, 36, 28, 32, 96, 24, 40, 14, 0)
s = 128: (0, 54, 11, 43, 19, 19, 35, 95, 39, 23, 25, 0)
s = 129: (0, 61, 6, 67, 21, 17, 18, 76, 24, 41, 10, 0)
s = 130: (0, 62, 9, 57, 20, 19, 21, 65, 25, 40, 11, 0)
s = 131: (0, 40, 6, 55, 18, 20, 20, 92, 50, 29, 16, 0)
s = 132: (0, 41, 7, 33, 28, 37, 20, 85, 31, 32, 25, 0)
s = 133: (0, 45, 7, 68, 18, 27, 19, 108, 30, 28, 21, 0)
s = 134: (0, 61, 7, 66, 23, 23, 24, 62, 44, 51, 13, 0)
s = 135: (0, 51, 5, 51, 16, 29, 33, 81, 22, 24, 15, 0)
s = 136: (0, 68, 9, 28, 21, 22, 21, 86, 39, 33, 15, 0)
s = 137: (0, 77, 7, 49, 22, 37, 30, 46, 33, 21, 20, 0)
s = 138: (0, 69, 7, 57, 32, 22, 29, 108, 40, 36, 19, 0)
s = 139: (0, 37, 7, 39, 25, 28, 24, 76, 24, 22, 21, 0)
s = 140: (0, 34, 6, 56, 23, 48, 14, 61, 30, 22, 16, 0)
s = 141: (0, 84, 8, 44, 35, 42, 17, 61, 21, 34, 12, 0)
s = 142: (0, 35, 10, 36, 34, 19, 16, 54, 47, 23, 18, 0)
s = 143: (0, 52, 9, 63, 38, 21, 30, 71, 44, 29, 21, 0)
s = 144: (0, 37, 7, 27, 21, 26, 31, 94, 24, 28, 22, 0)
s = 145: (0, 45, 7, 47, 23, 25, 17, 98, 32, 23, 15, 0)
s = 146: (0, 33, 7, 29, 15, 42, 17, 102, 18, 36, 24, 0)
s = 147: (0, 47, 8, 38, 23, 25, 14, 120, 44, 34, 15, 0)
s = 148: (0, 57, 9, 34, 41, 34, 23, 102, 25, 23, 22, 0)
s = 149: (0, 34, 8, 52, 17, 35, 34, 104, 33, 38, 12, 0)
s = 150: (0, 43, 11, 54, 23, 33, 20, 105, 28, 34, 16, 0)
s = 151: (0, 46, 5, 54, 26, 49, 38, 112, 36, 38, 16, 0)
s = 152: (0, 47, 10, 58, 22, 17, 34, 76, 24, 17, 16, 0)
s = 153: (0, 40, 8, 52, 16, 26, 15, 66, 26, 28, 26, 0)
s = 154: (0, 80, 8, 56, 40, 34, 25, 45, 30, 27, 26, 0)
s = 155: (0, 39, 8, 36, 30, 25, 20, 52, 50, 36, 21, 0)
s = 156: (0, 46, 7, 33, 19, 31, 19, 73, 30, 36, 10, 0)
s = 157: (0, 53, 7, 39, 19, 32, 16, 54, 23, 23, 15, 0)
s = 158: (0, 49, 5, 53, 27, 33, 30, 55, 40, 19, 22, 0)
s = 159: (0, 74, 10, 78, 47, 46, 29, 51, 40, 28, 16, 0)
s = 160: (0, 49, 9, 42, 25, 32, 26, 99, 50, 24, 21, 0)
s = 161: (0, 47, 9, 35, 32, 37, 16, 102, 32, 32, 23, 0)
s = 162: (0, 41, 11, 55, 38, 17, 38, 82, 22, 40, 13, 0)
s = 163: (0, 73, 7, 37, 18, 29, 19, 88, 24, 22, 19, 0)
s = 164: (0, 84, 8, 42, 24, 31, 20, 67, 26, 31, 24, 0)
s = 165: (0, 60, 11, 67, 18, 51, 15, 107, 34, 29, 18, 0)
s = 166: (0, 51, 5, 30, 27, 20, 18, 78, 33, 46, 25, 0)
s = 167: (0, 51, 6, 64, 32, 32, 21, 54, 42, 25, 14, 0)
s = 168: (0, 47, 5, 51, 19, 24, 21, 86, 44, 30, 21, 0)
s = 169: (0, 53, 8, 31, 21, 22, 23, 124, 48, 31, 13, 0)
s = 170: (0, 73, 6, 31, 26, 21, 31, 86, 27, 35, 26, 0)
s = 171: (0, 47, 10, 71, 34, 24, 17, 70, 36, 34, 20, 0)
s = 172: (0, 48, 8, 45, 37, 19, 23, 96, 32, 23, 22, 0)
s = 173: (0, 49, 12, 78, 22, 49, 17, 105, 27, 21, 18, 0)
s = 174: (0, 45, 5, 55, 26, 46, 25, 106, 19, 24, 16, 0)
s = 175: (0, 40, 7, 64, 29, 21, 21, 70, 28, 25, 18, 0)
s = 176: (0, 45, 5, 50, 25, 20, 25, 112, 20, 29, 13, 0)
s = 177: (0, 77, 7, 52, 32, 42, 28, 134, 19, 40, 27, 0)
s = 178: (0, 63, 6, 57, 20, 28, 21, 78, 22, 27, 27, 0)
s = 179: (0, 68, 9, 45, 30, 20, 24, 56, 27, 26, 12, 0)
s = 180: (0, 43, 7, 58, 19, 31, 20, 90, 30, 22, 16, 0)
s = 181: (0, 41, 10, 44, 21, 19, 26, 104, 35, 29, 12, 0)
s = 182: (0, 53, 6, 64, 33, 24, 33, 96, 35, 24, 17, 0)
s = 183: (0, 62, 7, 29, 32, 35, 20, 86, 37, 43, 11, 0)
s = 184: (0, 46, 13, 59, 21, 21, 20, 123, 32, 26, 26, 0)
s = 185: (0, 72, 9, 60, 23, 36, 20, 50, 31, 28, 18, 0)
s = 186: (0, 69, 5, 87, 18, 20, 31, 56, 33, 32, 13, 0)
s = 187: (0, 44, 13, 35, 18, 36, 31, 96, 40, 38, 12, 0)
s = 188: (0, 46, 9, 47, 36, 19, 23, 66, 42, 42, 14, 0)
s = 189: (0, 49, 7, 49, 37, 30, 27, 71, 31, 28, 19, 0)
s = 190: (0, 39, 6, 73, 17, 18, 40, 121, 32, 26, 22, 0)
s = 191: (0, 65, 9, 40, 28, 26, 24, 114, 47, 24, 16, 0)
s = 192: (0, 48, 7, 28, 19, 28, 15, 87, 32, 37, 22, 0)
s = 193: (0, 55, 8, 62, 36, 20, 29, 74, 49, 29, 18, 0)
s = 194: (0, 38, 11, 52, 34, 25, 31, 117, 31, 21, 17, 0)
s = 195: (0, 85, 7, 72, 26, 30, 29, 83, 39, 25, 21, 0)
s = 196: (0, 52, 7, 63, 26, 32, 16, 122, 19, 34, 31, 0)
s = 197: (0, 45, 9, 38, 29, 35, 22, 88, 46, 50, 10, 0)
s = 198: (0, 45, 5, 72, 23, 22, 21, 60, 37, 28, 17, 0)
s = 199: (0, 50, 10, 52, 31, 20, 29, 82, 26, 28, 25, 0)
s = 200: (0, 41, 5, 69, 38, 36, 26, 101, 63, 33, 18, 0)
************************************************************************
ES/LS-VALUES:
jobnr.   ES(i)    LS(i)
------------------------------------------------------------------------
  0        0        0
  1        0       52
  2        0       62
  3        0       24
  4       13       38
  5       13       40
  6       13       39
  7       23       48
  8       21       64
  9       37       63
 10       23       66
 11       45       72
************************************************************************
BIG-M-VALUES:
M1 = 101, M2 = 486
************************************************************************
