************************************************************************
file with basedata            : j9021_.bas
initial value random generator: 1043188230
************************************************************************
projects                      :  1
jobs (incl. supersource/sink ):  92
horizon                       :  510
RESOURCES
  - renewable                 :  4   R
  - nonrenewable              :  0   N
  - doubly constrained        :  0   D
************************************************************************
PROJECT INFORMATION:
pronr.  #jobs rel.date duedate tardcost  MPM-Time
    1     90      0       91       57       91
************************************************************************
PRECEDENCE RELATIONS:
jobnr.    #modes  #successors   successors
   0        1          3           1   2   3
   1        1          3           7  42  56
   2        1          1          69
   3        1          3           4   6  10
   4        1          3           5   8  28
   5        1          1          25
   6        1          3          26  44  80
   7        1          3          19  49  67
   8        1          3           9  12  24
   9        1          3          14  15  18
  10        1          3          11  13  19
  11        1          3          17  29  49
  12        1          2          41  45
  13        1          3          16  26  52
  14        1          3          37  43  63
  15        1          3          21  22  90
  16        1          3          40  57  66
  17        1          1          20
  18        1          3          22  32  34
  19        1          3          26  29  70
  20        1          2          23  39
  21        1          3          30  33  45
  22        1          2          46  70
  23        1          3          36  38  54
  24        1          2          27  66
  25        1          3          35  52  53
  26        1          1          64
  27        1          2          83  86
  28        1          1          55
  29        1          2          35  47
  30        1          1          31
  31        1          1          77
  32        1          3          57  69  72
  33        1          1          62
  34        1          2          50  70
  35        1          1          87
  36        1          2          48  78
  37        1          2          59  79
  38        1          1          65
  39        1          1          74
  40        1          2          42  47
  41        1          2          42  43
  42        1          3          59  60  77
  43        1          1          51
  44        1          1          87
  45        1          2          48  64
  46        1          2          53  62
  47        1          1          78
  48        1          1          73
  49        1          1          66
  50        1          1          59
  51        1          1          61
  52        1          1          58
  53        1          3          58  72  75
  54        1          3          61  62  85
  55        1          3          64  77  80
  56        1          2          58  74
  57        1          2          68  78
  58        1          1          84
  59        1          2          71  75
  60        1          3          63  67  73
  61        1          1          83
  62        1          2          68  75
  63        1          1          81
  64        1          2          68  79
  65        1          2          69  71
  66        1          2          81  85
  67        1          1          81
  68        1          1          71
  69        1          1          80
  70        1          1          88
  71        1          1          73
  72        1          2          74  76
  73        1          1          82
  74        1          2          79  87
  75        1          3          76  82  89
  76        1          1          84
  77        1          1          83
  78        1          1          90
  79        1          2          82  89
  80        1          1          85
  81        1          1          86
  82        1          1          84
  83        1          1          88
  84        1          1          88
  85        1          1          86
  86        1          1          90
  87        1          1          89
  88        1          1          91
  89        1          1          91
  90        1          1          91
  91        1          0        
************************************************************************
REQUESTS/DURATIONS:
jobnr. mode duration  R 1  R 2  R 3  R 4  E(W 1)
------------------------------------------------------------------------
  0      1     0       0    0    0    0     0
  1      1     4       0    6    0    0    24
  2      1     8       6    5    3    0    112
  3      1     9       7    0    7    0    126
  4      1     8       5    4    0    0    72
  5      1     2       7    0    9    0    32
  6      1     3      10    1    0    7    57
  7      1     5       0    1    0    0    10
  8      1     3       0    0    5    8    39
  9      1     1       5    6    0    0    11
 10      1     9       0    5    8    0    117
 11      1     9       0    7   10    0    153
 12      1     2       5    0   10    8    46
 13      1    10       4    0    0    0    40
 14      1     1       7    0    0    0     7
 15      1     4       0    0    0    7    28
 16      1    10       6    6    0    3    150
 17      1     3       0    4    8    7    57
 18      1    10       0    6    0    7    130
 19      1     1       9    5    6    0    20
 20      1     6       3    0    5    0    48
 21      1     6       1    0    4    2    48
 22      1     9       0    0    6   10    144
 23      1     4       0    0    5    0    20
 24      1     2       9    0    0    0    18
 25      1     7       0    0    4    0    28
 26      1     8       0    0    0    2    16
 27      1     7       0    1    8    0    70
 28      1     6       0    0    4    2    36
 29      1     3       8    0   10    0    54
 30      1     7       1    0    0    1    28
 31      1     1       3    7    0    6    16
 32      1     3      10    0    0    0    30
 33      1     5       9    2    0    0    55
 34      1     9       0    4    0    0    36
 35      1     1       0    0    0    2     2
 36      1     4       8    0    7    0    60
 37      1     9       0    0    9    3    108
 38      1     3       8    7    0    0    45
 39      1     1       2    9    0    0    11
 40      1     9       2    0    8    0    90
 41      1     7       0    0    0    1    14
 42      1     8       0    8    0    6    112
 43      1     8       3    0    0    1    40
 44      1    10       0    0    9    9    180
 45      1     4       0    0    3    4    28
 46      1     5       0    0    1    0    10
 47      1     8       8   10    0    0    144
 48      1     5       9    0    2    0    55
 49      1     9       6    0    5    0    99
 50      1     3       0    0    9    2    33
 51      1     6       5    0    9    0    84
 52      1     1       0    2    0    3     5
 53      1     1       0    6    6    6    18
 54      1     6       0    0    0    7    42
 55      1    10       5    0    0   10    150
 56      1     2       8    9    7    0    48
 57      1     5       5    3    2    0    50
 58      1     9      10    5    0    3    162
 59      1     1       6    0    2    6    14
 60      1     8       1    8    1   10    176
 61      1     8       0    5    2    9    128
 62      1     1       9    8    0    4    21
 63      1     5       1    4    0    0    30
 64      1     8       1    9    3    0    112
 65      1     2       0   10    1    9    42
 66      1     6       7   10    0    0    102
 67      1     6       2    0   10    9    126
 68      1     6       9    0    9    0    108
 69      1     9       0   10    4    0    126
 70      1     7       0    2    1    0    28
 71      1     9       3    0    0    0    27
 72      1     1       0    5    9    0    14
 73      1     8       5    0    5    0    80
 74      1     3       0    0   10    7    51
 75      1     5       0    3    0    2    25
 76      1    10       4    0    0    0    40
 77      1     2       5    0    5    1    24
 78      1     4       0    0    7    0    28
 79      1     9       9    0    4    0    117
 80      1     5       0    0    3    0    15
 81      1     2       0    9    5    0    28
 82      1     4       0    0    5    2    28
 83      1     7       0   10    4    0    98
 84      1     4       0    8    0    0    32
 85      1     9      10    0    0    9    171
 86      1     8       6    0    0    0    48
 87      1     9       0   10    0   10    180
 88      1    10       6    1    3    0    110
 89      1     6       0    1    0    0    12
 90      1     9       5    1    0    1    81
 91      1     0       0    0    0    0     0
************************************************************************
RESOURCEAVAILABILITIES:
  R 1
   68
************************************************************************
RESOURCE LIMITS:
jobnr.  l(R 1)  u(R 1)
------------------------------------------------------------------------
  0        0       0
  1        3       6
  2        8      14
  3        8      14
  4        5       9
  5        9      16
  6       10      19
  7        1       2
  8        7      13
  9        6      11
 10        7      13
 11        9      17
 12       12      23
 13        2       4
 14        4       7
 15        4       7
 16        8      15
 17       10      19
 18        7      13
 19       11      20
 20        5       8
 21        4       8
 22        8      16
 23        3       5
 24        5       9
 25        2       4
 26        1       2
 27        5      10
 28        3       6
 29        9      18
 30        2       4
 31        9      16
 32        5      10
 33        6      11
 34        2       4
 35        1       2
 36        8      15
 37        7      12
 38        8      15
 39        6      11
 40        5      10
 41        1       2
 42        7      14
 43        3       5
 44       10      18
 45        4       7
 46        1       2
 47        9      18
 48        6      11
 49        6      11
 50        6      11
 51        8      14
 52        3       5
 53        9      18
 54        4       7
 55        8      15
 56       13      24
 57        6      10
 58       10      18
 59        7      14
 60       11      22
 61        9      16
 62       11      21
 63        3       6
 64        8      14
 65       11      21
 66        9      17
 67       11      21
 68       10      18
 69        7      14
 70        2       4
 71        2       3
 72        8      14
 73        6      10
 74        9      17
 75        3       5
 76        2       4
 77        7      12
 78        4       7
 79        7      13
 80        2       3
 81        8      14
 82        4       7
 83        7      14
 84        4       8
 85       10      19
 86        3       6
 87       10      20
 88        6      11
 89        1       2
 90        5       9
 91        0       0
************************************************************************
SCENARIOS:
------------------------------------------------------------------------
RESOURCE k = 1
s = 1: (0, 24, 163, 122, 85, 46, 69, 8, 38, 12, 95, 169, 40, 63, 9, 20, 188, 65, 141, 13, 48, 65, 98, 17, 21, 25, 17, 75, 48, 65, 38, 16, 33, 74, 31, 2, 63, 92, 47, 14, 92, 22, 96, 44, 214, 22, 9, 89, 49, 158, 46, 90, 5, 20, 45, 191, 56, 40, 255, 16, 164, 99, 16, 22, 90, 57, 110, 106, 136, 75, 38, 31, 23, 119, 40, 34, 51, 29, 17, 150, 14, 29, 31, 94, 32, 206, 41, 117, 149, 11, 80, 0)
s = 2: (0, 20, 130, 83, 67, 50, 67, 7, 48, 12, 167, 130, 64, 47, 9, 37, 134, 70, 77, 17, 38, 36, 152, 21, 25, 28, 10, 49, 34, 63, 41, 17, 17, 54, 22, 3, 45, 113, 49, 10, 83, 17, 87, 33, 175, 27, 8, 167, 68, 71, 41, 87, 3, 14, 46, 126, 51, 77, 124, 12, 168, 105, 28, 19, 113, 42, 82, 149, 103, 147, 24, 30, 19, 65, 58, 15, 44, 27, 28, 154, 13, 30, 28, 159, 41, 137, 67, 114, 95, 11, 48, 0)
s = 3: (0, 15, 145, 77, 48, 36, 46, 8, 28, 13, 112, 107, 29, 48, 5, 34, 125, 48, 120, 24, 60, 30, 180, 15, 24, 20, 18, 42, 48, 44, 23, 18, 31, 74, 23, 2, 51, 157, 39, 6, 102, 10, 65, 28, 124, 32, 14, 159, 53, 60, 22, 90, 5, 20, 69, 205, 78, 30, 96, 14, 301, 153, 20, 20, 109, 43, 76, 135, 124, 125, 28, 25, 19, 82, 63, 26, 51, 31, 28, 118, 9, 36, 35, 108, 33, 311, 65, 242, 144, 11, 64, 0)
s = 4: (0, 18, 109, 174, 69, 27, 47, 10, 25, 11, 75, 123, 67, 56, 8, 38, 120, 63, 132, 16, 67, 55, 173, 17, 12, 26, 9, 53, 46, 64, 29, 20, 35, 58, 31, 2, 77, 157, 56, 10, 66, 16, 81, 41, 187, 16, 12, 225, 30, 61, 24, 79, 7, 17, 33, 139, 37, 50, 105, 10, 282, 230, 15, 39, 85, 67, 75, 178, 105, 97, 31, 27, 13, 69, 32, 28, 37, 18, 28, 143, 12, 22, 37, 61, 41, 146, 25, 126, 90, 9, 53, 0)
s = 5: (0, 27, 86, 131, 74, 28, 72, 8, 40, 11, 89, 154, 52, 35, 8, 34, 113, 40, 69, 19, 34, 64, 171, 21, 16, 25, 14, 71, 28, 41, 29, 14, 21, 49, 48, 3, 94, 128, 36, 16, 111, 8, 120, 33, 153, 48, 10, 156, 33, 128, 30, 116, 9, 25, 40, 153, 65, 72, 113, 12, 189, 151, 32, 29, 103, 47, 91, 141, 76, 193, 28, 16, 17, 70, 82, 29, 43, 20, 35, 92, 17, 36, 38, 135, 27, 216, 55, 136, 118, 10, 70, 0)
s = 6: (0, 30, 171, 154, 44, 47, 53, 15, 33, 7, 63, 134, 33, 26, 5, 22, 120, 38, 128, 14, 33, 74, 102, 17, 15, 38, 22, 72, 37, 46, 42, 16, 42, 78, 27, 3, 71, 113, 47, 13, 122, 13, 149, 31, 117, 23, 14, 147, 56, 85, 26, 63, 4, 23, 51, 141, 51, 57, 146, 18, 187, 119, 24, 37, 86, 38, 90, 171, 118, 83, 22, 24, 15, 63, 80, 27, 39, 26, 20, 77, 21, 28, 31, 64, 34, 231, 35, 183, 115, 16, 54, 0)
s = 7: (0, 48, 113, 138, 100, 24, 48, 11, 25, 17, 93, 112, 47, 40, 5, 37, 232, 46, 123, 12, 45, 53, 187, 17, 17, 36, 17, 65, 42, 73, 34, 15, 37, 44, 63, 3, 66, 71, 58, 8, 123, 12, 70, 45, 225, 29, 12, 145, 51, 74, 29, 57, 6, 19, 42, 155, 37, 38, 138, 11, 275, 170, 16, 41, 58, 23, 150, 167, 118, 100, 25, 27, 13, 81, 52, 26, 69, 26, 32, 97, 10, 18, 18, 118, 40, 183, 65, 198, 136, 19, 130, 0)
s = 8: (0, 19, 83, 160, 52, 30, 53, 7, 55, 11, 126, 141, 34, 36, 8, 28, 223, 30, 148, 19, 44, 27, 224, 21, 20, 35, 17, 52, 23, 42, 44, 10, 25, 62, 36, 3, 54, 100, 37, 7, 123, 15, 102, 33, 217, 33, 9, 165, 49, 120, 39, 83, 7, 14, 30, 112, 39, 44, 160, 14, 181, 103, 15, 50, 101, 65, 155, 120, 96, 176, 30, 20, 15, 56, 47, 23, 32, 32, 23, 137, 12, 32, 34, 98, 25, 219, 34, 125, 106, 14, 48, 0)
s = 9: (0, 28, 163, 91, 68, 30, 65, 10, 37, 10, 97, 167, 49, 34, 7, 28, 120, 32, 145, 16, 43, 51, 179, 23, 28, 31, 21, 92, 35, 47, 33, 23, 41, 32, 31, 2, 84, 94, 53, 8, 77, 14, 120, 57, 213, 41, 10, 156, 59, 78, 39, 79, 5, 20, 39, 219, 39, 47, 182, 13, 210, 258, 25, 27, 113, 57, 93, 166, 97, 162, 26, 29, 19, 111, 39, 31, 31, 40, 20, 131, 13, 27, 20, 123, 21, 221, 72, 227, 145, 10, 70, 0)
s = 10: (0, 31, 165, 124, 44, 36, 63, 6, 27, 17, 114, 173, 38, 35, 7, 24, 125, 64, 157, 16, 38, 50, 152, 27, 20, 36, 19, 64, 44, 79, 34, 12, 37, 40, 36, 2, 55, 115, 62, 15, 87, 16, 67, 29, 122, 43, 7, 212, 73, 98, 33, 82, 5, 14, 42, 106, 39, 49, 233, 10, 168, 77, 12, 20, 172, 34, 125, 97, 99, 123, 27, 33, 15, 87, 31, 33, 28, 21, 38, 107, 19, 30, 22, 62, 32, 136, 39, 163, 103, 11, 68, 0)
s = 11: (0, 30, 100, 76, 45, 39, 101, 12, 23, 13, 170, 269, 34, 23, 5, 40, 163, 57, 156, 28, 38, 63, 232, 15, 14, 17, 18, 77, 39, 59, 16, 15, 52, 52, 29, 2, 95, 65, 56, 11, 88, 14, 68, 47, 247, 24, 8, 144, 60, 106, 40, 71, 4, 22, 39, 114, 40, 47, 208, 12, 155, 115, 18, 29, 79, 27, 91, 202, 111, 85, 27, 27, 19, 140, 45, 27, 61, 32, 37, 102, 12, 28, 46, 92, 39, 168, 61, 200, 83, 17, 68, 0)
s = 12: (0, 26, 135, 152, 48, 30, 54, 8, 64, 8, 116, 131, 39, 49, 6, 39, 140, 34, 147, 24, 60, 67, 144, 17, 11, 15, 19, 72, 30, 57, 35, 20, 26, 63, 26, 3, 67, 101, 31, 7, 78, 15, 93, 37, 171, 49, 6, 204, 54, 132, 23, 95, 4, 21, 38, 170, 57, 71, 124, 11, 222, 113, 16, 31, 142, 34, 84, 123, 143, 125, 24, 35, 10, 68, 59, 22, 41, 27, 41, 108, 9, 38, 36, 109, 43, 143, 54, 130, 96, 10, 58, 0)
s = 13: (0, 35, 64, 187, 62, 19, 57, 12, 68, 9, 167, 293, 31, 31, 7, 22, 163, 31, 110, 21, 33, 62, 119, 24, 23, 22, 16, 51, 59, 59, 36, 22, 30, 87, 31, 3, 46, 83, 33, 13, 48, 13, 165, 39, 190, 44, 14, 132, 61, 62, 29, 86, 8, 15, 49, 242, 47, 35, 104, 11, 233, 108, 25, 35, 95, 34, 129, 114, 90, 171, 28, 39, 15, 68, 56, 17, 58, 20, 29, 82, 12, 17, 27, 88, 27, 126, 45, 134, 62, 14, 81, 0)
s = 14: (0, 27, 93, 106, 67, 30, 46, 7, 61, 7, 93, 128, 49, 28, 6, 24, 152, 80, 84, 15, 49, 36, 142, 24, 14, 28, 17, 50, 48, 63, 23, 12, 19, 39, 49, 3, 44, 134, 69, 13, 75, 10, 109, 26, 148, 24, 11, 121, 85, 91, 42, 60, 5, 24, 58, 128, 40, 34, 175, 15, 153, 125, 19, 40, 98, 48, 116, 99, 138, 100, 39, 36, 11, 95, 42, 21, 32, 38, 26, 121, 9, 40, 18, 53, 29, 269, 59, 216, 144, 9, 70, 0)
s = 15: (0, 14, 118, 172, 75, 31, 72, 11, 39, 11, 138, 163, 66, 50, 9, 29, 120, 46, 129, 26, 29, 66, 113, 19, 21, 43, 18, 102, 27, 68, 29, 16, 55, 46, 22, 2, 63, 77, 44, 13, 57, 11, 129, 30, 122, 22, 11, 247, 56, 89, 35, 76, 4, 22, 69, 115, 41, 47, 183, 18, 248, 139, 19, 27, 122, 52, 61, 70, 118, 87, 22, 32, 9, 55, 61, 23, 35, 23, 32, 135, 19, 21, 19, 116, 30, 185, 55, 227, 88, 16, 75, 0)
s = 16: (0, 37, 122, 127, 62, 25, 53, 6, 38, 12, 126, 226, 39, 57, 7, 23, 107, 58, 93, 19, 57, 55, 206, 19, 17, 35, 11, 63, 36, 70, 46, 15, 33, 44, 34, 3, 41, 93, 40, 16, 92, 16, 80, 46, 224, 29, 10, 104, 46, 96, 38, 98, 6, 21, 26, 228, 54, 68, 112, 14, 209, 108, 24, 18, 116, 38, 140, 128, 114, 77, 25, 38, 16, 91, 38, 28, 26, 25, 20, 119, 14, 27, 21, 71, 52, 146, 35, 170, 80, 11, 44, 0)
s = 17: (0, 20, 95, 169, 99, 21, 37, 10, 31, 7, 119, 139, 26, 27, 6, 19, 166, 53, 191, 19, 27, 28, 87, 15, 30, 25, 18, 49, 23, 59, 17, 11, 47, 45, 25, 2, 72, 80, 42, 14, 176, 15, 159, 52, 125, 39, 7, 147, 45, 68, 33, 107, 4, 23, 45, 132, 47, 47, 140, 16, 128, 228, 14, 27, 147, 47, 119, 83, 79, 192, 18, 19, 16, 93, 38, 30, 46, 23, 53, 128, 27, 26, 20, 186, 36, 117, 54, 188, 127, 12, 114, 0)
s = 18: (0, 28, 71, 231, 79, 28, 35, 7, 57, 11, 107, 107, 27, 31, 10, 43, 179, 64, 165, 20, 57, 45, 114, 27, 15, 18, 24, 82, 24, 55, 19, 15, 21, 65, 34, 3, 44, 103, 31, 12, 123, 9, 121, 42, 157, 20, 13, 121, 48, 105, 38, 132, 5, 22, 41, 127, 52, 41, 221, 21, 192, 105, 24, 30, 157, 47, 81, 94, 75, 104, 26, 21, 14, 67, 71, 16, 73, 24, 23, 79, 17, 27, 39, 59, 35, 189, 30, 116, 99, 12, 99, 0)
s = 19: (0, 22, 119, 115, 47, 47, 45, 18, 62, 7, 135, 122, 50, 39, 7, 21, 146, 83, 154, 27, 27, 67, 120, 19, 13, 33, 13, 47, 30, 47, 39, 15, 22, 75, 41, 2, 43, 63, 32, 7, 68, 11, 128, 34, 166, 36, 10, 106, 68, 119, 36, 58, 5, 17, 34, 197, 47, 69, 149, 18, 181, 124, 27, 51, 121, 51, 70, 124, 164, 182, 22, 36, 16, 80, 57, 21, 35, 38, 29, 74, 26, 21, 22, 119, 42, 270, 70, 299, 77, 13, 101, 0)
s = 20: (0, 14, 123, 198, 73, 22, 38, 8, 32, 7, 121, 137, 27, 48, 9, 22, 214, 41, 116, 28, 75, 32, 129, 30, 14, 16, 13, 81, 30, 55, 24, 25, 42, 64, 20, 2, 51, 120, 39, 16, 86, 13, 198, 66, 112, 27, 13, 111, 41, 68, 30, 116, 5, 18, 43, 231, 54, 38, 88, 13, 170, 114, 19, 40, 96, 50, 72, 95, 73, 212, 49, 37, 22, 64, 41, 20, 22, 20, 22, 156, 17, 25, 25, 61, 25, 276, 40, 160, 111, 9, 57, 0)
s = 21: (0, 23, 84, 131, 63, 20, 67, 12, 61, 7, 126, 209, 49, 28, 8, 22, 131, 70, 132, 21, 61, 61, 91, 19, 20, 18, 14, 68, 26, 45, 25, 19, 26, 53, 33, 2, 48, 128, 34, 12, 91, 21, 186, 51, 144, 47, 7, 120, 51, 84, 36, 45, 4, 16, 41, 179, 55, 38, 110, 9, 170, 139, 15, 52, 70, 50, 69, 165, 97, 157, 25, 35, 15, 109, 55, 15, 41, 32, 28, 109, 13, 17, 23, 106, 27, 187, 63, 197, 89, 9, 67, 0)
s = 22: (0, 25, 75, 75, 46, 28, 49, 11, 37, 11, 107, 172, 59, 38, 6, 33, 180, 74, 130, 22, 66, 52, 132, 18, 10, 39, 19, 53, 49, 49, 19, 14, 21, 47, 32, 2, 38, 127, 36, 11, 112, 17, 158, 37, 241, 31, 6, 115, 52, 88, 33, 112, 6, 25, 46, 164, 46, 76, 141, 15, 201, 194, 19, 19, 138, 42, 61, 106, 87, 120, 27, 33, 14, 104, 49, 33, 30, 24, 24, 156, 14, 22, 30, 163, 25, 223, 34, 162, 147, 8, 78, 0)
s = 23: (0, 18, 107, 138, 87, 29, 96, 9, 57, 16, 160, 157, 51, 67, 6, 31, 194, 46, 110, 17, 59, 56, 133, 17, 15, 31, 25, 79, 54, 37, 22, 18, 18, 66, 54, 2, 49, 139, 46, 11, 47, 16, 92, 39, 232, 33, 9, 117, 48, 68, 27, 62, 5, 19, 32, 185, 28, 30, 239, 13, 173, 137, 25, 20, 66, 24, 84, 113, 129, 119, 32, 24, 14, 88, 42, 24, 49, 21, 29, 95, 23, 17, 34, 87, 18, 135, 68, 126, 164, 22, 100, 0)
s = 24: (0, 18, 124, 112, 80, 48, 63, 8, 31, 14, 96, 165, 53, 41, 9, 36, 207, 33, 136, 16, 41, 43, 159, 24, 18, 47, 20, 51, 40, 31, 23, 20, 36, 37, 54, 3, 67, 131, 34, 10, 65, 25, 96, 36, 109, 36, 10, 107, 63, 72, 24, 95, 3, 16, 34, 171, 61, 40, 118, 15, 241, 80, 31, 31, 134, 26, 98, 68, 86, 78, 24, 18, 15, 92, 41, 33, 24, 28, 30, 102, 23, 30, 21, 114, 30, 167, 39, 178, 122, 11, 88, 0)
s = 25: (0, 25, 68, 126, 75, 30, 83, 9, 26, 11, 187, 176, 36, 40, 6, 22, 129, 45, 142, 13, 44, 33, 130, 33, 19, 19, 15, 49, 34, 42, 41, 25, 18, 53, 54, 3, 50, 81, 40, 13, 88, 9, 115, 29, 104, 23, 11, 151, 52, 73, 32, 83, 4, 10, 28, 81, 45, 43, 171, 13, 123, 88, 18, 33, 77, 47, 107, 80, 98, 107, 33, 27, 26, 93, 60, 29, 65, 20, 18, 113, 18, 22, 22, 98, 33, 188, 59, 120, 163, 13, 65, 0)
s = 26: (0, 22, 118, 127, 112, 28, 64, 15, 39, 7, 114, 164, 36, 31, 5, 37, 164, 74, 103, 13, 29, 47, 151, 27, 20, 26, 11, 112, 32, 31, 31, 14, 49, 75, 41, 3, 92, 143, 64, 9, 93, 12, 108, 63, 208, 18, 9, 243, 40, 120, 30, 116, 9, 13, 48, 103, 67, 32, 158, 18, 140, 121, 27, 23, 82, 51, 76, 175, 146, 120, 35, 22, 8, 102, 55, 15, 54, 21, 25, 78, 21, 29, 29, 91, 25, 176, 61, 243, 194, 14, 102, 0)
s = 27: (0, 26, 77, 152, 71, 43, 49, 10, 40, 14, 158, 132, 33, 27, 10, 41, 133, 34, 140, 15, 58, 28, 139, 20, 20, 30, 13, 40, 30, 51, 43, 21, 29, 72, 37, 3, 82, 82, 41, 13, 61, 8, 103, 38, 108, 18, 8, 105, 54, 90, 34, 63, 4, 31, 29, 186, 51, 53, 168, 15, 257, 83, 21, 30, 151, 50, 93, 98, 121, 134, 32, 37, 18, 97, 70, 17, 39, 24, 26, 140, 14, 27, 21, 111, 32, 134, 77, 179, 121, 10, 108, 0)
s = 28: (0, 35, 91, 111, 41, 21, 59, 16, 21, 14, 120, 218, 47, 36, 7, 26, 144, 57, 226, 15, 36, 27, 160, 22, 17, 48, 21, 95, 28, 80, 24, 22, 20, 40, 43, 3, 61, 75, 71, 7, 92, 11, 87, 46, 179, 17, 7, 267, 46, 90, 19, 135, 4, 16, 40, 210, 58, 53, 144, 17, 209, 131, 30, 26, 128, 30, 148, 115, 123, 100, 32, 27, 13, 62, 67, 31, 42, 24, 19, 165, 12, 23, 30, 58, 27, 298, 44, 277, 127, 11, 110, 0)
s = 29: (0, 33, 148, 132, 100, 29, 74, 11, 44, 8, 190, 206, 50, 51, 7, 29, 119, 56, 97, 32, 33, 64, 105, 13, 32, 22, 12, 47, 31, 90, 34, 14, 31, 61, 21, 2, 60, 82, 47, 11, 86, 9, 86, 31, 205, 47, 12, 103, 38, 94, 40, 65, 6, 28, 47, 159, 55, 47, 175, 15, 139, 74, 21, 29, 187, 41, 84, 105, 143, 114, 26, 41, 15, 64, 67, 28, 54, 37, 23, 127, 11, 35, 16, 110, 35, 222, 48, 188, 92, 8, 43, 0)
s = 30: (0, 22, 63, 83, 43, 22, 51, 17, 28, 13, 144, 114, 51, 38, 12, 22, 230, 56, 136, 15, 44, 56, 117, 29, 15, 17, 12, 55, 38, 48, 28, 24, 30, 82, 33, 3, 57, 116, 74, 7, 112, 10, 142, 39, 267, 27, 17, 141, 45, 131, 49, 115, 9, 15, 49, 180, 78, 72, 121, 18, 220, 85, 16, 40, 115, 51, 136, 163, 96, 184, 22, 34, 14, 73, 43, 29, 25, 21, 31, 132, 13, 38, 39, 59, 28, 152, 58, 97, 130, 8, 51, 0)
s = 31: (0, 20, 128, 117, 120, 35, 64, 7, 36, 15, 161, 191, 55, 35, 7, 25, 141, 76, 113, 28, 51, 53, 183, 16, 10, 17, 18, 73, 32, 35, 21, 23, 50, 64, 35, 3, 71, 90, 62, 10, 83, 11, 114, 26, 260, 36, 16, 193, 42, 90, 24, 80, 6, 29, 57, 134, 53, 53, 166, 15, 207, 176, 17, 16, 124, 46, 123, 91, 71, 187, 24, 16, 12, 62, 62, 38, 36, 18, 30, 120, 13, 23, 26, 167, 25, 152, 68, 146, 81, 17, 63, 0)
s = 32: (0, 24, 87, 166, 103, 40, 50, 14, 57, 9, 134, 121, 37, 39, 4, 26, 139, 46, 108, 26, 44, 59, 106, 29, 23, 49, 20, 69, 32, 55, 22, 16, 23, 38, 42, 2, 55, 86, 39, 8, 162, 11, 123, 29, 165, 21, 7, 118, 49, 54, 34, 53, 5, 13, 46, 135, 38, 70, 173, 16, 224, 127, 21, 28, 178, 43, 66, 166, 82, 135, 32, 33, 17, 71, 34, 30, 41, 26, 27, 64, 15, 45, 24, 157, 28, 277, 42, 254, 131, 11, 75, 0)
s = 33: (0, 26, 108, 136, 71, 30, 70, 6, 50, 13, 141, 263, 44, 33, 5, 19, 209, 69, 126, 15, 52, 54, 113, 30, 27, 28, 20, 72, 25, 43, 34, 27, 35, 36, 36, 2, 52, 87, 31, 17, 98, 12, 152, 36, 122, 33, 12, 220, 49, 91, 24, 142, 5, 17, 59, 193, 30, 62, 116, 12, 166, 103, 22, 47, 157, 29, 140, 134, 138, 144, 30, 29, 17, 85, 32, 21, 41, 16, 24, 100, 12, 47, 18, 63, 27, 137, 36, 158, 61, 9, 52, 0)
s = 34: (0, 18, 180, 97, 60, 39, 36, 8, 38, 7, 99, 134, 46, 37, 7, 34, 166, 89, 111, 23, 41, 42, 140, 31, 16, 36, 18, 59, 49, 36, 35, 14, 55, 95, 34, 3, 59, 89, 37, 14, 98, 16, 146, 40, 198, 34, 9, 172, 50, 86, 36, 80, 6, 10, 30, 152, 56, 60, 185, 22, 135, 97, 24, 29, 94, 34, 63, 83, 140, 164, 41, 24, 11, 118, 38, 30, 38, 18, 28, 124, 14, 18, 32, 121, 22, 259, 48, 214, 107, 18, 69, 0)
s = 35: (0, 29, 74, 150, 65, 31, 53, 10, 32, 19, 78, 107, 40, 29, 5, 32, 122, 54, 103, 16, 40, 45, 87, 13, 20, 31, 15, 59, 27, 54, 20, 16, 40, 104, 32, 2, 76, 176, 55, 11, 62, 15, 115, 29, 180, 32, 6, 139, 47, 108, 23, 131, 6, 12, 54, 98, 37, 45, 221, 14, 233, 116, 28, 40, 118, 46, 94, 210, 62, 154, 22, 44, 16, 102, 70, 26, 37, 35, 29, 137, 11, 26, 41, 85, 27, 210, 52, 221, 76, 13, 103, 0)
s = 36: (0, 13, 104, 67, 60, 55, 78, 8, 54, 11, 124, 86, 44, 39, 10, 17, 230, 34, 114, 23, 43, 38, 116, 30, 17, 46, 10, 44, 52, 66, 28, 22, 22, 40, 31, 2, 47, 72, 69, 10, 93, 12, 91, 40, 239, 28, 7, 94, 56, 83, 48, 89, 5, 18, 47, 157, 32, 39, 120, 15, 158, 122, 18, 38, 94, 44, 150, 169, 65, 96, 25, 17, 11, 63, 40, 26, 26, 23, 37, 80, 11, 16, 43, 93, 39, 160, 30, 188, 76, 9, 91, 0)
s = 37: (0, 34, 133, 107, 97, 24, 64, 12, 42, 14, 119, 115, 31, 26, 11, 35, 200, 45, 111, 15, 43, 41, 101, 36, 21, 35, 19, 68, 30, 66, 31, 23, 40, 49, 58, 2, 69, 140, 60, 11, 62, 24, 159, 57, 148, 36, 9, 144, 62, 58, 48, 99, 6, 14, 29, 117, 39, 31, 146, 21, 247, 101, 17, 29, 111, 35, 145, 96, 120, 146, 35, 27, 16, 82, 48, 18, 44, 30, 16, 83, 17, 34, 29, 81, 43, 182, 72, 133, 94, 13, 73, 0)
s = 38: (0, 27, 104, 107, 78, 28, 56, 11, 29, 13, 83, 123, 49, 60, 5, 23, 183, 51, 123, 19, 64, 46, 193, 17, 26, 31, 17, 66, 40, 43, 27, 19, 37, 45, 41, 2, 39, 84, 35, 9, 56, 19, 155, 40, 230, 36, 7, 144, 66, 111, 53, 72, 6, 23, 30, 236, 50, 39, 149, 18, 205, 160, 29, 29, 83, 54, 133, 144, 109, 179, 32, 28, 17, 106, 33, 15, 26, 22, 21, 159, 22, 30, 50, 68, 41, 161, 47, 114, 170, 12, 61, 0)
s = 39: (0, 20, 113, 93, 100, 45, 59, 13, 33, 8, 84, 139, 43, 47, 7, 36, 131, 32, 129, 17, 54, 35, 182, 13, 13, 26, 11, 43, 49, 47, 37, 16, 22, 57, 27, 3, 56, 69, 43, 11, 79, 19, 121, 34, 282, 47, 9, 175, 72, 89, 47, 97, 6, 21, 54, 109, 41, 52, 177, 23, 131, 142, 26, 32, 100, 49, 102, 119, 71, 153, 26, 18, 12, 90, 34, 43, 56, 17, 29, 153, 15, 17, 21, 109, 33, 153, 70, 233, 136, 11, 127, 0)
s = 40: (0, 19, 70, 123, 67, 30, 48, 9, 35, 10, 118, 100, 55, 39, 9, 16, 162, 59, 81, 16, 52, 39, 154, 30, 22, 19, 15, 51, 49, 54, 36, 14, 20, 66, 33, 2, 49, 101, 39, 15, 98, 10, 132, 52, 313, 36, 9, 170, 40, 142, 33, 90, 5, 27, 37, 87, 42, 50, 204, 11, 121, 197, 19, 36, 122, 29, 149, 121, 100, 155, 22, 32, 14, 64, 42, 42, 33, 32, 33, 197, 21, 29, 34, 107, 31, 222, 35, 143, 94, 12, 97, 0)
s = 41: (0, 23, 197, 91, 85, 25, 59, 10, 41, 13, 108, 122, 52, 28, 10, 19, 214, 52, 131, 21, 53, 50, 147, 18, 24, 17, 13, 76, 38, 55, 29, 19, 33, 61, 44, 2, 44, 107, 49, 14, 146, 10, 159, 60, 177, 35, 16, 102, 52, 106, 51, 65, 6, 12, 55, 111, 43, 48, 222, 9, 140, 229, 19, 36, 61, 29, 116, 126, 90, 110, 39, 33, 12, 79, 58, 20, 51, 25, 28, 89, 14, 19, 17, 76, 33, 133, 75, 131, 133, 9, 49, 0)
s = 42: (0, 36, 143, 144, 84, 19, 75, 7, 34, 12, 80, 220, 36, 47, 8, 20, 101, 41, 100, 23, 72, 39, 128, 27, 12, 23, 25, 66, 23, 31, 20, 23, 40, 65, 38, 2, 66, 119, 67, 14, 75, 12, 103, 59, 294, 28, 9, 176, 35, 85, 24, 80, 5, 16, 29, 151, 57, 39, 164, 18, 163, 156, 20, 20, 139, 48, 64, 79, 122, 92, 24, 27, 14, 117, 34, 20, 67, 37, 35, 133, 10, 28, 28, 99, 31, 119, 54, 154, 58, 9, 134, 0)
s = 43: (0, 19, 104, 132, 81, 31, 36, 10, 30, 15, 113, 160, 72, 25, 6, 29, 188, 51, 89, 24, 43, 47, 190, 20, 15, 36, 26, 100, 59, 57, 34, 15, 27, 54, 27, 2, 73, 74, 73, 8, 85, 24, 97, 50, 130, 20, 12, 177, 66, 123, 35, 127, 5, 19, 31, 112, 45, 59, 140, 16, 113, 93, 17, 31, 131, 65, 104, 100, 192, 150, 43, 29, 11, 62, 46, 33, 26, 31, 28, 114, 9, 29, 24, 117, 30, 222, 41, 183, 80, 15, 66, 0)
s = 44: (0, 25, 120, 121, 44, 28, 47, 16, 28, 12, 205, 148, 31, 31, 9, 17, 97, 65, 96, 25, 35, 29, 161, 13, 11, 20, 24, 70, 31, 33, 17, 16, 24, 81, 26, 3, 95, 106, 48, 13, 51, 18, 146, 34, 235, 24, 10, 178, 62, 71, 25, 68, 4, 25, 49, 124, 36, 72, 135, 11, 168, 120, 23, 36, 104, 39, 71, 141, 88, 86, 17, 36, 11, 48, 34, 34, 32, 25, 37, 92, 15, 29, 37, 81, 44, 111, 60, 175, 139, 17, 57, 0)
s = 45: (0, 21, 131, 142, 74, 31, 49, 9, 44, 11, 104, 89, 69, 45, 8, 35, 188, 56, 187, 25, 43, 76, 164, 21, 13, 34, 20, 50, 31, 63, 21, 19, 29, 84, 23, 3, 74, 79, 43, 13, 100, 21, 150, 45, 108, 21, 8, 95, 66, 109, 21, 142, 5, 20, 35, 172, 29, 33, 219, 12, 155, 204, 15, 39, 152, 38, 77, 164, 74, 133, 36, 20, 15, 85, 73, 18, 44, 15, 25, 175, 23, 34, 19, 65, 22, 168, 34, 182, 149, 8, 111, 0)
s = 46: (0, 28, 115, 160, 55, 24, 31, 7, 32, 8, 135, 169, 45, 32, 8, 20, 250, 60, 139, 20, 60, 44, 167, 21, 19, 34, 16, 59, 33, 50, 24, 14, 22, 76, 29, 2, 75, 84, 33, 14, 82, 9, 90, 47, 240, 19, 13, 130, 54, 84, 45, 90, 5, 19, 31, 104, 44, 40, 181, 17, 245, 115, 18, 26, 95, 31, 124, 143, 128, 118, 34, 25, 10, 103, 44, 21, 30, 34, 24, 183, 21, 33, 29, 141, 21, 237, 36, 192, 137, 16, 104, 0)
s = 47: (0, 19, 110, 104, 83, 27, 32, 13, 42, 8, 78, 106, 44, 35, 9, 16, 130, 45, 192, 26, 39, 52, 170, 19, 14, 28, 11, 41, 38, 51, 42, 17, 37, 34, 31, 3, 45, 120, 44, 10, 110, 13, 72, 38, 184, 17, 11, 167, 69, 102, 20, 59, 6, 34, 47, 100, 38, 79, 199, 16, 152, 121, 20, 19, 105, 40, 82, 88, 115, 80, 37, 19, 9, 83, 62, 23, 46, 15, 16, 78, 12, 19, 27, 92, 26, 140, 32, 121, 119, 10, 60, 0)
s = 48: (0, 17, 111, 78, 110, 26, 76, 10, 43, 8, 95, 129, 74, 34, 9, 41, 146, 62, 119, 25, 46, 35, 96, 30, 17, 21, 18, 79, 60, 56, 21, 26, 21, 57, 26, 3, 41, 151, 52, 10, 67, 17, 87, 68, 137, 41, 8, 186, 58, 109, 43, 98, 3, 14, 50, 129, 63, 60, 107, 16, 146, 231, 31, 28, 92, 30, 72, 114, 154, 112, 27, 44, 23, 72, 59, 16, 30, 30, 35, 75, 18, 23, 33, 95, 41, 164, 71, 257, 149, 11, 87, 0)
s = 49: (0, 27, 135, 158, 74, 25, 53, 11, 60, 9, 109, 135, 37, 62, 10, 34, 184, 72, 137, 16, 61, 56, 137, 33, 14, 23, 11, 42, 36, 70, 22, 15, 43, 31, 19, 2, 66, 99, 25, 7, 73, 9, 68, 39, 208, 22, 12, 169, 55, 102, 41, 53, 4, 23, 60, 132, 50, 32, 171, 20, 123, 145, 23, 32, 89, 72, 145, 221, 138, 76, 16, 36, 24, 102, 76, 30, 58, 23, 24, 89, 13, 36, 23, 126, 21, 191, 43, 216, 106, 21, 85, 0)
s = 50: (0, 22, 80, 231, 98, 30, 85, 11, 24, 16, 149, 124, 54, 27, 6, 32, 142, 45, 117, 13, 54, 29, 144, 29, 11, 33, 14, 83, 43, 50, 31, 13, 21, 37, 48, 2, 69, 125, 47, 11, 122, 10, 194, 51, 227, 45, 9, 121, 77, 94, 20, 56, 7, 11, 45, 195, 62, 69, 160, 11, 168, 195, 18, 27, 139, 33, 88, 64, 129, 95, 30, 35, 15, 78, 67, 35, 41, 19, 36, 81, 12, 28, 30, 93, 40, 279, 46, 183, 112, 8, 92, 0)
s = 51: (0, 17, 134, 140, 96, 28, 41, 16, 68, 18, 81, 151, 27, 35, 10, 19, 170, 81, 124, 21, 30, 48, 116, 18, 16, 17, 11, 90, 29, 67, 22, 16, 21, 29, 55, 3, 47, 102, 69, 8, 68, 19, 83, 36, 214, 37, 10, 123, 63, 78, 39, 61, 7, 16, 52, 110, 49, 58, 116, 13, 203, 117, 19, 18, 145, 59, 151, 135, 104, 86, 34, 31, 9, 80, 44, 27, 27, 32, 44, 94, 20, 34, 20, 158, 22, 233, 59, 123, 158, 11, 74, 0)
s = 52: (0, 34, 94, 148, 74, 51, 39, 10, 33, 10, 130, 136, 50, 34, 5, 29, 142, 48, 134, 27, 34, 54, 142, 19, 14, 29, 18, 91, 58, 78, 24, 24, 24, 43, 41, 3, 44, 122, 24, 11, 98, 13, 109, 28, 117, 23, 11, 141, 44, 140, 25, 82, 5, 23, 66, 152, 47, 31, 168, 16, 147, 132, 37, 36, 121, 47, 67, 162, 78, 183, 33, 23, 17, 74, 45, 44, 25, 17, 30, 68, 26, 25, 17, 67, 31, 143, 41, 191, 143, 13, 127, 0)
s = 53: (0, 29, 72, 145, 92, 31, 47, 7, 40, 9, 107, 125, 37, 30, 6, 27, 90, 61, 110, 20, 27, 66, 135, 21, 24, 27, 22, 94, 30, 49, 26, 16, 18, 56, 46, 3, 43, 124, 45, 11, 165, 15, 68, 41, 198, 48, 8, 112, 42, 100, 51, 60, 4, 31, 37, 122, 54, 34, 178, 15, 219, 190, 15, 45, 92, 28, 68, 85, 163, 103, 33, 28, 11, 68, 44, 29, 29, 14, 21, 101, 18, 25, 27, 127, 47, 121, 43, 177, 114, 8, 89, 0)
s = 54: (0, 13, 155, 139, 100, 23, 33, 11, 36, 16, 96, 92, 33, 34, 6, 28, 130, 60, 104, 28, 31, 61, 147, 19, 19, 32, 17, 82, 34, 80, 21, 21, 43, 69, 31, 2, 48, 80, 28, 14, 110, 10, 142, 50, 127, 42, 8, 148, 43, 102, 26, 60, 4, 22, 42, 124, 55, 33, 174, 10, 145, 154, 16, 21, 104, 45, 130, 107, 127, 87, 22, 24, 9, 68, 53, 28, 59, 13, 38, 188, 9, 31, 33, 126, 34, 175, 40, 203, 96, 15, 67, 0)
s = 55: (0, 26, 115, 192, 85, 25, 44, 11, 48, 15, 61, 140, 72, 62, 7, 36, 208, 96, 156, 15, 45, 42, 92, 29, 19, 39, 13, 44, 40, 43, 33, 21, 29, 46, 69, 2, 66, 126, 54, 12, 73, 10, 73, 38, 168, 24, 7, 127, 74, 164, 23, 112, 7, 23, 38, 151, 33, 56, 162, 12, 273, 143, 22, 26, 79, 53, 156, 88, 132, 216, 27, 22, 14, 131, 69, 25, 26, 18, 25, 202, 19, 23, 16, 73, 22, 184, 70, 159, 89, 12, 61, 0)
s = 56: (0, 25, 138, 96, 40, 20, 70, 8, 37, 8, 76, 198, 43, 34, 6, 50, 78, 82, 147, 12, 58, 68, 231, 25, 16, 17, 23, 94, 40, 32, 26, 16, 26, 37, 49, 2, 68, 99, 41, 7, 108, 12, 83, 63, 119, 24, 19, 212, 61, 101, 37, 106, 5, 18, 24, 216, 50, 62, 190, 22, 180, 148, 15, 23, 137, 53, 87, 73, 144, 188, 38, 23, 12, 60, 61, 19, 45, 26, 24, 108, 15, 51, 26, 69, 31, 146, 77, 139, 76, 9, 82, 0)
s = 57: (0, 31, 84, 150, 71, 31, 63, 8, 59, 9, 93, 155, 81, 32, 5, 35, 124, 48, 143, 22, 40, 41, 200, 16, 31, 35, 20, 62, 40, 94, 22, 23, 22, 88, 65, 4, 87, 102, 26, 8, 89, 13, 101, 39, 291, 31, 10, 123, 37, 85, 41, 79, 7, 19, 35, 150, 30, 49, 116, 11, 120, 98, 20, 28, 78, 34, 118, 139, 146, 122, 31, 28, 11, 107, 44, 23, 40, 19, 42, 113, 23, 25, 23, 112, 44, 127, 37, 166, 66, 17, 88, 0)
s = 58: (0, 26, 155, 101, 57, 39, 50, 14, 30, 9, 72, 227, 41, 24, 7, 24, 98, 46, 171, 20, 75, 49, 125, 24, 18, 20, 14, 59, 23, 39, 30, 14, 47, 44, 19, 2, 53, 146, 63, 10, 132, 13, 120, 28, 242, 23, 10, 155, 64, 70, 29, 59, 8, 20, 46, 181, 28, 63, 176, 13, 272, 162, 24, 32, 112, 60, 79, 112, 108, 113, 36, 26, 14, 59, 53, 24, 48, 16, 28, 179, 11, 25, 21, 118, 34, 170, 86, 152, 127, 15, 75, 0)
s = 59: (0, 24, 97, 111, 73, 50, 56, 12, 33, 14, 114, 132, 40, 75, 7, 18, 170, 83, 173, 11, 55, 49, 145, 14, 12, 41, 26, 93, 24, 60, 32, 22, 20, 52, 51, 2, 70, 101, 36, 10, 66, 16, 165, 59, 187, 22, 7, 246, 62, 130, 31, 94, 5, 17, 56, 146, 39, 72, 143, 14, 261, 137, 24, 27, 99, 37, 92, 72, 137, 109, 24, 35, 16, 119, 64, 23, 43, 18, 18, 191, 21, 36, 36, 78, 37, 153, 32, 202, 109, 11, 109, 0)
s = 60: (0, 15, 121, 83, 38, 22, 100, 12, 46, 9, 119, 115, 37, 60, 8, 26, 185, 39, 189, 13, 33, 48, 192, 31, 16, 27, 22, 60, 40, 61, 34, 25, 39, 40, 37, 2, 46, 104, 33, 13, 109, 16, 200, 53, 244, 28, 15, 204, 44, 87, 27, 66, 5, 15, 30, 172, 47, 43, 165, 15, 143, 151, 21, 39, 107, 73, 120, 115, 162, 178, 19, 28, 16, 89, 64, 24, 41, 31, 23, 149, 14, 30, 29, 72, 20, 234, 59, 301, 103, 17, 101, 0)
s = 61: (0, 24, 81, 181, 62, 43, 64, 9, 40, 15, 124, 121, 43, 44, 5, 17, 141, 56, 115, 12, 50, 44, 186, 15, 20, 24, 17, 43, 29, 55, 27, 16, 20, 32, 43, 2, 54, 139, 49, 8, 74, 15, 160, 39, 121, 22, 10, 92, 41, 65, 30, 82, 5, 25, 41, 174, 73, 69, 219, 16, 224, 158, 27, 29, 102, 33, 68, 119, 120, 112, 19, 28, 11, 88, 50, 33, 50, 22, 25, 145, 13, 35, 29, 113, 37, 245, 60, 115, 146, 8, 86, 0)
s = 62: (0, 42, 67, 96, 63, 48, 43, 9, 53, 10, 158, 90, 55, 60, 7, 45, 128, 35, 78, 16, 38, 58, 105, 21, 15, 27, 17, 84, 22, 35, 38, 12, 19, 35, 27, 2, 63, 76, 41, 7, 64, 13, 100, 24, 143, 25, 10, 139, 51, 68, 32, 110, 6, 14, 45, 220, 42, 37, 204, 10, 129, 76, 28, 25, 125, 68, 76, 101, 191, 154, 48, 37, 13, 90, 52, 28, 46, 23, 27, 209, 20, 33, 23, 68, 35, 325, 33, 180, 102, 12, 72, 0)
s = 63: (0, 42, 139, 108, 76, 24, 108, 11, 43, 8, 92, 165, 42, 55, 8, 36, 148, 54, 85, 25, 38, 57, 124, 31, 14, 16, 23, 116, 59, 89, 36, 11, 34, 37, 53, 2, 53, 99, 33, 8, 110, 9, 74, 23, 211, 33, 8, 114, 62, 118, 33, 57, 4, 10, 40, 141, 59, 46, 145, 10, 152, 199, 21, 33, 136, 54, 112, 125, 111, 186, 27, 22, 16, 80, 33, 33, 40, 26, 28, 119, 10, 23, 34, 94, 45, 201, 38, 153, 132, 10, 81, 0)
s = 64: (0, 26, 109, 93, 58, 30, 42, 9, 48, 14, 65, 143, 40, 42, 5, 52, 208, 62, 165, 12, 48, 57, 174, 22, 22, 30, 14, 57, 31, 56, 16, 14, 23, 40, 42, 3, 36, 145, 49, 19, 114, 13, 137, 30, 232, 30, 12, 145, 60, 130, 26, 95, 4, 11, 51, 177, 75, 76, 168, 11, 259, 156, 21, 25, 117, 40, 79, 106, 110, 154, 21, 22, 16, 127, 43, 25, 35, 30, 24, 78, 15, 32, 42, 66, 27, 136, 34, 172, 106, 13, 57, 0)
s = 65: (0, 27, 83, 106, 70, 30, 41, 17, 43, 13, 134, 111, 38, 54, 6, 40, 111, 32, 124, 23, 53, 51, 177, 30, 19, 18, 13, 76, 45, 41, 42, 27, 28, 52, 31, 2, 85, 117, 48, 12, 127, 17, 157, 41, 159, 25, 12, 201, 88, 105, 54, 83, 4, 18, 43, 240, 53, 67, 132, 21, 135, 111, 33, 22, 142, 27, 124, 126, 96, 125, 22, 30, 13, 65, 66, 15, 50, 15, 22, 116, 12, 30, 32, 100, 24, 165, 38, 141, 102, 15, 65, 0)
s = 66: (0, 19, 140, 148, 59, 48, 66, 10, 35, 13, 90, 87, 55, 55, 14, 19, 113, 68, 136, 29, 40, 92, 120, 12, 13, 45, 15, 125, 47, 56, 20, 25, 37, 44, 47, 2, 48, 97, 54, 14, 73, 8, 59, 45, 216, 18, 10, 161, 45, 87, 22, 105, 4, 22, 36, 76, 26, 74, 91, 21, 174, 113, 23, 27, 101, 43, 93, 208, 89, 169, 32, 31, 10, 89, 37, 20, 39, 15, 31, 115, 12, 21, 47, 88, 30, 87, 27, 290, 101, 11, 58, 0)
s = 67: (0, 22, 147, 87, 63, 27, 60, 9, 40, 7, 153, 151, 44, 48, 8, 18, 213, 81, 104, 22, 37, 67, 189, 32, 24, 19, 21, 87, 25, 50, 20, 10, 18, 70, 24, 2, 40, 92, 52, 13, 82, 10, 156, 25, 311, 44, 9, 166, 68, 92, 37, 92, 4, 11, 33, 146, 40, 72, 145, 13, 198, 134, 24, 31, 131, 50, 116, 125, 154, 98, 39, 23, 16, 53, 48, 23, 34, 23, 21, 160, 13, 30, 20, 85, 33, 183, 46, 194, 71, 12, 56, 0)
s = 68: (0, 14, 141, 154, 62, 31, 42, 10, 46, 8, 94, 90, 38, 35, 5, 23, 146, 62, 179, 15, 29, 50, 93, 17, 24, 23, 17, 62, 34, 49, 34, 20, 21, 64, 53, 3, 39, 67, 54, 9, 137, 11, 97, 28, 129, 18, 12, 101, 45, 52, 36, 70, 4, 22, 36, 254, 30, 69, 177, 20, 190, 190, 25, 28, 172, 32, 130, 82, 120, 154, 30, 26, 15, 56, 38, 18, 45, 28, 30, 123, 12, 25, 18, 68, 27, 117, 36, 233, 139, 18, 105, 0)
s = 69: (0, 29, 130, 141, 70, 31, 35, 9, 27, 12, 126, 113, 42, 38, 7, 30, 144, 40, 144, 28, 66, 39, 151, 23, 12, 37, 19, 50, 27, 47, 38, 14, 17, 41, 26, 2, 39, 126, 60, 14, 100, 11, 104, 37, 141, 25, 10, 117, 74, 70, 19, 87, 6, 25, 40, 184, 40, 49, 189, 19, 144, 187, 27, 51, 108, 29, 108, 212, 128, 167, 30, 28, 10, 90, 51, 23, 30, 22, 18, 139, 17, 27, 20, 105, 38, 230, 52, 212, 135, 12, 44, 0)
s = 70: (0, 14, 92, 174, 69, 20, 84, 8, 35, 11, 87, 235, 56, 42, 5, 29, 142, 68, 89, 22, 49, 54, 137, 20, 22, 20, 12, 75, 32, 58, 36, 17, 28, 54, 32, 2, 58, 142, 51, 10, 103, 20, 122, 48, 264, 40, 7, 96, 43, 144, 23, 112, 8, 18, 41, 128, 73, 36, 260, 19, 211, 126, 16, 42, 59, 30, 79, 121, 93, 102, 40, 24, 13, 58, 46, 30, 54, 37, 37, 100, 12, 36, 43, 84, 20, 119, 28, 249, 66, 13, 51, 0)
s = 71: (0, 23, 58, 118, 53, 25, 37, 14, 30, 10, 104, 159, 40, 24, 9, 21, 92, 44, 71, 20, 58, 46, 147, 29, 17, 22, 23, 49, 25, 71, 44, 18, 29, 34, 31, 2, 84, 120, 65, 8, 100, 17, 79, 54, 118, 40, 10, 166, 73, 106, 39, 60, 5, 20, 62, 114, 37, 32, 123, 9, 130, 115, 25, 24, 137, 30, 91, 200, 97, 187, 21, 20, 10, 150, 55, 30, 30, 32, 27, 78, 16, 35, 33, 59, 27, 135, 32, 195, 93, 12, 70, 0)
s = 72: (0, 27, 91, 116, 53, 57, 54, 10, 43, 14, 117, 163, 28, 59, 6, 20, 190, 69, 122, 18, 56, 42, 117, 28, 20, 17, 21, 69, 58, 65, 28, 23, 21, 75, 40, 3, 42, 179, 68, 7, 129, 17, 82, 30, 174, 32, 10, 140, 39, 81, 33, 130, 4, 11, 49, 164, 79, 48, 162, 16, 221, 79, 41, 25, 132, 40, 82, 158, 103, 139, 41, 29, 14, 120, 67, 17, 38, 17, 44, 81, 12, 26, 25, 149, 36, 196, 43, 258, 103, 14, 66, 0)
s = 73: (0, 17, 89, 109, 47, 32, 45, 16, 40, 9, 155, 240, 43, 32, 9, 31, 143, 60, 87, 15, 44, 76, 129, 30, 15, 49, 17, 63, 19, 44, 33, 20, 34, 73, 54, 2, 42, 132, 33, 9, 72, 10, 130, 52, 238, 46, 11, 107, 55, 89, 28, 97, 3, 19, 30, 206, 30, 62, 91, 13, 280, 136, 22, 20, 140, 56, 78, 98, 94, 122, 23, 23, 13, 98, 70, 23, 45, 34, 30, 120, 15, 24, 21, 89, 21, 222, 46, 185, 150, 8, 107, 0)
s = 74: (0, 25, 108, 159, 122, 25, 39, 10, 34, 9, 135, 167, 34, 31, 4, 19, 142, 58, 79, 15, 52, 45, 172, 16, 16, 31, 12, 49, 35, 34, 32, 12, 30, 63, 72, 2, 42, 98, 50, 7, 75, 21, 119, 27, 151, 44, 8, 175, 60, 117, 26, 90, 8, 22, 25, 129, 83, 62, 195, 21, 164, 198, 12, 30, 121, 72, 105, 173, 106, 156, 17, 29, 17, 70, 53, 27, 51, 36, 15, 130, 9, 33, 35, 80, 32, 228, 56, 183, 95, 9, 88, 0)
s = 75: (0, 34, 102, 183, 47, 32, 55, 14, 53, 8, 92, 104, 63, 40, 6, 21, 119, 55, 125, 27, 57, 35, 129, 13, 11, 25, 14, 81, 27, 43, 33, 16, 25, 46, 31, 2, 55, 102, 27, 12, 126, 11, 134, 33, 193, 24, 7, 127, 82, 113, 24, 123, 4, 15, 51, 81, 41, 50, 113, 20, 195, 164, 26, 29, 108, 33, 96, 104, 92, 134, 37, 27, 16, 81, 42, 19, 35, 30, 36, 64, 16, 35, 22, 107, 25, 119, 40, 238, 165, 11, 77, 0)
s = 76: (0, 35, 119, 102, 87, 23, 61, 10, 23, 6, 93, 194, 56, 43, 5, 36, 112, 80, 173, 14, 54, 54, 209, 20, 21, 42, 18, 48, 58, 29, 27, 19, 34, 68, 28, 3, 97, 82, 28, 13, 70, 12, 173, 51, 113, 33, 10, 184, 83, 174, 47, 112, 7, 15, 54, 129, 52, 54, 96, 12, 177, 84, 23, 55, 99, 45, 143, 100, 101, 154, 30, 18, 11, 54, 37, 27, 47, 21, 40, 94, 13, 46, 43, 97, 21, 109, 52, 233, 103, 11, 49, 0)
s = 77: (0, 23, 71, 141, 42, 20, 57, 8, 33, 10, 88, 222, 56, 41, 5, 23, 212, 53, 122, 26, 36, 72, 120, 32, 20, 30, 25, 80, 28, 94, 22, 18, 33, 59, 25, 3, 56, 115, 34, 11, 66, 11, 141, 31, 193, 38, 11, 141, 67, 142, 40, 73, 6, 15, 28, 122, 60, 42, 135, 8, 245, 229, 20, 25, 124, 74, 129, 114, 134, 226, 36, 21, 14, 60, 70, 28, 37, 17, 32, 67, 25, 38, 32, 94, 34, 113, 33, 215, 119, 11, 92, 0)
s = 78: (0, 19, 81, 107, 83, 26, 50, 13, 25, 10, 116, 131, 44, 24, 8, 25, 137, 85, 95, 30, 66, 64, 181, 19, 16, 17, 14, 64, 38, 38, 38, 14, 46, 72, 44, 2, 60, 104, 36, 11, 72, 14, 72, 39, 115, 38, 9, 182, 60, 58, 28, 76, 5, 24, 52, 118, 46, 43, 140, 16, 126, 117, 21, 24, 127, 45, 90, 119, 96, 75, 44, 37, 20, 66, 46, 19, 25, 21, 27, 82, 25, 26, 36, 104, 25, 133, 85, 125, 113, 12, 48, 0)
s = 79: (0, 36, 67, 105, 106, 26, 41, 8, 26, 13, 68, 221, 42, 23, 7, 28, 152, 40, 122, 25, 25, 32, 189, 17, 20, 24, 17, 56, 31, 61, 22, 12, 40, 63, 30, 2, 47, 75, 36, 12, 110, 8, 125, 32, 158, 24, 9, 127, 57, 59, 51, 102, 6, 28, 53, 158, 49, 65, 290, 22, 176, 95, 29, 40, 129, 47, 116, 102, 114, 140, 26, 36, 11, 60, 43, 22, 37, 21, 25, 78, 16, 19, 48, 97, 34, 213, 39, 271, 164, 16, 98, 0)
s = 80: (0, 20, 112, 78, 60, 26, 99, 11, 40, 18, 100, 107, 59, 36, 5, 29, 208, 60, 138, 18, 31, 65, 164, 17, 15, 32, 21, 104, 48, 49, 25, 24, 34, 40, 28, 2, 48, 152, 58, 10, 175, 19, 120, 26, 140, 26, 10, 113, 68, 109, 22, 77, 4, 15, 27, 121, 33, 39, 93, 10, 182, 231, 24, 45, 138, 78, 75, 155, 72, 138, 44, 26, 10, 82, 47, 15, 38, 42, 22, 89, 13, 27, 26, 85, 42, 158, 52, 228, 125, 15, 86, 0)
s = 81: (0, 17, 98, 219, 59, 21, 41, 8, 51, 15, 134, 139, 62, 28, 6, 21, 231, 48, 89, 20, 35, 39, 90, 18, 24, 23, 16, 83, 24, 52, 42, 20, 16, 64, 26, 2, 43, 85, 64, 11, 76, 19, 79, 47, 241, 26, 11, 108, 50, 126, 35, 53, 5, 10, 31, 139, 43, 44, 191, 16, 195, 72, 26, 46, 78, 46, 157, 161, 128, 109, 18, 27, 17, 83, 38, 19, 38, 23, 24, 119, 13, 37, 23, 77, 31, 166, 36, 309, 91, 12, 60, 0)
s = 82: (0, 15, 135, 225, 99, 42, 104, 9, 48, 7, 119, 96, 47, 46, 6, 29, 144, 52, 126, 29, 57, 35, 208, 17, 20, 34, 18, 70, 42, 37, 20, 10, 21, 63, 29, 3, 54, 91, 37, 19, 62, 17, 100, 36, 249, 35, 9, 217, 64, 85, 30, 86, 7, 18, 47, 196, 52, 70, 118, 10, 186, 135, 22, 20, 98, 48, 181, 105, 91, 101, 25, 24, 11, 83, 37, 19, 55, 18, 34, 91, 11, 15, 28, 124, 24, 198, 56, 141, 101, 13, 109, 0)
s = 83: (0, 33, 74, 99, 61, 25, 87, 7, 28, 14, 131, 162, 52, 43, 9, 26, 122, 83, 124, 21, 29, 33, 146, 18, 12, 26, 13, 40, 30, 52, 30, 14, 22, 44, 33, 2, 57, 110, 29, 12, 77, 13, 94, 43, 236, 24, 15, 190, 35, 69, 32, 60, 4, 12, 32, 216, 47, 57, 134, 29, 213, 90, 16, 33, 88, 36, 96, 119, 105, 114, 40, 21, 12, 79, 62, 29, 39, 17, 25, 81, 14, 27, 24, 58, 29, 213, 36, 225, 110, 14, 82, 0)
s = 84: (0, 24, 97, 145, 53, 35, 34, 8, 51, 11, 104, 92, 37, 48, 11, 55, 218, 41, 117, 26, 34, 78, 108, 20, 26, 26, 18, 107, 21, 57, 36, 15, 54, 38, 54, 3, 59, 78, 49, 11, 136, 12, 132, 25, 182, 17, 8, 127, 67, 72, 29, 65, 8, 16, 43, 105, 54, 36, 83, 13, 237, 95, 27, 44, 99, 29, 108, 80, 94, 121, 26, 32, 13, 98, 77, 17, 49, 31, 25, 115, 18, 46, 26, 106, 20, 232, 38, 145, 98, 9, 86, 0)
s = 85: (0, 20, 99, 154, 54, 19, 90, 13, 35, 15, 87, 124, 55, 67, 5, 15, 212, 74, 97, 14, 35, 47, 212, 18, 19, 20, 12, 81, 42, 88, 28, 31, 31, 71, 20, 2, 66, 100, 61, 11, 101, 11, 72, 29, 200, 26, 14, 178, 38, 98, 28, 88, 5, 11, 48, 129, 36, 37, 157, 16, 215, 148, 16, 30, 89, 39, 112, 155, 114, 154, 46, 25, 17, 93, 41, 22, 35, 37, 27, 104, 24, 23, 39, 99, 24, 205, 43, 177, 139, 12, 62, 0)
s = 86: (0, 35, 138, 78, 65, 23, 72, 14, 28, 13, 73, 184, 50, 35, 12, 20, 111, 61, 159, 12, 63, 47, 150, 27, 22, 23, 16, 71, 29, 44, 37, 13, 18, 47, 26, 2, 54, 128, 87, 14, 113, 15, 97, 55, 211, 40, 14, 148, 57, 66, 22, 81, 4, 14, 31, 93, 49, 78, 168, 9, 197, 95, 18, 26, 68, 33, 110, 160, 112, 92, 27, 33, 17, 117, 61, 22, 37, 33, 32, 80, 11, 37, 19, 75, 31, 122, 38, 172, 108, 12, 83, 0)
s = 87: (0, 30, 96, 225, 58, 23, 68, 10, 39, 9, 115, 138, 47, 51, 5, 42, 100, 49, 115, 28, 58, 67, 120, 20, 20, 45, 15, 56, 29, 36, 32, 13, 37, 39, 26, 2, 86, 96, 24, 17, 64, 10, 142, 60, 248, 16, 13, 257, 72, 98, 48, 94, 4, 20, 42, 119, 60, 56, 230, 8, 248, 95, 22, 25, 173, 61, 97, 107, 100, 167, 30, 25, 16, 112, 51, 27, 62, 27, 35, 168, 17, 32, 29, 130, 23, 176, 38, 186, 113, 17, 59, 0)
s = 88: (0, 31, 123, 119, 59, 21, 59, 8, 30, 12, 101, 261, 43, 27, 6, 23, 139, 62, 119, 20, 61, 40, 81, 27, 18, 27, 15, 59, 57, 39, 36, 23, 33, 62, 26, 2, 46, 151, 42, 14, 96, 15, 163, 52, 188, 24, 12, 227, 40, 90, 44, 107, 6, 20, 25, 87, 71, 45, 143, 11, 96, 139, 23, 33, 86, 42, 131, 153, 165, 154, 21, 42, 11, 75, 52, 22, 27, 24, 35, 133, 22, 24, 41, 137, 19, 184, 61, 183, 105, 15, 64, 0)
s = 89: (0, 16, 131, 197, 80, 36, 52, 8, 56, 17, 93, 199, 39, 54, 10, 23, 133, 42, 112, 20, 45, 52, 190, 30, 19, 30, 19, 77, 27, 37, 33, 18, 34, 56, 58, 2, 76, 101, 41, 9, 88, 10, 143, 30, 212, 20, 12, 188, 72, 69, 24, 72, 7, 23, 34, 170, 63, 46, 140, 11, 174, 158, 18, 41, 84, 42, 103, 121, 58, 167, 24, 45, 23, 85, 79, 30, 48, 21, 30, 207, 16, 31, 20, 102, 27, 173, 50, 149, 93, 12, 96, 0)
s = 90: (0, 24, 134, 81, 96, 33, 40, 11, 22, 12, 102, 145, 38, 53, 9, 32, 217, 57, 110, 13, 69, 75, 141, 16, 14, 24, 15, 52, 70, 34, 25, 14, 25, 61, 26, 3, 80, 126, 55, 13, 70, 20, 131, 43, 157, 29, 14, 133, 35, 99, 39, 52, 4, 17, 32, 167, 38, 76, 248, 12, 156, 180, 21, 25, 118, 56, 89, 104, 78, 94, 21, 34, 16, 93, 54, 25, 51, 35, 23, 160, 27, 21, 17, 107, 20, 150, 60, 234, 75, 9, 85, 0)
s = 91: (0, 23, 101, 111, 62, 21, 100, 9, 58, 17, 179, 218, 29, 35, 5, 34, 196, 90, 175, 15, 47, 34, 161, 17, 24, 22, 17, 84, 41, 34, 36, 13, 19, 68, 31, 2, 61, 60, 44, 15, 62, 14, 77, 24, 285, 38, 13, 112, 65, 77, 39, 87, 6, 16, 38, 197, 30, 57, 136, 10, 166, 165, 26, 23, 166, 47, 82, 127, 76, 81, 18, 22, 13, 95, 49, 19, 40, 32, 18, 117, 10, 26, 17, 96, 29, 164, 71, 115, 107, 12, 86, 0)
s = 92: (0, 30, 110, 164, 99, 20, 56, 8, 45, 9, 160, 110, 38, 43, 5, 29, 197, 44, 73, 23, 56, 56, 148, 27, 22, 26, 18, 46, 22, 54, 19, 14, 52, 57, 28, 3, 54, 108, 53, 9, 95, 18, 123, 30, 199, 33, 11, 195, 45, 60, 31, 106, 6, 10, 27, 201, 48, 38, 107, 14, 123, 85, 28, 35, 141, 39, 99, 93, 124, 117, 19, 35, 9, 98, 51, 17, 36, 17, 17, 84, 21, 28, 29, 77, 59, 147, 62, 165, 103, 11, 82, 0)
s = 93: (0, 13, 83, 103, 53, 29, 61, 9, 30, 9, 133, 167, 53, 44, 7, 30, 142, 40, 148, 19, 40, 38, 208, 27, 21, 25, 15, 85, 54, 56, 17, 16, 39, 59, 45, 3, 79, 154, 42, 9, 71, 20, 204, 33, 199, 30, 11, 166, 38, 102, 20, 65, 7, 26, 60, 98, 42, 56, 238, 11, 187, 159, 31, 31, 86, 51, 90, 107, 71, 120, 17, 21, 11, 59, 51, 31, 43, 40, 42, 82, 16, 41, 17, 75, 32, 182, 67, 147, 80, 9, 99, 0)
s = 94: (0, 33, 95, 129, 49, 45, 50, 12, 32, 14, 171, 203, 77, 35, 10, 20, 165, 49, 227, 28, 34, 43, 99, 21, 15, 26, 16, 80, 38, 54, 42, 21, 26, 46, 44, 2, 38, 89, 53, 16, 64, 15, 109, 42, 236, 25, 7, 162, 31, 87, 25, 110, 6, 13, 34, 125, 68, 37, 258, 20, 242, 139, 12, 34, 100, 46, 82, 96, 103, 201, 21, 40, 19, 52, 52, 22, 44, 29, 16, 128, 13, 29, 24, 127, 21, 227, 38, 159, 122, 14, 60, 0)
s = 95: (0, 24, 79, 145, 95, 30, 60, 8, 34, 15, 80, 150, 61, 59, 7, 18, 135, 82, 153, 22, 53, 42, 103, 19, 14, 28, 21, 66, 34, 36, 16, 18, 20, 32, 51, 3, 54, 72, 34, 13, 57, 16, 84, 53, 152, 27, 7, 159, 56, 117, 41, 79, 5, 20, 49, 117, 65, 40, 144, 12, 194, 84, 16, 34, 90, 55, 89, 147, 116, 129, 41, 25, 13, 75, 44, 16, 33, 17, 33, 87, 15, 31, 40, 156, 25, 183, 82, 105, 70, 15, 67, 0)
s = 96: (0, 27, 206, 171, 82, 28, 72, 8, 43, 10, 82, 127, 36, 45, 7, 33, 77, 50, 82, 17, 53, 27, 190, 17, 13, 21, 21, 74, 26, 40, 25, 23, 29, 55, 53, 3, 63, 127, 46, 8, 61, 22, 121, 42, 242, 20, 10, 165, 68, 88, 29, 119, 4, 17, 29, 98, 53, 43, 217, 9, 228, 180, 23, 32, 157, 38, 64, 137, 133, 107, 22, 32, 28, 136, 52, 29, 32, 33, 33, 106, 19, 28, 30, 82, 24, 228, 39, 116, 112, 12, 47, 0)
s = 97: (0, 32, 147, 78, 90, 23, 71, 7, 65, 12, 111, 210, 44, 51, 6, 24, 110, 51, 90, 32, 52, 38, 159, 13, 13, 32, 14, 93, 46, 32, 18, 14, 29, 52, 30, 2, 83, 131, 46, 9, 82, 12, 192, 47, 173, 39, 9, 226, 28, 65, 30, 58, 4, 19, 31, 105, 36, 33, 206, 12, 247, 107, 34, 37, 73, 79, 54, 166, 124, 125, 21, 36, 13, 51, 38, 24, 28, 20, 38, 142, 11, 33, 18, 116, 26, 249, 35, 222, 130, 11, 93, 0)
s = 98: (0, 36, 123, 126, 74, 43, 49, 13, 40, 9, 188, 120, 60, 41, 10, 24, 164, 61, 215, 18, 57, 31, 194, 26, 13, 38, 14, 104, 41, 56, 23, 22, 29, 65, 23, 3, 58, 150, 48, 11, 100, 11, 67, 32, 180, 23, 8, 106, 67, 77, 36, 135, 7, 11, 31, 89, 50, 55, 133, 23, 204, 128, 24, 34, 102, 50, 102, 79, 89, 148, 27, 35, 15, 108, 35, 23, 44, 20, 32, 121, 13, 28, 30, 158, 42, 230, 26, 252, 85, 10, 64, 0)
s = 99: (0, 18, 81, 123, 57, 28, 67, 12, 39, 12, 203, 186, 39, 31, 8, 34, 92, 33, 159, 19, 64, 54, 151, 21, 20, 19, 18, 49, 20, 66, 51, 21, 22, 47, 42, 2, 81, 170, 52, 13, 73, 13, 150, 71, 275, 22, 8, 117, 72, 105, 32, 111, 8, 15, 48, 114, 68, 69, 160, 16, 178, 201, 28, 36, 111, 31, 83, 85, 154, 207, 23, 21, 22, 59, 53, 25, 42, 17, 47, 77, 15, 38, 26, 166, 41, 124, 26, 186, 83, 9, 65, 0)
s = 100: (0, 25, 99, 130, 53, 25, 73, 6, 35, 18, 101, 84, 29, 28, 6, 17, 89, 78, 102, 14, 37, 43, 152, 16, 15, 31, 13, 64, 32, 51, 27, 14, 26, 56, 30, 2, 89, 164, 47, 12, 88, 14, 128, 43, 137, 26, 9, 120, 60, 140, 23, 112, 4, 14, 47, 214, 84, 38, 133, 14, 146, 158, 16, 42, 89, 71, 91, 121, 77, 104, 27, 18, 14, 99, 51, 15, 35, 25, 33, 137, 16, 29, 20, 110, 32, 210, 30, 322, 100, 17, 59, 0)
s = 101: (0, 44, 154, 143, 68, 29, 60, 12, 47, 11, 84, 159, 45, 59, 5, 21, 106, 49, 97, 18, 63, 64, 131, 16, 19, 26, 19, 78, 39, 73, 33, 14, 36, 42, 31, 2, 64, 78, 29, 14, 75, 15, 108, 23, 193, 26, 7, 186, 57, 96, 27, 71, 9, 18, 39, 202, 57, 53, 193, 19, 149, 130, 29, 40, 101, 37, 63, 101, 122, 107, 39, 26, 20, 130, 46, 30, 47, 25, 50, 111, 14, 32, 25, 114, 32, 130, 35, 106, 89, 19, 82, 0)
s = 102: (0, 21, 170, 169, 45, 32, 62, 7, 36, 13, 140, 108, 38, 30, 9, 31, 141, 80, 131, 18, 58, 43, 110, 27, 15, 18, 14, 66, 29, 67, 20, 15, 36, 96, 30, 3, 57, 157, 37, 9, 92, 15, 79, 29, 172, 20, 8, 260, 41, 111, 26, 120, 9, 16, 47, 233, 40, 54, 154, 15, 187, 169, 13, 27, 69, 53, 128, 99, 89, 127, 17, 38, 10, 84, 38, 25, 25, 30, 25, 152, 14, 42, 27, 115, 30, 147, 36, 97, 105, 12, 57, 0)
s = 103: (0, 32, 118, 145, 113, 23, 67, 11, 43, 12, 91, 184, 63, 31, 8, 30, 159, 50, 71, 29, 32, 58, 135, 26, 20, 33, 19, 85, 45, 52, 20, 18, 31, 75, 19, 2, 46, 85, 48, 11, 85, 16, 102, 60, 151, 23, 7, 143, 75, 152, 36, 78, 6, 14, 39, 97, 43, 49, 170, 10, 162, 96, 20, 18, 87, 40, 135, 225, 82, 171, 21, 21, 9, 110, 45, 26, 38, 20, 35, 104, 11, 34, 19, 84, 51, 204, 37, 202, 164, 8, 110, 0)
s = 104: (0, 37, 68, 186, 51, 25, 38, 7, 24, 14, 145, 155, 57, 48, 7, 34, 136, 49, 139, 19, 34, 93, 82, 18, 22, 21, 24, 52, 39, 53, 32, 21, 30, 62, 36, 2, 82, 88, 32, 10, 95, 19, 109, 28, 132, 38, 10, 76, 86, 127, 53, 67, 8, 18, 39, 107, 48, 56, 207, 15, 192, 154, 18, 23, 87, 29, 152, 149, 95, 88, 25, 31, 9, 79, 67, 19, 36, 23, 20, 132, 12, 23, 24, 115, 42, 213, 43, 159, 123, 15, 51, 0)
s = 105: (0, 29, 146, 196, 75, 31, 69, 8, 44, 11, 81, 210, 45, 28, 9, 17, 119, 39, 188, 31, 55, 42, 161, 21, 12, 25, 27, 87, 34, 46, 29, 10, 27, 55, 46, 3, 52, 89, 37, 7, 55, 8, 139, 79, 125, 36, 13, 83, 62, 83, 30, 64, 6, 12, 70, 254, 40, 36, 236, 16, 111, 192, 23, 21, 146, 40, 156, 84, 124, 121, 21, 26, 18, 84, 48, 17, 57, 15, 23, 91, 12, 36, 21, 55, 20, 209, 54, 302, 140, 10, 101, 0)
s = 106: (0, 28, 97, 240, 71, 35, 38, 10, 23, 17, 146, 191, 42, 64, 6, 38, 218, 65, 169, 29, 60, 41, 99, 26, 18, 36, 10, 56, 49, 50, 26, 20, 21, 62, 31, 2, 52, 67, 39, 14, 110, 18, 198, 60, 138, 30, 12, 167, 46, 74, 20, 82, 4, 21, 37, 170, 48, 34, 86, 12, 254, 79, 20, 17, 134, 44, 75, 80, 88, 122, 23, 15, 13, 67, 43, 26, 30, 21, 20, 68, 21, 20, 21, 67, 31, 215, 58, 256, 87, 11, 94, 0)
s = 107: (0, 17, 71, 118, 66, 29, 62, 12, 35, 9, 134, 154, 30, 36, 11, 48, 150, 75, 133, 20, 72, 58, 91, 20, 28, 16, 11, 104, 48, 83, 19, 17, 29, 69, 35, 3, 36, 162, 57, 11, 83, 12, 80, 37, 114, 24, 10, 87, 66, 101, 35, 63, 6, 10, 68, 87, 32, 55, 180, 19, 158, 105, 16, 25, 149, 29, 68, 90, 109, 124, 39, 31, 14, 81, 31, 27, 40, 26, 27, 84, 13, 19, 35, 115, 31, 208, 46, 127, 66, 11, 57, 0)
s = 108: (0, 19, 123, 102, 70, 42, 43, 11, 52, 9, 167, 157, 31, 31, 6, 30, 148, 76, 83, 15, 73, 43, 134, 23, 18, 20, 14, 44, 27, 60, 25, 15, 27, 54, 33, 2, 86, 111, 45, 12, 76, 10, 103, 30, 175, 33, 13, 100, 87, 161, 26, 75, 6, 12, 50, 172, 31, 47, 188, 14, 215, 88, 18, 25, 124, 45, 135, 71, 87, 153, 43, 20, 14, 79, 43, 19, 50, 15, 41, 84, 12, 25, 46, 116, 35, 95, 44, 193, 106, 13, 67, 0)
s = 109: (0, 33, 100, 157, 83, 35, 53, 12, 25, 14, 103, 96, 49, 41, 6, 24, 138, 55, 107, 20, 59, 86, 123, 29, 15, 37, 9, 108, 45, 59, 31, 10, 18, 39, 31, 3, 85, 104, 29, 11, 85, 22, 141, 56, 135, 47, 15, 223, 62, 98, 27, 110, 7, 16, 36, 81, 66, 60, 135, 14, 235, 223, 29, 22, 115, 37, 77, 90, 105, 94, 42, 23, 10, 61, 37, 37, 37, 24, 40, 94, 20, 18, 38, 118, 33, 108, 35, 216, 135, 10, 75, 0)
s = 110: (0, 15, 79, 131, 54, 28, 54, 8, 28, 16, 71, 93, 56, 41, 9, 23, 137, 37, 94, 13, 32, 50, 263, 22, 17, 18, 14, 65, 28, 45, 35, 18, 19, 38, 43, 3, 40, 125, 37, 11, 84, 11, 129, 38, 110, 24, 12, 144, 89, 144, 40, 50, 6, 14, 52, 184, 40, 46, 107, 8, 250, 87, 28, 32, 106, 41, 76, 109, 140, 144, 31, 38, 9, 57, 40, 25, 53, 25, 25, 120, 9, 38, 24, 120, 22, 165, 41, 244, 112, 7, 86, 0)
s = 111: (0, 18, 76, 129, 115, 20, 39, 13, 39, 18, 83, 197, 62, 52, 6, 43, 80, 57, 101, 26, 70, 61, 179, 23, 19, 35, 24, 93, 32, 36, 21, 18, 34, 84, 45, 3, 48, 77, 68, 10, 82, 15, 139, 37, 117, 25, 7, 160, 63, 69, 41, 71, 5, 33, 30, 160, 58, 44, 177, 11, 246, 166, 15, 35, 126, 33, 131, 112, 138, 80, 27, 19, 10, 110, 37, 36, 28, 36, 21, 155, 10, 34, 22, 126, 31, 275, 40, 129, 84, 15, 72, 0)
s = 112: (0, 22, 71, 88, 52, 39, 64, 10, 37, 21, 159, 259, 44, 57, 9, 31, 124, 77, 113, 28, 39, 73, 162, 13, 14, 17, 14, 90, 26, 63, 23, 16, 25, 37, 43, 3, 61, 80, 35, 17, 95, 24, 109, 42, 296, 22, 10, 154, 49, 137, 42, 91, 5, 16, 36, 98, 56, 65, 140, 14, 154, 199, 15, 41, 112, 30, 126, 118, 91, 160, 25, 22, 8, 87, 49, 35, 33, 23, 22, 143, 20, 45, 21, 72, 39, 162, 40, 226, 109, 12, 104, 0)
s = 113: (0, 15, 106, 152, 55, 25, 73, 13, 45, 16, 79, 130, 58, 31, 13, 35, 230, 87, 157, 15, 37, 42, 119, 16, 29, 26, 21, 85, 33, 66, 27, 14, 29, 55, 65, 2, 75, 69, 54, 13, 63, 15, 160, 41, 169, 34, 14, 151, 36, 126, 24, 69, 7, 12, 32, 142, 31, 75, 150, 13, 132, 144, 32, 23, 137, 34, 67, 129, 158, 127, 24, 46, 19, 78, 85, 24, 49, 36, 27, 95, 10, 23, 30, 94, 28, 135, 55, 118, 135, 15, 57, 0)
s = 114: (0, 24, 83, 92, 119, 43, 52, 7, 41, 8, 111, 165, 53, 33, 4, 24, 103, 47, 139, 18, 42, 35, 164, 21, 29, 25, 13, 59, 32, 48, 31, 16, 39, 37, 37, 3, 62, 71, 52, 11, 77, 9, 172, 47, 134, 44, 8, 94, 52, 82, 25, 109, 4, 25, 58, 152, 57, 35, 163, 11, 234, 161, 17, 45, 113, 51, 91, 151, 183, 176, 40, 22, 15, 52, 41, 26, 49, 36, 32, 161, 14, 27, 20, 78, 28, 240, 41, 183, 98, 13, 68, 0)
s = 115: (0, 13, 132, 81, 69, 20, 51, 15, 30, 10, 150, 223, 40, 33, 10, 32, 165, 41, 72, 22, 46, 28, 81, 17, 21, 28, 17, 45, 33, 29, 27, 10, 21, 46, 31, 2, 61, 162, 45, 11, 129, 18, 85, 41, 217, 34, 8, 87, 59, 89, 49, 73, 7, 28, 34, 132, 57, 61, 162, 18, 125, 183, 22, 32, 134, 29, 95, 206, 173, 117, 29, 25, 17, 63, 65, 22, 50, 20, 16, 121, 13, 19, 37, 73, 48, 179, 70, 145, 105, 11, 107, 0)
s = 116: (0, 29, 106, 117, 73, 39, 79, 10, 23, 11, 123, 193, 44, 56, 5, 28, 252, 54, 174, 15, 56, 32, 236, 20, 15, 23, 18, 87, 24, 50, 24, 17, 35, 53, 44, 2, 41, 119, 44, 15, 121, 12, 158, 37, 116, 39, 9, 159, 71, 73, 38, 66, 4, 13, 65, 133, 46, 34, 103, 12, 208, 99, 27, 34, 68, 37, 75, 144, 111, 198, 26, 23, 10, 52, 65, 23, 28, 37, 27, 76, 17, 25, 17, 65, 32, 154, 26, 198, 96, 13, 70, 0)
s = 117: (0, 29, 122, 102, 57, 47, 39, 8, 42, 12, 104, 97, 37, 52, 6, 25, 112, 64, 172, 28, 34, 39, 226, 22, 15, 36, 21, 89, 28, 41, 25, 11, 41, 57, 44, 2, 38, 56, 54, 8, 111, 10, 131, 31, 151, 23, 15, 166, 49, 107, 19, 58, 6, 23, 68, 99, 46, 48, 172, 11, 147, 138, 17, 17, 108, 52, 136, 85, 123, 121, 30, 23, 8, 76, 31, 45, 44, 45, 17, 187, 15, 30, 24, 95, 28, 177, 49, 95, 106, 17, 69, 0)
s = 118: (0, 17, 66, 94, 57, 37, 41, 9, 41, 10, 100, 87, 40, 28, 8, 38, 137, 45, 116, 21, 39, 29, 148, 19, 20, 33, 10, 76, 54, 55, 28, 16, 41, 37, 23, 3, 70, 176, 42, 10, 158, 14, 91, 44, 150, 21, 8, 229, 71, 84, 31, 79, 5, 13, 27, 194, 42, 60, 129, 15, 155, 82, 22, 22, 110, 29, 133, 99, 163, 201, 44, 26, 17, 69, 77, 19, 25, 30, 29, 75, 15, 18, 21, 58, 32, 229, 48, 209, 81, 10, 89, 0)
s = 119: (0, 42, 100, 110, 38, 40, 49, 6, 43, 14, 92, 121, 40, 37, 7, 27, 199, 45, 104, 19, 53, 53, 173, 21, 11, 19, 18, 66, 37, 50, 19, 16, 30, 61, 30, 2, 44, 121, 32, 12, 49, 13, 108, 39, 200, 34, 15, 154, 40, 133, 19, 84, 5, 21, 38, 221, 25, 59, 236, 9, 137, 180, 17, 18, 67, 30, 79, 111, 190, 111, 44, 36, 14, 53, 54, 23, 36, 35, 33, 109, 13, 29, 37, 146, 23, 136, 54, 122, 108, 9, 60, 0)
s = 120: (0, 43, 72, 122, 54, 41, 63, 7, 26, 14, 154, 143, 48, 36, 6, 33, 202, 60, 97, 12, 46, 48, 105, 19, 14, 40, 16, 61, 34, 36, 41, 11, 21, 64, 37, 3, 78, 92, 31, 9, 110, 17, 140, 32, 110, 36, 7, 92, 75, 90, 33, 85, 6, 13, 32, 183, 48, 49, 142, 14, 186, 150, 28, 25, 133, 31, 153, 125, 65, 144, 34, 42, 12, 105, 60, 39, 26, 27, 33, 154, 18, 39, 28, 103, 31, 97, 57, 93, 161, 7, 64, 0)
s = 121: (0, 20, 107, 147, 97, 36, 51, 9, 30, 9, 122, 112, 44, 52, 6, 33, 102, 35, 176, 17, 68, 81, 122, 27, 17, 39, 17, 86, 32, 48, 23, 19, 16, 79, 32, 3, 46, 69, 62, 12, 55, 13, 137, 59, 167, 23, 17, 185, 72, 112, 34, 92, 7, 13, 35, 125, 45, 63, 240, 16, 140, 108, 17, 46, 78, 50, 129, 158, 103, 154, 26, 18, 18, 62, 47, 16, 37, 16, 31, 93, 14, 24, 18, 67, 26, 92, 63, 103, 155, 17, 66, 0)
s = 122: (0, 31, 156, 92, 54, 25, 63, 11, 25, 10, 158, 202, 63, 25, 9, 45, 85, 67, 197, 21, 45, 51, 108, 11, 24, 19, 21, 40, 44, 34, 23, 11, 21, 40, 42, 2, 43, 108, 47, 8, 96, 14, 110, 26, 252, 18, 12, 80, 56, 112, 22, 61, 4, 21, 43, 95, 57, 54, 158, 19, 181, 100, 27, 31, 66, 35, 104, 132, 109, 80, 29, 36, 13, 78, 31, 19, 35, 18, 27, 125, 18, 22, 30, 142, 27, 187, 37, 139, 96, 19, 114, 0)
s = 123: (0, 29, 171, 116, 84, 45, 53, 13, 33, 15, 116, 173, 28, 39, 8, 17, 206, 53, 109, 21, 38, 29, 153, 17, 19, 26, 13, 65, 27, 39, 19, 13, 24, 42, 65, 2, 70, 76, 52, 7, 68, 9, 150, 28, 193, 32, 10, 158, 38, 61, 49, 57, 5, 12, 36, 173, 59, 35, 180, 16, 168, 108, 18, 33, 66, 25, 100, 91, 116, 110, 35, 23, 11, 60, 80, 24, 55, 22, 36, 141, 9, 33, 27, 146, 23, 171, 45, 326, 114, 17, 66, 0)
s = 124: (0, 24, 203, 137, 56, 32, 49, 10, 42, 17, 164, 207, 50, 22, 11, 21, 215, 56, 83, 29, 28, 89, 143, 12, 18, 25, 20, 87, 70, 63, 26, 14, 21, 55, 51, 4, 59, 101, 37, 8, 113, 14, 104, 36, 117, 25, 11, 127, 63, 141, 50, 50, 6, 14, 37, 96, 38, 64, 200, 10, 120, 129, 27, 20, 124, 50, 107, 223, 102, 91, 34, 23, 15, 70, 40, 18, 44, 32, 30, 173, 14, 30, 24, 105, 27, 202, 48, 182, 86, 16, 59, 0)
s = 125: (0, 26, 94, 132, 49, 36, 48, 11, 33, 12, 161, 142, 41, 58, 10, 22, 218, 45, 108, 18, 32, 38, 79, 27, 14, 27, 21, 72, 41, 84, 35, 14, 19, 61, 43, 2, 70, 81, 51, 8, 68, 13, 73, 35, 244, 28, 7, 137, 70, 167, 21, 137, 4, 18, 29, 158, 77, 61, 144, 9, 166, 156, 18, 40, 91, 70, 59, 109, 62, 109, 30, 22, 16, 94, 62, 24, 56, 19, 26, 105, 15, 36, 39, 87, 24, 207, 57, 219, 117, 13, 93, 0)
s = 126: (0, 21, 99, 119, 67, 20, 87, 11, 47, 8, 83, 122, 43, 42, 8, 26, 104, 59, 99, 15, 29, 31, 151, 23, 11, 30, 18, 109, 25, 51, 20, 24, 31, 58, 29, 2, 50, 85, 46, 15, 76, 17, 107, 39, 251, 30, 10, 111, 77, 69, 52, 79, 3, 18, 44, 207, 48, 34, 124, 10, 126, 117, 17, 40, 97, 33, 65, 74, 93, 110, 45, 30, 12, 85, 43, 32, 31, 28, 37, 86, 20, 22, 22, 103, 31, 153, 36, 252, 118, 10, 72, 0)
s = 127: (0, 31, 102, 175, 74, 33, 64, 12, 44, 19, 105, 185, 66, 45, 4, 25, 130, 38, 141, 22, 52, 34, 217, 14, 28, 27, 9, 56, 33, 35, 27, 20, 25, 65, 39, 2, 59, 94, 71, 12, 104, 14, 119, 27, 145, 35, 13, 75, 55, 98, 32, 54, 7, 16, 52, 117, 36, 54, 101, 11, 138, 150, 27, 51, 148, 47, 94, 92, 75, 219, 20, 17, 20, 73, 40, 25, 33, 20, 21, 104, 23, 22, 23, 52, 31, 116, 40, 140, 60, 18, 100, 0)
s = 128: (0, 25, 78, 117, 71, 31, 60, 10, 52, 10, 94, 165, 29, 49, 8, 20, 96, 81, 169, 23, 35, 43, 201, 16, 15, 30, 14, 80, 35, 75, 38, 17, 19, 52, 39, 3, 79, 123, 36, 12, 69, 15, 98, 27, 190, 34, 10, 93, 63, 67, 30, 73, 5, 21, 71, 167, 41, 31, 136, 17, 147, 172, 16, 21, 130, 41, 119, 104, 106, 100, 28, 35, 12, 61, 78, 29, 43, 19, 27, 152, 16, 21, 38, 94, 29, 108, 36, 220, 91, 13, 123, 0)
s = 129: (0, 18, 90, 160, 64, 28, 73, 6, 35, 8, 161, 205, 42, 49, 8, 19, 169, 56, 127, 17, 59, 43, 111, 14, 11, 41, 22, 46, 46, 76, 24, 15, 28, 49, 47, 4, 54, 63, 47, 7, 74, 18, 76, 30, 109, 35, 16, 142, 69, 157, 22, 66, 6, 19, 43, 96, 47, 45, 191, 19, 137, 125, 19, 23, 89, 76, 101, 79, 134, 96, 39, 16, 10, 67, 37, 27, 32, 18, 38, 105, 17, 30, 25, 72, 23, 241, 41, 227, 93, 11, 87, 0)
s = 130: (0, 38, 86, 175, 73, 43, 40, 14, 36, 10, 138, 223, 67, 35, 6, 24, 169, 37, 122, 14, 47, 39, 192, 13, 11, 21, 13, 98, 39, 52, 24, 13, 31, 71, 34, 2, 63, 124, 43, 10, 83, 17, 103, 36, 160, 35, 9, 164, 57, 73, 39, 84, 5, 19, 28, 216, 36, 40, 172, 14, 211, 94, 14, 39, 128, 42, 167, 155, 75, 94, 24, 50, 15, 84, 63, 21, 65, 17, 18, 99, 14, 19, 27, 157, 42, 109, 73, 146, 137, 11, 46, 0)
s = 131: (0, 32, 133, 157, 63, 33, 56, 11, 31, 13, 91, 120, 58, 44, 11, 33, 149, 61, 183, 17, 73, 56, 127, 14, 15, 18, 17, 88, 22, 95, 16, 15, 38, 76, 46, 2, 51, 105, 34, 11, 80, 14, 123, 34, 226, 26, 9, 141, 66, 108, 55, 75, 6, 21, 52, 113, 54, 54, 214, 12, 127, 162, 14, 25, 148, 52, 116, 136, 134, 174, 25, 28, 10, 43, 45, 29, 44, 32, 22, 102, 18, 46, 18, 96, 23, 174, 54, 190, 81, 13, 135, 0)
s = 132: (0, 17, 82, 149, 43, 28, 49, 14, 43, 15, 216, 141, 76, 62, 11, 30, 130, 48, 83, 14, 52, 41, 119, 28, 21, 30, 28, 60, 44, 44, 20, 13, 38, 81, 44, 2, 109, 103, 62, 13, 65, 18, 97, 30, 153, 30, 9, 109, 58, 83, 49, 61, 7, 24, 37, 144, 41, 52, 129, 18, 207, 140, 20, 25, 85, 27, 64, 92, 87, 168, 20, 27, 25, 78, 39, 23, 50, 14, 25, 154, 23, 30, 28, 122, 19, 112, 68, 186, 158, 11, 55, 0)
s = 133: (0, 28, 66, 92, 109, 36, 74, 7, 35, 14, 132, 83, 73, 47, 4, 22, 109, 74, 224, 21, 72, 40, 110, 30, 28, 23, 20, 55, 28, 62, 35, 10, 37, 52, 27, 2, 59, 108, 46, 8, 54, 9, 157, 39, 189, 44, 11, 200, 62, 118, 19, 81, 6, 18, 28, 101, 73, 46, 112, 20, 165, 113, 22, 27, 99, 33, 79, 163, 97, 119, 31, 20, 10, 91, 40, 29, 23, 21, 22, 97, 23, 18, 19, 84, 28, 152, 58, 120, 68, 13, 52, 0)
s = 134: (0, 22, 92, 110, 100, 27, 59, 12, 55, 12, 114, 256, 42, 24, 9, 27, 122, 53, 141, 22, 46, 86, 132, 32, 23, 31, 21, 48, 42, 40, 35, 17, 32, 48, 38, 3, 54, 94, 37, 8, 56, 11, 87, 42, 155, 23, 7, 107, 63, 83, 54, 102, 6, 24, 24, 84, 52, 50, 193, 10, 167, 105, 19, 30, 136, 37, 114, 156, 180, 141, 19, 15, 12, 107, 49, 21, 34, 17, 29, 108, 16, 22, 26, 163, 19, 185, 47, 202, 93, 8, 134, 0)
s = 135: (0, 24, 80, 102, 50, 27, 58, 14, 36, 8, 118, 158, 43, 31, 5, 25, 133, 64, 115, 20, 40, 74, 169, 29, 13, 20, 14, 54, 24, 52, 24, 19, 43, 54, 61, 2, 54, 84, 66, 10, 99, 19, 94, 30, 230, 24, 8, 86, 63, 65, 27, 79, 7, 19, 59, 166, 54, 64, 109, 12, 198, 142, 17, 23, 182, 43, 111, 145, 163, 118, 21, 42, 13, 110, 90, 20, 42, 24, 29, 115, 20, 30, 27, 77, 42, 181, 77, 145, 144, 14, 51, 0)
s = 136: (0, 22, 68, 80, 103, 27, 44, 12, 39, 8, 138, 251, 35, 37, 7, 24, 179, 67, 182, 20, 47, 27, 186, 25, 16, 21, 17, 61, 31, 57, 20, 15, 40, 68, 59, 3, 57, 137, 53, 9, 82, 19, 121, 34, 136, 19, 10, 117, 78, 101, 36, 61, 4, 12, 32, 187, 31, 35, 121, 20, 188, 99, 31, 22, 82, 30, 86, 104, 129, 161, 24, 34, 19, 82, 49, 18, 49, 30, 31, 122, 11, 21, 26, 113, 40, 113, 75, 163, 59, 13, 124, 0)
s = 137: (0, 30, 120, 142, 84, 20, 55, 8, 22, 15, 82, 113, 44, 32, 7, 23, 97, 93, 67, 13, 62, 66, 76, 22, 10, 29, 27, 80, 26, 44, 15, 12, 37, 75, 33, 2, 57, 128, 50, 11, 65, 11, 107, 41, 250, 34, 9, 165, 54, 115, 46, 76, 8, 21, 30, 201, 36, 52, 250, 17, 293, 111, 20, 36, 127, 38, 76, 128, 145, 92, 34, 34, 15, 53, 65, 28, 63, 27, 30, 134, 9, 21, 17, 90, 32, 120, 50, 260, 89, 13, 86, 0)
s = 138: (0, 37, 102, 96, 48, 27, 49, 12, 57, 11, 111, 135, 62, 30, 8, 37, 138, 58, 144, 24, 41, 35, 158, 31, 24, 19, 16, 118, 27, 48, 17, 13, 21, 52, 29, 2, 100, 77, 42, 14, 75, 9, 101, 47, 145, 21, 8, 119, 65, 66, 21, 87, 6, 25, 31, 174, 48, 71, 160, 11, 93, 184, 24, 47, 128, 73, 111, 95, 180, 189, 40, 16, 18, 114, 39, 35, 29, 24, 39, 100, 17, 16, 30, 73, 32, 159, 50, 147, 119, 14, 67, 0)
s = 139: (0, 29, 181, 111, 122, 30, 34, 12, 32, 16, 121, 193, 64, 32, 6, 17, 100, 94, 118, 11, 45, 51, 99, 24, 19, 39, 14, 45, 32, 71, 35, 13, 30, 47, 35, 2, 43, 78, 47, 14, 71, 16, 118, 65, 107, 35, 8, 230, 41, 80, 25, 106, 6, 18, 58, 88, 33, 49, 117, 11, 191, 78, 14, 35, 122, 44, 102, 97, 186, 98, 24, 22, 11, 103, 45, 15, 50, 17, 20, 110, 14, 27, 38, 144, 19, 153, 61, 115, 97, 10, 90, 0)
s = 140: (0, 36, 160, 147, 61, 26, 81, 13, 41, 9, 116, 103, 62, 72, 7, 35, 168, 69, 94, 24, 56, 41, 166, 18, 17, 33, 14, 56, 33, 62, 19, 20, 24, 57, 50, 2, 37, 146, 35, 11, 58, 21, 168, 36, 164, 37, 16, 135, 38, 112, 29, 96, 7, 11, 52, 123, 52, 35, 218, 11, 202, 164, 28, 34, 71, 34, 118, 104, 157, 123, 28, 26, 13, 56, 64, 34, 31, 19, 25, 134, 16, 26, 18, 122, 32, 127, 30, 153, 124, 12, 110, 0)
s = 141: (0, 17, 82, 122, 45, 24, 36, 13, 43, 11, 164, 152, 35, 39, 9, 17, 133, 45, 118, 19, 59, 45, 106, 17, 13, 24, 15, 59, 34, 43, 31, 13, 28, 40, 23, 2, 47, 71, 44, 12, 107, 18, 96, 38, 112, 29, 10, 163, 38, 98, 51, 86, 6, 15, 61, 94, 50, 53, 140, 11, 215, 120, 26, 22, 87, 31, 125, 104, 99, 77, 20, 16, 17, 90, 31, 30, 50, 30, 31, 78, 22, 37, 33, 51, 41, 276, 74, 180, 137, 10, 110, 0)
s = 142: (0, 16, 140, 80, 50, 33, 88, 9, 48, 7, 101, 155, 51, 45, 5, 26, 137, 64, 113, 22, 39, 50, 109, 14, 27, 21, 20, 43, 40, 61, 39, 13, 38, 59, 49, 3, 59, 94, 62, 10, 109, 16, 99, 33, 187, 37, 8, 100, 51, 68, 35, 87, 4, 19, 37, 152, 46, 45, 123, 18, 166, 155, 36, 37, 92, 62, 62, 148, 76, 67, 39, 31, 11, 109, 73, 22, 83, 21, 34, 82, 14, 39, 22, 95, 25, 140, 46, 106, 133, 15, 95, 0)
s = 143: (0, 24, 102, 195, 106, 21, 47, 9, 55, 11, 141, 223, 44, 49, 5, 39, 205, 70, 224, 16, 36, 45, 143, 25, 16, 29, 12, 70, 32, 45, 18, 21, 22, 48, 24, 3, 87, 143, 51, 21, 108, 23, 77, 72, 210, 27, 8, 208, 59, 139, 35, 68, 7, 26, 22, 188, 52, 43, 134, 12, 181, 175, 15, 28, 107, 29, 113, 138, 87, 167, 33, 28, 14, 56, 52, 41, 52, 25, 20, 84, 19, 36, 16, 51, 33, 157, 28, 284, 90, 20, 98, 0)
s = 144: (0, 25, 66, 93, 70, 38, 55, 12, 34, 16, 142, 161, 33, 77, 5, 27, 110, 93, 239, 23, 33, 45, 185, 17, 25, 22, 11, 47, 45, 77, 28, 18, 37, 56, 22, 2, 42, 105, 41, 15, 58, 18, 135, 43, 151, 28, 9, 133, 62, 164, 35, 75, 7, 17, 56, 171, 74, 34, 161, 11, 110, 153, 26, 33, 87, 42, 95, 138, 67, 128, 27, 17, 11, 55, 84, 31, 37, 20, 22, 108, 24, 30, 25, 97, 27, 248, 44, 223, 99, 9, 76, 0)
s = 145: (0, 18, 73, 169, 53, 30, 58, 7, 37, 15, 72, 168, 42, 52, 8, 19, 182, 69, 136, 17, 52, 42, 164, 19, 14, 32, 14, 47, 38, 106, 15, 13, 31, 39, 21, 2, 79, 122, 47, 17, 85, 15, 76, 29, 189, 33, 9, 115, 41, 93, 43, 52, 5, 12, 50, 192, 43, 56, 147, 8, 206, 108, 23, 18, 119, 36, 168, 137, 129, 219, 33, 31, 16, 90, 55, 32, 41, 25, 22, 74, 18, 16, 23, 60, 45, 237, 37, 109, 105, 18, 102, 0)
s = 146: (0, 21, 178, 160, 80, 29, 81, 16, 43, 10, 186, 120, 48, 70, 8, 18, 112, 41, 121, 19, 30, 27, 76, 27, 18, 17, 13, 64, 35, 68, 34, 17, 31, 55, 36, 3, 75, 108, 50, 12, 98, 14, 83, 36, 140, 29, 12, 142, 39, 122, 49, 106, 5, 15, 41, 215, 56, 67, 245, 14, 181, 98, 19, 44, 196, 40, 128, 124, 164, 94, 21, 27, 18, 76, 38, 32, 47, 16, 19, 117, 12, 18, 19, 55, 44, 152, 83, 125, 88, 15, 87, 0)
s = 147: (0, 22, 169, 90, 73, 24, 43, 10, 65, 9, 110, 155, 51, 57, 7, 32, 199, 66, 84, 21, 50, 42, 155, 24, 34, 28, 12, 56, 25, 63, 39, 16, 25, 60, 43, 3, 36, 136, 51, 10, 59, 14, 92, 61, 148, 41, 11, 102, 37, 72, 22, 113, 5, 17, 50, 186, 32, 43, 111, 22, 150, 120, 20, 34, 64, 36, 159, 137, 92, 165, 42, 21, 13, 132, 51, 29, 62, 40, 15, 140, 15, 39, 26, 134, 21, 142, 74, 247, 113, 8, 126, 0)
s = 148: (0, 13, 140, 127, 62, 27, 37, 8, 25, 12, 79, 195, 60, 42, 6, 18, 136, 68, 85, 25, 37, 59, 112, 26, 23, 26, 16, 74, 46, 37, 21, 22, 39, 69, 31, 2, 62, 191, 63, 8, 149, 13, 79, 41, 110, 27, 6, 114, 62, 62, 39, 111, 5, 18, 53, 194, 81, 46, 178, 11, 161, 172, 31, 26, 92, 26, 148, 147, 92, 103, 15, 31, 12, 67, 53, 34, 49, 21, 26, 135, 17, 38, 21, 79, 23, 135, 68, 141, 97, 11, 86, 0)
s = 149: (0, 25, 157, 111, 81, 35, 70, 8, 32, 13, 105, 177, 72, 25, 6, 24, 129, 48, 102, 16, 41, 72, 88, 12, 21, 23, 26, 45, 33, 31, 18, 11, 24, 35, 31, 3, 62, 100, 54, 8, 106, 12, 101, 41, 117, 26, 12, 126, 93, 101, 44, 75, 6, 19, 60, 157, 45, 58, 121, 15, 186, 73, 11, 29, 98, 61, 65, 168, 188, 85, 18, 29, 22, 46, 61, 20, 41, 20, 31, 89, 16, 31, 29, 87, 36, 175, 57, 214, 193, 16, 58, 0)
s = 150: (0, 17, 144, 141, 55, 38, 34, 12, 42, 15, 148, 193, 43, 42, 10, 25, 123, 97, 151, 15, 37, 52, 139, 19, 17, 19, 17, 66, 63, 48, 20, 11, 30, 57, 32, 2, 79, 146, 46, 11, 123, 11, 107, 63, 117, 17, 11, 96, 53, 96, 55, 76, 5, 13, 53, 139, 42, 49, 155, 9, 223, 133, 19, 24, 80, 51, 93, 143, 116, 163, 30, 34, 10, 81, 78, 15, 49, 35, 30, 99, 10, 26, 23, 66, 40, 109, 32, 137, 56, 20, 55, 0)
s = 151: (0, 21, 142, 153, 87, 44, 34, 12, 24, 17, 169, 136, 58, 43, 8, 21, 207, 33, 156, 38, 40, 42, 118, 18, 18, 44, 11, 70, 33, 67, 17, 12, 22, 49, 44, 2, 99, 80, 75, 10, 76, 15, 93, 63, 148, 27, 7, 96, 47, 60, 31, 59, 7, 16, 29, 163, 43, 35, 93, 16, 144, 127, 22, 53, 116, 29, 62, 67, 92, 87, 25, 30, 14, 140, 48, 22, 44, 16, 21, 89, 11, 38, 38, 83, 21, 114, 49, 140, 138, 8, 100, 0)
s = 152: (0, 27, 101, 73, 57, 33, 54, 15, 49, 13, 114, 118, 31, 34, 4, 33, 191, 41, 199, 20, 35, 44, 82, 18, 13, 26, 11, 65, 39, 40, 22, 24, 33, 31, 32, 2, 42, 142, 50, 11, 90, 14, 130, 46, 147, 23, 19, 144, 36, 146, 34, 60, 5, 31, 38, 167, 53, 59, 94, 16, 230, 137, 36, 29, 134, 58, 99, 105, 69, 118, 26, 24, 13, 89, 40, 26, 37, 18, 23, 161, 10, 34, 40, 78, 45, 126, 31, 193, 99, 16, 111, 0)
s = 153: (0, 24, 91, 81, 56, 28, 52, 11, 32, 10, 64, 154, 46, 38, 5, 24, 92, 95, 139, 15, 54, 43, 126, 24, 19, 41, 18, 70, 59, 33, 26, 25, 28, 82, 27, 3, 84, 125, 62, 9, 70, 18, 132, 39, 198, 43, 13, 88, 59, 62, 40, 126, 6, 25, 69, 138, 58, 41, 172, 9, 160, 114, 17, 38, 144, 52, 104, 136, 73, 85, 20, 35, 18, 82, 58, 29, 45, 18, 23, 76, 14, 33, 30, 92, 22, 140, 40, 101, 116, 12, 76, 0)
s = 154: (0, 21, 147, 71, 82, 22, 43, 8, 47, 9, 125, 141, 43, 28, 9, 24, 183, 48, 156, 17, 42, 78, 124, 17, 19, 43, 13, 60, 30, 64, 34, 16, 35, 47, 20, 3, 71, 65, 58, 8, 105, 13, 116, 34, 100, 30, 10, 112, 83, 105, 54, 100, 4, 14, 36, 123, 80, 73, 160, 11, 135, 137, 21, 47, 116, 30, 69, 124, 97, 151, 41, 20, 30, 56, 57, 26, 41, 17, 24, 102, 11, 17, 32, 107, 41, 217, 48, 186, 74, 7, 72, 0)
s = 155: (0, 33, 125, 146, 49, 29, 46, 11, 33, 9, 127, 237, 53, 53, 5, 16, 167, 57, 123, 15, 40, 49, 151, 13, 11, 28, 16, 75, 29, 63, 29, 16, 32, 74, 43, 3, 76, 151, 66, 15, 154, 26, 73, 58, 122, 28, 8, 133, 55, 100, 36, 64, 7, 15, 53, 122, 37, 44, 164, 19, 236, 121, 16, 32, 140, 40, 89, 154, 90, 172, 26, 19, 12, 61, 37, 28, 36, 22, 27, 78, 12, 37, 46, 111, 27, 138, 49, 204, 146, 10, 108, 0)
s = 156: (0, 23, 92, 83, 55, 34, 62, 9, 28, 10, 174, 153, 45, 26, 4, 34, 150, 49, 101, 20, 34, 34, 115, 13, 21, 22, 12, 59, 42, 60, 31, 12, 30, 65, 28, 2, 60, 102, 55, 17, 77, 11, 72, 28, 251, 34, 10, 237, 67, 113, 38, 50, 9, 13, 25, 181, 54, 36, 115, 12, 175, 158, 15, 27, 134, 25, 65, 99, 110, 128, 33, 21, 8, 49, 76, 35, 39, 22, 24, 123, 19, 18, 26, 100, 37, 124, 62, 139, 85, 16, 117, 0)
s = 157: (0, 15, 82, 143, 60, 33, 73, 9, 41, 9, 117, 137, 59, 27, 11, 15, 161, 58, 209, 12, 54, 36, 123, 24, 11, 27, 17, 55, 53, 42, 18, 22, 28, 48, 34, 2, 32, 202, 31, 8, 86, 13, 127, 40, 122, 19, 11, 122, 70, 76, 43, 57, 4, 25, 42, 196, 36, 51, 116, 11, 130, 121, 30, 27, 81, 45, 93, 91, 104, 159, 24, 22, 12, 79, 56, 21, 66, 20, 52, 98, 20, 21, 28, 57, 21, 133, 58, 210, 109, 12, 45, 0)
s = 158: (0, 15, 164, 93, 73, 22, 72, 17, 26, 9, 89, 175, 44, 47, 6, 30, 155, 48, 137, 21, 36, 40, 121, 20, 25, 24, 10, 116, 26, 42, 22, 19, 37, 66, 29, 3, 35, 107, 47, 11, 111, 15, 164, 27, 180, 25, 11, 188, 36, 77, 43, 140, 4, 24, 50, 93, 58, 49, 160, 11, 159, 65, 16, 28, 125, 46, 95, 88, 103, 113, 26, 24, 16, 56, 45, 16, 34, 23, 17, 164, 16, 22, 22, 95, 37, 171, 47, 171, 112, 10, 63, 0)
s = 159: (0, 31, 120, 117, 87, 39, 76, 8, 26, 8, 92, 141, 63, 24, 6, 30, 192, 63, 171, 19, 42, 72, 223, 24, 19, 25, 12, 62, 39, 71, 44, 16, 29, 47, 47, 3, 76, 99, 26, 12, 92, 11, 86, 36, 110, 41, 13, 87, 37, 153, 31, 99, 6, 15, 36, 112, 58, 55, 127, 27, 104, 115, 31, 20, 84, 35, 59, 157, 181, 90, 18, 31, 13, 78, 53, 30, 40, 24, 40, 109, 20, 16, 32, 141, 21, 105, 33, 234, 112, 12, 100, 0)
s = 160: (0, 23, 150, 91, 46, 24, 31, 9, 32, 12, 69, 112, 53, 36, 5, 46, 99, 45, 103, 23, 45, 55, 111, 16, 30, 40, 13, 68, 33, 51, 28, 22, 32, 81, 23, 2, 39, 135, 35, 8, 95, 13, 108, 51, 274, 40, 12, 170, 58, 107, 44, 76, 5, 21, 40, 153, 55, 45, 211, 12, 140, 142, 21, 39, 115, 64, 90, 155, 83, 128, 22, 22, 10, 46, 41, 28, 38, 32, 24, 193, 10, 29, 35, 122, 19, 205, 35, 159, 75, 10, 90, 0)
s = 161: (0, 18, 107, 107, 78, 58, 53, 9, 55, 11, 137, 147, 34, 48, 6, 21, 95, 43, 180, 19, 57, 71, 112, 23, 21, 25, 13, 58, 21, 82, 26, 12, 33, 74, 30, 2, 43, 102, 62, 8, 82, 19, 83, 66, 152, 18, 12, 172, 76, 81, 28, 65, 5, 10, 37, 104, 51, 51, 129, 10, 165, 173, 14, 26, 90, 24, 120, 96, 129, 112, 37, 25, 15, 68, 61, 32, 34, 14, 22, 139, 15, 40, 29, 93, 24, 136, 32, 215, 92, 11, 83, 0)
s = 162: (0, 17, 132, 96, 60, 24, 44, 10, 34, 10, 166, 212, 44, 43, 5, 48, 160, 84, 100, 25, 60, 30, 165, 15, 31, 44, 13, 78, 37, 55, 20, 17, 20, 41, 32, 3, 82, 86, 38, 8, 74, 21, 111, 45, 267, 18, 12, 179, 40, 87, 43, 64, 6, 13, 32, 248, 32, 57, 146, 20, 174, 124, 20, 21, 100, 36, 91, 101, 77, 108, 24, 31, 14, 81, 47, 30, 31, 33, 34, 89, 21, 44, 21, 71, 22, 164, 34, 156, 79, 8, 130, 0)
s = 163: (0, 25, 98, 104, 58, 35, 33, 9, 43, 10, 118, 106, 43, 78, 6, 24, 136, 50, 138, 26, 40, 53, 139, 27, 21, 22, 12, 72, 39, 51, 33, 16, 32, 54, 32, 3, 52, 94, 39, 16, 119, 10, 125, 52, 109, 36, 9, 98, 46, 113, 31, 69, 6, 15, 31, 142, 49, 49, 129, 18, 128, 162, 17, 20, 133, 45, 78, 196, 98, 189, 22, 38, 14, 89, 45, 20, 52, 30, 26, 173, 18, 20, 32, 75, 33, 114, 51, 219, 81, 12, 73, 0)
s = 164: (0, 19, 142, 115, 75, 30, 59, 8, 45, 13, 77, 115, 38, 46, 9, 35, 149, 70, 154, 15, 45, 65, 129, 17, 18, 20, 13, 67, 39, 84, 17, 15, 31, 45, 27, 2, 76, 117, 38, 12, 78, 16, 159, 53, 168, 33, 12, 213, 90, 66, 28, 56, 4, 26, 32, 121, 45, 44, 198, 23, 168, 86, 21, 25, 101, 54, 75, 92, 75, 69, 24, 26, 9, 57, 49, 18, 38, 20, 32, 104, 17, 23, 22, 122, 24, 154, 60, 208, 136, 12, 78, 0)
s = 165: (0, 17, 173, 108, 66, 29, 32, 13, 41, 17, 173, 184, 36, 73, 6, 24, 141, 52, 76, 21, 36, 39, 137, 24, 17, 27, 12, 108, 27, 50, 35, 12, 29, 61, 52, 2, 67, 104, 47, 7, 86, 14, 178, 59, 204, 28, 12, 109, 68, 66, 26, 58, 7, 19, 37, 139, 58, 39, 159, 15, 137, 156, 16, 24, 104, 38, 104, 116, 88, 149, 23, 17, 18, 58, 53, 35, 31, 21, 31, 105, 21, 40, 20, 80, 42, 228, 63, 146, 74, 8, 69, 0)
s = 166: (0, 24, 68, 111, 72, 35, 68, 9, 32, 8, 97, 191, 50, 58, 9, 24, 121, 56, 83, 19, 48, 63, 178, 25, 14, 27, 11, 56, 54, 44, 23, 20, 28, 33, 25, 2, 65, 62, 36, 13, 65, 20, 95, 34, 140, 22, 9, 101, 43, 159, 31, 128, 5, 16, 26, 195, 44, 51, 153, 13, 119, 134, 17, 31, 181, 28, 76, 144, 112, 116, 15, 35, 20, 70, 58, 28, 69, 18, 27, 145, 13, 36, 20, 115, 42, 174, 30, 127, 80, 12, 45, 0)
s = 167: (0, 36, 60, 138, 127, 24, 48, 10, 22, 8, 119, 97, 57, 64, 7, 21, 172, 34, 100, 19, 62, 57, 181, 18, 14, 24, 16, 82, 42, 38, 29, 12, 32, 60, 34, 2, 61, 132, 60, 11, 96, 13, 81, 34, 191, 50, 8, 116, 56, 90, 42, 92, 6, 27, 28, 132, 34, 61, 218, 23, 109, 79, 29, 20, 112, 42, 85, 178, 122, 136, 41, 26, 9, 118, 49, 19, 51, 19, 25, 106, 18, 25, 36, 69, 50, 140, 65, 159, 75, 14, 76, 0)
s = 168: (0, 22, 69, 76, 45, 27, 83, 10, 39, 14, 105, 170, 43, 34, 6, 32, 93, 85, 119, 17, 80, 40, 220, 23, 22, 24, 20, 60, 38, 81, 37, 22, 25, 54, 34, 3, 44, 98, 56, 9, 83, 11, 162, 48, 145, 19, 9, 103, 38, 80, 30, 105, 6, 11, 55, 205, 51, 37, 228, 10, 132, 146, 21, 32, 165, 52, 74, 123, 149, 135, 34, 19, 15, 110, 42, 16, 71, 34, 46, 124, 11, 27, 45, 83, 20, 153, 30, 152, 110, 12, 74, 0)
s = 169: (0, 22, 98, 93, 71, 28, 53, 11, 48, 8, 110, 162, 27, 42, 5, 30, 150, 54, 140, 19, 45, 47, 96, 16, 27, 21, 10, 42, 57, 41, 23, 24, 32, 33, 35, 3, 61, 114, 37, 7, 77, 12, 87, 40, 211, 20, 8, 132, 78, 146, 34, 104, 5, 15, 37, 184, 40, 30, 124, 23, 108, 86, 15, 22, 207, 27, 96, 133, 93, 102, 25, 41, 11, 94, 73, 29, 24, 22, 16, 186, 17, 26, 24, 52, 34, 222, 43, 266, 112, 11, 77, 0)
s = 170: (0, 19, 98, 128, 70, 27, 41, 12, 32, 15, 84, 121, 46, 41, 12, 43, 168, 52, 191, 26, 45, 49, 108, 20, 14, 27, 11, 85, 27, 82, 31, 18, 38, 44, 33, 2, 40, 72, 39, 7, 87, 11, 78, 58, 159, 31, 10, 169, 41, 129, 28, 169, 6, 10, 51, 96, 47, 42, 161, 12, 166, 111, 25, 45, 155, 62, 61, 102, 67, 118, 34, 29, 16, 65, 43, 27, 31, 15, 31, 135, 15, 32, 23, 83, 40, 227, 38, 157, 185, 12, 75, 0)
s = 171: (0, 35, 165, 156, 102, 31, 61, 8, 42, 10, 91, 115, 67, 37, 5, 27, 90, 34, 124, 21, 32, 43, 160, 20, 16, 29, 14, 65, 38, 62, 22, 24, 41, 77, 29, 2, 44, 74, 63, 11, 82, 15, 182, 50, 153, 43, 15, 141, 70, 182, 21, 104, 5, 18, 24, 155, 48, 44, 133, 25, 122, 163, 16, 38, 103, 46, 57, 173, 84, 211, 18, 31, 12, 71, 73, 27, 36, 24, 23, 108, 15, 25, 20, 117, 54, 102, 74, 198, 90, 12, 50, 0)
s = 172: (0, 27, 112, 167, 62, 25, 68, 9, 27, 10, 149, 180, 59, 40, 10, 49, 238, 55, 135, 31, 35, 42, 156, 21, 17, 28, 13, 53, 30, 61, 25, 13, 40, 79, 51, 2, 42, 147, 47, 8, 57, 9, 124, 52, 183, 19, 8, 83, 35, 95, 29, 119, 4, 23, 33, 152, 82, 46, 186, 9, 141, 136, 28, 20, 134, 37, 94, 102, 104, 194, 18, 42, 19, 113, 62, 19, 45, 18, 41, 70, 12, 21, 25, 64, 31, 168, 47, 209, 66, 17, 99, 0)
s = 173: (0, 16, 128, 183, 45, 37, 47, 9, 49, 14, 76, 129, 37, 35, 7, 17, 130, 42, 118, 13, 69, 63, 111, 18, 16, 25, 13, 99, 30, 55, 23, 16, 31, 60, 41, 4, 51, 121, 35, 12, 95, 16, 96, 48, 139, 24, 11, 126, 34, 73, 31, 70, 5, 21, 36, 116, 48, 46, 199, 16, 197, 146, 20, 48, 181, 64, 73, 135, 107, 202, 20, 42, 13, 135, 74, 20, 54, 26, 37, 102, 11, 17, 31, 87, 27, 238, 73, 162, 84, 18, 98, 0)
s = 174: (0, 38, 172, 79, 66, 32, 55, 8, 43, 9, 83, 85, 37, 37, 6, 46, 156, 37, 113, 26, 28, 43, 98, 13, 22, 38, 19, 105, 27, 47, 23, 21, 32, 54, 50, 3, 46, 86, 64, 19, 122, 14, 131, 26, 222, 17, 12, 88, 62, 89, 31, 79, 3, 27, 36, 164, 51, 43, 141, 14, 127, 68, 21, 24, 123, 61, 100, 78, 172, 132, 20, 18, 18, 48, 29, 18, 35, 32, 35, 124, 13, 16, 33, 83, 26, 172, 46, 249, 107, 14, 54, 0)
s = 175: (0, 17, 62, 147, 81, 36, 83, 8, 31, 13, 110, 186, 59, 36, 7, 25, 107, 48, 139, 15, 55, 62, 128, 25, 26, 20, 20, 54, 50, 77, 33, 14, 36, 53, 54, 3, 48, 90, 70, 12, 78, 14, 111, 23, 117, 34, 14, 199, 50, 111, 36, 67, 4, 17, 44, 166, 37, 55, 173, 12, 135, 129, 14, 28, 134, 41, 146, 179, 69, 82, 28, 30, 21, 86, 59, 14, 63, 29, 40, 115, 26, 27, 43, 79, 43, 199, 55, 104, 92, 9, 104, 0)
s = 176: (0, 34, 121, 196, 98, 41, 60, 15, 50, 14, 78, 135, 53, 68, 6, 19, 109, 58, 204, 26, 89, 61, 144, 17, 18, 45, 14, 65, 33, 74, 35, 15, 43, 43, 19, 3, 68, 102, 26, 13, 109, 19, 89, 53, 311, 23, 8, 158, 67, 104, 27, 58, 7, 21, 58, 204, 43, 87, 173, 12, 121, 148, 14, 24, 121, 55, 83, 148, 100, 158, 32, 34, 8, 85, 61, 25, 44, 34, 30, 69, 25, 22, 25, 98, 35, 127, 59, 218, 187, 12, 80, 0)
s = 177: (0, 29, 69, 101, 44, 40, 74, 10, 42, 7, 88, 118, 49, 50, 8, 20, 139, 54, 131, 20, 45, 32, 195, 27, 18, 22, 12, 51, 40, 43, 31, 21, 24, 74, 40, 3, 72, 99, 38, 9, 60, 15, 101, 53, 185, 29, 10, 267, 62, 113, 32, 76, 5, 12, 42, 98, 73, 47, 100, 9, 229, 87, 13, 34, 89, 36, 86, 93, 116, 106, 46, 42, 13, 88, 51, 27, 28, 23, 23, 121, 14, 31, 23, 146, 33, 99, 50, 256, 124, 11, 88, 0)
s = 178: (0, 18, 138, 122, 92, 36, 66, 8, 49, 13, 108, 110, 41, 30, 7, 41, 85, 43, 138, 22, 47, 54, 96, 12, 25, 29, 11, 53, 25, 69, 44, 15, 38, 38, 39, 2, 62, 80, 48, 10, 77, 19, 131, 44, 139, 25, 14, 252, 56, 72, 33, 77, 5, 13, 41, 185, 53, 87, 254, 11, 259, 169, 32, 45, 100, 40, 86, 116, 135, 148, 38, 19, 18, 109, 78, 20, 35, 17, 21, 80, 22, 25, 20, 82, 30, 247, 31, 145, 59, 10, 99, 0)
s = 179: (0, 19, 85, 94, 57, 38, 78, 11, 29, 9, 148, 176, 41, 44, 9, 34, 196, 38, 87, 21, 32, 31, 130, 31, 17, 31, 19, 42, 43, 51, 47, 17, 18, 79, 45, 2, 83, 99, 31, 10, 57, 14, 91, 37, 150, 33, 8, 139, 49, 106, 38, 87, 5, 21, 55, 149, 66, 37, 178, 14, 157, 151, 19, 36, 83, 31, 133, 115, 73, 162, 40, 22, 23, 100, 68, 29, 37, 26, 33, 212, 18, 23, 18, 72, 21, 166, 41, 232, 78, 8, 94, 0)
s = 180: (0, 38, 122, 183, 57, 20, 88, 7, 51, 7, 131, 103, 41, 26, 6, 27, 201, 50, 149, 28, 51, 51, 157, 13, 16, 28, 15, 74, 31, 57, 30, 10, 22, 33, 32, 2, 63, 107, 45, 15, 153, 18, 101, 39, 152, 20, 10, 88, 39, 83, 37, 68, 6, 23, 32, 121, 54, 67, 242, 19, 112, 112, 23, 41, 79, 51, 91, 147, 169, 90, 29, 19, 16, 75, 55, 19, 32, 23, 27, 105, 18, 40, 36, 107, 24, 258, 47, 207, 91, 13, 112, 0)
s = 181: (0, 17, 117, 219, 75, 23, 52, 11, 48, 12, 118, 171, 61, 44, 6, 25, 118, 31, 156, 24, 68, 91, 140, 19, 20, 18, 15, 54, 48, 56, 24, 15, 19, 31, 44, 2, 56, 154, 36, 16, 139, 18, 98, 31, 184, 30, 9, 129, 46, 77, 22, 53, 7, 10, 33, 110, 73, 44, 153, 13, 262, 126, 20, 26, 148, 40, 74, 141, 153, 78, 40, 33, 9, 59, 76, 16, 33, 35, 30, 109, 19, 33, 23, 113, 37, 133, 47, 185, 104, 18, 62, 0)
s = 182: (0, 24, 94, 107, 70, 31, 53, 14, 33, 11, 102, 202, 38, 41, 7, 27, 107, 63, 139, 37, 60, 39, 172, 15, 18, 18, 15, 121, 68, 59, 17, 30, 23, 58, 44, 2, 43, 113, 49, 11, 67, 17, 119, 27, 144, 25, 8, 154, 44, 118, 42, 102, 5, 34, 41, 93, 49, 53, 136, 24, 296, 100, 33, 26, 127, 35, 146, 147, 148, 85, 19, 33, 15, 72, 53, 17, 63, 15, 25, 113, 19, 26, 38, 95, 24, 190, 44, 154, 125, 22, 97, 0)
s = 183: (0, 31, 76, 110, 76, 44, 66, 8, 29, 14, 117, 147, 43, 40, 7, 32, 142, 49, 164, 22, 32, 63, 169, 31, 23, 23, 19, 61, 47, 51, 33, 24, 31, 51, 29, 2, 79, 100, 59, 12, 133, 10, 146, 48, 127, 25, 10, 149, 82, 106, 35, 93, 5, 12, 47, 114, 54, 37, 149, 15, 108, 132, 23, 20, 106, 66, 129, 156, 105, 153, 21, 23, 19, 121, 51, 27, 42, 21, 44, 86, 28, 29, 18, 94, 21, 121, 38, 198, 87, 15, 58, 0)
s = 184: (0, 15, 94, 176, 132, 26, 37, 8, 65, 9, 120, 204, 53, 46, 5, 42, 214, 42, 95, 27, 70, 56, 85, 20, 13, 24, 10, 49, 29, 52, 29, 25, 21, 69, 29, 2, 66, 160, 52, 17, 65, 19, 78, 54, 161, 22, 14, 98, 38, 118, 33, 85, 5, 13, 71, 176, 44, 66, 179, 25, 205, 121, 30, 33, 97, 55, 136, 135, 79, 124, 27, 25, 10, 77, 36, 35, 58, 29, 25, 146, 16, 32, 34, 107, 43, 198, 30, 183, 132, 12, 68, 0)
s = 185: (0, 35, 75, 105, 63, 49, 45, 19, 59, 9, 95, 168, 65, 40, 6, 20, 133, 62, 152, 17, 45, 53, 135, 14, 14, 47, 17, 63, 37, 41, 25, 19, 21, 49, 24, 2, 83, 114, 37, 16, 117, 15, 129, 43, 167, 25, 13, 113, 30, 75, 18, 81, 6, 16, 27, 132, 32, 46, 87, 11, 243, 186, 18, 31, 100, 23, 108, 139, 121, 116, 33, 32, 12, 50, 48, 22, 54, 27, 18, 107, 18, 43, 18, 66, 50, 218, 42, 168, 117, 16, 53, 0)
s = 186: (0, 29, 79, 86, 63, 30, 32, 10, 26, 9, 84, 138, 44, 46, 9, 22, 162, 93, 146, 13, 42, 37, 139, 16, 21, 33, 15, 115, 52, 61, 29, 14, 21, 74, 42, 3, 61, 69, 43, 10, 85, 15, 93, 41, 197, 27, 13, 168, 53, 83, 32, 125, 7, 12, 59, 197, 38, 58, 168, 15, 206, 106, 21, 48, 119, 28, 88, 122, 114, 108, 20, 33, 9, 136, 64, 23, 32, 42, 30, 97, 14, 29, 32, 112, 34, 208, 40, 224, 90, 10, 70, 0)
s = 187: (0, 24, 162, 147, 61, 23, 43, 10, 24, 11, 91, 268, 43, 48, 8, 21, 134, 71, 214, 28, 34, 47, 202, 26, 24, 20, 10, 50, 49, 40, 23, 24, 24, 50, 36, 3, 71, 101, 51, 8, 140, 11, 113, 45, 167, 24, 6, 155, 59, 70, 29, 83, 7, 17, 55, 126, 59, 57, 109, 11, 255, 99, 13, 23, 131, 33, 175, 118, 115, 175, 32, 40, 13, 85, 33, 21, 53, 22, 21, 109, 11, 32, 40, 71, 29, 110, 43, 181, 87, 13, 50, 0)
s = 188: (0, 39, 119, 83, 92, 35, 35, 12, 44, 13, 64, 146, 50, 32, 10, 25, 125, 69, 75, 21, 47, 28, 165, 21, 13, 43, 15, 52, 24, 46, 30, 22, 28, 77, 43, 2, 69, 131, 25, 7, 97, 11, 108, 39, 186, 37, 11, 152, 47, 116, 49, 107, 8, 16, 39, 216, 49, 43, 113, 20, 180, 170, 25, 22, 167, 49, 121, 160, 101, 193, 16, 27, 12, 60, 39, 26, 54, 19, 39, 141, 10, 22, 27, 76, 22, 148, 37, 177, 111, 11, 99, 0)
s = 189: (0, 21, 81, 75, 135, 34, 47, 8, 57, 8, 131, 145, 34, 35, 10, 37, 197, 58, 97, 18, 81, 48, 116, 20, 10, 23, 22, 36, 27, 57, 23, 18, 21, 70, 23, 2, 59, 110, 34, 11, 110, 9, 88, 30, 281, 35, 17, 230, 47, 59, 19, 75, 5, 26, 53, 131, 47, 57, 118, 13, 174, 121, 27, 45, 139, 27, 82, 111, 136, 112, 21, 40, 11, 102, 38, 37, 29, 35, 25, 122, 10, 29, 34, 165, 34, 143, 62, 191, 133, 10, 99, 0)
s = 190: (0, 22, 88, 108, 49, 18, 85, 8, 40, 9, 183, 80, 59, 39, 7, 24, 93, 54, 130, 19, 44, 50, 177, 17, 21, 32, 10, 53, 35, 39, 40, 22, 38, 38, 27, 3, 37, 92, 29, 14, 80, 13, 95, 39, 143, 29, 9, 135, 47, 119, 44, 81, 6, 18, 38, 184, 31, 28, 98, 10, 133, 142, 22, 20, 131, 32, 106, 142, 82, 68, 38, 21, 13, 102, 49, 27, 50, 36, 16, 80, 12, 30, 18, 69, 42, 122, 37, 154, 121, 17, 54, 0)
s = 191: (0, 19, 105, 89, 81, 48, 65, 18, 45, 15, 90, 155, 33, 53, 10, 38, 211, 80, 198, 16, 54, 44, 183, 17, 15, 24, 15, 63, 37, 36, 20, 22, 23, 56, 47, 2, 39, 77, 42, 18, 71, 17, 146, 51, 183, 20, 9, 110, 40, 101, 29, 106, 4, 24, 38, 126, 51, 60, 192, 15, 183, 97, 26, 29, 98, 27, 79, 85, 80, 119, 29, 36, 19, 64, 38, 20, 33, 21, 31, 108, 13, 31, 20, 112, 57, 210, 76, 155, 77, 12, 111, 0)
s = 192: (0, 34, 88, 115, 87, 28, 43, 11, 30, 19, 95, 176, 78, 57, 7, 23, 205, 66, 106, 19, 44, 41, 196, 21, 20, 38, 20, 94, 25, 52, 43, 25, 40, 40, 37, 3, 68, 167, 80, 15, 58, 15, 116, 44, 257, 25, 9, 179, 60, 63, 35, 76, 6, 10, 47, 102, 53, 31, 206, 22, 121, 70, 18, 26, 156, 22, 139, 164, 78, 74, 25, 23, 20, 52, 42, 22, 40, 30, 27, 138, 16, 21, 21, 102, 22, 170, 40, 199, 114, 11, 100, 0)
s = 193: (0, 18, 119, 121, 67, 32, 36, 7, 39, 11, 87, 143, 47, 29, 5, 20, 170, 64, 124, 21, 50, 49, 133, 27, 19, 33, 17, 43, 28, 42, 28, 14, 27, 56, 31, 2, 55, 92, 35, 10, 82, 8, 92, 49, 213, 21, 15, 113, 49, 85, 30, 88, 6, 17, 56, 95, 55, 50, 134, 18, 128, 129, 21, 18, 120, 49, 121, 119, 90, 162, 37, 24, 14, 118, 42, 27, 49, 22, 29, 137, 24, 38, 25, 101, 27, 109, 44, 197, 151, 11, 70, 0)
s = 194: (0, 17, 124, 159, 97, 32, 47, 13, 42, 12, 120, 177, 40, 41, 7, 25, 166, 55, 157, 23, 43, 47, 152, 18, 29, 26, 15, 51, 34, 61, 36, 21, 21, 39, 21, 2, 52, 72, 45, 9, 86, 15, 69, 53, 256, 37, 7, 179, 48, 96, 26, 121, 5, 21, 35, 99, 37, 53, 223, 15, 114, 125, 21, 23, 128, 49, 141, 211, 66, 114, 41, 25, 10, 91, 43, 25, 44, 35, 45, 98, 20, 38, 22, 113, 21, 131, 40, 130, 75, 14, 135, 0)
s = 195: (0, 15, 115, 121, 75, 29, 49, 8, 47, 7, 119, 186, 40, 27, 7, 29, 191, 65, 81, 18, 46, 30, 176, 18, 14, 31, 24, 48, 27, 48, 42, 19, 23, 44, 24, 2, 117, 127, 42, 15, 115, 11, 78, 38, 196, 23, 9, 119, 33, 66, 30, 71, 6, 29, 23, 133, 74, 54, 151, 18, 257, 90, 13, 42, 144, 44, 78, 161, 77, 137, 16, 17, 12, 75, 59, 24, 55, 21, 39, 123, 22, 18, 19, 78, 30, 225, 64, 199, 106, 10, 82, 0)
s = 196: (0, 35, 87, 91, 55, 20, 43, 9, 30, 12, 84, 213, 44, 65, 7, 25, 118, 61, 125, 13, 37, 56, 159, 23, 29, 24, 22, 103, 32, 53, 30, 21, 25, 39, 24, 3, 58, 121, 33, 12, 103, 12, 170, 41, 254, 35, 9, 130, 74, 60, 28, 75, 5, 18, 41, 227, 72, 36, 163, 13, 204, 153, 24, 20, 101, 45, 130, 120, 118, 129, 25, 26, 15, 69, 29, 24, 27, 26, 20, 78, 29, 24, 24, 77, 24, 169, 48, 104, 93, 12, 88, 0)
s = 197: (0, 19, 72, 158, 48, 25, 64, 11, 44, 7, 154, 119, 39, 58, 7, 35, 133, 46, 145, 14, 51, 45, 103, 15, 17, 30, 10, 72, 49, 33, 29, 14, 26, 41, 36, 2, 63, 84, 59, 8, 153, 8, 82, 36, 176, 23, 8, 177, 50, 132, 21, 63, 6, 13, 48, 166, 47, 43, 279, 17, 189, 170, 14, 23, 99, 40, 65, 114, 118, 172, 19, 34, 12, 74, 39, 24, 48, 25, 19, 167, 20, 26, 18, 82, 42, 187, 50, 104, 109, 10, 62, 0)
s = 198: (0, 16, 109, 210, 43, 36, 101, 10, 28, 10, 156, 230, 79, 40, 7, 30, 108, 50, 127, 22, 35, 49, 152, 20, 19, 32, 12, 84, 24, 51, 26, 24, 25, 88, 22, 2, 54, 92, 52, 11, 69, 10, 114, 54, 145, 39, 17, 114, 49, 138, 46, 132, 6, 35, 45, 106, 83, 53, 188, 9, 172, 77, 28, 28, 128, 29, 132, 85, 78, 104, 36, 18, 9, 64, 39, 40, 34, 20, 40, 112, 14, 27, 26, 108, 29, 247, 81, 156, 139, 17, 80, 0)
s = 199: (0, 23, 140, 126, 94, 25, 62, 9, 42, 10, 131, 88, 56, 26, 11, 23, 87, 55, 144, 31, 36, 46, 120, 37, 11, 23, 20, 58, 38, 88, 40, 13, 41, 52, 34, 3, 85, 102, 30, 8, 78, 18, 85, 36, 123, 29, 10, 88, 55, 89, 38, 97, 5, 17, 40, 212, 32, 45, 160, 12, 204, 128, 25, 22, 86, 50, 61, 157, 159, 149, 23, 28, 14, 154, 41, 28, 42, 32, 19, 77, 11, 28, 27, 120, 62, 205, 30, 250, 116, 19, 52, 0)
s = 200: (0, 18, 141, 147, 70, 21, 41, 15, 55, 13, 76, 136, 53, 43, 4, 21, 166, 59, 84, 20, 42, 49, 146, 16, 14, 26, 20, 75, 43, 47, 26, 19, 29, 37, 24, 3, 82, 84, 28, 13, 72, 8, 148, 38, 129, 25, 10, 139, 50, 104, 30, 45, 4, 12, 26, 203, 39, 62, 130, 17, 116, 122, 18, 29, 97, 30, 143, 92, 97, 165, 16, 16, 9, 95, 32, 31, 41, 30, 19, 112, 11, 29, 20, 75, 51, 134, 44, 225, 109, 11, 101, 0)
************************************************************************
ES/LS-VALUES:
jobnr.   ES(i)    LS(i)
------------------------------------------------------------------------
  0        0        0
  1        0       383
  2        0       420
  3        0       335
  4       17       361
  5       32       431
  6       17       397
  7        8       391
  8       32       376
  9       37       382
 10       17       353
 11       33       375
 12       37       405
 13       33       370
 14       38       421
 15       38       389
 16       52       390
 17       50       393
 18       38       384
 19       33       401
 20       55       399
 21       45       397
 22       56       403
 23       66       411
 24       37       447
 25       35       435
 26       52       403
 27       40       465
 28       32       388
 29       50       466
 30       56       459
 31       68       472
 32       56       417
 33       56       420
 34       56       417
 35       55       480
 36       73       443
 37       40       423
 38       73       425
 39       66       451
 40       68       407
 41       40       412
 42       85       425
 43       53       432
 44       22       464
 45       56       409
 46       72       420
 47       85       472
 48       80       451
 49       50       434
 50       74       435
 51       68       448
 52       52       465
 53       81       448
 54       73       419
 55       43       400
 56        8       449
 57       68       423
 58       82       467
 59       99       440
 60       99       446
 61       83       461
 62       83       430
 63       112       466
 64       66       417
 65       78       431
 66       68       451
 67       112       465
 68       84       432
 69       81       435
 70       74       479
 71       101       443
 72       82       450
 73       117       460
 74       84       453
 75       101       454
 76       110       463
 77       99       474
 78       99       487
 79       89       459
 80       97       452
 81       122       476
 82       132       476
 83       102       478
 84       139       484
 85       106       462
 86       125       480
 87       89       482
 88       146       492
 89       110       499
 90       139       495
 91       163       510
************************************************************************
BIG-M-VALUES:
M1 = 42, M2 = 326
************************************************************************
