************************************************************************
file with basedata            : j902_.bas
initial value random generator: 1333550547
************************************************************************
projects                      :  1
jobs (incl. supersource/sink ):  92
horizon                       :  506
RESOURCES
  - renewable                 :  4   R
  - nonrenewable              :  0   N
  - doubly constrained        :  0   D
************************************************************************
PROJECT INFORMATION:
pronr.  #jobs rel.date duedate tardcost  MPM-Time
    1     90      0       80       65       80
************************************************************************
PRECEDENCE RELATIONS:
jobnr.    #modes  #successors   successors
   0        1          3           1   2   3
   1        1          3           5   8  10
   2        1          2          25  35
   3        1          3           4   6  32
   4        1          1          46
   5        1          3           7  28  44
   6        1          3          25  40  48
   7        1          3          17  19  24
   8        1          3           9  20  39
   9        1          3          12  16  31
  10        1          3          11  13  53
  11        1          1          15
  12        1          3          14  22  29
  13        1          3          21  30  61
  14        1          1          41
  15        1          1          34
  16        1          3          18  27  38
  17        1          2          23  55
  18        1          1          37
  19        1          2          56  60
  20        1          1          71
  21        1          1          27
  22        1          1          72
  23        1          1          26
  24        1          1          55
  25        1          1          73
  26        1          1          54
  27        1          3          34  41  79
  28        1          2          45  68
  29        1          1          44
  30        1          3          33  83  90
  31        1          3          67  72  75
  32        1          1          69
  33        1          2          36  66
  34        1          2          43  47
  35        1          1          58
  36        1          2          59  68
  37        1          2          44  50
  38        1          1          57
  39        1          1          76
  40        1          2          64  76
  41        1          1          42
  42        1          1          54
  43        1          1          65
  44        1          1          51
  45        1          2          50  52
  46        1          2          49  87
  47        1          2          75  84
  48        1          1          59
  49        1          1          63
  50        1          1          59
  51        1          3          62  81  85
  52        1          1          69
  53        1          1          84
  54        1          2          65  82
  55        1          1          63
  56        1          1          73
  57        1          1          80
  58        1          1          80
  59        1          1          77
  60        1          1          70
  61        1          1          78
  62        1          1          86
  63        1          1          88
  64        1          1          73
  65        1          1          74
  66        1          1          89
  67        1          1          81
  68        1          1          78
  69        1          1          79
  70        1          2          71  87
  71        1          1          75
  72        1          1          85
  73        1          2          84  86
  74        1          1          88
  75        1          1          77
  76        1          1          86
  77        1          1          78
  78        1          1          80
  79        1          1          87
  80        1          1          88
  81        1          1          82
  82        1          1          83
  83        1          1          89
  84        1          1          85
  85        1          1          89
  86        1          1          90
  87        1          1          90
  88        1          1          91
  89        1          1          91
  90        1          1          91
  91        1          0        
************************************************************************
REQUESTS/DURATIONS:
jobnr. mode duration  R 1  R 2  R 3  R 4  E(W 1)
------------------------------------------------------------------------
  0      1     0       0    0    0    0     0
  1      1     6       6    0    0    0    36
  2      1     7       0    1    0    0    14
  3      1     1       0    0    0   10    10
  4      1    10       0    0    4    0    40
  5      1     6       4    0    0    0    24
  6      1     5      10    0    0    0    50
  7      1     5       8    0    0    0    40
  8      1     3       0    0    0    3     9
  9      1     5       0    0    0    9    45
 10      1     6       0    0    9    0    54
 11      1     9       1    0    0    0    18
 12      1     8       0    0    2    0    16
 13      1     8       0    0    0    1    16
 14      1     3       7    0    0    0    21
 15      1     8       1    0    0    0    16
 16      1     3       0    0    0    2     6
 17      1     2       0    0    9    0    18
 18      1     7       1    0    0    0    14
 19      1     9       0    0    3    0    27
 20      1    10       0    8    0    0    80
 21      1     3       0    0    0    5    15
 22      1     8       0    0    0    2    16
 23      1     6       4    0    0    0    24
 24      1     3       5    0    0    0    15
 25      1     2       8    0    0    0    16
 26      1    10      10    0    0    0    100
 27      1     2       0    0    7    0    14
 28      1     3       2    0    0    0     6
 29      1     2       0    0    2    0     4
 30      1     5       0    0    7    0    35
 31      1     6       0    5    0    0    30
 32      1     6       0    4    0    0    24
 33      1     7       0    7    0    0    49
 34      1     7       0    0    7    0    49
 35      1    10       5    0    0    0    50
 36      1     9       0    0    1    0    18
 37      1     7       0    5    0    0    35
 38      1     3       0    9    0    0    27
 39      1     5       0    0    8    0    40
 40      1     3       9    0    0    0    27
 41      1     4       1    0    0    0     8
 42      1     6       4    0    0    0    24
 43      1     5       8    0    0    0    40
 44      1     4       0    0    0    7    28
 45      1     3       0    0    0    3     9
 46      1     6       6    0    0    0    36
 47      1     9       0    0    6    0    54
 48      1     8       0    3    0    0    24
 49      1     2       0    2    0    0     4
 50      1     7       0    2    0    0    14
 51      1     3       1    0    0    0     6
 52      1     5       3    0    0    0    15
 53      1    10       8    0    0    0    80
 54      1     6       6    0    0    0    36
 55      1     9       0   10    0    0    90
 56      1    10       7    0    0    0    70
 57      1     5       6    0    0    0    30
 58      1     7       0    0    4    0    28
 59      1     9       0    5    0    0    45
 60      1     4       0    0    6    0    24
 61      1    10       1    0    0    0    20
 62      1     7       0    8    0    0    56
 63      1     4       5    0    0    0    20
 64      1     1       2    0    0    0     2
 65      1     5       0    8    0    0    40
 66      1     3       0    0    0    1     6
 67      1     3       0    6    0    0    18
 68      1     2      10    0    0    0    20
 69      1     8       0    0    2    0    16
 70      1     9       0    5    0    0    45
 71      1     7       5    0    0    0    35
 72      1     5       0    0    3    0    15
 73      1     7       0    1    0    0    14
 74      1     5       6    0    0    0    30
 75      1     8       0    0    1    0    16
 76      1     3       0    1    0    0     6
 77      1    10       0    7    0    0    70
 78      1     6       0    5    0    0    30
 79      1     1       0    0    0   10    10
 80      1     8       0    0    0    9    72
 81      1     1       0    0    4    0     4
 82      1     1       0    2    0    0     2
 83      1     8       6    0    0    0    48
 84      1     8       8    0    0    0    64
 85      1     8       0    0    0    2    16
 86      1     1       0    0    0   10    10
 87      1     8       0    7    0    0    56
 88      1     2       0    0    0    2     4
 89      1     2       0    2    0    0     4
 90      1     5       0    4    0    0    20
 91      1     0       0    0    0    0     0
************************************************************************
RESOURCEAVAILABILITIES:
  R 1
   72
************************************************************************
RESOURCE LIMITS:
jobnr.  l(R 1)  u(R 1)
------------------------------------------------------------------------
  0        0       0
  1        3       6
  2        1       2
  3        5      10
  4        2       4
  5        2       4
  6        5      10
  7        4       8
  8        2       3
  9        5       9
 10        5       9
 11        1       2
 12        1       2
 13        1       2
 14        4       7
 15        1       2
 16        1       2
 17        5       9
 18        1       2
 19        2       3
 20        4       8
 21        3       5
 22        1       2
 23        2       4
 24        3       5
 25        4       8
 26        5      10
 27        4       7
 28        1       2
 29        1       2
 30        4       7
 31        3       5
 32        2       4
 33        4       7
 34        4       7
 35        3       5
 36        1       2
 37        3       5
 38        5       9
 39        4       8
 40        5       9
 41        1       2
 42        2       4
 43        4       8
 44        4       7
 45        2       3
 46        3       6
 47        3       6
 48        2       3
 49        1       2
 50        1       2
 51        1       2
 52        2       3
 53        4       8
 54        3       6
 55        5      10
 56        4       7
 57        3       6
 58        2       4
 59        3       5
 60        3       6
 61        1       2
 62        4       8
 63        3       5
 64        1       2
 65        4       8
 66        1       2
 67        3       6
 68        5      10
 69        1       2
 70        3       5
 71        3       5
 72        2       3
 73        1       2
 74        3       6
 75        1       2
 76        1       2
 77        4       7
 78        3       5
 79        5      10
 80        5       9
 81        2       4
 82        1       2
 83        3       6
 84        4       8
 85        1       2
 86        5      10
 87        4       7
 88        1       2
 89        1       2
 90        2       4
 91        0       0
************************************************************************
SCENARIOS:
------------------------------------------------------------------------
RESOURCE k = 1
s = 1: (0, 24, 12, 11, 39, 31, 36, 51, 12, 45, 39, 20, 30, 12, 11, 14, 6, 19, 12, 29, 71, 17, 17, 35, 13, 13, 118, 15, 9, 4, 30, 28, 20, 45, 50, 41, 15, 41, 35, 36, 19, 6, 24, 27, 30, 7, 23, 36, 22, 4, 13, 7, 21, 52, 24, 98, 50, 29, 19, 37, 23, 12, 64, 18, 3, 40, 4, 15, 17, 13, 50, 53, 13, 15, 45, 19, 9, 94, 32, 14, 92, 6, 2, 44, 59, 13, 18, 62, 3, 6, 18, 0)
s = 2: (0, 24, 13, 11, 29, 24, 42, 43, 8, 29, 63, 15, 10, 11, 15, 22, 9, 12, 21, 21, 123, 13, 11, 21, 10, 17, 178, 10, 7, 5, 35, 17, 32, 50, 42, 41, 14, 35, 31, 28, 28, 10, 24, 64, 27, 11, 40, 50, 15, 3, 15, 10, 18, 166, 28, 105, 71, 32, 23, 28, 19, 30, 51, 23, 3, 40, 7, 17, 34, 25, 64, 39, 14, 15, 37, 13, 8, 70, 50, 10, 62, 5, 4, 46, 59, 24, 8, 37, 5, 4, 16, 0)
s = 3: (0, 44, 12, 15, 48, 26, 37, 34, 8, 64, 47, 20, 18, 23, 22, 13, 9, 13, 13, 20, 64, 11, 11, 20, 18, 15, 116, 16, 6, 7, 51, 23, 36, 58, 59, 33, 18, 26, 25, 49, 39, 9, 22, 51, 24, 8, 53, 56, 23, 7, 16, 6, 17, 90, 31, 117, 73, 33, 21, 44, 17, 22, 47, 28, 3, 55, 6, 12, 23, 11, 59, 35, 15, 21, 25, 17, 8, 75, 25, 10, 75, 4, 2, 61, 41, 14, 9, 54, 3, 5, 18, 0)
s = 4: (0, 34, 20, 11, 39, 25, 56, 28, 8, 39, 49, 16, 19, 18, 23, 24, 5, 12, 9, 36, 85, 10, 9, 36, 17, 13, 98, 12, 5, 4, 33, 33, 18, 36, 43, 43, 14, 32, 31, 28, 31, 10, 40, 27, 37, 8, 43, 65, 26, 4, 14, 9, 23, 91, 25, 60, 79, 45, 20, 66, 34, 24, 64, 15, 4, 70, 8, 24, 24, 13, 52, 28, 13, 12, 45, 13, 6, 54, 40, 14, 126, 7, 2, 60, 87, 23, 12, 60, 4, 5, 18, 0)
s = 5: (0, 24, 14, 9, 40, 30, 45, 42, 11, 59, 36, 17, 17, 15, 21, 11, 5, 27, 10, 42, 84, 10, 14, 26, 26, 18, 89, 19, 7, 4, 24, 40, 30, 41, 43, 51, 22, 36, 21, 42, 28, 11, 18, 50, 34, 11, 57, 56, 21, 3, 12, 5, 27, 66, 53, 91, 89, 18, 20, 35, 17, 23, 54, 27, 2, 43, 5, 12, 28, 16, 49, 33, 11, 13, 33, 14, 6, 56, 50, 10, 60, 5, 3, 39, 67, 14, 8, 51, 6, 3, 13, 0)
s = 6: (0, 56, 20, 12, 50, 27, 47, 46, 8, 63, 43, 20, 24, 11, 22, 13, 8, 23, 9, 20, 74, 24, 12, 22, 15, 20, 133, 15, 6, 4, 21, 32, 20, 47, 33, 64, 14, 48, 22, 24, 26, 9, 33, 48, 20, 9, 31, 41, 22, 3, 12, 7, 16, 53, 32, 109, 57, 40, 38, 46, 28, 14, 42, 24, 2, 22, 6, 17, 17, 17, 42, 20, 20, 19, 30, 22, 8, 72, 34, 8, 58, 4, 4, 42, 69, 18, 11, 36, 5, 7, 18, 0)
s = 7: (0, 35, 14, 9, 40, 33, 48, 47, 14, 44, 32, 15, 23, 20, 23, 24, 4, 22, 14, 17, 75, 24, 18, 14, 16, 16, 107, 14, 5, 5, 35, 24, 25, 47, 59, 48, 26, 31, 22, 29, 26, 9, 28, 27, 30, 9, 42, 56, 16, 5, 12, 7, 18, 111, 21, 114, 75, 17, 21, 39, 31, 25, 50, 24, 4, 42, 5, 33, 21, 24, 82, 33, 11, 14, 38, 27, 6, 89, 40, 7, 88, 3, 3, 61, 36, 20, 9, 94, 5, 7, 17, 0)
s = 8: (0, 29, 18, 13, 39, 22, 73, 26, 10, 43, 30, 19, 11, 17, 21, 15, 6, 26, 17, 32, 82, 12, 16, 19, 9, 14, 66, 14, 11, 4, 31, 27, 25, 38, 41, 64, 15, 28, 17, 24, 26, 7, 19, 35, 40, 11, 29, 37, 21, 4, 15, 8, 12, 81, 46, 78, 38, 27, 39, 55, 22, 18, 52, 15, 2, 50, 8, 16, 21, 21, 59, 35, 22, 22, 19, 14, 8, 80, 28, 14, 78, 4, 2, 36, 50, 10, 12, 44, 3, 6, 21, 0)
s = 9: (0, 29, 11, 8, 59, 18, 41, 43, 8, 37, 58, 20, 9, 26, 28, 15, 8, 23, 18, 25, 47, 22, 14, 17, 15, 21, 127, 17, 9, 6, 22, 40, 16, 49, 29, 61, 18, 29, 31, 44, 33, 6, 26, 47, 24, 9, 38, 69, 24, 5, 12, 9, 18, 54, 32, 111, 50, 26, 29, 53, 21, 17, 76, 16, 2, 29, 5, 20, 21, 20, 40, 42, 11, 13, 38, 26, 9, 48, 32, 9, 58, 3, 2, 70, 60, 21, 12, 43, 4, 4, 40, 0)
s = 10: (0, 23, 11, 6, 43, 20, 53, 64, 10, 52, 55, 19, 16, 14, 19, 20, 7, 15, 9, 31, 75, 12, 12, 20, 20, 22, 101, 20, 8, 3, 58, 20, 24, 62, 38, 46, 14, 28, 31, 35, 30, 8, 34, 51, 43, 8, 23, 62, 19, 6, 14, 4, 13, 87, 21, 122, 79, 18, 41, 41, 23, 21, 64, 35, 3, 24, 4, 12, 19, 26, 50, 30, 20, 10, 31, 14, 4, 73, 36, 12, 133, 5, 2, 64, 75, 18, 7, 48, 3, 4, 14, 0)
s = 11: (0, 43, 9, 15, 61, 28, 50, 43, 7, 75, 45, 15, 16, 25, 21, 14, 8, 13, 21, 23, 48, 16, 12, 34, 17, 28, 98, 10, 6, 5, 33, 22, 29, 35, 35, 45, 26, 36, 35, 32, 19, 8, 26, 46, 19, 12, 27, 52, 18, 5, 13, 6, 20, 92, 43, 71, 67, 40, 29, 47, 15, 19, 43, 14, 2, 28, 8, 14, 18, 12, 57, 38, 26, 16, 25, 20, 7, 94, 41, 12, 81, 3, 3, 53, 42, 10, 13, 48, 4, 3, 15, 0)
s = 12: (0, 26, 13, 11, 43, 27, 37, 47, 14, 62, 44, 11, 18, 16, 14, 25, 6, 13, 14, 32, 53, 14, 16, 17, 13, 19, 64, 15, 8, 8, 37, 16, 29, 57, 65, 53, 14, 41, 19, 65, 20, 9, 29, 47, 49, 16, 40, 47, 26, 6, 20, 5, 12, 72, 56, 102, 56, 38, 22, 30, 23, 18, 82, 27, 3, 47, 6, 17, 13, 11, 39, 44, 18, 12, 29, 11, 5, 50, 34, 12, 88, 3, 2, 33, 55, 20, 13, 36, 4, 5, 17, 0)
s = 13: (0, 35, 15, 14, 30, 25, 30, 52, 13, 64, 53, 22, 19, 15, 27, 16, 10, 19, 15, 41, 60, 15, 16, 23, 18, 14, 123, 17, 10, 4, 42, 45, 14, 39, 49, 83, 31, 29, 23, 35, 33, 7, 33, 52, 34, 8, 38, 69, 33, 4, 9, 5, 10, 86, 47, 91, 50, 27, 35, 43, 26, 21, 58, 17, 3, 29, 5, 33, 17, 22, 50, 37, 21, 14, 19, 13, 5, 68, 31, 9, 62, 4, 2, 43, 72, 15, 8, 85, 3, 6, 24, 0)
s = 14: (0, 36, 8, 13, 31, 21, 34, 30, 7, 56, 54, 19, 16, 12, 14, 16, 6, 24, 9, 25, 119, 21, 11, 29, 14, 12, 103, 17, 4, 5, 36, 20, 19, 63, 61, 56, 13, 26, 40, 33, 30, 6, 18, 37, 34, 14, 39, 61, 18, 4, 21, 8, 23, 114, 46, 72, 43, 24, 32, 70, 28, 15, 53, 17, 2, 37, 6, 16, 20, 11, 45, 23, 9, 23, 20, 17, 10, 63, 38, 11, 84, 7, 4, 33, 76, 19, 11, 47, 4, 4, 13, 0)
s = 15: (0, 35, 11, 11, 37, 30, 28, 22, 8, 47, 55, 27, 17, 17, 19, 14, 6, 11, 12, 18, 55, 11, 15, 31, 19, 15, 91, 23, 7, 7, 47, 27, 24, 52, 40, 57, 12, 27, 26, 33, 30, 13, 19, 34, 21, 10, 29, 44, 17, 6, 14, 9, 15, 66, 36, 69, 72, 29, 18, 40, 16, 26, 62, 26, 2, 33, 6, 21, 24, 19, 40, 35, 13, 23, 29, 16, 5, 48, 21, 14, 78, 6, 3, 49, 84, 13, 14, 44, 3, 3, 15, 0)
s = 16: (0, 28, 11, 12, 51, 29, 48, 47, 6, 38, 43, 14, 14, 13, 26, 15, 6, 19, 18, 25, 84, 17, 17, 21, 21, 15, 67, 15, 8, 6, 27, 44, 24, 45, 55, 73, 19, 31, 23, 44, 37, 15, 33, 47, 20, 8, 28, 42, 29, 5, 18, 11, 11, 105, 40, 94, 58, 21, 32, 46, 29, 17, 74, 12, 2, 29, 10, 20, 14, 10, 46, 49, 15, 14, 37, 23, 6, 120, 35, 9, 49, 5, 2, 35, 51, 9, 12, 73, 5, 7, 16, 0)
s = 17: (0, 34, 11, 11, 32, 21, 36, 54, 9, 55, 46, 17, 18, 15, 23, 27, 8, 13, 13, 33, 79, 14, 21, 18, 11, 12, 71, 11, 10, 5, 44, 26, 22, 41, 60, 38, 14, 55, 37, 33, 28, 6, 15, 45, 36, 11, 44, 30, 20, 7, 16, 5, 20, 79, 49, 74, 47, 25, 18, 58, 22, 27, 46, 19, 2, 32, 5, 28, 19, 27, 34, 34, 16, 12, 18, 20, 8, 70, 25, 10, 68, 4, 2, 31, 58, 16, 14, 49, 5, 7, 26, 0)
s = 18: (0, 57, 21, 12, 55, 33, 43, 27, 8, 51, 78, 17, 23, 12, 17, 14, 8, 24, 17, 26, 47, 12, 11, 24, 20, 24, 63, 12, 7, 4, 30, 34, 17, 33, 50, 56, 23, 41, 33, 42, 44, 5, 34, 55, 19, 15, 29, 63, 17, 4, 13, 5, 16, 120, 29, 117, 58, 27, 37, 28, 20, 14, 49, 19, 3, 40, 7, 26, 17, 23, 41, 34, 16, 15, 28, 10, 8, 57, 25, 13, 74, 6, 4, 58, 39, 10, 12, 69, 5, 4, 21, 0)
s = 19: (0, 41, 9, 13, 50, 28, 29, 36, 10, 44, 51, 19, 14, 12, 25, 17, 4, 17, 13, 37, 99, 14, 29, 18, 13, 19, 109, 17, 7, 3, 27, 27, 18, 66, 60, 60, 16, 31, 33, 62, 40, 13, 38, 49, 24, 12, 30, 57, 30, 7, 13, 7, 12, 64, 26, 56, 46, 32, 32, 48, 23, 31, 66, 11, 3, 42, 5, 22, 22, 20, 49, 53, 24, 16, 35, 13, 9, 53, 18, 15, 48, 4, 2, 79, 75, 14, 14, 32, 4, 6, 19, 0)
s = 20: (0, 40, 17, 19, 45, 21, 41, 46, 8, 54, 35, 27, 25, 15, 25, 10, 5, 23, 15, 30, 86, 10, 19, 28, 11, 29, 158, 18, 7, 4, 31, 25, 36, 31, 63, 62, 29, 25, 25, 34, 20, 7, 15, 38, 31, 11, 30, 49, 23, 5, 11, 7, 18, 69, 39, 104, 85, 29, 20, 48, 22, 32, 45, 19, 4, 61, 5, 15, 21, 15, 57, 46, 12, 19, 24, 16, 5, 58, 18, 8, 97, 4, 3, 40, 46, 16, 8, 65, 5, 5, 15, 0)
s = 21: (0, 33, 11, 7, 26, 26, 54, 28, 6, 40, 63, 21, 11, 13, 25, 14, 5, 18, 10, 22, 59, 17, 9, 24, 13, 13, 129, 11, 6, 5, 32, 35, 33, 39, 61, 44, 10, 36, 38, 59, 20, 10, 32, 31, 23, 12, 29, 34, 31, 3, 13, 5, 20, 128, 43, 85, 80, 19, 23, 44, 34, 13, 57, 19, 3, 41, 7, 17, 28, 20, 40, 28, 22, 16, 21, 16, 4, 83, 19, 11, 65, 3, 2, 40, 57, 12, 11, 35, 4, 6, 14, 0)
s = 22: (0, 21, 21, 10, 63, 16, 46, 44, 7, 30, 69, 19, 17, 12, 22, 12, 7, 14, 16, 16, 57, 14, 10, 32, 13, 17, 133, 11, 8, 4, 31, 32, 17, 55, 36, 47, 11, 38, 32, 39, 22, 12, 19, 44, 42, 9, 22, 53, 28, 5, 13, 8, 24, 61, 33, 47, 79, 28, 27, 52, 17, 17, 43, 26, 3, 29, 7, 17, 29, 17, 45, 20, 26, 14, 23, 21, 5, 56, 20, 8, 56, 5, 3, 45, 55, 14, 8, 67, 5, 5, 18, 0)
s = 23: (0, 22, 14, 9, 60, 25, 58, 58, 13, 40, 68, 17, 15, 26, 24, 26, 8, 11, 14, 37, 48, 17, 10, 18, 12, 22, 86, 11, 10, 4, 36, 33, 25, 28, 42, 33, 12, 34, 20, 31, 27, 12, 32, 70, 24, 7, 42, 54, 25, 6, 15, 6, 22, 65, 25, 51, 89, 16, 35, 66, 30, 22, 47, 33, 2, 50, 8, 14, 19, 12, 49, 43, 11, 20, 38, 15, 7, 72, 37, 13, 52, 4, 3, 57, 80, 20, 8, 41, 5, 6, 16, 0)
s = 24: (0, 24, 16, 9, 46, 37, 40, 35, 6, 49, 44, 22, 20, 15, 25, 11, 7, 13, 10, 23, 92, 12, 20, 17, 19, 18, 123, 17, 9, 4, 34, 39, 26, 52, 50, 41, 22, 24, 17, 37, 32, 7, 21, 33, 26, 13, 35, 46, 26, 4, 13, 4, 11, 79, 38, 82, 75, 50, 19, 29, 15, 21, 49, 20, 3, 24, 8, 16, 14, 14, 57, 39, 12, 20, 33, 11, 9, 42, 17, 10, 58, 4, 2, 49, 65, 11, 11, 55, 4, 4, 17, 0)
s = 25: (0, 21, 11, 9, 25, 28, 33, 54, 7, 43, 51, 14, 22, 19, 18, 21, 10, 24, 10, 27, 77, 16, 18, 20, 18, 12, 127, 16, 11, 4, 54, 17, 28, 38, 36, 54, 26, 33, 25, 35, 31, 6, 19, 54, 19, 10, 50, 84, 27, 6, 17, 8, 25, 101, 42, 53, 86, 45, 43, 35, 15, 15, 87, 23, 2, 40, 6, 27, 14, 15, 54, 25, 16, 11, 24, 23, 7, 89, 32, 16, 88, 5, 2, 60, 72, 23, 12, 50, 4, 5, 14, 0)
s = 26: (0, 27, 9, 7, 36, 15, 51, 28, 9, 39, 59, 20, 19, 13, 24, 15, 7, 17, 12, 26, 125, 20, 18, 33, 13, 26, 55, 15, 9, 3, 38, 38, 32, 53, 47, 58, 34, 29, 28, 38, 18, 9, 24, 47, 32, 7, 24, 45, 21, 3, 13, 12, 11, 79, 29, 99, 102, 28, 28, 28, 25, 25, 58, 13, 3, 39, 4, 13, 17, 13, 45, 26, 16, 13, 28, 12, 7, 69, 40, 12, 109, 5, 2, 37, 69, 13, 12, 47, 4, 6, 34, 0)
s = 27: (0, 55, 18, 10, 22, 34, 80, 43, 6, 41, 60, 14, 10, 13, 20, 19, 6, 13, 14, 33, 59, 23, 19, 19, 16, 17, 103, 15, 4, 4, 29, 43, 29, 40, 46, 42, 18, 62, 28, 44, 27, 9, 24, 32, 25, 11, 39, 36, 30, 5, 17, 5, 10, 106, 33, 56, 72, 36, 25, 37, 21, 15, 53, 22, 2, 24, 8, 15, 23, 12, 61, 40, 14, 14, 28, 13, 6, 90, 28, 14, 67, 6, 3, 49, 65, 25, 14, 68, 3, 6, 21, 0)
s = 28: (0, 30, 14, 11, 28, 29, 63, 40, 6, 57, 89, 15, 16, 22, 17, 19, 7, 18, 12, 33, 68, 24, 11, 37, 22, 16, 150, 15, 6, 4, 23, 16, 43, 69, 67, 59, 12, 39, 21, 48, 20, 7, 15, 30, 24, 11, 30, 34, 25, 5, 15, 5, 22, 69, 44, 66, 74, 28, 19, 45, 42, 16, 59, 22, 3, 40, 7, 15, 28, 14, 39, 27, 22, 22, 41, 11, 7, 70, 51, 10, 76, 4, 2, 51, 90, 13, 11, 68, 3, 7, 18, 0)
s = 29: (0, 40, 13, 13, 47, 21, 38, 37, 7, 47, 81, 13, 22, 9, 24, 13, 7, 12, 17, 26, 74, 20, 15, 16, 17, 19, 123, 12, 7, 5, 31, 33, 16, 47, 38, 60, 18, 29, 30, 30, 21, 12, 16, 26, 32, 6, 33, 48, 34, 4, 12, 6, 19, 83, 23, 97, 75, 22, 30, 65, 21, 17, 60, 22, 2, 34, 6, 23, 21, 17, 64, 52, 13, 24, 33, 12, 6, 58, 34, 12, 56, 4, 2, 27, 70, 16, 13, 43, 4, 4, 25, 0)
s = 30: (0, 32, 10, 14, 46, 24, 43, 37, 10, 49, 52, 20, 18, 20, 17, 22, 8, 18, 18, 42, 91, 14, 15, 32, 20, 20, 112, 16, 10, 4, 50, 25, 27, 71, 81, 64, 13, 42, 22, 49, 31, 6, 16, 36, 17, 7, 47, 39, 17, 3, 18, 5, 10, 57, 24, 124, 89, 18, 32, 49, 22, 13, 47, 23, 3, 35, 9, 16, 26, 18, 32, 30, 17, 13, 25, 13, 4, 70, 41, 11, 72, 4, 3, 58, 63, 18, 11, 71, 7, 6, 14, 0)
s = 31: (0, 29, 17, 10, 35, 29, 57, 60, 9, 48, 44, 22, 12, 12, 18, 13, 7, 28, 15, 29, 87, 15, 21, 31, 14, 16, 90, 14, 5, 4, 35, 22, 18, 53, 82, 39, 23, 31, 18, 48, 44, 9, 35, 56, 23, 11, 41, 50, 21, 5, 16, 6, 13, 98, 44, 89, 53, 27, 21, 38, 32, 14, 49, 24, 2, 44, 5, 12, 11, 12, 61, 25, 20, 11, 33, 17, 8, 62, 22, 8, 43, 3, 2, 64, 80, 11, 12, 78, 5, 3, 25, 0)
s = 32: (0, 24, 15, 7, 24, 17, 47, 32, 7, 50, 66, 17, 16, 15, 33, 10, 8, 22, 16, 17, 92, 15, 13, 18, 21, 12, 94, 14, 7, 4, 24, 27, 16, 64, 57, 58, 15, 45, 18, 31, 15, 9, 36, 43, 21, 13, 30, 43, 32, 4, 13, 7, 20, 116, 43, 67, 76, 26, 24, 46, 22, 20, 42, 17, 3, 37, 4, 22, 17, 19, 32, 40, 8, 14, 17, 11, 6, 61, 39, 8, 45, 3, 2, 67, 69, 20, 10, 39, 4, 5, 18, 0)
s = 33: (0, 46, 14, 9, 35, 19, 38, 36, 8, 27, 60, 29, 20, 18, 15, 16, 6, 16, 15, 17, 65, 11, 25, 14, 12, 19, 127, 18, 5, 5, 41, 32, 44, 79, 36, 52, 15, 22, 27, 30, 31, 8, 23, 40, 34, 12, 39, 38, 20, 4, 10, 6, 12, 126, 58, 107, 95, 33, 18, 31, 41, 20, 64, 12, 3, 40, 5, 24, 15, 20, 34, 35, 12, 12, 28, 11, 5, 55, 37, 7, 112, 7, 3, 33, 49, 14, 9, 52, 4, 4, 11, 0)
s = 34: (0, 32, 18, 10, 29, 23, 37, 42, 8, 49, 58, 14, 17, 15, 16, 13, 7, 11, 20, 32, 69, 14, 19, 37, 14, 20, 151, 8, 10, 6, 28, 17, 23, 51, 40, 57, 19, 29, 35, 36, 18, 9, 32, 33, 48, 13, 45, 45, 28, 3, 23, 5, 19, 74, 42, 151, 79, 46, 44, 29, 33, 23, 63, 16, 3, 29, 7, 11, 13, 14, 27, 47, 12, 12, 38, 14, 6, 43, 32, 11, 77, 5, 2, 55, 44, 20, 13, 67, 8, 5, 21, 0)
s = 35: (0, 32, 13, 8, 34, 32, 27, 54, 6, 53, 35, 24, 22, 19, 21, 14, 7, 23, 18, 23, 54, 14, 14, 15, 12, 22, 156, 15, 5, 8, 29, 34, 21, 60, 60, 42, 20, 49, 22, 37, 26, 8, 18, 46, 18, 9, 32, 59, 34, 4, 12, 8, 9, 49, 35, 158, 108, 25, 36, 45, 36, 12, 63, 20, 2, 50, 7, 15, 20, 9, 29, 35, 17, 12, 30, 11, 7, 49, 34, 12, 68, 4, 3, 48, 39, 13, 14, 54, 4, 6, 16, 0)
s = 36: (0, 59, 19, 7, 35, 21, 31, 75, 11, 59, 52, 14, 14, 18, 15, 22, 5, 14, 19, 34, 83, 13, 13, 15, 14, 24, 122, 11, 5, 4, 40, 23, 35, 31, 47, 45, 10, 35, 44, 41, 22, 8, 16, 66, 34, 8, 29, 49, 21, 6, 10, 7, 10, 112, 34, 71, 62, 20, 30, 43, 23, 23, 38, 22, 2, 34, 8, 17, 20, 15, 54, 48, 14, 18, 27, 15, 4, 79, 49, 8, 53, 5, 3, 43, 105, 13, 6, 65, 4, 5, 16, 0)
s = 37: (0, 31, 8, 14, 38, 30, 32, 58, 10, 46, 52, 15, 24, 9, 13, 14, 6, 20, 10, 32, 106, 18, 26, 39, 17, 16, 80, 14, 5, 3, 30, 20, 15, 61, 32, 35, 24, 26, 20, 45, 23, 13, 19, 42, 26, 7, 42, 59, 31, 5, 16, 8, 14, 68, 42, 101, 77, 30, 44, 55, 15, 29, 32, 23, 3, 23, 8, 21, 20, 20, 50, 26, 14, 11, 24, 17, 7, 60, 23, 14, 97, 3, 3, 41, 79, 10, 14, 73, 3, 3, 13, 0)
s = 38: (0, 35, 17, 8, 28, 36, 45, 31, 11, 72, 64, 14, 17, 16, 15, 32, 7, 29, 20, 23, 54, 16, 18, 25, 8, 18, 122, 12, 5, 3, 24, 46, 28, 32, 28, 66, 26, 44, 43, 37, 37, 8, 34, 33, 25, 8, 33, 39, 15, 4, 12, 10, 15, 82, 40, 65, 110, 36, 24, 51, 18, 22, 41, 24, 3, 40, 6, 22, 17, 21, 45, 23, 13, 14, 22, 21, 6, 61, 29, 14, 67, 7, 4, 46, 55, 15, 11, 68, 5, 5, 20, 0)
s = 39: (0, 21, 21, 11, 46, 27, 45, 69, 9, 49, 60, 24, 19, 24, 33, 20, 8, 23, 15, 23, 102, 17, 12, 24, 19, 19, 67, 9, 5, 5, 32, 36, 21, 62, 40, 30, 17, 46, 23, 63, 24, 8, 23, 34, 23, 15, 21, 60, 35, 6, 19, 7, 15, 92, 37, 93, 71, 40, 32, 56, 31, 14, 60, 27, 2, 52, 6, 19, 21, 19, 35, 26, 10, 13, 31, 13, 5, 60, 22, 10, 70, 4, 2, 52, 45, 16, 17, 59, 5, 4, 26, 0)
s = 40: (0, 48, 11, 9, 28, 34, 43, 36, 8, 28, 61, 16, 18, 22, 22, 16, 6, 10, 12, 35, 52, 14, 19, 18, 18, 19, 108, 10, 5, 4, 38, 20, 32, 74, 73, 40, 19, 25, 30, 26, 22, 8, 23, 42, 40, 13, 30, 53, 28, 6, 13, 5, 12, 54, 21, 93, 56, 29, 26, 32, 28, 16, 62, 15, 3, 35, 6, 16, 25, 18, 64, 36, 14, 15, 44, 14, 7, 133, 20, 17, 56, 6, 2, 30, 46, 14, 6, 54, 4, 5, 15, 0)
s = 41: (0, 31, 21, 12, 25, 31, 36, 29, 9, 41, 53, 12, 15, 18, 16, 17, 10, 17, 10, 24, 105, 11, 13, 30, 16, 13, 75, 8, 5, 6, 33, 33, 17, 29, 64, 59, 19, 53, 25, 34, 17, 6, 24, 51, 26, 12, 32, 49, 26, 3, 15, 5, 18, 103, 25, 123, 102, 28, 28, 46, 31, 15, 54, 28, 2, 32, 6, 11, 31, 21, 39, 42, 16, 11, 32, 25, 5, 43, 24, 7, 83, 3, 2, 51, 45, 17, 7, 52, 5, 4, 21, 0)
s = 42: (0, 41, 20, 9, 28, 14, 27, 30, 9, 30, 29, 20, 12, 16, 23, 20, 6, 16, 11, 18, 64, 20, 13, 17, 9, 17, 94, 13, 5, 5, 26, 47, 35, 35, 77, 76, 25, 25, 23, 30, 39, 7, 18, 62, 46, 6, 49, 45, 16, 3, 17, 4, 14, 59, 33, 79, 46, 27, 20, 30, 31, 24, 93, 11, 2, 38, 8, 17, 12, 15, 34, 40, 16, 15, 44, 12, 7, 90, 46, 8, 59, 5, 2, 56, 70, 13, 9, 73, 4, 5, 15, 0)
s = 43: (0, 25, 11, 10, 55, 24, 70, 30, 6, 37, 73, 13, 12, 13, 21, 12, 4, 33, 9, 16, 66, 13, 24, 23, 24, 15, 99, 16, 5, 3, 25, 16, 17, 59, 27, 55, 12, 29, 27, 31, 44, 12, 14, 30, 18, 11, 35, 72, 40, 4, 11, 8, 15, 127, 34, 76, 67, 30, 43, 48, 26, 28, 45, 17, 3, 33, 6, 12, 32, 18, 51, 31, 14, 14, 49, 13, 5, 99, 40, 8, 57, 4, 3, 33, 67, 22, 9, 42, 4, 4, 20, 0)
s = 44: (0, 59, 12, 16, 37, 18, 31, 40, 9, 30, 50, 19, 12, 18, 17, 29, 5, 20, 10, 19, 67, 15, 19, 16, 20, 18, 106, 20, 4, 7, 29, 21, 20, 38, 32, 61, 14, 40, 38, 43, 30, 9, 22, 44, 28, 11, 35, 52, 18, 5, 19, 7, 15, 51, 26, 49, 63, 32, 21, 62, 23, 25, 47, 20, 3, 78, 8, 17, 20, 15, 29, 55, 21, 21, 33, 12, 8, 76, 37, 8, 118, 3, 3, 44, 66, 11, 10, 52, 4, 5, 17, 0)
s = 45: (0, 20, 12, 9, 29, 17, 63, 31, 10, 73, 68, 11, 16, 22, 17, 10, 8, 14, 22, 21, 111, 26, 22, 17, 29, 19, 96, 19, 7, 6, 44, 28, 21, 54, 41, 57, 20, 39, 17, 40, 37, 7, 27, 27, 26, 9, 26, 44, 30, 6, 10, 5, 18, 116, 37, 65, 89, 28, 30, 41, 25, 16, 33, 13, 3, 52, 8, 16, 25, 16, 37, 45, 13, 10, 28, 17, 5, 43, 31, 6, 42, 5, 4, 35, 81, 17, 16, 68, 6, 4, 26, 0)
s = 46: (0, 30, 20, 12, 48, 19, 43, 42, 15, 30, 35, 16, 18, 11, 12, 17, 7, 11, 20, 19, 67, 16, 10, 27, 9, 21, 98, 16, 6, 6, 26, 19, 18, 58, 45, 39, 24, 31, 47, 40, 28, 8, 15, 59, 37, 7, 26, 52, 26, 4, 13, 6, 18, 57, 45, 75, 40, 26, 25, 30, 23, 23, 67, 16, 2, 50, 4, 19, 33, 10, 28, 30, 10, 12, 33, 15, 6, 77, 27, 9, 70, 5, 2, 53, 58, 17, 12, 88, 4, 4, 14, 0)
s = 47: (0, 59, 8, 10, 32, 21, 36, 46, 14, 47, 39, 19, 21, 22, 31, 16, 6, 12, 16, 28, 62, 15, 19, 27, 14, 11, 86, 19, 4, 4, 35, 22, 28, 44, 73, 55, 14, 35, 30, 61, 27, 6, 23, 32, 20, 6, 40, 51, 28, 4, 12, 8, 13, 68, 25, 86, 52, 54, 24, 55, 19, 19, 80, 16, 3, 36, 6, 22, 23, 27, 56, 52, 13, 13, 26, 11, 8, 61, 21, 15, 119, 4, 2, 50, 70, 16, 6, 66, 6, 4, 22, 0)
s = 48: (0, 41, 14, 6, 26, 22, 32, 38, 11, 59, 39, 23, 22, 18, 21, 14, 7, 17, 13, 20, 46, 17, 25, 46, 16, 11, 135, 22, 7, 4, 37, 46, 26, 61, 34, 46, 14, 31, 35, 36, 27, 7, 22, 40, 37, 13, 30, 40, 18, 5, 8, 6, 22, 76, 21, 76, 48, 31, 26, 47, 28, 14, 74, 13, 2, 29, 8, 13, 22, 9, 41, 25, 27, 14, 21, 18, 7, 57, 22, 10, 61, 5, 3, 43, 86, 18, 10, 58, 4, 6, 21, 0)
s = 49: (0, 34, 14, 10, 34, 19, 36, 34, 5, 56, 45, 22, 14, 25, 24, 18, 5, 29, 12, 21, 54, 20, 12, 25, 20, 22, 105, 15, 7, 4, 48, 33, 32, 29, 44, 59, 11, 32, 34, 40, 47, 15, 19, 46, 32, 9, 50, 44, 22, 5, 12, 4, 13, 89, 32, 59, 67, 28, 30, 44, 20, 29, 80, 17, 3, 45, 10, 22, 28, 20, 43, 49, 14, 10, 24, 12, 4, 105, 43, 8, 60, 5, 2, 33, 74, 12, 8, 64, 4, 4, 30, 0)
s = 50: (0, 31, 15, 19, 53, 19, 38, 47, 13, 47, 49, 17, 21, 17, 19, 15, 5, 16, 11, 30, 54, 25, 12, 23, 11, 18, 119, 10, 7, 6, 50, 44, 31, 41, 34, 67, 29, 25, 38, 52, 30, 12, 31, 27, 33, 13, 42, 42, 36, 3, 15, 8, 13, 83, 30, 72, 76, 18, 33, 32, 26, 14, 43, 16, 2, 38, 6, 20, 26, 13, 47, 30, 12, 10, 33, 25, 6, 56, 26, 12, 62, 5, 3, 77, 49, 12, 8, 32, 4, 4, 14, 0)
s = 51: (0, 29, 18, 11, 50, 16, 77, 28, 10, 36, 84, 21, 15, 22, 16, 27, 6, 19, 13, 21, 101, 14, 12, 19, 22, 16, 77, 16, 7, 3, 33, 25, 19, 63, 49, 58, 22, 36, 15, 27, 24, 6, 32, 38, 25, 8, 38, 56, 24, 4, 16, 7, 12, 85, 52, 134, 45, 23, 28, 26, 20, 24, 31, 16, 3, 25, 7, 19, 32, 21, 39, 39, 11, 14, 20, 12, 8, 77, 34, 9, 76, 5, 2, 66, 67, 12, 13, 49, 4, 3, 22, 0)
s = 52: (0, 32, 11, 12, 44, 21, 37, 36, 12, 62, 49, 23, 13, 13, 18, 13, 10, 11, 12, 36, 60, 17, 23, 21, 21, 16, 152, 22, 5, 3, 30, 26, 22, 48, 59, 56, 16, 34, 16, 34, 29, 10, 29, 60, 20, 9, 25, 66, 25, 4, 9, 6, 18, 54, 52, 109, 69, 21, 23, 36, 39, 18, 48, 15, 2, 57, 5, 21, 26, 25, 36, 25, 20, 11, 32, 13, 9, 69, 44, 11, 50, 5, 2, 55, 59, 12, 15, 36, 6, 4, 14, 0)
s = 53: (0, 24, 11, 6, 29, 25, 68, 70, 7, 57, 39, 16, 22, 16, 26, 17, 6, 16, 15, 25, 61, 11, 20, 20, 25, 21, 92, 18, 5, 4, 21, 50, 18, 77, 49, 51, 11, 46, 22, 25, 41, 9, 29, 42, 28, 6, 23, 76, 29, 5, 19, 7, 20, 84, 42, 106, 57, 36, 24, 80, 19, 26, 52, 18, 2, 42, 4, 16, 16, 24, 65, 43, 17, 15, 41, 20, 7, 67, 30, 8, 70, 3, 2, 56, 54, 15, 7, 42, 4, 3, 27, 0)
s = 54: (0, 37, 17, 14, 40, 23, 30, 37, 9, 36, 74, 25, 11, 17, 17, 16, 6, 20, 17, 18, 61, 15, 16, 29, 12, 16, 69, 24, 5, 4, 25, 21, 19, 50, 68, 38, 12, 36, 24, 33, 20, 5, 23, 53, 28, 9, 32, 46, 21, 5, 13, 5, 23, 88, 21, 90, 64, 32, 33, 32, 18, 17, 40, 21, 2, 35, 6, 12, 30, 21, 50, 30, 11, 11, 21, 19, 5, 80, 27, 10, 69, 6, 3, 40, 76, 12, 10, 69, 5, 5, 13, 0)
s = 55: (0, 44, 21, 8, 26, 22, 73, 50, 10, 47, 77, 23, 18, 19, 20, 12, 4, 20, 11, 36, 73, 13, 20, 14, 12, 21, 94, 10, 6, 5, 33, 29, 28, 69, 43, 28, 11, 39, 23, 34, 25, 8, 42, 36, 26, 9, 32, 47, 17, 6, 10, 6, 16, 78, 42, 97, 59, 30, 33, 71, 25, 28, 55, 16, 4, 42, 7, 15, 24, 15, 47, 42, 12, 14, 36, 23, 7, 41, 20, 8, 49, 6, 2, 39, 62, 14, 12, 74, 4, 5, 14, 0)
s = 56: (0, 44, 16, 10, 36, 16, 69, 45, 15, 66, 47, 28, 16, 10, 15, 16, 9, 15, 11, 30, 115, 14, 15, 22, 11, 27, 77, 11, 6, 7, 53, 40, 20, 50, 32, 49, 14, 19, 42, 66, 33, 8, 31, 29, 28, 11, 45, 37, 18, 3, 16, 5, 18, 75, 22, 67, 71, 21, 42, 41, 21, 18, 63, 17, 3, 45, 6, 12, 27, 14, 48, 26, 18, 10, 35, 18, 4, 52, 46, 8, 64, 3, 3, 31, 80, 12, 7, 55, 5, 3, 26, 0)
s = 57: (0, 24, 16, 9, 38, 21, 84, 27, 11, 42, 56, 21, 9, 14, 22, 15, 6, 18, 10, 21, 64, 13, 10, 22, 9, 15, 108, 8, 7, 6, 55, 32, 24, 33, 44, 54, 21, 47, 19, 26, 15, 7, 24, 67, 17, 13, 34, 62, 34, 5, 12, 8, 10, 54, 26, 110, 54, 30, 19, 52, 25, 22, 61, 26, 4, 27, 4, 20, 22, 14, 26, 38, 19, 21, 34, 11, 5, 64, 24, 12, 84, 6, 2, 53, 96, 17, 8, 33, 3, 4, 21, 0)
s = 58: (0, 46, 11, 9, 33, 21, 64, 46, 14, 48, 83, 17, 17, 17, 28, 21, 7, 13, 16, 26, 105, 15, 22, 15, 10, 22, 67, 12, 5, 5, 33, 30, 19, 54, 72, 35, 17, 58, 31, 51, 17, 10, 17, 57, 16, 7, 38, 38, 23, 6, 10, 8, 16, 106, 24, 84, 99, 25, 23, 35, 27, 14, 38, 19, 2, 36, 6, 18, 29, 11, 60, 59, 30, 16, 26, 9, 5, 64, 31, 10, 42, 4, 3, 42, 45, 13, 15, 59, 7, 6, 26, 0)
s = 59: (0, 32, 15, 9, 28, 21, 69, 39, 13, 25, 86, 11, 17, 11, 12, 17, 7, 27, 16, 23, 57, 19, 21, 15, 20, 18, 69, 13, 4, 4, 37, 26, 21, 41, 44, 63, 18, 24, 22, 37, 24, 9, 22, 40, 31, 8, 47, 31, 31, 4, 11, 4, 10, 54, 21, 106, 63, 21, 19, 70, 19, 25, 47, 20, 2, 42, 9, 20, 17, 16, 57, 27, 11, 15, 22, 26, 8, 95, 27, 13, 114, 5, 2, 47, 66, 15, 10, 61, 5, 6, 15, 0)
s = 60: (0, 23, 12, 15, 54, 32, 64, 34, 18, 35, 34, 17, 13, 13, 19, 18, 4, 17, 9, 15, 120, 20, 22, 33, 19, 13, 111, 13, 6, 6, 24, 49, 20, 51, 37, 66, 12, 41, 32, 43, 19, 5, 17, 35, 42, 11, 28, 57, 37, 5, 10, 5, 12, 53, 31, 87, 71, 29, 35, 54, 16, 24, 59, 21, 2, 28, 5, 21, 15, 22, 45, 46, 30, 9, 24, 15, 7, 100, 51, 7, 109, 8, 2, 42, 106, 25, 15, 59, 4, 3, 32, 0)
s = 61: (0, 39, 11, 6, 56, 23, 49, 30, 12, 47, 38, 19, 10, 24, 28, 21, 8, 13, 13, 21, 111, 19, 26, 35, 18, 17, 120, 20, 5, 5, 20, 43, 28, 51, 57, 44, 23, 35, 29, 36, 44, 8, 31, 31, 26, 12, 53, 36, 26, 3, 16, 4, 15, 91, 40, 50, 80, 29, 18, 47, 32, 19, 48, 21, 2, 37, 6, 18, 28, 17, 69, 27, 10, 12, 28, 27, 7, 53, 29, 10, 65, 7, 3, 59, 57, 21, 13, 77, 3, 5, 12, 0)
s = 62: (0, 29, 15, 9, 43, 19, 41, 50, 7, 36, 84, 22, 11, 11, 29, 15, 5, 20, 14, 37, 50, 17, 15, 37, 14, 14, 111, 21, 4, 8, 28, 28, 21, 63, 33, 64, 17, 21, 30, 26, 23, 7, 30, 62, 25, 8, 45, 51, 28, 6, 14, 6, 14, 79, 57, 95, 41, 35, 33, 44, 38, 36, 55, 25, 2, 38, 7, 16, 22, 17, 51, 43, 11, 10, 35, 19, 8, 71, 38, 8, 57, 7, 2, 53, 70, 19, 6, 37, 5, 6, 26, 0)
s = 63: (0, 34, 20, 10, 34, 21, 49, 32, 12, 45, 94, 18, 19, 9, 14, 15, 7, 15, 15, 33, 100, 24, 20, 37, 14, 13, 95, 8, 5, 3, 20, 28, 42, 57, 47, 37, 20, 21, 24, 24, 21, 10, 45, 30, 39, 12, 34, 45, 34, 4, 15, 9, 14, 68, 32, 61, 96, 17, 37, 60, 25, 15, 52, 16, 3, 50, 5, 18, 31, 13, 26, 38, 18, 18, 27, 24, 5, 57, 23, 9, 95, 3, 2, 45, 53, 11, 13, 50, 3, 5, 19, 0)
s = 64: (0, 22, 21, 7, 33, 24, 32, 42, 5, 54, 77, 20, 21, 12, 31, 24, 6, 20, 17, 25, 139, 16, 20, 20, 15, 19, 121, 19, 7, 4, 31, 27, 19, 71, 55, 30, 19, 48, 38, 65, 36, 10, 15, 33, 34, 14, 33, 32, 16, 3, 18, 5, 15, 121, 25, 55, 59, 49, 25, 36, 17, 14, 41, 11, 2, 51, 5, 17, 14, 13, 42, 35, 18, 21, 19, 12, 7, 73, 26, 9, 76, 4, 3, 59, 64, 14, 9, 68, 6, 4, 21, 0)
s = 65: (0, 33, 10, 6, 49, 32, 40, 40, 8, 63, 53, 20, 16, 20, 24, 23, 9, 19, 13, 20, 67, 15, 13, 14, 17, 24, 104, 15, 6, 4, 30, 25, 21, 51, 71, 52, 20, 35, 22, 39, 20, 6, 25, 30, 29, 8, 22, 46, 20, 5, 16, 5, 18, 105, 22, 66, 91, 24, 23, 41, 27, 20, 78, 12, 2, 47, 7, 27, 20, 21, 40, 25, 16, 10, 27, 10, 4, 90, 27, 10, 96, 5, 3, 52, 83, 13, 14, 82, 6, 4, 30, 0)
s = 66: (0, 35, 19, 12, 47, 30, 66, 25, 14, 56, 32, 20, 18, 13, 14, 22, 5, 18, 14, 31, 108, 10, 17, 30, 13, 18, 109, 19, 7, 4, 41, 24, 19, 57, 41, 35, 16, 32, 19, 38, 28, 9, 21, 44, 24, 11, 26, 72, 22, 3, 13, 4, 16, 58, 22, 63, 50, 33, 31, 44, 17, 13, 39, 21, 2, 43, 6, 15, 14, 18, 24, 21, 12, 25, 36, 12, 7, 48, 23, 8, 65, 4, 3, 65, 56, 20, 6, 71, 3, 4, 11, 0)
s = 67: (0, 42, 20, 11, 36, 24, 36, 42, 9, 54, 47, 18, 18, 24, 16, 13, 6, 18, 18, 20, 73, 17, 12, 17, 21, 19, 66, 12, 8, 3, 32, 25, 27, 33, 40, 58, 17, 49, 17, 33, 21, 7, 16, 43, 23, 10, 24, 47, 23, 4, 15, 6, 15, 70, 35, 101, 54, 55, 25, 33, 26, 25, 52, 12, 2, 31, 9, 13, 15, 19, 28, 32, 20, 17, 32, 12, 4, 103, 33, 8, 48, 6, 2, 77, 97, 28, 13, 43, 3, 3, 31, 0)
s = 68: (0, 35, 11, 11, 45, 21, 72, 45, 10, 43, 68, 31, 18, 24, 24, 27, 6, 28, 26, 24, 83, 15, 25, 24, 13, 17, 58, 10, 6, 5, 51, 28, 30, 46, 55, 46, 21, 32, 19, 45, 25, 8, 20, 55, 34, 10, 23, 85, 30, 5, 25, 9, 11, 139, 48, 77, 78, 28, 28, 54, 18, 21, 64, 26, 2, 35, 7, 17, 13, 13, 36, 35, 16, 18, 35, 17, 5, 55, 26, 6, 106, 4, 3, 38, 56, 22, 14, 51, 5, 5, 13, 0)
s = 69: (0, 48, 11, 8, 30, 21, 61, 44, 15, 56, 43, 16, 12, 16, 18, 22, 5, 14, 12, 22, 102, 24, 12, 21, 12, 22, 100, 11, 8, 6, 21, 35, 38, 48, 35, 38, 20, 28, 32, 22, 21, 8, 37, 26, 40, 14, 36, 75, 34, 5, 13, 5, 18, 74, 33, 110, 66, 37, 29, 54, 34, 13, 40, 20, 2, 51, 5, 19, 29, 10, 57, 33, 11, 11, 30, 23, 5, 47, 25, 7, 90, 7, 2, 61, 70, 21, 21, 57, 4, 5, 14, 0)
s = 70: (0, 44, 10, 11, 47, 42, 35, 51, 9, 60, 70, 12, 19, 17, 22, 13, 6, 21, 19, 34, 72, 12, 11, 32, 13, 13, 98, 12, 7, 4, 29, 35, 34, 46, 35, 57, 19, 23, 22, 49, 31, 14, 25, 29, 37, 7, 25, 63, 22, 3, 12, 6, 21, 67, 35, 52, 66, 41, 31, 49, 27, 26, 73, 24, 2, 46, 5, 11, 16, 12, 45, 25, 9, 13, 26, 12, 8, 59, 27, 14, 55, 3, 3, 52, 55, 18, 12, 53, 6, 3, 35, 0)
s = 71: (0, 38, 10, 9, 22, 21, 43, 41, 9, 30, 67, 20, 18, 19, 13, 12, 6, 16, 19, 32, 77, 13, 11, 25, 11, 14, 85, 15, 6, 5, 41, 31, 18, 28, 41, 28, 21, 37, 29, 36, 32, 10, 22, 37, 34, 6, 30, 58, 21, 4, 11, 10, 19, 92, 59, 128, 54, 35, 27, 37, 20, 25, 76, 27, 2, 60, 10, 15, 22, 16, 29, 24, 10, 10, 25, 17, 6, 55, 33, 12, 89, 5, 2, 35, 62, 16, 13, 40, 7, 3, 24, 0)
s = 72: (0, 35, 10, 14, 46, 19, 50, 42, 8, 48, 80, 15, 15, 10, 23, 9, 5, 13, 16, 21, 50, 21, 11, 13, 15, 13, 147, 15, 9, 6, 49, 34, 18, 61, 30, 81, 14, 34, 22, 23, 27, 6, 31, 50, 22, 14, 29, 56, 36, 4, 18, 4, 15, 46, 58, 86, 66, 28, 27, 48, 17, 14, 50, 22, 2, 38, 5, 15, 32, 13, 54, 32, 19, 15, 46, 12, 4, 55, 21, 10, 76, 3, 2, 35, 52, 16, 10, 77, 5, 4, 16, 0)
s = 73: (0, 40, 23, 19, 40, 30, 65, 32, 12, 35, 37, 17, 15, 12, 18, 28, 7, 17, 12, 19, 61, 20, 12, 21, 9, 20, 129, 9, 4, 4, 40, 42, 40, 42, 57, 83, 21, 23, 27, 48, 18, 5, 19, 37, 41, 13, 47, 65, 22, 6, 9, 7, 19, 92, 61, 67, 101, 25, 26, 52, 16, 20, 63, 19, 2, 54, 5, 16, 14, 16, 33, 32, 17, 13, 48, 19, 9, 60, 36, 9, 90, 3, 2, 29, 89, 12, 6, 59, 4, 5, 25, 0)
s = 74: (0, 42, 10, 19, 65, 32, 36, 58, 8, 43, 61, 26, 12, 19, 19, 17, 5, 19, 15, 22, 86, 16, 24, 31, 15, 18, 84, 10, 5, 3, 37, 31, 30, 56, 76, 39, 20, 37, 34, 62, 24, 9, 44, 29, 22, 8, 42, 71, 41, 6, 11, 5, 12, 85, 28, 92, 112, 41, 36, 48, 28, 16, 91, 27, 3, 55, 6, 23, 21, 17, 28, 21, 12, 14, 30, 18, 8, 56, 38, 12, 62, 4, 3, 55, 55, 15, 8, 80, 3, 3, 26, 0)
s = 75: (0, 26, 13, 9, 35, 23, 30, 28, 11, 68, 57, 11, 14, 20, 37, 18, 7, 13, 12, 16, 82, 20, 16, 28, 11, 13, 132, 17, 5, 3, 31, 27, 23, 68, 57, 31, 20, 36, 22, 34, 30, 14, 19, 42, 32, 7, 45, 43, 17, 6, 16, 5, 13, 83, 59, 95, 46, 36, 40, 41, 20, 24, 54, 17, 2, 56, 7, 12, 20, 10, 36, 24, 10, 12, 26, 18, 8, 72, 29, 6, 96, 4, 2, 51, 44, 15, 8, 51, 3, 4, 21, 0)
s = 76: (0, 26, 17, 11, 25, 17, 71, 25, 13, 40, 50, 11, 15, 12, 23, 13, 7, 35, 17, 43, 87, 11, 13, 33, 10, 10, 142, 13, 5, 3, 21, 35, 20, 34, 43, 63, 18, 47, 27, 51, 27, 10, 26, 69, 41, 10, 55, 84, 20, 4, 15, 4, 28, 82, 33, 76, 77, 34, 49, 36, 20, 16, 69, 21, 3, 27, 6, 21, 26, 20, 30, 28, 19, 17, 33, 23, 4, 41, 23, 11, 105, 6, 2, 77, 48, 29, 8, 38, 4, 4, 17, 0)
s = 77: (0, 40, 11, 7, 31, 21, 40, 35, 9, 34, 58, 14, 17, 20, 28, 25, 5, 24, 21, 15, 74, 25, 21, 36, 18, 17, 89, 12, 7, 3, 40, 46, 19, 46, 63, 53, 17, 26, 30, 63, 21, 8, 24, 39, 25, 8, 53, 37, 25, 5, 12, 6, 12, 67, 39, 81, 68, 29, 23, 41, 25, 16, 61, 14, 2, 39, 9, 23, 19, 12, 52, 22, 12, 10, 27, 18, 5, 86, 35, 9, 86, 4, 2, 88, 58, 13, 12, 69, 3, 5, 22, 0)
s = 78: (0, 32, 8, 9, 46, 18, 32, 32, 8, 76, 104, 22, 13, 25, 20, 14, 9, 21, 12, 28, 97, 10, 17, 34, 15, 14, 144, 9, 7, 5, 34, 32, 17, 29, 51, 33, 22, 30, 19, 63, 23, 9, 23, 40, 38, 7, 43, 48, 28, 3, 18, 7, 24, 136, 39, 138, 58, 35, 29, 34, 38, 19, 76, 20, 4, 33, 7, 14, 19, 14, 43, 35, 10, 11, 22, 11, 7, 108, 29, 9, 74, 4, 3, 77, 92, 20, 12, 42, 5, 5, 18, 0)
s = 79: (0, 36, 8, 9, 53, 25, 35, 36, 10, 37, 61, 20, 19, 16, 19, 17, 6, 28, 17, 33, 53, 11, 16, 17, 23, 28, 61, 22, 6, 4, 29, 40, 26, 62, 53, 73, 22, 41, 20, 55, 29, 12, 28, 27, 15, 10, 51, 38, 21, 4, 10, 7, 11, 64, 23, 96, 77, 23, 25, 42, 27, 29, 93, 15, 3, 32, 5, 24, 15, 11, 69, 30, 22, 13, 32, 16, 7, 43, 42, 13, 81, 5, 2, 37, 54, 13, 10, 44, 4, 6, 20, 0)
s = 80: (0, 20, 20, 6, 23, 20, 88, 38, 6, 40, 49, 22, 19, 11, 20, 17, 5, 18, 15, 49, 57, 24, 20, 20, 11, 20, 124, 9, 5, 4, 64, 32, 22, 48, 28, 55, 22, 30, 28, 55, 29, 5, 35, 58, 43, 10, 56, 36, 29, 4, 16, 4, 12, 81, 41, 78, 52, 33, 44, 24, 27, 21, 42, 27, 3, 44, 5, 11, 20, 16, 29, 43, 10, 14, 19, 16, 5, 122, 28, 7, 112, 4, 2, 61, 71, 21, 7, 53, 3, 5, 26, 0)
s = 81: (0, 34, 14, 11, 32, 33, 78, 28, 9, 60, 47, 15, 15, 14, 14, 19, 5, 19, 13, 23, 58, 19, 13, 26, 13, 15, 143, 12, 8, 4, 44, 27, 26, 54, 54, 50, 15, 34, 17, 51, 43, 11, 25, 33, 23, 12, 45, 69, 14, 4, 19, 6, 11, 48, 33, 72, 114, 27, 17, 51, 26, 14, 74, 15, 2, 30, 8, 15, 14, 15, 38, 33, 15, 13, 23, 21, 5, 79, 25, 9, 47, 4, 3, 27, 56, 13, 8, 45, 4, 4, 22, 0)
s = 82: (0, 30, 14, 10, 37, 25, 47, 40, 12, 38, 40, 24, 11, 23, 29, 26, 5, 20, 25, 18, 86, 13, 22, 17, 13, 22, 104, 16, 7, 5, 26, 47, 16, 37, 29, 67, 28, 45, 19, 33, 18, 13, 32, 51, 36, 10, 51, 59, 14, 5, 13, 4, 12, 45, 26, 101, 73, 33, 18, 28, 20, 25, 47, 22, 2, 47, 5, 16, 17, 14, 42, 36, 11, 11, 17, 11, 8, 66, 27, 11, 43, 4, 2, 35, 65, 15, 8, 46, 4, 3, 24, 0)
s = 83: (0, 26, 12, 9, 35, 22, 35, 34, 13, 37, 36, 11, 18, 22, 19, 16, 7, 17, 24, 22, 62, 13, 13, 33, 14, 15, 67, 11, 4, 3, 38, 27, 40, 65, 44, 54, 19, 49, 21, 43, 46, 10, 26, 28, 26, 6, 28, 33, 20, 4, 11, 12, 26, 58, 34, 117, 63, 16, 17, 41, 27, 22, 53, 21, 3, 54, 7, 12, 15, 15, 77, 39, 9, 14, 35, 22, 7, 58, 23, 9, 64, 5, 3, 81, 69, 10, 8, 45, 6, 4, 25, 0)
s = 84: (0, 42, 18, 10, 32, 27, 60, 52, 9, 60, 65, 14, 18, 20, 18, 13, 7, 15, 12, 21, 93, 16, 20, 27, 20, 17, 127, 10, 6, 3, 35, 26, 31, 33, 41, 32, 16, 28, 37, 33, 31, 7, 35, 32, 35, 13, 32, 46, 34, 7, 13, 8, 18, 67, 38, 87, 76, 22, 23, 64, 25, 14, 32, 14, 3, 50, 7, 12, 20, 32, 59, 34, 16, 15, 23, 21, 5, 68, 26, 12, 104, 6, 3, 48, 67, 17, 14, 71, 4, 5, 21, 0)
s = 85: (0, 31, 18, 10, 37, 20, 38, 63, 12, 60, 75, 20, 26, 13, 21, 22, 10, 33, 10, 21, 89, 18, 19, 19, 11, 18, 75, 21, 5, 5, 32, 44, 14, 45, 49, 35, 28, 33, 44, 55, 37, 9, 25, 41, 22, 9, 26, 50, 31, 3, 18, 5, 15, 68, 43, 65, 51, 30, 22, 39, 15, 24, 58, 23, 3, 66, 5, 12, 21, 10, 35, 21, 13, 8, 23, 20, 5, 59, 42, 9, 99, 5, 2, 39, 113, 19, 8, 63, 3, 4, 26, 0)
s = 86: (0, 31, 18, 9, 30, 25, 77, 43, 6, 29, 38, 15, 17, 12, 25, 12, 7, 21, 10, 19, 93, 18, 17, 23, 11, 22, 75, 21, 4, 3, 22, 37, 34, 63, 51, 63, 20, 50, 32, 39, 19, 5, 24, 35, 26, 10, 62, 77, 19, 7, 21, 8, 16, 67, 65, 80, 109, 28, 22, 38, 17, 23, 44, 15, 3, 30, 8, 24, 23, 22, 37, 37, 12, 23, 21, 19, 4, 62, 39, 12, 133, 4, 3, 97, 76, 15, 15, 87, 7, 5, 16, 0)
s = 87: (0, 36, 16, 15, 43, 20, 49, 30, 9, 41, 58, 19, 12, 14, 15, 18, 8, 17, 9, 29, 87, 16, 19, 18, 18, 27, 92, 17, 7, 5, 23, 27, 30, 75, 46, 47, 16, 39, 37, 32, 19, 12, 45, 38, 23, 9, 58, 61, 16, 4, 15, 4, 20, 66, 24, 95, 59, 33, 18, 61, 24, 30, 43, 21, 2, 47, 4, 16, 25, 18, 36, 36, 17, 19, 23, 18, 5, 46, 30, 12, 74, 3, 3, 34, 35, 11, 11, 49, 5, 3, 26, 0)
s = 88: (0, 34, 9, 7, 29, 17, 63, 44, 8, 48, 28, 16, 13, 10, 20, 19, 8, 11, 13, 20, 85, 14, 14, 21, 13, 18, 92, 12, 8, 7, 39, 31, 20, 45, 43, 35, 26, 27, 19, 50, 32, 11, 17, 30, 27, 14, 42, 103, 29, 4, 10, 10, 16, 68, 38, 60, 92, 25, 23, 33, 15, 23, 51, 16, 2, 64, 4, 19, 22, 26, 53, 36, 12, 11, 24, 13, 7, 75, 39, 9, 71, 4, 3, 27, 58, 17, 11, 56, 3, 5, 13, 0)
s = 89: (0, 52, 13, 13, 57, 17, 49, 29, 13, 32, 47, 21, 21, 18, 32, 13, 4, 16, 12, 17, 84, 20, 11, 18, 21, 12, 106, 8, 7, 5, 21, 23, 34, 30, 63, 51, 22, 38, 22, 55, 23, 13, 37, 51, 29, 6, 42, 41, 26, 4, 10, 6, 11, 105, 30, 134, 54, 27, 33, 51, 19, 35, 41, 23, 3, 46, 6, 15, 19, 15, 33, 70, 16, 10, 50, 17, 5, 51, 17, 11, 117, 4, 2, 78, 48, 18, 13, 65, 5, 4, 15, 0)
s = 90: (0, 27, 9, 10, 36, 32, 41, 40, 8, 38, 37, 22, 26, 14, 14, 18, 4, 21, 16, 27, 81, 19, 12, 28, 18, 20, 109, 14, 5, 6, 39, 29, 31, 48, 45, 48, 30, 23, 41, 31, 23, 6, 21, 53, 32, 8, 42, 76, 16, 4, 12, 6, 13, 54, 46, 90, 61, 21, 33, 49, 14, 27, 63, 20, 3, 45, 7, 12, 16, 10, 38, 24, 14, 20, 29, 10, 5, 64, 19, 12, 84, 4, 4, 46, 48, 14, 12, 51, 4, 5, 14, 0)
s = 91: (0, 50, 11, 7, 48, 25, 75, 42, 8, 48, 60, 22, 19, 23, 14, 12, 7, 14, 17, 39, 69, 20, 12, 22, 17, 15, 137, 11, 5, 4, 29, 37, 28, 49, 69, 67, 25, 32, 27, 33, 25, 11, 25, 36, 40, 8, 42, 63, 20, 5, 16, 6, 18, 60, 23, 71, 64, 28, 23, 33, 24, 20, 60, 18, 2, 24, 8, 21, 20, 21, 40, 31, 19, 12, 30, 20, 9, 91, 36, 13, 62, 5, 2, 44, 74, 12, 12, 40, 4, 3, 18, 0)
s = 92: (0, 26, 24, 7, 50, 15, 43, 42, 9, 26, 35, 22, 15, 13, 27, 17, 6, 12, 11, 32, 50, 20, 21, 15, 13, 14, 81, 16, 6, 6, 54, 28, 22, 58, 37, 56, 17, 60, 33, 29, 17, 9, 20, 23, 28, 14, 36, 58, 26, 4, 8, 7, 11, 65, 48, 66, 45, 41, 21, 48, 23, 27, 88, 29, 4, 44, 6, 18, 21, 13, 51, 29, 11, 15, 31, 13, 6, 62, 24, 6, 95, 3, 2, 78, 64, 10, 9, 37, 6, 5, 11, 0)
s = 93: (0, 22, 14, 6, 36, 26, 71, 34, 12, 46, 71, 18, 14, 18, 18, 15, 6, 16, 13, 42, 89, 13, 18, 36, 21, 10, 95, 13, 8, 4, 28, 20, 25, 52, 54, 72, 10, 54, 29, 60, 25, 12, 15, 35, 44, 11, 29, 54, 19, 4, 16, 9, 13, 60, 29, 128, 60, 37, 26, 35, 35, 15, 59, 21, 3, 23, 6, 15, 12, 12, 49, 37, 11, 17, 39, 9, 8, 47, 23, 7, 40, 4, 3, 27, 49, 25, 20, 70, 3, 6, 30, 0)
s = 94: (0, 42, 17, 10, 26, 30, 40, 37, 9, 25, 66, 15, 12, 16, 23, 14, 6, 12, 15, 26, 93, 13, 14, 22, 21, 18, 61, 16, 4, 3, 37, 29, 23, 42, 42, 60, 11, 26, 29, 37, 19, 9, 26, 31, 30, 8, 50, 38, 30, 3, 23, 4, 18, 56, 42, 125, 41, 18, 20, 24, 21, 14, 71, 23, 3, 60, 6, 19, 14, 22, 35, 45, 9, 20, 32, 17, 6, 61, 49, 9, 47, 3, 3, 39, 48, 16, 9, 64, 5, 4, 15, 0)
s = 95: (0, 38, 10, 9, 45, 41, 28, 56, 10, 51, 44, 13, 13, 19, 32, 16, 9, 31, 19, 30, 66, 18, 15, 19, 13, 16, 114, 17, 4, 4, 38, 35, 20, 55, 71, 58, 11, 32, 16, 48, 19, 9, 19, 23, 35, 12, 25, 44, 39, 4, 11, 7, 14, 96, 39, 85, 84, 28, 26, 52, 25, 23, 47, 23, 2, 35, 4, 17, 30, 13, 49, 36, 19, 11, 42, 17, 8, 88, 23, 6, 66, 4, 2, 41, 45, 23, 8, 52, 4, 4, 16, 0)
s = 96: (0, 56, 9, 12, 40, 16, 47, 29, 8, 41, 60, 17, 13, 18, 15, 17, 8, 15, 12, 15, 91, 10, 14, 30, 18, 9, 126, 13, 8, 5, 33, 20, 14, 47, 78, 34, 16, 48, 29, 31, 21, 8, 34, 52, 19, 13, 30, 33, 14, 3, 12, 5, 26, 55, 32, 126, 59, 38, 29, 53, 20, 20, 51, 20, 3, 27, 9, 19, 15, 12, 37, 36, 18, 16, 37, 17, 6, 66, 40, 8, 66, 6, 3, 35, 94, 27, 11, 67, 4, 4, 18, 0)
s = 97: (0, 32, 13, 14, 34, 25, 34, 45, 8, 61, 50, 25, 17, 14, 34, 17, 6, 22, 13, 18, 61, 16, 12, 20, 9, 28, 56, 9, 6, 4, 30, 18, 17, 44, 47, 49, 23, 52, 27, 33, 29, 7, 34, 55, 34, 5, 35, 36, 27, 3, 16, 7, 11, 67, 27, 139, 44, 35, 37, 33, 31, 13, 35, 19, 3, 40, 9, 18, 19, 16, 61, 24, 11, 11, 33, 21, 6, 113, 21, 7, 61, 5, 2, 52, 47, 18, 8, 80, 4, 4, 15, 0)
s = 98: (0, 37, 13, 7, 38, 17, 45, 55, 9, 48, 50, 14, 15, 10, 24, 22, 5, 12, 21, 34, 67, 18, 19, 42, 15, 19, 89, 9, 6, 4, 21, 41, 39, 51, 92, 62, 33, 38, 43, 29, 27, 7, 22, 31, 39, 13, 27, 79, 18, 5, 20, 5, 13, 61, 41, 112, 74, 42, 47, 26, 31, 12, 57, 20, 3, 45, 6, 19, 15, 20, 54, 23, 9, 14, 30, 14, 9, 104, 27, 10, 52, 6, 2, 49, 82, 13, 9, 41, 5, 7, 14, 0)
s = 99: (0, 34, 17, 15, 45, 31, 53, 21, 8, 54, 41, 16, 12, 13, 18, 16, 7, 16, 15, 19, 60, 9, 18, 25, 15, 16, 82, 17, 8, 6, 37, 25, 29, 64, 29, 55, 28, 23, 24, 36, 26, 13, 29, 54, 36, 8, 22, 52, 25, 5, 11, 5, 15, 127, 30, 68, 43, 42, 25, 47, 23, 23, 93, 12, 2, 35, 5, 16, 26, 27, 60, 29, 13, 13, 24, 16, 7, 88, 28, 10, 65, 4, 2, 70, 83, 13, 10, 39, 5, 3, 18, 0)
s = 100: (0, 29, 13, 14, 56, 37, 35, 54, 10, 61, 34, 14, 15, 22, 24, 13, 7, 13, 14, 17, 82, 9, 10, 25, 18, 21, 139, 14, 7, 3, 39, 23, 34, 53, 44, 58, 33, 40, 20, 34, 31, 10, 27, 60, 33, 11, 42, 50, 22, 5, 13, 5, 16, 85, 44, 56, 84, 29, 37, 56, 19, 12, 65, 24, 2, 53, 9, 18, 26, 13, 59, 30, 23, 18, 41, 12, 9, 50, 24, 13, 93, 5, 2, 59, 74, 23, 9, 70, 5, 4, 17, 0)
s = 101: (0, 40, 15, 12, 41, 19, 53, 53, 7, 61, 53, 13, 12, 20, 16, 18, 8, 22, 18, 39, 71, 12, 19, 24, 14, 10, 80, 21, 5, 5, 45, 18, 19, 41, 41, 46, 17, 40, 20, 48, 27, 9, 18, 40, 29, 7, 36, 72, 27, 4, 9, 10, 11, 56, 43, 120, 72, 23, 21, 36, 23, 19, 42, 26, 2, 69, 6, 14, 15, 10, 46, 39, 13, 20, 32, 18, 5, 90, 33, 10, 52, 8, 2, 56, 39, 14, 6, 66, 6, 4, 18, 0)
s = 102: (0, 63, 14, 9, 28, 14, 30, 41, 11, 51, 40, 16, 13, 16, 26, 20, 4, 19, 12, 21, 105, 21, 16, 17, 13, 12, 98, 19, 8, 4, 46, 40, 23, 56, 46, 53, 14, 30, 24, 61, 30, 8, 27, 36, 18, 14, 39, 42, 14, 5, 13, 7, 8, 74, 43, 64, 92, 32, 21, 31, 24, 22, 67, 25, 3, 41, 8, 17, 16, 10, 33, 21, 9, 13, 34, 22, 6, 70, 46, 9, 51, 4, 3, 56, 57, 15, 10, 58, 4, 3, 12, 0)
s = 103: (0, 47, 15, 13, 54, 21, 53, 24, 7, 29, 68, 10, 13, 23, 19, 14, 6, 15, 11, 27, 106, 16, 17, 15, 20, 13, 129, 9, 5, 5, 43, 21, 33, 46, 34, 39, 25, 25, 15, 30, 17, 6, 30, 30, 39, 13, 39, 61, 27, 3, 13, 7, 15, 92, 66, 90, 61, 57, 16, 43, 27, 16, 36, 14, 3, 32, 9, 14, 28, 20, 47, 24, 16, 13, 39, 22, 7, 70, 39, 7, 107, 3, 3, 40, 48, 14, 18, 84, 5, 5, 19, 0)
s = 104: (0, 32, 17, 8, 40, 20, 58, 36, 6, 44, 63, 15, 18, 11, 19, 14, 4, 21, 16, 35, 69, 15, 11, 18, 16, 16, 91, 14, 7, 6, 23, 25, 30, 35, 69, 55, 15, 45, 20, 22, 18, 8, 31, 38, 29, 10, 46, 79, 23, 4, 13, 5, 24, 84, 23, 86, 54, 24, 23, 48, 26, 36, 57, 14, 3, 44, 7, 18, 29, 12, 46, 24, 10, 23, 23, 12, 5, 38, 31, 9, 53, 7, 4, 50, 45, 17, 15, 60, 7, 4, 22, 0)
s = 105: (0, 27, 11, 18, 51, 32, 53, 22, 8, 50, 37, 11, 23, 23, 25, 15, 6, 13, 17, 45, 55, 23, 10, 14, 20, 14, 79, 21, 8, 4, 47, 22, 25, 34, 51, 55, 23, 24, 33, 31, 30, 12, 26, 32, 28, 9, 26, 65, 14, 3, 18, 5, 11, 100, 66, 111, 71, 17, 21, 47, 39, 17, 75, 16, 4, 42, 8, 19, 26, 23, 30, 45, 19, 14, 26, 17, 6, 124, 25, 18, 81, 4, 2, 45, 77, 23, 14, 66, 3, 4, 23, 0)
s = 106: (0, 44, 14, 10, 41, 29, 56, 45, 11, 49, 48, 23, 11, 15, 13, 16, 6, 13, 15, 23, 71, 20, 11, 17, 10, 16, 59, 16, 4, 8, 31, 18, 17, 27, 47, 70, 25, 32, 26, 57, 26, 13, 37, 39, 19, 11, 46, 74, 23, 3, 11, 7, 14, 63, 24, 102, 70, 41, 31, 36, 26, 16, 46, 18, 2, 38, 8, 16, 13, 12, 45, 43, 25, 15, 19, 26, 6, 72, 22, 12, 54, 4, 3, 58, 77, 16, 7, 49, 4, 4, 23, 0)
s = 107: (0, 33, 22, 13, 46, 17, 56, 39, 10, 58, 51, 16, 23, 10, 21, 19, 9, 14, 10, 43, 87, 13, 13, 21, 21, 16, 56, 10, 7, 6, 28, 18, 22, 51, 62, 32, 14, 31, 30, 35, 22, 12, 23, 28, 40, 8, 49, 30, 27, 3, 16, 7, 28, 65, 30, 94, 86, 35, 21, 37, 32, 26, 81, 21, 3, 50, 10, 23, 31, 15, 63, 29, 22, 16, 33, 11, 6, 40, 18, 11, 49, 4, 3, 56, 67, 15, 8, 57, 4, 6, 25, 0)
s = 108: (0, 27, 15, 11, 36, 22, 48, 50, 7, 34, 53, 23, 16, 15, 27, 13, 10, 20, 14, 24, 59, 10, 15, 22, 16, 22, 82, 24, 7, 4, 51, 24, 30, 61, 75, 27, 20, 28, 20, 60, 31, 10, 22, 24, 20, 14, 27, 38, 22, 6, 8, 6, 21, 130, 36, 108, 51, 39, 33, 62, 29, 14, 52, 20, 2, 62, 8, 21, 23, 30, 35, 28, 22, 19, 34, 12, 5, 91, 35, 8, 72, 3, 2, 38, 59, 17, 11, 39, 3, 4, 19, 0)
s = 109: (0, 43, 21, 12, 36, 17, 51, 34, 12, 66, 46, 14, 16, 19, 31, 11, 6, 23, 17, 35, 104, 26, 13, 29, 14, 14, 101, 15, 6, 4, 24, 31, 16, 37, 41, 48, 20, 26, 25, 23, 27, 6, 33, 43, 23, 9, 40, 41, 31, 4, 11, 5, 12, 100, 29, 81, 60, 27, 33, 45, 28, 21, 35, 14, 3, 51, 5, 20, 14, 14, 45, 24, 12, 15, 29, 20, 10, 69, 27, 10, 50, 5, 3, 35, 91, 17, 15, 72, 6, 4, 27, 0)
s = 110: (0, 40, 22, 8, 24, 18, 31, 39, 11, 27, 44, 13, 14, 22, 31, 19, 5, 20, 10, 23, 100, 19, 9, 24, 11, 23, 163, 9, 6, 4, 45, 20, 27, 42, 44, 69, 12, 37, 16, 35, 21, 9, 17, 33, 23, 10, 38, 63, 25, 8, 20, 6, 11, 67, 26, 61, 81, 26, 23, 35, 18, 17, 61, 17, 3, 33, 6, 13, 16, 27, 29, 44, 23, 13, 36, 15, 6, 75, 24, 9, 65, 4, 3, 54, 44, 25, 9, 50, 3, 5, 16, 0)
s = 111: (0, 30, 14, 10, 31, 19, 51, 57, 9, 65, 68, 13, 10, 11, 22, 16, 5, 26, 13, 26, 52, 16, 20, 23, 10, 23, 67, 16, 7, 4, 28, 29, 25, 57, 61, 35, 16, 41, 43, 27, 28, 9, 17, 61, 35, 8, 27, 65, 19, 4, 18, 8, 20, 72, 22, 95, 66, 28, 28, 24, 14, 20, 50, 17, 2, 26, 6, 20, 17, 14, 77, 27, 20, 21, 23, 22, 7, 76, 46, 7, 59, 5, 2, 62, 69, 14, 8, 54, 3, 4, 20, 0)
s = 112: (0, 45, 16, 10, 47, 29, 54, 25, 9, 31, 68, 13, 16, 18, 12, 22, 6, 13, 12, 23, 121, 14, 16, 24, 24, 18, 107, 15, 12, 6, 42, 23, 39, 50, 66, 40, 14, 38, 23, 29, 41, 8, 32, 41, 23, 13, 41, 37, 18, 5, 11, 8, 11, 65, 56, 93, 57, 21, 38, 35, 32, 16, 34, 26, 2, 47, 7, 21, 18, 27, 25, 25, 13, 10, 36, 18, 8, 63, 25, 11, 40, 5, 2, 39, 39, 9, 8, 62, 3, 3, 15, 0)
s = 113: (0, 26, 11, 6, 39, 20, 49, 52, 12, 32, 33, 15, 18, 16, 18, 17, 6, 22, 10, 19, 101, 14, 20, 48, 13, 12, 74, 9, 7, 4, 22, 17, 27, 67, 54, 31, 19, 25, 23, 38, 31, 11, 25, 45, 31, 10, 25, 35, 17, 4, 9, 7, 17, 114, 38, 87, 41, 35, 17, 30, 22, 29, 56, 20, 2, 40, 7, 12, 14, 13, 32, 29, 19, 9, 36, 23, 5, 59, 32, 9, 76, 3, 2, 61, 65, 20, 7, 57, 4, 5, 21, 0)
s = 114: (0, 34, 17, 18, 52, 26, 37, 22, 17, 48, 69, 16, 11, 11, 24, 14, 7, 14, 15, 22, 67, 10, 17, 33, 12, 21, 71, 9, 7, 3, 48, 22, 20, 35, 54, 54, 20, 21, 24, 34, 23, 7, 29, 39, 47, 8, 32, 59, 38, 3, 9, 5, 20, 81, 40, 100, 43, 24, 31, 53, 21, 34, 105, 13, 2, 50, 8, 11, 23, 23, 60, 46, 14, 16, 22, 11, 8, 89, 21, 12, 56, 6, 2, 55, 43, 17, 16, 41, 4, 3, 22, 0)
s = 115: (0, 30, 16, 7, 28, 24, 62, 34, 8, 31, 51, 12, 23, 10, 31, 11, 8, 19, 18, 22, 76, 13, 13, 23, 15, 16, 70, 10, 5, 3, 33, 27, 23, 62, 65, 29, 28, 29, 31, 42, 29, 5, 13, 35, 34, 10, 35, 33, 35, 4, 16, 6, 12, 89, 46, 130, 95, 24, 38, 33, 37, 25, 48, 29, 2, 47, 6, 14, 15, 24, 40, 51, 14, 16, 25, 10, 7, 85, 26, 8, 54, 6, 2, 68, 43, 13, 12, 56, 5, 4, 15, 0)
s = 116: (0, 23, 10, 8, 48, 26, 62, 32, 12, 34, 48, 14, 13, 22, 17, 28, 9, 18, 14, 32, 73, 19, 16, 26, 12, 13, 68, 14, 7, 6, 28, 33, 16, 41, 30, 86, 17, 39, 17, 33, 31, 7, 20, 28, 16, 14, 50, 57, 14, 4, 17, 8, 19, 70, 37, 105, 80, 18, 37, 50, 20, 19, 44, 14, 3, 38, 10, 16, 20, 20, 58, 28, 27, 11, 17, 14, 10, 61, 27, 8, 50, 4, 2, 65, 65, 15, 12, 33, 6, 4, 19, 0)
s = 117: (0, 29, 19, 11, 62, 25, 45, 80, 10, 50, 72, 28, 13, 11, 27, 14, 9, 14, 18, 25, 65, 13, 15, 20, 10, 12, 73, 11, 4, 4, 29, 19, 27, 41, 37, 57, 13, 40, 23, 53, 38, 7, 18, 33, 36, 11, 42, 63, 21, 5, 11, 8, 14, 74, 57, 69, 89, 33, 26, 49, 19, 30, 53, 31, 3, 40, 10, 34, 15, 28, 34, 27, 18, 14, 45, 26, 9, 73, 26, 7, 74, 5, 2, 56, 48, 21, 10, 45, 3, 3, 21, 0)
s = 118: (0, 51, 14, 9, 39, 26, 64, 43, 8, 28, 44, 19, 19, 16, 21, 13, 10, 18, 15, 24, 102, 9, 15, 31, 12, 14, 128, 17, 9, 7, 40, 25, 19, 50, 51, 42, 22, 44, 20, 26, 46, 5, 22, 37, 18, 6, 47, 58, 21, 4, 11, 8, 22, 84, 43, 63, 71, 29, 24, 47, 33, 17, 54, 13, 2, 41, 4, 18, 26, 19, 33, 29, 14, 15, 24, 11, 7, 68, 32, 8, 92, 8, 3, 47, 37, 25, 6, 56, 5, 6, 34, 0)
s = 119: (0, 36, 13, 10, 55, 26, 55, 33, 6, 38, 36, 17, 13, 22, 26, 10, 6, 17, 16, 23, 74, 11, 11, 31, 12, 22, 147, 18, 10, 3, 25, 32, 26, 43, 30, 42, 17, 54, 26, 69, 21, 8, 22, 22, 34, 13, 44, 64, 20, 6, 17, 8, 14, 60, 34, 119, 68, 37, 28, 27, 23, 15, 75, 13, 3, 26, 6, 27, 16, 15, 44, 20, 11, 23, 37, 14, 7, 62, 28, 11, 92, 3, 2, 39, 44, 9, 8, 97, 6, 4, 26, 0)
s = 120: (0, 24, 14, 9, 39, 16, 59, 55, 9, 27, 37, 17, 17, 14, 29, 14, 8, 19, 15, 20, 45, 15, 17, 27, 12, 19, 108, 14, 6, 4, 26, 29, 23, 58, 37, 45, 19, 38, 26, 37, 16, 8, 20, 42, 35, 12, 44, 37, 23, 4, 17, 4, 12, 46, 30, 85, 53, 34, 22, 44, 18, 19, 34, 12, 2, 38, 9, 28, 23, 15, 37, 31, 9, 27, 28, 25, 6, 64, 29, 12, 97, 5, 3, 31, 59, 9, 11, 66, 4, 3, 17, 0)
s = 121: (0, 31, 14, 12, 43, 16, 59, 46, 7, 34, 64, 12, 21, 18, 20, 12, 8, 19, 11, 33, 83, 17, 17, 24, 13, 10, 112, 15, 5, 4, 37, 26, 38, 45, 71, 49, 18, 28, 29, 60, 25, 8, 20, 37, 50, 8, 26, 54, 30, 3, 13, 5, 24, 94, 36, 89, 56, 19, 29, 29, 23, 30, 68, 15, 2, 36, 6, 15, 22, 17, 43, 26, 12, 8, 25, 19, 6, 85, 29, 10, 67, 4, 2, 59, 85, 12, 14, 38, 6, 5, 23, 0)
s = 122: (0, 39, 11, 7, 35, 29, 70, 41, 14, 33, 47, 18, 14, 19, 23, 17, 5, 21, 16, 22, 86, 14, 11, 18, 9, 20, 90, 15, 6, 3, 27, 24, 16, 61, 46, 49, 26, 33, 34, 47, 41, 8, 15, 59, 28, 13, 59, 35, 23, 5, 16, 5, 13, 70, 49, 98, 76, 18, 19, 55, 44, 24, 47, 14, 2, 31, 7, 15, 26, 11, 49, 43, 20, 12, 44, 10, 9, 57, 31, 6, 65, 6, 2, 33, 61, 12, 8, 41, 4, 3, 27, 0)
s = 123: (0, 52, 16, 11, 38, 23, 37, 26, 16, 43, 51, 12, 24, 13, 32, 17, 10, 17, 16, 30, 71, 15, 13, 22, 12, 13, 118, 12, 10, 4, 35, 22, 14, 78, 56, 52, 17, 34, 38, 38, 34, 7, 16, 43, 20, 7, 46, 47, 25, 4, 11, 6, 17, 77, 45, 63, 63, 29, 35, 58, 20, 17, 61, 22, 2, 40, 4, 19, 24, 15, 65, 33, 14, 20, 29, 15, 9, 105, 17, 9, 113, 4, 3, 56, 36, 16, 14, 55, 4, 5, 27, 0)
s = 124: (0, 51, 15, 13, 58, 15, 34, 40, 14, 67, 60, 28, 21, 25, 22, 25, 4, 23, 20, 18, 124, 11, 19, 29, 17, 19, 107, 11, 8, 4, 24, 36, 24, 51, 63, 57, 15, 23, 30, 37, 24, 5, 25, 29, 32, 10, 33, 62, 32, 4, 13, 7, 11, 76, 24, 104, 84, 28, 28, 30, 28, 16, 68, 15, 2, 64, 6, 19, 20, 12, 36, 30, 14, 15, 22, 14, 7, 40, 23, 7, 78, 5, 3, 63, 74, 24, 7, 71, 4, 4, 15, 0)
s = 125: (0, 41, 14, 13, 34, 30, 71, 62, 10, 33, 58, 21, 12, 20, 18, 17, 6, 16, 14, 20, 77, 17, 14, 16, 16, 16, 85, 14, 6, 5, 44, 20, 19, 66, 43, 35, 17, 29, 27, 42, 15, 12, 23, 48, 30, 13, 28, 72, 22, 4, 8, 4, 24, 93, 31, 56, 77, 22, 33, 39, 29, 14, 64, 21, 2, 27, 7, 26, 15, 15, 84, 62, 11, 19, 30, 10, 7, 60, 26, 8, 70, 3, 2, 48, 54, 22, 11, 55, 5, 4, 26, 0)
s = 126: (0, 58, 10, 8, 45, 34, 31, 61, 7, 32, 40, 15, 20, 15, 22, 27, 10, 22, 11, 27, 43, 24, 11, 29, 15, 13, 114, 11, 12, 4, 39, 20, 32, 61, 42, 31, 22, 31, 32, 50, 21, 11, 24, 59, 45, 9, 26, 68, 30, 5, 20, 7, 12, 68, 26, 133, 59, 37, 28, 39, 16, 30, 39, 31, 2, 50, 8, 13, 20, 25, 66, 37, 14, 14, 34, 13, 8, 67, 34, 10, 63, 5, 3, 62, 68, 16, 7, 52, 3, 6, 25, 0)
s = 127: (0, 43, 13, 8, 40, 26, 42, 32, 8, 48, 38, 24, 11, 19, 16, 11, 4, 23, 10, 19, 120, 17, 14, 14, 12, 11, 103, 16, 9, 6, 46, 26, 20, 78, 58, 32, 22, 46, 20, 44, 34, 9, 16, 37, 38, 10, 35, 72, 28, 4, 12, 9, 17, 92, 23, 61, 96, 37, 28, 46, 33, 19, 86, 21, 2, 69, 6, 12, 19, 16, 51, 43, 14, 17, 29, 19, 5, 76, 19, 6, 50, 8, 3, 34, 42, 20, 15, 59, 6, 4, 15, 0)
s = 128: (0, 48, 11, 13, 42, 34, 30, 51, 7, 31, 44, 20, 17, 18, 15, 19, 9, 23, 13, 33, 91, 11, 12, 27, 28, 10, 114, 14, 8, 3, 51, 43, 19, 44, 56, 48, 33, 49, 32, 42, 23, 11, 25, 33, 18, 9, 52, 35, 24, 4, 14, 6, 27, 74, 36, 86, 59, 19, 33, 32, 37, 17, 73, 18, 4, 21, 7, 18, 20, 13, 53, 30, 19, 13, 21, 18, 5, 84, 25, 10, 97, 6, 2, 59, 72, 11, 10, 68, 5, 5, 20, 0)
s = 129: (0, 32, 9, 8, 30, 35, 39, 52, 11, 33, 92, 17, 15, 27, 31, 17, 5, 12, 10, 27, 78, 22, 13, 31, 15, 17, 110, 12, 4, 5, 40, 26, 22, 52, 49, 44, 16, 23, 36, 47, 37, 14, 22, 44, 25, 7, 33, 40, 26, 5, 11, 8, 12, 69, 24, 87, 53, 29, 19, 36, 27, 24, 38, 35, 2, 29, 6, 13, 32, 22, 51, 31, 9, 13, 24, 14, 12, 76, 31, 16, 97, 3, 2, 64, 44, 14, 16, 49, 5, 5, 17, 0)
s = 130: (0, 51, 20, 12, 49, 23, 51, 38, 9, 43, 56, 15, 16, 11, 29, 19, 9, 15, 12, 24, 88, 19, 18, 22, 14, 14, 58, 20, 8, 4, 24, 18, 27, 73, 26, 49, 22, 22, 21, 42, 25, 8, 29, 39, 30, 8, 49, 47, 16, 3, 20, 6, 18, 62, 23, 82, 39, 50, 31, 32, 24, 20, 57, 20, 4, 28, 6, 21, 19, 19, 54, 26, 15, 13, 26, 12, 11, 108, 40, 11, 81, 4, 2, 49, 71, 16, 16, 113, 7, 5, 16, 0)
s = 131: (0, 27, 11, 6, 38, 20, 41, 63, 9, 48, 78, 24, 16, 17, 21, 15, 7, 30, 12, 27, 71, 10, 17, 23, 16, 16, 94, 13, 7, 5, 44, 44, 25, 47, 73, 43, 10, 22, 34, 48, 25, 9, 28, 25, 24, 7, 45, 55, 18, 5, 13, 5, 9, 121, 34, 104, 63, 27, 18, 50, 20, 12, 91, 16, 3, 28, 8, 29, 23, 19, 30, 30, 18, 9, 42, 17, 6, 65, 36, 13, 44, 5, 2, 31, 39, 14, 12, 43, 4, 3, 21, 0)
s = 132: (0, 33, 18, 7, 56, 13, 29, 53, 13, 35, 41, 19, 14, 18, 25, 15, 4, 17, 11, 38, 80, 11, 13, 17, 32, 18, 102, 15, 5, 3, 39, 41, 22, 41, 37, 42, 19, 30, 27, 30, 20, 6, 21, 26, 38, 9, 22, 39, 23, 3, 19, 7, 9, 113, 38, 119, 52, 21, 33, 49, 30, 19, 75, 23, 2, 29, 7, 14, 15, 13, 45, 34, 15, 16, 18, 13, 10, 78, 28, 13, 83, 4, 2, 36, 83, 25, 14, 54, 7, 5, 16, 0)
s = 133: (0, 25, 16, 12, 31, 28, 39, 40, 9, 35, 43, 19, 19, 26, 23, 20, 9, 28, 15, 18, 95, 9, 15, 32, 13, 28, 94, 18, 6, 5, 49, 18, 21, 38, 40, 57, 13, 41, 27, 32, 25, 10, 26, 32, 42, 10, 45, 43, 19, 6, 21, 7, 18, 66, 37, 96, 59, 27, 23, 41, 35, 31, 57, 14, 2, 35, 7, 24, 22, 17, 47, 24, 10, 8, 35, 17, 8, 68, 36, 6, 65, 3, 2, 65, 101, 15, 12, 67, 4, 4, 18, 0)
s = 134: (0, 28, 14, 15, 41, 18, 59, 55, 10, 59, 65, 29, 10, 17, 32, 13, 6, 18, 13, 29, 118, 18, 23, 31, 17, 18, 119, 21, 4, 3, 51, 37, 20, 63, 42, 33, 14, 35, 26, 32, 39, 5, 16, 45, 22, 6, 29, 41, 37, 4, 14, 7, 23, 88, 39, 97, 43, 29, 40, 33, 22, 17, 37, 13, 2, 54, 6, 30, 16, 18, 59, 35, 19, 12, 23, 11, 4, 103, 25, 9, 59, 4, 3, 70, 67, 23, 9, 40, 5, 8, 28, 0)
s = 135: (0, 30, 10, 19, 50, 20, 36, 39, 5, 46, 38, 10, 18, 29, 18, 16, 11, 12, 17, 33, 75, 18, 14, 35, 16, 19, 87, 22, 6, 4, 33, 28, 22, 52, 51, 61, 18, 24, 29, 36, 24, 9, 21, 31, 32, 8, 23, 57, 14, 3, 10, 5, 14, 81, 24, 115, 95, 23, 23, 57, 20, 21, 69, 17, 4, 46, 6, 16, 28, 13, 56, 38, 12, 13, 17, 14, 5, 76, 35, 9, 70, 6, 2, 44, 57, 19, 9, 60, 6, 3, 18, 0)
s = 136: (0, 23, 10, 17, 65, 16, 34, 29, 7, 55, 64, 21, 26, 22, 18, 13, 5, 12, 11, 23, 97, 13, 21, 20, 17, 13, 63, 10, 9, 5, 23, 40, 24, 68, 36, 55, 30, 31, 20, 60, 26, 11, 31, 22, 23, 10, 45, 45, 18, 5, 13, 6, 13, 48, 30, 64, 44, 23, 33, 65, 22, 37, 47, 19, 2, 36, 6, 27, 26, 26, 66, 38, 10, 17, 44, 18, 6, 39, 41, 7, 58, 6, 3, 27, 47, 21, 8, 33, 6, 4, 21, 0)
s = 137: (0, 44, 11, 10, 36, 17, 83, 41, 10, 48, 55, 11, 16, 12, 31, 16, 5, 25, 13, 19, 137, 12, 10, 26, 13, 22, 101, 15, 7, 6, 26, 28, 17, 46, 64, 50, 16, 29, 37, 30, 37, 9, 40, 38, 30, 9, 27, 44, 22, 5, 15, 5, 11, 68, 32, 61, 57, 27, 37, 24, 15, 18, 63, 31, 3, 23, 5, 10, 18, 17, 58, 41, 20, 15, 26, 19, 6, 39, 28, 12, 80, 4, 3, 42, 74, 19, 11, 46, 3, 4, 26, 0)
s = 138: (0, 53, 10, 8, 41, 22, 61, 48, 11, 33, 28, 20, 22, 19, 24, 12, 6, 22, 16, 24, 63, 17, 13, 29, 12, 14, 97, 21, 6, 3, 36, 40, 36, 50, 30, 37, 14, 36, 23, 26, 31, 12, 16, 60, 16, 7, 49, 65, 25, 3, 11, 7, 20, 91, 29, 101, 102, 30, 29, 26, 24, 13, 63, 29, 3, 47, 4, 16, 13, 18, 71, 43, 15, 13, 25, 18, 7, 54, 51, 7, 55, 6, 3, 52, 39, 19, 8, 38, 5, 5, 17, 0)
s = 139: (0, 40, 17, 10, 25, 18, 33, 39, 10, 74, 57, 15, 13, 17, 24, 16, 5, 23, 14, 35, 78, 16, 9, 20, 18, 17, 107, 15, 4, 5, 46, 19, 25, 34, 40, 46, 19, 29, 27, 35, 32, 6, 19, 58, 19, 12, 41, 66, 17, 4, 13, 5, 11, 68, 33, 46, 57, 31, 25, 62, 22, 22, 67, 21, 2, 38, 8, 21, 29, 21, 64, 25, 13, 20, 35, 13, 7, 61, 34, 6, 73, 5, 2, 68, 57, 22, 11, 53, 3, 4, 19, 0)
s = 140: (0, 37, 11, 11, 42, 25, 29, 67, 16, 38, 49, 29, 14, 12, 22, 10, 7, 15, 18, 31, 59, 16, 18, 27, 23, 18, 67, 9, 6, 5, 31, 21, 16, 34, 66, 30, 18, 32, 21, 30, 23, 13, 36, 52, 17, 11, 34, 44, 20, 3, 14, 4, 24, 94, 31, 107, 51, 42, 32, 32, 27, 26, 55, 24, 2, 55, 5, 23, 18, 16, 50, 44, 12, 13, 25, 23, 5, 93, 37, 10, 70, 5, 3, 51, 41, 17, 12, 73, 5, 6, 20, 0)
s = 141: (0, 26, 13, 8, 48, 29, 40, 35, 10, 35, 53, 29, 11, 18, 22, 21, 10, 13, 12, 38, 54, 17, 19, 19, 13, 15, 54, 14, 7, 5, 36, 26, 16, 64, 54, 48, 18, 37, 17, 51, 23, 12, 15, 43, 25, 7, 48, 90, 24, 6, 15, 7, 14, 55, 36, 97, 89, 22, 22, 42, 30, 13, 73, 14, 2, 66, 5, 26, 18, 23, 30, 26, 15, 12, 36, 25, 4, 72, 38, 9, 58, 4, 2, 45, 51, 17, 14, 49, 5, 5, 20, 0)
s = 142: (0, 33, 21, 10, 28, 21, 50, 39, 12, 43, 76, 18, 10, 17, 26, 19, 9, 15, 19, 25, 45, 17, 10, 23, 22, 13, 115, 14, 7, 4, 57, 26, 30, 45, 56, 36, 15, 21, 24, 49, 16, 8, 20, 37, 27, 6, 51, 66, 14, 5, 11, 6, 12, 105, 24, 116, 57, 23, 20, 37, 27, 19, 95, 24, 2, 51, 10, 31, 21, 13, 58, 39, 22, 14, 36, 21, 6, 87, 23, 11, 60, 4, 2, 53, 54, 17, 9, 40, 3, 4, 14, 0)
s = 143: (0, 54, 12, 9, 31, 25, 56, 53, 8, 35, 83, 21, 18, 17, 27, 14, 5, 15, 11, 15, 98, 24, 12, 24, 18, 10, 65, 9, 7, 3, 34, 18, 23, 46, 41, 82, 18, 43, 27, 24, 31, 13, 23, 48, 31, 16, 50, 49, 31, 3, 12, 6, 20, 74, 34, 100, 96, 31, 40, 38, 25, 14, 37, 18, 2, 52, 6, 12, 13, 10, 42, 35, 23, 27, 26, 10, 9, 59, 20, 10, 105, 5, 4, 44, 56, 12, 16, 47, 4, 4, 14, 0)
s = 144: (0, 45, 19, 10, 66, 23, 33, 41, 9, 82, 66, 20, 22, 16, 22, 11, 7, 21, 14, 47, 45, 20, 16, 14, 14, 15, 117, 9, 4, 5, 30, 45, 27, 66, 76, 33, 12, 20, 26, 63, 21, 6, 22, 43, 17, 7, 47, 55, 21, 5, 13, 9, 11, 62, 56, 132, 78, 23, 32, 41, 16, 16, 88, 28, 4, 52, 6, 11, 12, 11, 45, 38, 11, 15, 25, 25, 7, 119, 25, 11, 44, 4, 2, 34, 56, 17, 8, 79, 6, 5, 32, 0)
s = 145: (0, 39, 16, 12, 24, 17, 49, 39, 7, 47, 82, 20, 19, 16, 18, 17, 9, 15, 11, 33, 87, 23, 12, 33, 10, 10, 102, 14, 6, 4, 32, 25, 17, 52, 50, 30, 16, 56, 28, 48, 19, 6, 21, 47, 25, 9, 38, 79, 24, 4, 20, 6, 20, 56, 41, 103, 78, 26, 23, 43, 21, 14, 69, 17, 2, 61, 7, 17, 11, 17, 45, 34, 10, 16, 36, 28, 5, 50, 23, 6, 88, 6, 3, 58, 63, 10, 17, 54, 4, 4, 22, 0)
s = 146: (0, 55, 16, 10, 42, 28, 75, 39, 11, 31, 53, 13, 10, 12, 22, 21, 5, 15, 18, 18, 78, 11, 16, 14, 14, 12, 100, 17, 8, 3, 21, 42, 19, 53, 28, 45, 15, 34, 21, 28, 23, 6, 28, 45, 26, 8, 45, 84, 17, 4, 14, 7, 13, 93, 31, 66, 60, 19, 21, 38, 21, 28, 59, 12, 2, 44, 7, 27, 14, 16, 33, 35, 18, 15, 37, 22, 5, 68, 56, 7, 49, 3, 2, 58, 75, 23, 8, 45, 7, 4, 15, 0)
s = 147: (0, 21, 20, 9, 29, 23, 58, 33, 7, 27, 65, 16, 23, 12, 23, 21, 6, 15, 12, 28, 53, 19, 18, 21, 16, 15, 102, 11, 6, 5, 25, 41, 20, 69, 45, 46, 14, 39, 37, 39, 28, 11, 15, 44, 27, 13, 50, 38, 33, 5, 14, 6, 14, 71, 35, 99, 73, 27, 30, 67, 31, 25, 41, 18, 3, 21, 7, 19, 13, 17, 70, 52, 25, 20, 27, 16, 8, 60, 33, 14, 65, 5, 4, 33, 42, 26, 11, 59, 4, 5, 22, 0)
s = 148: (0, 29, 14, 12, 30, 20, 37, 28, 6, 47, 73, 20, 17, 11, 23, 14, 6, 13, 28, 19, 105, 13, 14, 36, 13, 13, 89, 16, 7, 4, 36, 26, 14, 38, 39, 63, 11, 54, 31, 39, 31, 11, 21, 26, 21, 6, 39, 59, 17, 3, 14, 5, 14, 111, 25, 87, 46, 36, 21, 46, 19, 17, 36, 29, 3, 31, 4, 16, 21, 20, 45, 24, 23, 12, 26, 12, 6, 64, 25, 11, 61, 4, 3, 40, 42, 22, 9, 33, 5, 3, 20, 0)
s = 149: (0, 21, 17, 10, 63, 23, 38, 38, 7, 38, 95, 17, 20, 24, 30, 20, 7, 10, 11, 22, 64, 12, 26, 18, 24, 10, 95, 20, 7, 8, 31, 41, 16, 56, 66, 39, 33, 25, 30, 48, 23, 7, 21, 47, 38, 13, 31, 65, 32, 4, 24, 7, 14, 82, 25, 52, 62, 21, 23, 33, 20, 14, 63, 23, 2, 74, 6, 18, 24, 13, 64, 40, 23, 13, 30, 14, 7, 49, 47, 10, 92, 3, 2, 38, 51, 14, 14, 42, 6, 3, 12, 0)
s = 150: (0, 22, 13, 12, 48, 25, 53, 23, 12, 50, 63, 31, 17, 20, 31, 21, 7, 13, 9, 38, 52, 13, 18, 16, 15, 23, 85, 21, 7, 6, 30, 33, 32, 54, 40, 42, 13, 23, 20, 42, 38, 10, 18, 32, 30, 10, 41, 44, 26, 5, 16, 5, 19, 137, 36, 94, 80, 19, 26, 46, 19, 20, 57, 32, 4, 32, 6, 12, 30, 13, 37, 41, 16, 11, 23, 10, 7, 106, 19, 19, 50, 4, 2, 58, 73, 18, 13, 67, 3, 5, 26, 0)
s = 151: (0, 36, 13, 9, 51, 24, 33, 54, 7, 41, 40, 25, 12, 24, 19, 31, 4, 18, 13, 21, 95, 15, 12, 29, 19, 10, 70, 21, 8, 5, 30, 26, 16, 68, 89, 29, 12, 38, 28, 35, 26, 7, 26, 40, 42, 13, 30, 37, 15, 3, 8, 7, 17, 93, 39, 75, 79, 19, 33, 44, 15, 21, 34, 19, 2, 68, 4, 20, 34, 18, 36, 31, 18, 18, 40, 23, 5, 122, 46, 11, 81, 4, 2, 51, 69, 14, 12, 35, 6, 4, 15, 0)
s = 152: (0, 44, 17, 9, 36, 16, 38, 35, 8, 47, 62, 32, 16, 9, 16, 16, 5, 11, 14, 42, 108, 11, 16, 29, 8, 21, 88, 21, 10, 4, 32, 42, 35, 72, 52, 75, 30, 27, 23, 34, 36, 6, 26, 58, 26, 8, 31, 55, 16, 5, 16, 4, 15, 76, 41, 91, 81, 36, 39, 32, 28, 23, 54, 24, 3, 46, 4, 20, 26, 22, 50, 45, 12, 14, 35, 25, 4, 93, 21, 12, 87, 4, 3, 51, 94, 20, 7, 40, 3, 4, 16, 0)
s = 153: (0, 23, 18, 6, 41, 23, 41, 60, 9, 48, 65, 22, 17, 18, 20, 14, 5, 11, 13, 27, 67, 18, 20, 21, 12, 21, 116, 13, 6, 4, 36, 33, 14, 35, 36, 52, 17, 47, 28, 30, 23, 8, 35, 36, 21, 16, 25, 39, 17, 4, 10, 6, 13, 48, 23, 64, 119, 35, 17, 47, 16, 14, 72, 18, 2, 28, 4, 12, 12, 16, 61, 27, 11, 18, 36, 18, 7, 65, 46, 8, 113, 5, 2, 49, 84, 17, 14, 29, 3, 4, 24, 0)
s = 154: (0, 48, 9, 8, 42, 25, 40, 37, 11, 62, 54, 25, 13, 18, 12, 25, 5, 21, 12, 28, 77, 15, 13, 36, 13, 17, 135, 17, 6, 3, 55, 28, 43, 63, 75, 62, 15, 30, 26, 55, 16, 8, 27, 48, 28, 8, 39, 62, 23, 4, 14, 5, 11, 72, 24, 79, 68, 46, 32, 52, 28, 23, 49, 12, 3, 44, 4, 10, 22, 11, 33, 28, 16, 14, 29, 11, 8, 47, 31, 8, 75, 3, 3, 27, 53, 16, 14, 69, 7, 5, 35, 0)
s = 155: (0, 39, 14, 10, 23, 22, 57, 28, 9, 54, 37, 15, 14, 25, 24, 20, 6, 14, 16, 36, 120, 17, 13, 18, 18, 20, 77, 19, 8, 5, 40, 22, 15, 53, 73, 62, 21, 42, 18, 57, 26, 5, 26, 45, 31, 7, 27, 34, 39, 5, 15, 8, 14, 71, 54, 98, 65, 28, 26, 32, 20, 28, 90, 20, 2, 23, 6, 24, 17, 18, 37, 44, 13, 18, 28, 19, 4, 60, 28, 11, 75, 5, 2, 47, 83, 16, 7, 64, 6, 4, 25, 0)
s = 156: (0, 32, 9, 9, 36, 24, 39, 59, 11, 32, 57, 26, 11, 12, 15, 14, 9, 21, 12, 38, 61, 9, 18, 21, 11, 21, 116, 21, 11, 6, 39, 26, 40, 50, 64, 51, 19, 26, 29, 23, 28, 7, 36, 47, 24, 9, 45, 68, 13, 3, 11, 5, 14, 77, 27, 51, 107, 29, 31, 53, 20, 26, 55, 29, 4, 37, 8, 15, 20, 16, 29, 40, 10, 9, 28, 21, 5, 74, 32, 9, 44, 5, 2, 44, 63, 14, 8, 57, 6, 5, 23, 0)
s = 157: (0, 21, 24, 12, 39, 31, 37, 33, 9, 38, 87, 16, 20, 14, 17, 26, 6, 16, 19, 15, 110, 11, 26, 16, 12, 15, 108, 14, 8, 6, 35, 48, 24, 50, 30, 50, 11, 41, 27, 32, 37, 7, 21, 40, 35, 9, 38, 48, 28, 3, 18, 5, 17, 86, 36, 75, 64, 38, 32, 57, 33, 17, 51, 20, 2, 29, 4, 14, 20, 23, 73, 35, 14, 15, 26, 21, 4, 88, 50, 9, 85, 6, 2, 36, 49, 16, 7, 51, 4, 3, 23, 0)
s = 158: (0, 31, 16, 9, 59, 17, 70, 53, 8, 49, 38, 15, 22, 12, 22, 10, 6, 14, 19, 25, 69, 11, 12, 18, 11, 21, 58, 16, 6, 5, 19, 26, 17, 59, 37, 35, 26, 61, 20, 52, 35, 7, 21, 39, 29, 7, 32, 53, 21, 5, 13, 7, 14, 101, 62, 81, 118, 30, 23, 56, 28, 20, 43, 12, 3, 41, 6, 17, 18, 17, 65, 39, 20, 13, 27, 25, 5, 57, 29, 14, 62, 4, 2, 30, 85, 14, 13, 37, 5, 3, 19, 0)
s = 159: (0, 36, 12, 10, 44, 20, 44, 33, 10, 39, 41, 17, 12, 16, 25, 10, 6, 20, 18, 37, 75, 20, 28, 18, 10, 16, 74, 11, 4, 3, 22, 26, 27, 49, 47, 35, 26, 34, 42, 67, 17, 9, 29, 24, 22, 11, 26, 64, 24, 5, 15, 10, 11, 52, 53, 47, 67, 24, 42, 47, 28, 14, 49, 14, 2, 27, 5, 23, 21, 12, 59, 40, 13, 11, 23, 22, 8, 69, 25, 14, 66, 6, 3, 33, 50, 18, 14, 69, 5, 4, 17, 0)
s = 160: (0, 31, 21, 9, 39, 20, 34, 57, 7, 56, 64, 14, 21, 17, 21, 11, 5, 27, 17, 14, 84, 8, 10, 21, 13, 12, 80, 15, 5, 4, 30, 32, 18, 44, 82, 47, 11, 51, 32, 39, 32, 14, 18, 37, 24, 12, 26, 46, 23, 4, 14, 7, 22, 48, 34, 95, 46, 41, 46, 71, 31, 21, 62, 17, 3, 41, 6, 15, 16, 15, 34, 44, 13, 19, 26, 26, 5, 54, 35, 9, 87, 4, 3, 40, 64, 20, 8, 61, 3, 5, 21, 0)
s = 161: (0, 23, 19, 9, 25, 15, 45, 45, 8, 63, 47, 23, 21, 11, 28, 22, 7, 13, 11, 29, 55, 17, 22, 20, 25, 12, 117, 13, 5, 7, 27, 38, 21, 47, 59, 59, 24, 26, 20, 44, 15, 6, 14, 54, 19, 8, 47, 75, 18, 5, 13, 8, 29, 76, 33, 69, 63, 38, 44, 71, 23, 14, 40, 37, 2, 42, 8, 17, 18, 21, 68, 32, 14, 13, 25, 12, 8, 76, 36, 11, 65, 4, 3, 59, 45, 15, 7, 58, 4, 3, 15, 0)
s = 162: (0, 24, 16, 6, 38, 27, 52, 27, 7, 47, 56, 15, 20, 20, 19, 11, 7, 22, 12, 23, 79, 18, 10, 33, 20, 14, 89, 13, 8, 4, 45, 22, 24, 43, 26, 39, 24, 41, 22, 34, 21, 7, 33, 34, 22, 8, 28, 88, 39, 6, 10, 4, 11, 78, 49, 75, 74, 36, 18, 57, 23, 13, 80, 30, 3, 68, 7, 16, 25, 22, 37, 35, 17, 16, 26, 19, 7, 77, 26, 11, 81, 3, 3, 46, 57, 10, 7, 37, 3, 5, 29, 0)
s = 163: (0, 20, 14, 9, 38, 47, 76, 37, 9, 54, 46, 14, 22, 21, 23, 14, 6, 24, 17, 33, 89, 13, 16, 25, 9, 15, 60, 16, 8, 4, 32, 22, 17, 27, 45, 51, 24, 29, 17, 41, 32, 12, 19, 31, 28, 10, 26, 33, 23, 5, 13, 11, 11, 63, 38, 106, 43, 24, 41, 47, 21, 25, 54, 21, 3, 43, 7, 25, 21, 23, 40, 29, 17, 17, 30, 14, 6, 38, 24, 8, 69, 5, 3, 39, 85, 15, 9, 55, 6, 3, 15, 0)
s = 164: (0, 29, 14, 9, 52, 26, 64, 37, 5, 27, 44, 14, 15, 18, 35, 19, 7, 30, 15, 16, 107, 10, 11, 29, 24, 10, 74, 13, 8, 4, 28, 36, 21, 46, 57, 78, 14, 35, 26, 51, 29, 6, 25, 25, 33, 6, 23, 36, 38, 3, 14, 8, 10, 74, 54, 120, 77, 36, 18, 46, 32, 14, 50, 19, 2, 51, 8, 14, 16, 15, 26, 22, 16, 12, 23, 13, 8, 56, 45, 11, 41, 5, 3, 38, 62, 15, 7, 81, 5, 3, 14, 0)
s = 165: (0, 22, 17, 13, 37, 24, 54, 47, 10, 57, 63, 22, 16, 15, 17, 21, 8, 25, 12, 40, 59, 15, 12, 26, 22, 17, 136, 17, 4, 4, 26, 28, 25, 64, 54, 42, 18, 50, 18, 25, 23, 8, 30, 46, 27, 9, 29, 75, 23, 6, 15, 7, 9, 99, 45, 90, 95, 42, 18, 33, 13, 26, 61, 22, 2, 60, 6, 12, 19, 13, 37, 44, 12, 13, 21, 24, 5, 68, 17, 9, 64, 4, 2, 54, 107, 22, 11, 50, 5, 5, 35, 0)
s = 166: (0, 50, 10, 7, 48, 30, 42, 25, 6, 45, 55, 16, 15, 9, 25, 21, 7, 22, 14, 36, 66, 9, 12, 32, 10, 17, 146, 8, 9, 3, 29, 27, 26, 75, 43, 55, 21, 27, 25, 39, 27, 11, 29, 36, 22, 9, 40, 46, 30, 5, 27, 5, 12, 76, 27, 89, 58, 20, 22, 38, 23, 13, 49, 16, 3, 42, 5, 16, 28, 13, 41, 20, 20, 22, 33, 18, 6, 96, 38, 8, 60, 6, 4, 58, 51, 14, 13, 35, 4, 4, 26, 0)
s = 167: (0, 55, 9, 11, 50, 36, 65, 52, 9, 52, 32, 19, 20, 15, 26, 20, 5, 21, 10, 32, 88, 10, 16, 34, 14, 15, 75, 13, 5, 3, 26, 19, 34, 50, 55, 72, 23, 34, 28, 40, 17, 8, 17, 27, 19, 11, 25, 77, 34, 4, 12, 9, 24, 84, 33, 53, 94, 55, 30, 30, 28, 13, 41, 17, 3, 37, 9, 22, 19, 16, 36, 65, 12, 11, 46, 30, 6, 74, 26, 14, 47, 4, 4, 54, 69, 13, 10, 44, 4, 5, 15, 0)
s = 168: (0, 39, 19, 6, 47, 21, 48, 47, 12, 43, 56, 30, 18, 15, 16, 19, 7, 24, 21, 21, 44, 18, 15, 25, 14, 10, 86, 12, 5, 5, 34, 31, 18, 35, 57, 45, 26, 24, 45, 26, 22, 10, 25, 36, 33, 8, 23, 37, 31, 4, 11, 5, 16, 110, 31, 140, 49, 30, 34, 37, 16, 14, 92, 15, 2, 55, 5, 12, 32, 27, 24, 23, 17, 13, 23, 9, 6, 95, 25, 8, 88, 5, 3, 41, 85, 20, 16, 74, 5, 4, 15, 0)
s = 169: (0, 31, 17, 8, 56, 23, 47, 49, 11, 32, 48, 19, 20, 13, 30, 22, 8, 13, 13, 19, 80, 9, 15, 16, 15, 19, 105, 12, 4, 5, 23, 22, 20, 57, 26, 44, 11, 23, 18, 40, 28, 11, 25, 33, 24, 8, 23, 51, 18, 4, 11, 5, 15, 114, 32, 145, 47, 35, 30, 50, 30, 18, 67, 19, 4, 23, 5, 16, 35, 21, 35, 39, 11, 17, 35, 17, 4, 67, 47, 11, 95, 4, 3, 50, 68, 15, 9, 52, 4, 5, 15, 0)
s = 170: (0, 34, 13, 11, 47, 18, 26, 30, 11, 42, 49, 16, 15, 19, 25, 19, 7, 11, 12, 32, 94, 25, 10, 25, 12, 15, 121, 10, 7, 5, 53, 27, 22, 44, 27, 38, 23, 40, 22, 32, 42, 9, 21, 22, 24, 8, 54, 44, 19, 4, 18, 5, 12, 110, 24, 79, 52, 21, 20, 29, 16, 18, 68, 15, 2, 60, 6, 13, 22, 19, 44, 34, 14, 9, 40, 12, 9, 38, 22, 8, 94, 6, 2, 44, 38, 11, 7, 51, 3, 5, 27, 0)
s = 171: (0, 24, 22, 15, 40, 14, 34, 38, 9, 30, 45, 12, 19, 13, 17, 11, 7, 30, 11, 20, 52, 12, 19, 27, 17, 20, 148, 10, 6, 5, 40, 26, 14, 70, 57, 37, 22, 28, 21, 48, 21, 13, 24, 39, 17, 8, 44, 49, 22, 3, 14, 5, 16, 79, 68, 60, 71, 33, 29, 37, 34, 14, 66, 17, 3, 34, 5, 13, 20, 12, 33, 36, 16, 10, 31, 21, 9, 56, 48, 6, 62, 5, 2, 65, 61, 17, 9, 32, 5, 3, 19, 0)
s = 172: (0, 39, 17, 12, 25, 16, 42, 39, 9, 53, 59, 17, 21, 12, 13, 18, 8, 18, 11, 20, 78, 12, 13, 26, 10, 13, 153, 9, 8, 6, 44, 21, 27, 51, 29, 37, 22, 25, 33, 55, 29, 8, 34, 37, 25, 10, 66, 77, 44, 7, 13, 4, 13, 118, 30, 50, 99, 23, 36, 34, 25, 19, 66, 14, 2, 60, 4, 17, 24, 12, 31, 29, 12, 19, 26, 15, 8, 111, 32, 8, 42, 3, 2, 32, 83, 20, 9, 86, 5, 7, 17, 0)
s = 173: (0, 22, 12, 10, 36, 23, 48, 59, 12, 56, 72, 24, 26, 11, 26, 25, 5, 12, 20, 28, 112, 14, 13, 22, 15, 16, 112, 8, 6, 3, 45, 17, 16, 33, 51, 30, 25, 41, 19, 30, 35, 7, 19, 43, 36, 6, 41, 45, 24, 4, 19, 6, 18, 130, 27, 117, 51, 34, 41, 41, 16, 23, 34, 27, 2, 23, 5, 18, 27, 25, 75, 29, 10, 14, 24, 34, 6, 122, 31, 9, 61, 6, 3, 53, 91, 21, 14, 35, 3, 5, 22, 0)
s = 174: (0, 40, 11, 10, 22, 27, 31, 29, 7, 56, 40, 20, 17, 14, 22, 24, 4, 13, 12, 25, 115, 15, 10, 34, 11, 16, 84, 17, 6, 7, 44, 31, 26, 50, 27, 49, 22, 46, 16, 25, 27, 7, 19, 28, 24, 13, 25, 33, 24, 3, 10, 6, 15, 113, 47, 50, 44, 33, 28, 45, 38, 14, 70, 11, 2, 22, 7, 14, 22, 19, 25, 33, 11, 13, 31, 18, 7, 61, 20, 12, 78, 3, 3, 28, 40, 17, 8, 48, 5, 7, 21, 0)
s = 175: (0, 39, 18, 7, 36, 26, 37, 27, 9, 56, 66, 18, 16, 16, 18, 21, 5, 15, 21, 38, 50, 17, 19, 21, 12, 15, 107, 12, 5, 4, 32, 24, 30, 50, 42, 52, 13, 26, 21, 37, 26, 6, 28, 55, 49, 13, 27, 47, 20, 5, 12, 6, 17, 93, 24, 84, 106, 19, 39, 54, 26, 21, 48, 18, 3, 50, 7, 18, 30, 23, 65, 23, 13, 17, 23, 11, 6, 45, 27, 11, 94, 7, 2, 48, 80, 17, 11, 35, 7, 5, 20, 0)
s = 176: (0, 45, 16, 13, 25, 19, 65, 36, 7, 35, 77, 18, 19, 10, 40, 18, 5, 17, 15, 19, 132, 17, 18, 29, 14, 9, 156, 19, 6, 5, 50, 26, 19, 32, 73, 62, 22, 29, 26, 27, 40, 7, 27, 39, 38, 12, 29, 58, 23, 4, 8, 10, 20, 49, 24, 74, 42, 46, 25, 41, 28, 26, 73, 21, 2, 31, 6, 22, 11, 21, 55, 26, 15, 20, 37, 18, 5, 60, 37, 10, 53, 4, 2, 63, 85, 12, 7, 44, 6, 3, 20, 0)
s = 177: (0, 52, 14, 9, 58, 15, 39, 36, 11, 35, 51, 23, 16, 23, 17, 21, 8, 22, 14, 36, 53, 17, 18, 23, 10, 21, 96, 9, 9, 4, 32, 34, 25, 65, 39, 47, 26, 23, 22, 54, 15, 11, 26, 32, 18, 15, 36, 77, 31, 4, 12, 8, 15, 64, 27, 93, 96, 22, 36, 30, 17, 17, 50, 28, 2, 39, 6, 25, 25, 10, 56, 21, 21, 15, 29, 15, 7, 58, 22, 19, 84, 3, 3, 50, 78, 12, 7, 55, 4, 3, 23, 0)
s = 178: (0, 40, 11, 9, 25, 34, 56, 46, 13, 48, 44, 17, 23, 12, 24, 15, 7, 14, 13, 26, 70, 13, 19, 21, 9, 16, 97, 13, 6, 7, 36, 45, 20, 39, 66, 42, 11, 33, 23, 29, 26, 7, 20, 52, 21, 10, 33, 65, 24, 6, 16, 6, 20, 74, 41, 83, 54, 37, 24, 43, 20, 25, 43, 22, 2, 48, 4, 25, 14, 17, 37, 48, 14, 10, 44, 24, 11, 81, 27, 8, 92, 4, 2, 37, 44, 13, 12, 45, 4, 6, 19, 0)
s = 179: (0, 41, 16, 9, 35, 21, 68, 32, 12, 25, 77, 13, 14, 31, 16, 19, 5, 14, 19, 31, 78, 20, 14, 34, 18, 16, 122, 16, 8, 3, 26, 33, 21, 33, 93, 79, 23, 32, 18, 45, 37, 12, 16, 53, 23, 9, 28, 62, 14, 5, 11, 4, 27, 56, 37, 56, 72, 42, 28, 43, 27, 14, 39, 19, 2, 73, 6, 19, 25, 13, 31, 19, 10, 12, 25, 16, 8, 91, 17, 9, 70, 3, 2, 53, 36, 26, 13, 58, 5, 3, 17, 0)
s = 180: (0, 41, 10, 9, 67, 27, 80, 77, 10, 33, 33, 24, 14, 11, 21, 14, 4, 15, 9, 25, 57, 15, 20, 27, 19, 18, 71, 13, 5, 4, 21, 35, 26, 60, 44, 42, 12, 28, 27, 24, 42, 12, 27, 77, 25, 8, 26, 75, 25, 6, 8, 4, 11, 80, 21, 98, 42, 29, 47, 39, 37, 21, 61, 16, 3, 30, 4, 14, 17, 14, 43, 25, 19, 16, 28, 15, 7, 56, 19, 12, 54, 4, 2, 52, 48, 22, 10, 41, 4, 4, 17, 0)
s = 181: (0, 26, 12, 8, 35, 30, 54, 49, 15, 42, 67, 26, 26, 15, 24, 19, 8, 19, 11, 33, 47, 10, 10, 32, 25, 19, 111, 13, 9, 7, 41, 26, 20, 42, 56, 77, 21, 27, 24, 52, 25, 7, 19, 44, 17, 7, 40, 83, 19, 3, 20, 6, 10, 75, 41, 72, 91, 36, 22, 48, 25, 13, 78, 24, 3, 32, 7, 20, 13, 10, 52, 33, 15, 9, 45, 20, 6, 77, 35, 8, 98, 5, 2, 51, 65, 18, 11, 58, 4, 5, 16, 0)
s = 182: (0, 45, 10, 14, 38, 14, 40, 55, 9, 42, 48, 16, 12, 18, 23, 12, 8, 15, 18, 26, 76, 15, 23, 22, 22, 17, 66, 16, 8, 4, 52, 32, 22, 63, 53, 75, 27, 38, 26, 60, 26, 11, 14, 38, 23, 7, 28, 36, 17, 3, 12, 9, 14, 92, 29, 112, 96, 19, 25, 76, 22, 34, 60, 26, 4, 31, 7, 18, 23, 10, 26, 37, 14, 15, 34, 12, 6, 39, 27, 9, 97, 7, 3, 69, 78, 17, 17, 47, 4, 7, 16, 0)
s = 183: (0, 48, 20, 7, 35, 28, 78, 42, 10, 51, 59, 28, 17, 14, 23, 11, 7, 26, 15, 35, 98, 16, 24, 27, 17, 13, 103, 15, 5, 4, 20, 25, 22, 43, 47, 48, 16, 36, 20, 37, 30, 16, 21, 25, 32, 6, 27, 50, 31, 6, 12, 5, 10, 110, 44, 55, 53, 25, 28, 44, 26, 23, 56, 18, 3, 34, 7, 22, 25, 17, 29, 39, 20, 16, 21, 18, 12, 51, 34, 10, 49, 4, 2, 50, 81, 12, 14, 92, 4, 5, 23, 0)
s = 184: (0, 27, 19, 11, 36, 21, 36, 63, 9, 42, 45, 17, 14, 13, 15, 22, 8, 20, 20, 28, 61, 9, 16, 37, 16, 14, 89, 15, 6, 4, 22, 40, 35, 36, 32, 33, 13, 61, 21, 33, 23, 8, 38, 29, 25, 7, 47, 83, 20, 4, 11, 7, 16, 81, 22, 109, 64, 18, 42, 29, 33, 24, 44, 18, 2, 64, 8, 20, 28, 10, 67, 49, 13, 10, 23, 14, 5, 102, 27, 9, 48, 3, 3, 32, 45, 13, 16, 72, 6, 4, 14, 0)
s = 185: (0, 43, 9, 11, 45, 17, 60, 31, 12, 74, 44, 21, 15, 12, 14, 16, 10, 15, 15, 25, 70, 17, 11, 30, 16, 16, 113, 16, 8, 4, 22, 26, 21, 59, 41, 36, 24, 39, 45, 46, 36, 6, 21, 35, 35, 12, 25, 35, 18, 4, 16, 7, 10, 46, 38, 107, 47, 29, 34, 34, 38, 16, 62, 16, 2, 47, 9, 12, 23, 14, 61, 38, 10, 9, 52, 17, 5, 91, 33, 11, 62, 5, 3, 51, 67, 13, 11, 80, 4, 4, 15, 0)
s = 186: (0, 40, 17, 10, 39, 18, 40, 28, 8, 36, 43, 10, 16, 13, 25, 14, 6, 17, 16, 30, 110, 9, 14, 24, 15, 15, 103, 12, 10, 5, 43, 23, 19, 52, 36, 44, 25, 34, 27, 32, 33, 8, 23, 43, 30, 9, 48, 47, 24, 4, 17, 8, 15, 80, 35, 74, 91, 27, 38, 71, 22, 12, 78, 17, 3, 56, 8, 21, 30, 14, 59, 28, 9, 14, 33, 21, 7, 53, 35, 10, 53, 3, 4, 64, 68, 22, 10, 62, 4, 4, 14, 0)
s = 187: (0, 27, 16, 16, 31, 36, 85, 31, 8, 44, 49, 17, 12, 16, 33, 16, 11, 21, 12, 21, 151, 23, 15, 24, 16, 16, 86, 12, 7, 7, 24, 22, 17, 48, 78, 28, 14, 24, 22, 38, 37, 5, 20, 36, 24, 12, 27, 51, 31, 5, 10, 8, 11, 66, 34, 63, 66, 40, 32, 38, 23, 15, 63, 24, 3, 54, 7, 17, 12, 11, 69, 26, 18, 17, 58, 15, 10, 53, 34, 7, 75, 4, 2, 86, 51, 19, 10, 94, 4, 4, 20, 0)
s = 188: (0, 46, 12, 16, 40, 25, 75, 37, 11, 53, 78, 18, 12, 12, 25, 10, 6, 13, 13, 41, 70, 18, 25, 20, 8, 18, 66, 9, 5, 5, 30, 20, 29, 58, 64, 38, 13, 37, 30, 50, 29, 7, 19, 41, 48, 9, 50, 88, 21, 3, 17, 5, 19, 96, 59, 125, 99, 19, 29, 40, 26, 17, 68, 18, 2, 34, 6, 24, 29, 15, 46, 27, 13, 13, 30, 16, 7, 64, 22, 10, 105, 4, 2, 38, 55, 18, 8, 60, 4, 6, 27, 0)
s = 189: (0, 50, 8, 10, 43, 24, 40, 37, 14, 47, 55, 23, 12, 23, 23, 14, 7, 13, 20, 32, 68, 11, 11, 31, 9, 11, 55, 11, 5, 5, 29, 30, 38, 40, 54, 30, 22, 25, 37, 29, 16, 7, 22, 38, 24, 10, 52, 47, 17, 4, 15, 7, 8, 100, 36, 79, 47, 36, 33, 51, 15, 26, 51, 13, 2, 51, 5, 14, 18, 17, 52, 29, 14, 19, 25, 12, 5, 59, 36, 10, 56, 5, 2, 52, 58, 20, 10, 48, 5, 3, 17, 0)
s = 190: (0, 50, 20, 8, 32, 18, 57, 52, 13, 41, 80, 20, 14, 18, 20, 10, 7, 15, 17, 18, 80, 14, 11, 18, 13, 19, 59, 13, 10, 5, 22, 35, 19, 33, 67, 27, 13, 31, 29, 47, 40, 6, 17, 29, 33, 13, 28, 29, 18, 6, 11, 4, 10, 65, 38, 91, 41, 30, 38, 85, 18, 30, 91, 23, 2, 25, 8, 15, 23, 20, 39, 41, 10, 18, 31, 15, 6, 46, 31, 11, 76, 5, 3, 58, 59, 13, 10, 94, 4, 4, 16, 0)
s = 191: (0, 38, 14, 10, 48, 20, 73, 37, 10, 48, 67, 36, 16, 19, 29, 11, 7, 13, 10, 23, 79, 17, 15, 34, 14, 13, 102, 13, 9, 4, 28, 52, 29, 89, 30, 55, 20, 46, 40, 24, 32, 8, 16, 38, 28, 8, 28, 34, 21, 5, 15, 9, 14, 63, 48, 81, 75, 28, 22, 26, 17, 18, 62, 20, 3, 26, 4, 16, 20, 22, 34, 33, 18, 21, 32, 13, 6, 58, 30, 17, 63, 4, 2, 53, 53, 21, 10, 50, 4, 3, 15, 0)
s = 192: (0, 26, 12, 9, 31, 27, 49, 38, 10, 40, 42, 12, 15, 17, 17, 25, 4, 26, 10, 18, 64, 11, 16, 30, 12, 9, 86, 14, 7, 4, 34, 31, 32, 45, 39, 46, 18, 28, 29, 31, 23, 6, 25, 37, 21, 7, 29, 48, 29, 4, 11, 5, 13, 70, 35, 61, 85, 24, 27, 60, 16, 22, 52, 12, 2, 46, 7, 17, 16, 19, 41, 36, 20, 14, 38, 19, 6, 40, 24, 15, 71, 5, 3, 44, 56, 21, 18, 48, 6, 5, 13, 0)
s = 193: (0, 39, 15, 10, 39, 30, 58, 45, 11, 40, 47, 20, 15, 15, 11, 17, 8, 12, 10, 38, 63, 14, 25, 22, 15, 10, 77, 13, 4, 3, 35, 31, 20, 40, 36, 37, 19, 54, 24, 27, 31, 7, 22, 37, 39, 9, 27, 48, 18, 8, 11, 5, 15, 123, 42, 107, 91, 28, 22, 29, 24, 19, 62, 24, 2, 66, 7, 22, 16, 18, 35, 33, 20, 13, 29, 13, 7, 97, 26, 10, 61, 3, 2, 39, 87, 17, 12, 60, 4, 4, 21, 0)
s = 194: (0, 25, 10, 11, 30, 26, 32, 42, 6, 46, 54, 12, 15, 20, 25, 19, 8, 17, 10, 22, 47, 15, 25, 18, 10, 12, 98, 20, 9, 3, 20, 34, 24, 43, 36, 76, 20, 33, 23, 28, 22, 7, 21, 38, 25, 8, 54, 70, 17, 5, 18, 7, 13, 63, 29, 128, 76, 29, 32, 35, 32, 38, 55, 16, 2, 40, 9, 16, 15, 21, 35, 43, 15, 22, 44, 14, 8, 72, 21, 17, 39, 4, 3, 43, 52, 22, 8, 56, 4, 6, 14, 0)
s = 195: (0, 29, 23, 8, 22, 22, 32, 23, 11, 55, 45, 22, 23, 13, 27, 13, 9, 14, 10, 30, 67, 17, 18, 30, 18, 13, 112, 10, 5, 6, 32, 30, 15, 33, 34, 50, 14, 30, 51, 43, 28, 7, 30, 49, 47, 10, 58, 41, 19, 4, 9, 7, 18, 82, 31, 78, 59, 26, 20, 40, 19, 19, 72, 17, 3, 55, 7, 13, 18, 11, 28, 39, 19, 15, 30, 26, 9, 64, 27, 12, 56, 5, 4, 41, 84, 16, 17, 57, 5, 4, 18, 0)
s = 196: (0, 40, 23, 11, 42, 23, 36, 28, 11, 40, 46, 21, 14, 15, 15, 14, 7, 21, 15, 38, 87, 17, 23, 23, 24, 13, 74, 13, 4, 5, 60, 24, 27, 40, 51, 56, 18, 23, 28, 43, 18, 11, 32, 48, 26, 6, 39, 58, 20, 7, 15, 6, 11, 60, 27, 91, 74, 16, 18, 43, 30, 33, 51, 17, 2, 49, 5, 21, 27, 14, 44, 35, 22, 13, 20, 11, 8, 87, 37, 13, 46, 4, 2, 63, 64, 22, 8, 73, 4, 6, 27, 0)
s = 197: (0, 55, 9, 10, 26, 18, 51, 46, 10, 45, 60, 14, 12, 23, 20, 14, 5, 27, 13, 19, 59, 14, 19, 20, 13, 11, 130, 11, 4, 6, 27, 47, 25, 62, 58, 30, 15, 35, 20, 31, 44, 5, 14, 35, 24, 12, 27, 32, 38, 4, 15, 5, 25, 117, 25, 61, 91, 22, 19, 59, 35, 24, 61, 11, 2, 47, 5, 12, 22, 10, 40, 26, 9, 8, 25, 19, 7, 109, 35, 11, 73, 4, 3, 33, 56, 14, 7, 46, 5, 5, 38, 0)
s = 198: (0, 40, 9, 18, 34, 14, 57, 29, 7, 24, 65, 21, 14, 13, 30, 11, 5, 13, 15, 25, 90, 11, 10, 20, 13, 15, 62, 9, 6, 3, 34, 24, 19, 54, 66, 55, 15, 38, 44, 29, 36, 10, 25, 59, 27, 11, 31, 52, 29, 6, 16, 8, 18, 71, 27, 81, 55, 31, 23, 50, 21, 18, 37, 23, 3, 61, 4, 12, 24, 14, 54, 41, 17, 13, 24, 14, 5, 70, 28, 10, 60, 4, 3, 45, 103, 31, 12, 38, 5, 4, 20, 0)
s = 199: (0, 40, 21, 9, 35, 28, 43, 36, 13, 56, 53, 13, 9, 19, 13, 14, 8, 26, 13, 24, 97, 14, 13, 28, 10, 18, 96, 17, 7, 6, 37, 32, 21, 47, 44, 37, 13, 46, 40, 42, 32, 6, 30, 38, 27, 15, 29, 30, 33, 5, 18, 5, 13, 101, 31, 68, 105, 21, 25, 60, 17, 18, 46, 11, 3, 42, 4, 16, 16, 18, 41, 20, 10, 12, 23, 14, 5, 59, 31, 14, 71, 4, 2, 40, 73, 20, 9, 60, 5, 4, 18, 0)
s = 200: (0, 41, 10, 12, 57, 17, 50, 44, 7, 44, 45, 14, 29, 13, 15, 16, 5, 19, 12, 18, 50, 24, 19, 23, 11, 14, 116, 10, 6, 4, 33, 27, 27, 30, 40, 36, 19, 37, 21, 35, 34, 6, 17, 30, 19, 10, 53, 60, 29, 5, 12, 6, 20, 78, 52, 87, 94, 22, 34, 44, 40, 35, 54, 17, 2, 60, 6, 25, 18, 12, 34, 27, 11, 13, 34, 25, 9, 64, 36, 8, 63, 6, 2, 74, 57, 11, 14, 76, 6, 4, 20, 0)
************************************************************************
ES/LS-VALUES:
jobnr.   ES(i)    LS(i)
------------------------------------------------------------------------
  0        0        0
  1        0       350
  2        0       441
  3        0       413
  4        1       451
  5       10       361
  6        1       415
  7       21       373
  8       10       376
  9       16       382
 10       10       361
 11       21       373
 12       25       429
 13       21       381
 14       40       444
 15       39       391
 16       25       392
 17       31       436
 18       30       398
 19       31       383
 20       16       406
 21       36       397
 22       40       461
 23       34       440
 24       31       471
 25       12       453
 26       46       452
 27       41       403
 28       21       413
 29       40       461
 30       36       399
 31       25       428
 32        1       450
 33       45       409
 34       55       407
 35       12       456
 36       57       422
 37       44       412
 38       30       471
 39       16       478
 40        9       449
 41       45       450
 42       53       458
 43       68       472
 44       56       465
 45       27       419
 46       17       468
 47       68       421
 48        9       424
 49       28       490
 50       56       425
 51       63       473
 52       32       451
 53       21       450
 54       64       470
 55       37       478
 56       47       440
 57       35       477
 58       29       474
 59       74       439
 60       47       400
 61       36       456
 62       69       479
 63       52       494
 64       14       455
 65       77       482
 66       57       497
 67       35       475
 68       74       471
 69       41       461
 70       54       408
 71       70       425
 72       54       476
 73       64       457
 74       86       492
 75       85       439
 76       24       487
 77       102       456
 78       121       475
 79       57       477
 80       132       487
 81       69       481
 82       75       483
 83       77       485
 84       85       471
 85       99       486
 86       82       493
 87       70       479
 88       146       502
 89       114       502
 90       86       496
 91       150       506
************************************************************************
BIG-M-VALUES:
M1 = 42, M2 = 178
************************************************************************
