************************************************************************
file with basedata            : mm63_.bas
initial value random generator: 943036505
************************************************************************
projects                      :  1
jobs (incl. supersource/sink ):  12
horizon                       :  80
RESOURCES
  - renewable                 :  2   R
  - nonrenewable              :  2   N
  - doubly constrained        :  0   D
************************************************************************
PROJECT INFORMATION:
pronr.  #jobs rel.date duedate tardcost  MPM-Time
    1     10      0       15        2       15
************************************************************************
PRECEDENCE RELATIONS:
jobnr.    #modes  #successors   successors
   0        1          3           1   2   3
   1        3          1           6
   2        3          1           7
   3        3          3           4   5   6
   4        3          3           8   9  10
   5        3          1           7
   6        3          1           7
   7        3          2           8   9
   8        3          1          11
   9        3          1          11
  10        3          1          11
  11        1          0        
************************************************************************
REQUESTS/DURATIONS:
jobnr. mode duration  R 1  R 2  R 3  R 4  E(W 1)  E(W 2)  E(W 3)  E(W 4)
------------------------------------------------------------------------
  0      1     0       0    0    0    0     0       0       0       0
  1      1     5       5    7    6    6    25      35      30      30
  2      1     2       9    6    7    5    18      12      14      10
  3      1     1       2    9    5    7     2       9       5       7
  4      1     1       9    5    9    4     9       5       9       4
  5      1     1       9    3    3    5     9       3       3       5
  6      1     6       6    2    8    9    36      12      48      54
  7      1     2       7    8   10    6    14      16      20      12
  8      1     1       9    4    9    2     9       4       9       2
  9      1     2       9    7    7    7    18      14      14      14
 10      1     1       6    5    6    6     6       5       6       6
 11      1     0       0    0    0    0     0       0       0       0
************************************************************************
RESOURCEAVAILABILITIES:
  R 1  R 2  R 3  R 4
   32   22   64   51
************************************************************************
RESOURCE LIMITS:
jobnr.  l(R 1)  u(R 1)  l(R 2)  u(R 2)  l(R 3)  u(R 3)  l(R 4)  u(R 4)
------------------------------------------------------------------------
  0        0       0       0       0       0       0       0       0
  1        3       5       4       7       3       6       3       6
  2        5       9       3       6       4       7       3       5
  3        1       2       5       9       3       5       4       7
  4        5       9       3       5       5       9       2       4
  5        5       9       2       3       2       3       3       5
  6        3       6       1       2       4       8       5       9
  7        4       7       4       8       5      10       3       6
  8        5       9       2       4       5       9       1       2
  9        5       9       4       7       4       7       4       7
 10        3       6       3       5       3       6       3       6
 11        0       0       0       0       0       0       0       0
************************************************************************
SCENARIOS:
------------------------------------------------------------------------
RESOURCE k = 1
s = 1: (0, 16, 18, 2, 8, 11, 51, 17, 12, 32, 7, 0)
s = 2: (0, 27, 17, 3, 6, 9, 33, 9, 13, 31, 5, 0)
s = 3: (0, 19, 20, 2, 14, 8, 60, 16, 12, 25, 8, 0)
s = 4: (0, 26, 25, 2, 8, 8, 47, 14, 11, 23, 7, 0)
s = 5: (0, 35, 15, 2, 10, 6, 29, 17, 15, 17, 6, 0)
s = 6: (0, 16, 13, 2, 10, 9, 29, 13, 14, 15, 6, 0)
s = 7: (0, 17, 12, 3, 9, 6, 29, 12, 9, 21, 5, 0)
s = 8: (0, 33, 22, 3, 8, 9, 43, 19, 9, 12, 5, 0)
s = 9: (0, 28, 26, 2, 13, 13, 44, 17, 10, 10, 7, 0)
s = 10: (0, 28, 15, 2, 7, 8, 35, 18, 6, 25, 6, 0)
s = 11: (0, 25, 28, 2, 9, 12, 22, 11, 8, 17, 9, 0)
s = 12: (0, 18, 12, 3, 9, 7, 37, 9, 7, 12, 7, 0)
s = 13: (0, 25, 16, 3, 11, 14, 40, 18, 12, 18, 6, 0)
s = 14: (0, 17, 17, 3, 8, 8, 39, 17, 12, 16, 6, 0)
s = 15: (0, 41, 21, 3, 8, 13, 41, 14, 7, 27, 9, 0)
s = 16: (0, 37, 24, 3, 10, 6, 32, 15, 7, 20, 7, 0)
s = 17: (0, 30, 21, 3, 16, 9, 54, 17, 10, 24, 7, 0)
s = 18: (0, 28, 14, 2, 10, 8, 32, 14, 6, 25, 7, 0)
s = 19: (0, 16, 13, 2, 14, 7, 28, 14, 10, 10, 11, 0)
s = 20: (0, 25, 19, 2, 7, 11, 29, 19, 9, 11, 6, 0)
s = 21: (0, 23, 18, 2, 14, 10, 54, 23, 16, 24, 4, 0)
s = 22: (0, 34, 23, 2, 6, 9, 46, 14, 7, 16, 6, 0)
s = 23: (0, 33, 17, 3, 8, 8, 24, 16, 14, 15, 7, 0)
s = 24: (0, 28, 19, 3, 11, 9, 35, 11, 11, 23, 7, 0)
s = 25: (0, 21, 14, 2, 13, 8, 28, 10, 7, 15, 6, 0)
s = 26: (0, 21, 16, 3, 8, 7, 23, 14, 10, 21, 4, 0)
s = 27: (0, 40, 13, 2, 11, 14, 40, 10, 10, 26, 5, 0)
s = 28: (0, 38, 21, 3, 10, 8, 27, 13, 9, 20, 6, 0)
s = 29: (0, 35, 20, 3, 9, 8, 41, 21, 7, 22, 6, 0)
s = 30: (0, 31, 19, 2, 8, 7, 35, 20, 7, 19, 6, 0)
s = 31: (0, 31, 17, 2, 7, 15, 49, 12, 8, 11, 6, 0)
s = 32: (0, 29, 17, 2, 6, 11, 27, 20, 14, 22, 10, 0)
s = 33: (0, 24, 13, 3, 16, 8, 46, 17, 10, 16, 5, 0)
s = 34: (0, 21, 14, 2, 8, 9, 53, 12, 7, 13, 8, 0)
s = 35: (0, 18, 11, 2, 15, 11, 53, 12, 7, 12, 7, 0)
s = 36: (0, 31, 22, 3, 8, 7, 40, 9, 7, 17, 6, 0)
s = 37: (0, 22, 13, 2, 10, 7, 33, 20, 8, 22, 9, 0)
s = 38: (0, 21, 24, 2, 10, 8, 31, 14, 9, 15, 8, 0)
s = 39: (0, 28, 17, 3, 10, 13, 24, 14, 9, 18, 7, 0)
s = 40: (0, 24, 19, 2, 6, 11, 37, 13, 8, 21, 6, 0)
s = 41: (0, 18, 13, 3, 7, 7, 29, 20, 6, 13, 7, 0)
s = 42: (0, 21, 20, 3, 9, 11, 28, 10, 11, 19, 8, 0)
s = 43: (0, 18, 17, 2, 7, 7, 26, 17, 12, 15, 8, 0)
s = 44: (0, 29, 15, 2, 9, 12, 22, 9, 6, 15, 7, 0)
s = 45: (0, 22, 29, 2, 9, 11, 51, 14, 11, 12, 7, 0)
s = 46: (0, 26, 16, 2, 11, 12, 49, 12, 9, 15, 5, 0)
s = 47: (0, 14, 20, 2, 10, 12, 35, 15, 8, 21, 5, 0)
s = 48: (0, 21, 22, 3, 12, 7, 36, 16, 9, 21, 9, 0)
s = 49: (0, 31, 13, 2, 8, 9, 40, 14, 6, 24, 7, 0)
s = 50: (0, 22, 30, 2, 9, 10, 58, 11, 13, 13, 6, 0)
s = 51: (0, 18, 24, 4, 9, 13, 23, 19, 10, 11, 5, 0)
s = 52: (0, 49, 14, 2, 10, 9, 28, 13, 13, 26, 4, 0)
s = 53: (0, 18, 14, 3, 9, 7, 33, 10, 16, 10, 6, 0)
s = 54: (0, 32, 34, 2, 11, 14, 21, 21, 11, 17, 4, 0)
s = 55: (0, 14, 23, 2, 6, 6, 30, 14, 6, 20, 9, 0)
s = 56: (0, 35, 23, 3, 7, 6, 36, 21, 12, 13, 5, 0)
s = 57: (0, 23, 20, 3, 8, 8, 26, 21, 6, 15, 9, 0)
s = 58: (0, 20, 15, 2, 8, 8, 33, 11, 10, 20, 5, 0)
s = 59: (0, 16, 19, 4, 7, 8, 31, 8, 6, 19, 7, 0)
s = 60: (0, 23, 18, 2, 6, 8, 49, 14, 12, 11, 6, 0)
s = 61: (0, 30, 23, 2, 9, 10, 47, 18, 8, 23, 7, 0)
s = 62: (0, 17, 21, 2, 8, 9, 45, 14, 9, 16, 6, 0)
s = 63: (0, 24, 20, 4, 6, 6, 22, 13, 11, 13, 6, 0)
s = 64: (0, 39, 16, 2, 14, 8, 43, 15, 14, 15, 8, 0)
s = 65: (0, 27, 25, 2, 12, 6, 26, 17, 9, 17, 6, 0)
s = 66: (0, 22, 19, 2, 8, 6, 40, 18, 10, 18, 9, 0)
s = 67: (0, 23, 11, 2, 8, 8, 24, 19, 13, 17, 7, 0)
s = 68: (0, 33, 19, 3, 6, 6, 27, 9, 6, 19, 6, 0)
s = 69: (0, 31, 17, 3, 16, 12, 25, 20, 8, 15, 6, 0)
s = 70: (0, 27, 12, 2, 8, 11, 37, 14, 5, 20, 4, 0)
s = 71: (0, 31, 20, 3, 7, 10, 32, 20, 6, 11, 5, 0)
s = 72: (0, 20, 26, 2, 8, 12, 32, 17, 10, 15, 4, 0)
s = 73: (0, 16, 25, 2, 10, 12, 38, 8, 9, 19, 6, 0)
s = 74: (0, 15, 11, 2, 7, 10, 29, 18, 7, 18, 12, 0)
s = 75: (0, 24, 25, 3, 14, 7, 37, 13, 12, 20, 4, 0)
s = 76: (0, 31, 14, 3, 6, 9, 27, 13, 11, 14, 5, 0)
s = 77: (0, 42, 18, 2, 11, 12, 40, 10, 11, 16, 6, 0)
s = 78: (0, 28, 11, 2, 11, 11, 22, 9, 8, 29, 8, 0)
s = 79: (0, 36, 14, 2, 8, 9, 36, 15, 7, 20, 7, 0)
s = 80: (0, 22, 31, 2, 7, 11, 37, 18, 8, 25, 4, 0)
s = 81: (0, 25, 24, 3, 9, 10, 49, 11, 7, 22, 7, 0)
s = 82: (0, 23, 13, 2, 12, 8, 43, 20, 9, 15, 4, 0)
s = 83: (0, 21, 15, 2, 16, 7, 63, 8, 10, 18, 4, 0)
s = 84: (0, 41, 26, 4, 10, 8, 27, 10, 10, 25, 5, 0)
s = 85: (0, 20, 17, 2, 11, 13, 22, 16, 10, 19, 9, 0)
s = 86: (0, 18, 22, 2, 13, 9, 23, 21, 7, 19, 5, 0)
s = 87: (0, 30, 21, 2, 7, 8, 48, 18, 9, 11, 7, 0)
s = 88: (0, 16, 11, 3, 8, 9, 47, 19, 13, 18, 7, 0)
s = 89: (0, 20, 23, 2, 9, 10, 28, 11, 16, 19, 6, 0)
s = 90: (0, 20, 21, 2, 15, 14, 46, 9, 8, 28, 7, 0)
s = 91: (0, 17, 12, 2, 9, 6, 51, 8, 14, 14, 7, 0)
s = 92: (0, 31, 14, 2, 8, 6, 23, 14, 9, 22, 9, 0)
s = 93: (0, 33, 18, 2, 11, 6, 56, 16, 8, 29, 7, 0)
s = 94: (0, 18, 14, 3, 12, 11, 34, 11, 8, 23, 6, 0)
s = 95: (0, 18, 12, 3, 6, 11, 29, 12, 10, 18, 6, 0)
s = 96: (0, 18, 11, 2, 9, 7, 32, 11, 9, 14, 5, 0)
s = 97: (0, 18, 16, 3, 9, 8, 39, 20, 6, 30, 5, 0)
s = 98: (0, 15, 19, 2, 6, 7, 32, 10, 6, 19, 9, 0)
s = 99: (0, 28, 17, 3, 8, 11, 29, 11, 12, 16, 5, 0)
s = 100: (0, 46, 13, 2, 8, 10, 44, 17, 6, 23, 7, 0)
s = 101: (0, 32, 14, 3, 7, 7, 24, 8, 12, 18, 4, 0)
s = 102: (0, 24, 13, 2, 11, 15, 29, 22, 17, 13, 8, 0)
s = 103: (0, 16, 21, 3, 11, 9, 27, 17, 7, 30, 6, 0)
s = 104: (0, 28, 19, 3, 12, 6, 29, 13, 16, 12, 6, 0)
s = 105: (0, 18, 15, 3, 7, 7, 26, 12, 14, 20, 8, 0)
s = 106: (0, 28, 13, 2, 11, 8, 25, 20, 6, 15, 6, 0)
s = 107: (0, 21, 22, 2, 6, 18, 40, 22, 16, 18, 7, 0)
s = 108: (0, 25, 19, 2, 7, 13, 39, 12, 7, 18, 10, 0)
s = 109: (0, 31, 11, 2, 12, 11, 36, 15, 6, 15, 9, 0)
s = 110: (0, 26, 11, 2, 17, 12, 23, 18, 9, 13, 6, 0)
s = 111: (0, 36, 19, 3, 6, 13, 33, 8, 11, 15, 5, 0)
s = 112: (0, 35, 16, 2, 8, 12, 28, 11, 7, 18, 7, 0)
s = 113: (0, 26, 27, 2, 7, 8, 34, 22, 13, 20, 8, 0)
s = 114: (0, 23, 22, 2, 8, 7, 39, 15, 8, 15, 7, 0)
s = 115: (0, 19, 23, 2, 10, 9, 27, 13, 7, 25, 5, 0)
s = 116: (0, 17, 13, 3, 5, 15, 55, 21, 9, 16, 7, 0)
s = 117: (0, 25, 22, 3, 11, 6, 36, 12, 12, 12, 6, 0)
s = 118: (0, 24, 15, 2, 8, 6, 58, 19, 14, 25, 5, 0)
s = 119: (0, 17, 14, 2, 7, 12, 59, 25, 14, 17, 10, 0)
s = 120: (0, 28, 14, 2, 7, 5, 60, 20, 8, 17, 4, 0)
s = 121: (0, 15, 25, 3, 9, 14, 30, 17, 8, 10, 9, 0)
s = 122: (0, 28, 22, 2, 11, 9, 29, 10, 9, 15, 5, 0)
s = 123: (0, 20, 18, 2, 7, 7, 32, 10, 8, 18, 8, 0)
s = 124: (0, 34, 10, 2, 9, 11, 65, 11, 11, 18, 5, 0)
s = 125: (0, 18, 27, 2, 10, 7, 32, 19, 7, 24, 6, 0)
s = 126: (0, 28, 23, 2, 7, 7, 52, 12, 7, 22, 7, 0)
s = 127: (0, 28, 13, 3, 14, 10, 53, 9, 12, 14, 8, 0)
s = 128: (0, 30, 26, 3, 6, 11, 35, 20, 6, 19, 6, 0)
s = 129: (0, 24, 12, 3, 10, 5, 30, 17, 6, 15, 4, 0)
s = 130: (0, 22, 12, 2, 9, 6, 34, 15, 10, 18, 5, 0)
s = 131: (0, 28, 33, 2, 7, 8, 30, 12, 8, 24, 8, 0)
s = 132: (0, 23, 21, 2, 8, 8, 52, 24, 13, 12, 7, 0)
s = 133: (0, 26, 16, 3, 11, 6, 29, 13, 10, 22, 5, 0)
s = 134: (0, 20, 20, 2, 9, 9, 50, 22, 15, 17, 7, 0)
s = 135: (0, 26, 13, 2, 10, 7, 48, 11, 8, 24, 8, 0)
s = 136: (0, 15, 24, 3, 15, 7, 50, 19, 11, 18, 5, 0)
s = 137: (0, 14, 21, 2, 8, 13, 22, 14, 6, 29, 9, 0)
s = 138: (0, 19, 25, 3, 9, 7, 51, 9, 15, 12, 7, 0)
s = 139: (0, 36, 23, 2, 6, 7, 24, 11, 5, 17, 5, 0)
s = 140: (0, 19, 29, 3, 12, 9, 57, 20, 9, 13, 9, 0)
s = 141: (0, 15, 15, 2, 8, 11, 32, 19, 6, 24, 6, 0)
s = 142: (0, 25, 11, 2, 6, 7, 25, 15, 10, 12, 6, 0)
s = 143: (0, 18, 12, 2, 15, 13, 41, 17, 10, 18, 7, 0)
s = 144: (0, 19, 15, 2, 14, 7, 41, 14, 7, 12, 6, 0)
s = 145: (0, 33, 23, 3, 9, 9, 25, 10, 10, 31, 6, 0)
s = 146: (0, 26, 16, 2, 10, 8, 25, 12, 13, 23, 5, 0)
s = 147: (0, 27, 27, 3, 9, 14, 33, 8, 11, 17, 7, 0)
s = 148: (0, 34, 19, 3, 14, 8, 48, 15, 9, 18, 5, 0)
s = 149: (0, 18, 17, 2, 11, 9, 39, 11, 11, 12, 11, 0)
s = 150: (0, 25, 17, 3, 8, 11, 37, 15, 12, 17, 6, 0)
s = 151: (0, 33, 19, 2, 9, 6, 44, 10, 12, 16, 6, 0)
s = 152: (0, 38, 16, 3, 7, 9, 54, 17, 10, 15, 8, 0)
s = 153: (0, 26, 16, 3, 6, 8, 22, 16, 12, 24, 5, 0)
s = 154: (0, 32, 17, 4, 6, 9, 35, 11, 13, 13, 5, 0)
s = 155: (0, 26, 20, 2, 10, 10, 44, 14, 7, 12, 4, 0)
s = 156: (0, 28, 18, 2, 13, 9, 26, 10, 6, 13, 7, 0)
s = 157: (0, 32, 16, 2, 10, 9, 33, 12, 5, 12, 7, 0)
s = 158: (0, 25, 13, 3, 10, 7, 42, 18, 12, 17, 4, 0)
s = 159: (0, 15, 23, 2, 11, 9, 55, 11, 9, 20, 4, 0)
s = 160: (0, 32, 21, 3, 8, 15, 48, 10, 8, 25, 7, 0)
s = 161: (0, 23, 27, 2, 8, 11, 46, 16, 10, 22, 5, 0)
s = 162: (0, 18, 16, 2, 8, 11, 49, 12, 8, 12, 7, 0)
s = 163: (0, 20, 20, 2, 8, 6, 21, 13, 16, 14, 9, 0)
s = 164: (0, 23, 26, 2, 8, 14, 31, 11, 6, 11, 8, 0)
s = 165: (0, 28, 26, 3, 9, 12, 22, 20, 7, 20, 8, 0)
s = 166: (0, 32, 26, 2, 7, 14, 40, 16, 7, 15, 8, 0)
s = 167: (0, 27, 13, 3, 13, 9, 23, 12, 9, 20, 8, 0)
s = 168: (0, 17, 21, 3, 11, 8, 35, 11, 14, 18, 5, 0)
s = 169: (0, 23, 17, 2, 10, 7, 31, 12, 14, 17, 9, 0)
s = 170: (0, 16, 12, 2, 7, 11, 40, 13, 11, 22, 9, 0)
s = 171: (0, 18, 14, 3, 16, 12, 43, 19, 9, 12, 6, 0)
s = 172: (0, 34, 17, 3, 12, 17, 22, 18, 11, 16, 5, 0)
s = 173: (0, 28, 33, 2, 11, 15, 37, 13, 7, 13, 6, 0)
s = 174: (0, 21, 14, 2, 7, 8, 51, 23, 14, 19, 8, 0)
s = 175: (0, 30, 19, 2, 8, 7, 39, 11, 10, 20, 7, 0)
s = 176: (0, 23, 14, 3, 10, 13, 57, 11, 13, 29, 4, 0)
s = 177: (0, 28, 15, 2, 10, 6, 32, 11, 9, 26, 5, 0)
s = 178: (0, 35, 20, 2, 8, 8, 27, 14, 12, 18, 9, 0)
s = 179: (0, 35, 20, 2, 11, 14, 62, 12, 12, 14, 4, 0)
s = 180: (0, 19, 15, 2, 10, 12, 39, 10, 6, 31, 5, 0)
s = 181: (0, 36, 19, 2, 8, 15, 36, 20, 12, 16, 4, 0)
s = 182: (0, 22, 22, 2, 5, 6, 20, 8, 7, 15, 7, 0)
s = 183: (0, 21, 17, 3, 9, 8, 41, 20, 10, 15, 11, 0)
s = 184: (0, 34, 14, 3, 11, 10, 26, 14, 9, 17, 5, 0)
s = 185: (0, 35, 28, 2, 8, 11, 39, 12, 13, 26, 8, 0)
s = 186: (0, 18, 34, 2, 6, 10, 42, 17, 9, 17, 5, 0)
s = 187: (0, 30, 20, 3, 7, 14, 41, 8, 6, 17, 5, 0)
s = 188: (0, 34, 19, 2, 13, 10, 35, 21, 6, 16, 7, 0)
s = 189: (0, 27, 23, 3, 6, 10, 31, 10, 10, 31, 7, 0)
s = 190: (0, 20, 19, 2, 14, 9, 35, 22, 9, 29, 5, 0)
s = 191: (0, 16, 17, 3, 10, 8, 52, 13, 9, 21, 9, 0)
s = 192: (0, 21, 27, 3, 14, 7, 29, 12, 9, 27, 4, 0)
s = 193: (0, 19, 19, 2, 12, 11, 39, 13, 9, 22, 8, 0)
s = 194: (0, 19, 15, 2, 9, 9, 29, 16, 6, 20, 7, 0)
s = 195: (0, 21, 33, 2, 6, 8, 23, 17, 9, 12, 8, 0)
s = 196: (0, 18, 28, 2, 7, 6, 30, 10, 7, 26, 9, 0)
s = 197: (0, 29, 14, 2, 11, 10, 24, 16, 9, 25, 7, 0)
s = 198: (0, 15, 15, 2, 12, 11, 45, 11, 9, 18, 6, 0)
s = 199: (0, 19, 14, 2, 13, 5, 31, 18, 7, 15, 6, 0)
s = 200: (0, 24, 23, 2, 10, 10, 51, 10, 6, 16, 6, 0)
------------------------------------------------------------------------
RESOURCE k = 2
s = 1: (0, 22, 12, 9, 5, 4, 17, 19, 6, 25, 6, 0)
s = 2: (0, 37, 12, 11, 4, 3, 11, 10, 6, 24, 5, 0)
s = 3: (0, 26, 14, 8, 8, 3, 20, 19, 5, 20, 7, 0)
s = 4: (0, 36, 17, 7, 5, 3, 16, 16, 5, 18, 6, 0)
s = 5: (0, 49, 10, 9, 6, 2, 10, 19, 7, 14, 5, 0)
s = 6: (0, 23, 9, 9, 6, 3, 10, 14, 6, 12, 5, 0)
s = 7: (0, 23, 8, 13, 5, 2, 10, 14, 4, 16, 4, 0)
s = 8: (0, 46, 15, 11, 5, 3, 15, 22, 4, 10, 4, 0)
s = 9: (0, 40, 18, 7, 8, 5, 15, 19, 5, 8, 6, 0)
s = 10: (0, 39, 10, 9, 4, 3, 12, 21, 3, 20, 5, 0)
s = 11: (0, 34, 19, 7, 5, 4, 8, 12, 4, 14, 8, 0)
s = 12: (0, 25, 8, 11, 5, 3, 13, 10, 3, 10, 6, 0)
s = 13: (0, 35, 11, 12, 7, 5, 14, 21, 6, 14, 5, 0)
s = 14: (0, 23, 11, 11, 5, 3, 13, 19, 6, 13, 5, 0)
s = 15: (0, 57, 14, 10, 5, 5, 14, 15, 4, 21, 7, 0)
s = 16: (0, 52, 16, 11, 6, 2, 11, 17, 4, 16, 6, 0)
s = 17: (0, 42, 14, 11, 9, 3, 18, 20, 5, 19, 6, 0)
s = 18: (0, 39, 9, 6, 6, 3, 11, 16, 3, 20, 6, 0)
s = 19: (0, 22, 9, 8, 8, 3, 10, 16, 5, 8, 10, 0)
s = 20: (0, 35, 13, 8, 4, 4, 10, 21, 4, 8, 5, 0)
s = 21: (0, 32, 12, 7, 8, 4, 18, 26, 7, 19, 4, 0)
s = 22: (0, 48, 15, 9, 4, 3, 16, 16, 3, 12, 5, 0)
s = 23: (0, 46, 11, 11, 5, 3, 8, 18, 6, 12, 6, 0)
s = 24: (0, 39, 13, 12, 7, 3, 12, 12, 5, 18, 6, 0)
s = 25: (0, 30, 9, 8, 7, 3, 10, 11, 3, 12, 5, 0)
s = 26: (0, 29, 11, 14, 5, 3, 8, 16, 5, 17, 3, 0)
s = 27: (0, 56, 9, 7, 6, 5, 14, 11, 5, 20, 5, 0)
s = 28: (0, 53, 14, 12, 6, 3, 9, 15, 4, 15, 5, 0)
s = 29: (0, 49, 14, 10, 5, 3, 14, 24, 3, 17, 5, 0)
s = 30: (0, 43, 13, 7, 5, 3, 12, 23, 4, 15, 5, 0)
s = 31: (0, 43, 11, 6, 4, 5, 17, 14, 4, 9, 5, 0)
s = 32: (0, 40, 11, 9, 4, 4, 9, 23, 7, 17, 8, 0)
s = 33: (0, 33, 9, 11, 9, 3, 16, 20, 5, 13, 4, 0)
s = 34: (0, 29, 9, 7, 5, 3, 18, 13, 3, 10, 7, 0)
s = 35: (0, 25, 8, 9, 8, 4, 18, 14, 4, 10, 6, 0)
s = 36: (0, 43, 15, 14, 5, 3, 14, 10, 4, 14, 5, 0)
s = 37: (0, 31, 9, 9, 6, 3, 11, 23, 4, 17, 8, 0)
s = 38: (0, 29, 16, 7, 6, 3, 11, 16, 4, 12, 7, 0)
s = 39: (0, 38, 12, 10, 6, 5, 8, 15, 4, 14, 6, 0)
s = 40: (0, 34, 13, 9, 4, 4, 13, 15, 4, 17, 5, 0)
s = 41: (0, 26, 9, 10, 4, 3, 10, 23, 3, 10, 6, 0)
s = 42: (0, 29, 13, 14, 5, 4, 10, 11, 5, 15, 6, 0)
s = 43: (0, 25, 12, 9, 4, 3, 9, 19, 5, 12, 7, 0)
s = 44: (0, 41, 10, 7, 5, 4, 8, 10, 3, 12, 6, 0)
s = 45: (0, 31, 19, 8, 5, 4, 17, 16, 5, 9, 6, 0)
s = 46: (0, 36, 11, 8, 6, 4, 17, 13, 4, 11, 5, 0)
s = 47: (0, 19, 14, 7, 6, 4, 12, 17, 4, 17, 4, 0)
s = 48: (0, 29, 15, 10, 7, 3, 12, 18, 4, 16, 8, 0)
s = 49: (0, 43, 9, 9, 5, 3, 14, 16, 3, 19, 6, 0)
s = 50: (0, 31, 20, 8, 5, 4, 20, 13, 6, 10, 5, 0)
s = 51: (0, 26, 16, 15, 5, 5, 8, 22, 5, 9, 4, 0)
s = 52: (0, 69, 9, 9, 6, 3, 10, 15, 6, 20, 3, 0)
s = 53: (0, 25, 9, 11, 5, 3, 11, 11, 7, 8, 5, 0)
s = 54: (0, 45, 23, 9, 6, 5, 7, 24, 5, 13, 3, 0)
s = 55: (0, 19, 15, 7, 3, 2, 10, 16, 3, 16, 7, 0)
s = 56: (0, 49, 15, 10, 4, 2, 12, 24, 5, 10, 5, 0)
s = 57: (0, 33, 14, 11, 4, 3, 9, 24, 3, 11, 8, 0)
s = 58: (0, 28, 10, 7, 5, 3, 11, 13, 5, 16, 4, 0)
s = 59: (0, 22, 13, 15, 4, 3, 11, 9, 3, 15, 6, 0)
s = 60: (0, 32, 12, 8, 4, 3, 17, 16, 6, 8, 5, 0)
s = 61: (0, 42, 15, 7, 5, 4, 16, 21, 4, 18, 6, 0)
s = 62: (0, 24, 14, 7, 5, 3, 15, 16, 4, 12, 5, 0)
s = 63: (0, 34, 14, 15, 4, 2, 8, 14, 5, 10, 5, 0)
s = 64: (0, 54, 11, 8, 8, 3, 15, 17, 7, 11, 7, 0)
s = 65: (0, 37, 17, 8, 7, 2, 9, 19, 4, 14, 5, 0)
s = 66: (0, 31, 13, 7, 4, 2, 14, 20, 5, 14, 8, 0)
s = 67: (0, 32, 8, 8, 5, 3, 8, 22, 6, 13, 6, 0)
s = 68: (0, 45, 13, 11, 3, 2, 9, 11, 3, 15, 5, 0)
s = 69: (0, 44, 12, 13, 9, 4, 9, 22, 4, 12, 5, 0)
s = 70: (0, 37, 8, 9, 4, 4, 13, 16, 3, 15, 4, 0)
s = 71: (0, 43, 13, 13, 4, 4, 11, 23, 3, 9, 4, 0)
s = 72: (0, 27, 18, 7, 5, 4, 11, 20, 5, 12, 3, 0)
s = 73: (0, 22, 17, 8, 6, 4, 13, 9, 4, 15, 5, 0)
s = 74: (0, 21, 8, 6, 4, 4, 10, 20, 3, 14, 10, 0)
s = 75: (0, 33, 17, 11, 8, 3, 13, 15, 6, 16, 4, 0)
s = 76: (0, 44, 10, 12, 3, 3, 9, 15, 5, 11, 4, 0)
s = 77: (0, 59, 12, 9, 6, 4, 14, 12, 5, 12, 5, 0)
s = 78: (0, 39, 8, 6, 6, 4, 8, 10, 4, 23, 6, 0)
s = 79: (0, 50, 9, 8, 5, 3, 12, 18, 3, 16, 6, 0)
s = 80: (0, 30, 21, 7, 4, 4, 13, 20, 4, 20, 4, 0)
s = 81: (0, 35, 16, 12, 5, 4, 17, 12, 3, 17, 6, 0)
s = 82: (0, 33, 9, 8, 7, 3, 15, 23, 4, 12, 4, 0)
s = 83: (0, 30, 10, 7, 9, 3, 21, 9, 5, 14, 3, 0)
s = 84: (0, 57, 18, 15, 6, 3, 9, 11, 5, 20, 4, 0)
s = 85: (0, 27, 12, 8, 6, 5, 8, 18, 5, 15, 7, 0)
s = 86: (0, 25, 15, 9, 7, 3, 8, 24, 3, 15, 4, 0)
s = 87: (0, 41, 14, 6, 4, 3, 16, 20, 4, 9, 6, 0)
s = 88: (0, 22, 8, 11, 5, 3, 16, 21, 6, 14, 6, 0)
s = 89: (0, 28, 15, 9, 5, 4, 10, 13, 7, 15, 5, 0)
s = 90: (0, 28, 14, 8, 9, 5, 16, 10, 4, 22, 6, 0)
s = 91: (0, 24, 8, 7, 5, 2, 17, 9, 6, 11, 6, 0)
s = 92: (0, 43, 10, 7, 5, 2, 8, 16, 4, 17, 7, 0)
s = 93: (0, 46, 12, 8, 6, 2, 19, 18, 4, 23, 6, 0)
s = 94: (0, 24, 9, 10, 7, 4, 12, 12, 4, 18, 5, 0)
s = 95: (0, 25, 8, 10, 4, 4, 10, 13, 5, 14, 5, 0)
s = 96: (0, 24, 8, 9, 5, 3, 11, 13, 4, 11, 4, 0)
s = 97: (0, 24, 11, 12, 5, 3, 13, 23, 3, 23, 5, 0)
s = 98: (0, 21, 13, 7, 4, 3, 11, 12, 3, 15, 7, 0)
s = 99: (0, 39, 11, 10, 5, 4, 10, 13, 5, 13, 4, 0)
s = 100: (0, 65, 9, 8, 5, 4, 15, 20, 3, 18, 6, 0)
s = 101: (0, 44, 10, 12, 4, 3, 8, 10, 5, 14, 4, 0)
s = 102: (0, 33, 9, 9, 6, 5, 10, 25, 8, 10, 7, 0)
s = 103: (0, 22, 14, 11, 6, 3, 9, 19, 3, 23, 5, 0)
s = 104: (0, 39, 13, 10, 7, 2, 10, 15, 7, 9, 5, 0)
s = 105: (0, 25, 10, 14, 4, 3, 9, 13, 6, 16, 6, 0)
s = 106: (0, 40, 9, 6, 6, 3, 9, 23, 3, 12, 5, 0)
s = 107: (0, 29, 15, 9, 4, 6, 14, 25, 7, 14, 6, 0)
s = 108: (0, 35, 13, 8, 4, 5, 13, 14, 3, 14, 8, 0)
s = 109: (0, 44, 8, 9, 7, 4, 12, 17, 3, 12, 8, 0)
s = 110: (0, 37, 8, 6, 10, 4, 8, 21, 4, 10, 5, 0)
s = 111: (0, 50, 13, 12, 4, 5, 11, 10, 5, 12, 4, 0)
s = 112: (0, 49, 11, 8, 5, 4, 10, 13, 3, 14, 6, 0)
s = 113: (0, 36, 18, 9, 4, 3, 12, 25, 6, 16, 7, 0)
s = 114: (0, 32, 15, 7, 5, 3, 13, 17, 4, 12, 6, 0)
s = 115: (0, 26, 15, 9, 6, 3, 9, 15, 3, 20, 4, 0)
s = 116: (0, 24, 9, 13, 3, 5, 19, 24, 4, 12, 6, 0)
s = 117: (0, 35, 15, 11, 6, 2, 12, 14, 6, 9, 5, 0)
s = 118: (0, 33, 10, 9, 4, 2, 20, 21, 6, 19, 4, 0)
s = 119: (0, 23, 9, 5, 4, 4, 20, 29, 6, 13, 8, 0)
s = 120: (0, 39, 9, 8, 4, 2, 20, 23, 4, 13, 4, 0)
s = 121: (0, 21, 17, 10, 5, 5, 10, 19, 4, 8, 8, 0)
s = 122: (0, 39, 15, 8, 6, 3, 10, 11, 4, 12, 4, 0)
s = 123: (0, 28, 12, 6, 4, 3, 11, 12, 4, 14, 7, 0)
s = 124: (0, 48, 7, 9, 5, 4, 22, 13, 5, 14, 4, 0)
s = 125: (0, 25, 18, 7, 6, 3, 11, 22, 3, 18, 5, 0)
s = 126: (0, 39, 15, 9, 4, 3, 18, 13, 3, 17, 6, 0)
s = 127: (0, 38, 9, 12, 8, 4, 18, 10, 6, 11, 7, 0)
s = 128: (0, 42, 17, 10, 3, 4, 12, 23, 3, 15, 5, 0)
s = 129: (0, 33, 8, 11, 6, 2, 10, 20, 3, 12, 3, 0)
s = 130: (0, 30, 8, 9, 5, 2, 12, 17, 5, 14, 4, 0)
s = 131: (0, 40, 22, 8, 4, 3, 10, 13, 4, 19, 6, 0)
s = 132: (0, 31, 14, 9, 5, 3, 18, 28, 6, 9, 6, 0)
s = 133: (0, 36, 11, 14, 7, 2, 10, 15, 5, 17, 5, 0)
s = 134: (0, 27, 14, 9, 5, 3, 17, 25, 7, 13, 6, 0)
s = 135: (0, 36, 9, 9, 6, 3, 16, 12, 4, 19, 6, 0)
s = 136: (0, 21, 16, 10, 8, 3, 17, 21, 5, 14, 4, 0)
s = 137: (0, 19, 14, 8, 4, 5, 8, 16, 3, 22, 8, 0)
s = 138: (0, 27, 17, 12, 5, 3, 17, 10, 7, 9, 6, 0)
s = 139: (0, 51, 15, 7, 4, 3, 8, 13, 3, 13, 4, 0)
s = 140: (0, 26, 19, 13, 7, 3, 19, 23, 4, 10, 8, 0)
s = 141: (0, 21, 10, 6, 5, 4, 11, 22, 3, 19, 5, 0)
s = 142: (0, 35, 8, 7, 4, 3, 9, 17, 5, 9, 5, 0)
s = 143: (0, 25, 8, 7, 9, 5, 14, 19, 5, 14, 6, 0)
s = 144: (0, 27, 10, 9, 8, 3, 14, 16, 3, 9, 5, 0)
s = 145: (0, 46, 16, 10, 5, 3, 9, 11, 5, 24, 5, 0)
s = 146: (0, 36, 11, 9, 6, 3, 9, 13, 6, 18, 4, 0)
s = 147: (0, 37, 18, 11, 5, 5, 11, 9, 5, 14, 6, 0)
s = 148: (0, 47, 13, 14, 8, 3, 16, 17, 4, 14, 4, 0)
s = 149: (0, 25, 11, 7, 6, 3, 13, 13, 5, 10, 9, 0)
s = 150: (0, 35, 11, 11, 5, 4, 13, 17, 6, 13, 5, 0)
s = 151: (0, 46, 13, 9, 5, 2, 15, 11, 5, 12, 5, 0)
s = 152: (0, 53, 11, 10, 4, 3, 18, 19, 5, 12, 7, 0)
s = 153: (0, 37, 11, 10, 4, 3, 8, 18, 6, 19, 4, 0)
s = 154: (0, 45, 12, 14, 4, 3, 12, 12, 6, 10, 5, 0)
s = 155: (0, 36, 13, 8, 6, 4, 15, 16, 3, 9, 4, 0)
s = 156: (0, 38, 12, 8, 8, 3, 9, 12, 3, 11, 6, 0)
s = 157: (0, 44, 11, 6, 6, 3, 11, 14, 3, 9, 6, 0)
s = 158: (0, 34, 9, 13, 6, 3, 14, 20, 6, 13, 4, 0)
s = 159: (0, 21, 16, 6, 6, 3, 19, 12, 4, 16, 3, 0)
s = 160: (0, 44, 14, 14, 5, 5, 16, 11, 4, 19, 6, 0)
s = 161: (0, 32, 18, 8, 4, 4, 16, 18, 5, 18, 4, 0)
s = 162: (0, 25, 11, 8, 5, 4, 17, 14, 4, 9, 6, 0)
s = 163: (0, 28, 14, 7, 5, 2, 7, 15, 7, 11, 8, 0)
s = 164: (0, 32, 17, 7, 5, 5, 11, 12, 3, 9, 7, 0)
s = 165: (0, 39, 18, 10, 5, 4, 8, 23, 3, 16, 7, 0)
s = 166: (0, 44, 18, 7, 4, 5, 14, 19, 3, 12, 6, 0)
s = 167: (0, 38, 9, 10, 7, 3, 8, 14, 4, 16, 7, 0)
s = 168: (0, 23, 14, 13, 6, 3, 12, 12, 6, 14, 4, 0)
s = 169: (0, 32, 11, 7, 6, 3, 11, 13, 6, 13, 7, 0)
s = 170: (0, 23, 8, 6, 4, 4, 14, 15, 5, 17, 7, 0)
s = 171: (0, 24, 10, 10, 9, 4, 15, 22, 4, 9, 5, 0)
s = 172: (0, 47, 11, 11, 7, 6, 8, 20, 5, 13, 4, 0)
s = 173: (0, 39, 22, 9, 6, 5, 13, 15, 3, 11, 5, 0)
s = 174: (0, 30, 10, 9, 4, 3, 17, 27, 7, 15, 6, 0)
s = 175: (0, 41, 13, 7, 5, 3, 13, 12, 5, 16, 6, 0)
s = 176: (0, 32, 9, 12, 6, 5, 19, 13, 6, 23, 4, 0)
s = 177: (0, 39, 10, 7, 6, 2, 11, 13, 4, 20, 5, 0)
s = 178: (0, 49, 14, 6, 4, 3, 9, 16, 5, 14, 7, 0)
s = 179: (0, 48, 14, 9, 7, 5, 21, 14, 6, 11, 4, 0)
s = 180: (0, 27, 10, 7, 6, 4, 13, 11, 3, 24, 4, 0)
s = 181: (0, 50, 13, 8, 5, 5, 12, 23, 6, 13, 3, 0)
s = 182: (0, 31, 15, 6, 3, 2, 7, 9, 4, 12, 6, 0)
s = 183: (0, 29, 11, 10, 5, 3, 14, 23, 5, 11, 9, 0)
s = 184: (0, 47, 10, 10, 6, 4, 9, 16, 4, 13, 5, 0)
s = 185: (0, 49, 19, 9, 5, 4, 13, 13, 6, 20, 6, 0)
s = 186: (0, 25, 23, 9, 4, 4, 14, 19, 4, 13, 4, 0)
s = 187: (0, 41, 14, 12, 4, 5, 14, 9, 3, 13, 5, 0)
s = 188: (0, 47, 13, 9, 8, 4, 12, 24, 3, 13, 6, 0)
s = 189: (0, 38, 16, 11, 4, 4, 11, 12, 5, 24, 6, 0)
s = 190: (0, 28, 13, 8, 8, 3, 12, 25, 4, 22, 4, 0)
s = 191: (0, 22, 12, 13, 6, 3, 18, 14, 4, 16, 7, 0)
s = 192: (0, 30, 18, 11, 8, 3, 10, 13, 4, 21, 4, 0)
s = 193: (0, 26, 13, 8, 7, 4, 13, 14, 4, 17, 6, 0)
s = 194: (0, 26, 10, 8, 5, 3, 10, 18, 3, 16, 6, 0)
s = 195: (0, 29, 22, 7, 3, 3, 8, 19, 4, 10, 7, 0)
s = 196: (0, 25, 19, 7, 4, 2, 10, 12, 3, 20, 7, 0)
s = 197: (0, 40, 9, 8, 7, 4, 8, 18, 4, 19, 6, 0)
s = 198: (0, 21, 10, 9, 7, 4, 15, 13, 4, 14, 5, 0)
s = 199: (0, 26, 9, 6, 8, 2, 11, 20, 3, 12, 5, 0)
s = 200: (0, 33, 16, 6, 6, 4, 17, 11, 3, 12, 5, 0)
------------------------------------------------------------------------
RESOURCE k = 3
s = 1: (0, 19, 14, 5, 8, 4, 67, 24, 12, 25, 7, 0)
s = 2: (0, 32, 13, 6, 6, 3, 44, 12, 13, 24, 5, 0)
s = 3: (0, 22, 16, 5, 14, 3, 80, 23, 12, 20, 8, 0)
s = 4: (0, 31, 20, 4, 8, 3, 62, 20, 11, 18, 7, 0)
s = 5: (0, 42, 12, 5, 10, 2, 39, 24, 15, 14, 6, 0)
s = 6: (0, 20, 10, 5, 10, 3, 39, 18, 14, 12, 6, 0)
s = 7: (0, 20, 9, 7, 9, 2, 38, 17, 9, 16, 5, 0)
s = 8: (0, 40, 17, 6, 8, 3, 57, 27, 9, 10, 5, 0)
s = 9: (0, 34, 21, 4, 13, 5, 58, 24, 10, 8, 7, 0)
s = 10: (0, 33, 11, 5, 7, 3, 47, 26, 6, 20, 6, 0)
s = 11: (0, 29, 22, 4, 9, 4, 29, 15, 8, 14, 9, 0)
s = 12: (0, 22, 10, 6, 9, 3, 49, 12, 7, 10, 7, 0)
s = 13: (0, 30, 13, 7, 11, 5, 53, 26, 12, 14, 6, 0)
s = 14: (0, 20, 13, 6, 8, 3, 52, 24, 12, 13, 6, 0)
s = 15: (0, 49, 17, 6, 8, 5, 55, 19, 7, 21, 9, 0)
s = 16: (0, 45, 19, 6, 10, 2, 43, 21, 7, 16, 7, 0)
s = 17: (0, 36, 16, 6, 16, 3, 72, 25, 10, 19, 7, 0)
s = 18: (0, 34, 11, 4, 10, 3, 43, 20, 6, 20, 7, 0)
s = 19: (0, 19, 10, 5, 14, 3, 38, 20, 10, 8, 11, 0)
s = 20: (0, 30, 15, 5, 7, 4, 39, 26, 9, 8, 6, 0)
s = 21: (0, 28, 14, 4, 14, 4, 72, 32, 16, 19, 4, 0)
s = 22: (0, 41, 18, 5, 6, 3, 62, 20, 7, 12, 6, 0)
s = 23: (0, 39, 13, 6, 8, 3, 31, 22, 14, 12, 7, 0)
s = 24: (0, 34, 15, 7, 11, 3, 46, 15, 11, 18, 7, 0)
s = 25: (0, 25, 11, 5, 13, 3, 38, 14, 7, 12, 6, 0)
s = 26: (0, 25, 13, 8, 8, 3, 30, 19, 10, 17, 4, 0)
s = 27: (0, 48, 11, 4, 11, 5, 53, 14, 10, 20, 5, 0)
s = 28: (0, 46, 16, 7, 10, 3, 36, 19, 9, 15, 6, 0)
s = 29: (0, 42, 16, 6, 9, 3, 55, 29, 7, 17, 6, 0)
s = 30: (0, 37, 15, 4, 8, 3, 46, 29, 7, 15, 6, 0)
s = 31: (0, 37, 13, 4, 7, 5, 65, 17, 8, 9, 6, 0)
s = 32: (0, 35, 13, 5, 6, 4, 36, 29, 14, 17, 10, 0)
s = 33: (0, 29, 10, 6, 16, 3, 62, 25, 10, 13, 5, 0)
s = 34: (0, 25, 11, 4, 8, 3, 70, 17, 7, 10, 8, 0)
s = 35: (0, 22, 9, 5, 15, 4, 71, 17, 7, 10, 7, 0)
s = 36: (0, 37, 17, 8, 8, 3, 53, 13, 7, 14, 6, 0)
s = 37: (0, 27, 10, 5, 10, 3, 43, 29, 8, 17, 9, 0)
s = 38: (0, 25, 19, 4, 10, 3, 41, 20, 9, 12, 8, 0)
s = 39: (0, 33, 14, 6, 10, 5, 32, 19, 9, 14, 7, 0)
s = 40: (0, 29, 15, 5, 6, 4, 50, 19, 8, 17, 6, 0)
s = 41: (0, 22, 10, 6, 7, 3, 38, 28, 6, 10, 7, 0)
s = 42: (0, 25, 15, 8, 9, 4, 37, 13, 11, 15, 8, 0)
s = 43: (0, 22, 13, 5, 7, 3, 34, 23, 12, 12, 8, 0)
s = 44: (0, 35, 12, 4, 9, 4, 29, 12, 6, 12, 7, 0)
s = 45: (0, 26, 22, 5, 9, 4, 68, 20, 11, 9, 7, 0)
s = 46: (0, 31, 13, 4, 11, 4, 65, 16, 9, 11, 5, 0)
s = 47: (0, 16, 16, 4, 10, 4, 47, 22, 8, 17, 5, 0)
s = 48: (0, 25, 17, 6, 12, 3, 48, 23, 9, 16, 9, 0)
s = 49: (0, 37, 11, 5, 8, 3, 54, 19, 6, 19, 7, 0)
s = 50: (0, 27, 24, 5, 9, 4, 78, 16, 13, 10, 6, 0)
s = 51: (0, 22, 19, 9, 9, 5, 31, 27, 10, 9, 5, 0)
s = 52: (0, 59, 11, 5, 10, 3, 38, 19, 13, 20, 4, 0)
s = 53: (0, 21, 11, 6, 9, 3, 44, 13, 16, 8, 6, 0)
s = 54: (0, 38, 27, 5, 11, 5, 28, 29, 11, 13, 4, 0)
s = 55: (0, 17, 18, 4, 6, 2, 40, 19, 6, 16, 9, 0)
s = 56: (0, 42, 18, 6, 7, 2, 48, 30, 12, 10, 5, 0)
s = 57: (0, 28, 16, 6, 8, 3, 34, 29, 6, 11, 9, 0)
s = 58: (0, 24, 12, 4, 8, 3, 44, 16, 10, 16, 5, 0)
s = 59: (0, 19, 15, 8, 7, 3, 41, 11, 6, 15, 7, 0)
s = 60: (0, 28, 14, 5, 6, 3, 65, 20, 12, 8, 6, 0)
s = 61: (0, 36, 18, 4, 9, 4, 62, 26, 8, 18, 7, 0)
s = 62: (0, 21, 16, 4, 8, 3, 60, 20, 9, 12, 6, 0)
s = 63: (0, 29, 16, 9, 6, 2, 30, 18, 11, 10, 6, 0)
s = 64: (0, 47, 12, 5, 14, 3, 57, 21, 14, 11, 8, 0)
s = 65: (0, 32, 20, 5, 12, 2, 35, 24, 9, 14, 6, 0)
s = 66: (0, 27, 15, 4, 8, 2, 53, 25, 10, 14, 9, 0)
s = 67: (0, 28, 9, 4, 8, 3, 32, 28, 13, 13, 7, 0)
s = 68: (0, 39, 15, 6, 6, 2, 36, 13, 6, 15, 6, 0)
s = 69: (0, 38, 14, 8, 16, 4, 33, 28, 8, 12, 6, 0)
s = 70: (0, 32, 9, 5, 8, 4, 50, 20, 5, 15, 4, 0)
s = 71: (0, 37, 15, 8, 7, 4, 42, 29, 6, 9, 5, 0)
s = 72: (0, 24, 20, 4, 8, 4, 43, 25, 10, 12, 4, 0)
s = 73: (0, 19, 19, 5, 10, 4, 51, 11, 9, 15, 6, 0)
s = 74: (0, 18, 9, 4, 7, 4, 39, 25, 7, 14, 12, 0)
s = 75: (0, 29, 20, 6, 14, 3, 49, 19, 12, 16, 4, 0)
s = 76: (0, 38, 11, 7, 6, 3, 36, 19, 11, 11, 5, 0)
s = 77: (0, 51, 14, 5, 11, 4, 53, 15, 11, 12, 6, 0)
s = 78: (0, 33, 9, 3, 11, 4, 29, 12, 8, 23, 8, 0)
s = 79: (0, 43, 11, 5, 8, 3, 47, 22, 7, 16, 7, 0)
s = 80: (0, 26, 24, 4, 7, 4, 50, 25, 8, 20, 4, 0)
s = 81: (0, 30, 19, 7, 9, 4, 66, 15, 7, 17, 7, 0)
s = 82: (0, 28, 10, 5, 12, 3, 57, 29, 9, 12, 4, 0)
s = 83: (0, 25, 12, 4, 16, 3, 84, 12, 10, 14, 4, 0)
s = 84: (0, 49, 20, 8, 10, 3, 36, 14, 10, 20, 5, 0)
s = 85: (0, 24, 14, 5, 11, 5, 29, 22, 10, 15, 9, 0)
s = 86: (0, 21, 17, 5, 13, 3, 31, 30, 7, 15, 5, 0)
s = 87: (0, 36, 16, 3, 7, 3, 64, 25, 9, 9, 7, 0)
s = 88: (0, 19, 9, 7, 8, 3, 63, 27, 13, 14, 7, 0)
s = 89: (0, 24, 18, 5, 9, 4, 37, 16, 16, 15, 6, 0)
s = 90: (0, 24, 16, 5, 15, 5, 61, 12, 8, 22, 7, 0)
s = 91: (0, 20, 9, 4, 9, 2, 68, 11, 14, 11, 7, 0)
s = 92: (0, 37, 11, 4, 8, 2, 30, 20, 9, 17, 9, 0)
s = 93: (0, 40, 14, 4, 11, 2, 75, 22, 8, 23, 7, 0)
s = 94: (0, 21, 11, 6, 12, 4, 46, 15, 8, 18, 6, 0)
s = 95: (0, 21, 9, 6, 6, 4, 39, 17, 10, 14, 6, 0)
s = 96: (0, 21, 9, 5, 9, 3, 42, 16, 9, 11, 5, 0)
s = 97: (0, 21, 12, 7, 9, 3, 52, 29, 6, 23, 5, 0)
s = 98: (0, 18, 15, 4, 6, 3, 42, 14, 6, 15, 9, 0)
s = 99: (0, 33, 13, 6, 8, 4, 38, 16, 12, 13, 5, 0)
s = 100: (0, 56, 10, 5, 8, 4, 59, 25, 6, 18, 7, 0)
s = 101: (0, 38, 11, 7, 7, 3, 32, 12, 12, 14, 4, 0)
s = 102: (0, 29, 10, 5, 11, 5, 38, 31, 17, 10, 8, 0)
s = 103: (0, 19, 16, 7, 11, 3, 36, 24, 7, 23, 6, 0)
s = 104: (0, 34, 15, 6, 12, 2, 38, 19, 16, 9, 6, 0)
s = 105: (0, 22, 12, 8, 7, 3, 35, 17, 14, 16, 8, 0)
s = 106: (0, 34, 10, 4, 11, 3, 33, 29, 6, 12, 6, 0)
s = 107: (0, 25, 17, 5, 6, 6, 53, 31, 16, 14, 7, 0)
s = 108: (0, 30, 15, 5, 7, 5, 52, 17, 7, 14, 10, 0)
s = 109: (0, 38, 9, 5, 12, 4, 48, 21, 6, 12, 9, 0)
s = 110: (0, 32, 9, 3, 17, 4, 30, 26, 9, 10, 6, 0)
s = 111: (0, 43, 15, 7, 6, 5, 44, 12, 11, 12, 5, 0)
s = 112: (0, 42, 12, 5, 8, 4, 37, 16, 7, 14, 7, 0)
s = 113: (0, 31, 21, 5, 7, 3, 45, 31, 13, 16, 8, 0)
s = 114: (0, 28, 17, 4, 8, 3, 52, 21, 8, 12, 7, 0)
s = 115: (0, 22, 18, 5, 10, 3, 35, 18, 7, 20, 5, 0)
s = 116: (0, 21, 10, 7, 5, 5, 74, 30, 9, 12, 7, 0)
s = 117: (0, 30, 17, 7, 11, 2, 48, 17, 12, 9, 6, 0)
s = 118: (0, 29, 11, 5, 8, 2, 77, 26, 14, 19, 5, 0)
s = 119: (0, 20, 11, 3, 7, 4, 79, 36, 14, 13, 10, 0)
s = 120: (0, 34, 11, 4, 7, 2, 80, 28, 8, 13, 4, 0)
s = 121: (0, 18, 19, 6, 9, 5, 40, 24, 8, 8, 9, 0)
s = 122: (0, 33, 17, 5, 11, 3, 38, 14, 9, 12, 5, 0)
s = 123: (0, 24, 14, 3, 7, 3, 43, 14, 8, 14, 8, 0)
s = 124: (0, 41, 8, 5, 9, 4, 87, 16, 11, 14, 5, 0)
s = 125: (0, 21, 21, 4, 10, 3, 43, 27, 7, 18, 6, 0)
s = 126: (0, 33, 18, 5, 7, 3, 69, 17, 7, 17, 7, 0)
s = 127: (0, 33, 11, 7, 14, 4, 70, 13, 12, 11, 8, 0)
s = 128: (0, 36, 20, 6, 6, 4, 46, 29, 6, 15, 6, 0)
s = 129: (0, 29, 9, 6, 10, 2, 39, 25, 6, 12, 4, 0)
s = 130: (0, 26, 9, 5, 9, 2, 45, 21, 10, 14, 5, 0)
s = 131: (0, 34, 26, 5, 7, 3, 40, 16, 8, 19, 8, 0)
s = 132: (0, 27, 16, 5, 8, 3, 69, 35, 13, 9, 7, 0)
s = 133: (0, 31, 13, 8, 11, 2, 39, 18, 10, 17, 5, 0)
s = 134: (0, 23, 16, 5, 9, 3, 66, 31, 15, 13, 7, 0)
s = 135: (0, 31, 11, 5, 10, 3, 63, 15, 8, 19, 8, 0)
s = 136: (0, 18, 18, 6, 15, 3, 66, 26, 11, 14, 5, 0)
s = 137: (0, 17, 17, 5, 8, 5, 29, 19, 6, 22, 9, 0)
s = 138: (0, 23, 20, 7, 9, 3, 67, 13, 15, 9, 7, 0)
s = 139: (0, 44, 18, 4, 6, 3, 32, 16, 5, 13, 5, 0)
s = 140: (0, 23, 23, 7, 12, 3, 75, 29, 9, 10, 9, 0)
s = 141: (0, 18, 12, 3, 8, 4, 43, 28, 6, 19, 6, 0)
s = 142: (0, 30, 9, 4, 6, 3, 33, 21, 10, 9, 6, 0)
s = 143: (0, 21, 9, 4, 15, 5, 54, 23, 10, 14, 7, 0)
s = 144: (0, 23, 11, 5, 14, 3, 54, 20, 7, 9, 6, 0)
s = 145: (0, 40, 18, 6, 9, 3, 33, 14, 10, 24, 6, 0)
s = 146: (0, 31, 12, 5, 10, 3, 33, 17, 13, 18, 5, 0)
s = 147: (0, 32, 21, 6, 9, 5, 44, 11, 11, 14, 7, 0)
s = 148: (0, 40, 15, 8, 14, 3, 63, 21, 9, 14, 5, 0)
s = 149: (0, 22, 13, 4, 11, 3, 51, 16, 11, 10, 11, 0)
s = 150: (0, 30, 13, 6, 8, 4, 49, 22, 12, 13, 6, 0)
s = 151: (0, 39, 15, 5, 9, 2, 59, 14, 12, 12, 6, 0)
s = 152: (0, 46, 13, 6, 7, 3, 72, 24, 10, 12, 8, 0)
s = 153: (0, 31, 12, 6, 6, 3, 29, 23, 12, 19, 5, 0)
s = 154: (0, 39, 14, 8, 6, 3, 47, 15, 13, 10, 5, 0)
s = 155: (0, 31, 16, 4, 10, 4, 58, 20, 7, 9, 4, 0)
s = 156: (0, 33, 14, 5, 13, 3, 35, 15, 6, 11, 7, 0)
s = 157: (0, 38, 13, 3, 10, 3, 44, 17, 5, 9, 7, 0)
s = 158: (0, 30, 10, 7, 10, 3, 56, 25, 12, 13, 4, 0)
s = 159: (0, 18, 18, 4, 11, 3, 74, 15, 9, 16, 4, 0)
s = 160: (0, 38, 16, 8, 8, 5, 64, 14, 8, 19, 7, 0)
s = 161: (0, 28, 21, 5, 8, 4, 62, 23, 10, 18, 5, 0)
s = 162: (0, 21, 12, 5, 8, 4, 66, 17, 8, 9, 7, 0)
s = 163: (0, 24, 16, 4, 8, 2, 28, 18, 16, 11, 9, 0)
s = 164: (0, 27, 20, 4, 8, 5, 42, 15, 6, 9, 8, 0)
s = 165: (0, 34, 21, 6, 9, 4, 29, 28, 7, 16, 8, 0)
s = 166: (0, 38, 20, 4, 7, 5, 54, 23, 7, 12, 8, 0)
s = 167: (0, 33, 10, 6, 13, 3, 30, 17, 9, 16, 8, 0)
s = 168: (0, 20, 16, 7, 11, 3, 46, 15, 14, 14, 5, 0)
s = 169: (0, 27, 13, 4, 10, 3, 42, 17, 14, 13, 9, 0)
s = 170: (0, 20, 9, 3, 7, 4, 53, 18, 11, 17, 9, 0)
s = 171: (0, 21, 11, 6, 16, 4, 57, 27, 9, 9, 6, 0)
s = 172: (0, 40, 13, 6, 12, 6, 29, 25, 11, 13, 5, 0)
s = 173: (0, 34, 26, 5, 11, 5, 50, 18, 7, 11, 6, 0)
s = 174: (0, 25, 11, 5, 7, 3, 68, 33, 14, 15, 8, 0)
s = 175: (0, 35, 15, 4, 8, 3, 52, 15, 10, 16, 7, 0)
s = 176: (0, 28, 11, 7, 10, 5, 76, 16, 13, 23, 4, 0)
s = 177: (0, 33, 12, 4, 10, 2, 42, 16, 9, 20, 5, 0)
s = 178: (0, 42, 16, 3, 8, 3, 36, 20, 12, 14, 9, 0)
s = 179: (0, 42, 16, 5, 11, 5, 83, 17, 12, 11, 4, 0)
s = 180: (0, 23, 12, 4, 10, 4, 52, 14, 6, 24, 5, 0)
s = 181: (0, 43, 15, 4, 8, 5, 47, 28, 12, 13, 4, 0)
s = 182: (0, 27, 17, 3, 5, 2, 27, 11, 7, 12, 7, 0)
s = 183: (0, 25, 13, 6, 9, 3, 54, 28, 10, 11, 11, 0)
s = 184: (0, 41, 11, 6, 11, 4, 35, 20, 9, 13, 5, 0)
s = 185: (0, 42, 22, 5, 8, 4, 52, 16, 13, 20, 8, 0)
s = 186: (0, 22, 26, 5, 6, 4, 56, 24, 9, 13, 5, 0)
s = 187: (0, 35, 16, 7, 7, 5, 55, 11, 6, 13, 5, 0)
s = 188: (0, 41, 15, 5, 13, 4, 47, 30, 6, 13, 7, 0)
s = 189: (0, 33, 18, 6, 6, 4, 42, 15, 10, 24, 7, 0)
s = 190: (0, 24, 15, 5, 14, 3, 47, 31, 9, 22, 5, 0)
s = 191: (0, 19, 13, 7, 10, 3, 70, 18, 9, 16, 9, 0)
s = 192: (0, 25, 21, 6, 14, 3, 39, 16, 9, 21, 4, 0)
s = 193: (0, 23, 15, 5, 12, 4, 52, 18, 9, 17, 8, 0)
s = 194: (0, 22, 12, 5, 9, 3, 38, 23, 6, 16, 7, 0)
s = 195: (0, 25, 26, 4, 6, 3, 31, 24, 9, 10, 8, 0)
s = 196: (0, 21, 22, 4, 7, 2, 40, 14, 7, 20, 9, 0)
s = 197: (0, 35, 11, 5, 11, 4, 31, 22, 9, 19, 7, 0)
s = 198: (0, 18, 12, 5, 12, 4, 60, 16, 9, 14, 6, 0)
s = 199: (0, 22, 11, 3, 13, 2, 42, 25, 7, 12, 6, 0)
s = 200: (0, 28, 18, 3, 10, 4, 68, 14, 6, 12, 6, 0)
------------------------------------------------------------------------
RESOURCE k = 4
s = 1: (0, 19, 10, 7, 4, 6, 76, 15, 3, 25, 7, 0)
s = 2: (0, 32, 10, 9, 3, 5, 49, 7, 3, 24, 5, 0)
s = 3: (0, 22, 11, 7, 6, 5, 90, 14, 3, 20, 8, 0)
s = 4: (0, 31, 14, 5, 4, 4, 70, 12, 3, 18, 7, 0)
s = 5: (0, 42, 9, 7, 5, 3, 43, 14, 4, 14, 6, 0)
s = 6: (0, 20, 7, 7, 5, 5, 43, 11, 3, 12, 6, 0)
s = 7: (0, 20, 7, 10, 4, 4, 43, 11, 2, 16, 5, 0)
s = 8: (0, 40, 12, 9, 4, 5, 64, 16, 2, 10, 5, 0)
s = 9: (0, 34, 15, 6, 6, 8, 65, 15, 3, 8, 7, 0)
s = 10: (0, 33, 8, 7, 3, 4, 53, 16, 2, 20, 6, 0)
s = 11: (0, 29, 16, 5, 4, 7, 32, 9, 2, 14, 9, 0)
s = 12: (0, 22, 7, 9, 4, 4, 55, 8, 2, 10, 7, 0)
s = 13: (0, 30, 9, 10, 5, 8, 60, 16, 3, 14, 6, 0)
s = 14: (0, 20, 9, 9, 4, 5, 58, 14, 3, 13, 6, 0)
s = 15: (0, 49, 12, 8, 4, 7, 62, 12, 2, 21, 9, 0)
s = 16: (0, 45, 13, 9, 5, 4, 48, 13, 2, 16, 7, 0)
s = 17: (0, 36, 12, 8, 7, 5, 81, 15, 3, 19, 7, 0)
s = 18: (0, 34, 8, 5, 5, 5, 48, 12, 2, 20, 7, 0)
s = 19: (0, 19, 7, 6, 7, 4, 42, 12, 3, 8, 11, 0)
s = 20: (0, 30, 11, 7, 3, 6, 44, 16, 2, 8, 6, 0)
s = 21: (0, 28, 10, 6, 6, 6, 81, 20, 4, 19, 4, 0)
s = 22: (0, 41, 13, 7, 3, 5, 69, 12, 2, 12, 6, 0)
s = 23: (0, 39, 9, 8, 4, 5, 35, 14, 3, 12, 7, 0)
s = 24: (0, 34, 11, 9, 5, 5, 52, 9, 3, 18, 7, 0)
s = 25: (0, 25, 8, 6, 6, 4, 42, 8, 2, 12, 6, 0)
s = 26: (0, 25, 9, 11, 4, 4, 34, 12, 3, 17, 4, 0)
s = 27: (0, 48, 8, 6, 5, 8, 59, 9, 3, 20, 5, 0)
s = 28: (0, 46, 12, 10, 5, 5, 40, 11, 2, 15, 6, 0)
s = 29: (0, 42, 12, 8, 4, 4, 62, 18, 2, 17, 6, 0)
s = 30: (0, 37, 11, 6, 4, 4, 52, 17, 2, 15, 6, 0)
s = 31: (0, 37, 9, 5, 3, 9, 73, 10, 2, 9, 6, 0)
s = 32: (0, 35, 9, 7, 3, 6, 41, 17, 4, 17, 10, 0)
s = 33: (0, 29, 7, 8, 7, 5, 69, 15, 3, 13, 5, 0)
s = 34: (0, 25, 8, 5, 4, 5, 79, 10, 2, 10, 8, 0)
s = 35: (0, 22, 6, 7, 7, 6, 79, 11, 2, 10, 7, 0)
s = 36: (0, 37, 12, 11, 4, 4, 59, 8, 2, 14, 6, 0)
s = 37: (0, 27, 8, 7, 5, 4, 49, 17, 2, 17, 9, 0)
s = 38: (0, 25, 14, 5, 5, 5, 46, 12, 2, 12, 8, 0)
s = 39: (0, 33, 10, 8, 5, 8, 36, 12, 2, 14, 7, 0)
s = 40: (0, 29, 11, 7, 3, 7, 56, 11, 2, 17, 6, 0)
s = 41: (0, 22, 7, 8, 4, 4, 43, 17, 2, 10, 7, 0)
s = 42: (0, 25, 11, 11, 4, 6, 42, 8, 3, 15, 8, 0)
s = 43: (0, 22, 10, 7, 3, 4, 38, 14, 3, 12, 8, 0)
s = 44: (0, 35, 9, 5, 4, 7, 32, 8, 2, 12, 7, 0)
s = 45: (0, 26, 16, 7, 4, 6, 76, 12, 3, 9, 7, 0)
s = 46: (0, 31, 9, 6, 5, 7, 73, 10, 2, 11, 5, 0)
s = 47: (0, 16, 12, 5, 5, 7, 53, 13, 2, 17, 5, 0)
s = 48: (0, 25, 13, 8, 6, 4, 53, 14, 2, 16, 9, 0)
s = 49: (0, 37, 8, 7, 4, 5, 60, 12, 2, 19, 7, 0)
s = 50: (0, 27, 17, 6, 4, 6, 87, 10, 3, 10, 6, 0)
s = 51: (0, 22, 13, 12, 4, 7, 35, 16, 3, 9, 5, 0)
s = 52: (0, 59, 8, 7, 5, 5, 42, 11, 3, 20, 4, 0)
s = 53: (0, 21, 8, 8, 4, 4, 49, 8, 4, 8, 6, 0)
s = 54: (0, 38, 19, 7, 5, 8, 32, 18, 3, 13, 4, 0)
s = 55: (0, 17, 13, 6, 3, 4, 45, 12, 2, 16, 9, 0)
s = 56: (0, 42, 13, 8, 3, 4, 54, 18, 3, 10, 5, 0)
s = 57: (0, 28, 11, 9, 4, 5, 38, 18, 2, 11, 9, 0)
s = 58: (0, 24, 8, 6, 4, 5, 49, 10, 3, 16, 5, 0)
s = 59: (0, 19, 11, 12, 4, 5, 46, 7, 2, 15, 7, 0)
s = 60: (0, 28, 10, 6, 3, 5, 73, 12, 3, 8, 6, 0)
s = 61: (0, 36, 13, 5, 4, 6, 70, 16, 2, 18, 7, 0)
s = 62: (0, 21, 12, 6, 4, 5, 68, 12, 2, 12, 6, 0)
s = 63: (0, 29, 11, 12, 3, 4, 33, 11, 3, 10, 6, 0)
s = 64: (0, 47, 9, 7, 6, 5, 64, 13, 4, 11, 8, 0)
s = 65: (0, 32, 14, 6, 6, 4, 39, 15, 2, 14, 6, 0)
s = 66: (0, 27, 11, 6, 4, 4, 59, 15, 3, 14, 9, 0)
s = 67: (0, 28, 7, 6, 4, 5, 35, 17, 3, 13, 7, 0)
s = 68: (0, 39, 11, 8, 3, 4, 40, 8, 2, 15, 6, 0)
s = 69: (0, 38, 10, 11, 7, 7, 38, 17, 2, 12, 6, 0)
s = 70: (0, 32, 7, 7, 4, 6, 56, 12, 2, 15, 4, 0)
s = 71: (0, 37, 11, 11, 3, 6, 47, 18, 2, 9, 5, 0)
s = 72: (0, 24, 15, 5, 4, 7, 48, 15, 3, 12, 4, 0)
s = 73: (0, 19, 14, 7, 5, 7, 57, 7, 2, 15, 6, 0)
s = 74: (0, 18, 6, 5, 4, 6, 43, 15, 2, 14, 12, 0)
s = 75: (0, 29, 14, 8, 6, 4, 55, 11, 3, 16, 4, 0)
s = 76: (0, 38, 8, 10, 3, 5, 40, 12, 3, 11, 5, 0)
s = 77: (0, 51, 10, 7, 5, 7, 59, 9, 3, 12, 6, 0)
s = 78: (0, 33, 6, 5, 5, 6, 33, 8, 2, 23, 8, 0)
s = 79: (0, 43, 8, 7, 4, 5, 53, 13, 2, 16, 7, 0)
s = 80: (0, 26, 17, 6, 3, 6, 56, 15, 2, 20, 4, 0)
s = 81: (0, 30, 13, 9, 4, 6, 74, 9, 2, 17, 7, 0)
s = 82: (0, 28, 8, 6, 5, 5, 64, 17, 2, 12, 4, 0)
s = 83: (0, 25, 9, 6, 7, 4, 94, 7, 3, 14, 4, 0)
s = 84: (0, 49, 15, 12, 5, 5, 41, 9, 3, 20, 5, 0)
s = 85: (0, 24, 10, 7, 5, 7, 33, 13, 3, 15, 9, 0)
s = 86: (0, 21, 13, 7, 6, 5, 35, 18, 2, 15, 5, 0)
s = 87: (0, 36, 12, 5, 3, 5, 72, 15, 2, 9, 7, 0)
s = 88: (0, 19, 6, 9, 4, 5, 71, 16, 3, 14, 7, 0)
s = 89: (0, 24, 13, 7, 4, 6, 42, 10, 4, 15, 6, 0)
s = 90: (0, 24, 12, 6, 7, 8, 69, 8, 2, 22, 7, 0)
s = 91: (0, 20, 7, 6, 4, 4, 77, 7, 3, 11, 7, 0)
s = 92: (0, 37, 8, 6, 4, 4, 34, 12, 2, 17, 9, 0)
s = 93: (0, 40, 10, 6, 5, 3, 84, 14, 2, 23, 7, 0)
s = 94: (0, 21, 8, 8, 6, 6, 51, 9, 2, 18, 6, 0)
s = 95: (0, 21, 7, 8, 3, 6, 44, 10, 3, 14, 6, 0)
s = 96: (0, 21, 7, 7, 4, 4, 47, 10, 2, 11, 5, 0)
s = 97: (0, 21, 9, 9, 4, 4, 58, 17, 2, 23, 5, 0)
s = 98: (0, 18, 11, 6, 3, 4, 47, 9, 2, 15, 9, 0)
s = 99: (0, 33, 10, 8, 4, 7, 43, 10, 3, 13, 5, 0)
s = 100: (0, 56, 7, 6, 4, 6, 66, 15, 2, 18, 7, 0)
s = 101: (0, 38, 8, 9, 3, 4, 36, 7, 3, 14, 4, 0)
s = 102: (0, 29, 7, 7, 5, 9, 43, 19, 4, 10, 8, 0)
s = 103: (0, 19, 12, 9, 5, 5, 41, 15, 2, 23, 6, 0)
s = 104: (0, 34, 11, 8, 6, 4, 43, 12, 4, 9, 6, 0)
s = 105: (0, 22, 9, 11, 3, 4, 39, 10, 3, 16, 8, 0)
s = 106: (0, 34, 7, 5, 5, 5, 37, 18, 2, 12, 6, 0)
s = 107: (0, 25, 12, 7, 3, 10, 60, 19, 4, 14, 7, 0)
s = 108: (0, 30, 11, 6, 3, 7, 59, 10, 2, 14, 10, 0)
s = 109: (0, 38, 7, 7, 5, 6, 54, 13, 2, 12, 9, 0)
s = 110: (0, 32, 6, 5, 8, 7, 34, 16, 2, 10, 6, 0)
s = 111: (0, 43, 11, 9, 3, 7, 50, 7, 3, 12, 5, 0)
s = 112: (0, 42, 9, 6, 4, 7, 41, 10, 2, 14, 7, 0)
s = 113: (0, 31, 15, 7, 3, 5, 51, 19, 3, 16, 8, 0)
s = 114: (0, 28, 12, 6, 4, 4, 59, 13, 2, 12, 7, 0)
s = 115: (0, 22, 13, 7, 5, 5, 40, 11, 2, 20, 5, 0)
s = 116: (0, 21, 8, 10, 3, 9, 83, 18, 2, 12, 7, 0)
s = 117: (0, 30, 12, 9, 5, 3, 54, 11, 3, 9, 6, 0)
s = 118: (0, 29, 8, 7, 4, 4, 86, 16, 3, 19, 5, 0)
s = 119: (0, 20, 8, 4, 3, 7, 89, 22, 3, 13, 10, 0)
s = 120: (0, 34, 8, 6, 3, 3, 89, 17, 2, 13, 4, 0)
s = 121: (0, 18, 14, 8, 4, 8, 45, 15, 2, 8, 9, 0)
s = 122: (0, 33, 12, 7, 5, 5, 43, 9, 2, 12, 5, 0)
s = 123: (0, 24, 10, 5, 3, 4, 48, 9, 2, 14, 8, 0)
s = 124: (0, 41, 6, 7, 4, 6, 98, 10, 3, 14, 5, 0)
s = 125: (0, 21, 15, 6, 5, 4, 48, 17, 2, 18, 6, 0)
s = 126: (0, 33, 13, 7, 3, 4, 77, 10, 2, 17, 7, 0)
s = 127: (0, 33, 8, 9, 6, 6, 79, 8, 3, 11, 8, 0)
s = 128: (0, 36, 15, 8, 3, 6, 52, 18, 2, 15, 6, 0)
s = 129: (0, 29, 7, 9, 5, 3, 44, 15, 2, 12, 4, 0)
s = 130: (0, 26, 7, 7, 4, 4, 51, 13, 3, 14, 5, 0)
s = 131: (0, 34, 18, 6, 3, 4, 45, 10, 2, 19, 8, 0)
s = 132: (0, 27, 12, 7, 4, 5, 78, 21, 3, 9, 7, 0)
s = 133: (0, 31, 9, 11, 5, 3, 44, 11, 3, 17, 5, 0)
s = 134: (0, 23, 11, 7, 4, 5, 74, 19, 4, 13, 7, 0)
s = 135: (0, 31, 8, 7, 5, 4, 71, 9, 2, 19, 8, 0)
s = 136: (0, 18, 13, 8, 7, 4, 74, 16, 3, 14, 5, 0)
s = 137: (0, 17, 12, 6, 4, 7, 32, 12, 2, 22, 9, 0)
s = 138: (0, 23, 14, 9, 4, 4, 76, 8, 4, 9, 7, 0)
s = 139: (0, 44, 13, 5, 3, 4, 36, 10, 2, 13, 5, 0)
s = 140: (0, 23, 16, 10, 6, 5, 85, 18, 2, 10, 9, 0)
s = 141: (0, 18, 8, 4, 4, 6, 48, 17, 2, 19, 6, 0)
s = 142: (0, 30, 6, 5, 3, 4, 37, 13, 3, 9, 6, 0)
s = 143: (0, 21, 7, 5, 7, 7, 61, 14, 3, 14, 7, 0)
s = 144: (0, 23, 8, 7, 6, 4, 61, 12, 2, 9, 6, 0)
s = 145: (0, 40, 13, 8, 4, 5, 37, 9, 3, 24, 6, 0)
s = 146: (0, 31, 9, 7, 5, 5, 38, 10, 3, 18, 5, 0)
s = 147: (0, 32, 15, 8, 4, 8, 49, 7, 3, 14, 7, 0)
s = 148: (0, 40, 11, 11, 6, 5, 71, 13, 2, 14, 5, 0)
s = 149: (0, 22, 10, 5, 5, 5, 58, 10, 3, 10, 11, 0)
s = 150: (0, 30, 10, 8, 4, 6, 55, 13, 3, 13, 6, 0)
s = 151: (0, 39, 11, 7, 4, 3, 66, 9, 3, 12, 6, 0)
s = 152: (0, 46, 9, 8, 4, 5, 81, 15, 3, 12, 8, 0)
s = 153: (0, 31, 9, 8, 3, 5, 32, 14, 3, 19, 5, 0)
s = 154: (0, 39, 10, 11, 3, 5, 53, 9, 3, 10, 5, 0)
s = 155: (0, 31, 11, 6, 5, 6, 65, 12, 2, 9, 4, 0)
s = 156: (0, 33, 10, 6, 6, 5, 39, 9, 2, 11, 7, 0)
s = 157: (0, 38, 9, 5, 5, 5, 49, 11, 2, 9, 7, 0)
s = 158: (0, 30, 8, 10, 5, 4, 63, 15, 3, 13, 4, 0)
s = 159: (0, 18, 13, 5, 5, 5, 83, 9, 2, 16, 4, 0)
s = 160: (0, 38, 12, 11, 4, 9, 72, 9, 2, 19, 7, 0)
s = 161: (0, 28, 15, 7, 4, 6, 69, 14, 3, 18, 5, 0)
s = 162: (0, 21, 9, 6, 4, 6, 74, 10, 2, 9, 7, 0)
s = 163: (0, 24, 12, 5, 4, 4, 32, 11, 4, 11, 9, 0)
s = 164: (0, 27, 15, 6, 4, 8, 47, 9, 2, 9, 8, 0)
s = 165: (0, 34, 15, 8, 4, 7, 32, 17, 2, 16, 8, 0)
s = 166: (0, 38, 15, 6, 3, 8, 60, 14, 2, 12, 8, 0)
s = 167: (0, 33, 7, 8, 6, 5, 34, 11, 2, 16, 8, 0)
s = 168: (0, 20, 12, 10, 5, 5, 52, 9, 3, 14, 5, 0)
s = 169: (0, 27, 10, 5, 5, 4, 47, 10, 3, 13, 9, 0)
s = 170: (0, 20, 7, 5, 3, 6, 60, 11, 3, 17, 9, 0)
s = 171: (0, 21, 8, 8, 7, 7, 64, 16, 2, 9, 6, 0)
s = 172: (0, 40, 9, 9, 6, 9, 32, 15, 3, 13, 5, 0)
s = 173: (0, 34, 18, 7, 5, 9, 56, 11, 2, 11, 6, 0)
s = 174: (0, 25, 8, 7, 4, 5, 77, 20, 4, 15, 8, 0)
s = 175: (0, 35, 11, 5, 4, 4, 58, 9, 3, 16, 7, 0)
s = 176: (0, 28, 8, 9, 5, 8, 86, 10, 3, 23, 4, 0)
s = 177: (0, 33, 9, 5, 5, 4, 48, 10, 2, 20, 5, 0)
s = 178: (0, 42, 11, 5, 4, 5, 40, 12, 3, 14, 9, 0)
s = 179: (0, 42, 11, 7, 5, 8, 93, 10, 3, 11, 4, 0)
s = 180: (0, 23, 9, 6, 5, 7, 59, 9, 2, 24, 5, 0)
s = 181: (0, 43, 11, 6, 4, 8, 53, 17, 3, 13, 4, 0)
s = 182: (0, 27, 13, 5, 3, 4, 30, 7, 2, 12, 7, 0)
s = 183: (0, 25, 10, 8, 4, 5, 61, 17, 3, 11, 11, 0)
s = 184: (0, 41, 8, 8, 5, 6, 39, 12, 2, 13, 5, 0)
s = 185: (0, 42, 16, 7, 4, 6, 58, 10, 3, 20, 8, 0)
s = 186: (0, 22, 19, 7, 3, 6, 63, 15, 2, 13, 5, 0)
s = 187: (0, 35, 12, 9, 3, 8, 62, 7, 2, 13, 5, 0)
s = 188: (0, 41, 11, 7, 6, 6, 53, 18, 2, 13, 7, 0)
s = 189: (0, 33, 13, 9, 3, 6, 47, 9, 3, 24, 7, 0)
s = 190: (0, 24, 11, 7, 7, 5, 52, 19, 2, 22, 5, 0)
s = 191: (0, 19, 10, 10, 5, 4, 78, 11, 2, 16, 9, 0)
s = 192: (0, 25, 15, 8, 7, 4, 43, 10, 2, 21, 4, 0)
s = 193: (0, 23, 11, 6, 6, 7, 58, 11, 2, 17, 8, 0)
s = 194: (0, 22, 9, 7, 4, 5, 43, 14, 2, 16, 7, 0)
s = 195: (0, 25, 19, 6, 3, 5, 35, 15, 2, 10, 8, 0)
s = 196: (0, 21, 16, 6, 3, 4, 45, 9, 2, 20, 9, 0)
s = 197: (0, 35, 8, 6, 5, 6, 35, 13, 2, 19, 7, 0)
s = 198: (0, 18, 9, 7, 6, 6, 67, 10, 2, 14, 6, 0)
s = 199: (0, 22, 8, 5, 6, 3, 47, 15, 2, 12, 6, 0)
s = 200: (0, 28, 13, 4, 5, 6, 76, 8, 2, 12, 6, 0)
************************************************************************
ES/LS-VALUES:
jobnr.   ES(i)    LS(i)
------------------------------------------------------------------------
  0        0        0
  1        0       51
  2        0       68
  3        0       59
  4        2       74
  5        2       70
  6        9       61
  7       20       72
  8       23       78
  9       23       76
 10        4       78
 11       26       80
************************************************************************
BIG-M-VALUES:
M1 = 86, M2 = 298
************************************************************************
