************************************************************************
file with basedata            : mm58_.bas
initial value random generator: 855119401
************************************************************************
projects                      :  1
jobs (incl. supersource/sink ):  12
horizon                       :  75
RESOURCES
  - renewable                 :  2   R
  - nonrenewable              :  2   N
  - doubly constrained        :  0   D
************************************************************************
PROJECT INFORMATION:
pronr.  #jobs rel.date duedate tardcost  MPM-Time
    1     10      0       10        5       10
************************************************************************
PRECEDENCE RELATIONS:
jobnr.    #modes  #successors   successors
   0        1          3           1   2   3
   1        3          2           7   8
   2        3          2           4   6
   3        3          1           8
   4        3          2           5   8
   5        3          2           7   9
   6        3          2           7   9
   7        3          1          10
   8        3          1          11
   9        3          1          11
  10        3          1          11
  11        1          0        
************************************************************************
REQUESTS/DURATIONS:
jobnr. mode duration  R 1  R 2  R 3  R 4  E(W 1)
------------------------------------------------------------------------
  0      1     0       0    0    0    0     0
  1      1     1       7    7    0    6    20
  2      1     1       5    5    5    0    15
  3      1     1       8    9    9    0    26
  4      1     2       9    4    8    0    42
  5      1     1       8    6    0    8    22
  6      1     2       4    3    8    0    30
  7      1     2       3    6    0    4    26
  8      1     3       9    8    6    0    69
  9      1     2       6    8    0    6    40
 10      1     4       7    6    0    8    84
 11      1     0       0    0    0    0     0
************************************************************************
RESOURCEAVAILABILITIES:
  R 1
   101
************************************************************************
RESOURCE LIMITS:
jobnr.  l(R 1)  u(R 1)
------------------------------------------------------------------------
  0        0       0
  1       11      20
  2        9      15
  3       14      26
  4       11      21
  5       11      22
  6        8      15
  7        7      13
  8       12      23
  9       10      20
 10       11      21
 11        0       0
************************************************************************
SCENARIOS:
------------------------------------------------------------------------
RESOURCE k = 1
s = 1: (0, 22, 12, 23, 51, 22, 38, 29, 60, 40, 91, 0)
s = 2: (0, 25, 13, 26, 52, 18, 28, 23, 71, 43, 67, 0)
s = 3: (0, 23, 17, 29, 37, 31, 39, 23, 84, 41, 97, 0)
s = 4: (0, 17, 12, 21, 38, 19, 31, 23, 77, 50, 53, 0)
s = 5: (0, 22, 19, 16, 52, 21, 30, 26, 63, 50, 83, 0)
s = 6: (0, 19, 9, 28, 32, 15, 30, 38, 60, 46, 69, 0)
s = 7: (0, 15, 18, 26, 39, 25, 20, 20, 63, 29, 61, 0)
s = 8: (0, 12, 13, 23, 43, 16, 23, 40, 61, 56, 104, 0)
s = 9: (0, 21, 20, 18, 24, 19, 36, 21, 43, 42, 80, 0)
s = 10: (0, 16, 14, 22, 56, 21, 28, 20, 64, 54, 88, 0)
s = 11: (0, 18, 8, 22, 30, 20, 36, 20, 84, 29, 140, 0)
s = 12: (0, 13, 15, 25, 26, 28, 21, 21, 57, 32, 94, 0)
s = 13: (0, 22, 13, 19, 25, 24, 19, 18, 61, 35, 73, 0)
s = 14: (0, 22, 14, 19, 32, 24, 34, 27, 54, 45, 62, 0)
s = 15: (0, 16, 12, 40, 61, 13, 33, 20, 58, 38, 69, 0)
s = 16: (0, 15, 22, 37, 33, 19, 39, 23, 46, 46, 130, 0)
s = 17: (0, 21, 20, 14, 27, 35, 48, 30, 40, 52, 102, 0)
s = 18: (0, 18, 20, 25, 47, 13, 18, 28, 64, 62, 64, 0)
s = 19: (0, 41, 10, 26, 57, 21, 21, 22, 76, 22, 107, 0)
s = 20: (0, 13, 13, 52, 45, 37, 32, 21, 72, 47, 60, 0)
s = 21: (0, 13, 10, 51, 32, 12, 33, 31, 76, 26, 64, 0)
s = 22: (0, 14, 24, 21, 27, 15, 27, 28, 96, 42, 104, 0)
s = 23: (0, 29, 11, 33, 48, 20, 28, 34, 79, 52, 68, 0)
s = 24: (0, 20, 20, 48, 50, 25, 23, 20, 60, 53, 79, 0)
s = 25: (0, 17, 14, 23, 41, 20, 26, 36, 78, 47, 95, 0)
s = 26: (0, 26, 19, 20, 50, 27, 38, 28, 51, 54, 51, 0)
s = 27: (0, 23, 19, 16, 38, 28, 48, 23, 47, 29, 96, 0)
s = 28: (0, 17, 17, 20, 50, 19, 20, 18, 72, 49, 74, 0)
s = 29: (0, 12, 19, 37, 53, 23, 24, 24, 46, 28, 77, 0)
s = 30: (0, 18, 10, 42, 44, 15, 32, 26, 45, 64, 68, 0)
s = 31: (0, 19, 14, 36, 32, 15, 32, 17, 85, 47, 94, 0)
s = 32: (0, 23, 14, 24, 35, 18, 28, 28, 45, 41, 82, 0)
s = 33: (0, 28, 12, 21, 27, 19, 18, 20, 53, 57, 58, 0)
s = 34: (0, 24, 17, 22, 43, 23, 50, 28, 58, 35, 93, 0)
s = 35: (0, 28, 17, 33, 39, 21, 41, 20, 44, 45, 98, 0)
s = 36: (0, 25, 10, 29, 53, 21, 46, 26, 76, 35, 56, 0)
s = 37: (0, 19, 17, 25, 27, 21, 29, 19, 63, 39, 137, 0)
s = 38: (0, 27, 18, 26, 28, 26, 34, 25, 68, 39, 90, 0)
s = 39: (0, 15, 14, 48, 43, 24, 43, 21, 35, 28, 72, 0)
s = 40: (0, 14, 11, 22, 50, 33, 38, 37, 69, 36, 130, 0)
s = 41: (0, 15, 21, 32, 34, 22, 31, 37, 63, 36, 121, 0)
s = 42: (0, 39, 22, 32, 38, 28, 18, 28, 90, 45, 86, 0)
s = 43: (0, 29, 13, 19, 36, 17, 21, 34, 59, 64, 103, 0)
s = 44: (0, 16, 17, 18, 52, 19, 23, 24, 51, 38, 86, 0)
s = 45: (0, 20, 12, 23, 29, 24, 35, 16, 95, 45, 119, 0)
s = 46: (0, 13, 15, 29, 42, 22, 45, 23, 51, 53, 121, 0)
s = 47: (0, 30, 18, 26, 53, 23, 51, 26, 84, 26, 112, 0)
s = 48: (0, 25, 13, 29, 33, 17, 31, 25, 115, 29, 76, 0)
s = 49: (0, 11, 15, 28, 51, 15, 31, 16, 58, 35, 66, 0)
s = 50: (0, 31, 9, 40, 47, 19, 27, 26, 58, 25, 62, 0)
s = 51: (0, 19, 15, 22, 29, 23, 37, 25, 50, 46, 104, 0)
s = 52: (0, 18, 11, 23, 56, 13, 28, 24, 103, 34, 97, 0)
s = 53: (0, 23, 20, 35, 38, 14, 27, 30, 85, 39, 56, 0)
s = 54: (0, 22, 24, 21, 43, 17, 48, 28, 46, 48, 73, 0)
s = 55: (0, 18, 16, 22, 60, 20, 35, 25, 54, 30, 104, 0)
s = 56: (0, 17, 10, 23, 51, 27, 31, 38, 41, 64, 57, 0)
s = 57: (0, 18, 13, 37, 56, 19, 20, 26, 60, 35, 78, 0)
s = 58: (0, 25, 12, 33, 46, 26, 28, 22, 57, 26, 75, 0)
s = 59: (0, 18, 15, 24, 66, 22, 39, 29, 50, 78, 84, 0)
s = 60: (0, 17, 14, 26, 46, 27, 40, 26, 77, 36, 94, 0)
s = 61: (0, 16, 20, 26, 58, 26, 21, 28, 65, 34, 99, 0)
s = 62: (0, 13, 13, 26, 32, 13, 35, 29, 78, 40, 67, 0)
s = 63: (0, 25, 22, 17, 71, 30, 35, 29, 83, 33, 84, 0)
s = 64: (0, 15, 14, 18, 38, 19, 52, 19, 57, 66, 64, 0)
s = 65: (0, 18, 15, 47, 56, 17, 35, 24, 74, 64, 96, 0)
s = 66: (0, 16, 13, 43, 47, 15, 19, 25, 76, 48, 83, 0)
s = 67: (0, 27, 12, 23, 24, 32, 31, 40, 65, 55, 83, 0)
s = 68: (0, 16, 20, 24, 35, 17, 26, 27, 85, 58, 67, 0)
s = 69: (0, 29, 17, 15, 37, 20, 28, 24, 76, 61, 165, 0)
s = 70: (0, 19, 17, 23, 42, 31, 19, 17, 44, 41, 97, 0)
s = 71: (0, 30, 12, 17, 53, 28, 22, 40, 51, 66, 137, 0)
s = 72: (0, 22, 16, 38, 27, 24, 41, 19, 58, 23, 46, 0)
s = 73: (0, 20, 24, 19, 32, 27, 35, 22, 51, 47, 70, 0)
s = 74: (0, 29, 12, 36, 32, 24, 33, 34, 69, 25, 107, 0)
s = 75: (0, 32, 19, 17, 54, 15, 44, 31, 48, 33, 145, 0)
s = 76: (0, 19, 15, 30, 60, 27, 23, 26, 70, 36, 73, 0)
s = 77: (0, 24, 20, 27, 44, 27, 28, 43, 56, 40, 55, 0)
s = 78: (0, 19, 17, 44, 34, 29, 22, 16, 83, 61, 71, 0)
s = 79: (0, 27, 13, 17, 35, 17, 30, 17, 72, 50, 60, 0)
s = 80: (0, 16, 14, 38, 42, 32, 24, 38, 48, 35, 107, 0)
s = 81: (0, 21, 10, 27, 39, 18, 33, 26, 65, 48, 120, 0)
s = 82: (0, 17, 19, 27, 49, 17, 29, 22, 67, 60, 97, 0)
s = 83: (0, 26, 11, 21, 39, 20, 38, 29, 71, 33, 115, 0)
s = 84: (0, 17, 14, 26, 62, 38, 26, 16, 79, 32, 85, 0)
s = 85: (0, 20, 15, 38, 26, 20, 43, 16, 45, 42, 88, 0)
s = 86: (0, 22, 27, 29, 49, 19, 33, 21, 97, 54, 109, 0)
s = 87: (0, 28, 22, 22, 38, 18, 19, 39, 90, 47, 98, 0)
s = 88: (0, 14, 22, 22, 25, 36, 39, 49, 59, 32, 70, 0)
s = 89: (0, 26, 9, 24, 28, 17, 24, 26, 45, 24, 107, 0)
s = 90: (0, 23, 18, 28, 30, 32, 21, 24, 75, 66, 91, 0)
s = 91: (0, 15, 10, 40, 34, 14, 18, 42, 65, 38, 97, 0)
s = 92: (0, 25, 13, 28, 53, 17, 29, 27, 78, 44, 109, 0)
s = 93: (0, 15, 14, 24, 33, 26, 44, 27, 88, 38, 51, 0)
s = 94: (0, 14, 10, 27, 45, 25, 27, 35, 101, 26, 96, 0)
s = 95: (0, 16, 20, 16, 56, 17, 37, 20, 54, 47, 68, 0)
s = 96: (0, 18, 24, 28, 43, 22, 18, 33, 55, 29, 78, 0)
s = 97: (0, 34, 14, 34, 43, 16, 33, 26, 54, 45, 45, 0)
s = 98: (0, 16, 27, 20, 35, 31, 18, 27, 68, 33, 62, 0)
s = 99: (0, 20, 12, 30, 52, 32, 31, 23, 76, 37, 86, 0)
s = 100: (0, 22, 10, 27, 33, 19, 35, 27, 82, 27, 50, 0)
s = 101: (0, 17, 19, 31, 45, 13, 29, 15, 73, 48, 79, 0)
s = 102: (0, 19, 11, 31, 47, 19, 25, 26, 56, 42, 95, 0)
s = 103: (0, 23, 21, 18, 43, 22, 28, 25, 58, 49, 70, 0)
s = 104: (0, 14, 11, 23, 46, 24, 33, 23, 108, 42, 90, 0)
s = 105: (0, 27, 18, 32, 28, 26, 26, 36, 57, 44, 121, 0)
s = 106: (0, 21, 19, 25, 23, 20, 26, 34, 52, 36, 56, 0)
s = 107: (0, 25, 9, 31, 49, 14, 26, 31, 79, 39, 58, 0)
s = 108: (0, 17, 13, 21, 47, 18, 32, 31, 66, 33, 100, 0)
s = 109: (0, 30, 18, 33, 53, 13, 27, 26, 50, 29, 58, 0)
s = 110: (0, 32, 11, 23, 41, 19, 17, 37, 124, 35, 70, 0)
s = 111: (0, 15, 10, 33, 33, 28, 32, 20, 60, 40, 109, 0)
s = 112: (0, 24, 13, 17, 54, 16, 28, 16, 66, 52, 131, 0)
s = 113: (0, 21, 13, 30, 41, 13, 32, 30, 40, 31, 124, 0)
s = 114: (0, 32, 13, 19, 47, 15, 33, 16, 70, 38, 69, 0)
s = 115: (0, 16, 27, 27, 25, 17, 35, 38, 59, 29, 69, 0)
s = 116: (0, 25, 10, 36, 29, 14, 40, 24, 55, 36, 90, 0)
s = 117: (0, 19, 23, 35, 56, 40, 36, 34, 50, 38, 140, 0)
s = 118: (0, 17, 17, 20, 33, 35, 42, 20, 77, 27, 135, 0)
s = 119: (0, 16, 23, 32, 50, 15, 35, 31, 70, 41, 99, 0)
s = 120: (0, 35, 19, 33, 34, 28, 34, 21, 42, 45, 52, 0)
s = 121: (0, 14, 13, 24, 45, 20, 54, 32, 45, 62, 121, 0)
s = 122: (0, 35, 17, 25, 29, 17, 26, 30, 65, 27, 76, 0)
s = 123: (0, 18, 20, 27, 35, 27, 34, 42, 68, 46, 111, 0)
s = 124: (0, 16, 27, 30, 28, 36, 25, 40, 69, 39, 64, 0)
s = 125: (0, 23, 20, 18, 61, 26, 18, 19, 47, 32, 63, 0)
s = 126: (0, 15, 17, 16, 25, 30, 29, 23, 89, 24, 54, 0)
s = 127: (0, 12, 15, 21, 34, 24, 55, 21, 77, 41, 111, 0)
s = 128: (0, 20, 15, 31, 39, 15, 43, 27, 49, 32, 83, 0)
s = 129: (0, 16, 15, 23, 46, 23, 25, 41, 38, 68, 84, 0)
s = 130: (0, 19, 20, 19, 57, 13, 26, 16, 80, 28, 99, 0)
s = 131: (0, 29, 11, 26, 32, 14, 21, 16, 48, 28, 83, 0)
s = 132: (0, 15, 13, 38, 57, 16, 34, 16, 75, 56, 86, 0)
s = 133: (0, 28, 17, 33, 40, 21, 54, 38, 72, 33, 54, 0)
s = 134: (0, 23, 13, 22, 44, 16, 35, 20, 78, 32, 102, 0)
s = 135: (0, 13, 25, 21, 28, 19, 34, 25, 81, 36, 121, 0)
s = 136: (0, 16, 10, 26, 26, 20, 28, 30, 103, 35, 113, 0)
s = 137: (0, 25, 21, 18, 44, 14, 33, 25, 84, 53, 60, 0)
s = 138: (0, 12, 23, 31, 69, 34, 20, 24, 66, 52, 109, 0)
s = 139: (0, 26, 10, 31, 28, 27, 37, 19, 62, 45, 74, 0)
s = 140: (0, 26, 12, 22, 40, 16, 34, 18, 69, 42, 88, 0)
s = 141: (0, 17, 13, 28, 35, 25, 29, 17, 39, 48, 81, 0)
s = 142: (0, 21, 14, 23, 37, 28, 19, 22, 68, 50, 130, 0)
s = 143: (0, 16, 21, 16, 40, 25, 37, 22, 71, 48, 67, 0)
s = 144: (0, 16, 16, 31, 36, 29, 35, 39, 50, 43, 66, 0)
s = 145: (0, 16, 21, 23, 28, 19, 32, 40, 96, 30, 123, 0)
s = 146: (0, 20, 12, 18, 57, 16, 39, 29, 102, 49, 85, 0)
s = 147: (0, 16, 17, 16, 56, 21, 25, 17, 50, 44, 100, 0)
s = 148: (0, 22, 12, 17, 39, 20, 31, 20, 107, 32, 65, 0)
s = 149: (0, 12, 20, 34, 51, 18, 26, 33, 47, 41, 73, 0)
s = 150: (0, 18, 12, 32, 32, 22, 25, 33, 97, 45, 56, 0)
s = 151: (0, 22, 20, 31, 29, 15, 33, 20, 91, 30, 72, 0)
s = 152: (0, 19, 25, 22, 33, 16, 35, 22, 67, 43, 62, 0)
s = 153: (0, 14, 10, 32, 43, 20, 38, 25, 50, 32, 92, 0)
s = 154: (0, 17, 11, 19, 43, 18, 20, 20, 56, 52, 73, 0)
s = 155: (0, 13, 13, 23, 32, 18, 33, 40, 80, 29, 53, 0)
s = 156: (0, 13, 18, 20, 37, 25, 27, 23, 39, 36, 132, 0)
s = 157: (0, 12, 13, 35, 35, 19, 27, 29, 112, 27, 99, 0)
s = 158: (0, 20, 15, 35, 26, 22, 22, 24, 84, 48, 53, 0)
s = 159: (0, 28, 14, 17, 29, 21, 33, 46, 99, 50, 106, 0)
s = 160: (0, 20, 14, 17, 33, 22, 40, 40, 44, 42, 58, 0)
s = 161: (0, 23, 21, 35, 49, 19, 18, 25, 76, 37, 66, 0)
s = 162: (0, 20, 18, 23, 47, 18, 32, 17, 127, 37, 77, 0)
s = 163: (0, 17, 10, 24, 35, 16, 30, 25, 90, 37, 72, 0)
s = 164: (0, 18, 14, 34, 33, 21, 36, 25, 82, 75, 78, 0)
s = 165: (0, 22, 12, 18, 56, 23, 46, 28, 83, 36, 70, 0)
s = 166: (0, 29, 23, 23, 27, 18, 18, 21, 86, 54, 79, 0)
s = 167: (0, 13, 23, 53, 32, 26, 24, 15, 105, 48, 76, 0)
s = 168: (0, 28, 10, 21, 64, 20, 34, 18, 54, 56, 59, 0)
s = 169: (0, 28, 16, 34, 56, 22, 23, 33, 91, 48, 72, 0)
s = 170: (0, 25, 13, 25, 36, 22, 35, 39, 50, 29, 59, 0)
s = 171: (0, 20, 20, 17, 46, 19, 29, 25, 108, 64, 96, 0)
s = 172: (0, 14, 11, 17, 57, 13, 24, 32, 49, 57, 50, 0)
s = 173: (0, 19, 16, 32, 29, 37, 30, 22, 49, 48, 95, 0)
s = 174: (0, 26, 14, 16, 57, 18, 36, 28, 111, 35, 62, 0)
s = 175: (0, 37, 18, 20, 38, 32, 26, 18, 40, 30, 129, 0)
s = 176: (0, 11, 14, 20, 41, 30, 46, 36, 55, 35, 76, 0)
s = 177: (0, 18, 15, 36, 41, 35, 32, 25, 55, 52, 84, 0)
s = 178: (0, 14, 12, 37, 45, 25, 19, 24, 68, 28, 49, 0)
s = 179: (0, 14, 11, 24, 24, 31, 31, 29, 69, 32, 76, 0)
s = 180: (0, 14, 22, 16, 38, 21, 25, 32, 73, 32, 58, 0)
s = 181: (0, 31, 21, 18, 37, 37, 17, 36, 68, 34, 86, 0)
s = 182: (0, 24, 15, 35, 38, 35, 31, 17, 54, 47, 119, 0)
s = 183: (0, 15, 17, 31, 33, 30, 26, 28, 54, 46, 122, 0)
s = 184: (0, 28, 22, 35, 50, 24, 40, 18, 67, 25, 80, 0)
s = 185: (0, 13, 9, 26, 43, 24, 31, 29, 98, 36, 48, 0)
s = 186: (0, 16, 9, 25, 48, 17, 26, 30, 66, 35, 78, 0)
s = 187: (0, 27, 12, 34, 25, 17, 24, 15, 71, 53, 92, 0)
s = 188: (0, 17, 17, 26, 43, 20, 34, 26, 105, 36, 91, 0)
s = 189: (0, 24, 21, 25, 42, 18, 17, 19, 62, 58, 64, 0)
s = 190: (0, 17, 23, 26, 33, 33, 28, 46, 65, 52, 98, 0)
s = 191: (0, 22, 23, 36, 25, 12, 40, 18, 59, 38, 95, 0)
s = 192: (0, 25, 9, 36, 38, 34, 23, 30, 69, 24, 52, 0)
s = 193: (0, 26, 11, 23, 49, 28, 37, 23, 61, 34, 67, 0)
s = 194: (0, 17, 16, 24, 53, 20, 28, 20, 47, 28, 70, 0)
s = 195: (0, 35, 10, 39, 45, 22, 22, 27, 57, 25, 63, 0)
s = 196: (0, 20, 13, 31, 49, 17, 28, 40, 87, 34, 104, 0)
s = 197: (0, 13, 12, 25, 46, 17, 53, 24, 40, 23, 87, 0)
s = 198: (0, 19, 29, 28, 39, 23, 26, 37, 85, 49, 80, 0)
s = 199: (0, 27, 11, 16, 48, 17, 27, 14, 72, 28, 64, 0)
s = 200: (0, 26, 12, 27, 71, 39, 21, 32, 45, 48, 101, 0)
************************************************************************
ES/LS-VALUES:
jobnr.   ES(i)    LS(i)
------------------------------------------------------------------------
  0        0        0
  1        0       60
  2        0       55
  3        0       66
  4        1       57
  5        4       61
  6        1       59
  7        5       63
  8        4       69
  9        5       71
 10        8       67
 11       15       75
************************************************************************
BIG-M-VALUES:
M1 = 15, M2 = 165
************************************************************************
