************************************************************************
file with basedata            : mm13_.bas
initial value random generator: 959955689
************************************************************************
projects                      :  1
jobs (incl. supersource/sink ):  12
horizon                       :  71
RESOURCES
  - renewable                 :  2   R
  - nonrenewable              :  2   N
  - doubly constrained        :  0   D
************************************************************************
PROJECT INFORMATION:
pronr.  #jobs rel.date duedate tardcost  MPM-Time
    1     10      0       13        6       13
************************************************************************
PRECEDENCE RELATIONS:
jobnr.    #modes  #successors   successors
   0        1          3           1   2   3
   1        3          1           4
   2        3          1           6
   3        3          3           5   8   9
   4        3          3           6   7   8
   5        3          2           6   7
   6        3          1          10
   7        3          1          10
   8        3          1          11
   9        3          1          11
  10        3          1          11
  11        1          0        
************************************************************************
REQUESTS/DURATIONS:
jobnr. mode duration  R 1  R 2  R 3  R 4  E(W 1)
------------------------------------------------------------------------
  0      1     0       0    0    0    0     0
  1      1     1       4    0    7    9    20
  2      1     2       0    9    9    5    46
  3      1     1       5    0    1    9    16
  4      1     2       3    0    8    5    32
  5      1     4       0    8    4    6    72
  6      1     1       9    0    9    9    27
  7      1     4       0   10    9    9    112
  8      1     3      10    0    3    8    63
  9      1     4       0   10    9    7    104
 10      1     4       5    0    2    8    60
 11      1     0       0    0    0    0     0
************************************************************************
RESOURCEAVAILABILITIES:
  R 1
   119
************************************************************************
RESOURCE LIMITS:
jobnr.  l(R 1)  u(R 1)
------------------------------------------------------------------------
  0        0       0
  1       11      20
  2       13      23
  3        9      16
  4        9      16
  5        9      18
  6       15      27
  7       15      28
  8       11      21
  9       14      26
 10        8      15
 11        0       0
************************************************************************
SCENARIOS:
------------------------------------------------------------------------
RESOURCE k = 1
s = 1: (0, 35, 48, 16, 41, 74, 23, 108, 50, 88, 42, 0)
s = 2: (0, 19, 44, 16, 28, 88, 27, 154, 83, 149, 69, 0)
s = 3: (0, 26, 42, 25, 32, 113, 28, 114, 52, 74, 51, 0)
s = 4: (0, 30, 58, 16, 24, 96, 24, 114, 47, 96, 65, 0)
s = 5: (0, 18, 48, 23, 21, 55, 46, 131, 65, 112, 84, 0)
s = 6: (0, 25, 48, 24, 23, 50, 19, 86, 102, 177, 59, 0)
s = 7: (0, 14, 55, 11, 37, 66, 21, 79, 39, 140, 87, 0)
s = 8: (0, 19, 47, 17, 24, 73, 16, 93, 76, 89, 53, 0)
s = 9: (0, 15, 50, 17, 38, 80, 26, 100, 54, 69, 48, 0)
s = 10: (0, 17, 60, 20, 24, 71, 18, 133, 50, 116, 64, 0)
s = 11: (0, 16, 43, 15, 32, 74, 27, 114, 48, 157, 71, 0)
s = 12: (0, 36, 36, 24, 40, 81, 43, 113, 79, 144, 73, 0)
s = 13: (0, 27, 42, 13, 29, 72, 28, 98, 64, 108, 77, 0)
s = 14: (0, 27, 35, 9, 30, 91, 40, 65, 68, 159, 62, 0)
s = 15: (0, 16, 54, 10, 23, 72, 27, 135, 88, 113, 45, 0)
s = 16: (0, 17, 44, 20, 32, 63, 35, 79, 68, 117, 99, 0)
s = 17: (0, 19, 32, 15, 24, 58, 35, 153, 98, 93, 71, 0)
s = 18: (0, 21, 49, 15, 34, 58, 48, 91, 77, 96, 76, 0)
s = 19: (0, 25, 70, 19, 25, 100, 31, 141, 58, 126, 62, 0)
s = 20: (0, 19, 48, 10, 47, 60, 29, 80, 69, 95, 37, 0)
s = 21: (0, 18, 56, 12, 32, 75, 19, 84, 85, 105, 42, 0)
s = 22: (0, 14, 46, 18, 23, 84, 22, 186, 48, 106, 67, 0)
s = 23: (0, 27, 39, 22, 37, 70, 22, 101, 51, 94, 56, 0)
s = 24: (0, 19, 49, 12, 49, 51, 32, 125, 68, 64, 72, 0)
s = 25: (0, 16, 30, 23, 51, 95, 22, 159, 60, 121, 40, 0)
s = 26: (0, 34, 33, 20, 50, 70, 18, 85, 50, 113, 58, 0)
s = 27: (0, 24, 30, 19, 36, 75, 37, 107, 87, 73, 74, 0)
s = 28: (0, 23, 30, 16, 30, 78, 25, 94, 51, 90, 86, 0)
s = 29: (0, 25, 33, 13, 26, 61, 25, 94, 94, 110, 59, 0)
s = 30: (0, 18, 51, 19, 37, 94, 30, 115, 92, 172, 60, 0)
s = 31: (0, 16, 53, 13, 46, 90, 17, 158, 52, 163, 88, 0)
s = 32: (0, 16, 44, 17, 34, 86, 24, 108, 54, 62, 88, 0)
s = 33: (0, 24, 28, 16, 21, 45, 37, 99, 61, 73, 47, 0)
s = 34: (0, 17, 56, 24, 42, 80, 18, 76, 114, 105, 55, 0)
s = 35: (0, 19, 54, 12, 40, 50, 23, 114, 51, 94, 59, 0)
s = 36: (0, 15, 52, 13, 64, 63, 20, 75, 45, 73, 81, 0)
s = 37: (0, 25, 55, 13, 18, 59, 26, 68, 53, 81, 40, 0)
s = 38: (0, 21, 52, 21, 30, 63, 32, 85, 88, 115, 64, 0)
s = 39: (0, 27, 30, 21, 26, 69, 38, 71, 47, 112, 63, 0)
s = 40: (0, 14, 57, 26, 25, 65, 23, 83, 42, 102, 74, 0)
s = 41: (0, 16, 39, 21, 22, 44, 20, 124, 67, 104, 56, 0)
s = 42: (0, 26, 48, 9, 33, 69, 39, 193, 68, 114, 55, 0)
s = 43: (0, 14, 49, 25, 20, 107, 25, 80, 105, 63, 34, 0)
s = 44: (0, 15, 43, 13, 26, 93, 22, 137, 115, 86, 118, 0)
s = 45: (0, 35, 29, 24, 25, 113, 21, 120, 69, 105, 32, 0)
s = 46: (0, 25, 36, 24, 40, 48, 44, 102, 54, 81, 58, 0)
s = 47: (0, 16, 48, 13, 28, 50, 26, 100, 46, 117, 64, 0)
s = 48: (0, 18, 42, 16, 31, 48, 22, 110, 33, 122, 71, 0)
s = 49: (0, 21, 63, 9, 32, 50, 22, 71, 56, 97, 86, 0)
s = 50: (0, 18, 32, 14, 17, 117, 24, 98, 40, 106, 49, 0)
s = 51: (0, 13, 28, 13, 42, 72, 24, 62, 84, 80, 36, 0)
s = 52: (0, 14, 50, 22, 35, 113, 21, 149, 100, 90, 65, 0)
s = 53: (0, 17, 63, 13, 24, 72, 19, 78, 52, 79, 49, 0)
s = 54: (0, 12, 40, 18, 28, 94, 41, 84, 78, 75, 39, 0)
s = 55: (0, 13, 42, 13, 30, 52, 26, 127, 109, 119, 60, 0)
s = 56: (0, 21, 30, 16, 27, 69, 20, 75, 49, 112, 77, 0)
s = 57: (0, 18, 38, 12, 32, 103, 37, 108, 37, 88, 55, 0)
s = 58: (0, 11, 33, 15, 54, 63, 21, 126, 37, 60, 54, 0)
s = 59: (0, 20, 73, 11, 34, 67, 38, 158, 49, 122, 75, 0)
s = 60: (0, 16, 48, 13, 21, 74, 23, 147, 56, 91, 71, 0)
s = 61: (0, 17, 77, 9, 31, 54, 16, 78, 66, 79, 50, 0)
s = 62: (0, 20, 27, 21, 30, 80, 43, 126, 54, 104, 90, 0)
s = 63: (0, 26, 66, 13, 27, 81, 17, 78, 66, 118, 53, 0)
s = 64: (0, 20, 41, 11, 24, 56, 28, 86, 104, 94, 45, 0)
s = 65: (0, 16, 40, 13, 39, 65, 22, 155, 50, 132, 36, 0)
s = 66: (0, 26, 46, 13, 39, 76, 38, 109, 83, 90, 57, 0)
s = 67: (0, 22, 70, 20, 21, 58, 42, 110, 102, 66, 38, 0)
s = 68: (0, 12, 35, 18, 46, 61, 23, 122, 42, 102, 43, 0)
s = 69: (0, 18, 54, 15, 24, 84, 27, 98, 52, 97, 65, 0)
s = 70: (0, 14, 58, 10, 43, 78, 18, 160, 58, 58, 80, 0)
s = 71: (0, 23, 53, 19, 31, 61, 24, 142, 107, 68, 48, 0)
s = 72: (0, 23, 58, 18, 18, 51, 22, 137, 87, 88, 42, 0)
s = 73: (0, 30, 57, 18, 40, 59, 15, 107, 39, 133, 49, 0)
s = 74: (0, 23, 62, 13, 40, 67, 40, 85, 36, 131, 76, 0)
s = 75: (0, 16, 36, 13, 34, 92, 23, 84, 56, 115, 78, 0)
s = 76: (0, 16, 27, 10, 30, 77, 29, 90, 67, 76, 55, 0)
s = 77: (0, 18, 32, 16, 29, 57, 27, 168, 59, 107, 51, 0)
s = 78: (0, 24, 64, 22, 33, 86, 27, 83, 50, 72, 48, 0)
s = 79: (0, 21, 50, 13, 30, 77, 26, 137, 58, 94, 113, 0)
s = 80: (0, 18, 36, 20, 32, 89, 25, 84, 47, 112, 54, 0)
s = 81: (0, 25, 55, 9, 40, 47, 15, 106, 66, 128, 56, 0)
s = 82: (0, 21, 61, 18, 30, 81, 47, 111, 49, 120, 41, 0)
s = 83: (0, 25, 30, 12, 32, 86, 26, 100, 69, 80, 36, 0)
s = 84: (0, 20, 65, 16, 30, 81, 34, 104, 46, 56, 72, 0)
s = 85: (0, 19, 44, 22, 34, 65, 20, 62, 52, 85, 66, 0)
s = 86: (0, 31, 28, 18, 25, 83, 38, 73, 54, 105, 57, 0)
s = 87: (0, 27, 37, 20, 25, 69, 24, 119, 48, 159, 70, 0)
s = 88: (0, 27, 41, 11, 30, 80, 39, 137, 46, 89, 95, 0)
s = 89: (0, 18, 65, 22, 19, 83, 21, 168, 42, 81, 52, 0)
s = 90: (0, 31, 57, 19, 37, 38, 42, 91, 57, 89, 50, 0)
s = 91: (0, 13, 64, 15, 51, 97, 43, 81, 60, 111, 42, 0)
s = 92: (0, 22, 38, 14, 19, 74, 23, 64, 82, 112, 65, 0)
s = 93: (0, 19, 43, 16, 26, 104, 25, 146, 109, 66, 35, 0)
s = 94: (0, 19, 35, 15, 36, 83, 35, 146, 58, 137, 76, 0)
s = 95: (0, 18, 34, 13, 39, 84, 26, 119, 39, 71, 81, 0)
s = 96: (0, 14, 57, 23, 35, 91, 28, 68, 81, 151, 72, 0)
s = 97: (0, 21, 67, 12, 19, 75, 25, 144, 54, 98, 54, 0)
s = 98: (0, 21, 29, 17, 42, 41, 30, 110, 81, 122, 34, 0)
s = 99: (0, 26, 41, 11, 35, 56, 26, 151, 57, 59, 45, 0)
s = 100: (0, 23, 51, 13, 30, 91, 16, 68, 74, 123, 81, 0)
s = 101: (0, 34, 31, 13, 24, 109, 23, 147, 64, 84, 50, 0)
s = 102: (0, 25, 56, 15, 30, 38, 23, 150, 95, 112, 71, 0)
s = 103: (0, 17, 75, 16, 33, 76, 28, 58, 56, 84, 53, 0)
s = 104: (0, 27, 37, 16, 25, 57, 19, 91, 56, 93, 79, 0)
s = 105: (0, 18, 38, 11, 33, 62, 18, 142, 55, 87, 89, 0)
s = 106: (0, 21, 31, 14, 40, 86, 39, 186, 39, 117, 44, 0)
s = 107: (0, 23, 54, 12, 38, 55, 20, 82, 70, 192, 53, 0)
s = 108: (0, 19, 36, 14, 30, 99, 19, 116, 82, 109, 66, 0)
s = 109: (0, 30, 36, 10, 34, 89, 19, 136, 53, 81, 48, 0)
s = 110: (0, 14, 38, 18, 26, 70, 21, 91, 46, 109, 51, 0)
s = 111: (0, 27, 47, 10, 34, 54, 28, 128, 42, 90, 81, 0)
s = 112: (0, 19, 58, 15, 32, 54, 50, 140, 49, 73, 98, 0)
s = 113: (0, 24, 43, 15, 29, 54, 38, 168, 63, 82, 54, 0)
s = 114: (0, 21, 53, 17, 35, 70, 31, 65, 46, 124, 57, 0)
s = 115: (0, 26, 67, 14, 27, 126, 27, 64, 36, 148, 58, 0)
s = 116: (0, 14, 55, 15, 36, 51, 30, 201, 47, 72, 53, 0)
s = 117: (0, 19, 59, 13, 33, 101, 33, 106, 56, 123, 59, 0)
s = 118: (0, 16, 41, 16, 34, 84, 19, 77, 96, 100, 37, 0)
s = 119: (0, 26, 44, 21, 35, 122, 41, 122, 45, 73, 39, 0)
s = 120: (0, 24, 59, 21, 28, 73, 17, 91, 87, 98, 56, 0)
s = 121: (0, 13, 61, 13, 29, 53, 17, 112, 59, 93, 47, 0)
s = 122: (0, 15, 27, 19, 37, 56, 20, 69, 62, 152, 54, 0)
s = 123: (0, 30, 39, 9, 43, 98, 29, 110, 64, 103, 42, 0)
s = 124: (0, 20, 80, 18, 48, 84, 18, 95, 51, 161, 93, 0)
s = 125: (0, 21, 72, 18, 38, 51, 35, 128, 99, 84, 48, 0)
s = 126: (0, 26, 84, 20, 38, 81, 18, 165, 98, 118, 65, 0)
s = 127: (0, 28, 52, 17, 38, 65, 18, 59, 50, 91, 44, 0)
s = 128: (0, 16, 46, 24, 45, 61, 27, 126, 47, 61, 57, 0)
s = 129: (0, 15, 24, 19, 21, 59, 21, 83, 43, 136, 56, 0)
s = 130: (0, 24, 47, 17, 43, 103, 21, 137, 67, 105, 56, 0)
s = 131: (0, 16, 42, 13, 25, 44, 36, 113, 102, 129, 47, 0)
s = 132: (0, 32, 32, 20, 33, 91, 23, 73, 95, 118, 79, 0)
s = 133: (0, 19, 63, 13, 41, 59, 15, 127, 67, 64, 67, 0)
s = 134: (0, 27, 47, 21, 35, 66, 21, 83, 95, 68, 85, 0)
s = 135: (0, 17, 32, 13, 35, 93, 37, 99, 82, 110, 41, 0)
s = 136: (0, 13, 53, 12, 26, 57, 24, 78, 68, 67, 53, 0)
s = 137: (0, 14, 35, 18, 45, 46, 24, 84, 83, 123, 79, 0)
s = 138: (0, 18, 47, 13, 29, 44, 27, 95, 53, 97, 98, 0)
s = 139: (0, 19, 35, 22, 39, 111, 22, 94, 84, 60, 63, 0)
s = 140: (0, 17, 63, 14, 19, 72, 42, 81, 49, 84, 102, 0)
s = 141: (0, 13, 38, 24, 43, 86, 32, 74, 42, 141, 78, 0)
s = 142: (0, 15, 25, 20, 41, 44, 17, 128, 64, 141, 38, 0)
s = 143: (0, 19, 53, 15, 22, 107, 33, 73, 56, 87, 82, 0)
s = 144: (0, 19, 26, 9, 29, 53, 40, 122, 91, 85, 49, 0)
s = 145: (0, 13, 60, 25, 23, 95, 30, 76, 85, 180, 69, 0)
s = 146: (0, 20, 41, 20, 21, 85, 33, 71, 82, 66, 61, 0)
s = 147: (0, 24, 78, 25, 40, 88, 21, 70, 65, 80, 75, 0)
s = 148: (0, 18, 52, 12, 30, 58, 38, 116, 52, 88, 66, 0)
s = 149: (0, 23, 57, 16, 39, 78, 40, 113, 71, 143, 81, 0)
s = 150: (0, 15, 49, 16, 36, 50, 31, 93, 75, 164, 49, 0)
s = 151: (0, 16, 62, 14, 28, 63, 18, 95, 51, 134, 51, 0)
s = 152: (0, 20, 29, 14, 36, 118, 17, 110, 45, 114, 63, 0)
s = 153: (0, 22, 62, 24, 39, 48, 20, 87, 52, 61, 78, 0)
s = 154: (0, 21, 50, 12, 31, 54, 32, 82, 77, 82, 78, 0)
s = 155: (0, 27, 38, 20, 51, 65, 35, 122, 85, 80, 72, 0)
s = 156: (0, 15, 33, 21, 26, 59, 30, 174, 64, 110, 42, 0)
s = 157: (0, 34, 29, 16, 30, 43, 20, 123, 66, 102, 87, 0)
s = 158: (0, 26, 48, 10, 25, 90, 25, 61, 70, 134, 53, 0)
s = 159: (0, 28, 46, 12, 29, 76, 24, 103, 53, 57, 71, 0)
s = 160: (0, 18, 46, 10, 25, 76, 29, 135, 47, 65, 67, 0)
s = 161: (0, 33, 41, 20, 44, 54, 17, 102, 38, 70, 54, 0)
s = 162: (0, 21, 28, 13, 52, 95, 17, 68, 79, 103, 52, 0)
s = 163: (0, 12, 39, 20, 46, 74, 26, 150, 69, 99, 54, 0)
s = 164: (0, 16, 53, 23, 23, 65, 16, 88, 49, 75, 53, 0)
s = 165: (0, 30, 41, 16, 27, 77, 22, 74, 87, 69, 63, 0)
s = 166: (0, 25, 30, 14, 40, 90, 23, 72, 66, 58, 42, 0)
s = 167: (0, 22, 61, 16, 28, 81, 30, 131, 95, 125, 34, 0)
s = 168: (0, 19, 26, 15, 25, 66, 25, 121, 73, 71, 58, 0)
s = 169: (0, 26, 49, 18, 31, 94, 22, 82, 99, 90, 69, 0)
s = 170: (0, 29, 34, 14, 29, 73, 18, 123, 68, 70, 76, 0)
s = 171: (0, 15, 34, 13, 38, 102, 18, 104, 45, 117, 85, 0)
s = 172: (0, 19, 28, 21, 32, 61, 32, 92, 60, 62, 40, 0)
s = 173: (0, 15, 47, 16, 25, 67, 26, 113, 92, 83, 43, 0)
s = 174: (0, 16, 50, 18, 24, 69, 23, 166, 72, 106, 86, 0)
s = 175: (0, 13, 63, 23, 34, 71, 19, 136, 67, 157, 65, 0)
s = 176: (0, 24, 56, 14, 39, 70, 36, 66, 69, 175, 42, 0)
s = 177: (0, 16, 78, 11, 25, 98, 23, 82, 51, 112, 46, 0)
s = 178: (0, 20, 34, 20, 50, 47, 19, 67, 41, 116, 45, 0)
s = 179: (0, 22, 59, 20, 23, 65, 30, 112, 62, 89, 37, 0)
s = 180: (0, 28, 52, 19, 34, 99, 23, 106, 53, 61, 73, 0)
s = 181: (0, 22, 71, 15, 24, 67, 21, 80, 43, 144, 50, 0)
s = 182: (0, 29, 27, 14, 23, 60, 25, 136, 90, 85, 71, 0)
s = 183: (0, 20, 73, 12, 25, 74, 29, 96, 53, 74, 77, 0)
s = 184: (0, 21, 30, 16, 34, 61, 34, 92, 47, 100, 78, 0)
s = 185: (0, 30, 27, 17, 54, 83, 24, 113, 43, 102, 64, 0)
s = 186: (0, 20, 53, 20, 34, 92, 21, 198, 86, 103, 50, 0)
s = 187: (0, 18, 33, 11, 41, 44, 24, 85, 58, 134, 64, 0)
s = 188: (0, 21, 55, 20, 29, 94, 31, 103, 62, 112, 58, 0)
s = 189: (0, 13, 38, 15, 37, 62, 24, 142, 78, 113, 50, 0)
s = 190: (0, 24, 72, 14, 39, 93, 45, 155, 67, 142, 58, 0)
s = 191: (0, 17, 46, 11, 20, 84, 28, 72, 44, 86, 74, 0)
s = 192: (0, 14, 69, 13, 30, 93, 33, 80, 52, 117, 71, 0)
s = 193: (0, 27, 41, 17, 27, 97, 22, 124, 40, 134, 70, 0)
s = 194: (0, 31, 51, 15, 26, 49, 26, 92, 47, 149, 40, 0)
s = 195: (0, 18, 59, 10, 17, 53, 16, 67, 74, 95, 57, 0)
s = 196: (0, 27, 48, 14, 17, 77, 29, 101, 57, 87, 37, 0)
s = 197: (0, 28, 38, 10, 22, 62, 18, 95, 42, 115, 61, 0)
s = 198: (0, 35, 32, 16, 31, 99, 28, 109, 55, 79, 65, 0)
s = 199: (0, 16, 46, 10, 39, 60, 32, 138, 54, 106, 76, 0)
s = 200: (0, 15, 51, 10, 40, 65, 19, 110, 81, 154, 56, 0)
************************************************************************
ES/LS-VALUES:
jobnr.   ES(i)    LS(i)
------------------------------------------------------------------------
  0        0        0
  1        0       49
  2        0       57
  3        0       46
  4        1       51
  5        1       48
  6        8       61
  7        8       55
  8        5       65
  9        1       63
 10       15       63
 11       22       71
************************************************************************
BIG-M-VALUES:
M1 = 15, M2 = 201
************************************************************************
