************************************************************************
file with basedata            : mm36_.bas
initial value random generator: 1823086640
************************************************************************
projects                      :  1
jobs (incl. supersource/sink ):  12
horizon                       :  83
RESOURCES
  - renewable                 :  2   R
  - nonrenewable              :  2   N
  - doubly constrained        :  0   D
************************************************************************
PROJECT INFORMATION:
pronr.  #jobs rel.date duedate tardcost  MPM-Time
    1     10      0       20        0       20
************************************************************************
PRECEDENCE RELATIONS:
jobnr.    #modes  #successors   successors
   0        1          3           1   2   3
   1        3          3           4   5   6
   2        3          1           7
   3        3          3           4   6   7
   4        3          1           8
   5        3          1           7
   6        3          1           9
   7        3          2           8  10
   8        3          1          11
   9        3          1          11
  10        3          1          11
  11        1          0        
************************************************************************
REQUESTS/DURATIONS:
jobnr. mode duration  R 1  R 2  R 3  R 4  E(W 1)  E(W 2)  E(W 3)
------------------------------------------------------------------------
  0      1     0       0    0    0    0     0       0       0
  1      1     1       6   10    0    8    16       0       8
  2      1     6       7    9    0    6    96       0      36
  3      1     5       7    9    0    7    80       0      35
  4      1     3       8    4    5    0    36      15       0
  5      1     3       8    2    7    0    30      21       0
  6      1     8       7    8   10    0    120      80       0
  7      1     2      10    4    6    0    28      12       0
  8      1     1       6   10    7    0    16       7       0
  9      1     7       5    4    4    0    63      28       0
 10      1     2       6   10    0    7    32       0      14
 11      1     0       0    0    0    0     0       0       0
************************************************************************
RESOURCEAVAILABILITIES:
  R 1  R 2  R 3
   25   56   44
************************************************************************
RESOURCE LIMITS:
jobnr.  l(R 1)  u(R 1)  l(R 2)  u(R 2)  l(R 3)  u(R 3)
------------------------------------------------------------------------
  0        0       0       0       0       0       0
  1        8      16       0       0       4       8
  2        9      16       0       0       3       6
  3        9      16       0       0       4       7
  4        6      12       3       5       0       0
  5        5      10       4       7       0       0
  6        8      15       5      10       0       0
  7        7      14       3       6       0       0
  8        8      16       4       7       0       0
  9        5       9       2       4       0       0
 10        8      16       0       0       4       7
 11        0       0       0       0       0       0
************************************************************************
SCENARIOS:
------------------------------------------------------------------------
RESOURCE k = 1
s = 1: (0, 12, 66, 66, 31, 41, 156, 40, 23, 105, 30, 0)
s = 2: (0, 17, 80, 77, 47, 19, 121, 44, 15, 57, 37, 0)
s = 3: (0, 16, 113, 79, 33, 42, 144, 22, 21, 37, 55, 0)
s = 4: (0, 15, 116, 73, 23, 20, 73, 28, 25, 52, 23, 0)
s = 5: (0, 11, 70, 62, 60, 29, 135, 41, 9, 56, 24, 0)
s = 6: (0, 14, 98, 68, 33, 43, 175, 30, 24, 47, 28, 0)
s = 7: (0, 21, 52, 88, 46, 28, 137, 24, 19, 67, 32, 0)
s = 8: (0, 18, 145, 73, 25, 37, 124, 32, 20, 55, 30, 0)
s = 9: (0, 19, 121, 61, 54, 33, 140, 19, 14, 54, 30, 0)
s = 10: (0, 14, 123, 72, 36, 22, 109, 39, 18, 63, 40, 0)
s = 11: (0, 15, 80, 107, 32, 47, 106, 23, 21, 67, 27, 0)
s = 12: (0, 11, 183, 91, 40, 30, 136, 23, 13, 51, 29, 0)
s = 13: (0, 15, 78, 78, 48, 22, 115, 29, 14, 58, 40, 0)
s = 14: (0, 23, 104, 137, 38, 34, 135, 21, 13, 72, 25, 0)
s = 15: (0, 15, 55, 96, 30, 27, 62, 33, 13, 72, 28, 0)
s = 16: (0, 12, 68, 93, 32, 44, 156, 32, 18, 36, 43, 0)
s = 17: (0, 19, 91, 49, 49, 27, 81, 38, 12, 50, 38, 0)
s = 18: (0, 12, 66, 84, 36, 19, 173, 19, 22, 74, 23, 0)
s = 19: (0, 13, 115, 95, 50, 33, 87, 21, 24, 57, 22, 0)
s = 20: (0, 13, 71, 72, 48, 51, 164, 16, 22, 67, 46, 0)
s = 21: (0, 18, 149, 41, 21, 41, 128, 19, 14, 65, 30, 0)
s = 22: (0, 11, 94, 101, 30, 52, 118, 37, 17, 83, 42, 0)
s = 23: (0, 11, 76, 59, 29, 40, 199, 41, 13, 67, 30, 0)
s = 24: (0, 13, 141, 75, 23, 25, 90, 20, 10, 83, 20, 0)
s = 25: (0, 15, 82, 110, 33, 29, 136, 25, 12, 59, 30, 0)
s = 26: (0, 15, 87, 127, 38, 49, 160, 24, 14, 61, 39, 0)
s = 27: (0, 16, 90, 78, 33, 32, 90, 51, 29, 83, 36, 0)
s = 28: (0, 17, 100, 60, 47, 34, 166, 21, 11, 79, 19, 0)
s = 29: (0, 16, 106, 79, 32, 26, 179, 22, 18, 69, 36, 0)
s = 30: (0, 14, 164, 68, 22, 31, 105, 27, 12, 46, 23, 0)
s = 31: (0, 22, 79, 73, 32, 25, 178, 23, 10, 50, 23, 0)
s = 32: (0, 14, 136, 98, 36, 39, 136, 29, 23, 39, 25, 0)
s = 33: (0, 15, 102, 56, 41, 33, 80, 20, 22, 58, 34, 0)
s = 34: (0, 29, 88, 54, 20, 17, 115, 27, 23, 70, 34, 0)
s = 35: (0, 20, 84, 74, 42, 17, 113, 22, 19, 49, 21, 0)
s = 36: (0, 14, 113, 110, 61, 45, 108, 27, 17, 62, 41, 0)
s = 37: (0, 11, 97, 74, 61, 35, 103, 28, 12, 70, 44, 0)
s = 38: (0, 11, 95, 111, 35, 22, 132, 20, 15, 43, 26, 0)
s = 39: (0, 20, 56, 72, 26, 30, 128, 18, 17, 83, 33, 0)
s = 40: (0, 13, 107, 81, 46, 21, 202, 21, 11, 34, 40, 0)
s = 41: (0, 22, 153, 60, 26, 17, 147, 19, 13, 103, 34, 0)
s = 42: (0, 13, 119, 74, 46, 22, 149, 16, 17, 46, 24, 0)
s = 43: (0, 12, 64, 75, 25, 39, 95, 16, 19, 48, 51, 0)
s = 44: (0, 12, 89, 122, 33, 47, 112, 38, 19, 86, 51, 0)
s = 45: (0, 13, 82, 85, 34, 39, 98, 33, 11, 93, 23, 0)
s = 46: (0, 15, 59, 136, 44, 39, 120, 39, 12, 34, 30, 0)
s = 47: (0, 15, 105, 66, 24, 27, 132, 31, 12, 47, 43, 0)
s = 48: (0, 20, 61, 95, 46, 23, 94, 23, 9, 87, 17, 0)
s = 49: (0, 16, 92, 63, 44, 23, 169, 19, 25, 64, 53, 0)
s = 50: (0, 11, 70, 48, 34, 41, 95, 21, 22, 60, 23, 0)
s = 51: (0, 21, 55, 127, 41, 20, 155, 45, 11, 72, 19, 0)
s = 52: (0, 18, 81, 82, 36, 30, 157, 24, 10, 36, 26, 0)
s = 53: (0, 15, 89, 101, 39, 34, 117, 30, 14, 57, 30, 0)
s = 54: (0, 24, 76, 135, 41, 34, 138, 23, 27, 77, 46, 0)
s = 55: (0, 18, 132, 150, 19, 35, 173, 31, 12, 42, 50, 0)
s = 56: (0, 23, 128, 141, 38, 24, 180, 20, 13, 49, 30, 0)
s = 57: (0, 13, 77, 87, 40, 27, 101, 20, 25, 73, 23, 0)
s = 58: (0, 9, 89, 51, 31, 20, 66, 30, 19, 56, 25, 0)
s = 59: (0, 17, 66, 102, 54, 33, 107, 22, 15, 68, 38, 0)
s = 60: (0, 11, 176, 76, 43, 27, 68, 19, 13, 72, 26, 0)
s = 61: (0, 15, 110, 111, 20, 33, 108, 31, 13, 75, 18, 0)
s = 62: (0, 16, 130, 62, 29, 40, 87, 35, 14, 87, 32, 0)
s = 63: (0, 22, 54, 51, 57, 51, 125, 24, 10, 68, 24, 0)
s = 64: (0, 12, 99, 74, 48, 31, 143, 31, 18, 50, 24, 0)
s = 65: (0, 10, 133, 97, 38, 43, 124, 40, 19, 60, 27, 0)
s = 66: (0, 11, 94, 68, 21, 28, 84, 28, 26, 83, 45, 0)
s = 67: (0, 22, 83, 104, 34, 32, 156, 32, 15, 69, 41, 0)
s = 68: (0, 27, 123, 89, 36, 22, 141, 35, 11, 65, 24, 0)
s = 69: (0, 15, 90, 68, 21, 25, 159, 47, 11, 49, 34, 0)
s = 70: (0, 16, 78, 96, 46, 31, 91, 42, 16, 43, 47, 0)
s = 71: (0, 18, 100, 63, 27, 23, 96, 32, 27, 42, 27, 0)
s = 72: (0, 17, 99, 83, 41, 43, 90, 36, 19, 62, 40, 0)
s = 73: (0, 15, 71, 53, 22, 25, 133, 23, 13, 37, 26, 0)
s = 74: (0, 21, 141, 80, 24, 17, 219, 19, 16, 45, 28, 0)
s = 75: (0, 11, 90, 74, 49, 19, 167, 28, 18, 104, 27, 0)
s = 76: (0, 13, 102, 94, 29, 34, 115, 33, 22, 88, 44, 0)
s = 77: (0, 18, 68, 102, 45, 49, 87, 26, 10, 52, 23, 0)
s = 78: (0, 14, 117, 75, 36, 22, 82, 42, 25, 87, 42, 0)
s = 79: (0, 17, 54, 67, 23, 33, 99, 35, 12, 73, 44, 0)
s = 80: (0, 14, 150, 69, 25, 31, 71, 33, 18, 60, 25, 0)
s = 81: (0, 18, 99, 87, 48, 35, 102, 26, 19, 50, 34, 0)
s = 82: (0, 17, 94, 104, 26, 43, 91, 17, 13, 51, 21, 0)
s = 83: (0, 15, 161, 48, 32, 24, 83, 27, 28, 106, 48, 0)
s = 84: (0, 23, 104, 93, 34, 24, 127, 26, 17, 76, 24, 0)
s = 85: (0, 17, 131, 64, 43, 20, 100, 36, 16, 52, 31, 0)
s = 86: (0, 19, 96, 118, 27, 20, 79, 22, 16, 77, 30, 0)
s = 87: (0, 22, 106, 86, 33, 27, 129, 31, 20, 94, 38, 0)
s = 88: (0, 11, 75, 82, 26, 22, 98, 22, 21, 61, 29, 0)
s = 89: (0, 21, 53, 56, 52, 31, 142, 39, 16, 87, 31, 0)
s = 90: (0, 15, 74, 63, 31, 32, 152, 21, 18, 77, 37, 0)
s = 91: (0, 17, 92, 62, 32, 44, 149, 25, 24, 61, 19, 0)
s = 92: (0, 15, 123, 120, 42, 22, 242, 37, 13, 49, 30, 0)
s = 93: (0, 16, 103, 70, 43, 19, 97, 30, 19, 59, 49, 0)
s = 94: (0, 10, 84, 80, 48, 23, 83, 19, 14, 48, 26, 0)
s = 95: (0, 24, 79, 67, 32, 28, 117, 31, 12, 57, 33, 0)
s = 96: (0, 12, 114, 70, 32, 36, 169, 39, 15, 82, 42, 0)
s = 97: (0, 15, 102, 76, 33, 38, 93, 30, 18, 55, 35, 0)
s = 98: (0, 14, 49, 93, 31, 48, 111, 27, 9, 47, 36, 0)
s = 99: (0, 17, 132, 80, 35, 30, 82, 22, 14, 48, 26, 0)
s = 100: (0, 15, 68, 72, 26, 31, 67, 34, 13, 35, 30, 0)
s = 101: (0, 13, 91, 64, 20, 25, 129, 22, 9, 61, 30, 0)
s = 102: (0, 12, 97, 74, 39, 38, 87, 36, 12, 56, 46, 0)
s = 103: (0, 9, 105, 56, 23, 37, 125, 36, 21, 68, 30, 0)
s = 104: (0, 12, 70, 89, 36, 31, 111, 26, 13, 65, 23, 0)
s = 105: (0, 13, 81, 85, 32, 41, 109, 19, 22, 79, 34, 0)
s = 106: (0, 12, 64, 58, 32, 40, 134, 22, 17, 46, 21, 0)
s = 107: (0, 12, 71, 64, 21, 16, 113, 32, 18, 119, 37, 0)
s = 108: (0, 13, 65, 96, 23, 31, 138, 26, 15, 59, 37, 0)
s = 109: (0, 16, 60, 85, 26, 29, 84, 26, 14, 57, 51, 0)
s = 110: (0, 13, 119, 64, 41, 23, 120, 38, 16, 33, 24, 0)
s = 111: (0, 21, 66, 57, 42, 24, 127, 35, 9, 38, 29, 0)
s = 112: (0, 12, 94, 70, 34, 30, 80, 17, 11, 86, 40, 0)
s = 113: (0, 25, 134, 82, 35, 50, 141, 28, 18, 64, 38, 0)
s = 114: (0, 16, 91, 127, 36, 44, 172, 19, 19, 83, 28, 0)
s = 115: (0, 23, 95, 102, 32, 33, 166, 16, 24, 44, 27, 0)
s = 116: (0, 13, 78, 64, 58, 24, 129, 26, 15, 70, 23, 0)
s = 117: (0, 19, 99, 70, 26, 29, 164, 48, 17, 39, 57, 0)
s = 118: (0, 14, 92, 70, 48, 38, 123, 51, 16, 57, 33, 0)
s = 119: (0, 11, 59, 116, 35, 23, 121, 24, 14, 40, 46, 0)
s = 120: (0, 16, 123, 55, 35, 41, 89, 20, 16, 77, 20, 0)
s = 121: (0, 13, 161, 56, 27, 42, 127, 28, 16, 44, 29, 0)
s = 122: (0, 12, 119, 57, 34, 21, 67, 21, 23, 110, 29, 0)
s = 123: (0, 13, 56, 73, 42, 18, 136, 32, 11, 58, 20, 0)
s = 124: (0, 15, 151, 83, 34, 28, 172, 33, 14, 60, 31, 0)
s = 125: (0, 13, 66, 86, 31, 39, 129, 47, 17, 49, 42, 0)
s = 126: (0, 28, 112, 57, 30, 39, 135, 32, 11, 105, 38, 0)
s = 127: (0, 28, 76, 61, 48, 24, 78, 23, 11, 88, 42, 0)
s = 128: (0, 13, 57, 43, 29, 37, 74, 18, 19, 73, 49, 0)
s = 129: (0, 26, 78, 89, 29, 31, 108, 35, 21, 125, 23, 0)
s = 130: (0, 21, 91, 97, 35, 34, 70, 20, 15, 81, 28, 0)
s = 131: (0, 9, 177, 68, 51, 27, 151, 16, 14, 40, 34, 0)
s = 132: (0, 14, 90, 69, 56, 26, 139, 33, 17, 61, 25, 0)
s = 133: (0, 10, 86, 59, 47, 34, 201, 37, 14, 44, 33, 0)
s = 134: (0, 10, 148, 68, 24, 22, 90, 23, 14, 38, 32, 0)
s = 135: (0, 14, 90, 87, 50, 20, 105, 38, 16, 63, 37, 0)
s = 136: (0, 25, 60, 106, 31, 22, 130, 27, 17, 40, 22, 0)
s = 137: (0, 24, 65, 49, 23, 20, 79, 32, 18, 63, 35, 0)
s = 138: (0, 20, 58, 112, 36, 23, 169, 19, 15, 79, 37, 0)
s = 139: (0, 24, 85, 65, 35, 38, 104, 26, 21, 61, 27, 0)
s = 140: (0, 16, 99, 82, 22, 29, 97, 32, 21, 59, 24, 0)
s = 141: (0, 13, 112, 89, 51, 26, 84, 19, 20, 60, 45, 0)
s = 142: (0, 17, 172, 92, 58, 30, 137, 43, 15, 75, 38, 0)
s = 143: (0, 16, 117, 88, 31, 29, 130, 24, 20, 66, 35, 0)
s = 144: (0, 13, 87, 92, 24, 22, 144, 20, 20, 47, 32, 0)
s = 145: (0, 12, 107, 60, 31, 26, 162, 16, 19, 92, 29, 0)
s = 146: (0, 14, 112, 73, 27, 25, 161, 18, 23, 85, 36, 0)
s = 147: (0, 16, 91, 88, 24, 24, 107, 35, 18, 106, 47, 0)
s = 148: (0, 12, 71, 61, 21, 39, 111, 24, 13, 64, 34, 0)
s = 149: (0, 18, 107, 68, 36, 44, 131, 27, 16, 54, 32, 0)
s = 150: (0, 20, 115, 108, 23, 31, 164, 36, 12, 78, 33, 0)
s = 151: (0, 12, 53, 74, 36, 20, 100, 24, 19, 62, 30, 0)
s = 152: (0, 18, 93, 90, 51, 30, 86, 28, 22, 54, 32, 0)
s = 153: (0, 17, 77, 69, 41, 20, 108, 23, 11, 58, 19, 0)
s = 154: (0, 18, 133, 101, 28, 25, 134, 26, 9, 59, 35, 0)
s = 155: (0, 18, 172, 54, 28, 35, 114, 24, 13, 94, 21, 0)
s = 156: (0, 21, 76, 47, 53, 21, 111, 16, 18, 66, 22, 0)
s = 157: (0, 15, 60, 90, 47, 28, 70, 24, 16, 73, 20, 0)
s = 158: (0, 13, 94, 53, 33, 29, 107, 23, 18, 48, 44, 0)
s = 159: (0, 18, 97, 77, 32, 54, 99, 32, 24, 54, 46, 0)
s = 160: (0, 9, 77, 110, 29, 23, 173, 22, 20, 66, 40, 0)
s = 161: (0, 20, 89, 52, 53, 23, 87, 23, 23, 65, 27, 0)
s = 162: (0, 11, 94, 95, 32, 40, 118, 21, 14, 76, 17, 0)
s = 163: (0, 9, 61, 58, 29, 47, 167, 33, 12, 56, 28, 0)
s = 164: (0, 15, 106, 56, 58, 25, 200, 30, 13, 60, 64, 0)
s = 165: (0, 10, 70, 49, 26, 37, 147, 24, 19, 50, 24, 0)
s = 166: (0, 21, 76, 112, 26, 37, 178, 26, 19, 54, 22, 0)
s = 167: (0, 15, 160, 74, 32, 17, 144, 39, 30, 51, 25, 0)
s = 168: (0, 10, 75, 58, 37, 27, 96, 30, 12, 69, 53, 0)
s = 169: (0, 15, 104, 59, 32, 27, 72, 30, 12, 44, 37, 0)
s = 170: (0, 14, 184, 103, 32, 35, 103, 34, 11, 41, 26, 0)
s = 171: (0, 28, 67, 115, 48, 29, 126, 17, 17, 61, 32, 0)
s = 172: (0, 14, 101, 88, 42, 21, 89, 42, 24, 48, 50, 0)
s = 173: (0, 23, 85, 71, 33, 42, 78, 36, 19, 55, 28, 0)
s = 174: (0, 18, 121, 75, 52, 34, 70, 44, 13, 63, 43, 0)
s = 175: (0, 13, 114, 95, 29, 26, 143, 51, 16, 93, 48, 0)
s = 176: (0, 11, 119, 88, 45, 47, 100, 39, 13, 97, 23, 0)
s = 177: (0, 19, 62, 120, 28, 18, 143, 33, 21, 67, 29, 0)
s = 178: (0, 10, 155, 63, 43, 20, 208, 20, 15, 65, 34, 0)
s = 179: (0, 15, 63, 85, 47, 32, 144, 21, 12, 60, 29, 0)
s = 180: (0, 28, 93, 104, 39, 20, 99, 45, 17, 80, 40, 0)
s = 181: (0, 12, 83, 72, 34, 22, 150, 19, 12, 52, 31, 0)
s = 182: (0, 13, 69, 72, 39, 29, 66, 23, 18, 78, 30, 0)
s = 183: (0, 15, 111, 97, 28, 30, 149, 28, 17, 47, 24, 0)
s = 184: (0, 15, 111, 57, 52, 23, 162, 44, 20, 39, 23, 0)
s = 185: (0, 13, 94, 130, 29, 40, 192, 22, 12, 56, 33, 0)
s = 186: (0, 18, 90, 110, 26, 18, 84, 27, 14, 76, 31, 0)
s = 187: (0, 17, 83, 45, 26, 32, 148, 47, 21, 63, 35, 0)
s = 188: (0, 24, 79, 74, 25, 28, 87, 30, 23, 54, 36, 0)
s = 189: (0, 15, 94, 79, 38, 18, 94, 39, 13, 72, 22, 0)
s = 190: (0, 15, 72, 51, 26, 25, 158, 25, 19, 56, 35, 0)
s = 191: (0, 22, 119, 110, 23, 33, 153, 40, 15, 44, 21, 0)
s = 192: (0, 21, 102, 51, 32, 25, 194, 24, 13, 61, 31, 0)
s = 193: (0, 13, 87, 98, 32, 56, 103, 34, 13, 36, 45, 0)
s = 194: (0, 11, 107, 92, 26, 21, 124, 19, 17, 77, 23, 0)
s = 195: (0, 16, 102, 66, 31, 32, 130, 36, 15, 59, 24, 0)
s = 196: (0, 18, 106, 64, 28, 29, 129, 28, 17, 50, 32, 0)
s = 197: (0, 23, 147, 68, 45, 27, 154, 20, 15, 50, 25, 0)
s = 198: (0, 22, 109, 107, 36, 20, 101, 21, 11, 43, 32, 0)
s = 199: (0, 11, 95, 59, 63, 34, 119, 44, 16, 56, 41, 0)
s = 200: (0, 16, 111, 59, 38, 36, 132, 34, 11, 70, 40, 0)
------------------------------------------------------------------------
RESOURCE k = 2
s = 1: (0, 0, 0, 0, 13, 29, 104, 17, 11, 47, 0, 0)
s = 2: (0, 0, 0, 0, 20, 14, 81, 19, 7, 25, 0, 0)
s = 3: (0, 0, 0, 0, 14, 29, 96, 10, 9, 17, 0, 0)
s = 4: (0, 0, 0, 0, 10, 14, 49, 12, 11, 24, 0, 0)
s = 5: (0, 0, 0, 0, 25, 20, 90, 18, 4, 25, 0, 0)
s = 6: (0, 0, 0, 0, 14, 30, 117, 13, 11, 21, 0, 0)
s = 7: (0, 0, 0, 0, 19, 20, 91, 10, 9, 30, 0, 0)
s = 8: (0, 0, 0, 0, 11, 26, 83, 14, 9, 25, 0, 0)
s = 9: (0, 0, 0, 0, 23, 23, 94, 8, 6, 24, 0, 0)
s = 10: (0, 0, 0, 0, 15, 15, 73, 17, 8, 28, 0, 0)
s = 11: (0, 0, 0, 0, 13, 33, 71, 10, 9, 30, 0, 0)
s = 12: (0, 0, 0, 0, 17, 21, 91, 10, 6, 23, 0, 0)
s = 13: (0, 0, 0, 0, 20, 15, 77, 13, 6, 26, 0, 0)
s = 14: (0, 0, 0, 0, 16, 24, 90, 9, 6, 32, 0, 0)
s = 15: (0, 0, 0, 0, 13, 19, 41, 15, 6, 32, 0, 0)
s = 16: (0, 0, 0, 0, 14, 31, 104, 14, 8, 16, 0, 0)
s = 17: (0, 0, 0, 0, 21, 19, 54, 17, 5, 23, 0, 0)
s = 18: (0, 0, 0, 0, 15, 13, 115, 9, 10, 33, 0, 0)
s = 19: (0, 0, 0, 0, 21, 24, 58, 9, 11, 26, 0, 0)
s = 20: (0, 0, 0, 0, 20, 36, 110, 7, 10, 30, 0, 0)
s = 21: (0, 0, 0, 0, 9, 29, 85, 9, 7, 29, 0, 0)
s = 22: (0, 0, 0, 0, 13, 37, 79, 16, 8, 37, 0, 0)
s = 23: (0, 0, 0, 0, 13, 28, 133, 18, 6, 30, 0, 0)
s = 24: (0, 0, 0, 0, 10, 18, 60, 9, 5, 37, 0, 0)
s = 25: (0, 0, 0, 0, 14, 20, 91, 11, 6, 27, 0, 0)
s = 26: (0, 0, 0, 0, 16, 34, 107, 11, 7, 27, 0, 0)
s = 27: (0, 0, 0, 0, 14, 22, 60, 22, 13, 37, 0, 0)
s = 28: (0, 0, 0, 0, 20, 24, 111, 9, 5, 36, 0, 0)
s = 29: (0, 0, 0, 0, 14, 18, 119, 10, 8, 31, 0, 0)
s = 30: (0, 0, 0, 0, 10, 22, 70, 12, 5, 21, 0, 0)
s = 31: (0, 0, 0, 0, 14, 18, 119, 10, 5, 22, 0, 0)
s = 32: (0, 0, 0, 0, 15, 27, 91, 13, 11, 18, 0, 0)
s = 33: (0, 0, 0, 0, 18, 23, 54, 9, 10, 26, 0, 0)
s = 34: (0, 0, 0, 0, 9, 12, 77, 12, 10, 31, 0, 0)
s = 35: (0, 0, 0, 0, 18, 12, 75, 10, 8, 22, 0, 0)
s = 36: (0, 0, 0, 0, 26, 32, 72, 12, 8, 28, 0, 0)
s = 37: (0, 0, 0, 0, 26, 25, 69, 12, 5, 32, 0, 0)
s = 38: (0, 0, 0, 0, 15, 16, 88, 9, 7, 20, 0, 0)
s = 39: (0, 0, 0, 0, 11, 21, 85, 8, 8, 37, 0, 0)
s = 40: (0, 0, 0, 0, 20, 15, 135, 9, 5, 16, 0, 0)
s = 41: (0, 0, 0, 0, 11, 12, 98, 8, 6, 46, 0, 0)
s = 42: (0, 0, 0, 0, 20, 16, 100, 7, 8, 21, 0, 0)
s = 43: (0, 0, 0, 0, 11, 27, 63, 7, 8, 22, 0, 0)
s = 44: (0, 0, 0, 0, 14, 33, 75, 17, 9, 39, 0, 0)
s = 45: (0, 0, 0, 0, 14, 27, 66, 15, 5, 41, 0, 0)
s = 46: (0, 0, 0, 0, 19, 28, 80, 17, 5, 15, 0, 0)
s = 47: (0, 0, 0, 0, 10, 19, 88, 14, 5, 21, 0, 0)
s = 48: (0, 0, 0, 0, 19, 16, 63, 10, 4, 39, 0, 0)
s = 49: (0, 0, 0, 0, 19, 16, 113, 8, 11, 29, 0, 0)
s = 50: (0, 0, 0, 0, 14, 29, 64, 9, 10, 27, 0, 0)
s = 51: (0, 0, 0, 0, 18, 14, 104, 20, 5, 32, 0, 0)
s = 52: (0, 0, 0, 0, 15, 21, 105, 11, 5, 16, 0, 0)
s = 53: (0, 0, 0, 0, 17, 24, 78, 13, 6, 25, 0, 0)
s = 54: (0, 0, 0, 0, 17, 24, 92, 10, 12, 35, 0, 0)
s = 55: (0, 0, 0, 0, 8, 25, 116, 14, 5, 19, 0, 0)
s = 56: (0, 0, 0, 0, 16, 17, 120, 9, 6, 22, 0, 0)
s = 57: (0, 0, 0, 0, 17, 19, 68, 9, 11, 33, 0, 0)
s = 58: (0, 0, 0, 0, 13, 14, 44, 13, 9, 25, 0, 0)
s = 59: (0, 0, 0, 0, 23, 23, 71, 10, 7, 30, 0, 0)
s = 60: (0, 0, 0, 0, 18, 19, 46, 8, 6, 32, 0, 0)
s = 61: (0, 0, 0, 0, 9, 23, 72, 14, 6, 34, 0, 0)
s = 62: (0, 0, 0, 0, 12, 28, 58, 15, 6, 39, 0, 0)
s = 63: (0, 0, 0, 0, 24, 36, 83, 10, 5, 30, 0, 0)
s = 64: (0, 0, 0, 0, 20, 22, 95, 13, 8, 22, 0, 0)
s = 65: (0, 0, 0, 0, 16, 30, 83, 17, 9, 27, 0, 0)
s = 66: (0, 0, 0, 0, 9, 19, 56, 12, 12, 37, 0, 0)
s = 67: (0, 0, 0, 0, 15, 22, 104, 14, 7, 31, 0, 0)
s = 68: (0, 0, 0, 0, 15, 16, 94, 15, 5, 29, 0, 0)
s = 69: (0, 0, 0, 0, 9, 18, 106, 21, 5, 22, 0, 0)
s = 70: (0, 0, 0, 0, 20, 22, 61, 18, 7, 19, 0, 0)
s = 71: (0, 0, 0, 0, 11, 16, 64, 14, 12, 19, 0, 0)
s = 72: (0, 0, 0, 0, 18, 30, 60, 16, 8, 28, 0, 0)
s = 73: (0, 0, 0, 0, 10, 18, 89, 10, 6, 17, 0, 0)
s = 74: (0, 0, 0, 0, 10, 12, 146, 8, 7, 20, 0, 0)
s = 75: (0, 0, 0, 0, 21, 14, 111, 12, 8, 47, 0, 0)
s = 76: (0, 0, 0, 0, 12, 24, 77, 14, 10, 40, 0, 0)
s = 77: (0, 0, 0, 0, 19, 34, 58, 11, 5, 23, 0, 0)
s = 78: (0, 0, 0, 0, 15, 16, 55, 18, 11, 39, 0, 0)
s = 79: (0, 0, 0, 0, 10, 23, 66, 15, 6, 33, 0, 0)
s = 80: (0, 0, 0, 0, 11, 22, 47, 14, 8, 27, 0, 0)
s = 81: (0, 0, 0, 0, 20, 25, 68, 12, 9, 23, 0, 0)
s = 82: (0, 0, 0, 0, 11, 30, 61, 8, 6, 23, 0, 0)
s = 83: (0, 0, 0, 0, 14, 17, 56, 12, 12, 47, 0, 0)
s = 84: (0, 0, 0, 0, 14, 17, 85, 12, 8, 34, 0, 0)
s = 85: (0, 0, 0, 0, 18, 14, 67, 16, 7, 23, 0, 0)
s = 86: (0, 0, 0, 0, 12, 14, 53, 10, 7, 35, 0, 0)
s = 87: (0, 0, 0, 0, 14, 19, 86, 13, 9, 42, 0, 0)
s = 88: (0, 0, 0, 0, 11, 15, 66, 10, 9, 27, 0, 0)
s = 89: (0, 0, 0, 0, 22, 22, 95, 17, 7, 39, 0, 0)
s = 90: (0, 0, 0, 0, 13, 22, 101, 9, 8, 35, 0, 0)
s = 91: (0, 0, 0, 0, 14, 31, 99, 11, 11, 27, 0, 0)
s = 92: (0, 0, 0, 0, 18, 16, 161, 16, 6, 22, 0, 0)
s = 93: (0, 0, 0, 0, 18, 14, 65, 13, 9, 27, 0, 0)
s = 94: (0, 0, 0, 0, 20, 16, 56, 9, 6, 22, 0, 0)
s = 95: (0, 0, 0, 0, 14, 20, 78, 14, 5, 26, 0, 0)
s = 96: (0, 0, 0, 0, 14, 25, 113, 17, 7, 37, 0, 0)
s = 97: (0, 0, 0, 0, 14, 27, 62, 13, 8, 25, 0, 0)
s = 98: (0, 0, 0, 0, 13, 34, 74, 12, 4, 21, 0, 0)
s = 99: (0, 0, 0, 0, 15, 21, 55, 10, 7, 22, 0, 0)
s = 100: (0, 0, 0, 0, 11, 22, 45, 15, 6, 16, 0, 0)
s = 101: (0, 0, 0, 0, 8, 18, 86, 10, 4, 27, 0, 0)
s = 102: (0, 0, 0, 0, 17, 27, 58, 16, 5, 25, 0, 0)
s = 103: (0, 0, 0, 0, 10, 26, 84, 16, 10, 30, 0, 0)
s = 104: (0, 0, 0, 0, 15, 22, 74, 11, 6, 29, 0, 0)
s = 105: (0, 0, 0, 0, 13, 29, 73, 8, 10, 36, 0, 0)
s = 106: (0, 0, 0, 0, 14, 28, 89, 10, 8, 21, 0, 0)
s = 107: (0, 0, 0, 0, 9, 12, 75, 14, 8, 53, 0, 0)
s = 108: (0, 0, 0, 0, 10, 22, 92, 12, 7, 26, 0, 0)
s = 109: (0, 0, 0, 0, 11, 20, 56, 11, 6, 26, 0, 0)
s = 110: (0, 0, 0, 0, 18, 17, 80, 17, 7, 15, 0, 0)
s = 111: (0, 0, 0, 0, 18, 17, 85, 15, 4, 17, 0, 0)
s = 112: (0, 0, 0, 0, 14, 21, 54, 8, 5, 39, 0, 0)
s = 113: (0, 0, 0, 0, 15, 35, 94, 12, 8, 29, 0, 0)
s = 114: (0, 0, 0, 0, 15, 31, 115, 8, 8, 37, 0, 0)
s = 115: (0, 0, 0, 0, 14, 23, 111, 7, 11, 20, 0, 0)
s = 116: (0, 0, 0, 0, 25, 17, 86, 11, 7, 31, 0, 0)
s = 117: (0, 0, 0, 0, 11, 21, 109, 21, 8, 18, 0, 0)
s = 118: (0, 0, 0, 0, 20, 27, 82, 22, 7, 26, 0, 0)
s = 119: (0, 0, 0, 0, 15, 16, 81, 11, 7, 18, 0, 0)
s = 120: (0, 0, 0, 0, 15, 29, 59, 9, 7, 34, 0, 0)
s = 121: (0, 0, 0, 0, 12, 30, 85, 12, 7, 20, 0, 0)
s = 122: (0, 0, 0, 0, 14, 15, 45, 9, 11, 49, 0, 0)
s = 123: (0, 0, 0, 0, 18, 13, 91, 14, 5, 26, 0, 0)
s = 124: (0, 0, 0, 0, 14, 20, 115, 14, 6, 27, 0, 0)
s = 125: (0, 0, 0, 0, 13, 28, 86, 20, 8, 22, 0, 0)
s = 126: (0, 0, 0, 0, 13, 28, 90, 14, 5, 47, 0, 0)
s = 127: (0, 0, 0, 0, 20, 17, 52, 10, 5, 39, 0, 0)
s = 128: (0, 0, 0, 0, 13, 26, 50, 8, 9, 33, 0, 0)
s = 129: (0, 0, 0, 0, 12, 22, 72, 15, 9, 56, 0, 0)
s = 130: (0, 0, 0, 0, 15, 24, 47, 9, 7, 36, 0, 0)
s = 131: (0, 0, 0, 0, 22, 19, 101, 7, 6, 18, 0, 0)
s = 132: (0, 0, 0, 0, 24, 19, 93, 14, 8, 28, 0, 0)
s = 133: (0, 0, 0, 0, 20, 24, 134, 16, 6, 20, 0, 0)
s = 134: (0, 0, 0, 0, 10, 16, 60, 10, 6, 17, 0, 0)
s = 135: (0, 0, 0, 0, 21, 14, 70, 17, 7, 28, 0, 0)
s = 136: (0, 0, 0, 0, 13, 16, 87, 12, 8, 18, 0, 0)
s = 137: (0, 0, 0, 0, 10, 14, 53, 14, 8, 28, 0, 0)
s = 138: (0, 0, 0, 0, 15, 17, 113, 8, 7, 35, 0, 0)
s = 139: (0, 0, 0, 0, 15, 27, 69, 11, 10, 27, 0, 0)
s = 140: (0, 0, 0, 0, 9, 20, 65, 14, 9, 26, 0, 0)
s = 141: (0, 0, 0, 0, 22, 18, 56, 9, 9, 27, 0, 0)
s = 142: (0, 0, 0, 0, 24, 21, 92, 19, 7, 34, 0, 0)
s = 143: (0, 0, 0, 0, 13, 20, 87, 10, 9, 30, 0, 0)
s = 144: (0, 0, 0, 0, 10, 16, 96, 9, 9, 21, 0, 0)
s = 145: (0, 0, 0, 0, 13, 18, 108, 7, 8, 41, 0, 0)
s = 146: (0, 0, 0, 0, 12, 18, 107, 8, 10, 38, 0, 0)
s = 147: (0, 0, 0, 0, 10, 17, 71, 15, 8, 48, 0, 0)
s = 148: (0, 0, 0, 0, 9, 27, 74, 10, 6, 29, 0, 0)
s = 149: (0, 0, 0, 0, 15, 31, 88, 12, 7, 24, 0, 0)
s = 150: (0, 0, 0, 0, 10, 22, 109, 16, 6, 35, 0, 0)
s = 151: (0, 0, 0, 0, 15, 14, 67, 10, 9, 28, 0, 0)
s = 152: (0, 0, 0, 0, 22, 21, 58, 12, 10, 24, 0, 0)
s = 153: (0, 0, 0, 0, 17, 14, 72, 10, 5, 26, 0, 0)
s = 154: (0, 0, 0, 0, 12, 17, 89, 11, 4, 26, 0, 0)
s = 155: (0, 0, 0, 0, 12, 25, 76, 10, 6, 42, 0, 0)
s = 156: (0, 0, 0, 0, 22, 15, 74, 7, 8, 30, 0, 0)
s = 157: (0, 0, 0, 0, 20, 20, 47, 10, 7, 33, 0, 0)
s = 158: (0, 0, 0, 0, 14, 20, 72, 10, 8, 22, 0, 0)
s = 159: (0, 0, 0, 0, 14, 38, 66, 14, 11, 24, 0, 0)
s = 160: (0, 0, 0, 0, 12, 16, 115, 10, 9, 30, 0, 0)
s = 161: (0, 0, 0, 0, 22, 16, 58, 10, 11, 29, 0, 0)
s = 162: (0, 0, 0, 0, 14, 28, 79, 9, 7, 34, 0, 0)
s = 163: (0, 0, 0, 0, 13, 33, 112, 14, 6, 25, 0, 0)
s = 164: (0, 0, 0, 0, 25, 17, 133, 13, 6, 27, 0, 0)
s = 165: (0, 0, 0, 0, 11, 26, 98, 10, 9, 23, 0, 0)
s = 166: (0, 0, 0, 0, 11, 26, 119, 12, 8, 24, 0, 0)
s = 167: (0, 0, 0, 0, 14, 12, 96, 17, 13, 23, 0, 0)
s = 168: (0, 0, 0, 0, 16, 19, 64, 13, 6, 31, 0, 0)
s = 169: (0, 0, 0, 0, 14, 19, 48, 13, 5, 20, 0, 0)
s = 170: (0, 0, 0, 0, 14, 24, 69, 15, 5, 19, 0, 0)
s = 171: (0, 0, 0, 0, 20, 21, 84, 8, 8, 27, 0, 0)
s = 172: (0, 0, 0, 0, 18, 15, 60, 18, 11, 22, 0, 0)
s = 173: (0, 0, 0, 0, 14, 29, 52, 16, 9, 25, 0, 0)
s = 174: (0, 0, 0, 0, 22, 24, 47, 19, 6, 28, 0, 0)
s = 175: (0, 0, 0, 0, 12, 18, 96, 22, 7, 42, 0, 0)
s = 176: (0, 0, 0, 0, 19, 33, 67, 17, 6, 44, 0, 0)
s = 177: (0, 0, 0, 0, 12, 12, 95, 14, 9, 30, 0, 0)
s = 178: (0, 0, 0, 0, 18, 14, 139, 9, 7, 29, 0, 0)
s = 179: (0, 0, 0, 0, 20, 22, 96, 9, 6, 27, 0, 0)
s = 180: (0, 0, 0, 0, 17, 14, 66, 20, 8, 36, 0, 0)
s = 181: (0, 0, 0, 0, 15, 16, 100, 8, 6, 24, 0, 0)
s = 182: (0, 0, 0, 0, 16, 21, 44, 10, 8, 35, 0, 0)
s = 183: (0, 0, 0, 0, 12, 21, 99, 12, 8, 21, 0, 0)
s = 184: (0, 0, 0, 0, 22, 16, 108, 19, 9, 17, 0, 0)
s = 185: (0, 0, 0, 0, 12, 28, 128, 10, 5, 25, 0, 0)
s = 186: (0, 0, 0, 0, 11, 13, 56, 12, 6, 34, 0, 0)
s = 187: (0, 0, 0, 0, 11, 22, 99, 20, 10, 28, 0, 0)
s = 188: (0, 0, 0, 0, 11, 20, 58, 13, 10, 24, 0, 0)
s = 189: (0, 0, 0, 0, 16, 13, 63, 17, 6, 32, 0, 0)
s = 190: (0, 0, 0, 0, 11, 17, 106, 11, 8, 25, 0, 0)
s = 191: (0, 0, 0, 0, 10, 23, 102, 17, 7, 20, 0, 0)
s = 192: (0, 0, 0, 0, 13, 18, 129, 11, 6, 27, 0, 0)
s = 193: (0, 0, 0, 0, 14, 39, 69, 15, 6, 16, 0, 0)
s = 194: (0, 0, 0, 0, 11, 15, 83, 9, 8, 34, 0, 0)
s = 195: (0, 0, 0, 0, 13, 22, 87, 16, 7, 26, 0, 0)
s = 196: (0, 0, 0, 0, 12, 21, 86, 12, 8, 22, 0, 0)
s = 197: (0, 0, 0, 0, 19, 19, 103, 9, 7, 22, 0, 0)
s = 198: (0, 0, 0, 0, 15, 14, 68, 9, 5, 19, 0, 0)
s = 199: (0, 0, 0, 0, 26, 24, 80, 19, 7, 25, 0, 0)
s = 200: (0, 0, 0, 0, 16, 25, 88, 15, 5, 31, 0, 0)
------------------------------------------------------------------------
RESOURCE k = 3
s = 1: (0, 6, 25, 29, 0, 0, 0, 0, 0, 0, 13, 0)
s = 2: (0, 9, 30, 34, 0, 0, 0, 0, 0, 0, 16, 0)
s = 3: (0, 8, 43, 35, 0, 0, 0, 0, 0, 0, 24, 0)
s = 4: (0, 8, 44, 32, 0, 0, 0, 0, 0, 0, 10, 0)
s = 5: (0, 6, 27, 27, 0, 0, 0, 0, 0, 0, 11, 0)
s = 6: (0, 7, 37, 30, 0, 0, 0, 0, 0, 0, 12, 0)
s = 7: (0, 11, 20, 39, 0, 0, 0, 0, 0, 0, 14, 0)
s = 8: (0, 9, 55, 32, 0, 0, 0, 0, 0, 0, 13, 0)
s = 9: (0, 10, 46, 27, 0, 0, 0, 0, 0, 0, 13, 0)
s = 10: (0, 7, 46, 32, 0, 0, 0, 0, 0, 0, 18, 0)
s = 11: (0, 8, 30, 47, 0, 0, 0, 0, 0, 0, 12, 0)
s = 12: (0, 6, 69, 40, 0, 0, 0, 0, 0, 0, 13, 0)
s = 13: (0, 8, 29, 34, 0, 0, 0, 0, 0, 0, 18, 0)
s = 14: (0, 12, 39, 60, 0, 0, 0, 0, 0, 0, 11, 0)
s = 15: (0, 8, 21, 42, 0, 0, 0, 0, 0, 0, 13, 0)
s = 16: (0, 6, 26, 41, 0, 0, 0, 0, 0, 0, 19, 0)
s = 17: (0, 10, 35, 22, 0, 0, 0, 0, 0, 0, 17, 0)
s = 18: (0, 6, 25, 37, 0, 0, 0, 0, 0, 0, 11, 0)
s = 19: (0, 7, 44, 42, 0, 0, 0, 0, 0, 0, 10, 0)
s = 20: (0, 7, 27, 32, 0, 0, 0, 0, 0, 0, 20, 0)
s = 21: (0, 9, 56, 18, 0, 0, 0, 0, 0, 0, 13, 0)
s = 22: (0, 6, 35, 44, 0, 0, 0, 0, 0, 0, 19, 0)
s = 23: (0, 6, 29, 26, 0, 0, 0, 0, 0, 0, 13, 0)
s = 24: (0, 7, 53, 33, 0, 0, 0, 0, 0, 0, 9, 0)
s = 25: (0, 8, 31, 48, 0, 0, 0, 0, 0, 0, 13, 0)
s = 26: (0, 8, 33, 56, 0, 0, 0, 0, 0, 0, 17, 0)
s = 27: (0, 8, 34, 34, 0, 0, 0, 0, 0, 0, 16, 0)
s = 28: (0, 9, 38, 27, 0, 0, 0, 0, 0, 0, 9, 0)
s = 29: (0, 8, 40, 35, 0, 0, 0, 0, 0, 0, 16, 0)
s = 30: (0, 7, 62, 30, 0, 0, 0, 0, 0, 0, 10, 0)
s = 31: (0, 11, 30, 32, 0, 0, 0, 0, 0, 0, 11, 0)
s = 32: (0, 7, 51, 43, 0, 0, 0, 0, 0, 0, 11, 0)
s = 33: (0, 8, 39, 25, 0, 0, 0, 0, 0, 0, 15, 0)
s = 34: (0, 15, 33, 24, 0, 0, 0, 0, 0, 0, 15, 0)
s = 35: (0, 10, 32, 33, 0, 0, 0, 0, 0, 0, 9, 0)
s = 36: (0, 7, 43, 49, 0, 0, 0, 0, 0, 0, 18, 0)
s = 37: (0, 6, 37, 33, 0, 0, 0, 0, 0, 0, 19, 0)
s = 38: (0, 6, 36, 49, 0, 0, 0, 0, 0, 0, 12, 0)
s = 39: (0, 10, 21, 32, 0, 0, 0, 0, 0, 0, 15, 0)
s = 40: (0, 7, 40, 36, 0, 0, 0, 0, 0, 0, 18, 0)
s = 41: (0, 11, 58, 26, 0, 0, 0, 0, 0, 0, 15, 0)
s = 42: (0, 7, 45, 33, 0, 0, 0, 0, 0, 0, 11, 0)
s = 43: (0, 6, 24, 33, 0, 0, 0, 0, 0, 0, 23, 0)
s = 44: (0, 6, 34, 54, 0, 0, 0, 0, 0, 0, 23, 0)
s = 45: (0, 7, 31, 38, 0, 0, 0, 0, 0, 0, 10, 0)
s = 46: (0, 8, 22, 60, 0, 0, 0, 0, 0, 0, 13, 0)
s = 47: (0, 8, 40, 29, 0, 0, 0, 0, 0, 0, 19, 0)
s = 48: (0, 10, 23, 42, 0, 0, 0, 0, 0, 0, 8, 0)
s = 49: (0, 8, 35, 28, 0, 0, 0, 0, 0, 0, 23, 0)
s = 50: (0, 6, 27, 21, 0, 0, 0, 0, 0, 0, 10, 0)
s = 51: (0, 11, 21, 56, 0, 0, 0, 0, 0, 0, 9, 0)
s = 52: (0, 9, 31, 36, 0, 0, 0, 0, 0, 0, 12, 0)
s = 53: (0, 8, 34, 44, 0, 0, 0, 0, 0, 0, 13, 0)
s = 54: (0, 12, 29, 59, 0, 0, 0, 0, 0, 0, 20, 0)
s = 55: (0, 9, 50, 66, 0, 0, 0, 0, 0, 0, 22, 0)
s = 56: (0, 12, 48, 62, 0, 0, 0, 0, 0, 0, 14, 0)
s = 57: (0, 7, 29, 38, 0, 0, 0, 0, 0, 0, 10, 0)
s = 58: (0, 5, 34, 23, 0, 0, 0, 0, 0, 0, 11, 0)
s = 59: (0, 9, 25, 45, 0, 0, 0, 0, 0, 0, 17, 0)
s = 60: (0, 6, 66, 33, 0, 0, 0, 0, 0, 0, 12, 0)
s = 61: (0, 8, 42, 49, 0, 0, 0, 0, 0, 0, 8, 0)
s = 62: (0, 8, 49, 27, 0, 0, 0, 0, 0, 0, 14, 0)
s = 63: (0, 11, 21, 23, 0, 0, 0, 0, 0, 0, 11, 0)
s = 64: (0, 6, 37, 33, 0, 0, 0, 0, 0, 0, 11, 0)
s = 65: (0, 5, 50, 43, 0, 0, 0, 0, 0, 0, 12, 0)
s = 66: (0, 6, 36, 30, 0, 0, 0, 0, 0, 0, 20, 0)
s = 67: (0, 11, 31, 46, 0, 0, 0, 0, 0, 0, 18, 0)
s = 68: (0, 14, 46, 39, 0, 0, 0, 0, 0, 0, 11, 0)
s = 69: (0, 8, 34, 30, 0, 0, 0, 0, 0, 0, 15, 0)
s = 70: (0, 8, 30, 42, 0, 0, 0, 0, 0, 0, 21, 0)
s = 71: (0, 9, 38, 28, 0, 0, 0, 0, 0, 0, 12, 0)
s = 72: (0, 9, 37, 36, 0, 0, 0, 0, 0, 0, 18, 0)
s = 73: (0, 8, 27, 24, 0, 0, 0, 0, 0, 0, 12, 0)
s = 74: (0, 11, 53, 35, 0, 0, 0, 0, 0, 0, 12, 0)
s = 75: (0, 6, 34, 33, 0, 0, 0, 0, 0, 0, 12, 0)
s = 76: (0, 7, 39, 41, 0, 0, 0, 0, 0, 0, 20, 0)
s = 77: (0, 9, 26, 45, 0, 0, 0, 0, 0, 0, 11, 0)
s = 78: (0, 7, 44, 33, 0, 0, 0, 0, 0, 0, 19, 0)
s = 79: (0, 9, 21, 30, 0, 0, 0, 0, 0, 0, 20, 0)
s = 80: (0, 7, 57, 31, 0, 0, 0, 0, 0, 0, 11, 0)
s = 81: (0, 9, 38, 38, 0, 0, 0, 0, 0, 0, 15, 0)
s = 82: (0, 9, 36, 46, 0, 0, 0, 0, 0, 0, 9, 0)
s = 83: (0, 8, 61, 21, 0, 0, 0, 0, 0, 0, 21, 0)
s = 84: (0, 12, 39, 41, 0, 0, 0, 0, 0, 0, 11, 0)
s = 85: (0, 9, 49, 28, 0, 0, 0, 0, 0, 0, 14, 0)
s = 86: (0, 10, 36, 52, 0, 0, 0, 0, 0, 0, 13, 0)
s = 87: (0, 11, 40, 38, 0, 0, 0, 0, 0, 0, 17, 0)
s = 88: (0, 6, 29, 36, 0, 0, 0, 0, 0, 0, 13, 0)
s = 89: (0, 11, 20, 25, 0, 0, 0, 0, 0, 0, 14, 0)
s = 90: (0, 8, 28, 28, 0, 0, 0, 0, 0, 0, 17, 0)
s = 91: (0, 9, 35, 27, 0, 0, 0, 0, 0, 0, 8, 0)
s = 92: (0, 8, 46, 53, 0, 0, 0, 0, 0, 0, 14, 0)
s = 93: (0, 8, 39, 31, 0, 0, 0, 0, 0, 0, 22, 0)
s = 94: (0, 5, 32, 35, 0, 0, 0, 0, 0, 0, 12, 0)
s = 95: (0, 12, 30, 30, 0, 0, 0, 0, 0, 0, 15, 0)
s = 96: (0, 6, 43, 31, 0, 0, 0, 0, 0, 0, 18, 0)
s = 97: (0, 8, 38, 33, 0, 0, 0, 0, 0, 0, 16, 0)
s = 98: (0, 7, 19, 41, 0, 0, 0, 0, 0, 0, 16, 0)
s = 99: (0, 9, 50, 35, 0, 0, 0, 0, 0, 0, 12, 0)
s = 100: (0, 8, 26, 32, 0, 0, 0, 0, 0, 0, 13, 0)
s = 101: (0, 7, 35, 28, 0, 0, 0, 0, 0, 0, 13, 0)
s = 102: (0, 6, 37, 32, 0, 0, 0, 0, 0, 0, 20, 0)
s = 103: (0, 5, 40, 25, 0, 0, 0, 0, 0, 0, 14, 0)
s = 104: (0, 6, 27, 39, 0, 0, 0, 0, 0, 0, 10, 0)
s = 105: (0, 7, 31, 37, 0, 0, 0, 0, 0, 0, 15, 0)
s = 106: (0, 6, 24, 26, 0, 0, 0, 0, 0, 0, 9, 0)
s = 107: (0, 6, 27, 28, 0, 0, 0, 0, 0, 0, 16, 0)
s = 108: (0, 7, 25, 42, 0, 0, 0, 0, 0, 0, 17, 0)
s = 109: (0, 8, 23, 37, 0, 0, 0, 0, 0, 0, 23, 0)
s = 110: (0, 7, 45, 28, 0, 0, 0, 0, 0, 0, 11, 0)
s = 111: (0, 11, 25, 25, 0, 0, 0, 0, 0, 0, 13, 0)
s = 112: (0, 6, 36, 31, 0, 0, 0, 0, 0, 0, 18, 0)
s = 113: (0, 13, 50, 36, 0, 0, 0, 0, 0, 0, 17, 0)
s = 114: (0, 8, 34, 56, 0, 0, 0, 0, 0, 0, 12, 0)
s = 115: (0, 12, 36, 45, 0, 0, 0, 0, 0, 0, 12, 0)
s = 116: (0, 7, 29, 28, 0, 0, 0, 0, 0, 0, 11, 0)
s = 117: (0, 10, 37, 31, 0, 0, 0, 0, 0, 0, 25, 0)
s = 118: (0, 7, 35, 31, 0, 0, 0, 0, 0, 0, 15, 0)
s = 119: (0, 6, 23, 51, 0, 0, 0, 0, 0, 0, 20, 0)
s = 120: (0, 8, 46, 24, 0, 0, 0, 0, 0, 0, 9, 0)
s = 121: (0, 7, 61, 25, 0, 0, 0, 0, 0, 0, 13, 0)
s = 122: (0, 6, 45, 25, 0, 0, 0, 0, 0, 0, 13, 0)
s = 123: (0, 7, 21, 32, 0, 0, 0, 0, 0, 0, 9, 0)
s = 124: (0, 8, 57, 37, 0, 0, 0, 0, 0, 0, 14, 0)
s = 125: (0, 7, 25, 38, 0, 0, 0, 0, 0, 0, 19, 0)
s = 126: (0, 14, 42, 25, 0, 0, 0, 0, 0, 0, 17, 0)
s = 127: (0, 14, 29, 27, 0, 0, 0, 0, 0, 0, 19, 0)
s = 128: (0, 7, 22, 19, 0, 0, 0, 0, 0, 0, 22, 0)
s = 129: (0, 13, 29, 39, 0, 0, 0, 0, 0, 0, 11, 0)
s = 130: (0, 11, 35, 43, 0, 0, 0, 0, 0, 0, 12, 0)
s = 131: (0, 5, 67, 30, 0, 0, 0, 0, 0, 0, 15, 0)
s = 132: (0, 7, 34, 30, 0, 0, 0, 0, 0, 0, 11, 0)
s = 133: (0, 5, 33, 26, 0, 0, 0, 0, 0, 0, 15, 0)
s = 134: (0, 5, 56, 30, 0, 0, 0, 0, 0, 0, 14, 0)
s = 135: (0, 7, 34, 38, 0, 0, 0, 0, 0, 0, 17, 0)
s = 136: (0, 13, 23, 47, 0, 0, 0, 0, 0, 0, 10, 0)
s = 137: (0, 12, 25, 22, 0, 0, 0, 0, 0, 0, 16, 0)
s = 138: (0, 10, 22, 49, 0, 0, 0, 0, 0, 0, 17, 0)
s = 139: (0, 12, 32, 29, 0, 0, 0, 0, 0, 0, 12, 0)
s = 140: (0, 8, 37, 36, 0, 0, 0, 0, 0, 0, 11, 0)
s = 141: (0, 7, 42, 39, 0, 0, 0, 0, 0, 0, 20, 0)
s = 142: (0, 9, 65, 40, 0, 0, 0, 0, 0, 0, 17, 0)
s = 143: (0, 8, 44, 39, 0, 0, 0, 0, 0, 0, 16, 0)
s = 144: (0, 7, 33, 41, 0, 0, 0, 0, 0, 0, 14, 0)
s = 145: (0, 6, 40, 27, 0, 0, 0, 0, 0, 0, 13, 0)
s = 146: (0, 7, 42, 32, 0, 0, 0, 0, 0, 0, 16, 0)
s = 147: (0, 8, 34, 39, 0, 0, 0, 0, 0, 0, 21, 0)
s = 148: (0, 6, 27, 27, 0, 0, 0, 0, 0, 0, 15, 0)
s = 149: (0, 9, 41, 30, 0, 0, 0, 0, 0, 0, 14, 0)
s = 150: (0, 10, 43, 47, 0, 0, 0, 0, 0, 0, 15, 0)
s = 151: (0, 6, 20, 33, 0, 0, 0, 0, 0, 0, 14, 0)
s = 152: (0, 9, 35, 40, 0, 0, 0, 0, 0, 0, 14, 0)
s = 153: (0, 9, 29, 30, 0, 0, 0, 0, 0, 0, 9, 0)
s = 154: (0, 9, 50, 45, 0, 0, 0, 0, 0, 0, 16, 0)
s = 155: (0, 9, 65, 24, 0, 0, 0, 0, 0, 0, 10, 0)
s = 156: (0, 11, 29, 21, 0, 0, 0, 0, 0, 0, 10, 0)
s = 157: (0, 8, 23, 40, 0, 0, 0, 0, 0, 0, 9, 0)
s = 158: (0, 7, 36, 23, 0, 0, 0, 0, 0, 0, 20, 0)
s = 159: (0, 9, 37, 34, 0, 0, 0, 0, 0, 0, 21, 0)
s = 160: (0, 5, 29, 49, 0, 0, 0, 0, 0, 0, 18, 0)
s = 161: (0, 10, 34, 23, 0, 0, 0, 0, 0, 0, 12, 0)
s = 162: (0, 6, 35, 42, 0, 0, 0, 0, 0, 0, 8, 0)
s = 163: (0, 5, 23, 26, 0, 0, 0, 0, 0, 0, 13, 0)
s = 164: (0, 8, 40, 25, 0, 0, 0, 0, 0, 0, 28, 0)
s = 165: (0, 5, 27, 22, 0, 0, 0, 0, 0, 0, 11, 0)
s = 166: (0, 11, 29, 49, 0, 0, 0, 0, 0, 0, 10, 0)
s = 167: (0, 8, 60, 33, 0, 0, 0, 0, 0, 0, 11, 0)
s = 168: (0, 5, 28, 26, 0, 0, 0, 0, 0, 0, 24, 0)
s = 169: (0, 8, 39, 26, 0, 0, 0, 0, 0, 0, 17, 0)
s = 170: (0, 7, 69, 45, 0, 0, 0, 0, 0, 0, 12, 0)
s = 171: (0, 14, 26, 51, 0, 0, 0, 0, 0, 0, 14, 0)
s = 172: (0, 7, 38, 39, 0, 0, 0, 0, 0, 0, 22, 0)
s = 173: (0, 12, 32, 31, 0, 0, 0, 0, 0, 0, 13, 0)
s = 174: (0, 9, 46, 33, 0, 0, 0, 0, 0, 0, 19, 0)
s = 175: (0, 7, 43, 42, 0, 0, 0, 0, 0, 0, 21, 0)
s = 176: (0, 6, 45, 39, 0, 0, 0, 0, 0, 0, 10, 0)
s = 177: (0, 10, 24, 53, 0, 0, 0, 0, 0, 0, 13, 0)
s = 178: (0, 5, 59, 28, 0, 0, 0, 0, 0, 0, 15, 0)
s = 179: (0, 8, 24, 37, 0, 0, 0, 0, 0, 0, 13, 0)
s = 180: (0, 14, 35, 46, 0, 0, 0, 0, 0, 0, 18, 0)
s = 181: (0, 6, 32, 32, 0, 0, 0, 0, 0, 0, 14, 0)
s = 182: (0, 7, 26, 32, 0, 0, 0, 0, 0, 0, 13, 0)
s = 183: (0, 8, 42, 43, 0, 0, 0, 0, 0, 0, 11, 0)
s = 184: (0, 8, 42, 25, 0, 0, 0, 0, 0, 0, 10, 0)
s = 185: (0, 7, 35, 57, 0, 0, 0, 0, 0, 0, 15, 0)
s = 186: (0, 9, 34, 49, 0, 0, 0, 0, 0, 0, 14, 0)
s = 187: (0, 9, 31, 20, 0, 0, 0, 0, 0, 0, 16, 0)
s = 188: (0, 12, 30, 33, 0, 0, 0, 0, 0, 0, 16, 0)
s = 189: (0, 8, 36, 35, 0, 0, 0, 0, 0, 0, 10, 0)
s = 190: (0, 8, 27, 23, 0, 0, 0, 0, 0, 0, 16, 0)
s = 191: (0, 11, 45, 49, 0, 0, 0, 0, 0, 0, 10, 0)
s = 192: (0, 11, 39, 23, 0, 0, 0, 0, 0, 0, 14, 0)
s = 193: (0, 7, 33, 43, 0, 0, 0, 0, 0, 0, 20, 0)
s = 194: (0, 6, 40, 41, 0, 0, 0, 0, 0, 0, 10, 0)
s = 195: (0, 8, 38, 29, 0, 0, 0, 0, 0, 0, 11, 0)
s = 196: (0, 9, 40, 28, 0, 0, 0, 0, 0, 0, 14, 0)
s = 197: (0, 12, 55, 30, 0, 0, 0, 0, 0, 0, 11, 0)
s = 198: (0, 11, 41, 47, 0, 0, 0, 0, 0, 0, 14, 0)
s = 199: (0, 6, 36, 26, 0, 0, 0, 0, 0, 0, 18, 0)
s = 200: (0, 8, 42, 26, 0, 0, 0, 0, 0, 0, 18, 0)
************************************************************************
ES/LS-VALUES:
jobnr.   ES(i)    LS(i)
------------------------------------------------------------------------
  0        0        0
  1        0       50
  2        0       63
  3        0       42
  4        9       75
  5        1       69
  6        9       52
  7       11       75
  8       14       81
  9       25       69
 10       14       79
 11       39       83
************************************************************************
BIG-M-VALUES:
M1 = 80, M2 = 456
************************************************************************
