************************************************************************
file with basedata            : mm34_.bas
initial value random generator: 907653256
************************************************************************
projects                      :  1
jobs (incl. supersource/sink ):  12
horizon                       :  73
RESOURCES
  - renewable                 :  2   R
  - nonrenewable              :  2   N
  - doubly constrained        :  0   D
************************************************************************
PROJECT INFORMATION:
pronr.  #jobs rel.date duedate tardcost  MPM-Time
    1     10      0       10        9       10
************************************************************************
PRECEDENCE RELATIONS:
jobnr.    #modes  #successors   successors
   0        1          3           1   2   3
   1        3          3           4   7  10
   2        3          2           5  10
   3        3          1           8
   4        3          2           8   9
   5        3          2           6   9
   6        3          1           7
   7        3          1           8
   8        3          1          11
   9        3          1          11
  10        3          1          11
  11        1          0        
************************************************************************
REQUESTS/DURATIONS:
jobnr. mode duration  R 1  R 2  R 3  R 4  E(W 1)  E(W 2)
------------------------------------------------------------------------
  0      1     0       0    0    0    0     0       0
  1      1     4       7    4    0    8    44      32
  2      1     1       6    7   10    0    13      10
  3      1     2       6   10    7    0    32      14
  4      1     1       7    5    3    0    12       3
  5      1     3      10    7    0    9    51      27
  6      1     2      10   10   10    0    40      20
  7      1     3       8    7    5    0    45      15
  8      1     1       4    7   10    0    11      10
  9      1     1       9    8    6    0    17       6
 10      1     4       6    3    0    4    36      16
 11      1     0       0    0    0    0     0       0
************************************************************************
RESOURCEAVAILABILITIES:
  R 1  R 2
   22   60
************************************************************************
RESOURCE LIMITS:
jobnr.  l(R 1)  u(R 1)  l(R 2)  u(R 2)
------------------------------------------------------------------------
  0        0       0       0       0
  1        6      11       4       8
  2        7      13       5      10
  3        8      16       4       7
  4        7      12       2       3
  5        9      17       5       9
  6       10      20       5      10
  7        8      15       3       5
  8        6      11       5      10
  9        9      17       3       6
 10        5       9       2       4
 11        0       0       0       0
************************************************************************
SCENARIOS:
------------------------------------------------------------------------
RESOURCE k = 1
s = 1: (0, 55, 12, 46, 13, 48, 51, 65, 13, 10, 23, 0)
s = 2: (0, 32, 15, 34, 11, 43, 36, 41, 10, 12, 40, 0)
s = 3: (0, 49, 12, 28, 7, 43, 27, 33, 8, 17, 51, 0)
s = 4: (0, 59, 14, 52, 19, 54, 40, 76, 11, 18, 27, 0)
s = 5: (0, 46, 13, 21, 12, 33, 37, 60, 16, 17, 21, 0)
s = 6: (0, 73, 17, 40, 14, 70, 54, 57, 15, 22, 20, 0)
s = 7: (0, 57, 18, 30, 14, 66, 28, 47, 12, 24, 23, 0)
s = 8: (0, 53, 17, 22, 20, 37, 30, 34, 18, 13, 46, 0)
s = 9: (0, 75, 14, 41, 14, 63, 64, 49, 13, 13, 29, 0)
s = 10: (0, 40, 16, 40, 9, 74, 28, 45, 10, 18, 24, 0)
s = 11: (0, 62, 21, 36, 10, 35, 36, 44, 7, 17, 23, 0)
s = 12: (0, 32, 10, 21, 15, 62, 24, 43, 16, 19, 27, 0)
s = 13: (0, 45, 16, 32, 13, 61, 42, 54, 10, 23, 39, 0)
s = 14: (0, 27, 15, 34, 13, 38, 42, 41, 10, 21, 24, 0)
s = 15: (0, 50, 12, 35, 11, 62, 69, 57, 12, 15, 27, 0)
s = 16: (0, 61, 16, 29, 12, 34, 36, 46, 15, 25, 27, 0)
s = 17: (0, 50, 9, 29, 10, 38, 48, 48, 8, 19, 35, 0)
s = 18: (0, 37, 12, 28, 13, 70, 36, 40, 10, 17, 36, 0)
s = 19: (0, 35, 14, 32, 16, 29, 29, 49, 16, 16, 34, 0)
s = 20: (0, 50, 16, 25, 13, 63, 35, 41, 7, 12, 35, 0)
s = 21: (0, 30, 7, 28, 17, 35, 34, 66, 14, 12, 30, 0)
s = 22: (0, 30, 12, 43, 23, 45, 55, 44, 8, 16, 26, 0)
s = 23: (0, 38, 15, 38, 14, 55, 26, 71, 9, 31, 33, 0)
s = 24: (0, 43, 16, 35, 12, 42, 48, 34, 9, 16, 46, 0)
s = 25: (0, 27, 22, 59, 16, 34, 42, 53, 12, 22, 62, 0)
s = 26: (0, 60, 24, 18, 10, 52, 46, 54, 9, 21, 30, 0)
s = 27: (0, 37, 15, 24, 9, 56, 50, 28, 13, 11, 35, 0)
s = 28: (0, 52, 8, 30, 8, 82, 25, 28, 8, 10, 26, 0)
s = 29: (0, 55, 19, 31, 16, 47, 43, 68, 10, 17, 23, 0)
s = 30: (0, 49, 12, 38, 11, 54, 50, 78, 13, 13, 31, 0)
s = 31: (0, 34, 15, 36, 9, 33, 39, 38, 13, 17, 23, 0)
s = 32: (0, 39, 9, 30, 13, 94, 46, 37, 15, 13, 21, 0)
s = 33: (0, 63, 21, 25, 18, 40, 37, 44, 10, 15, 36, 0)
s = 34: (0, 49, 11, 31, 18, 46, 33, 44, 14, 25, 47, 0)
s = 35: (0, 30, 10, 36, 12, 59, 50, 53, 17, 15, 53, 0)
s = 36: (0, 34, 15, 42, 13, 42, 45, 36, 7, 18, 29, 0)
s = 37: (0, 33, 12, 40, 13, 70, 33, 47, 12, 13, 26, 0)
s = 38: (0, 29, 14, 38, 12, 76, 34, 33, 9, 17, 36, 0)
s = 39: (0, 61, 14, 36, 10, 39, 31, 45, 16, 11, 39, 0)
s = 40: (0, 39, 12, 40, 14, 77, 48, 73, 10, 17, 38, 0)
s = 41: (0, 33, 9, 43, 11, 61, 38, 52, 18, 29, 44, 0)
s = 42: (0, 63, 10, 42, 15, 40, 52, 32, 11, 17, 22, 0)
s = 43: (0, 35, 8, 25, 18, 58, 34, 40, 7, 15, 45, 0)
s = 44: (0, 48, 7, 25, 11, 53, 34, 37, 14, 21, 32, 0)
s = 45: (0, 24, 11, 24, 12, 51, 39, 32, 6, 21, 58, 0)
s = 46: (0, 56, 9, 19, 17, 36, 24, 42, 8, 24, 28, 0)
s = 47: (0, 58, 11, 40, 13, 83, 34, 33, 13, 12, 24, 0)
s = 48: (0, 37, 14, 37, 11, 72, 38, 64, 11, 20, 41, 0)
s = 49: (0, 34, 11, 40, 10, 63, 49, 30, 9, 18, 34, 0)
s = 50: (0, 50, 23, 40, 12, 52, 57, 32, 8, 22, 35, 0)
s = 51: (0, 59, 9, 26, 12, 79, 46, 45, 15, 12, 23, 0)
s = 52: (0, 49, 14, 41, 11, 35, 47, 28, 11, 10, 27, 0)
s = 53: (0, 37, 18, 31, 11, 54, 35, 44, 13, 25, 42, 0)
s = 54: (0, 55, 20, 35, 9, 41, 30, 47, 9, 18, 24, 0)
s = 55: (0, 71, 13, 25, 15, 30, 33, 29, 12, 15, 38, 0)
s = 56: (0, 76, 15, 24, 11, 40, 28, 52, 9, 11, 42, 0)
s = 57: (0, 44, 11, 37, 12, 44, 21, 38, 14, 12, 22, 0)
s = 58: (0, 55, 17, 32, 9, 48, 69, 50, 14, 16, 49, 0)
s = 59: (0, 38, 14, 52, 10, 49, 40, 40, 11, 22, 21, 0)
s = 60: (0, 33, 17, 28, 10, 67, 25, 38, 10, 14, 62, 0)
s = 61: (0, 31, 14, 30, 14, 44, 24, 42, 9, 14, 47, 0)
s = 62: (0, 29, 12, 22, 16, 39, 27, 31, 9, 14, 19, 0)
s = 63: (0, 28, 8, 40, 12, 43, 36, 57, 17, 20, 20, 0)
s = 64: (0, 47, 17, 18, 13, 38, 46, 43, 14, 12, 24, 0)
s = 65: (0, 27, 15, 30, 13, 33, 22, 38, 10, 12, 47, 0)
s = 66: (0, 34, 21, 27, 13, 77, 32, 38, 14, 20, 29, 0)
s = 67: (0, 38, 8, 44, 14, 56, 49, 57, 7, 16, 32, 0)
s = 68: (0, 40, 8, 35, 11, 75, 46, 31, 15, 14, 35, 0)
s = 69: (0, 38, 9, 39, 15, 33, 32, 30, 12, 17, 25, 0)
s = 70: (0, 27, 23, 48, 9, 37, 34, 38, 11, 17, 30, 0)
s = 71: (0, 49, 9, 37, 14, 64, 72, 44, 13, 16, 21, 0)
s = 72: (0, 40, 24, 30, 10, 58, 58, 27, 8, 13, 37, 0)
s = 73: (0, 32, 13, 34, 10, 60, 38, 24, 8, 21, 26, 0)
s = 74: (0, 39, 12, 32, 10, 36, 23, 38, 9, 23, 28, 0)
s = 75: (0, 37, 11, 49, 13, 31, 57, 36, 12, 17, 27, 0)
s = 76: (0, 62, 8, 51, 14, 69, 21, 40, 10, 18, 30, 0)
s = 77: (0, 37, 11, 44, 8, 56, 39, 29, 9, 24, 44, 0)
s = 78: (0, 43, 9, 29, 10, 42, 34, 27, 16, 15, 27, 0)
s = 79: (0, 84, 16, 43, 13, 72, 43, 40, 11, 13, 32, 0)
s = 80: (0, 44, 20, 27, 12, 28, 50, 35, 8, 15, 39, 0)
s = 81: (0, 49, 9, 35, 10, 58, 51, 43, 10, 24, 42, 0)
s = 82: (0, 38, 21, 24, 11, 47, 28, 38, 11, 11, 32, 0)
s = 83: (0, 69, 16, 34, 16, 31, 42, 66, 12, 16, 25, 0)
s = 84: (0, 58, 15, 29, 8, 41, 49, 42, 14, 21, 37, 0)
s = 85: (0, 28, 13, 23, 12, 61, 44, 53, 14, 15, 40, 0)
s = 86: (0, 57, 13, 44, 12, 37, 50, 31, 10, 22, 41, 0)
s = 87: (0, 42, 10, 39, 12, 37, 70, 58, 11, 12, 38, 0)
s = 88: (0, 38, 21, 46, 9, 43, 31, 43, 8, 19, 25, 0)
s = 89: (0, 37, 13, 56, 19, 46, 28, 37, 10, 15, 37, 0)
s = 90: (0, 49, 12, 30, 9, 45, 34, 85, 7, 17, 22, 0)
s = 91: (0, 60, 14, 45, 16, 86, 30, 63, 7, 11, 30, 0)
s = 92: (0, 28, 10, 38, 8, 48, 53, 36, 9, 17, 20, 0)
s = 93: (0, 57, 21, 46, 9, 31, 37, 41, 10, 24, 47, 0)
s = 94: (0, 82, 13, 17, 11, 39, 34, 37, 14, 14, 42, 0)
s = 95: (0, 28, 14, 24, 14, 31, 34, 26, 8, 20, 31, 0)
s = 96: (0, 61, 9, 21, 8, 87, 51, 54, 15, 20, 28, 0)
s = 97: (0, 37, 15, 27, 19, 45, 36, 27, 8, 24, 24, 0)
s = 98: (0, 52, 10, 34, 15, 43, 34, 41, 14, 11, 28, 0)
s = 99: (0, 32, 12, 22, 10, 54, 48, 46, 10, 11, 35, 0)
s = 100: (0, 43, 7, 46, 14, 40, 26, 50, 10, 12, 36, 0)
s = 101: (0, 48, 11, 32, 13, 42, 33, 26, 11, 20, 53, 0)
s = 102: (0, 54, 20, 29, 8, 67, 45, 47, 10, 16, 34, 0)
s = 103: (0, 66, 12, 29, 11, 33, 53, 30, 11, 24, 53, 0)
s = 104: (0, 40, 16, 47, 11, 61, 39, 36, 8, 16, 49, 0)
s = 105: (0, 32, 20, 40, 17, 68, 55, 26, 12, 17, 24, 0)
s = 106: (0, 27, 13, 27, 18, 31, 46, 52, 9, 14, 30, 0)
s = 107: (0, 34, 11, 34, 21, 29, 58, 43, 13, 14, 55, 0)
s = 108: (0, 24, 11, 28, 9, 54, 35, 55, 11, 27, 52, 0)
s = 109: (0, 52, 12, 28, 12, 51, 31, 73, 11, 20, 36, 0)
s = 110: (0, 44, 10, 39, 17, 54, 23, 28, 7, 25, 24, 0)
s = 111: (0, 36, 21, 24, 14, 49, 42, 38, 14, 23, 57, 0)
s = 112: (0, 68, 12, 29, 20, 50, 50, 31, 14, 22, 35, 0)
s = 113: (0, 43, 10, 18, 16, 35, 33, 62, 11, 14, 35, 0)
s = 114: (0, 36, 14, 22, 7, 74, 40, 48, 13, 12, 35, 0)
s = 115: (0, 53, 16, 35, 12, 37, 48, 40, 9, 14, 29, 0)
s = 116: (0, 45, 19, 39, 9, 52, 27, 68, 10, 12, 25, 0)
s = 117: (0, 53, 19, 32, 12, 56, 48, 33, 13, 11, 54, 0)
s = 118: (0, 27, 10, 29, 13, 56, 34, 47, 8, 14, 44, 0)
s = 119: (0, 65, 17, 23, 9, 46, 48, 24, 11, 12, 31, 0)
s = 120: (0, 40, 15, 58, 8, 50, 35, 56, 11, 21, 23, 0)
s = 121: (0, 53, 12, 18, 9, 51, 34, 54, 21, 27, 44, 0)
s = 122: (0, 65, 14, 38, 14, 54, 44, 52, 9, 15, 68, 0)
s = 123: (0, 32, 11, 41, 12, 46, 24, 68, 12, 20, 23, 0)
s = 124: (0, 46, 9, 38, 12, 41, 41, 40, 15, 19, 32, 0)
s = 125: (0, 63, 9, 34, 11, 37, 21, 38, 10, 15, 30, 0)
s = 126: (0, 51, 17, 31, 9, 35, 27, 82, 17, 15, 35, 0)
s = 127: (0, 49, 10, 25, 13, 40, 43, 50, 7, 23, 26, 0)
s = 128: (0, 63, 17, 50, 16, 44, 39, 63, 9, 16, 29, 0)
s = 129: (0, 56, 15, 27, 8, 36, 35, 37, 13, 25, 32, 0)
s = 130: (0, 64, 14, 20, 15, 84, 59, 41, 17, 22, 35, 0)
s = 131: (0, 55, 15, 29, 7, 53, 31, 36, 6, 23, 25, 0)
s = 132: (0, 30, 19, 40, 9, 59, 56, 43, 12, 16, 52, 0)
s = 133: (0, 29, 20, 45, 10, 46, 41, 43, 18, 22, 36, 0)
s = 134: (0, 32, 17, 20, 10, 70, 36, 58, 9, 13, 29, 0)
s = 135: (0, 57, 19, 42, 10, 44, 36, 36, 11, 18, 29, 0)
s = 136: (0, 48, 11, 34, 8, 47, 38, 42, 14, 20, 53, 0)
s = 137: (0, 68, 15, 35, 10, 85, 25, 33, 13, 11, 25, 0)
s = 138: (0, 31, 11, 17, 10, 60, 42, 40, 14, 19, 24, 0)
s = 139: (0, 39, 9, 23, 13, 41, 34, 29, 12, 15, 52, 0)
s = 140: (0, 47, 17, 25, 17, 34, 46, 28, 18, 20, 25, 0)
s = 141: (0, 28, 13, 40, 12, 84, 25, 60, 9, 14, 27, 0)
s = 142: (0, 47, 9, 31, 16, 67, 54, 52, 16, 14, 34, 0)
s = 143: (0, 41, 14, 39, 8, 53, 55, 35, 9, 15, 45, 0)
s = 144: (0, 25, 15, 23, 15, 40, 35, 51, 13, 21, 34, 0)
s = 145: (0, 57, 13, 46, 17, 56, 32, 38, 9, 30, 35, 0)
s = 146: (0, 36, 18, 46, 12, 60, 66, 36, 11, 15, 24, 0)
s = 147: (0, 41, 12, 36, 14, 64, 42, 53, 10, 15, 42, 0)
s = 148: (0, 43, 9, 45, 14, 71, 29, 65, 7, 27, 47, 0)
s = 149: (0, 54, 11, 25, 12, 86, 30, 49, 14, 14, 36, 0)
s = 150: (0, 28, 17, 32, 10, 45, 40, 40, 14, 22, 41, 0)
s = 151: (0, 41, 13, 27, 12, 86, 58, 80, 9, 29, 29, 0)
s = 152: (0, 48, 16, 36, 10, 46, 68, 47, 7, 11, 25, 0)
s = 153: (0, 44, 11, 42, 12, 49, 22, 43, 14, 13, 42, 0)
s = 154: (0, 43, 12, 18, 12, 41, 50, 41, 11, 16, 31, 0)
s = 155: (0, 41, 13, 35, 13, 63, 29, 52, 14, 21, 32, 0)
s = 156: (0, 32, 13, 41, 8, 47, 71, 57, 10, 20, 48, 0)
s = 157: (0, 30, 11, 29, 12, 41, 24, 53, 8, 20, 28, 0)
s = 158: (0, 59, 16, 21, 11, 53, 37, 43, 14, 15, 38, 0)
s = 159: (0, 55, 12, 29, 17, 52, 26, 31, 17, 17, 33, 0)
s = 160: (0, 61, 11, 29, 9, 47, 39, 67, 9, 15, 37, 0)
s = 161: (0, 56, 16, 27, 14, 49, 32, 37, 12, 22, 43, 0)
s = 162: (0, 30, 20, 28, 19, 34, 26, 34, 9, 22, 47, 0)
s = 163: (0, 56, 12, 19, 13, 57, 41, 49, 16, 17, 40, 0)
s = 164: (0, 84, 16, 29, 11, 55, 38, 35, 14, 12, 29, 0)
s = 165: (0, 59, 11, 28, 15, 71, 43, 39, 9, 12, 43, 0)
s = 166: (0, 81, 10, 23, 9, 57, 39, 48, 15, 23, 37, 0)
s = 167: (0, 55, 16, 25, 15, 48, 42, 53, 11, 26, 21, 0)
s = 168: (0, 29, 16, 22, 14, 35, 45, 37, 8, 13, 37, 0)
s = 169: (0, 47, 8, 24, 16, 67, 27, 40, 7, 15, 48, 0)
s = 170: (0, 31, 11, 37, 20, 75, 56, 46, 15, 28, 29, 0)
s = 171: (0, 36, 16, 26, 19, 59, 37, 26, 11, 20, 61, 0)
s = 172: (0, 57, 18, 19, 14, 53, 26, 37, 15, 15, 26, 0)
s = 173: (0, 53, 12, 27, 15, 51, 31, 71, 11, 16, 47, 0)
s = 174: (0, 36, 12, 33, 9, 33, 68, 36, 10, 13, 48, 0)
s = 175: (0, 26, 18, 25, 10, 40, 37, 41, 20, 13, 26, 0)
s = 176: (0, 36, 13, 23, 14, 49, 50, 46, 11, 14, 55, 0)
s = 177: (0, 57, 14, 40, 15, 70, 51, 41, 10, 16, 30, 0)
s = 178: (0, 28, 13, 41, 16, 39, 26, 43, 14, 12, 38, 0)
s = 179: (0, 30, 25, 41, 12, 46, 35, 28, 7, 21, 34, 0)
s = 180: (0, 37, 9, 27, 10, 49, 29, 30, 13, 15, 42, 0)
s = 181: (0, 45, 12, 39, 11, 58, 60, 40, 12, 10, 50, 0)
s = 182: (0, 73, 16, 50, 10, 34, 63, 41, 12, 24, 41, 0)
s = 183: (0, 67, 9, 27, 14, 64, 24, 60, 7, 14, 29, 0)
s = 184: (0, 60, 15, 36, 9, 45, 48, 28, 7, 18, 26, 0)
s = 185: (0, 80, 15, 36, 19, 64, 37, 25, 7, 19, 58, 0)
s = 186: (0, 45, 10, 33, 10, 82, 32, 45, 8, 15, 27, 0)
s = 187: (0, 72, 17, 25, 13, 55, 23, 28, 9, 11, 39, 0)
s = 188: (0, 33, 14, 37, 10, 47, 60, 34, 7, 10, 43, 0)
s = 189: (0, 45, 13, 46, 11, 44, 58, 47, 9, 26, 48, 0)
s = 190: (0, 26, 17, 21, 13, 33, 29, 52, 9, 19, 39, 0)
s = 191: (0, 51, 12, 21, 10, 55, 35, 45, 12, 15, 29, 0)
s = 192: (0, 50, 16, 51, 14, 46, 38, 45, 9, 13, 31, 0)
s = 193: (0, 46, 9, 34, 12, 65, 23, 44, 10, 17, 47, 0)
s = 194: (0, 33, 11, 56, 16, 77, 26, 43, 9, 13, 41, 0)
s = 195: (0, 30, 11, 38, 19, 44, 45, 52, 12, 14, 35, 0)
s = 196: (0, 67, 19, 22, 14, 55, 35, 60, 12, 27, 22, 0)
s = 197: (0, 62, 13, 49, 13, 29, 57, 61, 18, 20, 23, 0)
s = 198: (0, 33, 10, 35, 12, 64, 37, 63, 10, 13, 31, 0)
s = 199: (0, 42, 10, 33, 11, 54, 31, 50, 13, 15, 32, 0)
s = 200: (0, 50, 19, 17, 19, 28, 41, 40, 9, 13, 29, 0)
------------------------------------------------------------------------
RESOURCE k = 2
s = 1: (0, 40, 9, 20, 4, 26, 26, 22, 11, 4, 11, 0)
s = 2: (0, 23, 12, 15, 3, 23, 18, 14, 9, 4, 18, 0)
s = 3: (0, 36, 9, 13, 2, 23, 14, 11, 8, 6, 23, 0)
s = 4: (0, 43, 11, 23, 5, 29, 20, 26, 10, 7, 12, 0)
s = 5: (0, 33, 10, 10, 3, 18, 19, 20, 15, 6, 10, 0)
s = 6: (0, 53, 13, 18, 4, 37, 27, 19, 13, 8, 9, 0)
s = 7: (0, 42, 14, 14, 4, 35, 14, 16, 11, 9, 10, 0)
s = 8: (0, 39, 13, 10, 5, 20, 15, 12, 17, 5, 21, 0)
s = 9: (0, 54, 11, 18, 4, 34, 32, 17, 12, 5, 13, 0)
s = 10: (0, 29, 12, 18, 3, 39, 14, 15, 9, 7, 11, 0)
s = 11: (0, 45, 16, 16, 3, 19, 18, 15, 6, 6, 11, 0)
s = 12: (0, 23, 8, 9, 4, 33, 12, 15, 15, 7, 12, 0)
s = 13: (0, 33, 13, 14, 4, 32, 21, 18, 9, 9, 18, 0)
s = 14: (0, 20, 12, 15, 4, 20, 21, 14, 10, 8, 11, 0)
s = 15: (0, 36, 10, 16, 3, 33, 35, 19, 11, 6, 12, 0)
s = 16: (0, 45, 12, 13, 3, 18, 18, 16, 14, 9, 12, 0)
s = 17: (0, 36, 7, 13, 3, 20, 24, 16, 8, 7, 16, 0)
s = 18: (0, 27, 10, 13, 4, 37, 18, 14, 9, 6, 16, 0)
s = 19: (0, 25, 11, 14, 4, 15, 15, 17, 15, 6, 15, 0)
s = 20: (0, 36, 13, 11, 4, 34, 18, 14, 7, 4, 16, 0)
s = 21: (0, 22, 6, 13, 5, 19, 17, 22, 13, 5, 14, 0)
s = 22: (0, 22, 10, 19, 6, 24, 28, 15, 7, 6, 12, 0)
s = 23: (0, 28, 12, 17, 4, 29, 13, 24, 8, 11, 15, 0)
s = 24: (0, 32, 13, 15, 3, 22, 24, 12, 9, 6, 21, 0)
s = 25: (0, 20, 17, 26, 4, 18, 21, 18, 11, 8, 28, 0)
s = 26: (0, 44, 18, 8, 3, 28, 23, 18, 8, 8, 14, 0)
s = 27: (0, 27, 12, 11, 3, 30, 25, 10, 12, 4, 16, 0)
s = 28: (0, 38, 6, 13, 2, 44, 13, 10, 7, 4, 12, 0)
s = 29: (0, 40, 15, 14, 4, 25, 22, 23, 9, 6, 10, 0)
s = 30: (0, 35, 9, 17, 3, 29, 25, 26, 12, 5, 14, 0)
s = 31: (0, 25, 12, 16, 3, 18, 20, 13, 12, 6, 11, 0)
s = 32: (0, 29, 7, 13, 4, 50, 23, 13, 14, 5, 9, 0)
s = 33: (0, 46, 16, 11, 5, 22, 19, 15, 9, 6, 16, 0)
s = 34: (0, 36, 8, 14, 5, 25, 17, 15, 13, 9, 21, 0)
s = 35: (0, 22, 8, 16, 3, 32, 25, 18, 16, 5, 24, 0)
s = 36: (0, 25, 12, 19, 4, 22, 23, 12, 7, 7, 13, 0)
s = 37: (0, 24, 10, 18, 4, 37, 17, 16, 11, 5, 12, 0)
s = 38: (0, 21, 11, 17, 3, 41, 17, 11, 8, 6, 16, 0)
s = 39: (0, 44, 11, 16, 3, 21, 16, 15, 14, 4, 18, 0)
s = 40: (0, 28, 9, 18, 4, 41, 24, 25, 9, 6, 17, 0)
s = 41: (0, 24, 7, 19, 3, 32, 19, 18, 16, 11, 20, 0)
s = 42: (0, 46, 7, 19, 4, 22, 26, 11, 10, 6, 10, 0)
s = 43: (0, 26, 6, 11, 5, 31, 17, 14, 7, 6, 20, 0)
s = 44: (0, 35, 6, 11, 3, 28, 17, 13, 13, 8, 15, 0)
s = 45: (0, 17, 9, 11, 3, 27, 20, 11, 6, 8, 26, 0)
s = 46: (0, 41, 7, 9, 5, 20, 12, 14, 8, 9, 13, 0)
s = 47: (0, 43, 9, 18, 4, 44, 17, 11, 12, 4, 11, 0)
s = 48: (0, 27, 11, 16, 3, 39, 19, 22, 10, 7, 19, 0)
s = 49: (0, 25, 8, 18, 3, 34, 25, 10, 8, 7, 15, 0)
s = 50: (0, 37, 18, 18, 3, 28, 29, 11, 8, 8, 16, 0)
s = 51: (0, 43, 7, 12, 3, 42, 23, 15, 13, 5, 11, 0)
s = 52: (0, 35, 11, 18, 3, 19, 24, 10, 10, 4, 12, 0)
s = 53: (0, 27, 14, 14, 3, 29, 18, 15, 12, 9, 19, 0)
s = 54: (0, 40, 16, 16, 3, 22, 15, 16, 8, 7, 11, 0)
s = 55: (0, 52, 10, 11, 4, 16, 17, 10, 11, 6, 17, 0)
s = 56: (0, 56, 12, 11, 3, 21, 14, 18, 8, 4, 19, 0)
s = 57: (0, 32, 9, 16, 3, 24, 11, 13, 13, 5, 10, 0)
s = 58: (0, 40, 13, 14, 3, 26, 35, 17, 12, 6, 22, 0)
s = 59: (0, 28, 11, 23, 3, 26, 20, 14, 10, 8, 10, 0)
s = 60: (0, 24, 13, 12, 3, 36, 13, 13, 9, 5, 28, 0)
s = 61: (0, 23, 11, 13, 4, 23, 12, 14, 9, 5, 21, 0)
s = 62: (0, 21, 9, 10, 4, 21, 14, 11, 8, 5, 9, 0)
s = 63: (0, 20, 6, 18, 3, 23, 18, 19, 15, 7, 9, 0)
s = 64: (0, 35, 13, 8, 4, 20, 23, 15, 13, 5, 11, 0)
s = 65: (0, 20, 12, 13, 4, 18, 11, 13, 9, 4, 21, 0)
s = 66: (0, 25, 16, 12, 4, 41, 16, 13, 13, 7, 13, 0)
s = 67: (0, 28, 6, 20, 4, 30, 25, 19, 6, 6, 15, 0)
s = 68: (0, 29, 6, 16, 3, 40, 23, 11, 13, 5, 16, 0)
s = 69: (0, 28, 7, 17, 4, 18, 16, 10, 11, 6, 11, 0)
s = 70: (0, 20, 18, 21, 3, 20, 17, 13, 10, 6, 14, 0)
s = 71: (0, 35, 7, 17, 4, 34, 36, 15, 12, 6, 10, 0)
s = 72: (0, 29, 19, 13, 3, 31, 29, 9, 7, 5, 17, 0)
s = 73: (0, 23, 10, 15, 3, 32, 19, 8, 7, 8, 12, 0)
s = 74: (0, 28, 9, 14, 3, 19, 12, 13, 8, 8, 13, 0)
s = 75: (0, 27, 9, 22, 4, 17, 29, 12, 11, 6, 12, 0)
s = 76: (0, 45, 6, 23, 4, 37, 11, 14, 9, 7, 14, 0)
s = 77: (0, 27, 8, 19, 2, 30, 20, 10, 8, 9, 20, 0)
s = 78: (0, 32, 7, 13, 3, 22, 17, 9, 14, 6, 12, 0)
s = 79: (0, 61, 13, 19, 4, 38, 22, 14, 10, 5, 14, 0)
s = 80: (0, 32, 15, 12, 3, 15, 25, 12, 7, 6, 17, 0)
s = 81: (0, 36, 7, 15, 3, 31, 26, 15, 9, 9, 19, 0)
s = 82: (0, 28, 16, 11, 3, 25, 14, 13, 10, 4, 14, 0)
s = 83: (0, 50, 12, 15, 4, 17, 21, 22, 11, 6, 11, 0)
s = 84: (0, 42, 11, 13, 2, 22, 25, 14, 13, 8, 17, 0)
s = 85: (0, 21, 10, 10, 3, 33, 22, 18, 13, 6, 18, 0)
s = 86: (0, 42, 10, 19, 3, 20, 25, 11, 9, 8, 19, 0)
s = 87: (0, 31, 8, 17, 3, 20, 35, 20, 10, 5, 17, 0)
s = 88: (0, 28, 16, 20, 3, 23, 16, 15, 7, 7, 11, 0)
s = 89: (0, 27, 10, 25, 5, 25, 14, 13, 9, 6, 17, 0)
s = 90: (0, 36, 9, 14, 3, 24, 17, 29, 6, 6, 10, 0)
s = 91: (0, 43, 11, 20, 4, 46, 15, 21, 7, 4, 14, 0)
s = 92: (0, 20, 8, 17, 2, 26, 27, 12, 8, 6, 9, 0)
s = 93: (0, 42, 16, 20, 3, 17, 19, 14, 10, 9, 21, 0)
s = 94: (0, 60, 10, 8, 3, 21, 17, 13, 13, 5, 19, 0)
s = 95: (0, 20, 11, 11, 4, 17, 17, 9, 7, 7, 14, 0)
s = 96: (0, 45, 7, 10, 2, 46, 26, 18, 14, 7, 13, 0)
s = 97: (0, 27, 12, 12, 5, 24, 18, 9, 7, 9, 11, 0)
s = 98: (0, 38, 8, 15, 4, 23, 17, 14, 13, 4, 13, 0)
s = 99: (0, 23, 9, 10, 3, 29, 24, 16, 9, 4, 16, 0)
s = 100: (0, 31, 6, 20, 4, 22, 13, 17, 10, 5, 16, 0)
s = 101: (0, 35, 9, 14, 4, 23, 17, 9, 10, 7, 24, 0)
s = 102: (0, 39, 16, 13, 2, 36, 23, 16, 9, 6, 16, 0)
s = 103: (0, 48, 10, 13, 3, 18, 27, 10, 10, 9, 24, 0)
s = 104: (0, 29, 12, 21, 3, 33, 20, 12, 7, 6, 22, 0)
s = 105: (0, 24, 15, 18, 5, 36, 28, 9, 11, 6, 11, 0)
s = 106: (0, 20, 10, 12, 5, 16, 23, 18, 8, 5, 14, 0)
s = 107: (0, 25, 9, 15, 6, 16, 29, 15, 12, 5, 25, 0)
s = 108: (0, 18, 8, 13, 3, 29, 18, 19, 10, 10, 23, 0)
s = 109: (0, 38, 9, 12, 3, 27, 16, 25, 10, 7, 16, 0)
s = 110: (0, 32, 7, 17, 5, 29, 12, 10, 7, 9, 11, 0)
s = 111: (0, 26, 16, 11, 4, 26, 21, 13, 13, 9, 26, 0)
s = 112: (0, 50, 9, 13, 5, 26, 25, 11, 13, 8, 16, 0)
s = 113: (0, 32, 8, 8, 4, 19, 17, 21, 10, 5, 16, 0)
s = 114: (0, 26, 11, 10, 2, 39, 20, 16, 12, 5, 16, 0)
s = 115: (0, 39, 12, 16, 3, 20, 24, 14, 8, 5, 13, 0)
s = 116: (0, 33, 14, 17, 3, 28, 14, 23, 9, 5, 11, 0)
s = 117: (0, 39, 14, 14, 3, 30, 24, 11, 12, 4, 24, 0)
s = 118: (0, 20, 8, 13, 4, 30, 17, 16, 7, 5, 20, 0)
s = 119: (0, 47, 13, 11, 3, 25, 24, 8, 10, 5, 14, 0)
s = 120: (0, 29, 12, 26, 2, 27, 18, 19, 10, 8, 11, 0)
s = 121: (0, 38, 9, 8, 3, 27, 17, 18, 19, 10, 20, 0)
s = 122: (0, 48, 11, 17, 4, 29, 22, 18, 8, 6, 30, 0)
s = 123: (0, 23, 9, 18, 3, 25, 12, 23, 11, 8, 11, 0)
s = 124: (0, 34, 7, 17, 3, 22, 21, 14, 14, 7, 14, 0)
s = 125: (0, 46, 7, 15, 3, 20, 11, 13, 9, 6, 13, 0)
s = 126: (0, 37, 14, 14, 3, 19, 14, 28, 15, 6, 16, 0)
s = 127: (0, 36, 8, 11, 4, 22, 22, 17, 7, 9, 12, 0)
s = 128: (0, 46, 13, 22, 4, 23, 20, 21, 8, 6, 13, 0)
s = 129: (0, 41, 11, 12, 2, 19, 18, 13, 12, 9, 14, 0)
s = 130: (0, 47, 11, 9, 4, 45, 30, 14, 15, 8, 16, 0)
s = 131: (0, 40, 12, 13, 2, 29, 16, 12, 6, 9, 11, 0)
s = 132: (0, 22, 15, 18, 3, 31, 28, 15, 11, 6, 23, 0)
s = 133: (0, 21, 16, 20, 3, 25, 21, 15, 16, 8, 16, 0)
s = 134: (0, 23, 13, 9, 3, 37, 18, 20, 8, 5, 13, 0)
s = 135: (0, 42, 15, 18, 3, 24, 18, 12, 10, 7, 13, 0)
s = 136: (0, 35, 9, 15, 2, 25, 19, 14, 13, 7, 24, 0)
s = 137: (0, 49, 11, 16, 3, 45, 13, 11, 12, 4, 11, 0)
s = 138: (0, 23, 9, 8, 3, 32, 21, 14, 13, 7, 11, 0)
s = 139: (0, 28, 7, 11, 4, 22, 17, 10, 11, 6, 24, 0)
s = 140: (0, 34, 13, 11, 5, 18, 23, 10, 16, 7, 11, 0)
s = 141: (0, 21, 10, 18, 3, 45, 13, 20, 8, 5, 12, 0)
s = 142: (0, 35, 7, 14, 4, 35, 27, 18, 14, 5, 15, 0)
s = 143: (0, 30, 11, 17, 2, 28, 28, 12, 8, 6, 20, 0)
s = 144: (0, 18, 11, 10, 4, 22, 18, 17, 12, 8, 15, 0)
s = 145: (0, 41, 10, 20, 5, 30, 16, 13, 8, 11, 16, 0)
s = 146: (0, 26, 14, 21, 3, 32, 33, 12, 10, 6, 11, 0)
s = 147: (0, 30, 10, 16, 4, 34, 21, 18, 9, 5, 19, 0)
s = 148: (0, 31, 7, 20, 4, 38, 15, 22, 6, 10, 21, 0)
s = 149: (0, 40, 9, 11, 3, 46, 15, 17, 13, 5, 16, 0)
s = 150: (0, 21, 13, 14, 3, 24, 20, 14, 13, 8, 18, 0)
s = 151: (0, 30, 10, 12, 3, 46, 29, 27, 8, 10, 13, 0)
s = 152: (0, 35, 12, 16, 3, 25, 34, 16, 6, 4, 11, 0)
s = 153: (0, 32, 8, 18, 3, 26, 11, 15, 12, 5, 19, 0)
s = 154: (0, 31, 9, 8, 3, 22, 25, 14, 10, 6, 14, 0)
s = 155: (0, 30, 10, 16, 4, 34, 15, 18, 13, 8, 15, 0)
s = 156: (0, 24, 10, 18, 2, 25, 36, 19, 9, 7, 22, 0)
s = 157: (0, 22, 9, 13, 3, 22, 12, 18, 7, 7, 13, 0)
s = 158: (0, 43, 13, 9, 3, 28, 19, 15, 13, 6, 17, 0)
s = 159: (0, 40, 9, 13, 5, 28, 13, 11, 16, 6, 15, 0)
s = 160: (0, 45, 9, 13, 3, 25, 20, 23, 8, 6, 17, 0)
s = 161: (0, 41, 12, 12, 4, 26, 16, 13, 11, 8, 19, 0)
s = 162: (0, 22, 16, 13, 5, 18, 13, 12, 9, 8, 21, 0)
s = 163: (0, 41, 10, 9, 4, 30, 21, 17, 15, 6, 18, 0)
s = 164: (0, 61, 12, 13, 3, 29, 19, 12, 13, 5, 13, 0)
s = 165: (0, 43, 8, 13, 4, 38, 22, 13, 8, 5, 20, 0)
s = 166: (0, 59, 8, 10, 3, 31, 20, 16, 14, 8, 17, 0)
s = 167: (0, 40, 12, 11, 4, 26, 21, 18, 10, 10, 10, 0)
s = 168: (0, 21, 12, 10, 4, 19, 23, 13, 8, 5, 17, 0)
s = 169: (0, 34, 6, 11, 4, 36, 14, 14, 6, 6, 22, 0)
s = 170: (0, 22, 9, 16, 5, 40, 28, 16, 14, 10, 13, 0)
s = 171: (0, 26, 12, 11, 5, 31, 19, 9, 10, 7, 28, 0)
s = 172: (0, 42, 14, 9, 4, 28, 13, 13, 14, 6, 12, 0)
s = 173: (0, 39, 9, 12, 4, 27, 16, 24, 10, 6, 21, 0)
s = 174: (0, 26, 9, 15, 3, 18, 34, 12, 9, 5, 22, 0)
s = 175: (0, 19, 14, 11, 3, 21, 19, 14, 18, 5, 12, 0)
s = 176: (0, 26, 10, 10, 4, 26, 25, 16, 10, 5, 25, 0)
s = 177: (0, 41, 11, 18, 4, 37, 26, 14, 9, 6, 13, 0)
s = 178: (0, 20, 10, 18, 4, 21, 13, 15, 12, 5, 17, 0)
s = 179: (0, 22, 19, 18, 3, 24, 18, 10, 6, 8, 16, 0)
s = 180: (0, 27, 7, 12, 3, 26, 15, 10, 11, 6, 19, 0)
s = 181: (0, 33, 9, 17, 3, 31, 30, 14, 11, 4, 22, 0)
s = 182: (0, 53, 12, 22, 3, 18, 32, 14, 11, 9, 18, 0)
s = 183: (0, 49, 7, 12, 4, 34, 12, 20, 7, 5, 13, 0)
s = 184: (0, 44, 12, 16, 3, 24, 24, 10, 7, 7, 12, 0)
s = 185: (0, 58, 12, 16, 5, 34, 19, 9, 6, 7, 26, 0)
s = 186: (0, 33, 8, 15, 3, 44, 16, 15, 7, 6, 12, 0)
s = 187: (0, 52, 13, 11, 4, 29, 12, 10, 8, 4, 18, 0)
s = 188: (0, 24, 11, 16, 3, 25, 30, 12, 6, 4, 19, 0)
s = 189: (0, 33, 10, 20, 3, 23, 29, 16, 8, 9, 22, 0)
s = 190: (0, 19, 13, 10, 4, 18, 15, 18, 8, 7, 17, 0)
s = 191: (0, 37, 10, 10, 3, 30, 18, 15, 11, 6, 13, 0)
s = 192: (0, 37, 12, 23, 4, 25, 19, 15, 9, 5, 14, 0)
s = 193: (0, 34, 7, 15, 3, 35, 12, 15, 9, 6, 21, 0)
s = 194: (0, 24, 9, 25, 4, 41, 13, 15, 9, 5, 19, 0)
s = 195: (0, 22, 8, 17, 5, 24, 23, 18, 11, 5, 16, 0)
s = 196: (0, 49, 15, 10, 4, 29, 18, 20, 11, 10, 10, 0)
s = 197: (0, 45, 10, 22, 4, 16, 29, 21, 16, 7, 10, 0)
s = 198: (0, 24, 8, 15, 3, 34, 19, 21, 9, 5, 14, 0)
s = 199: (0, 31, 8, 15, 3, 29, 16, 17, 12, 6, 14, 0)
s = 200: (0, 36, 14, 8, 5, 15, 21, 14, 8, 5, 13, 0)
************************************************************************
ES/LS-VALUES:
jobnr.   ES(i)    LS(i)
------------------------------------------------------------------------
  0        0        0
  1        0       57
  2        0       53
  3        0       67
  4        7       69
  5        1       55
  6        6       61
  7        9       65
  8       14       71
  9        9       71
 10        7       65
 11       15       73
************************************************************************
BIG-M-VALUES:
M1 = 30, M2 = 145
************************************************************************
