************************************************************************
file with basedata            : mm43_.bas
initial value random generator: 223261859
************************************************************************
projects                      :  1
jobs (incl. supersource/sink ):  12
horizon                       :  79
RESOURCES
  - renewable                 :  2   R
  - nonrenewable              :  2   N
  - doubly constrained        :  0   D
************************************************************************
PROJECT INFORMATION:
pronr.  #jobs rel.date duedate tardcost  MPM-Time
    1     10      0       17        9       17
************************************************************************
PRECEDENCE RELATIONS:
jobnr.    #modes  #successors   successors
   0        1          3           1   2   3
   1        3          3           4   6   8
   2        3          1          10
   3        3          3           5   6   9
   4        3          2           5   9
   5        3          1           7
   6        3          1           7
   7        3          1          10
   8        3          1          11
   9        3          1          11
  10        3          1          11
  11        1          0        
************************************************************************
REQUESTS/DURATIONS:
jobnr. mode duration  R 1  R 2  R 3  R 4  E(W 1)  E(W 2)
------------------------------------------------------------------------
  0      1     0       0    0    0    0     0       0
  1      1     4       7    9    0    7    64      28
  2      1     7       5    8    6    0    91      42
  3      1     2       5    7    0    4    24       8
  4      1     3       3    6    9    0    27      27
  5      1     5       7    6    0    6    65      30
  6      1     2       8    6    6    0    28      12
  7      1     3       6    4    0    5    30      15
  8      1     3       5    5    5    0    30      15
  9      1     5       9    6    0   10    75      50
 10      1     2       5    9    8    0    28      16
 11      1     0       0    0    0    0     0       0
************************************************************************
RESOURCEAVAILABILITIES:
  R 1  R 2
   29   91
************************************************************************
RESOURCE LIMITS:
jobnr.  l(R 1)  u(R 1)  l(R 2)  u(R 2)
------------------------------------------------------------------------
  0        0       0       0       0
  1        9      16       4       7
  2        7      13       3       6
  3        7      12       2       4
  4        5       9       5       9
  5        7      13       3       6
  6        7      14       3       6
  7        5      10       3       5
  8        6      10       3       5
  9        8      15       5      10
 10        8      14       4       8
 11        0       0       0       0
************************************************************************
SCENARIOS:
------------------------------------------------------------------------
RESOURCE k = 1
s = 1: (0, 46, 73, 15, 40, 46, 33, 28, 19, 52, 34, 0)
s = 2: (0, 79, 106, 18, 21, 50, 27, 52, 37, 54, 24, 0)
s = 3: (0, 56, 90, 21, 23, 51, 19, 29, 28, 65, 25, 0)
s = 4: (0, 82, 76, 29, 33, 50, 32, 34, 52, 67, 23, 0)
s = 5: (0, 44, 86, 26, 24, 57, 23, 31, 42, 114, 18, 0)
s = 6: (0, 46, 73, 23, 25, 45, 20, 31, 21, 70, 37, 0)
s = 7: (0, 60, 70, 36, 34, 41, 24, 26, 42, 76, 24, 0)
s = 8: (0, 75, 93, 37, 17, 83, 18, 26, 25, 72, 25, 0)
s = 9: (0, 36, 101, 30, 23, 71, 27, 36, 21, 65, 32, 0)
s = 10: (0, 55, 73, 15, 32, 72, 36, 17, 25, 64, 33, 0)
s = 11: (0, 66, 63, 22, 22, 57, 25, 32, 34, 94, 33, 0)
s = 12: (0, 89, 64, 16, 26, 68, 23, 24, 26, 65, 22, 0)
s = 13: (0, 42, 128, 17, 26, 36, 40, 27, 22, 86, 22, 0)
s = 14: (0, 88, 77, 16, 36, 64, 34, 19, 34, 94, 40, 0)
s = 15: (0, 74, 147, 37, 34, 73, 21, 27, 47, 102, 19, 0)
s = 16: (0, 49, 134, 20, 16, 55, 27, 37, 36, 102, 28, 0)
s = 17: (0, 99, 51, 39, 42, 40, 23, 28, 26, 90, 18, 0)
s = 18: (0, 115, 101, 20, 40, 45, 22, 17, 36, 60, 22, 0)
s = 19: (0, 74, 142, 23, 29, 76, 27, 29, 31, 90, 28, 0)
s = 20: (0, 63, 57, 22, 32, 89, 43, 33, 26, 98, 38, 0)
s = 21: (0, 77, 100, 20, 26, 64, 26, 19, 31, 71, 23, 0)
s = 22: (0, 35, 87, 26, 22, 59, 36, 19, 24, 45, 41, 0)
s = 23: (0, 51, 131, 20, 21, 79, 18, 49, 21, 69, 20, 0)
s = 24: (0, 56, 115, 19, 36, 89, 22, 57, 39, 49, 29, 0)
s = 25: (0, 48, 94, 25, 19, 79, 32, 35, 43, 53, 22, 0)
s = 26: (0, 55, 63, 31, 16, 60, 21, 42, 32, 89, 28, 0)
s = 27: (0, 55, 77, 30, 28, 96, 39, 36, 39, 76, 21, 0)
s = 28: (0, 52, 68, 21, 29, 104, 28, 27, 28, 82, 33, 0)
s = 29: (0, 74, 125, 22, 39, 45, 28, 47, 21, 99, 25, 0)
s = 30: (0, 65, 54, 15, 18, 70, 21, 25, 41, 59, 29, 0)
s = 31: (0, 81, 86, 37, 23, 45, 27, 29, 29, 47, 19, 0)
s = 32: (0, 47, 87, 27, 22, 87, 39, 33, 42, 72, 23, 0)
s = 33: (0, 81, 79, 15, 22, 53, 35, 32, 50, 81, 21, 0)
s = 34: (0, 96, 101, 18, 48, 89, 35, 30, 23, 57, 37, 0)
s = 35: (0, 87, 69, 21, 33, 60, 30, 27, 24, 58, 25, 0)
s = 36: (0, 61, 72, 18, 20, 82, 29, 24, 30, 61, 32, 0)
s = 37: (0, 56, 100, 33, 28, 81, 22, 21, 35, 83, 30, 0)
s = 38: (0, 89, 73, 14, 26, 49, 24, 32, 32, 86, 31, 0)
s = 39: (0, 75, 79, 21, 22, 56, 21, 52, 36, 57, 24, 0)
s = 40: (0, 47, 73, 30, 20, 69, 17, 25, 32, 65, 15, 0)
s = 41: (0, 52, 82, 19, 21, 67, 21, 41, 24, 76, 21, 0)
s = 42: (0, 62, 51, 32, 25, 70, 28, 28, 27, 71, 25, 0)
s = 43: (0, 45, 53, 17, 25, 40, 22, 27, 40, 63, 29, 0)
s = 44: (0, 55, 108, 25, 45, 65, 23, 37, 30, 53, 25, 0)
s = 45: (0, 45, 108, 26, 35, 88, 22, 31, 31, 94, 24, 0)
s = 46: (0, 81, 100, 13, 21, 102, 20, 27, 19, 55, 27, 0)
s = 47: (0, 68, 94, 25, 35, 47, 22, 19, 25, 70, 33, 0)
s = 48: (0, 77, 104, 28, 25, 87, 26, 41, 41, 87, 25, 0)
s = 49: (0, 111, 76, 21, 21, 47, 30, 39, 23, 66, 20, 0)
s = 50: (0, 37, 125, 18, 28, 57, 17, 22, 25, 68, 33, 0)
s = 51: (0, 46, 72, 16, 20, 47, 31, 22, 26, 71, 25, 0)
s = 52: (0, 88, 89, 15, 28, 47, 26, 31, 24, 56, 20, 0)
s = 53: (0, 63, 91, 27, 29, 49, 24, 26, 27, 52, 41, 0)
s = 54: (0, 69, 62, 17, 20, 48, 23, 42, 24, 75, 32, 0)
s = 55: (0, 54, 75, 28, 21, 40, 24, 16, 29, 56, 17, 0)
s = 56: (0, 50, 104, 24, 30, 58, 23, 30, 25, 74, 21, 0)
s = 57: (0, 63, 92, 21, 40, 88, 27, 25, 18, 47, 24, 0)
s = 58: (0, 64, 97, 14, 32, 57, 48, 36, 34, 96, 46, 0)
s = 59: (0, 59, 90, 32, 17, 76, 16, 38, 19, 104, 26, 0)
s = 60: (0, 42, 102, 16, 18, 81, 35, 31, 32, 97, 17, 0)
s = 61: (0, 55, 88, 23, 38, 57, 38, 22, 20, 84, 24, 0)
s = 62: (0, 77, 68, 21, 25, 62, 45, 42, 20, 133, 21, 0)
s = 63: (0, 79, 74, 14, 33, 44, 21, 53, 31, 47, 36, 0)
s = 64: (0, 60, 69, 26, 22, 62, 29, 18, 37, 59, 33, 0)
s = 65: (0, 49, 139, 25, 29, 70, 18, 23, 21, 117, 25, 0)
s = 66: (0, 37, 92, 17, 26, 62, 46, 21, 41, 109, 25, 0)
s = 67: (0, 42, 120, 32, 27, 70, 20, 23, 25, 41, 19, 0)
s = 68: (0, 61, 83, 38, 30, 39, 35, 20, 25, 90, 30, 0)
s = 69: (0, 86, 103, 32, 33, 55, 34, 20, 30, 66, 32, 0)
s = 70: (0, 90, 103, 30, 22, 95, 19, 25, 28, 71, 39, 0)
s = 71: (0, 60, 80, 23, 36, 56, 23, 34, 27, 71, 24, 0)
s = 72: (0, 78, 107, 32, 27, 110, 30, 23, 24, 70, 20, 0)
s = 73: (0, 60, 69, 24, 19, 81, 23, 35, 25, 81, 21, 0)
s = 74: (0, 53, 73, 31, 36, 50, 21, 26, 19, 82, 28, 0)
s = 75: (0, 65, 118, 24, 19, 81, 31, 35, 37, 42, 44, 0)
s = 76: (0, 57, 78, 24, 27, 100, 18, 23, 36, 52, 28, 0)
s = 77: (0, 66, 86, 37, 26, 57, 28, 25, 35, 60, 22, 0)
s = 78: (0, 34, 112, 24, 17, 91, 27, 24, 20, 105, 51, 0)
s = 79: (0, 83, 80, 31, 20, 78, 17, 46, 43, 89, 34, 0)
s = 80: (0, 44, 62, 23, 23, 68, 34, 29, 28, 92, 18, 0)
s = 81: (0, 56, 106, 33, 23, 73, 41, 28, 23, 75, 22, 0)
s = 82: (0, 64, 77, 25, 23, 70, 31, 27, 28, 111, 24, 0)
s = 83: (0, 53, 78, 27, 44, 58, 27, 21, 23, 94, 37, 0)
s = 84: (0, 80, 91, 22, 17, 88, 38, 38, 48, 59, 38, 0)
s = 85: (0, 44, 114, 26, 25, 72, 31, 42, 30, 84, 22, 0)
s = 86: (0, 86, 91, 19, 21, 67, 34, 38, 29, 61, 38, 0)
s = 87: (0, 74, 153, 24, 31, 75, 34, 30, 25, 96, 25, 0)
s = 88: (0, 73, 79, 31, 17, 80, 33, 25, 31, 58, 51, 0)
s = 89: (0, 52, 65, 17, 21, 104, 35, 27, 24, 58, 40, 0)
s = 90: (0, 84, 60, 24, 16, 57, 35, 48, 23, 89, 22, 0)
s = 91: (0, 72, 109, 25, 19, 58, 29, 42, 23, 52, 29, 0)
s = 92: (0, 55, 125, 19, 31, 98, 23, 23, 42, 83, 16, 0)
s = 93: (0, 52, 57, 16, 37, 66, 19, 42, 26, 93, 31, 0)
s = 94: (0, 46, 94, 20, 25, 90, 41, 21, 34, 95, 28, 0)
s = 95: (0, 62, 110, 23, 34, 57, 19, 47, 33, 77, 31, 0)
s = 96: (0, 84, 70, 24, 25, 61, 43, 29, 39, 108, 36, 0)
s = 97: (0, 43, 74, 22, 24, 60, 42, 29, 36, 58, 25, 0)
s = 98: (0, 40, 58, 21, 24, 77, 19, 18, 44, 73, 23, 0)
s = 99: (0, 60, 89, 19, 19, 54, 29, 29, 49, 62, 26, 0)
s = 100: (0, 51, 69, 23, 20, 53, 28, 24, 24, 46, 29, 0)
s = 101: (0, 79, 82, 24, 41, 76, 43, 38, 31, 71, 18, 0)
s = 102: (0, 67, 89, 28, 29, 69, 36, 22, 31, 59, 30, 0)
s = 103: (0, 45, 62, 19, 32, 49, 21, 31, 22, 86, 23, 0)
s = 104: (0, 79, 117, 26, 14, 66, 38, 42, 28, 92, 33, 0)
s = 105: (0, 63, 61, 18, 23, 84, 31, 44, 22, 76, 44, 0)
s = 106: (0, 84, 109, 30, 25, 53, 30, 39, 26, 83, 24, 0)
s = 107: (0, 68, 85, 19, 27, 54, 20, 29, 34, 50, 33, 0)
s = 108: (0, 37, 87, 34, 33, 53, 41, 19, 24, 83, 26, 0)
s = 109: (0, 53, 128, 28, 34, 47, 17, 30, 31, 82, 20, 0)
s = 110: (0, 73, 112, 23, 20, 53, 26, 28, 22, 77, 30, 0)
s = 111: (0, 60, 90, 35, 31, 86, 37, 22, 27, 48, 27, 0)
s = 112: (0, 55, 56, 24, 24, 71, 19, 36, 35, 79, 28, 0)
s = 113: (0, 37, 90, 26, 39, 48, 22, 38, 35, 56, 19, 0)
s = 114: (0, 87, 100, 27, 39, 66, 29, 27, 20, 63, 19, 0)
s = 115: (0, 55, 71, 22, 37, 117, 24, 23, 17, 96, 47, 0)
s = 116: (0, 110, 91, 26, 40, 59, 44, 34, 33, 73, 42, 0)
s = 117: (0, 51, 103, 22, 22, 55, 16, 41, 51, 71, 35, 0)
s = 118: (0, 46, 72, 28, 25, 81, 31, 31, 20, 76, 23, 0)
s = 119: (0, 47, 80, 31, 37, 107, 23, 18, 33, 104, 43, 0)
s = 120: (0, 58, 86, 26, 22, 78, 43, 42, 34, 44, 30, 0)
s = 121: (0, 75, 103, 17, 24, 101, 32, 38, 29, 48, 47, 0)
s = 122: (0, 43, 51, 38, 23, 48, 42, 30, 34, 73, 19, 0)
s = 123: (0, 38, 84, 23, 20, 39, 34, 36, 36, 68, 20, 0)
s = 124: (0, 39, 159, 28, 33, 45, 27, 24, 41, 55, 41, 0)
s = 125: (0, 66, 97, 14, 19, 55, 35, 34, 40, 114, 27, 0)
s = 126: (0, 58, 90, 16, 30, 40, 41, 27, 43, 90, 20, 0)
s = 127: (0, 72, 86, 19, 23, 59, 42, 30, 21, 103, 32, 0)
s = 128: (0, 50, 102, 25, 45, 99, 23, 44, 40, 79, 28, 0)
s = 129: (0, 88, 66, 27, 28, 56, 25, 36, 49, 108, 33, 0)
s = 130: (0, 54, 131, 28, 23, 56, 37, 28, 42, 70, 24, 0)
s = 131: (0, 72, 84, 21, 29, 76, 23, 32, 32, 91, 44, 0)
s = 132: (0, 42, 152, 35, 25, 62, 22, 22, 24, 108, 24, 0)
s = 133: (0, 58, 83, 19, 25, 35, 35, 43, 27, 74, 30, 0)
s = 134: (0, 49, 87, 17, 26, 68, 27, 29, 22, 53, 32, 0)
s = 135: (0, 78, 137, 23, 39, 91, 48, 34, 32, 131, 38, 0)
s = 136: (0, 80, 84, 34, 22, 86, 26, 33, 48, 41, 20, 0)
s = 137: (0, 45, 92, 26, 28, 60, 19, 25, 38, 81, 22, 0)
s = 138: (0, 51, 84, 25, 26, 71, 36, 32, 40, 42, 24, 0)
s = 139: (0, 56, 75, 29, 21, 54, 18, 17, 38, 68, 22, 0)
s = 140: (0, 91, 65, 27, 22, 59, 21, 31, 20, 108, 31, 0)
s = 141: (0, 66, 125, 22, 28, 62, 22, 28, 33, 87, 30, 0)
s = 142: (0, 51, 107, 24, 27, 53, 22, 25, 48, 82, 24, 0)
s = 143: (0, 54, 91, 22, 20, 40, 22, 33, 23, 57, 20, 0)
s = 144: (0, 56, 66, 24, 35, 95, 21, 19, 33, 110, 16, 0)
s = 145: (0, 69, 99, 21, 32, 49, 17, 24, 26, 52, 31, 0)
s = 146: (0, 57, 77, 28, 31, 35, 36, 22, 43, 84, 26, 0)
s = 147: (0, 106, 64, 23, 27, 52, 29, 49, 24, 94, 21, 0)
s = 148: (0, 54, 72, 21, 27, 48, 30, 42, 25, 85, 26, 0)
s = 149: (0, 54, 57, 28, 20, 80, 17, 34, 26, 79, 27, 0)
s = 150: (0, 75, 77, 21, 21, 68, 25, 28, 35, 58, 26, 0)
s = 151: (0, 75, 104, 16, 30, 47, 28, 42, 38, 94, 29, 0)
s = 152: (0, 82, 82, 23, 34, 76, 33, 26, 24, 81, 54, 0)
s = 153: (0, 79, 96, 25, 35, 47, 48, 24, 43, 50, 23, 0)
s = 154: (0, 86, 96, 20, 20, 55, 37, 21, 22, 87, 22, 0)
s = 155: (0, 52, 149, 16, 29, 48, 31, 33, 33, 98, 28, 0)
s = 156: (0, 69, 66, 18, 28, 84, 21, 32, 18, 58, 50, 0)
s = 157: (0, 78, 100, 26, 25, 67, 27, 48, 25, 66, 21, 0)
s = 158: (0, 56, 77, 18, 18, 82, 27, 28, 38, 72, 24, 0)
s = 159: (0, 70, 57, 18, 34, 47, 23, 24, 41, 46, 38, 0)
s = 160: (0, 69, 68, 24, 31, 70, 17, 46, 35, 63, 20, 0)
s = 161: (0, 74, 76, 21, 27, 56, 26, 22, 39, 68, 30, 0)
s = 162: (0, 84, 68, 19, 28, 69, 23, 50, 29, 102, 43, 0)
s = 163: (0, 51, 135, 40, 28, 55, 29, 22, 24, 87, 25, 0)
s = 164: (0, 84, 108, 32, 33, 62, 31, 35, 22, 68, 22, 0)
s = 165: (0, 51, 57, 28, 22, 77, 20, 26, 30, 59, 34, 0)
s = 166: (0, 106, 62, 40, 20, 38, 36, 39, 28, 75, 27, 0)
s = 167: (0, 138, 84, 28, 17, 56, 24, 26, 36, 84, 21, 0)
s = 168: (0, 36, 72, 34, 24, 51, 30, 27, 23, 46, 17, 0)
s = 169: (0, 69, 68, 19, 24, 87, 37, 28, 34, 127, 19, 0)
s = 170: (0, 46, 62, 29, 23, 47, 28, 29, 28, 75, 45, 0)
s = 171: (0, 44, 87, 35, 25, 42, 22, 20, 32, 58, 25, 0)
s = 172: (0, 73, 104, 28, 56, 54, 27, 23, 19, 60, 20, 0)
s = 173: (0, 80, 73, 30, 16, 70, 38, 33, 31, 52, 17, 0)
s = 174: (0, 57, 106, 25, 35, 64, 16, 25, 32, 116, 21, 0)
s = 175: (0, 87, 76, 22, 16, 74, 15, 26, 34, 105, 18, 0)
s = 176: (0, 87, 89, 20, 37, 60, 29, 24, 44, 56, 25, 0)
s = 177: (0, 84, 91, 31, 18, 41, 25, 23, 22, 113, 19, 0)
s = 178: (0, 64, 86, 27, 21, 63, 31, 21, 17, 92, 25, 0)
s = 179: (0, 57, 92, 16, 24, 47, 19, 16, 24, 53, 46, 0)
s = 180: (0, 102, 89, 20, 32, 62, 18, 40, 33, 97, 25, 0)
s = 181: (0, 50, 88, 29, 16, 46, 23, 20, 30, 54, 38, 0)
s = 182: (0, 52, 89, 19, 25, 76, 29, 37, 42, 91, 45, 0)
s = 183: (0, 38, 121, 29, 15, 66, 27, 28, 28, 48, 42, 0)
s = 184: (0, 62, 53, 26, 21, 48, 28, 45, 29, 85, 32, 0)
s = 185: (0, 67, 69, 15, 15, 74, 21, 24, 33, 91, 29, 0)
s = 186: (0, 66, 80, 36, 24, 83, 25, 33, 37, 63, 28, 0)
s = 187: (0, 42, 152, 17, 36, 66, 38, 38, 30, 114, 24, 0)
s = 188: (0, 43, 162, 21, 18, 71, 29, 21, 21, 49, 39, 0)
s = 189: (0, 91, 78, 21, 37, 91, 35, 21, 41, 75, 17, 0)
s = 190: (0, 80, 117, 30, 30, 105, 17, 26, 19, 43, 31, 0)
s = 191: (0, 73, 119, 20, 24, 51, 36, 39, 21, 43, 20, 0)
s = 192: (0, 79, 76, 21, 31, 51, 26, 32, 29, 92, 23, 0)
s = 193: (0, 63, 91, 21, 24, 42, 29, 25, 26, 79, 20, 0)
s = 194: (0, 51, 146, 20, 19, 50, 35, 39, 31, 60, 33, 0)
s = 195: (0, 50, 77, 23, 19, 93, 20, 28, 22, 100, 44, 0)
s = 196: (0, 72, 111, 15, 21, 62, 36, 26, 24, 87, 22, 0)
s = 197: (0, 58, 153, 17, 38, 96, 30, 24, 38, 99, 38, 0)
s = 198: (0, 102, 92, 26, 20, 49, 41, 28, 16, 99, 39, 0)
s = 199: (0, 47, 99, 23, 17, 44, 23, 22, 24, 46, 23, 0)
s = 200: (0, 49, 91, 18, 44, 70, 27, 39, 18, 56, 50, 0)
------------------------------------------------------------------------
RESOURCE k = 2
s = 1: (0, 20, 34, 5, 40, 21, 14, 14, 10, 35, 19, 0)
s = 2: (0, 35, 49, 6, 21, 23, 12, 26, 19, 36, 14, 0)
s = 3: (0, 25, 42, 7, 23, 24, 8, 15, 14, 44, 15, 0)
s = 4: (0, 36, 35, 10, 33, 23, 14, 17, 26, 45, 14, 0)
s = 5: (0, 19, 40, 9, 24, 27, 10, 16, 21, 76, 11, 0)
s = 6: (0, 21, 34, 8, 25, 21, 9, 16, 11, 47, 21, 0)
s = 7: (0, 27, 32, 12, 34, 19, 11, 13, 21, 51, 14, 0)
s = 8: (0, 33, 43, 13, 17, 38, 8, 13, 13, 48, 15, 0)
s = 9: (0, 16, 47, 10, 23, 33, 12, 18, 11, 44, 18, 0)
s = 10: (0, 24, 34, 5, 32, 34, 16, 9, 13, 43, 19, 0)
s = 11: (0, 29, 30, 8, 22, 26, 11, 16, 17, 63, 19, 0)
s = 12: (0, 39, 30, 6, 26, 32, 10, 12, 13, 43, 13, 0)
s = 13: (0, 19, 59, 6, 26, 17, 17, 14, 11, 58, 13, 0)
s = 14: (0, 39, 36, 6, 36, 30, 15, 10, 17, 63, 23, 0)
s = 15: (0, 33, 68, 13, 34, 34, 9, 14, 24, 68, 11, 0)
s = 16: (0, 22, 62, 7, 16, 25, 12, 19, 18, 68, 16, 0)
s = 17: (0, 44, 24, 13, 42, 19, 10, 14, 13, 60, 10, 0)
s = 18: (0, 51, 47, 7, 40, 21, 10, 9, 18, 40, 13, 0)
s = 19: (0, 32, 66, 8, 29, 35, 12, 15, 16, 60, 16, 0)
s = 20: (0, 28, 27, 8, 32, 41, 19, 17, 13, 65, 22, 0)
s = 21: (0, 34, 46, 7, 26, 30, 11, 10, 16, 47, 14, 0)
s = 22: (0, 16, 40, 9, 22, 27, 16, 10, 12, 30, 24, 0)
s = 23: (0, 22, 61, 7, 21, 37, 8, 25, 11, 46, 11, 0)
s = 24: (0, 25, 53, 7, 36, 41, 10, 29, 20, 33, 17, 0)
s = 25: (0, 21, 44, 9, 19, 37, 14, 18, 22, 36, 13, 0)
s = 26: (0, 24, 29, 11, 16, 28, 9, 21, 16, 60, 16, 0)
s = 27: (0, 24, 36, 10, 28, 45, 17, 18, 20, 51, 12, 0)
s = 28: (0, 23, 32, 7, 29, 48, 12, 14, 14, 55, 19, 0)
s = 29: (0, 33, 58, 8, 39, 21, 12, 24, 11, 66, 15, 0)
s = 30: (0, 29, 25, 5, 18, 32, 9, 13, 21, 39, 17, 0)
s = 31: (0, 36, 40, 13, 23, 21, 12, 15, 15, 31, 11, 0)
s = 32: (0, 21, 40, 9, 22, 40, 17, 17, 21, 48, 13, 0)
s = 33: (0, 36, 37, 5, 22, 25, 15, 16, 25, 54, 12, 0)
s = 34: (0, 42, 47, 6, 48, 41, 15, 15, 12, 38, 21, 0)
s = 35: (0, 39, 32, 7, 33, 28, 13, 14, 12, 39, 15, 0)
s = 36: (0, 27, 33, 6, 20, 38, 13, 12, 15, 41, 18, 0)
s = 37: (0, 25, 46, 11, 28, 38, 10, 11, 18, 56, 18, 0)
s = 38: (0, 39, 34, 5, 26, 23, 11, 16, 16, 58, 18, 0)
s = 39: (0, 33, 37, 7, 22, 26, 9, 26, 18, 38, 14, 0)
s = 40: (0, 21, 34, 10, 20, 32, 8, 13, 16, 43, 9, 0)
s = 41: (0, 23, 38, 7, 21, 31, 9, 21, 12, 51, 12, 0)
s = 42: (0, 28, 24, 11, 25, 32, 12, 14, 14, 47, 14, 0)
s = 43: (0, 20, 25, 6, 25, 19, 10, 14, 20, 42, 17, 0)
s = 44: (0, 24, 50, 9, 45, 30, 10, 19, 15, 35, 15, 0)
s = 45: (0, 20, 50, 9, 35, 41, 10, 16, 16, 63, 14, 0)
s = 46: (0, 36, 47, 5, 21, 47, 9, 14, 10, 37, 16, 0)
s = 47: (0, 30, 44, 9, 35, 22, 10, 10, 13, 47, 19, 0)
s = 48: (0, 34, 48, 10, 25, 40, 12, 21, 21, 58, 15, 0)
s = 49: (0, 49, 36, 7, 21, 22, 13, 20, 12, 44, 12, 0)
s = 50: (0, 17, 58, 6, 28, 27, 7, 11, 13, 46, 19, 0)
s = 51: (0, 21, 33, 6, 20, 22, 14, 11, 13, 48, 15, 0)
s = 52: (0, 39, 41, 5, 28, 22, 11, 16, 12, 37, 12, 0)
s = 53: (0, 28, 42, 9, 29, 23, 10, 13, 14, 35, 24, 0)
s = 54: (0, 30, 29, 6, 20, 22, 10, 21, 12, 50, 19, 0)
s = 55: (0, 24, 35, 10, 21, 19, 11, 8, 15, 37, 10, 0)
s = 56: (0, 22, 48, 8, 30, 27, 10, 15, 13, 50, 12, 0)
s = 57: (0, 28, 43, 7, 40, 41, 12, 13, 9, 31, 14, 0)
s = 58: (0, 28, 45, 5, 32, 26, 21, 18, 17, 64, 26, 0)
s = 59: (0, 26, 42, 11, 17, 35, 7, 19, 10, 70, 15, 0)
s = 60: (0, 18, 47, 6, 18, 38, 15, 16, 16, 65, 10, 0)
s = 61: (0, 25, 41, 8, 38, 27, 16, 11, 10, 56, 14, 0)
s = 62: (0, 34, 32, 7, 25, 29, 19, 21, 10, 89, 12, 0)
s = 63: (0, 35, 34, 5, 33, 21, 9, 27, 16, 31, 21, 0)
s = 64: (0, 27, 32, 9, 22, 29, 13, 9, 19, 39, 19, 0)
s = 65: (0, 22, 64, 9, 29, 33, 8, 12, 11, 78, 15, 0)
s = 66: (0, 16, 43, 6, 26, 29, 20, 11, 21, 73, 15, 0)
s = 67: (0, 19, 56, 11, 27, 32, 9, 12, 13, 27, 11, 0)
s = 68: (0, 27, 39, 13, 30, 18, 15, 10, 13, 60, 17, 0)
s = 69: (0, 38, 48, 11, 33, 26, 15, 10, 15, 44, 19, 0)
s = 70: (0, 40, 48, 10, 22, 44, 9, 13, 14, 48, 22, 0)
s = 71: (0, 27, 37, 8, 36, 26, 10, 17, 14, 47, 14, 0)
s = 72: (0, 34, 50, 11, 27, 51, 13, 12, 12, 47, 12, 0)
s = 73: (0, 27, 32, 8, 19, 38, 10, 18, 13, 54, 12, 0)
s = 74: (0, 23, 34, 11, 36, 23, 9, 13, 10, 55, 16, 0)
s = 75: (0, 29, 55, 8, 19, 37, 14, 18, 19, 28, 25, 0)
s = 76: (0, 25, 36, 8, 27, 47, 8, 12, 18, 35, 16, 0)
s = 77: (0, 29, 40, 13, 26, 27, 12, 13, 18, 40, 13, 0)
s = 78: (0, 15, 52, 8, 17, 42, 12, 12, 10, 70, 29, 0)
s = 79: (0, 36, 37, 11, 20, 36, 8, 23, 22, 59, 20, 0)
s = 80: (0, 20, 29, 8, 23, 32, 15, 15, 14, 61, 10, 0)
s = 81: (0, 25, 49, 11, 23, 34, 18, 14, 12, 50, 13, 0)
s = 82: (0, 28, 36, 9, 23, 33, 13, 14, 14, 74, 14, 0)
s = 83: (0, 23, 36, 9, 44, 27, 12, 11, 12, 63, 21, 0)
s = 84: (0, 35, 42, 8, 17, 41, 17, 19, 24, 40, 22, 0)
s = 85: (0, 20, 53, 9, 25, 33, 13, 21, 15, 56, 13, 0)
s = 86: (0, 38, 42, 7, 21, 31, 15, 19, 15, 41, 22, 0)
s = 87: (0, 33, 71, 8, 31, 35, 15, 15, 13, 64, 14, 0)
s = 88: (0, 32, 37, 11, 17, 37, 14, 13, 16, 39, 30, 0)
s = 89: (0, 23, 30, 6, 21, 48, 15, 14, 12, 39, 23, 0)
s = 90: (0, 37, 28, 8, 16, 27, 15, 24, 12, 60, 13, 0)
s = 91: (0, 32, 50, 9, 19, 27, 13, 21, 12, 35, 17, 0)
s = 92: (0, 24, 58, 7, 31, 46, 10, 12, 21, 56, 9, 0)
s = 93: (0, 23, 27, 6, 37, 31, 8, 21, 13, 62, 18, 0)
s = 94: (0, 20, 44, 7, 25, 42, 18, 11, 17, 63, 16, 0)
s = 95: (0, 27, 51, 8, 34, 27, 8, 24, 17, 51, 18, 0)
s = 96: (0, 37, 32, 8, 25, 28, 19, 15, 20, 72, 21, 0)
s = 97: (0, 19, 34, 8, 24, 28, 18, 15, 18, 39, 14, 0)
s = 98: (0, 18, 27, 7, 24, 36, 9, 9, 22, 49, 14, 0)
s = 99: (0, 27, 41, 7, 19, 25, 13, 15, 25, 41, 15, 0)
s = 100: (0, 23, 32, 8, 20, 25, 12, 12, 12, 31, 17, 0)
s = 101: (0, 35, 38, 8, 41, 35, 19, 19, 16, 47, 10, 0)
s = 102: (0, 30, 41, 10, 29, 32, 16, 11, 16, 39, 18, 0)
s = 103: (0, 20, 29, 7, 32, 23, 9, 16, 11, 58, 13, 0)
s = 104: (0, 35, 54, 9, 14, 31, 17, 21, 14, 62, 19, 0)
s = 105: (0, 28, 29, 6, 23, 39, 13, 22, 11, 51, 25, 0)
s = 106: (0, 37, 50, 10, 25, 25, 13, 20, 13, 56, 14, 0)
s = 107: (0, 30, 40, 7, 27, 25, 9, 15, 17, 34, 19, 0)
s = 108: (0, 16, 41, 12, 33, 25, 18, 10, 12, 56, 15, 0)
s = 109: (0, 24, 59, 10, 34, 22, 8, 15, 16, 55, 12, 0)
s = 110: (0, 32, 52, 8, 20, 25, 11, 14, 11, 51, 18, 0)
s = 111: (0, 27, 42, 12, 31, 40, 16, 11, 14, 32, 16, 0)
s = 112: (0, 24, 26, 8, 24, 33, 8, 18, 18, 53, 16, 0)
s = 113: (0, 17, 42, 9, 39, 23, 10, 19, 18, 38, 11, 0)
s = 114: (0, 38, 46, 9, 39, 31, 13, 14, 10, 42, 11, 0)
s = 115: (0, 24, 33, 8, 37, 54, 10, 12, 9, 64, 27, 0)
s = 116: (0, 48, 42, 9, 40, 27, 19, 17, 17, 49, 24, 0)
s = 117: (0, 23, 48, 8, 22, 26, 7, 21, 26, 48, 20, 0)
s = 118: (0, 20, 34, 10, 25, 38, 14, 16, 10, 51, 13, 0)
s = 119: (0, 21, 37, 11, 37, 50, 10, 9, 17, 70, 25, 0)
s = 120: (0, 26, 40, 9, 22, 36, 19, 21, 17, 30, 18, 0)
s = 121: (0, 33, 48, 6, 24, 47, 14, 19, 15, 32, 27, 0)
s = 122: (0, 19, 24, 13, 23, 23, 18, 15, 17, 49, 11, 0)
s = 123: (0, 17, 39, 8, 20, 18, 15, 18, 18, 45, 12, 0)
s = 124: (0, 17, 74, 10, 33, 21, 12, 12, 21, 37, 24, 0)
s = 125: (0, 29, 45, 5, 19, 26, 15, 17, 20, 76, 15, 0)
s = 126: (0, 26, 42, 6, 30, 19, 18, 14, 22, 60, 12, 0)
s = 127: (0, 32, 40, 7, 23, 28, 18, 15, 11, 69, 18, 0)
s = 128: (0, 22, 48, 9, 45, 46, 10, 22, 20, 53, 16, 0)
s = 129: (0, 39, 31, 9, 28, 26, 11, 18, 25, 72, 19, 0)
s = 130: (0, 24, 61, 10, 23, 26, 16, 14, 21, 47, 14, 0)
s = 131: (0, 32, 39, 7, 29, 35, 10, 16, 16, 61, 26, 0)
s = 132: (0, 19, 70, 12, 25, 29, 10, 11, 12, 72, 14, 0)
s = 133: (0, 26, 39, 7, 25, 17, 15, 22, 14, 49, 18, 0)
s = 134: (0, 22, 40, 6, 26, 31, 12, 15, 11, 35, 19, 0)
s = 135: (0, 34, 63, 8, 39, 42, 21, 17, 16, 87, 22, 0)
s = 136: (0, 35, 39, 12, 22, 40, 11, 17, 24, 28, 12, 0)
s = 137: (0, 20, 43, 9, 28, 28, 8, 13, 19, 54, 13, 0)
s = 138: (0, 23, 39, 9, 26, 33, 16, 16, 20, 28, 14, 0)
s = 139: (0, 25, 35, 10, 21, 25, 8, 9, 19, 46, 13, 0)
s = 140: (0, 40, 30, 9, 22, 27, 9, 16, 10, 72, 18, 0)
s = 141: (0, 29, 58, 8, 28, 29, 10, 14, 17, 58, 17, 0)
s = 142: (0, 22, 50, 8, 27, 25, 10, 13, 24, 55, 14, 0)
s = 143: (0, 24, 42, 8, 20, 19, 10, 17, 12, 38, 12, 0)
s = 144: (0, 25, 31, 8, 35, 44, 9, 10, 17, 73, 9, 0)
s = 145: (0, 30, 46, 7, 32, 23, 7, 12, 13, 35, 18, 0)
s = 146: (0, 25, 36, 10, 31, 16, 16, 11, 22, 56, 15, 0)
s = 147: (0, 47, 30, 8, 27, 24, 13, 25, 12, 63, 12, 0)
s = 148: (0, 24, 33, 7, 27, 23, 13, 21, 13, 57, 15, 0)
s = 149: (0, 24, 27, 10, 20, 37, 8, 17, 13, 53, 15, 0)
s = 150: (0, 33, 36, 7, 21, 32, 11, 14, 18, 39, 15, 0)
s = 151: (0, 33, 48, 6, 30, 22, 12, 21, 19, 63, 17, 0)
s = 152: (0, 36, 38, 8, 34, 35, 15, 13, 12, 54, 31, 0)
s = 153: (0, 35, 44, 9, 35, 22, 21, 12, 22, 33, 13, 0)
s = 154: (0, 38, 44, 7, 20, 26, 16, 11, 11, 58, 13, 0)
s = 155: (0, 23, 69, 6, 29, 22, 14, 17, 17, 65, 16, 0)
s = 156: (0, 30, 31, 6, 28, 39, 9, 16, 9, 39, 29, 0)
s = 157: (0, 34, 46, 9, 25, 31, 12, 24, 13, 44, 12, 0)
s = 158: (0, 25, 36, 6, 18, 38, 12, 14, 19, 48, 14, 0)
s = 159: (0, 31, 26, 6, 34, 22, 10, 12, 21, 31, 22, 0)
s = 160: (0, 31, 32, 8, 31, 33, 8, 23, 18, 42, 12, 0)
s = 161: (0, 33, 35, 7, 27, 26, 12, 11, 20, 46, 17, 0)
s = 162: (0, 37, 32, 7, 28, 32, 10, 25, 15, 68, 25, 0)
s = 163: (0, 23, 63, 14, 28, 26, 13, 11, 12, 58, 14, 0)
s = 164: (0, 37, 50, 11, 33, 29, 13, 18, 11, 45, 13, 0)
s = 165: (0, 23, 26, 10, 22, 36, 9, 13, 15, 39, 20, 0)
s = 166: (0, 47, 29, 14, 20, 18, 16, 20, 14, 50, 15, 0)
s = 167: (0, 61, 39, 10, 17, 26, 11, 13, 18, 56, 12, 0)
s = 168: (0, 16, 34, 12, 24, 24, 13, 14, 12, 31, 10, 0)
s = 169: (0, 30, 32, 7, 24, 41, 16, 14, 17, 85, 11, 0)
s = 170: (0, 20, 29, 10, 23, 22, 12, 15, 14, 50, 26, 0)
s = 171: (0, 20, 40, 12, 25, 20, 10, 10, 16, 39, 14, 0)
s = 172: (0, 32, 48, 10, 56, 25, 12, 12, 10, 40, 12, 0)
s = 173: (0, 35, 34, 10, 16, 33, 17, 17, 16, 35, 10, 0)
s = 174: (0, 25, 49, 9, 35, 30, 7, 13, 16, 78, 12, 0)
s = 175: (0, 38, 35, 8, 16, 34, 7, 13, 17, 70, 10, 0)
s = 176: (0, 38, 41, 7, 37, 28, 13, 12, 22, 38, 14, 0)
s = 177: (0, 37, 42, 11, 18, 19, 11, 12, 11, 76, 11, 0)
s = 178: (0, 28, 40, 9, 21, 29, 14, 11, 9, 62, 15, 0)
s = 179: (0, 25, 43, 6, 24, 22, 8, 8, 12, 35, 27, 0)
s = 180: (0, 45, 41, 7, 32, 29, 8, 20, 17, 65, 14, 0)
s = 181: (0, 22, 41, 10, 16, 22, 10, 10, 15, 36, 22, 0)
s = 182: (0, 23, 41, 7, 25, 36, 13, 19, 21, 61, 26, 0)
s = 183: (0, 17, 56, 10, 15, 31, 12, 14, 14, 32, 24, 0)
s = 184: (0, 27, 25, 9, 21, 22, 12, 23, 15, 57, 18, 0)
s = 185: (0, 30, 32, 5, 15, 34, 9, 12, 17, 61, 17, 0)
s = 186: (0, 29, 37, 12, 24, 39, 11, 17, 19, 42, 16, 0)
s = 187: (0, 19, 70, 6, 36, 31, 16, 19, 15, 76, 14, 0)
s = 188: (0, 19, 75, 7, 18, 33, 13, 11, 11, 33, 22, 0)
s = 189: (0, 40, 36, 7, 37, 42, 15, 11, 21, 50, 10, 0)
s = 190: (0, 35, 54, 10, 30, 49, 8, 13, 10, 29, 18, 0)
s = 191: (0, 32, 55, 7, 24, 24, 16, 20, 11, 29, 12, 0)
s = 192: (0, 35, 35, 7, 31, 24, 11, 16, 15, 61, 14, 0)
s = 193: (0, 28, 42, 7, 24, 20, 13, 13, 13, 53, 11, 0)
s = 194: (0, 23, 68, 7, 19, 23, 15, 20, 16, 40, 19, 0)
s = 195: (0, 22, 36, 8, 19, 43, 9, 14, 11, 67, 25, 0)
s = 196: (0, 32, 52, 5, 21, 29, 16, 13, 12, 58, 13, 0)
s = 197: (0, 26, 71, 6, 38, 45, 13, 12, 19, 66, 22, 0)
s = 198: (0, 45, 43, 9, 20, 23, 18, 14, 8, 66, 23, 0)
s = 199: (0, 21, 46, 8, 17, 20, 10, 11, 12, 31, 14, 0)
s = 200: (0, 22, 42, 6, 44, 32, 12, 20, 9, 37, 29, 0)
************************************************************************
ES/LS-VALUES:
jobnr.   ES(i)    LS(i)
------------------------------------------------------------------------
  0        0        0
  1        0       44
  2        0       62
  3        0       56
  4        8       53
  5       14       60
  6        8       65
  7       23       69
  8        8       73
  9       14       70
 10       28       75
 11       31       79
************************************************************************
BIG-M-VALUES:
M1 = 49, M2 = 237
************************************************************************
