************************************************************************
file with basedata            : j60_57.bas
initial value random generator: 710446931
************************************************************************
projects                      :  1
jobs (incl. supersource/sink ):  62
horizon                       :  352
RESOURCES
  - renewable                 :  4   R
  - nonrenewable              :  0   N
  - doubly constrained        :  0   D
************************************************************************
PROJECT INFORMATION:
pronr.  #jobs rel.date duedate tardcost  MPM-Time
    1     60      0       95       12       95
************************************************************************
PRECEDENCE RELATIONS:
jobnr.    #modes  #successors   successors
   0        1          3           1   2   3
   1        1          3          12  17  33
   2        1          3          23  41  48
   3        1          3           4   6  11
   4        1          3           5  25  27
   5        1          3          20  28  34
   6        1          3           7  13  14
   7        1          3           8  10  15
   8        1          3           9  26  38
   9        1          2          19  21
  10        1          3          25  27  37
  11        1          3          17  36  39
  12        1          3          19  28  44
  13        1          3          15  21  28
  14        1          2          16  24
  15        1          2          41  43
  16        1          2          38  39
  17        1          3          18  30  32
  18        1          1          34
  19        1          3          20  45  49
  20        1          3          22  35  37
  21        1          3          32  33  42
  22        1          3          31  42  47
  23        1          2          36  47
  24        1          3          29  38  50
  25        1          3          32  33  41
  26        1          2          29  31
  27        1          3          29  40  51
  28        1          3          31  45  48
  29        1          3          35  46  55
  30        1          2          35  43
  31        1          1          50
  32        1          3          34  40  55
  33        1          1          56
  34        1          3          49  51  58
  35        1          2          54  56
  36        1          3          43  53  55
  37        1          2          39  47
  38        1          1          40
  39        1          2          42  52
  40        1          3          44  52  53
  41        1          3          49  51  52
  42        1          1          46
  43        1          2          45  59
  44        1          1          46
  45        1          1          60
  46        1          1          48
  47        1          1          54
  48        1          1          58
  49        1          1          50
  50        1          1          53
  51        1          1          60
  52        1          2          54  56
  53        1          2          59  60
  54        1          1          57
  55        1          1          57
  56        1          1          57
  57        1          2          58  59
  58        1          1          61
  59        1          1          61
  60        1          1          61
  61        1          0        
************************************************************************
REQUESTS/DURATIONS:
jobnr. mode duration  R 1  R 2  R 3  R 4  E(W 1)
------------------------------------------------------------------------
  0      1     0       0    0    0    0     0
  1      1     7       7    8    4    5    168
  2      1     4       9    5    0    3    68
  3      1     5       7    0    9    0    80
  4      1     9       1    9    3    5    171
  5      1     8       6    4    3    2    120
  6      1     8       1    8    0    0    80
  7      1     6       0    0   10    1    72
  8      1     8       4    3    5    0    96
  9      1     2      10    4   10    0    48
 10      1     9       0    0    7    3    90
 11      1     9       7    4    3    0    126
 12      1     9       5    1    7    4    162
 13      1     2       0   10    8    0    36
 14      1     1       6    2    4    0    12
 15      1     7       4    1    2    1    70
 16      1     4       0    8    9    0    68
 17      1     4       5    3    0    9    68
 18      1     4       6    1    8    6    88
 19      1    10       4    7   10    0    210
 20      1     5       0    3    7    7    85
 21      1     4       0    0    1    0     8
 22      1     8       0   10    4    5    152
 23      1     3       8    3    4    0    45
 24      1     1       6    0    0    0     6
 25      1     6       6    9    1    8    150
 26      1     9       3    8    5    9    225
 27      1     7       9    9    3   10    217
 28      1     2       0    4    6    3    26
 29      1    10       1    0    0    0    20
 30      1     9       0    9    4    5    162
 31      1     8       6    1   10    0    144
 32      1     2       1    9    5    1    36
 33      1     2       9    1    9    5    50
 34      1     2       2    1    0    6    20
 35      1    10       8    3    0    4    150
 36      1     6       5    8    5    3    126
 37      1     5       0    9    9    4    110
 38      1     4       4    9    3    0    64
 39      1     9       5    4    7    0    144
 40      1     2       2    9    1    0    26
 41      1     1       3    2    8    0    13
 42      1     2       0    4    1   10    32
 43      1     9      10    0    2   10    198
 44      1     6       0    7    7   10    144
 45      1     1       8    6    1    0    16
 46      1     3       1    3    2    5    36
 47      1     8       9    2   10    5    208
 48      1     5       8    7    9    0    120
 49      1    10       0    3    0    9    120
 50      1    10       5    4    0    2    110
 51      1     4       9    1    5    0    64
 52      1     8       7    3    9    0    152
 53      1     4       4    0    4    1    40
 54      1    10       9    0    0    8    170
 55      1     5       4    5    4    5    90
 56      1     8       1    0   10    2    112
 57      1    10       9    3    0    5    170
 58      1     9      10    8    2    3    207
 59      1     5       9    7    1    0    90
 60      1     4       0    8    0    2    40
 61      1     0       0    0    0    0     0
************************************************************************
RESOURCEAVAILABILITIES:
  R 1
   63
************************************************************************
RESOURCE LIMITS:
jobnr.  l(R 1)  u(R 1)
------------------------------------------------------------------------
  0        0       0
  1       13      24
  2       10      17
  3        9      16
  4       11      19
  5        8      15
  6        5      10
  7        6      12
  8        7      12
  9       12      24
 10        6      10
 11        8      14
 12       10      18
 13        9      18
 14        6      12
 15        5      10
 16        9      17
 17       10      17
 18       11      22
 19       11      21
 20       10      17
 21        1       2
 22       10      19
 23        8      15
 24        3       6
 25       13      25
 26       14      25
 27       17      31
 28        7      13
 29        1       2
 30       10      18
 31        9      18
 32       10      18
 33       14      25
 34        5      10
 35        8      15
 36       12      21
 37       12      22
 38        9      16
 39        9      16
 40        7      13
 41        7      13
 42        8      16
 43       11      22
 44       13      24
 45        8      16
 46        7      12
 47       14      26
 48       13      24
 49        7      12
 50        6      11
 51        9      16
 52       11      19
 53        5      10
 54        9      17
 55       10      18
 56        7      14
 57       10      17
 58       12      23
 59       10      18
 60        5      10
 61        0       0
************************************************************************
SCENARIOS:
------------------------------------------------------------------------
RESOURCE k = 1
s = 1: (0, 113, 86, 100, 111, 135, 84, 58, 99, 36, 102, 118, 210, 45, 7, 97, 47, 40, 108, 157, 102, 10, 226, 62, 7, 144, 204, 173, 41, 38, 147, 215, 49, 71, 30, 175, 168, 113, 40, 192, 27, 15, 20, 196, 107, 21, 30, 227, 143, 116, 91, 74, 110, 41, 225, 75, 94, 123, 182, 109, 28, 0)
s = 2: (0, 154, 90, 71, 153, 117, 77, 59, 105, 54, 109, 179, 87, 27, 11, 62, 123, 40, 95, 226, 62, 8, 155, 26, 7, 170, 213, 251, 18, 14, 125, 143, 30, 47, 13, 108, 101, 155, 44, 170, 37, 15, 32, 153, 150, 18, 33, 257, 115, 71, 76, 54, 197, 53, 133, 148, 119, 199, 221, 104, 43, 0)
s = 3: (0, 104, 50, 64, 173, 136, 134, 56, 148, 73, 116, 149, 93, 27, 14, 86, 74, 54, 64, 201, 89, 8, 284, 49, 7, 153, 192, 286, 23, 27, 116, 165, 34, 53, 13, 92, 92, 102, 58, 149, 20, 19, 21, 262, 159, 16, 24, 215, 133, 115, 119, 97, 220, 48, 117, 95, 126, 249, 192, 50, 27, 0)
s = 4: (0, 184, 54, 124, 257, 85, 110, 54, 123, 68, 72, 167, 132, 44, 7, 51, 111, 50, 73, 211, 82, 9, 208, 44, 7, 125, 212, 333, 29, 19, 196, 144, 54, 31, 28, 212, 120, 66, 47, 113, 53, 19, 47, 158, 132, 21, 31, 148, 146, 93, 125, 74, 187, 64, 109, 109, 106, 163, 200, 102, 67, 0)
s = 5: (0, 132, 49, 94, 205, 79, 80, 57, 169, 36, 91, 100, 111, 49, 11, 55, 103, 54, 104, 198, 53, 6, 195, 70, 7, 122, 256, 322, 24, 35, 201, 120, 42, 37, 36, 139, 135, 135, 63, 163, 26, 16, 29, 169, 274, 19, 55, 354, 97, 125, 104, 46, 226, 36, 147, 50, 95, 150, 136, 77, 25, 0)
s = 6: (0, 119, 78, 80, 111, 105, 85, 43, 73, 76, 85, 95, 130, 37, 23, 76, 57, 83, 112, 259, 103, 11, 162, 49, 12, 158, 301, 163, 21, 18, 84, 147, 47, 33, 26, 109, 102, 81, 47, 133, 30, 16, 24, 166, 83, 19, 33, 258, 171, 109, 95, 43, 148, 41, 116, 55, 120, 183, 217, 110, 51, 0)
s = 7: (0, 154, 77, 51, 128, 98, 79, 96, 120, 65, 84, 152, 223, 41, 11, 60, 89, 68, 77, 246, 73, 8, 85, 38, 8, 122, 373, 226, 22, 22, 122, 123, 43, 47, 19, 82, 80, 108, 92, 169, 22, 15, 23, 293, 111, 16, 30, 149, 79, 141, 82, 79, 131, 48, 144, 99, 110, 175, 166, 70, 34, 0)
s = 8: (0, 183, 104, 83, 175, 131, 50, 79, 76, 58, 107, 212, 214, 42, 10, 87, 54, 44, 58, 159, 85, 9, 166, 59, 7, 117, 133, 281, 30, 26, 123, 148, 32, 40, 14, 147, 144, 135, 39, 102, 32, 11, 42, 294, 145, 15, 31, 185, 106, 118, 161, 46, 215, 55, 198, 141, 138, 214, 322, 78, 51, 0)
s = 9: (0, 128, 63, 68, 222, 80, 95, 54, 107, 38, 168, 113, 104, 22, 12, 78, 40, 47, 85, 171, 78, 9, 138, 63, 5, 134, 134, 242, 41, 19, 175, 88, 49, 64, 24, 198, 106, 59, 59, 242, 21, 9, 24, 167, 170, 15, 42, 239, 165, 103, 128, 54, 146, 44, 143, 76, 69, 181, 243, 59, 54, 0)
s = 10: (0, 192, 90, 109, 114, 105, 83, 90, 151, 50, 104, 140, 126, 33, 8, 87, 74, 63, 131, 225, 68, 9, 162, 31, 8, 133, 324, 346, 20, 26, 167, 74, 37, 39, 25, 253, 137, 125, 60, 141, 26, 16, 37, 147, 121, 17, 45, 197, 107, 151, 138, 64, 171, 38, 127, 116, 99, 142, 116, 91, 41, 0)
s = 11: (0, 149, 107, 65, 122, 85, 81, 56, 63, 61, 90, 119, 209, 30, 18, 92, 74, 68, 106, 248, 102, 5, 214, 51, 4, 185, 233, 338, 20, 20, 128, 168, 45, 56, 22, 155, 144, 71, 45, 127, 20, 11, 30, 121, 158, 10, 51, 152, 111, 155, 150, 94, 218, 46, 134, 140, 84, 186, 239, 81, 37, 0)
s = 12: (0, 187, 55, 57, 233, 136, 94, 71, 130, 68, 72, 112, 112, 37, 12, 75, 103, 58, 96, 130, 58, 6, 121, 32, 10, 96, 281, 180, 21, 19, 204, 220, 43, 33, 21, 88, 119, 148, 59, 114, 16, 8, 37, 226, 94, 25, 27, 355, 203, 82, 135, 117, 134, 36, 163, 114, 120, 147, 131, 98, 42, 0)
s = 13: (0, 160, 65, 129, 154, 129, 83, 94, 68, 35, 70, 182, 124, 63, 20, 94, 60, 60, 129, 171, 133, 5, 174, 65, 10, 163, 208, 151, 36, 15, 156, 172, 34, 35, 22, 158, 84, 146, 69, 118, 35, 10, 45, 296, 198, 22, 44, 321, 161, 124, 114, 49, 157, 29, 227, 131, 86, 97, 120, 71, 36, 0)
s = 14: (0, 173, 69, 57, 225, 80, 97, 41, 102, 64, 107, 153, 213, 35, 17, 59, 74, 54, 148, 131, 82, 9, 101, 30, 6, 181, 190, 197, 37, 16, 171, 127, 50, 38, 16, 120, 143, 70, 44, 136, 20, 17, 40, 220, 143, 10, 41, 200, 87, 104, 79, 72, 131, 31, 202, 159, 130, 148, 185, 127, 30, 0)
s = 15: (0, 229, 59, 73, 103, 98, 79, 59, 138, 37, 87, 176, 133, 35, 9, 77, 54, 43, 69, 175, 107, 7, 162, 52, 7, 196, 301, 124, 17, 11, 119, 143, 28, 40, 14, 127, 68, 151, 49, 126, 16, 10, 34, 260, 129, 13, 31, 250, 92, 85, 60, 57, 138, 56, 209, 99, 110, 163, 151, 87, 31, 0)
s = 16: (0, 176, 44, 76, 124, 96, 53, 56, 81, 75, 80, 94, 126, 46, 8, 51, 84, 52, 112, 239, 62, 8, 96, 41, 9, 141, 177, 256, 32, 26, 221, 143, 54, 40, 27, 124, 126, 99, 49, 90, 17, 12, 26, 132, 149, 18, 37, 183, 164, 119, 144, 116, 152, 24, 178, 86, 69, 163, 159, 60, 67, 0)
s = 17: (0, 187, 79, 75, 234, 117, 72, 56, 84, 53, 118, 107, 169, 39, 10, 106, 82, 53, 120, 138, 85, 7, 136, 30, 8, 131, 201, 251, 21, 15, 151, 140, 51, 56, 12, 149, 89, 110, 57, 155, 21, 18, 40, 137, 238, 10, 26, 207, 106, 68, 120, 44, 151, 28, 214, 99, 113, 171, 187, 119, 26, 0)
s = 18: (0, 164, 71, 111, 172, 147, 104, 64, 81, 43, 81, 102, 95, 35, 11, 51, 97, 56, 67, 213, 50, 11, 178, 68, 5, 86, 218, 182, 38, 23, 149, 200, 46, 57, 20, 145, 72, 71, 90, 125, 29, 8, 27, 238, 99, 15, 45, 251, 98, 105, 120, 42, 157, 31, 219, 84, 88, 170, 183, 86, 33, 0)
s = 19: (0, 112, 64, 55, 249, 182, 89, 54, 114, 37, 59, 172, 177, 26, 12, 85, 78, 74, 72, 248, 77, 8, 170, 58, 6, 161, 293, 150, 14, 20, 145, 243, 33, 49, 15, 158, 156, 65, 62, 142, 24, 21, 40, 204, 158, 24, 32, 171, 133, 140, 120, 58, 207, 47, 190, 89, 121, 157, 191, 66, 54, 0)
s = 20: (0, 197, 62, 76, 119, 82, 58, 64, 118, 42, 70, 128, 88, 36, 9, 54, 52, 63, 75, 167, 52, 7, 95, 55, 8, 134, 138, 196, 26, 17, 195, 100, 52, 53, 19, 171, 119, 123, 59, 178, 28, 14, 23, 331, 120, 15, 41, 217, 118, 143, 100, 56, 101, 30, 234, 53, 125, 119, 230, 100, 24, 0)
s = 21: (0, 219, 75, 91, 119, 191, 76, 108, 124, 64, 73, 90, 164, 57, 8, 55, 78, 63, 63, 280, 96, 13, 140, 44, 8, 112, 214, 223, 26, 25, 128, 162, 49, 40, 18, 167, 98, 79, 50, 175, 40, 16, 33, 103, 142, 15, 31, 192, 96, 106, 70, 72, 145, 53, 140, 107, 105, 161, 240, 94, 36, 0)
s = 22: (0, 159, 51, 76, 256, 117, 94, 59, 118, 38, 48, 132, 170, 49, 14, 64, 51, 84, 112, 232, 81, 5, 242, 48, 8, 130, 220, 158, 23, 28, 96, 90, 39, 69, 16, 125, 209, 123, 85, 152, 24, 10, 36, 196, 109, 16, 27, 230, 113, 191, 97, 82, 149, 40, 233, 87, 116, 157, 375, 71, 39, 0)
s = 23: (0, 168, 85, 72, 141, 94, 68, 44, 118, 55, 108, 141, 215, 27, 9, 59, 107, 60, 82, 234, 115, 14, 175, 40, 8, 110, 142, 146, 29, 19, 201, 133, 27, 39, 19, 123, 117, 164, 38, 133, 28, 17, 26, 217, 129, 16, 37, 137, 121, 136, 100, 34, 218, 50, 140, 101, 98, 139, 176, 80, 31, 0)
s = 24: (0, 175, 61, 84, 132, 95, 85, 63, 57, 48, 66, 106, 131, 28, 14, 64, 56, 93, 125, 191, 69, 9, 91, 42, 4, 149, 322, 183, 19, 12, 159, 95, 47, 59, 17, 184, 190, 101, 75, 149, 18, 13, 38, 172, 148, 11, 32, 272, 126, 133, 126, 71, 142, 45, 203, 147, 130, 121, 307, 125, 35, 0)
s = 25: (0, 118, 77, 83, 166, 86, 84, 95, 100, 34, 96, 131, 146, 46, 13, 49, 106, 62, 87, 166, 102, 7, 157, 34, 7, 292, 144, 276, 31, 18, 124, 121, 27, 36, 19, 114, 127, 138, 84, 108, 27, 16, 25, 226, 151, 22, 31, 237, 89, 115, 116, 39, 136, 44, 141, 82, 81, 152, 270, 84, 35, 0)
s = 26: (0, 181, 74, 90, 225, 182, 93, 47, 76, 59, 151, 127, 224, 45, 15, 81, 63, 72, 100, 156, 77, 5, 85, 75, 5, 187, 128, 196, 15, 18, 122, 244, 41, 65, 19, 119, 68, 102, 70, 118, 30, 11, 21, 301, 161, 16, 48, 147, 121, 107, 96, 45, 138, 29, 142, 74, 70, 103, 134, 94, 31, 0)
s = 27: (0, 115, 80, 88, 173, 95, 90, 63, 115, 60, 78, 155, 209, 38, 20, 81, 97, 47, 131, 264, 125, 9, 157, 36, 5, 100, 256, 168, 20, 27, 103, 169, 57, 56, 14, 134, 114, 76, 55, 98, 15, 17, 33, 214, 95, 15, 22, 142, 101, 143, 126, 55, 115, 42, 178, 70, 79, 164, 223, 90, 29, 0)
s = 28: (0, 196, 83, 92, 147, 83, 100, 67, 71, 34, 83, 135, 84, 27, 8, 73, 48, 81, 60, 146, 79, 7, 116, 48, 9, 104, 233, 324, 17, 19, 154, 138, 42, 75, 19, 154, 92, 103, 56, 192, 20, 13, 23, 208, 212, 16, 28, 207, 145, 153, 102, 65, 174, 55, 198, 91, 116, 239, 272, 86, 24, 0)
s = 29: (0, 178, 44, 56, 266, 82, 72, 85, 129, 34, 63, 139, 170, 59, 10, 46, 67, 64, 121, 298, 59, 6, 128, 45, 5, 180, 204, 238, 25, 20, 165, 121, 41, 53, 14, 99, 74, 126, 54, 128, 25, 16, 23, 146, 160, 18, 20, 199, 83, 81, 80, 82, 167, 34, 95, 70, 135, 177, 131, 58, 69, 0)
s = 30: (0, 133, 67, 116, 142, 64, 75, 45, 70, 56, 76, 137, 140, 25, 9, 77, 84, 56, 83, 260, 74, 11, 185, 30, 6, 140, 214, 175, 21, 12, 100, 141, 32, 38, 34, 195, 176, 70, 80, 100, 27, 12, 32, 332, 106, 18, 22, 350, 87, 141, 147, 59, 184, 60, 146, 61, 107, 104, 147, 94, 46, 0)
s = 31: (0, 136, 61, 99, 183, 156, 68, 112, 103, 70, 72, 179, 201, 41, 12, 82, 100, 79, 111, 148, 113, 7, 98, 27, 7, 122, 424, 211, 23, 22, 236, 241, 31, 48, 18, 99, 139, 171, 37, 139, 17, 20, 24, 341, 88, 18, 32, 408, 141, 129, 135, 78, 145, 32, 96, 57, 128, 243, 298, 92, 53, 0)
s = 32: (0, 114, 67, 52, 145, 192, 54, 88, 93, 46, 82, 93, 257, 25, 14, 81, 59, 58, 98, 223, 91, 8, 92, 41, 4, 154, 196, 324, 27, 35, 166, 118, 41, 54, 30, 180, 184, 197, 58, 140, 20, 11, 23, 159, 131, 18, 31, 140, 107, 164, 120, 62, 138, 54, 147, 84, 77, 147, 163, 49, 46, 0)
s = 33: (0, 134, 57, 64, 106, 98, 73, 76, 123, 49, 136, 224, 229, 43, 9, 45, 50, 45, 76, 217, 76, 10, 202, 32, 7, 206, 254, 342, 18, 32, 136, 129, 42, 58, 27, 124, 160, 109, 41, 155, 28, 14, 31, 184, 143, 20, 52, 230, 82, 80, 82, 94, 143, 34, 164, 84, 127, 187, 138, 61, 27, 0)
s = 34: (0, 214, 59, 105, 188, 171, 120, 95, 68, 61, 140, 123, 146, 32, 12, 50, 64, 77, 70, 161, 71, 10, 215, 30, 10, 115, 332, 157, 22, 16, 128, 153, 36, 70, 15, 117, 113, 123, 74, 120, 29, 12, 29, 197, 240, 18, 33, 177, 124, 144, 104, 96, 154, 30, 188, 77, 168, 135, 211, 140, 31, 0)
s = 35: (0, 166, 70, 90, 274, 189, 85, 52, 170, 54, 76, 119, 161, 47, 18, 51, 84, 54, 80, 142, 73, 13, 145, 45, 9, 80, 140, 212, 36, 24, 189, 118, 44, 43, 22, 208, 112, 81, 79, 89, 39, 11, 26, 146, 101, 23, 40, 270, 118, 119, 73, 52, 104, 33, 113, 74, 78, 183, 158, 51, 37, 0)
s = 36: (0, 266, 63, 64, 183, 111, 120, 86, 114, 50, 92, 94, 155, 41, 15, 73, 91, 64, 110, 184, 89, 6, 219, 27, 6, 178, 196, 332, 43, 13, 188, 213, 29, 53, 25, 188, 197, 129, 68, 88, 23, 7, 36, 288, 155, 23, 27, 211, 111, 91, 94, 70, 119, 43, 213, 86, 137, 164, 165, 48, 54, 0)
s = 37: (0, 169, 51, 84, 204, 75, 56, 58, 102, 48, 50, 121, 136, 37, 13, 45, 83, 88, 118, 235, 105, 5, 203, 43, 9, 148, 157, 248, 33, 20, 163, 156, 52, 36, 35, 208, 129, 118, 90, 162, 25, 23, 37, 152, 138, 13, 46, 226, 165, 73, 96, 47, 228, 54, 264, 100, 137, 191, 134, 56, 38, 0)
s = 38: (0, 122, 57, 102, 163, 136, 137, 62, 115, 69, 109, 145, 225, 48, 21, 102, 75, 44, 85, 298, 117, 12, 228, 29, 7, 120, 312, 187, 21, 26, 183, 99, 28, 65, 22, 165, 157, 79, 55, 159, 15, 20, 22, 124, 101, 11, 42, 166, 140, 123, 95, 66, 211, 39, 201, 92, 75, 164, 221, 56, 23, 0)
s = 39: (0, 135, 52, 116, 142, 137, 92, 60, 58, 33, 107, 203, 150, 36, 13, 76, 80, 57, 94, 210, 120, 6, 164, 26, 9, 133, 333, 145, 31, 17, 121, 101, 22, 40, 23, 210, 200, 138, 48, 184, 26, 10, 37, 257, 185, 16, 32, 139, 121, 94, 106, 93, 171, 28, 210, 65, 103, 107, 137, 78, 22, 0)
s = 40: (0, 246, 70, 105, 199, 72, 86, 70, 82, 35, 159, 146, 201, 25, 12, 45, 97, 59, 94, 132, 46, 11, 155, 49, 4, 120, 200, 391, 24, 26, 122, 150, 44, 49, 20, 220, 93, 103, 55, 110, 19, 17, 21, 242, 109, 11, 23, 200, 119, 131, 86, 67, 134, 29, 221, 61, 80, 220, 149, 73, 41, 0)
s = 41: (0, 213, 88, 95, 237, 116, 49, 74, 110, 64, 99, 143, 118, 32, 12, 49, 117, 93, 141, 122, 86, 8, 142, 54, 9, 221, 284, 297, 49, 31, 208, 107, 35, 41, 21, 119, 161, 131, 82, 103, 22, 8, 40, 220, 103, 11, 41, 210, 183, 73, 102, 117, 127, 51, 105, 126, 63, 167, 304, 97, 44, 0)
s = 42: (0, 165, 60, 89, 266, 85, 77, 84, 90, 77, 107, 93, 277, 54, 8, 43, 74, 96, 75, 112, 48, 8, 97, 43, 7, 188, 277, 243, 32, 20, 157, 149, 43, 36, 28, 106, 122, 113, 68, 138, 20, 10, 26, 260, 119, 20, 45, 309, 166, 64, 184, 72, 163, 30, 146, 98, 118, 169, 153, 58, 43, 0)
s = 43: (0, 163, 61, 89, 185, 102, 141, 53, 90, 52, 71, 92, 93, 54, 13, 88, 106, 87, 66, 154, 135, 6, 140, 46, 6, 151, 233, 213, 21, 11, 189, 159, 32, 32, 18, 142, 138, 94, 40, 123, 23, 19, 19, 116, 102, 24, 37, 142, 103, 135, 106, 64, 132, 37, 122, 102, 124, 235, 317, 119, 39, 0)
s = 44: (0, 178, 46, 106, 145, 99, 113, 56, 78, 29, 76, 117, 136, 39, 15, 78, 74, 88, 111, 213, 76, 12, 155, 51, 7, 121, 297, 178, 27, 24, 124, 163, 30, 68, 23, 212, 181, 117, 37, 129, 39, 14, 30, 141, 97, 21, 22, 193, 108, 94, 86, 46, 246, 43, 164, 107, 140, 125, 165, 71, 66, 0)
s = 45: (0, 109, 110, 59, 157, 134, 66, 55, 52, 73, 71, 96, 148, 38, 15, 108, 109, 84, 63, 218, 88, 7, 226, 37, 8, 134, 165, 164, 34, 19, 232, 101, 31, 58, 13, 161, 191, 111, 45, 180, 30, 14, 48, 272, 204, 11, 34, 240, 143, 157, 110, 71, 196, 34, 149, 69, 73, 169, 199, 144, 62, 0)
s = 46: (0, 136, 62, 88, 123, 84, 106, 107, 58, 40, 88, 138, 143, 44, 13, 48, 53, 82, 99, 210, 87, 12, 156, 67, 5, 144, 219, 162, 20, 25, 185, 183, 37, 43, 25, 150, 235, 113, 46, 134, 27, 13, 23, 154, 110, 16, 35, 214, 88, 76, 111, 58, 177, 53, 161, 128, 132, 184, 306, 61, 30, 0)
s = 47: (0, 137, 98, 80, 185, 108, 105, 56, 76, 31, 59, 123, 160, 28, 13, 86, 45, 54, 87, 179, 79, 10, 182, 57, 6, 104, 203, 127, 36, 15, 184, 142, 33, 37, 20, 138, 86, 191, 88, 219, 21, 10, 22, 241, 157, 24, 31, 175, 89, 77, 92, 53, 201, 31, 180, 92, 80, 147, 211, 82, 34, 0)
s = 48: (0, 159, 52, 74, 177, 129, 83, 87, 66, 41, 96, 152, 172, 27, 19, 51, 49, 65, 56, 124, 122, 10, 147, 41, 8, 218, 225, 269, 26, 21, 252, 186, 39, 50, 30, 144, 123, 125, 42, 82, 25, 20, 23, 209, 144, 12, 44, 254, 103, 110, 109, 90, 174, 33, 128, 111, 85, 173, 242, 63, 60, 0)
s = 49: (0, 129, 64, 43, 109, 125, 59, 68, 87, 61, 66, 77, 258, 31, 13, 89, 66, 97, 101, 131, 82, 7, 233, 61, 9, 201, 311, 270, 28, 18, 155, 172, 51, 57, 16, 241, 154, 129, 45, 108, 16, 9, 25, 124, 154, 10, 26, 176, 163, 100, 175, 64, 172, 45, 197, 91, 84, 223, 129, 81, 44, 0)
s = 50: (0, 183, 51, 75, 162, 113, 50, 94, 77, 39, 81, 131, 226, 26, 14, 69, 45, 56, 122, 285, 80, 8, 181, 36, 8, 91, 277, 209, 23, 21, 120, 160, 33, 53, 16, 104, 85, 120, 99, 134, 16, 15, 40, 185, 200, 16, 29, 184, 122, 160, 116, 74, 110, 47, 139, 106, 71, 247, 197, 127, 30, 0)
s = 51: (0, 200, 63, 83, 191, 106, 86, 45, 127, 44, 159, 132, 205, 33, 13, 64, 42, 84, 92, 308, 104, 7, 173, 36, 5, 111, 228, 268, 19, 21, 171, 101, 52, 60, 22, 181, 118, 64, 50, 144, 26, 12, 32, 270, 96, 15, 31, 152, 135, 92, 104, 77, 114, 45, 208, 101, 159, 182, 276, 70, 37, 0)
s = 52: (0, 115, 61, 130, 101, 193, 78, 69, 68, 43, 129, 150, 121, 30, 17, 52, 55, 78, 70, 202, 64, 8, 91, 37, 6, 171, 301, 183, 16, 27, 198, 103, 42, 43, 19, 166, 84, 111, 79, 137, 25, 11, 45, 330, 149, 13, 33, 220, 124, 95, 123, 48, 311, 41, 94, 100, 143, 173, 273, 84, 28, 0)
s = 53: (0, 185, 86, 52, 224, 110, 94, 100, 75, 48, 61, 109, 152, 42, 12, 43, 60, 66, 76, 236, 58, 5, 213, 45, 6, 95, 358, 203, 25, 39, 286, 124, 42, 67, 17, 160, 114, 118, 125, 233, 36, 15, 42, 301, 228, 23, 52, 177, 84, 168, 92, 65, 162, 29, 262, 97, 89, 230, 166, 129, 31, 0)
s = 54: (0, 176, 104, 110, 182, 166, 130, 42, 50, 54, 64, 166, 146, 23, 19, 87, 79, 54, 82, 259, 66, 10, 129, 39, 11, 198, 195, 240, 18, 17, 154, 194, 43, 61, 27, 123, 162, 110, 78, 189, 18, 12, 31, 151, 124, 21, 46, 210, 147, 87, 113, 52, 152, 33, 119, 56, 75, 123, 212, 96, 41, 0)
s = 55: (0, 118, 74, 73, 139, 143, 111, 68, 98, 36, 70, 91, 85, 29, 8, 52, 63, 68, 75, 165, 80, 6, 161, 32, 6, 150, 226, 157, 26, 17, 163, 255, 23, 54, 23, 205, 88, 80, 61, 152, 17, 15, 33, 317, 272, 12, 32, 159, 74, 93, 82, 74, 162, 22, 128, 60, 78, 148, 136, 140, 63, 0)
s = 56: (0, 148, 48, 102, 102, 140, 88, 48, 74, 81, 59, 139, 142, 25, 15, 79, 71, 65, 76, 126, 68, 8, 110, 44, 9, 116, 188, 119, 18, 21, 158, 137, 40, 57, 15, 159, 83, 131, 47, 152, 22, 17, 29, 138, 150, 25, 31, 300, 96, 142, 93, 61, 165, 59, 170, 49, 101, 120, 221, 76, 30, 0)
s = 57: (0, 104, 46, 157, 169, 136, 51, 50, 141, 41, 53, 114, 196, 35, 13, 70, 60, 59, 82, 132, 63, 10, 132, 37, 5, 118, 177, 239, 29, 19, 140, 240, 26, 70, 13, 128, 118, 100, 56, 203, 16, 9, 20, 251, 212, 14, 51, 173, 141, 116, 82, 94, 166, 29, 182, 60, 75, 145, 263, 93, 21, 0)
s = 58: (0, 131, 53, 70, 231, 161, 72, 96, 64, 31, 88, 97, 119, 32, 10, 83, 44, 51, 74, 140, 118, 9, 169, 56, 5, 101, 199, 156, 41, 29, 198, 73, 32, 76, 19, 131, 163, 77, 69, 162, 28, 18, 31, 170, 148, 16, 41, 195, 110, 121, 156, 88, 177, 35, 110, 87, 115, 161, 162, 84, 42, 0)
s = 59: (0, 279, 51, 103, 163, 90, 81, 63, 54, 62, 72, 92, 207, 37, 19, 48, 83, 56, 75, 205, 62, 12, 128, 26, 8, 100, 219, 202, 32, 20, 247, 144, 48, 60, 19, 124, 107, 88, 57, 154, 22, 11, 26, 336, 119, 19, 21, 368, 156, 88, 66, 75, 240, 44, 144, 118, 73, 213, 168, 89, 45, 0)
s = 60: (0, 183, 65, 76, 153, 143, 85, 58, 89, 43, 66, 168, 193, 34, 11, 61, 58, 52, 78, 144, 101, 11, 173, 29, 8, 99, 237, 167, 26, 33, 124, 96, 30, 71, 30, 146, 136, 131, 58, 98, 26, 19, 21, 190, 113, 18, 31, 275, 120, 122, 70, 74, 130, 48, 132, 69, 60, 89, 154, 79, 28, 0)
s = 61: (0, 142, 75, 56, 147, 115, 113, 53, 105, 34, 50, 99, 137, 36, 15, 46, 78, 51, 101, 155, 55, 11, 142, 81, 6, 127, 155, 152, 20, 33, 236, 160, 37, 66, 24, 212, 74, 111, 59, 122, 26, 12, 26, 173, 217, 16, 37, 229, 71, 107, 133, 45, 125, 29, 130, 80, 100, 109, 189, 87, 50, 0)
s = 62: (0, 150, 40, 113, 109, 109, 51, 92, 61, 65, 82, 86, 241, 27, 9, 77, 60, 58, 99, 163, 56, 9, 254, 66, 7, 80, 315, 219, 30, 22, 143, 84, 27, 43, 21, 99, 101, 118, 74, 112, 23, 9, 31, 134, 109, 15, 28, 239, 142, 135, 106, 59, 167, 39, 122, 55, 150, 199, 170, 124, 48, 0)
s = 63: (0, 127, 90, 100, 194, 102, 47, 59, 103, 35, 65, 140, 152, 38, 9, 70, 51, 44, 84, 170, 90, 9, 134, 24, 5, 120, 297, 279, 32, 22, 195, 205, 37, 39, 25, 94, 175, 87, 66, 103, 19, 21, 24, 229, 124, 13, 54, 154, 92, 148, 146, 66, 105, 38, 142, 72, 100, 106, 199, 82, 60, 0)
s = 64: (0, 215, 52, 82, 110, 123, 61, 104, 99, 35, 54, 137, 258, 29, 7, 85, 107, 59, 147, 258, 92, 7, 105, 67, 4, 162, 232, 311, 26, 11, 130, 101, 53, 51, 20, 112, 118, 205, 47, 261, 48, 14, 22, 137, 95, 9, 29, 245, 147, 134, 140, 43, 113, 29, 185, 87, 82, 172, 163, 140, 38, 0)
s = 65: (0, 242, 85, 125, 96, 88, 61, 67, 148, 29, 104, 87, 174, 31, 14, 62, 69, 71, 78, 233, 74, 6, 178, 42, 6, 124, 282, 279, 36, 15, 130, 182, 24, 50, 29, 168, 156, 138, 100, 145, 32, 11, 44, 212, 118, 14, 34, 193, 90, 91, 139, 71, 260, 45, 205, 92, 114, 116, 269, 76, 62, 0)
s = 66: (0, 122, 78, 121, 180, 90, 76, 112, 74, 50, 67, 77, 180, 28, 16, 46, 52, 45, 71, 163, 51, 14, 181, 26, 6, 121, 196, 129, 16, 21, 239, 84, 34, 44, 17, 163, 115, 101, 78, 108, 33, 14, 23, 161, 112, 9, 34, 131, 113, 123, 171, 68, 136, 50, 255, 56, 137, 114, 134, 109, 32, 0)
s = 67: (0, 102, 47, 80, 152, 83, 74, 101, 93, 53, 83, 145, 198, 20, 12, 72, 62, 79, 100, 270, 120, 7, 249, 34, 4, 178, 182, 218, 20, 23, 147, 185, 52, 65, 31, 83, 240, 132, 50, 123, 21, 15, 26, 282, 170, 18, 35, 222, 130, 153, 103, 39, 98, 33, 299, 94, 86, 205, 182, 118, 34, 0)
s = 68: (0, 180, 69, 82, 183, 149, 116, 81, 63, 53, 117, 85, 124, 38, 12, 53, 80, 81, 98, 153, 115, 6, 192, 30, 4, 229, 286, 222, 26, 17, 128, 223, 35, 37, 16, 243, 128, 162, 68, 197, 27, 13, 18, 245, 184, 18, 38, 193, 76, 97, 88, 99, 163, 33, 184, 61, 67, 109, 200, 102, 56, 0)
s = 69: (0, 210, 52, 66, 168, 196, 78, 62, 103, 56, 112, 150, 160, 29, 13, 58, 63, 42, 62, 149, 80, 8, 130, 34, 7, 165, 220, 149, 26, 30, 138, 142, 26, 47, 16, 254, 81, 65, 51, 108, 27, 19, 30, 132, 122, 15, 47, 242, 72, 110, 104, 40, 196, 42, 231, 90, 109, 145, 169, 108, 53, 0)
s = 70: (0, 142, 85, 82, 113, 80, 47, 104, 58, 31, 112, 145, 162, 30, 16, 52, 45, 47, 87, 205, 49, 8, 97, 33, 8, 246, 219, 193, 28, 23, 136, 223, 37, 33, 13, 146, 111, 88, 56, 187, 23, 11, 33, 242, 160, 14, 34, 163, 115, 115, 73, 43, 186, 32, 160, 65, 69, 264, 251, 89, 56, 0)
s = 71: (0, 220, 46, 63, 157, 119, 59, 107, 111, 34, 50, 109, 143, 24, 13, 49, 70, 49, 119, 229, 80, 6, 135, 45, 7, 132, 307, 138, 17, 15, 203, 125, 28, 39, 11, 249, 83, 196, 78, 169, 22, 11, 36, 213, 119, 14, 50, 192, 145, 114, 93, 40, 239, 31, 160, 71, 141, 125, 174, 107, 47, 0)
s = 72: (0, 128, 51, 52, 114, 77, 61, 121, 98, 66, 103, 79, 104, 32, 9, 53, 83, 58, 78, 260, 71, 7, 152, 67, 6, 230, 145, 183, 26, 16, 229, 117, 28, 60, 18, 151, 90, 71, 39, 125, 21, 13, 28, 269, 115, 15, 21, 162, 108, 183, 96, 57, 200, 51, 149, 67, 102, 140, 202, 94, 51, 0)
s = 73: (0, 198, 70, 114, 139, 181, 54, 60, 74, 45, 128, 127, 126, 26, 7, 54, 50, 115, 96, 214, 76, 10, 87, 47, 6, 86, 258, 171, 19, 36, 179, 133, 38, 49, 14, 122, 187, 94, 70, 113, 24, 16, 32, 133, 132, 11, 41, 301, 123, 122, 134, 81, 97, 37, 148, 122, 67, 257, 216, 86, 22, 0)
s = 74: (0, 137, 54, 110, 165, 66, 92, 59, 113, 47, 120, 125, 240, 52, 12, 52, 68, 44, 84, 196, 81, 9, 137, 52, 7, 120, 239, 139, 25, 19, 163, 210, 28, 29, 26, 159, 100, 77, 73, 167, 36, 14, 34, 172, 218, 12, 46, 144, 180, 120, 115, 77, 174, 30, 152, 129, 102, 156, 224, 97, 64, 0)
s = 75: (0, 240, 98, 83, 233, 68, 92, 72, 78, 76, 74, 175, 156, 32, 12, 63, 74, 46, 85, 139, 123, 9, 190, 44, 5, 130, 274, 257, 25, 22, 168, 131, 33, 81, 15, 127, 115, 76, 51, 109, 40, 13, 50, 226, 176, 10, 38, 203, 88, 100, 177, 45, 221, 30, 103, 67, 115, 220, 254, 87, 41, 0)
s = 76: (0, 112, 90, 94, 229, 137, 114, 58, 62, 85, 96, 123, 150, 46, 14, 71, 96, 75, 66, 368, 67, 7, 164, 47, 7, 170, 234, 133, 19, 25, 101, 198, 41, 36, 26, 121, 108, 120, 103, 142, 25, 8, 43, 138, 102, 10, 46, 328, 97, 112, 177, 57, 133, 33, 222, 57, 179, 188, 166, 95, 48, 0)
s = 77: (0, 140, 56, 84, 102, 171, 85, 59, 101, 45, 83, 163, 133, 29, 15, 92, 81, 84, 102, 156, 62, 8, 234, 43, 5, 141, 173, 193, 24, 17, 89, 191, 24, 74, 19, 206, 153, 129, 68, 117, 20, 11, 38, 272, 126, 9, 40, 156, 82, 95, 110, 84, 128, 33, 260, 71, 170, 165, 226, 120, 38, 0)
s = 78: (0, 175, 54, 92, 161, 61, 93, 64, 106, 70, 140, 125, 265, 28, 12, 71, 55, 64, 71, 123, 134, 11, 286, 36, 5, 129, 190, 247, 20, 16, 130, 133, 45, 54, 19, 258, 102, 90, 105, 100, 24, 9, 30, 113, 110, 18, 30, 264, 114, 87, 99, 46, 150, 39, 140, 85, 94, 148, 235, 82, 49, 0)
s = 79: (0, 288, 71, 57, 175, 111, 94, 65, 86, 40, 78, 101, 146, 37, 8, 53, 96, 83, 95, 197, 67, 9, 89, 58, 5, 104, 176, 208, 28, 15, 225, 103, 38, 51, 20, 158, 201, 86, 115, 106, 21, 11, 25, 128, 180, 15, 43, 276, 91, 134, 87, 37, 105, 42, 236, 97, 146, 222, 180, 70, 33, 0)
s = 80: (0, 186, 70, 95, 99, 133, 106, 61, 135, 46, 90, 89, 184, 23, 10, 67, 46, 122, 92, 218, 61, 7, 199, 64, 6, 193, 181, 282, 16, 17, 176, 92, 35, 46, 17, 217, 176, 168, 70, 180, 31, 13, 42, 227, 171, 20, 26, 121, 92, 94, 136, 57, 104, 44, 185, 103, 63, 172, 284, 125, 38, 0)
s = 81: (0, 248, 86, 93, 137, 163, 96, 96, 76, 49, 54, 166, 106, 42, 11, 76, 86, 46, 98, 179, 71, 5, 140, 61, 6, 96, 229, 161, 31, 20, 222, 107, 28, 57, 26, 150, 127, 84, 68, 171, 25, 14, 27, 124, 206, 19, 39, 212, 147, 168, 107, 69, 153, 43, 209, 70, 72, 124, 112, 71, 53, 0)
s = 82: (0, 130, 105, 75, 137, 174, 110, 63, 93, 63, 74, 242, 126, 27, 15, 45, 71, 62, 87, 294, 114, 9, 197, 38, 5, 161, 197, 259, 21, 15, 140, 129, 26, 69, 24, 98, 134, 112, 76, 121, 23, 18, 43, 149, 96, 13, 54, 206, 117, 61, 86, 58, 85, 45, 158, 98, 147, 135, 263, 71, 40, 0)
s = 83: (0, 261, 56, 49, 164, 66, 88, 78, 74, 35, 106, 161, 186, 39, 12, 57, 97, 85, 92, 223, 58, 13, 264, 54, 5, 109, 234, 211, 44, 21, 235, 127, 39, 51, 26, 202, 158, 89, 69, 140, 22, 12, 29, 204, 88, 16, 41, 168, 134, 103, 105, 83, 100, 38, 147, 92, 85, 208, 273, 60, 30, 0)
s = 84: (0, 117, 72, 92, 107, 174, 63, 88, 90, 42, 79, 112, 128, 35, 7, 58, 79, 95, 115, 133, 120, 9, 277, 25, 8, 137, 217, 120, 39, 21, 125, 151, 20, 59, 20, 100, 178, 220, 64, 110, 17, 17, 35, 246, 131, 20, 35, 287, 75, 108, 99, 91, 150, 28, 143, 71, 81, 134, 196, 52, 41, 0)
s = 85: (0, 227, 50, 137, 197, 98, 61, 59, 78, 53, 71, 130, 219, 30, 15, 86, 51, 48, 70, 244, 100, 6, 151, 41, 5, 109, 134, 284, 32, 14, 195, 121, 24, 40, 24, 155, 132, 80, 47, 123, 31, 15, 41, 228, 276, 14, 34, 174, 106, 79, 132, 39, 108, 30, 134, 61, 117, 177, 287, 70, 28, 0)
s = 86: (0, 213, 53, 71, 103, 71, 50, 70, 130, 58, 52, 205, 94, 41, 10, 65, 79, 66, 102, 152, 60, 6, 154, 43, 5, 143, 250, 147, 25, 18, 219, 173, 29, 37, 14, 178, 66, 167, 56, 151, 19, 11, 21, 168, 75, 13, 39, 143, 135, 78, 61, 37, 133, 31, 205, 63, 104, 145, 246, 69, 49, 0)
s = 87: (0, 158, 71, 46, 172, 128, 127, 95, 110, 64, 125, 130, 257, 34, 18, 42, 66, 53, 106, 140, 59, 8, 226, 60, 5, 84, 265, 224, 32, 15, 264, 138, 34, 43, 21, 115, 161, 85, 76, 130, 18, 10, 23, 211, 162, 18, 38, 323, 96, 125, 85, 46, 204, 28, 148, 54, 138, 109, 172, 90, 33, 0)
s = 88: (0, 146, 79, 82, 164, 81, 85, 48, 61, 43, 103, 81, 109, 34, 11, 108, 66, 66, 147, 223, 49, 8, 158, 47, 8, 159, 270, 315, 23, 18, 145, 124, 27, 53, 16, 145, 86, 89, 46, 139, 21, 13, 30, 112, 174, 18, 64, 274, 141, 105, 122, 75, 138, 49, 135, 89, 132, 221, 156, 74, 42, 0)
s = 89: (0, 140, 72, 96, 222, 131, 71, 64, 98, 34, 76, 155, 147, 27, 8, 94, 42, 119, 100, 224, 69, 9, 149, 41, 8, 150, 284, 283, 36, 13, 100, 169, 25, 38, 31, 145, 106, 82, 90, 224, 27, 14, 37, 188, 177, 12, 34, 213, 142, 93, 123, 54, 153, 46, 161, 117, 90, 182, 139, 114, 38, 0)
s = 90: (0, 121, 58, 126, 153, 141, 66, 108, 99, 32, 106, 101, 101, 49, 9, 66, 50, 74, 95, 221, 87, 7, 230, 46, 8, 176, 162, 154, 31, 26, 164, 140, 21, 52, 18, 151, 82, 63, 82, 187, 29, 11, 36, 213, 98, 13, 28, 203, 90, 82, 63, 75, 238, 61, 149, 110, 97, 139, 326, 73, 54, 0)
s = 91: (0, 322, 48, 72, 129, 134, 51, 76, 148, 81, 68, 143, 90, 40, 14, 68, 105, 73, 127, 359, 72, 6, 156, 31, 6, 204, 349, 240, 26, 23, 150, 88, 30, 34, 24, 130, 123, 168, 97, 110, 20, 14, 21, 301, 117, 24, 36, 142, 131, 84, 113, 50, 96, 57, 125, 89, 100, 123, 233, 112, 47, 0)
s = 92: (0, 178, 110, 84, 160, 132, 62, 85, 101, 41, 150, 159, 228, 29, 14, 61, 58, 136, 93, 176, 114, 9, 209, 40, 6, 139, 233, 262, 28, 21, 187, 90, 59, 62, 20, 80, 89, 106, 78, 105, 25, 20, 29, 213, 247, 10, 42, 128, 78, 89, 135, 61, 148, 46, 100, 73, 136, 296, 293, 84, 33, 0)
s = 93: (0, 164, 79, 83, 161, 105, 97, 79, 130, 62, 111, 163, 89, 25, 23, 60, 68, 93, 100, 218, 80, 8, 187, 38, 6, 157, 162, 148, 18, 15, 129, 133, 26, 61, 13, 97, 85, 113, 49, 133, 20, 13, 20, 161, 196, 13, 42, 276, 132, 122, 180, 42, 117, 52, 158, 122, 110, 147, 285, 61, 28, 0)
s = 94: (0, 122, 77, 71, 172, 144, 47, 86, 117, 32, 97, 97, 147, 28, 11, 41, 77, 77, 96, 260, 75, 8, 155, 56, 8, 146, 173, 141, 27, 37, 129, 103, 48, 40, 24, 114, 163, 99, 85, 161, 32, 10, 24, 125, 152, 15, 43, 261, 88, 126, 91, 50, 191, 65, 213, 80, 77, 142, 166, 87, 35, 0)
s = 95: (0, 107, 59, 66, 241, 72, 53, 73, 75, 40, 104, 130, 265, 47, 14, 65, 58, 107, 76, 220, 84, 11, 114, 52, 7, 127, 174, 175, 34, 19, 126, 177, 38, 54, 37, 84, 183, 78, 97, 125, 19, 18, 33, 278, 102, 21, 25, 134, 175, 187, 108, 70, 185, 30, 156, 88, 124, 161, 302, 91, 66, 0)
s = 96: (0, 145, 56, 111, 203, 127, 72, 46, 99, 52, 51, 149, 136, 26, 8, 37, 58, 80, 124, 178, 80, 10, 212, 43, 8, 174, 247, 228, 28, 15, 195, 131, 23, 58, 13, 98, 106, 88, 50, 226, 41, 11, 39, 323, 113, 17, 31, 126, 122, 69, 135, 38, 263, 28, 125, 85, 82, 178, 276, 56, 37, 0)
s = 97: (0, 160, 96, 83, 111, 103, 44, 46, 96, 56, 120, 87, 125, 39, 14, 48, 88, 80, 59, 253, 76, 7, 162, 46, 5, 87, 383, 191, 21, 17, 232, 124, 27, 68, 36, 160, 125, 151, 83, 149, 28, 14, 43, 267, 140, 19, 24, 120, 86, 126, 64, 61, 113, 57, 193, 91, 139, 126, 262, 56, 43, 0)
s = 98: (0, 97, 89, 99, 160, 139, 104, 70, 76, 35, 58, 132, 219, 22, 16, 72, 54, 43, 55, 307, 56, 7, 158, 48, 6, 179, 289, 235, 20, 26, 197, 177, 27, 47, 28, 169, 95, 124, 35, 155, 26, 10, 25, 272, 142, 24, 42, 197, 115, 107, 72, 57, 91, 26, 163, 99, 68, 116, 258, 82, 57, 0)
s = 99: (0, 130, 62, 100, 118, 102, 55, 94, 121, 48, 86, 149, 123, 29, 13, 78, 65, 45, 91, 269, 69, 10, 116, 47, 4, 114, 299, 155, 22, 17, 103, 179, 23, 97, 21, 163, 143, 91, 78, 155, 30, 12, 37, 206, 90, 13, 32, 330, 148, 146, 96, 82, 143, 47, 253, 128, 119, 196, 234, 62, 39, 0)
s = 100: (0, 208, 70, 73, 186, 120, 103, 85, 87, 39, 57, 119, 150, 36, 12, 69, 96, 57, 51, 157, 131, 8, 98, 35, 8, 147, 262, 278, 26, 19, 187, 152, 27, 58, 18, 223, 76, 153, 105, 119, 21, 16, 21, 343, 173, 21, 35, 273, 86, 202, 110, 70, 205, 41, 200, 80, 85, 297, 267, 81, 41, 0)
s = 101: (0, 131, 72, 69, 178, 75, 80, 51, 57, 31, 144, 103, 184, 22, 13, 71, 64, 96, 91, 176, 99, 7, 166, 51, 7, 175, 181, 210, 39, 30, 242, 205, 33, 45, 22, 173, 111, 117, 65, 126, 21, 16, 42, 129, 123, 13, 44, 159, 106, 147, 128, 95, 146, 58, 123, 107, 107, 216, 183, 98, 26, 0)
s = 102: (0, 196, 70, 105, 166, 115, 78, 67, 66, 61, 106, 85, 162, 43, 15, 67, 99, 62, 58, 360, 65, 8, 250, 43, 6, 202, 244, 354, 31, 17, 205, 178, 53, 75, 25, 129, 86, 76, 45, 131, 26, 13, 24, 228, 169, 23, 42, 142, 73, 204, 125, 34, 153, 36, 156, 61, 144, 181, 324, 66, 27, 0)
s = 103: (0, 124, 60, 85, 227, 122, 85, 66, 101, 53, 105, 163, 152, 28, 13, 108, 62, 88, 67, 167, 51, 9, 172, 29, 7, 160, 444, 241, 31, 30, 138, 169, 50, 63, 23, 119, 78, 67, 65, 121, 23, 19, 20, 165, 134, 20, 24, 260, 134, 118, 81, 57, 142, 53, 189, 63, 94, 191, 131, 81, 50, 0)
s = 104: (0, 137, 83, 87, 252, 94, 55, 46, 72, 34, 102, 120, 157, 61, 13, 94, 42, 83, 75, 218, 75, 8, 160, 43, 7, 80, 206, 113, 21, 12, 158, 205, 33, 74, 16, 177, 125, 87, 94, 132, 25, 9, 41, 241, 166, 24, 38, 172, 126, 140, 139, 59, 121, 34, 179, 68, 84, 271, 349, 88, 43, 0)
s = 105: (0, 202, 89, 92, 235, 102, 84, 52, 109, 72, 112, 109, 134, 23, 9, 91, 97, 91, 110, 248, 54, 5, 131, 38, 6, 218, 157, 169, 21, 18, 150, 154, 45, 66, 16, 127, 164, 141, 44, 150, 26, 13, 30, 150, 209, 21, 28, 191, 65, 96, 137, 62, 208, 63, 120, 95, 70, 179, 258, 97, 25, 0)
s = 106: (0, 205, 92, 61, 102, 75, 65, 56, 61, 44, 68, 106, 153, 47, 11, 54, 81, 45, 91, 152, 93, 10, 169, 42, 5, 171, 188, 364, 32, 24, 129, 121, 27, 62, 17, 197, 112, 144, 70, 167, 36, 9, 18, 234, 91, 11, 29, 255, 87, 105, 126, 43, 188, 48, 115, 56, 78, 198, 184, 96, 43, 0)
s = 107: (0, 179, 59, 44, 188, 152, 117, 51, 101, 63, 62, 102, 144, 38, 9, 50, 68, 71, 69, 174, 117, 10, 236, 27, 4, 160, 234, 218, 36, 23, 161, 127, 25, 59, 20, 164, 92, 84, 41, 133, 32, 13, 43, 181, 144, 21, 40, 228, 92, 90, 175, 56, 192, 54, 176, 89, 106, 118, 221, 95, 56, 0)
s = 108: (0, 125, 95, 71, 209, 117, 133, 44, 126, 30, 87, 130, 128, 33, 9, 79, 63, 46, 112, 146, 124, 8, 105, 30, 7, 131, 214, 175, 27, 27, 107, 82, 31, 62, 17, 192, 150, 69, 51, 119, 22, 11, 48, 202, 142, 22, 30, 236, 116, 127, 90, 48, 214, 28, 153, 64, 140, 143, 277, 157, 38, 0)
s = 109: (0, 123, 99, 135, 142, 106, 93, 100, 61, 40, 53, 109, 150, 27, 7, 75, 75, 57, 64, 304, 47, 9, 192, 38, 5, 164, 196, 165, 36, 11, 242, 184, 43, 78, 19, 169, 165, 109, 74, 240, 44, 20, 28, 158, 154, 19, 44, 172, 160, 95, 78, 58, 144, 48, 219, 78, 112, 97, 283, 128, 55, 0)
s = 110: (0, 250, 81, 72, 241, 103, 86, 107, 77, 60, 136, 192, 153, 42, 13, 55, 68, 111, 115, 256, 127, 10, 172, 26, 5, 221, 245, 271, 18, 24, 160, 141, 57, 50, 19, 88, 69, 81, 66, 104, 34, 16, 22, 169, 103, 16, 37, 143, 84, 99, 102, 48, 117, 69, 235, 121, 110, 117, 185, 63, 40, 0)
s = 111: (0, 101, 51, 77, 171, 123, 71, 83, 85, 52, 46, 129, 178, 27, 11, 63, 51, 55, 111, 224, 74, 7, 238, 64, 6, 154, 342, 202, 22, 25, 212, 151, 33, 44, 17, 161, 151, 82, 58, 102, 19, 12, 56, 138, 163, 12, 25, 232, 144, 165, 114, 65, 113, 34, 174, 55, 119, 216, 174, 90, 50, 0)
s = 112: (0, 192, 54, 108, 125, 130, 86, 68, 122, 35, 64, 174, 182, 25, 9, 46, 50, 50, 112, 134, 79, 8, 185, 32, 4, 154, 270, 271, 29, 16, 190, 201, 20, 46, 21, 216, 109, 77, 84, 171, 27, 13, 32, 201, 235, 19, 63, 166, 84, 140, 62, 57, 95, 35, 197, 82, 81, 145, 243, 131, 46, 0)
s = 113: (0, 104, 51, 72, 194, 144, 77, 46, 128, 40, 121, 165, 182, 38, 16, 42, 85, 49, 96, 184, 60, 9, 106, 45, 9, 84, 317, 187, 21, 20, 179, 123, 27, 55, 16, 201, 90, 81, 55, 116, 24, 14, 33, 163, 128, 16, 21, 246, 153, 90, 122, 82, 197, 30, 133, 146, 122, 139, 297, 96, 23, 0)
s = 114: (0, 144, 74, 98, 322, 70, 90, 50, 96, 54, 62, 204, 139, 31, 20, 69, 89, 55, 76, 188, 91, 11, 159, 52, 11, 192, 240, 203, 31, 17, 237, 192, 26, 50, 29, 106, 122, 102, 59, 130, 18, 14, 30, 149, 174, 25, 43, 200, 102, 174, 158, 51, 165, 55, 271, 127, 131, 207, 239, 123, 38, 0)
s = 115: (0, 136, 83, 62, 185, 86, 115, 70, 123, 47, 79, 147, 120, 24, 11, 51, 96, 47, 78, 175, 76, 14, 135, 65, 7, 114, 149, 241, 29, 20, 133, 130, 47, 52, 18, 139, 188, 111, 86, 190, 52, 7, 34, 155, 101, 12, 45, 215, 126, 97, 128, 46, 111, 31, 173, 68, 138, 132, 204, 124, 26, 0)
s = 116: (0, 110, 104, 82, 247, 82, 60, 55, 144, 38, 120, 121, 210, 31, 14, 92, 94, 80, 60, 208, 95, 10, 184, 70, 5, 90, 191, 113, 26, 22, 213, 81, 35, 64, 23, 112, 95, 105, 44, 175, 32, 14, 24, 285, 179, 15, 42, 169, 144, 107, 92, 76, 272, 37, 226, 137, 120, 100, 198, 116, 55, 0)
s = 117: (0, 182, 63, 69, 122, 122, 67, 81, 158, 33, 89, 137, 118, 34, 16, 95, 48, 54, 149, 144, 132, 6, 209, 53, 8, 181, 170, 225, 30, 13, 182, 156, 42, 35, 16, 187, 206, 62, 104, 145, 31, 18, 29, 231, 205, 15, 52, 165, 85, 107, 92, 64, 215, 24, 150, 94, 110, 187, 251, 77, 45, 0)
s = 118: (0, 229, 90, 48, 136, 79, 79, 57, 89, 62, 71, 164, 147, 21, 12, 93, 60, 56, 53, 305, 101, 6, 126, 37, 7, 158, 166, 194, 37, 15, 103, 113, 32, 47, 21, 110, 129, 103, 44, 77, 27, 20, 38, 142, 170, 19, 26, 252, 114, 104, 121, 51, 199, 48, 149, 72, 120, 116, 121, 74, 59, 0)
s = 119: (0, 214, 44, 134, 239, 114, 67, 57, 148, 34, 81, 124, 105, 45, 11, 105, 67, 66, 97, 125, 95, 8, 209, 32, 4, 179, 146, 216, 38, 25, 252, 148, 28, 37, 15, 204, 223, 161, 49, 164, 15, 10, 30, 173, 119, 16, 34, 245, 118, 88, 147, 94, 110, 46, 245, 76, 120, 199, 255, 68, 34, 0)
s = 120: (0, 144, 67, 59, 110, 110, 47, 71, 100, 37, 67, 182, 89, 38, 18, 41, 66, 91, 58, 173, 102, 8, 214, 30, 8, 143, 162, 214, 19, 19, 145, 123, 32, 36, 28, 215, 92, 153, 70, 161, 28, 21, 22, 120, 138, 16, 39, 250, 97, 119, 86, 87, 95, 30, 103, 84, 69, 151, 227, 92, 30, 0)
s = 121: (0, 216, 67, 114, 157, 111, 88, 51, 82, 43, 92, 162, 196, 33, 9, 37, 65, 79, 73, 316, 80, 9, 196, 54, 8, 100, 187, 138, 29, 20, 102, 182, 42, 45, 19, 154, 75, 61, 64, 144, 19, 12, 35, 190, 153, 13, 40, 256, 67, 164, 203, 48, 110, 34, 181, 91, 121, 149, 282, 68, 33, 0)
s = 122: (0, 137, 61, 100, 210, 137, 61, 99, 144, 67, 79, 180, 135, 34, 10, 47, 84, 59, 48, 202, 92, 13, 150, 33, 8, 143, 214, 284, 27, 20, 147, 195, 30, 29, 21, 114, 174, 68, 44, 106, 23, 14, 27, 207, 94, 21, 29, 218, 113, 207, 77, 53, 139, 61, 275, 99, 99, 223, 161, 121, 68, 0)
s = 123: (0, 233, 51, 77, 196, 86, 72, 75, 137, 42, 120, 70, 143, 37, 15, 64, 51, 46, 146, 220, 99, 10, 112, 31, 6, 207, 273, 208, 33, 18, 242, 172, 48, 65, 18, 122, 75, 81, 45, 121, 16, 16, 29, 128, 105, 23, 38, 134, 164, 103, 110, 46, 103, 26, 166, 99, 91, 164, 219, 113, 27, 0)
s = 124: (0, 164, 66, 66, 109, 113, 68, 54, 62, 59, 75, 133, 193, 40, 11, 84, 44, 79, 67, 174, 69, 10, 212, 43, 6, 134, 228, 220, 24, 13, 107, 97, 23, 34, 26, 128, 113, 149, 68, 115, 26, 17, 45, 186, 175, 11, 41, 122, 135, 101, 128, 51, 150, 29, 141, 108, 131, 111, 178, 124, 54, 0)
s = 125: (0, 191, 83, 102, 103, 131, 118, 110, 86, 56, 82, 130, 197, 30, 9, 82, 87, 89, 76, 158, 55, 8, 257, 28, 7, 87, 289, 198, 49, 22, 213, 200, 43, 45, 21, 219, 192, 141, 58, 193, 22, 12, 28, 256, 114, 21, 26, 222, 100, 100, 74, 55, 93, 44, 140, 136, 71, 101, 157, 58, 43, 0)
s = 126: (0, 274, 72, 99, 127, 155, 49, 78, 102, 51, 95, 85, 143, 42, 15, 40, 82, 68, 117, 173, 95, 13, 115, 35, 5, 175, 242, 140, 36, 20, 245, 120, 44, 34, 18, 197, 72, 131, 91, 112, 18, 9, 26, 199, 120, 22, 46, 183, 137, 106, 94, 81, 112, 49, 138, 91, 100, 178, 296, 107, 39, 0)
s = 127: (0, 139, 58, 69, 96, 122, 106, 92, 65, 45, 127, 119, 153, 30, 10, 60, 82, 69, 76, 142, 79, 6, 106, 44, 7, 102, 237, 223, 28, 17, 165, 137, 35, 53, 13, 222, 105, 85, 78, 109, 32, 14, 42, 266, 91, 17, 42, 291, 115, 89, 137, 61, 110, 39, 160, 121, 116, 118, 370, 79, 40, 0)
s = 128: (0, 123, 60, 72, 215, 113, 67, 46, 95, 41, 72, 149, 144, 58, 20, 80, 63, 96, 119, 215, 116, 6, 161, 48, 7, 131, 214, 193, 26, 22, 106, 95, 32, 54, 13, 191, 122, 118, 74, 156, 22, 13, 45, 122, 169, 21, 38, 152, 128, 117, 65, 46, 147, 31, 112, 73, 90, 209, 220, 67, 56, 0)
s = 129: (0, 112, 56, 77, 119, 99, 101, 98, 78, 46, 74, 76, 119, 48, 18, 80, 77, 54, 107, 338, 86, 7, 151, 44, 4, 159, 354, 297, 23, 14, 159, 174, 56, 35, 27, 91, 106, 180, 43, 132, 31, 16, 30, 173, 144, 20, 41, 292, 179, 166, 115, 86, 182, 40, 136, 139, 90, 112, 228, 115, 48, 0)
s = 130: (0, 186, 59, 64, 172, 77, 92, 83, 132, 52, 117, 126, 132, 30, 13, 45, 59, 78, 71, 163, 108, 10, 112, 53, 5, 142, 319, 157, 25, 16, 157, 138, 40, 57, 18, 216, 115, 100, 49, 115, 15, 9, 29, 225, 121, 24, 44, 335, 155, 76, 107, 69, 192, 26, 150, 126, 77, 140, 156, 83, 44, 0)
s = 131: (0, 124, 105, 61, 178, 110, 83, 64, 66, 39, 114, 147, 162, 26, 16, 60, 94, 56, 85, 338, 141, 12, 235, 54, 8, 157, 385, 251, 24, 15, 124, 207, 39, 66, 23, 170, 132, 129, 78, 204, 20, 11, 22, 262, 86, 11, 43, 157, 181, 102, 140, 70, 192, 28, 120, 134, 139, 113, 227, 119, 32, 0)
s = 132: (0, 156, 83, 94, 259, 83, 67, 45, 57, 41, 96, 175, 201, 31, 11, 83, 64, 92, 78, 163, 79, 9, 161, 36, 6, 246, 288, 266, 17, 15, 134, 150, 21, 65, 14, 231, 79, 73, 64, 152, 35, 13, 36, 198, 236, 15, 24, 264, 118, 128, 134, 89, 175, 36, 235, 110, 78, 142, 149, 75, 58, 0)
s = 133: (0, 175, 61, 89, 153, 174, 73, 55, 59, 38, 67, 115, 127, 63, 9, 70, 39, 78, 106, 281, 82, 11, 100, 62, 7, 134, 280, 251, 45, 25, 129, 190, 27, 43, 25, 118, 148, 128, 55, 134, 35, 11, 25, 205, 168, 18, 27, 172, 109, 72, 112, 46, 179, 37, 160, 75, 100, 108, 181, 76, 29, 0)
s = 134: (0, 92, 73, 103, 94, 147, 124, 79, 103, 29, 96, 251, 233, 43, 9, 44, 55, 67, 69, 295, 65, 11, 143, 47, 5, 173, 118, 338, 24, 21, 179, 145, 57, 62, 24, 144, 86, 73, 45, 126, 18, 21, 35, 300, 112, 25, 52, 252, 109, 132, 62, 59, 136, 52, 213, 100, 68, 156, 226, 107, 32, 0)
s = 135: (0, 134, 42, 115, 141, 75, 64, 83, 57, 30, 107, 123, 136, 52, 12, 59, 106, 48, 121, 212, 131, 6, 183, 56, 5, 146, 239, 313, 24, 19, 162, 128, 23, 61, 18, 220, 146, 141, 51, 138, 32, 8, 26, 135, 90, 14, 24, 233, 125, 91, 84, 95, 165, 67, 176, 76, 87, 135, 247, 87, 29, 0)
s = 136: (0, 299, 49, 73, 141, 125, 105, 56, 61, 54, 85, 167, 188, 36, 8, 127, 55, 39, 78, 314, 61, 8, 140, 31, 6, 211, 175, 123, 25, 13, 189, 83, 36, 42, 22, 162, 96, 78, 43, 83, 33, 16, 23, 198, 91, 14, 28, 291, 133, 155, 83, 70, 165, 31, 114, 104, 125, 179, 216, 71, 26, 0)
s = 137: (0, 139, 49, 72, 277, 120, 93, 88, 77, 60, 115, 100, 197, 27, 10, 54, 65, 61, 120, 307, 59, 6, 137, 43, 10, 128, 213, 246, 40, 24, 166, 148, 36, 47, 16, 83, 159, 105, 82, 149, 30, 17, 27, 167, 160, 17, 59, 140, 122, 99, 86, 63, 114, 33, 140, 88, 109, 214, 145, 97, 34, 0)
s = 138: (0, 228, 91, 72, 102, 108, 44, 80, 130, 45, 54, 142, 196, 30, 11, 76, 58, 65, 110, 144, 103, 12, 140, 43, 7, 104, 193, 228, 20, 17, 187, 232, 25, 36, 29, 118, 135, 106, 92, 197, 25, 14, 30, 263, 173, 24, 56, 266, 88, 68, 105, 51, 120, 45, 223, 68, 101, 137, 183, 99, 42, 0)
s = 139: (0, 169, 61, 79, 118, 223, 67, 77, 66, 50, 77, 119, 169, 29, 10, 44, 95, 66, 80, 159, 99, 9, 230, 37, 4, 87, 294, 189, 28, 13, 152, 190, 30, 40, 16, 121, 189, 106, 50, 146, 18, 13, 26, 224, 193, 11, 30, 275, 129, 104, 124, 62, 113, 36, 184, 101, 83, 188, 125, 57, 53, 0)
s = 140: (0, 181, 76, 88, 105, 88, 56, 54, 71, 43, 131, 136, 114, 36, 10, 107, 64, 39, 62, 217, 118, 6, 97, 58, 8, 178, 201, 223, 20, 19, 150, 111, 30, 52, 20, 167, 135, 141, 61, 203, 32, 10, 34, 170, 147, 17, 33, 169, 147, 79, 114, 51, 223, 54, 163, 81, 75, 110, 161, 87, 52, 0)
s = 141: (0, 99, 84, 83, 137, 191, 81, 78, 100, 37, 78, 184, 189, 59, 10, 55, 82, 72, 59, 219, 82, 11, 132, 26, 5, 160, 260, 211, 20, 18, 142, 105, 48, 48, 17, 133, 96, 82, 59, 151, 40, 11, 38, 291, 106, 20, 39, 234, 148, 126, 160, 50, 185, 55, 170, 72, 81, 171, 133, 117, 37, 0)
s = 142: (0, 177, 59, 98, 196, 169, 83, 73, 126, 72, 74, 107, 141, 54, 12, 104, 62, 51, 93, 232, 101, 8, 200, 44, 4, 127, 251, 177, 31, 21, 153, 154, 30, 40, 21, 165, 142, 131, 50, 137, 46, 12, 39, 178, 114, 11, 42, 166, 89, 119, 89, 74, 204, 34, 200, 117, 93, 121, 208, 59, 35, 0)
s = 143: (0, 176, 93, 61, 156, 128, 102, 82, 63, 49, 111, 125, 214, 34, 8, 57, 47, 95, 51, 198, 71, 12, 110, 46, 6, 188, 145, 209, 22, 24, 134, 152, 49, 45, 19, 162, 136, 101, 63, 140, 25, 15, 33, 146, 204, 24, 44, 163, 149, 143, 137, 75, 191, 28, 122, 102, 165, 106, 180, 66, 70, 0)
s = 144: (0, 138, 124, 85, 189, 122, 68, 39, 80, 66, 101, 156, 155, 31, 17, 92, 79, 88, 63, 207, 87, 10, 119, 38, 5, 160, 216, 192, 25, 29, 140, 105, 26, 62, 20, 148, 106, 74, 50, 134, 41, 9, 49, 149, 109, 27, 48, 319, 148, 128, 219, 69, 158, 28, 244, 161, 139, 126, 170, 73, 36, 0)
s = 145: (0, 196, 65, 93, 135, 179, 58, 53, 107, 36, 131, 157, 238, 43, 9, 45, 45, 74, 94, 255, 77, 10, 173, 52, 6, 107, 187, 147, 17, 22, 118, 158, 25, 48, 22, 168, 161, 105, 61, 124, 20, 18, 35, 340, 165, 19, 24, 301, 98, 64, 107, 57, 170, 27, 157, 85, 124, 122, 133, 84, 55, 0)
s = 146: (0, 138, 90, 67, 184, 87, 84, 107, 79, 45, 88, 159, 156, 52, 16, 69, 51, 72, 83, 169, 136, 7, 123, 32, 7, 97, 197, 270, 24, 18, 133, 132, 34, 38, 31, 141, 123, 114, 46, 134, 21, 12, 31, 204, 112, 13, 46, 126, 92, 81, 78, 56, 128, 35, 224, 102, 80, 242, 196, 140, 47, 0)
s = 147: (0, 114, 62, 92, 204, 119, 50, 53, 128, 48, 102, 79, 105, 22, 15, 81, 84, 87, 71, 228, 113, 11, 196, 64, 5, 102, 172, 229, 24, 11, 244, 112, 22, 56, 14, 136, 129, 90, 61, 109, 19, 18, 40, 145, 152, 30, 28, 168, 159, 136, 63, 73, 222, 51, 135, 67, 97, 92, 237, 69, 30, 0)
s = 148: (0, 162, 75, 85, 127, 129, 67, 87, 80, 75, 95, 112, 129, 48, 13, 61, 73, 71, 100, 160, 66, 11, 221, 54, 5, 160, 348, 282, 35, 12, 208, 117, 47, 57, 21, 90, 92, 75, 47, 128, 21, 14, 22, 257, 116, 11, 25, 186, 97, 147, 76, 85, 98, 49, 157, 108, 163, 178, 170, 54, 65, 0)
s = 149: (0, 112, 73, 113, 331, 82, 81, 72, 73, 41, 58, 194, 102, 28, 17, 66, 73, 95, 87, 181, 97, 9, 107, 38, 6, 192, 289, 271, 18, 24, 125, 84, 34, 34, 19, 109, 172, 91, 57, 93, 36, 22, 50, 216, 160, 26, 27, 126, 89, 83, 118, 45, 95, 45, 218, 57, 66, 170, 111, 118, 52, 0)
s = 150: (0, 121, 89, 89, 237, 101, 94, 63, 71, 40, 110, 183, 263, 32, 9, 71, 115, 63, 56, 167, 63, 11, 88, 52, 7, 177, 185, 189, 22, 31, 251, 151, 53, 56, 13, 254, 101, 105, 102, 161, 24, 18, 18, 249, 145, 26, 29, 122, 137, 71, 85, 48, 253, 52, 136, 94, 146, 227, 174, 91, 33, 0)
s = 151: (0, 216, 55, 104, 150, 106, 66, 84, 125, 52, 122, 71, 113, 27, 9, 75, 82, 49, 89, 175, 140, 9, 213, 33, 9, 185, 237, 234, 41, 12, 141, 134, 37, 68, 22, 183, 148, 79, 60, 134, 17, 15, 33, 248, 121, 16, 38, 173, 184, 111, 107, 48, 107, 27, 271, 88, 99, 114, 215, 89, 54, 0)
s = 152: (0, 179, 97, 46, 166, 96, 59, 49, 60, 53, 93, 103, 109, 53, 11, 37, 97, 44, 82, 274, 55, 11, 128, 48, 6, 138, 164, 205, 24, 12, 150, 206, 50, 28, 19, 106, 142, 82, 78, 166, 22, 8, 29, 179, 160, 16, 39, 152, 86, 88, 133, 61, 178, 47, 175, 124, 142, 298, 184, 94, 47, 0)
s = 153: (0, 116, 39, 52, 217, 83, 113, 58, 98, 35, 87, 102, 171, 24, 18, 62, 108, 51, 56, 148, 58, 11, 124, 37, 8, 209, 178, 254, 28, 20, 86, 141, 32, 56, 22, 216, 74, 121, 73, 167, 33, 16, 28, 256, 201, 12, 22, 206, 151, 121, 92, 73, 94, 50, 138, 116, 127, 241, 280, 96, 59, 0)
s = 154: (0, 153, 41, 95, 151, 92, 80, 62, 87, 34, 85, 158, 176, 27, 7, 52, 51, 71, 109, 174, 127, 11, 166, 45, 8, 190, 305, 268, 16, 13, 179, 87, 34, 54, 15, 86, 77, 106, 85, 141, 28, 17, 24, 316, 133, 11, 37, 202, 150, 200, 92, 97, 148, 38, 242, 59, 69, 158, 241, 75, 27, 0)
s = 155: (0, 100, 68, 109, 195, 160, 85, 59, 52, 57, 77, 99, 199, 29, 16, 81, 86, 44, 62, 134, 61, 12, 171, 52, 5, 251, 239, 247, 15, 23, 180, 119, 40, 52, 17, 163, 114, 110, 59, 147, 17, 10, 28, 229, 97, 16, 40, 170, 193, 124, 61, 100, 124, 61, 148, 128, 88, 168, 174, 128, 43, 0)
s = 156: (0, 128, 66, 133, 185, 192, 155, 66, 129, 50, 103, 80, 136, 21, 11, 91, 57, 42, 100, 166, 68, 7, 151, 36, 4, 94, 195, 307, 25, 16, 123, 166, 52, 59, 27, 150, 77, 156, 71, 163, 32, 13, 37, 173, 141, 13, 35, 265, 79, 95, 113, 66, 122, 35, 248, 59, 106, 309, 207, 67, 60, 0)
s = 157: (0, 169, 65, 78, 111, 109, 87, 63, 160, 29, 121, 121, 162, 27, 14, 78, 53, 53, 141, 266, 93, 7, 167, 44, 9, 187, 188, 230, 22, 27, 205, 206, 50, 41, 23, 207, 72, 58, 52, 137, 23, 18, 64, 149, 197, 11, 20, 131, 173, 113, 82, 63, 226, 51, 150, 64, 168, 176, 179, 69, 44, 0)
s = 158: (0, 207, 43, 108, 203, 160, 86, 78, 150, 57, 102, 110, 299, 38, 16, 64, 51, 85, 67, 205, 96, 10, 145, 63, 7, 130, 177, 225, 27, 14, 130, 107, 31, 59, 15, 121, 144, 115, 51, 96, 36, 20, 26, 210, 120, 14, 37, 141, 142, 82, 109, 68, 232, 34, 214, 124, 96, 216, 265, 79, 37, 0)
s = 159: (0, 231, 72, 56, 148, 79, 83, 90, 77, 74, 103, 108, 136, 42, 13, 39, 60, 102, 71, 144, 73, 9, 208, 46, 6, 222, 236, 157, 27, 24, 176, 142, 39, 59, 19, 203, 127, 69, 71, 193, 30, 14, 41, 140, 127, 11, 27, 247, 171, 77, 99, 67, 218, 43, 118, 112, 157, 114, 249, 86, 53, 0)
s = 160: (0, 197, 49, 70, 271, 91, 86, 45, 100, 54, 103, 112, 112, 33, 7, 46, 87, 72, 111, 355, 81, 7, 132, 43, 4, 107, 175, 338, 23, 18, 272, 196, 47, 65, 19, 114, 172, 120, 50, 113, 39, 14, 45, 148, 173, 15, 21, 165, 230, 172, 178, 65, 152, 37, 153, 123, 72, 97, 246, 51, 45, 0)
s = 161: (0, 149, 85, 109, 242, 154, 63, 75, 122, 91, 62, 84, 184, 32, 9, 61, 80, 76, 107, 190, 96, 11, 168, 26, 8, 148, 225, 142, 22, 29, 116, 205, 51, 46, 22, 99, 67, 190, 49, 133, 28, 11, 38, 162, 88, 21, 39, 147, 96, 148, 92, 46, 136, 30, 180, 108, 113, 211, 178, 72, 69, 0)
s = 162: (0, 152, 46, 79, 157, 161, 62, 82, 169, 55, 146, 138, 154, 23, 13, 49, 71, 83, 58, 183, 68, 10, 128, 60, 5, 200, 294, 226, 22, 16, 217, 134, 40, 32, 26, 160, 190, 176, 67, 178, 41, 13, 43, 254, 164, 18, 42, 168, 120, 102, 89, 80, 105, 27, 176, 119, 87, 315, 269, 96, 59, 0)
s = 163: (0, 219, 61, 80, 161, 95, 58, 78, 57, 43, 99, 130, 117, 42, 9, 42, 78, 127, 121, 203, 148, 10, 109, 42, 5, 111, 288, 267, 29, 30, 207, 158, 24, 64, 25, 151, 103, 117, 61, 113, 16, 14, 36, 181, 204, 11, 44, 185, 126, 120, 132, 84, 117, 51, 226, 107, 89, 146, 197, 86, 48, 0)
s = 164: (0, 237, 64, 48, 179, 159, 113, 72, 89, 69, 93, 124, 190, 27, 12, 47, 129, 76, 88, 149, 107, 12, 92, 64, 6, 163, 143, 255, 21, 12, 163, 101, 39, 81, 26, 92, 86, 71, 59, 88, 24, 12, 33, 255, 199, 29, 49, 176, 116, 146, 128, 50, 231, 30, 234, 111, 112, 131, 342, 121, 37, 0)
s = 165: (0, 130, 56, 98, 122, 99, 55, 46, 53, 40, 114, 196, 173, 39, 14, 40, 75, 63, 63, 133, 60, 7, 222, 55, 5, 255, 157, 149, 18, 31, 92, 134, 32, 65, 13, 162, 92, 121, 35, 180, 47, 14, 35, 191, 118, 15, 40, 244, 141, 105, 70, 49, 225, 54, 132, 73, 71, 110, 241, 115, 59, 0)
s = 166: (0, 239, 54, 62, 133, 103, 69, 87, 68, 67, 112, 177, 126, 26, 8, 45, 63, 46, 73, 319, 97, 9, 87, 43, 9, 151, 163, 169, 31, 17, 175, 242, 23, 28, 19, 125, 86, 184, 39, 146, 37, 11, 56, 220, 160, 15, 31, 201, 162, 145, 97, 60, 142, 32, 119, 110, 85, 132, 206, 90, 41, 0)
s = 167: (0, 111, 63, 134, 109, 99, 43, 79, 57, 50, 83, 131, 98, 27, 8, 62, 54, 54, 135, 250, 48, 6, 269, 52, 7, 142, 223, 192, 27, 22, 171, 123, 25, 28, 25, 133, 97, 71, 101, 102, 27, 16, 46, 182, 104, 13, 29, 121, 107, 115, 73, 79, 98, 28, 95, 151, 116, 210, 157, 79, 34, 0)
s = 168: (0, 125, 83, 62, 168, 73, 85, 121, 102, 41, 79, 105, 176, 28, 17, 51, 68, 47, 97, 158, 67, 7, 161, 44, 4, 141, 175, 149, 20, 25, 254, 100, 52, 68, 15, 141, 108, 103, 60, 102, 21, 11, 25, 262, 118, 15, 37, 220, 133, 220, 119, 64, 122, 29, 239, 71, 92, 148, 249, 117, 28, 0)
s = 169: (0, 124, 71, 90, 112, 119, 60, 75, 96, 43, 90, 133, 158, 27, 13, 85, 61, 72, 69, 133, 88, 10, 136, 40, 5, 254, 183, 219, 24, 19, 164, 195, 36, 69, 24, 114, 132, 85, 82, 85, 29, 11, 29, 145, 200, 15, 22, 241, 167, 179, 128, 39, 123, 42, 157, 52, 103, 110, 173, 71, 36, 0)
s = 170: (0, 208, 59, 99, 177, 157, 139, 85, 54, 36, 95, 99, 128, 29, 8, 100, 77, 64, 49, 218, 77, 13, 145, 51, 5, 148, 141, 279, 28, 14, 196, 193, 36, 77, 34, 184, 169, 71, 75, 197, 17, 15, 31, 361, 127, 13, 22, 202, 169, 174, 141, 46, 115, 59, 113, 86, 73, 243, 261, 68, 35, 0)
s = 171: (0, 119, 73, 123, 261, 103, 98, 97, 108, 55, 103, 77, 119, 48, 11, 67, 40, 86, 148, 176, 92, 6, 146, 50, 7, 124, 229, 253, 36, 21, 179, 92, 37, 29, 18, 142, 176, 133, 80, 131, 21, 17, 33, 196, 131, 12, 32, 274, 76, 127, 150, 65, 137, 43, 123, 127, 82, 232, 160, 133, 30, 0)
s = 172: (0, 226, 66, 66, 170, 152, 65, 89, 73, 36, 130, 96, 228, 22, 11, 113, 124, 71, 98, 219, 90, 7, 138, 31, 5, 130, 258, 177, 17, 21, 155, 116, 21, 62, 21, 193, 175, 90, 51, 123, 41, 11, 27, 258, 183, 11, 58, 130, 121, 123, 132, 67, 185, 38, 103, 48, 103, 136, 221, 85, 43, 0)
s = 173: (0, 132, 72, 54, 145, 166, 70, 66, 77, 36, 70, 148, 190, 38, 18, 40, 47, 77, 72, 180, 68, 10, 145, 32, 10, 142, 250, 158, 21, 13, 123, 177, 45, 71, 18, 94, 101, 120, 93, 147, 27, 18, 34, 154, 139, 23, 27, 209, 168, 99, 90, 54, 206, 28, 179, 126, 93, 112, 246, 100, 53, 0)
s = 174: (0, 191, 59, 100, 225, 101, 86, 89, 122, 34, 77, 132, 148, 45, 17, 80, 91, 69, 113, 181, 98, 6, 102, 62, 10, 130, 177, 170, 24, 19, 177, 116, 32, 67, 17, 157, 181, 69, 96, 190, 24, 15, 32, 280, 106, 17, 41, 244, 84, 125, 73, 66, 98, 23, 175, 65, 84, 262, 239, 78, 48, 0)
s = 175: (0, 186, 53, 88, 196, 137, 49, 96, 68, 44, 82, 81, 211, 26, 14, 41, 105, 83, 177, 195, 60, 8, 151, 46, 5, 112, 234, 228, 27, 23, 158, 163, 48, 70, 26, 192, 85, 74, 82, 105, 38, 11, 28, 234, 110, 13, 37, 191, 88, 83, 114, 55, 147, 41, 135, 59, 78, 172, 249, 88, 35, 0)
s = 176: (0, 198, 109, 68, 215, 178, 83, 94, 145, 59, 127, 70, 201, 30, 16, 54, 50, 66, 67, 123, 129, 12, 198, 38, 5, 118, 241, 195, 18, 22, 143, 108, 46, 61, 19, 139, 166, 88, 50, 178, 25, 15, 27, 198, 131, 16, 38, 309, 83, 97, 86, 41, 253, 39, 204, 130, 102, 175, 192, 89, 52, 0)
s = 177: (0, 109, 54, 89, 127, 181, 116, 91, 90, 53, 77, 177, 235, 43, 10, 104, 82, 48, 58, 206, 84, 11, 149, 41, 8, 251, 194, 169, 21, 13, 173, 227, 35, 47, 20, 198, 123, 131, 67, 182, 23, 9, 44, 147, 85, 19, 33, 264, 132, 113, 125, 79, 212, 47, 279, 64, 94, 213, 179, 69, 53, 0)
s = 178: (0, 156, 89, 52, 137, 152, 79, 91, 130, 37, 68, 84, 208, 42, 15, 71, 52, 51, 59, 209, 60, 7, 100, 58, 7, 121, 240, 129, 14, 20, 206, 178, 28, 46, 15, 163, 166, 128, 73, 173, 24, 11, 23, 165, 167, 20, 25, 196, 99, 130, 87, 80, 235, 50, 240, 90, 64, 283, 286, 98, 43, 0)
s = 179: (0, 193, 80, 101, 161, 133, 44, 41, 85, 27, 74, 109, 139, 51, 10, 96, 86, 46, 66, 115, 115, 10, 230, 49, 4, 115, 294, 232, 29, 14, 193, 216, 48, 51, 16, 224, 115, 84, 66, 87, 24, 15, 38, 239, 159, 19, 46, 140, 105, 131, 67, 61, 180, 25, 175, 126, 149, 186, 170, 86, 36, 0)
s = 180: (0, 237, 114, 47, 128, 76, 83, 58, 93, 62, 87, 149, 136, 40, 14, 73, 102, 61, 46, 164, 67, 9, 201, 39, 5, 205, 168, 164, 19, 20, 107, 88, 29, 61, 29, 98, 99, 183, 67, 236, 15, 9, 47, 283, 107, 15, 28, 131, 115, 99, 73, 117, 141, 36, 226, 66, 109, 162, 179, 63, 33, 0)
s = 181: (0, 169, 65, 49, 284, 165, 57, 49, 70, 74, 89, 166, 122, 44, 8, 76, 43, 50, 67, 202, 127, 9, 137, 47, 5, 119, 148, 248, 15, 25, 218, 175, 59, 35, 25, 135, 81, 184, 44, 114, 25, 11, 20, 257, 85, 10, 24, 249, 82, 159, 105, 80, 149, 25, 129, 148, 97, 240, 192, 94, 33, 0)
s = 182: (0, 152, 57, 58, 112, 153, 61, 77, 181, 42, 92, 96, 150, 31, 8, 102, 37, 56, 93, 146, 79, 12, 106, 30, 5, 112, 265, 219, 31, 28, 169, 142, 44, 63, 11, 144, 122, 151, 52, 135, 17, 11, 32, 166, 107, 20, 34, 271, 94, 120, 137, 56, 144, 74, 126, 79, 100, 136, 151, 80, 29, 0)
s = 183: (0, 207, 84, 49, 239, 121, 61, 102, 83, 33, 94, 201, 142, 50, 11, 81, 53, 49, 75, 127, 115, 9, 169, 51, 8, 95, 344, 227, 24, 15, 151, 143, 35, 66, 17, 120, 94, 102, 70, 103, 27, 14, 23, 122, 160, 18, 54, 243, 86, 155, 179, 55, 197, 25, 183, 74, 118, 149, 223, 84, 26, 0)
s = 184: (0, 217, 53, 59, 170, 153, 49, 41, 64, 35, 72, 89, 175, 37, 10, 50, 79, 49, 87, 196, 69, 8, 226, 34, 6, 146, 264, 273, 32, 22, 109, 111, 21, 44, 19, 108, 123, 107, 71, 167, 16, 19, 19, 171, 91, 14, 29, 196, 108, 135, 104, 56, 162, 33, 159, 59, 76, 158, 289, 127, 37, 0)
s = 185: (0, 147, 76, 57, 173, 85, 58, 70, 62, 48, 64, 100, 176, 32, 18, 45, 110, 39, 89, 287, 65, 5, 116, 42, 6, 111, 200, 224, 23, 23, 159, 187, 23, 45, 17, 202, 74, 100, 40, 167, 32, 15, 36, 185, 163, 21, 33, 204, 78, 190, 63, 72, 149, 39, 127, 74, 82, 235, 187, 78, 36, 0)
s = 186: (0, 165, 49, 68, 181, 165, 70, 71, 91, 59, 78, 197, 201, 51, 13, 71, 59, 87, 83, 141, 77, 8, 85, 55, 7, 108, 216, 229, 28, 24, 183, 140, 61, 66, 17, 214, 78, 107, 48, 187, 27, 17, 24, 201, 176, 19, 53, 233, 125, 105, 113, 46, 220, 47, 139, 62, 76, 138, 156, 79, 48, 0)
s = 187: (0, 279, 40, 100, 150, 129, 53, 96, 125, 59, 130, 75, 174, 46, 21, 89, 56, 62, 63, 220, 62, 8, 117, 80, 5, 169, 141, 190, 21, 24, 147, 89, 29, 52, 22, 149, 79, 81, 69, 77, 20, 11, 30, 192, 130, 18, 29, 154, 119, 188, 91, 41, 182, 40, 110, 64, 176, 136, 227, 96, 35, 0)
s = 188: (0, 163, 51, 53, 212, 93, 88, 86, 100, 49, 70, 142, 163, 22, 17, 57, 77, 58, 101, 212, 71, 6, 226, 35, 9, 176, 159, 167, 37, 18, 143, 77, 36, 35, 23, 108, 96, 83, 64, 262, 25, 13, 26, 221, 101, 21, 49, 285, 207, 105, 102, 71, 269, 24, 182, 159, 98, 138, 148, 51, 29, 0)
s = 189: (0, 225, 62, 52, 208, 193, 121, 100, 141, 54, 81, 64, 155, 20, 15, 67, 42, 38, 55, 160, 68, 5, 181, 36, 8, 129, 279, 214, 14, 33, 160, 187, 40, 41, 29, 193, 97, 135, 97, 223, 23, 16, 34, 129, 104, 22, 38, 205, 91, 87, 93, 70, 111, 31, 108, 56, 105, 191, 158, 90, 72, 0)
s = 190: (0, 192, 60, 105, 205, 160, 98, 68, 97, 44, 64, 112, 104, 54, 13, 60, 66, 53, 93, 157, 64, 7, 162, 44, 8, 180, 265, 278, 36, 22, 230, 117, 31, 50, 14, 212, 201, 133, 43, 207, 18, 8, 50, 242, 155, 13, 29, 244, 144, 113, 117, 91, 118, 41, 136, 133, 100, 265, 259, 90, 35, 0)
s = 191: (0, 213, 53, 54, 138, 118, 82, 73, 91, 70, 79, 112, 93, 50, 8, 49, 89, 46, 72, 281, 57, 8, 254, 58, 7, 260, 231, 243, 23, 14, 149, 221, 43, 54, 17, 154, 125, 109, 78, 207, 30, 14, 21, 247, 150, 19, 24, 195, 129, 103, 90, 41, 80, 64, 106, 122, 116, 167, 316, 81, 32, 0)
s = 192: (0, 186, 73, 91, 112, 133, 57, 94, 111, 37, 63, 167, 156, 36, 12, 53, 84, 54, 105, 213, 63, 7, 173, 45, 10, 167, 237, 182, 27, 24, 130, 155, 25, 30, 17, 111, 112, 104, 52, 162, 45, 15, 43, 113, 157, 10, 61, 217, 226, 121, 68, 52, 101, 49, 135, 84, 109, 126, 211, 65, 30, 0)
s = 193: (0, 143, 109, 61, 171, 122, 129, 119, 73, 43, 83, 88, 145, 24, 11, 75, 65, 110, 74, 277, 88, 6, 215, 41, 7, 150, 263, 172, 23, 29, 163, 189, 29, 81, 19, 131, 136, 106, 94, 199, 30, 13, 26, 134, 179, 22, 25, 145, 132, 183, 130, 83, 107, 31, 108, 76, 77, 158, 237, 94, 33, 0)
s = 194: (0, 298, 60, 79, 157, 86, 71, 104, 94, 52, 64, 121, 96, 27, 12, 47, 53, 50, 95, 241, 67, 7, 167, 25, 5, 148, 157, 196, 20, 14, 253, 120, 65, 38, 26, 166, 129, 202, 49, 176, 23, 7, 28, 214, 176, 18, 52, 189, 94, 126, 76, 56, 158, 31, 122, 110, 87, 107, 198, 108, 34, 0)
s = 195: (0, 109, 132, 89, 116, 160, 78, 50, 93, 55, 118, 119, 148, 66, 20, 81, 43, 52, 90, 311, 55, 6, 109, 44, 7, 108, 176, 117, 19, 18, 141, 228, 46, 54, 20, 130, 127, 110, 59, 81, 34, 11, 29, 139, 150, 18, 29, 332, 109, 187, 110, 36, 146, 48, 136, 67, 124, 163, 163, 77, 52, 0)
s = 196: (0, 102, 61, 70, 116, 204, 113, 74, 101, 50, 67, 141, 182, 45, 16, 80, 75, 46, 82, 152, 59, 13, 114, 45, 6, 118, 145, 266, 16, 17, 187, 181, 28, 48, 26, 108, 134, 119, 39, 145, 33, 19, 27, 282, 105, 17, 26, 236, 154, 89, 113, 62, 226, 32, 168, 120, 97, 216, 218, 103, 27, 0)
s = 197: (0, 163, 56, 86, 139, 124, 61, 59, 133, 63, 91, 155, 179, 32, 8, 101, 52, 90, 52, 154, 73, 8, 134, 37, 8, 92, 196, 178, 15, 16, 182, 150, 26, 55, 19, 130, 106, 92, 80, 178, 26, 18, 24, 224, 110, 16, 38, 334, 145, 140, 88, 50, 209, 25, 164, 55, 68, 169, 227, 126, 44, 0)
s = 198: (0, 166, 69, 60, 119, 95, 66, 62, 100, 46, 65, 119, 150, 54, 15, 101, 88, 63, 59, 276, 85, 12, 126, 44, 7, 122, 283, 171, 20, 20, 292, 109, 30, 45, 20, 106, 180, 112, 75, 129, 32, 9, 33, 252, 88, 14, 39, 218, 117, 131, 124, 56, 158, 61, 109, 80, 96, 197, 157, 77, 40, 0)
s = 199: (0, 223, 81, 89, 111, 113, 96, 47, 115, 37, 108, 118, 162, 28, 13, 50, 98, 75, 93, 263, 56, 5, 140, 53, 5, 169, 236, 316, 21, 15, 252, 119, 41, 66, 18, 130, 120, 65, 53, 157, 16, 15, 44, 211, 104, 21, 27, 157, 70, 96, 126, 67, 122, 29, 141, 121, 113, 118, 130, 104, 46, 0)
s = 200: (0, 181, 87, 63, 180, 104, 55, 92, 147, 66, 99, 105, 144, 43, 16, 65, 65, 69, 78, 183, 64, 11, 230, 54, 6, 165, 214, 174, 20, 23, 130, 172, 33, 38, 20, 175, 89, 109, 36, 197, 18, 17, 32, 212, 233, 22, 32, 219, 113, 154, 134, 71, 185, 37, 140, 141, 102, 197, 235, 95, 49, 0)
************************************************************************
ES/LS-VALUES:
jobnr.   ES(i)    LS(i)
------------------------------------------------------------------------
  0        0        0
  1        0       196
  2        0       268
  3        0       170
  4        9       212
  5       26       230
  6        9       180
  7       24       196
  8       34       207
  9       49       223
 10       34       230
 11        9       237
 12       13       210
 13       24       261
 14       24       254
 15       34       266
 16       25       256
 17       26       255
 18       34       283
 19       52       227
 20       69       245
 21       52       265
 22       77       266
 23        7       276
 24       25       258
 25       50       260
 26       49       242
 27       50       247
 28       40       296
 29       66       260
 30       34       263
 31       92       300
 32       61       272
 33       61       299
 34       64       292
 35       85       280
 36       26       295
 37       77       254
 38       49       268
 39       87       264
 40       64       276
 41       61       279
 42       103       315
 43       50       325
 44       68       307
 45       69       342
 46       107       319
 47       92       282
 48       112       325
 49       69       296
 50       106       315
 51       67       336
 52       103       281
 53       125       335
 54       119       298
 55       85       307
 56       119       303
 57       136       316
 58       154       335
 59       154       343
 60       132       344
 61       170       352
************************************************************************
BIG-M-VALUES:
M1 = 39, M2 = 444
************************************************************************
