************************************************************************
file with basedata            : j60_40.bas
initial value random generator: 627094343
************************************************************************
projects                      :  1
jobs (incl. supersource/sink ):  62
horizon                       :  306
RESOURCES
  - renewable                 :  4   R
  - nonrenewable              :  0   N
  - doubly constrained        :  0   D
************************************************************************
PROJECT INFORMATION:
pronr.  #jobs rel.date duedate tardcost  MPM-Time
    1     60      0       55        5       55
************************************************************************
PRECEDENCE RELATIONS:
jobnr.    #modes  #successors   successors
   0        1          3           1   2   3
   1        1          3           4   5  23
   2        1          3           7  10  16
   3        1          3           6   8   9
   4        1          2          32  42
   5        1          1          34
   6        1          3          11  12  21
   7        1          2          17  34
   8        1          2          18  39
   9        1          3          14  24  33
  10        1          3          13  14  15
  11        1          3          19  22  31
  12        1          2          24  25
  13        1          2          25  52
  14        1          1          18
  15        1          1          28
  16        1          2          26  55
  17        1          3          20  28  51
  18        1          1          30
  19        1          1          41
  20        1          2          22  24
  21        1          3          29  38  43
  22        1          3          23  37  41
  23        1          2          47  49
  24        1          3          27  36  45
  25        1          1          58
  26        1          3          31  32  34
  27        1          2          35  42
  28        1          1          38
  29        1          2          33  40
  30        1          1          40
  31        1          1          57
  32        1          2          48  59
  33        1          1          53
  34        1          3          49  56  60
  35        1          3          41  44  52
  36        1          3          37  43  50
  37        1          1          52
  38        1          1          44
  39        1          2          46  50
  40        1          1          48
  41        1          2          49  56
  42        1          3          47  53  60
  43        1          2          44  57
  44        1          2          46  48
  45        1          1          46
  46        1          1          54
  47        1          2          50  55
  48        1          1          60
  49        1          2          53  58
  50        1          1          56
  51        1          1          55
  52        1          1          54
  53        1          1          54
  54        1          1          59
  55        1          1          59
  56        1          1          57
  57        1          1          58
  58        1          1          61
  59        1          1          61
  60        1          1          61
  61        1          0        
************************************************************************
REQUESTS/DURATIONS:
jobnr. mode duration  R 1  R 2  R 3  R 4  E(W 1)
------------------------------------------------------------------------
  0      1     0       0    0    0    0     0
  1      1     7       1    3    0    0    35
  2      1     5       0    0    0    2    10
  3      1     6       0    1    2    0    24
  4      1    10       0    5    0    7    120
  5      1     8       7    0    0    0    56
  6      1     1      10    8    0    0    18
  7      1     1       3    2    0    7    12
  8      1     9       5    0    2    7    126
  9      1     4       0    0    0    2     8
 10      1     6       0    0    0    5    30
 11      1     1       0    6    3    2    11
 12      1     2       0   10    1    0    24
 13      1    10       7    0    3    0    100
 14      1     1       8    9    2    8    27
 15      1     4       0   10    4    1    64
 16      1     8       7    5    9    0    168
 17      1     7       0    0    7    0    49
 18      1     2       8    0    2    2    24
 19      1     4       2    0    0    3    20
 20      1     1       0    2    0    7     9
 21      1     6       0    2    0    0    12
 22      1     8       0    6    8    9    184
 23      1     4       0   10    0    0    40
 24      1     5       0    0   10    0    50
 25      1     5       0   10    7    0    85
 26      1     3       0    1    0    6    24
 27      1     2       8    8    2    0    36
 28      1     3       3   10    6    0    57
 29      1     7       0    0   10    0    70
 30      1     8       1    0   10    0    96
 31      1     2       9    0    0    0    18
 32      1     9       2    0    0    0    18
 33      1    10       5    0    0   10    150
 34      1     5       0    0   10    0    50
 35      1     5       8    0    0    0    40
 36      1     9       0    7    0    4    99
 37      1     3       0    3    5    7    45
 38      1     9       0    0    2    5    63
 39      1     8       0    7    2    1    88
 40      1     1       0    9    7    0    16
 41      1     6       9    2    0    8    114
 42      1     6       0    7    0    7    84
 43      1     5       9    5    0    8    110
 44      1     1       5   10    0    0    15
 45      1     7       0    4    0    3    49
 46      1     6       0    0    9    6    90
 47      1     6       5    1    2    0    54
 48      1     8       1    8    3    0    104
 49      1     4       0    0    0    4    16
 50      1     1       4    1    4    0    10
 51      1     4       0    0    0   10    40
 52      1     8       7    0    1    8    136
 53      1     3       0    0    6    2    24
 54      1     7      10   10    0    8    196
 55      1     6       0    0    0    4    24
 56      1     5       0    3    7    0    50
 57      1     1       2    0    6    0     8
 58      1     2       1    0    0    0     4
 59      1     8       0    0    0    3    24
 60      1     3       4    0    0    0    12
 61      1     0       0    0    0    0     0
************************************************************************
RESOURCEAVAILABILITIES:
  R 1
   182
************************************************************************
RESOURCE LIMITS:
jobnr.  l(R 1)  u(R 1)
------------------------------------------------------------------------
  0        0       0
  1        3       5
  2        1       2
  3        2       4
  4        7      12
  5        4       7
  6        9      18
  7        7      12
  8        8      14
  9        1       2
 10        3       5
 11        6      11
 12        6      12
 13        6      10
 14       14      27
 15        8      16
 16       12      21
 17        4       7
 18        6      12
 19        3       5
 20        5       9
 21        1       2
 22       12      23
 23        5      10
 24        5      10
 25        9      17
 26        4       8
 27        9      18
 28       10      19
 29        5      10
 30        6      12
 31        5       9
 32        1       2
 33        8      15
 34        5      10
 35        4       8
 36        6      11
 37        9      15
 38        4       7
 39        6      11
 40        9      16
 41       10      19
 42        8      14
 43       12      22
 44        8      15
 45        4       7
 46        8      15
 47        5       9
 48        7      13
 49        2       4
 50        5      10
 51        5      10
 52        9      17
 53        4       8
 54       14      28
 55        2       4
 56        6      10
 57        4       8
 58        1       2
 59        2       3
 60        2       4
 61        0       0
************************************************************************
SCENARIOS:
------------------------------------------------------------------------
RESOURCE k = 1
s = 1: (0, 41, 9, 35, 143, 29, 17, 22, 99, 5, 39, 10, 34, 108, 22, 61, 217, 52, 22, 20, 9, 15, 252, 25, 79, 60, 44, 40, 37, 51, 121, 17, 21, 119, 58, 38, 93, 47, 66, 90, 20, 102, 71, 156, 10, 34, 69, 45, 123, 28, 9, 57, 156, 21, 194, 15, 38, 8, 6, 25, 10, 0)
s = 2: (0, 23, 9, 24, 103, 43, 16, 13, 146, 6, 28, 12, 32, 141, 16, 56, 218, 45, 31, 14, 8, 8, 245, 56, 64, 81, 23, 50, 54, 39, 155, 31, 16, 158, 70, 55, 100, 63, 55, 94, 14, 119, 78, 99, 11, 38, 127, 56, 129, 11, 12, 49, 132, 22, 127, 25, 46, 7, 5, 30, 11, 0)
s = 3: (0, 28, 12, 26, 102, 42, 21, 10, 93, 7, 44, 15, 14, 111, 31, 83, 172, 44, 29, 30, 9, 13, 152, 28, 58, 83, 31, 24, 32, 89, 108, 11, 22, 124, 67, 41, 59, 58, 68, 83, 16, 86, 53, 156, 10, 39, 98, 37, 91, 17, 12, 40, 207, 26, 180, 25, 77, 10, 3, 26, 9, 0)
s = 4: (0, 33, 9, 23, 193, 51, 26, 16, 86, 9, 35, 9, 32, 87, 30, 37, 138, 42, 34, 27, 13, 17, 244, 29, 44, 111, 16, 35, 39, 73, 127, 21, 19, 178, 58, 49, 100, 25, 63, 81, 13, 195, 110, 61, 18, 46, 58, 70, 96, 18, 9, 37, 180, 18, 195, 28, 81, 7, 6, 14, 11, 0)
s = 5: (0, 22, 11, 27, 142, 47, 19, 15, 110, 10, 43, 13, 32, 67, 23, 89, 192, 51, 34, 17, 6, 17, 240, 48, 56, 74, 31, 40, 35, 49, 120, 17, 27, 183, 52, 36, 76, 64, 61, 101, 18, 122, 77, 180, 24, 56, 104, 46, 84, 13, 10, 34, 209, 20, 106, 28, 47, 7, 4, 29, 14, 0)
s = 6: (0, 60, 14, 18, 114, 67, 11, 11, 169, 7, 21, 14, 28, 77, 38, 57, 146, 54, 15, 17, 7, 17, 198, 55, 40, 92, 19, 36, 85, 62, 73, 25, 24, 201, 50, 43, 74, 37, 67, 79, 13, 82, 100, 126, 12, 38, 72, 66, 64, 29, 13, 43, 121, 18, 227, 17, 40, 9, 4, 18, 14, 0)
s = 7: (0, 29, 10, 16, 132, 51, 18, 11, 150, 9, 32, 14, 23, 81, 23, 68, 203, 55, 16, 30, 11, 15, 236, 41, 52, 101, 22, 44, 77, 71, 63, 13, 17, 159, 51, 45, 117, 55, 67, 103, 23, 83, 75, 103, 15, 52, 103, 60, 93, 9, 12, 39, 121, 25, 116, 17, 36, 9, 4, 17, 10, 0)
s = 8: (0, 39, 11, 26, 130, 62, 22, 17, 137, 10, 23, 13, 28, 57, 28, 48, 100, 72, 29, 20, 9, 16, 151, 44, 69, 56, 24, 40, 78, 49, 78, 17, 29, 122, 46, 45, 127, 48, 71, 85, 20, 149, 50, 96, 13, 55, 60, 62, 128, 15, 8, 53, 97, 26, 226, 27, 50, 10, 4, 15, 17, 0)
s = 9: (0, 29, 12, 40, 99, 49, 11, 14, 139, 7, 42, 16, 23, 100, 46, 75, 164, 61, 27, 15, 8, 21, 122, 40, 64, 151, 31, 47, 47, 63, 148, 21, 25, 156, 52, 28, 114, 52, 60, 65, 21, 61, 90, 93, 15, 64, 75, 92, 185, 15, 9, 44, 159, 23, 151, 17, 37, 7, 7, 31, 13, 0)
s = 10: (0, 21, 6, 22, 117, 37, 17, 10, 123, 7, 34, 15, 32, 119, 18, 68, 120, 37, 29, 12, 7, 9, 143, 23, 52, 67, 28, 49, 47, 104, 77, 29, 28, 111, 40, 46, 64, 30, 90, 84, 14, 91, 67, 86, 14, 55, 87, 43, 68, 17, 16, 33, 116, 27, 192, 26, 36, 5, 4, 34, 10, 0)
s = 11: (0, 27, 10, 19, 168, 44, 16, 13, 117, 8, 26, 18, 27, 132, 36, 76, 166, 41, 20, 20, 8, 12, 195, 46, 66, 116, 27, 26, 44, 52, 108, 20, 21, 129, 38, 28, 121, 38, 65, 77, 17, 108, 85, 94, 20, 57, 94, 36, 140, 15, 9, 29, 164, 17, 106, 29, 46, 7, 3, 30, 8, 0)
s = 12: (0, 21, 13, 22, 88, 58, 16, 9, 157, 5, 19, 13, 16, 71, 30, 56, 151, 51, 28, 16, 11, 11, 174, 42, 45, 120, 16, 26, 43, 43, 113, 16, 17, 140, 44, 52, 81, 32, 84, 48, 22, 155, 69, 78, 12, 34, 146, 75, 127, 13, 10, 24, 218, 32, 215, 42, 42, 5, 5, 32, 15, 0)
s = 13: (0, 22, 11, 32, 91, 78, 26, 11, 103, 7, 41, 12, 21, 67, 15, 58, 116, 47, 33, 16, 10, 14, 208, 52, 53, 94, 27, 43, 95, 85, 82, 19, 21, 217, 52, 40, 93, 54, 86, 76, 20, 182, 64, 122, 14, 40, 99, 38, 92, 16, 10, 37, 165, 20, 187, 31, 51, 12, 5, 24, 11, 0)
s = 14: (0, 23, 14, 22, 113, 58, 11, 11, 184, 6, 26, 12, 25, 122, 33, 78, 203, 36, 30, 12, 13, 9, 130, 23, 30, 75, 17, 39, 63, 116, 81, 14, 20, 109, 28, 28, 72, 54, 65, 88, 28, 88, 101, 117, 10, 77, 91, 51, 83, 18, 19, 59, 112, 27, 247, 34, 49, 9, 4, 33, 17, 0)
s = 15: (0, 57, 12, 16, 74, 65, 13, 8, 217, 10, 40, 8, 26, 106, 22, 51, 96, 34, 19, 34, 15, 15, 144, 41, 30, 106, 22, 48, 54, 101, 123, 12, 13, 172, 48, 22, 71, 65, 81, 77, 17, 105, 66, 68, 11, 34, 172, 40, 160, 12, 13, 66, 78, 29, 214, 15, 40, 11, 5, 22, 22, 0)
s = 16: (0, 35, 12, 23, 97, 50, 20, 20, 72, 7, 23, 22, 21, 69, 24, 60, 226, 62, 37, 16, 9, 7, 247, 28, 79, 148, 15, 39, 79, 76, 64, 29, 22, 153, 32, 26, 147, 47, 43, 103, 16, 112, 62, 130, 17, 35, 76, 55, 135, 14, 10, 49, 219, 21, 255, 36, 36, 7, 4, 28, 11, 0)
s = 17: (0, 40, 6, 28, 99, 62, 19, 13, 94, 9, 23, 12, 26, 67, 36, 58, 198, 67, 18, 23, 11, 13, 167, 31, 69, 80, 27, 24, 67, 40, 100, 19, 21, 148, 73, 46, 106, 40, 46, 115, 19, 158, 99, 86, 10, 52, 84, 37, 137, 15, 11, 60, 150, 24, 154, 13, 52, 8, 4, 22, 18, 0)
s = 18: (0, 34, 11, 23, 98, 51, 15, 8, 72, 7, 20, 12, 22, 205, 15, 52, 213, 50, 21, 22, 9, 15, 204, 40, 54, 86, 35, 43, 63, 66, 81, 27, 15, 241, 40, 33, 95, 37, 69, 100, 25, 131, 58, 131, 24, 64, 62, 57, 92, 13, 10, 66, 142, 28, 159, 24, 66, 7, 5, 26, 14, 0)
s = 19: (0, 28, 10, 42, 98, 90, 12, 15, 97, 10, 31, 9, 26, 93, 22, 66, 123, 41, 15, 29, 12, 22, 181, 34, 64, 97, 25, 32, 44, 80, 107, 22, 13, 121, 65, 64, 55, 36, 49, 88, 12, 68, 92, 67, 13, 41, 53, 41, 98, 11, 9, 60, 117, 25, 129, 24, 50, 7, 4, 15, 10, 0)
s = 20: (0, 25, 12, 23, 79, 78, 15, 7, 138, 10, 29, 10, 37, 66, 33, 68, 125, 26, 31, 22, 9, 11, 274, 29, 39, 65, 32, 36, 66, 95, 128, 27, 15, 135, 53, 59, 106, 38, 58, 146, 15, 93, 75, 63, 18, 35, 126, 43, 106, 12, 9, 24, 95, 17, 165, 18, 72, 8, 5, 22, 9, 0)
s = 21: (0, 42, 15, 25, 131, 86, 16, 11, 105, 9, 24, 13, 18, 77, 21, 65, 208, 60, 22, 19, 10, 8, 293, 46, 31, 62, 27, 52, 50, 80, 111, 12, 17, 121, 70, 40, 133, 58, 64, 56, 11, 99, 69, 131, 25, 47, 78, 51, 103, 20, 16, 50, 174, 20, 121, 29, 37, 15, 4, 29, 15, 0)
s = 22: (0, 45, 14, 19, 103, 63, 25, 8, 75, 11, 27, 7, 18, 97, 23, 68, 248, 46, 21, 24, 13, 8, 163, 47, 55, 59, 20, 28, 91, 61, 81, 16, 29, 242, 51, 52, 84, 32, 33, 67, 13, 130, 79, 166, 10, 34, 107, 75, 124, 27, 14, 46, 125, 32, 183, 29, 30, 7, 7, 15, 15, 0)
s = 23: (0, 32, 12, 27, 139, 74, 22, 9, 128, 6, 28, 12, 26, 79, 42, 35, 158, 52, 23, 26, 9, 17, 134, 39, 79, 79, 18, 38, 76, 60, 60, 14, 17, 144, 29, 28, 118, 55, 50, 115, 22, 84, 165, 107, 20, 69, 140, 75, 127, 17, 11, 47, 155, 34, 132, 17, 44, 5, 6, 23, 13, 0)
s = 24: (0, 44, 10, 23, 77, 42, 29, 11, 108, 6, 20, 13, 39, 83, 17, 94, 172, 48, 29, 24, 9, 9, 156, 28, 47, 116, 35, 28, 46, 56, 107, 14, 16, 149, 34, 74, 128, 45, 54, 70, 14, 72, 152, 172, 12, 44, 90, 43, 112, 16, 13, 46, 105, 17, 182, 13, 81, 12, 4, 34, 14, 0)
s = 25: (0, 21, 19, 21, 129, 55, 10, 11, 136, 7, 36, 17, 19, 75, 34, 64, 257, 34, 29, 26, 6, 14, 107, 34, 61, 76, 17, 28, 56, 47, 117, 23, 15, 86, 40, 51, 95, 52, 63, 109, 13, 106, 112, 88, 13, 31, 136, 60, 126, 27, 9, 30, 124, 28, 134, 33, 35, 11, 5, 16, 8, 0)
s = 26: (0, 38, 11, 41, 118, 81, 31, 14, 119, 6, 34, 12, 25, 105, 18, 86, 124, 51, 21, 11, 7, 14, 166, 37, 35, 91, 16, 24, 47, 92, 68, 20, 17, 152, 44, 37, 127, 61, 59, 135, 29, 134, 106, 95, 18, 41, 113, 37, 123, 17, 14, 39, 133, 28, 202, 26, 54, 8, 8, 32, 15, 0)
s = 27: (0, 59, 9, 15, 177, 39, 10, 9, 89, 14, 30, 19, 17, 68, 42, 96, 175, 34, 25, 14, 10, 13, 215, 32, 61, 80, 16, 51, 80, 65, 105, 19, 17, 137, 58, 58, 89, 54, 63, 48, 16, 66, 45, 100, 26, 68, 95, 61, 142, 10, 17, 47, 121, 37, 144, 19, 52, 10, 4, 38, 14, 0)
s = 28: (0, 42, 18, 16, 99, 70, 17, 20, 214, 12, 30, 11, 28, 134, 30, 39, 196, 51, 19, 14, 10, 10, 214, 33, 45, 70, 28, 30, 45, 80, 61, 17, 21, 110, 40, 30, 158, 53, 52, 147, 18, 85, 55, 100, 15, 61, 48, 71, 65, 16, 7, 24, 224, 35, 159, 27, 64, 10, 4, 34, 8, 0)
s = 29: (0, 23, 9, 28, 107, 67, 12, 12, 124, 6, 18, 11, 21, 180, 21, 71, 160, 74, 14, 16, 7, 13, 292, 52, 60, 60, 17, 46, 33, 57, 71, 29, 21, 93, 57, 29, 94, 34, 77, 59, 12, 196, 60, 115, 10, 41, 105, 56, 68, 13, 10, 67, 144, 27, 114, 28, 65, 9, 3, 14, 15, 0)
s = 30: (0, 33, 10, 20, 110, 77, 12, 15, 122, 7, 34, 9, 35, 62, 21, 101, 176, 75, 19, 13, 7, 13, 144, 48, 50, 116, 20, 50, 59, 63, 123, 18, 36, 114, 42, 58, 84, 60, 73, 77, 11, 74, 53, 130, 13, 49, 99, 76, 152, 18, 15, 71, 212, 22, 194, 29, 63, 14, 6, 20, 9, 0)
s = 31: (0, 47, 16, 20, 81, 58, 14, 11, 80, 8, 37, 11, 22, 74, 31, 51, 244, 56, 18, 18, 9, 14, 238, 43, 50, 68, 19, 26, 43, 81, 61, 14, 22, 148, 82, 45, 66, 52, 51, 82, 13, 90, 53, 93, 19, 66, 62, 70, 109, 12, 12, 44, 103, 22, 167, 20, 64, 9, 4, 17, 12, 0)
s = 32: (0, 22, 11, 28, 91, 61, 14, 12, 126, 6, 36, 9, 16, 122, 26, 100, 132, 56, 26, 22, 9, 15, 156, 51, 62, 90, 15, 26, 47, 85, 125, 24, 15, 89, 37, 23, 135, 49, 45, 97, 22, 68, 71, 113, 21, 68, 94, 49, 109, 22, 9, 31, 172, 20, 149, 22, 70, 11, 4, 19, 11, 0)
s = 33: (0, 35, 17, 36, 138, 57, 21, 9, 115, 9, 29, 12, 19, 150, 19, 93, 150, 37, 33, 15, 9, 9, 277, 39, 71, 134, 39, 30, 55, 79, 109, 19, 16, 163, 46, 25, 100, 45, 50, 84, 16, 68, 63, 106, 13, 37, 98, 46, 142, 22, 6, 42, 145, 17, 191, 20, 56, 7, 4, 19, 13, 0)
s = 34: (0, 38, 9, 16, 111, 34, 21, 14, 217, 7, 43, 14, 17, 117, 30, 42, 96, 68, 36, 14, 7, 9, 101, 70, 37, 89, 19, 33, 43, 59, 109, 16, 21, 164, 61, 29, 61, 55, 76, 66, 15, 67, 97, 107, 16, 51, 81, 50, 93, 13, 11, 66, 139, 24, 250, 25, 61, 8, 3, 33, 11, 0)
s = 35: (0, 49, 10, 14, 126, 68, 18, 8, 130, 12, 36, 12, 22, 98, 28, 64, 140, 45, 20, 19, 19, 16, 130, 55, 53, 88, 21, 50, 63, 52, 146, 12, 13, 146, 76, 26, 79, 33, 46, 75, 19, 96, 97, 72, 10, 69, 119, 36, 64, 19, 14, 40, 127, 24, 213, 20, 48, 8, 3, 14, 21, 0)
s = 36: (0, 32, 13, 50, 90, 36, 13, 12, 78, 7, 31, 9, 20, 94, 20, 124, 133, 33, 18, 22, 11, 11, 112, 54, 49, 52, 34, 37, 54, 43, 54, 16, 19, 245, 33, 62, 84, 29, 56, 63, 15, 146, 92, 108, 20, 69, 54, 60, 162, 25, 10, 32, 105, 18, 233, 25, 61, 10, 3, 31, 17, 0)
s = 37: (0, 46, 15, 20, 113, 33, 18, 11, 77, 5, 28, 13, 14, 98, 17, 49, 252, 68, 21, 18, 8, 9, 187, 37, 61, 71, 40, 34, 51, 87, 77, 13, 19, 169, 42, 51, 81, 70, 92, 73, 13, 90, 74, 140, 10, 56, 67, 47, 73, 21, 22, 49, 162, 16, 120, 21, 47, 10, 5, 38, 9, 0)
s = 38: (0, 23, 13, 21, 100, 63, 12, 14, 124, 10, 41, 16, 28, 123, 15, 122, 112, 63, 22, 35, 11, 13, 267, 46, 55, 75, 16, 43, 64, 69, 61, 16, 19, 126, 34, 37, 83, 59, 47, 123, 17, 134, 116, 117, 19, 32, 78, 51, 127, 12, 12, 32, 145, 15, 179, 34, 51, 9, 3, 25, 16, 0)
s = 39: (0, 52, 11, 21, 128, 41, 19, 10, 107, 12, 20, 13, 28, 86, 35, 52, 200, 44, 24, 28, 12, 7, 175, 37, 35, 120, 27, 37, 49, 54, 117, 18, 18, 145, 66, 57, 80, 28, 53, 68, 16, 143, 72, 91, 19, 49, 62, 51, 147, 23, 9, 36, 212, 21, 337, 16, 50, 13, 6, 16, 8, 0)
s = 40: (0, 52, 7, 18, 110, 46, 24, 10, 104, 9, 38, 18, 20, 140, 25, 94, 148, 53, 31, 35, 6, 14, 193, 45, 41, 123, 25, 21, 59, 54, 89, 20, 18, 113, 29, 61, 129, 40, 56, 134, 22, 104, 110, 74, 21, 48, 102, 67, 121, 18, 8, 36, 148, 27, 195, 14, 44, 8, 4, 17, 7, 0)
s = 41: (0, 26, 9, 19, 114, 55, 19, 14, 119, 5, 33, 8, 32, 110, 31, 61, 241, 49, 22, 29, 8, 11, 222, 36, 54, 46, 24, 46, 44, 75, 69, 18, 17, 115, 36, 28, 122, 37, 108, 120, 13, 168, 138, 90, 10, 29, 116, 47, 72, 12, 11, 62, 138, 14, 135, 20, 56, 9, 4, 26, 10, 0)
s = 42: (0, 42, 13, 20, 107, 61, 26, 13, 127, 7, 34, 11, 26, 131, 30, 44, 191, 34, 20, 20, 10, 22, 147, 46, 59, 99, 23, 43, 83, 69, 81, 16, 12, 123, 44, 49, 110, 32, 50, 121, 11, 110, 89, 85, 17, 57, 98, 49, 145, 14, 8, 43, 92, 41, 160, 16, 50, 12, 3, 26, 8, 0)
s = 43: (0, 18, 10, 29, 117, 65, 20, 8, 87, 5, 28, 8, 41, 69, 28, 45, 217, 66, 32, 16, 11, 9, 206, 53, 33, 72, 32, 32, 102, 53, 89, 20, 22, 144, 79, 30, 167, 42, 80, 84, 23, 105, 52, 84, 23, 61, 99, 53, 61, 24, 10, 25, 142, 19, 210, 32, 36, 14, 5, 22, 14, 0)
s = 44: (0, 36, 9, 26, 108, 76, 15, 14, 97, 9, 21, 9, 24, 75, 33, 64, 155, 37, 17, 13, 10, 9, 188, 47, 54, 51, 27, 35, 47, 83, 61, 17, 14, 130, 38, 28, 61, 61, 51, 84, 17, 64, 56, 150, 18, 57, 122, 38, 110, 19, 8, 25, 102, 31, 247, 17, 43, 12, 7, 23, 14, 0)
s = 45: (0, 42, 12, 16, 132, 95, 12, 9, 79, 6, 30, 10, 18, 104, 34, 62, 142, 47, 17, 11, 11, 8, 234, 43, 44, 85, 26, 25, 80, 102, 72, 22, 18, 146, 51, 47, 145, 48, 102, 64, 12, 112, 51, 98, 11, 66, 85, 41, 93, 18, 14, 29, 114, 25, 149, 26, 73, 6, 7, 32, 11, 0)
s = 46: (0, 46, 14, 25, 154, 35, 15, 16, 132, 6, 34, 9, 31, 69, 19, 37, 163, 76, 27, 18, 11, 10, 103, 30, 27, 78, 20, 47, 77, 57, 80, 21, 18, 123, 81, 35, 86, 39, 69, 98, 15, 117, 72, 84, 21, 51, 50, 33, 97, 17, 15, 46, 153, 25, 203, 24, 35, 10, 4, 27, 16, 0)
s = 47: (0, 27, 13, 31, 121, 58, 17, 14, 87, 10, 31, 16, 31, 104, 21, 89, 135, 51, 28, 17, 6, 15, 176, 43, 45, 51, 20, 20, 56, 103, 87, 14, 15, 124, 56, 34, 84, 79, 65, 67, 15, 95, 67, 125, 13, 53, 131, 41, 151, 13, 13, 61, 79, 17, 216, 23, 51, 9, 3, 21, 15, 0)
s = 48: (0, 32, 8, 20, 143, 43, 16, 15, 90, 6, 29, 13, 20, 88, 27, 80, 230, 49, 34, 14, 10, 15, 143, 64, 45, 116, 19, 44, 51, 96, 68, 21, 11, 93, 76, 28, 82, 57, 46, 54, 9, 122, 92, 132, 15, 42, 54, 31, 97, 18, 11, 73, 87, 32, 209, 16, 39, 10, 4, 18, 12, 0)
s = 49: (0, 23, 8, 25, 136, 66, 22, 11, 111, 6, 25, 10, 19, 122, 25, 57, 230, 47, 31, 15, 9, 12, 154, 31, 63, 90, 19, 31, 64, 100, 88, 14, 26, 199, 44, 34, 92, 43, 56, 78, 11, 85, 104, 86, 24, 61, 134, 92, 100, 15, 9, 35, 149, 17, 286, 25, 34, 7, 6, 33, 13, 0)
s = 50: (0, 48, 10, 36, 97, 43, 16, 14, 101, 11, 35, 13, 18, 139, 19, 99, 150, 31, 27, 15, 10, 9, 228, 46, 33, 111, 14, 36, 50, 47, 85, 13, 20, 150, 41, 34, 110, 30, 68, 78, 16, 102, 65, 129, 23, 49, 79, 76, 135, 18, 13, 37, 142, 37, 320, 23, 31, 13, 4, 15, 12, 0)
s = 51: (0, 20, 9, 14, 76, 44, 23, 11, 140, 10, 22, 15, 17, 101, 35, 53, 191, 67, 36, 28, 9, 8, 159, 55, 59, 65, 24, 29, 51, 74, 52, 19, 24, 119, 52, 36, 54, 38, 47, 97, 24, 84, 105, 110, 13, 43, 121, 28, 107, 22, 9, 57, 257, 30, 199, 19, 46, 5, 5, 23, 10, 0)
s = 52: (0, 39, 7, 37, 148, 58, 20, 23, 113, 7, 35, 14, 18, 175, 25, 95, 173, 39, 28, 28, 7, 11, 221, 61, 72, 69, 32, 26, 46, 62, 82, 17, 20, 138, 43, 26, 74, 40, 73, 103, 9, 71, 49, 68, 11, 36, 55, 71, 114, 21, 8, 29, 214, 24, 136, 27, 67, 8, 4, 22, 10, 0)
s = 53: (0, 30, 8, 36, 94, 60, 30, 12, 75, 9, 28, 14, 19, 107, 43, 71, 148, 51, 22, 21, 12, 14, 290, 30, 37, 106, 14, 42, 57, 71, 136, 15, 20, 152, 30, 48, 168, 32, 66, 66, 18, 148, 98, 100, 15, 36, 116, 55, 163, 16, 8, 34, 147, 22, 150, 27, 45, 12, 4, 28, 20, 0)
s = 54: (0, 45, 7, 20, 86, 46, 21, 16, 122, 9, 22, 8, 30, 117, 23, 54, 128, 43, 32, 13, 8, 9, 170, 34, 46, 59, 19, 42, 65, 52, 115, 15, 25, 206, 57, 43, 85, 24, 81, 81, 25, 83, 103, 102, 22, 41, 77, 84, 91, 11, 7, 31, 111, 16, 159, 28, 42, 7, 4, 16, 10, 0)
s = 55: (0, 36, 6, 18, 120, 63, 13, 11, 111, 6, 27, 9, 30, 75, 17, 77, 203, 39, 26, 21, 6, 11, 195, 42, 39, 89, 16, 32, 30, 37, 61, 20, 14, 119, 52, 51, 51, 46, 46, 93, 21, 140, 109, 130, 10, 41, 91, 69, 64, 16, 11, 50, 162, 26, 206, 20, 73, 6, 4, 23, 11, 0)
s = 56: (0, 27, 13, 14, 160, 66, 19, 7, 188, 8, 20, 19, 25, 74, 32, 52, 205, 32, 25, 17, 6, 11, 123, 41, 37, 99, 39, 45, 67, 67, 107, 22, 18, 84, 48, 33, 123, 38, 51, 75, 18, 156, 43, 83, 20, 56, 66, 55, 149, 25, 9, 31, 180, 15, 142, 23, 35, 11, 5, 16, 11, 0)
s = 57: (0, 29, 8, 19, 217, 49, 16, 11, 117, 6, 45, 9, 28, 116, 36, 60, 215, 54, 30, 19, 9, 13, 151, 46, 56, 98, 31, 30, 51, 76, 126, 19, 15, 136, 63, 39, 103, 25, 53, 86, 19, 115, 111, 118, 19, 75, 78, 54, 80, 10, 13, 66, 166, 16, 203, 16, 29, 7, 5, 22, 10, 0)
s = 58: (0, 44, 10, 23, 99, 63, 16, 10, 125, 13, 30, 10, 44, 118, 22, 38, 189, 49, 26, 20, 11, 9, 158, 33, 47, 97, 22, 59, 45, 78, 118, 15, 14, 112, 61, 41, 72, 48, 56, 125, 20, 85, 69, 122, 9, 38, 114, 48, 111, 26, 11, 32, 183, 43, 271, 35, 32, 8, 4, 22, 18, 0)
s = 59: (0, 22, 9, 22, 121, 50, 22, 10, 129, 7, 35, 11, 19, 136, 33, 48, 161, 31, 42, 17, 10, 12, 201, 37, 44, 76, 41, 19, 106, 42, 99, 19, 22, 164, 62, 40, 143, 38, 74, 86, 16, 123, 55, 93, 23, 34, 113, 70, 81, 16, 11, 30, 85, 24, 184, 21, 65, 5, 3, 24, 10, 0)
s = 60: (0, 54, 11, 29, 95, 65, 34, 9, 114, 11, 28, 8, 19, 58, 29, 72, 129, 49, 28, 15, 9, 8, 146, 70, 43, 64, 24, 39, 54, 71, 129, 27, 19, 126, 41, 64, 102, 36, 57, 79, 17, 85, 88, 114, 17, 43, 82, 49, 67, 13, 8, 26, 93, 39, 271, 31, 35, 9, 5, 19, 13, 0)
s = 61: (0, 43, 10, 18, 137, 65, 17, 10, 172, 9, 35, 11, 20, 96, 28, 70, 216, 36, 36, 25, 8, 17, 149, 53, 59, 64, 16, 56, 78, 83, 98, 14, 30, 227, 49, 32, 108, 50, 76, 69, 16, 129, 61, 110, 12, 49, 89, 47, 104, 13, 14, 29, 146, 18, 188, 18, 50, 6, 6, 24, 9, 0)
s = 62: (0, 26, 7, 18, 202, 45, 31, 16, 105, 9, 26, 15, 22, 117, 22, 42, 197, 48, 21, 26, 7, 9, 168, 51, 49, 54, 23, 55, 72, 89, 105, 19, 24, 115, 38, 27, 82, 65, 69, 103, 13, 174, 73, 127, 18, 38, 105, 43, 107, 13, 11, 36, 191, 30, 187, 14, 49, 6, 5, 26, 11, 0)
s = 63: (0, 40, 11, 24, 142, 55, 11, 13, 119, 9, 26, 8, 18, 64, 23, 54, 205, 29, 23, 16, 9, 14, 115, 47, 34, 80, 27, 54, 77, 62, 107, 15, 19, 157, 29, 60, 118, 34, 52, 120, 19, 95, 76, 85, 16, 41, 101, 28, 106, 16, 6, 37, 164, 35, 174, 30, 54, 10, 3, 14, 16, 0)
s = 64: (0, 22, 8, 21, 171, 31, 20, 9, 142, 9, 24, 8, 24, 76, 17, 82, 249, 30, 30, 28, 8, 13, 187, 31, 49, 159, 25, 37, 47, 74, 120, 11, 18, 233, 60, 48, 121, 25, 71, 51, 11, 195, 51, 125, 14, 41, 112, 65, 83, 11, 10, 31, 102, 30, 182, 23, 37, 10, 6, 17, 8, 0)
s = 65: (0, 56, 11, 21, 157, 46, 30, 11, 138, 6, 23, 10, 33, 106, 41, 85, 159, 50, 23, 24, 8, 14, 153, 60, 70, 83, 22, 29, 51, 53, 97, 17, 24, 135, 41, 41, 116, 44, 39, 60, 17, 91, 102, 85, 19, 40, 109, 65, 104, 16, 8, 41, 75, 38, 280, 16, 47, 6, 3, 19, 20, 0)
s = 66: (0, 38, 11, 30, 125, 62, 15, 21, 153, 6, 38, 10, 20, 99, 31, 67, 161, 55, 23, 15, 9, 11, 250, 24, 49, 61, 21, 40, 58, 40, 90, 11, 27, 161, 54, 37, 79, 42, 59, 82, 12, 158, 74, 69, 13, 51, 55, 55, 95, 23, 10, 26, 102, 29, 170, 39, 61, 10, 6, 25, 13, 0)
s = 67: (0, 31, 8, 34, 81, 35, 23, 10, 85, 7, 34, 14, 17, 116, 18, 99, 170, 43, 26, 24, 7, 19, 146, 58, 49, 60, 15, 35, 66, 61, 138, 20, 25, 185, 61, 30, 88, 57, 44, 75, 24, 110, 73, 96, 20, 47, 118, 30, 96, 16, 10, 46, 160, 18, 297, 28, 41, 6, 4, 19, 15, 0)
s = 68: (0, 31, 12, 20, 176, 63, 15, 12, 97, 10, 31, 9, 18, 138, 31, 68, 209, 45, 22, 13, 10, 8, 202, 47, 44, 87, 15, 31, 80, 44, 50, 32, 23, 154, 45, 30, 83, 43, 87, 118, 19, 106, 99, 132, 19, 57, 121, 66, 104, 18, 15, 57, 233, 21, 163, 24, 32, 7, 5, 21, 10, 0)
s = 69: (0, 19, 17, 20, 109, 53, 18, 14, 180, 8, 21, 9, 22, 85, 33, 50, 138, 59, 21, 19, 10, 7, 133, 39, 41, 89, 18, 26, 62, 82, 92, 27, 13, 239, 57, 37, 86, 39, 57, 82, 23, 112, 72, 139, 17, 48, 125, 63, 57, 20, 13, 42, 92, 37, 162, 16, 61, 5, 4, 18, 16, 0)
s = 70: (0, 41, 14, 28, 116, 46, 21, 14, 116, 7, 34, 14, 30, 95, 24, 50, 125, 42, 30, 21, 8, 13, 191, 35, 52, 117, 23, 37, 41, 84, 141, 20, 18, 137, 46, 26, 78, 54, 55, 67, 14, 81, 118, 113, 18, 48, 92, 43, 107, 15, 12, 23, 143, 17, 128, 15, 42, 9, 4, 26, 14, 0)
s = 71: (0, 20, 16, 31, 151, 32, 17, 16, 170, 15, 26, 12, 21, 82, 23, 60, 248, 55, 19, 19, 10, 14, 198, 25, 53, 121, 23, 32, 47, 77, 71, 23, 16, 158, 37, 37, 101, 54, 63, 68, 17, 93, 80, 107, 18, 41, 58, 72, 160, 15, 9, 31, 106, 31, 204, 19, 57, 7, 3, 31, 11, 0)
s = 72: (0, 57, 16, 20, 94, 49, 18, 12, 164, 5, 42, 9, 31, 77, 23, 47, 168, 56, 30, 28, 12, 9, 128, 27, 57, 60, 24, 32, 67, 53, 128, 20, 13, 143, 41, 32, 106, 53, 64, 62, 23, 97, 113, 212, 18, 47, 109, 89, 113, 13, 7, 33, 117, 17, 306, 23, 52, 12, 3, 32, 9, 0)
s = 73: (0, 41, 13, 32, 116, 33, 23, 8, 116, 8, 18, 14, 31, 81, 17, 37, 191, 52, 23, 26, 6, 9, 260, 27, 56, 71, 22, 28, 43, 37, 84, 23, 29, 139, 49, 39, 134, 58, 59, 61, 16, 102, 103, 106, 17, 43, 87, 37, 142, 28, 8, 39, 171, 39, 212, 31, 51, 6, 8, 30, 12, 0)
s = 74: (0, 29, 9, 17, 84, 51, 28, 16, 145, 11, 28, 14, 18, 147, 32, 89, 113, 74, 20, 19, 11, 15, 275, 22, 49, 88, 16, 29, 48, 87, 110, 29, 25, 126, 39, 40, 77, 39, 47, 127, 11, 133, 96, 101, 14, 36, 89, 48, 111, 30, 10, 27, 168, 22, 149, 27, 36, 6, 3, 40, 11, 0)
s = 75: (0, 30, 11, 32, 157, 31, 14, 16, 188, 8, 38, 8, 29, 89, 30, 40, 138, 39, 26, 37, 12, 9, 237, 40, 77, 80, 31, 59, 43, 73, 64, 24, 26, 98, 38, 52, 66, 67, 54, 115, 13, 80, 123, 155, 14, 93, 125, 46, 156, 12, 17, 40, 109, 14, 216, 30, 44, 12, 5, 18, 10, 0)
s = 76: (0, 53, 9, 15, 83, 48, 24, 19, 114, 9, 44, 8, 20, 94, 25, 70, 164, 63, 24, 22, 13, 8, 183, 47, 64, 69, 33, 31, 36, 86, 100, 24, 16, 177, 61, 32, 76, 63, 47, 87, 13, 92, 46, 116, 16, 48, 53, 53, 72, 16, 13, 34, 162, 21, 209, 17, 64, 5, 8, 17, 11, 0)
s = 77: (0, 37, 13, 31, 231, 64, 15, 19, 140, 9, 38, 12, 16, 107, 26, 80, 174, 57, 25, 13, 9, 9, 143, 26, 43, 101, 25, 36, 51, 94, 55, 24, 31, 135, 70, 33, 138, 25, 51, 125, 16, 91, 53, 70, 19, 40, 53, 52, 126, 17, 13, 45, 183, 21, 137, 20, 49, 10, 4, 26, 14, 0)
s = 78: (0, 35, 11, 27, 81, 40, 27, 15, 113, 9, 29, 11, 31, 101, 40, 85, 172, 45, 26, 26, 9, 12, 142, 32, 37, 117, 36, 34, 54, 61, 92, 13, 14, 162, 34, 54, 105, 35, 62, 64, 16, 119, 117, 103, 22, 77, 64, 46, 130, 11, 8, 50, 95, 27, 112, 18, 47, 9, 6, 18, 13, 0)
s = 79: (0, 24, 16, 17, 120, 46, 11, 11, 139, 9, 27, 9, 22, 59, 18, 86, 102, 31, 14, 20, 11, 9, 125, 55, 61, 134, 29, 39, 43, 80, 106, 16, 20, 99, 79, 38, 96, 50, 53, 82, 13, 126, 55, 92, 18, 52, 127, 51, 91, 11, 8, 60, 83, 31, 110, 19, 34, 8, 3, 16, 14, 0)
s = 80: (0, 47, 14, 20, 106, 70, 15, 9, 167, 6, 24, 11, 17, 91, 33, 65, 270, 44, 24, 13, 9, 19, 222, 31, 40, 56, 16, 38, 41, 80, 104, 12, 26, 95, 56, 65, 75, 40, 63, 92, 16, 68, 106, 111, 15, 39, 52, 48, 107, 11, 13, 48, 89, 18, 152, 21, 52, 11, 5, 19, 12, 0)
s = 81: (0, 34, 12, 33, 100, 59, 16, 11, 78, 8, 37, 10, 39, 132, 27, 62, 94, 57, 19, 22, 10, 9, 264, 25, 71, 57, 14, 38, 59, 60, 86, 16, 12, 202, 42, 33, 118, 56, 79, 69, 15, 119, 108, 126, 18, 47, 103, 66, 98, 10, 8, 55, 110, 19, 183, 29, 49, 7, 5, 19, 14, 0)
s = 82: (0, 41, 12, 17, 126, 70, 16, 16, 180, 11, 25, 9, 17, 116, 17, 59, 186, 73, 18, 21, 9, 17, 247, 36, 31, 106, 38, 33, 46, 68, 74, 15, 12, 111, 60, 28, 137, 38, 83, 134, 16, 158, 78, 71, 21, 39, 103, 31, 100, 16, 9, 33, 108, 18, 179, 15, 60, 13, 5, 38, 13, 0)
s = 83: (0, 37, 13, 25, 66, 40, 15, 14, 99, 7, 23, 10, 24, 171, 20, 83, 154, 42, 26, 30, 11, 13, 240, 47, 54, 98, 21, 27, 52, 81, 70, 32, 17, 161, 52, 53, 69, 74, 70, 51, 18, 82, 79, 107, 19, 48, 95, 59, 87, 11, 8, 63, 188, 22, 150, 15, 48, 9, 3, 19, 9, 0)
s = 84: (0, 33, 8, 16, 87, 43, 15, 9, 126, 8, 32, 8, 29, 72, 20, 79, 217, 34, 19, 30, 12, 13, 287, 57, 60, 155, 45, 45, 73, 48, 89, 11, 16, 96, 36, 41, 76, 48, 98, 110, 13, 144, 77, 109, 17, 34, 78, 76, 123, 15, 10, 41, 89, 36, 150, 18, 62, 9, 6, 42, 10, 0)
s = 85: (0, 36, 10, 16, 144, 48, 14, 7, 95, 16, 24, 11, 28, 97, 24, 88, 224, 51, 28, 16, 10, 8, 250, 51, 54, 66, 19, 40, 59, 89, 83, 30, 16, 102, 97, 58, 97, 50, 72, 70, 23, 123, 110, 134, 9, 50, 106, 44, 77, 16, 7, 40, 151, 21, 154, 19, 31, 8, 3, 17, 16, 0)
s = 86: (0, 27, 15, 23, 72, 50, 11, 23, 193, 7, 37, 14, 16, 93, 27, 109, 152, 57, 48, 19, 10, 10, 127, 29, 75, 105, 31, 42, 49, 66, 131, 14, 22, 152, 59, 31, 64, 44, 75, 90, 22, 124, 87, 62, 19, 53, 91, 49, 106, 17, 10, 43, 108, 17, 272, 19, 42, 7, 4, 39, 13, 0)
s = 87: (0, 54, 8, 30, 138, 42, 13, 10, 210, 11, 34, 11, 23, 108, 37, 54, 214, 59, 18, 16, 10, 10, 187, 28, 44, 113, 26, 27, 72, 74, 104, 17, 26, 128, 56, 25, 177, 32, 53, 116, 16, 74, 113, 174, 15, 67, 156, 49, 108, 19, 6, 44, 112, 24, 124, 30, 47, 10, 4, 29, 8, 0)
s = 88: (0, 36, 7, 34, 100, 56, 14, 7, 192, 8, 34, 14, 23, 81, 28, 40, 109, 94, 20, 21, 10, 10, 172, 56, 35, 57, 41, 54, 48, 66, 78, 19, 23, 115, 46, 43, 113, 62, 76, 59, 23, 144, 130, 111, 17, 63, 104, 57, 89, 16, 13, 36, 167, 18, 203, 19, 50, 10, 6, 24, 13, 0)
s = 89: (0, 37, 15, 36, 177, 54, 17, 11, 123, 8, 44, 15, 25, 105, 18, 54, 126, 63, 21, 22, 11, 10, 212, 43, 83, 76, 27, 42, 51, 71, 61, 15, 19, 271, 37, 44, 118, 44, 38, 106, 15, 68, 72, 143, 10, 63, 90, 32, 108, 20, 15, 25, 86, 26, 194, 19, 71, 9, 8, 27, 11, 0)
s = 90: (0, 36, 7, 20, 159, 33, 22, 15, 88, 8, 31, 11, 34, 64, 23, 76, 161, 71, 25, 16, 14, 19, 182, 40, 28, 116, 22, 39, 77, 53, 174, 27, 12, 152, 42, 32, 129, 40, 44, 99, 15, 162, 100, 120, 16, 38, 106, 46, 105, 17, 17, 24, 155, 16, 282, 34, 33, 6, 5, 19, 17, 0)
s = 91: (0, 26, 15, 20, 141, 83, 17, 12, 68, 6, 39, 17, 27, 89, 34, 91, 123, 45, 31, 22, 7, 17, 232, 34, 45, 79, 23, 42, 62, 66, 119, 17, 28, 139, 49, 24, 114, 49, 51, 93, 14, 79, 72, 146, 16, 41, 68, 36, 92, 14, 12, 26, 82, 38, 215, 16, 75, 9, 5, 15, 11, 0)
s = 92: (0, 29, 14, 45, 164, 34, 22, 10, 87, 6, 26, 12, 24, 146, 24, 49, 113, 42, 20, 25, 8, 16, 167, 25, 77, 112, 25, 29, 60, 116, 76, 20, 34, 193, 58, 40, 98, 40, 44, 54, 26, 82, 55, 93, 22, 58, 87, 58, 89, 25, 7, 63, 138, 20, 255, 14, 32, 9, 4, 20, 16, 0)
s = 93: (0, 35, 12, 17, 83, 35, 13, 11, 132, 7, 32, 16, 33, 106, 21, 52, 150, 40, 17, 20, 7, 13, 120, 46, 50, 79, 33, 42, 32, 48, 88, 14, 19, 165, 36, 34, 130, 65, 53, 56, 19, 136, 112, 117, 18, 45, 112, 66, 65, 11, 9, 28, 148, 31, 135, 39, 35, 7, 4, 23, 7, 0)
s = 94: (0, 30, 9, 18, 207, 31, 23, 10, 118, 7, 30, 17, 28, 74, 36, 55, 166, 47, 20, 20, 8, 19, 188, 35, 34, 104, 19, 40, 63, 52, 86, 24, 27, 124, 65, 44, 81, 41, 42, 92, 19, 86, 70, 92, 17, 33, 77, 48, 114, 13, 7, 25, 133, 27, 155, 17, 31, 7, 4, 23, 12, 0)
s = 95: (0, 27, 9, 20, 82, 55, 20, 10, 76, 6, 44, 18, 18, 74, 21, 63, 195, 37, 27, 18, 9, 10, 247, 65, 51, 77, 27, 51, 46, 70, 123, 20, 15, 141, 47, 41, 103, 28, 60, 55, 16, 86, 108, 127, 19, 45, 135, 55, 115, 16, 8, 49, 103, 31, 236, 26, 52, 7, 5, 33, 20, 0)
s = 96: (0, 46, 13, 24, 87, 62, 22, 9, 73, 7, 38, 11, 21, 130, 29, 56, 121, 39, 21, 24, 11, 10, 130, 31, 31, 92, 29, 38, 50, 88, 93, 21, 28, 150, 37, 35, 106, 41, 80, 67, 14, 119, 61, 90, 16, 48, 85, 79, 107, 11, 9, 41, 140, 30, 203, 26, 30, 10, 8, 30, 20, 0)
s = 97: (0, 61, 6, 27, 167, 64, 18, 11, 114, 9, 23, 16, 26, 78, 39, 66, 254, 43, 33, 14, 6, 10, 150, 33, 59, 100, 20, 36, 48, 43, 153, 18, 13, 101, 49, 29, 120, 48, 48, 114, 13, 105, 94, 83, 13, 55, 62, 47, 94, 15, 17, 40, 174, 15, 175, 18, 43, 6, 5, 30, 15, 0)
s = 98: (0, 19, 9, 35, 95, 39, 25, 10, 187, 11, 49, 8, 22, 114, 28, 68, 116, 45, 17, 17, 10, 15, 134, 52, 40, 102, 21, 44, 57, 58, 156, 23, 17, 106, 43, 24, 91, 36, 45, 157, 23, 159, 48, 140, 18, 44, 60, 45, 170, 13, 13, 25, 110, 28, 163, 15, 49, 16, 3, 30, 11, 0)
s = 99: (0, 36, 10, 40, 98, 30, 19, 9, 126, 11, 30, 7, 34, 76, 21, 55, 174, 55, 32, 28, 7, 17, 144, 30, 36, 122, 32, 44, 44, 52, 109, 19, 16, 119, 62, 38, 129, 66, 51, 61, 17, 118, 67, 98, 21, 62, 87, 39, 97, 12, 10, 27, 123, 28, 212, 32, 46, 6, 3, 24, 11, 0)
s = 100: (0, 29, 12, 35, 118, 37, 22, 10, 142, 7, 25, 11, 42, 141, 38, 95, 117, 35, 16, 20, 7, 10, 151, 32, 69, 73, 22, 22, 79, 74, 114, 15, 14, 103, 61, 27, 117, 26, 70, 100, 17, 165, 91, 79, 13, 42, 117, 47, 174, 13, 10, 25, 177, 19, 223, 30, 35, 12, 5, 16, 10, 0)
s = 101: (0, 27, 7, 17, 78, 32, 14, 12, 206, 7, 23, 9, 20, 103, 28, 43, 229, 66, 25, 23, 9, 15, 219, 42, 54, 91, 21, 23, 52, 97, 96, 20, 20, 226, 58, 41, 74, 48, 97, 103, 11, 126, 86, 80, 8, 75, 61, 44, 120, 20, 9, 42, 160, 34, 109, 28, 28, 11, 4, 29, 13, 0)
s = 102: (0, 35, 15, 20, 89, 39, 28, 14, 100, 7, 38, 7, 23, 88, 31, 57, 142, 27, 24, 16, 8, 8, 167, 49, 58, 139, 19, 60, 42, 53, 91, 16, 15, 90, 48, 48, 92, 41, 89, 156, 17, 86, 68, 172, 22, 37, 63, 35, 94, 15, 8, 34, 141, 21, 146, 19, 43, 9, 5, 37, 10, 0)
s = 103: (0, 32, 8, 33, 92, 76, 17, 13, 98, 7, 19, 8, 23, 141, 28, 58, 243, 29, 25, 17, 14, 19, 129, 48, 43, 72, 21, 41, 47, 62, 62, 25, 24, 85, 74, 41, 58, 48, 69, 72, 25, 103, 71, 83, 13, 52, 127, 64, 81, 16, 7, 30, 87, 37, 236, 27, 61, 10, 5, 20, 11, 0)
s = 104: (0, 31, 11, 29, 83, 58, 21, 10, 92, 8, 34, 11, 16, 126, 25, 68, 216, 36, 25, 33, 13, 10, 165, 23, 34, 84, 35, 31, 66, 50, 102, 13, 15, 120, 43, 33, 77, 35, 55, 65, 14, 129, 81, 108, 16, 47, 62, 40, 62, 11, 9, 58, 172, 20, 325, 19, 69, 12, 4, 20, 11, 0)
s = 105: (0, 20, 13, 18, 101, 49, 23, 9, 79, 10, 28, 12, 22, 116, 51, 64, 130, 79, 24, 17, 10, 16, 310, 24, 45, 97, 27, 25, 78, 112, 98, 15, 14, 124, 36, 39, 93, 53, 45, 131, 12, 91, 130, 78, 15, 40, 82, 39, 78, 18, 16, 49, 138, 33, 189, 17, 49, 9, 6, 23, 13, 0)
s = 106: (0, 33, 10, 23, 82, 43, 12, 14, 68, 13, 22, 19, 22, 84, 24, 61, 183, 35, 36, 20, 8, 11, 168, 48, 61, 100, 26, 65, 41, 48, 71, 13, 28, 204, 44, 50, 118, 44, 42, 99, 16, 124, 101, 110, 14, 53, 89, 51, 70, 14, 10, 49, 79, 14, 226, 36, 71, 7, 4, 21, 15, 0)
s = 107: (0, 48, 12, 17, 168, 98, 16, 11, 117, 6, 37, 8, 41, 100, 33, 67, 193, 51, 18, 16, 7, 11, 148, 24, 47, 99, 28, 30, 72, 64, 78, 14, 19, 153, 41, 60, 91, 31, 54, 90, 15, 117, 97, 130, 20, 53, 62, 54, 82, 11, 13, 72, 160, 24, 125, 31, 33, 6, 3, 14, 13, 0)
s = 108: (0, 38, 14, 17, 122, 67, 13, 12, 79, 10, 24, 9, 35, 109, 34, 77, 257, 69, 21, 18, 7, 15, 173, 24, 27, 86, 32, 41, 67, 66, 75, 13, 18, 185, 62, 49, 162, 43, 82, 70, 23, 87, 108, 96, 11, 57, 107, 42, 135, 19, 11, 37, 228, 26, 234, 22, 46, 8, 4, 20, 9, 0)
s = 109: (0, 47, 10, 28, 86, 59, 15, 11, 138, 14, 21, 17, 29, 106, 29, 64, 97, 75, 18, 18, 13, 10, 150, 63, 48, 45, 22, 27, 39, 61, 94, 18, 24, 104, 69, 38, 137, 47, 58, 49, 11, 154, 128, 115, 26, 56, 65, 46, 113, 22, 10, 49, 121, 44, 319, 40, 39, 10, 4, 15, 9, 0)
s = 110: (0, 38, 13, 28, 154, 81, 14, 18, 100, 8, 21, 12, 36, 126, 18, 93, 133, 49, 16, 18, 7, 11, 262, 36, 51, 56, 21, 34, 56, 64, 86, 23, 18, 126, 53, 38, 111, 33, 73, 129, 19, 60, 78, 126, 22, 68, 62, 65, 114, 14, 11, 65, 104, 19, 264, 24, 85, 11, 7, 20, 11, 0)
s = 111: (0, 32, 10, 27, 75, 74, 19, 14, 101, 6, 33, 11, 16, 96, 29, 47, 180, 31, 21, 25, 12, 9, 157, 29, 78, 86, 29, 36, 61, 73, 75, 18, 15, 93, 49, 32, 112, 59, 47, 93, 9, 106, 66, 102, 26, 44, 61, 63, 118, 14, 8, 39, 88, 19, 192, 26, 38, 12, 3, 34, 11, 0)
s = 112: (0, 39, 9, 20, 76, 39, 15, 12, 142, 10, 23, 12, 22, 127, 37, 54, 193, 54, 39, 13, 6, 12, 171, 41, 58, 57, 23, 53, 38, 53, 107, 19, 21, 104, 60, 39, 135, 53, 64, 92, 12, 121, 115, 110, 17, 81, 84, 29, 179, 24, 9, 50, 93, 25, 237, 29, 42, 7, 5, 24, 12, 0)
s = 113: (0, 52, 13, 32, 73, 33, 16, 9, 87, 7, 29, 12, 19, 150, 37, 61, 172, 81, 20, 17, 10, 9, 226, 36, 37, 71, 31, 25, 47, 68, 100, 23, 24, 128, 56, 24, 115, 62, 58, 64, 15, 144, 83, 78, 12, 37, 77, 55, 84, 21, 6, 33, 197, 33, 234, 20, 72, 5, 5, 44, 15, 0)
s = 114: (0, 20, 9, 38, 159, 82, 17, 7, 93, 14, 28, 9, 34, 85, 23, 77, 225, 70, 41, 20, 11, 11, 162, 36, 42, 114, 27, 38, 103, 99, 137, 18, 12, 166, 40, 43, 104, 43, 43, 48, 14, 107, 127, 124, 14, 41, 100, 57, 137, 12, 11, 27, 120, 19, 196, 33, 34, 6, 5, 28, 16, 0)
s = 115: (0, 21, 14, 15, 71, 78, 19, 13, 137, 13, 30, 10, 16, 106, 20, 54, 215, 42, 36, 13, 9, 12, 243, 38, 42, 54, 25, 41, 50, 85, 137, 19, 13, 127, 71, 28, 105, 53, 80, 88, 12, 124, 116, 131, 9, 77, 101, 33, 112, 16, 17, 33, 76, 21, 224, 30, 43, 12, 4, 19, 21, 0)
s = 116: (0, 29, 11, 19, 156, 49, 18, 8, 87, 7, 31, 13, 18, 75, 25, 63, 178, 38, 17, 19, 12, 13, 248, 50, 69, 82, 38, 34, 67, 44, 122, 12, 20, 165, 58, 35, 126, 41, 67, 130, 13, 95, 116, 141, 11, 40, 82, 70, 63, 28, 7, 35, 154, 27, 152, 22, 60, 5, 5, 40, 7, 0)
s = 117: (0, 50, 10, 21, 83, 78, 24, 13, 161, 8, 20, 9, 17, 81, 31, 40, 210, 56, 28, 18, 11, 14, 174, 37, 44, 67, 23, 21, 39, 53, 86, 19, 19, 106, 53, 47, 92, 41, 51, 67, 13, 82, 76, 103, 17, 46, 67, 42, 79, 11, 6, 32, 153, 25, 186, 22, 47, 9, 3, 13, 18, 0)
s = 118: (0, 51, 8, 20, 75, 55, 18, 9, 94, 8, 27, 9, 16, 87, 42, 53, 117, 32, 25, 14, 12, 11, 219, 51, 58, 58, 19, 37, 60, 89, 87, 18, 29, 98, 33, 29, 108, 35, 88, 100, 13, 74, 69, 184, 13, 69, 79, 44, 130, 15, 11, 48, 194, 25, 176, 17, 46, 7, 4, 33, 10, 0)
s = 119: (0, 36, 10, 26, 112, 62, 10, 10, 136, 8, 22, 11, 19, 95, 39, 55, 169, 56, 19, 27, 7, 10, 160, 31, 60, 57, 26, 40, 44, 64, 127, 14, 15, 133, 53, 38, 82, 50, 60, 122, 14, 149, 92, 93, 21, 40, 51, 42, 94, 12, 14, 39, 84, 30, 143, 23, 43, 7, 6, 21, 16, 0)
s = 120: (0, 37, 12, 16, 100, 39, 30, 15, 114, 9, 28, 13, 29, 104, 25, 83, 131, 42, 14, 23, 10, 13, 212, 43, 44, 59, 30, 32, 42, 85, 101, 21, 21, 174, 74, 28, 60, 36, 47, 54, 17, 87, 83, 85, 26, 45, 71, 57, 139, 20, 17, 50, 157, 39, 277, 29, 51, 7, 5, 24, 13, 0)
s = 121: (0, 29, 10, 15, 146, 66, 13, 15, 121, 6, 26, 10, 30, 67, 25, 110, 194, 43, 23, 25, 11, 12, 176, 34, 33, 114, 32, 24, 80, 71, 80, 21, 14, 144, 29, 30, 112, 66, 58, 71, 9, 100, 92, 202, 10, 46, 91, 34, 85, 29, 8, 40, 156, 25, 260, 28, 43, 6, 4, 23, 15, 0)
s = 122: (0, 31, 15, 23, 131, 73, 11, 10, 246, 8, 50, 18, 23, 97, 34, 57, 145, 34, 27, 15, 10, 15, 123, 37, 48, 56, 14, 26, 71, 62, 104, 23, 15, 122, 47, 25, 68, 48, 46, 86, 10, 170, 88, 167, 14, 36, 94, 56, 93, 16, 16, 48, 132, 34, 145, 13, 32, 8, 4, 31, 19, 0)
s = 123: (0, 43, 12, 31, 173, 43, 16, 22, 147, 13, 20, 9, 18, 83, 18, 54, 141, 48, 17, 28, 8, 11, 335, 29, 70, 67, 23, 47, 33, 46, 98, 22, 19, 156, 42, 48, 161, 42, 59, 77, 25, 96, 118, 121, 23, 32, 106, 46, 113, 19, 12, 25, 150, 42, 129, 35, 38, 11, 3, 15, 15, 0)
s = 124: (0, 41, 8, 24, 128, 43, 14, 9, 155, 7, 34, 10, 24, 101, 22, 68, 160, 59, 27, 17, 10, 20, 145, 32, 63, 58, 29, 52, 79, 100, 85, 19, 20, 162, 34, 39, 100, 41, 57, 96, 14, 103, 134, 134, 12, 67, 142, 70, 83, 12, 15, 38, 138, 22, 118, 35, 50, 14, 4, 23, 8, 0)
s = 125: (0, 40, 12, 36, 89, 52, 14, 15, 111, 9, 33, 11, 20, 86, 36, 39, 174, 37, 23, 13, 8, 11, 153, 28, 35, 145, 20, 33, 78, 94, 90, 17, 13, 178, 78, 32, 93, 61, 57, 71, 24, 112, 58, 77, 11, 42, 59, 57, 87, 18, 10, 23, 96, 21, 200, 31, 79, 7, 4, 24, 12, 0)
s = 126: (0, 46, 15, 31, 138, 43, 12, 10, 95, 10, 32, 10, 21, 108, 24, 53, 175, 54, 14, 15, 12, 8, 167, 45, 49, 91, 22, 33, 64, 71, 113, 20, 21, 141, 39, 50, 94, 49, 86, 97, 12, 126, 67, 73, 19, 36, 65, 40, 118, 13, 7, 41, 96, 36, 185, 31, 45, 8, 4, 37, 9, 0)
s = 127: (0, 58, 12, 27, 76, 72, 24, 17, 73, 6, 21, 9, 20, 91, 39, 67, 148, 38, 32, 25, 6, 13, 114, 44, 69, 67, 24, 28, 43, 74, 116, 14, 19, 103, 68, 51, 70, 39, 60, 54, 17, 148, 80, 83, 13, 35, 64, 64, 86, 11, 8, 46, 161, 28, 251, 41, 36, 8, 3, 18, 12, 0)
s = 128: (0, 31, 9, 20, 97, 58, 19, 16, 107, 8, 28, 10, 27, 104, 35, 82, 185, 54, 17, 20, 7, 12, 148, 25, 63, 65, 26, 32, 51, 41, 80, 19, 17, 127, 55, 51, 108, 45, 68, 83, 17, 66, 77, 75, 20, 74, 64, 68, 125, 15, 15, 56, 101, 27, 268, 23, 28, 9, 7, 37, 12, 0)
s = 129: (0, 50, 14, 26, 121, 69, 19, 13, 123, 10, 40, 13, 25, 116, 32, 62, 160, 30, 15, 14, 8, 8, 304, 37, 36, 69, 17, 40, 39, 74, 138, 22, 13, 132, 66, 26, 81, 27, 64, 66, 13, 78, 131, 122, 16, 30, 74, 53, 140, 19, 8, 34, 109, 20, 181, 19, 33, 12, 4, 15, 10, 0)
s = 130: (0, 19, 10, 23, 102, 86, 17, 12, 216, 7, 49, 10, 23, 104, 21, 64, 100, 46, 16, 31, 11, 13, 311, 49, 64, 96, 18, 24, 64, 89, 93, 20, 17, 135, 36, 32, 93, 41, 71, 78, 13, 99, 69, 114, 10, 29, 97, 54, 139, 10, 7, 52, 120, 19, 188, 27, 59, 12, 4, 20, 8, 0)
s = 131: (0, 22, 8, 36, 79, 55, 22, 9, 106, 10, 28, 8, 15, 162, 26, 60, 235, 55, 21, 16, 8, 11, 118, 35, 34, 74, 38, 32, 55, 51, 71, 28, 12, 122, 35, 32, 73, 45, 49, 102, 12, 161, 77, 118, 16, 52, 48, 52, 54, 16, 10, 33, 109, 23, 202, 24, 37, 6, 3, 30, 8, 0)
s = 132: (0, 57, 15, 17, 121, 40, 13, 10, 123, 9, 41, 9, 31, 110, 24, 57, 207, 72, 21, 19, 12, 8, 216, 31, 42, 64, 29, 22, 58, 70, 126, 22, 20, 136, 75, 24, 105, 59, 36, 105, 19, 83, 64, 126, 20, 32, 97, 50, 81, 21, 12, 50, 211, 20, 156, 30, 59, 10, 7, 17, 11, 0)
s = 133: (0, 48, 9, 28, 177, 39, 23, 12, 100, 8, 22, 11, 24, 64, 22, 68, 186, 74, 26, 20, 9, 14, 203, 32, 43, 95, 20, 38, 80, 60, 72, 17, 19, 106, 51, 37, 147, 34, 59, 77, 17, 139, 124, 110, 12, 36, 67, 63, 83, 20, 15, 42, 106, 29, 238, 19, 52, 7, 5, 24, 8, 0)
s = 134: (0, 38, 8, 26, 105, 60, 19, 12, 176, 6, 33, 11, 20, 137, 20, 80, 143, 34, 37, 27, 14, 13, 135, 46, 54, 63, 33, 29, 79, 56, 106, 12, 18, 133, 65, 63, 105, 70, 64, 150, 16, 104, 104, 95, 17, 43, 84, 71, 87, 14, 13, 28, 165, 17, 146, 25, 50, 11, 6, 16, 14, 0)
s = 135: (0, 38, 13, 31, 148, 41, 20, 14, 121, 6, 18, 17, 20, 81, 19, 85, 155, 43, 15, 27, 11, 13, 163, 31, 55, 90, 25, 48, 73, 71, 69, 14, 12, 110, 53, 40, 124, 45, 45, 134, 11, 127, 116, 130, 10, 33, 51, 44, 106, 9, 8, 37, 205, 24, 207, 18, 50, 7, 4, 36, 11, 0)
s = 136: (0, 42, 9, 37, 115, 57, 22, 15, 82, 12, 24, 14, 26, 95, 27, 72, 167, 49, 22, 14, 7, 10, 184, 69, 42, 81, 23, 40, 58, 85, 104, 20, 20, 265, 35, 37, 109, 62, 56, 86, 15, 81, 77, 131, 12, 73, 121, 73, 96, 16, 9, 23, 155, 24, 230, 24, 38, 6, 4, 13, 17, 0)
s = 137: (0, 39, 12, 33, 135, 43, 12, 20, 120, 10, 27, 9, 24, 78, 25, 111, 182, 42, 22, 33, 12, 9, 112, 23, 28, 60, 36, 34, 85, 62, 95, 21, 21, 182, 40, 24, 132, 46, 78, 60, 13, 94, 84, 70, 23, 47, 97, 42, 107, 13, 14, 41, 187, 18, 247, 24, 77, 6, 6, 25, 15, 0)
s = 138: (0, 51, 12, 39, 82, 62, 14, 15, 106, 6, 39, 9, 38, 83, 23, 73, 145, 71, 16, 12, 9, 9, 127, 40, 57, 106, 16, 35, 45, 86, 108, 19, 15, 159, 42, 53, 87, 50, 53, 104, 17, 92, 93, 107, 12, 69, 125, 41, 106, 16, 6, 41, 234, 28, 191, 17, 62, 11, 4, 29, 16, 0)
s = 139: (0, 35, 13, 27, 120, 80, 19, 11, 141, 8, 27, 9, 24, 100, 15, 97, 127, 44, 27, 34, 15, 15, 189, 70, 58, 59, 18, 50, 39, 41, 73, 13, 13, 165, 34, 62, 127, 51, 54, 93, 18, 83, 66, 148, 12, 44, 66, 85, 131, 19, 7, 56, 114, 16, 178, 18, 68, 8, 4, 19, 11, 0)
s = 140: (0, 33, 13, 24, 77, 77, 11, 14, 116, 11, 19, 8, 35, 66, 36, 101, 311, 54, 31, 17, 9, 12, 120, 29, 61, 73, 28, 43, 44, 78, 81, 13, 13, 119, 72, 44, 118, 51, 77, 71, 27, 149, 94, 91, 15, 28, 136, 34, 123, 11, 11, 35, 200, 18, 192, 13, 33, 9, 6, 22, 16, 0)
s = 141: (0, 37, 12, 14, 170, 75, 19, 15, 130, 11, 30, 8, 19, 124, 16, 62, 122, 78, 20, 22, 10, 12, 223, 37, 38, 116, 21, 34, 65, 58, 67, 14, 11, 159, 74, 43, 135, 48, 82, 75, 18, 109, 59, 66, 25, 57, 64, 44, 74, 12, 11, 54, 154, 36, 234, 23, 58, 12, 5, 22, 17, 0)
s = 142: (0, 33, 9, 27, 137, 62, 16, 8, 99, 11, 43, 10, 21, 86, 41, 77, 92, 36, 33, 21, 12, 11, 145, 34, 42, 84, 33, 46, 39, 63, 82, 21, 11, 277, 63, 53, 82, 41, 44, 105, 10, 75, 87, 122, 12, 29, 89, 36, 92, 19, 12, 33, 91, 36, 196, 25, 55, 5, 5, 17, 12, 0)
s = 143: (0, 47, 16, 16, 72, 57, 21, 16, 119, 7, 39, 10, 16, 111, 18, 106, 135, 62, 28, 22, 7, 9, 300, 23, 70, 65, 19, 38, 55, 50, 66, 14, 20, 114, 42, 33, 93, 37, 47, 86, 25, 78, 85, 127, 19, 33, 95, 46, 84, 15, 11, 34, 147, 17, 259, 36, 45, 9, 3, 20, 16, 0)
s = 144: (0, 44, 6, 19, 169, 68, 29, 14, 97, 9, 26, 8, 17, 104, 19, 54, 271, 34, 16, 32, 12, 11, 162, 29, 54, 63, 19, 32, 84, 54, 106, 15, 15, 212, 37, 36, 93, 60, 66, 142, 15, 131, 123, 132, 16, 69, 88, 63, 110, 24, 8, 34, 182, 21, 151, 23, 54, 6, 3, 15, 10, 0)
s = 145: (0, 34, 16, 24, 96, 76, 27, 8, 90, 8, 24, 12, 19, 185, 27, 78, 150, 70, 26, 18, 9, 11, 280, 29, 60, 101, 33, 33, 38, 93, 58, 23, 25, 262, 45, 65, 109, 58, 56, 123, 20, 150, 116, 74, 12, 46, 76, 73, 110, 18, 9, 38, 148, 20, 258, 27, 71, 8, 5, 41, 14, 0)
s = 146: (0, 56, 11, 16, 157, 29, 10, 15, 127, 8, 23, 10, 25, 120, 46, 54, 158, 44, 17, 20, 6, 12, 189, 37, 38, 85, 19, 34, 51, 79, 108, 12, 17, 186, 65, 28, 67, 63, 53, 78, 13, 70, 96, 87, 11, 50, 140, 52, 119, 16, 9, 31, 99, 24, 176, 28, 33, 9, 6, 29, 13, 0)
s = 147: (0, 24, 12, 29, 114, 45, 16, 15, 144, 10, 19, 16, 15, 111, 30, 63, 151, 38, 14, 18, 5, 20, 132, 47, 38, 97, 33, 26, 51, 57, 75, 20, 12, 226, 44, 51, 135, 41, 84, 93, 11, 113, 85, 135, 11, 61, 83, 37, 122, 19, 11, 36, 85, 47, 289, 32, 55, 7, 6, 32, 9, 0)
s = 148: (0, 32, 8, 33, 98, 34, 29, 12, 168, 5, 43, 9, 27, 112, 28, 76, 109, 44, 37, 19, 7, 15, 195, 27, 41, 82, 20, 41, 65, 46, 61, 19, 13, 129, 27, 52, 69, 31, 45, 120, 18, 108, 88, 110, 14, 55, 149, 57, 142, 21, 19, 40, 110, 16, 145, 25, 72, 7, 5, 31, 13, 0)
s = 149: (0, 22, 11, 27, 117, 74, 15, 13, 82, 8, 32, 8, 17, 119, 37, 47, 280, 50, 36, 36, 15, 11, 109, 40, 46, 100, 30, 23, 40, 84, 141, 15, 13, 111, 86, 51, 62, 31, 67, 96, 11, 134, 104, 61, 14, 35, 114, 62, 78, 12, 8, 24, 123, 19, 124, 17, 44, 9, 3, 17, 16, 0)
s = 150: (0, 39, 12, 25, 204, 64, 14, 7, 133, 13, 24, 11, 19, 133, 31, 86, 238, 47, 21, 30, 9, 16, 153, 44, 62, 77, 31, 35, 88, 99, 85, 27, 13, 143, 56, 36, 122, 40, 61, 132, 18, 85, 123, 92, 19, 64, 116, 53, 89, 15, 9, 22, 206, 34, 238, 26, 50, 7, 5, 15, 9, 0)
s = 151: (0, 32, 8, 36, 166, 62, 22, 12, 88, 9, 20, 12, 15, 135, 16, 79, 143, 54, 32, 26, 13, 13, 171, 47, 66, 100, 30, 30, 90, 70, 87, 16, 15, 193, 36, 57, 97, 27, 67, 58, 16, 69, 127, 124, 15, 31, 89, 55, 96, 10, 12, 34, 178, 26, 149, 25, 60, 13, 6, 17, 11, 0)
s = 152: (0, 47, 8, 18, 111, 50, 21, 8, 77, 7, 25, 16, 16, 95, 21, 77, 252, 31, 18, 19, 9, 10, 157, 35, 39, 80, 25, 37, 74, 73, 73, 13, 23, 195, 65, 26, 135, 52, 51, 64, 9, 146, 144, 100, 17, 43, 122, 59, 71, 26, 8, 34, 127, 31, 142, 21, 64, 6, 4, 25, 9, 0)
s = 153: (0, 49, 7, 23, 100, 39, 22, 11, 99, 11, 20, 7, 28, 56, 24, 53, 165, 38, 25, 20, 11, 8, 195, 25, 60, 107, 28, 42, 58, 56, 61, 18, 17, 191, 76, 46, 84, 26, 64, 110, 28, 131, 83, 78, 14, 37, 76, 39, 63, 14, 11, 41, 207, 25, 355, 20, 30, 13, 5, 25, 9, 0)
s = 154: (0, 50, 14, 18, 109, 55, 13, 10, 81, 7, 20, 7, 28, 113, 21, 54, 132, 69, 25, 28, 12, 17, 191, 31, 48, 66, 28, 41, 39, 55, 64, 14, 15, 112, 65, 38, 114, 26, 57, 103, 10, 150, 51, 103, 18, 70, 110, 60, 152, 16, 12, 41, 108, 24, 292, 25, 94, 7, 5, 18, 12, 0)
s = 155: (0, 38, 10, 20, 207, 39, 24, 9, 123, 6, 21, 15, 34, 69, 23, 78, 150, 51, 30, 14, 9, 17, 184, 44, 43, 112, 16, 35, 38, 82, 113, 15, 19, 121, 49, 45, 61, 31, 82, 129, 20, 65, 92, 93, 22, 68, 81, 85, 110, 13, 12, 32, 114, 26, 215, 20, 32, 5, 8, 26, 14, 0)
s = 156: (0, 34, 7, 23, 103, 49, 22, 12, 126, 9, 28, 12, 19, 64, 40, 58, 195, 41, 19, 14, 8, 10, 250, 60, 39, 116, 34, 37, 41, 45, 89, 26, 18, 148, 57, 64, 85, 34, 42, 90, 11, 92, 83, 164, 24, 49, 75, 38, 96, 15, 8, 29, 142, 18, 134, 20, 65, 8, 5, 18, 11, 0)
s = 157: (0, 37, 9, 28, 132, 91, 16, 14, 141, 11, 24, 13, 29, 78, 24, 62, 181, 44, 24, 17, 12, 17, 229, 23, 59, 64, 15, 35, 76, 58, 97, 21, 19, 178, 39, 26, 137, 47, 50, 102, 19, 121, 110, 103, 15, 50, 78, 49, 90, 18, 16, 35, 130, 21, 206, 33, 36, 8, 4, 16, 11, 0)
s = 158: (0, 21, 14, 13, 107, 33, 19, 10, 124, 9, 30, 15, 14, 121, 20, 42, 111, 58, 20, 13, 12, 9, 115, 33, 44, 81, 23, 39, 52, 83, 112, 14, 18, 119, 48, 35, 112, 46, 54, 47, 16, 105, 126, 89, 15, 35, 53, 37, 79, 21, 12, 43, 148, 38, 178, 19, 56, 8, 4, 23, 17, 0)
s = 159: (0, 47, 10, 21, 148, 64, 16, 12, 95, 8, 39, 15, 28, 89, 42, 75, 154, 34, 23, 18, 6, 11, 116, 30, 64, 149, 19, 39, 51, 70, 111, 21, 18, 106, 35, 69, 76, 33, 71, 59, 12, 113, 50, 170, 11, 43, 106, 67, 142, 17, 8, 61, 81, 26, 268, 26, 35, 10, 5, 26, 17, 0)
s = 160: (0, 23, 9, 26, 102, 68, 23, 8, 74, 9, 27, 7, 18, 109, 37, 61, 129, 62, 33, 26, 9, 12, 157, 25, 86, 75, 24, 30, 49, 53, 105, 25, 13, 169, 39, 67, 94, 30, 35, 79, 12, 173, 74, 98, 23, 55, 153, 75, 84, 20, 11, 56, 115, 27, 144, 32, 40, 7, 4, 21, 11, 0)
s = 161: (0, 28, 11, 24, 143, 60, 25, 10, 108, 12, 31, 13, 27, 104, 21, 67, 207, 42, 23, 17, 8, 12, 266, 37, 81, 90, 13, 30, 50, 65, 100, 18, 17, 105, 64, 60, 84, 58, 39, 85, 13, 120, 84, 77, 15, 57, 96, 54, 143, 20, 15, 55, 101, 24, 144, 17, 44, 11, 6, 21, 14, 0)
s = 162: (0, 39, 14, 23, 177, 35, 27, 22, 113, 5, 26, 10, 16, 70, 25, 63, 246, 41, 31, 20, 9, 17, 232, 45, 45, 78, 22, 20, 52, 59, 130, 30, 29, 188, 57, 31, 67, 39, 69, 71, 24, 105, 50, 109, 14, 59, 143, 53, 85, 14, 13, 25, 140, 23, 139, 22, 37, 7, 5, 34, 20, 0)
s = 163: (0, 32, 13, 21, 167, 44, 14, 19, 128, 13, 33, 15, 19, 149, 25, 49, 151, 50, 28, 21, 7, 9, 303, 24, 51, 95, 39, 57, 37, 107, 86, 15, 20, 107, 53, 35, 70, 66, 75, 62, 12, 112, 73, 79, 10, 71, 99, 46, 79, 22, 13, 27, 128, 14, 183, 19, 30, 10, 3, 36, 13, 0)
s = 164: (0, 54, 11, 24, 151, 50, 18, 14, 73, 7, 33, 10, 29, 86, 36, 84, 125, 40, 23, 18, 8, 12, 203, 43, 65, 91, 31, 55, 64, 44, 63, 33, 26, 140, 51, 43, 68, 57, 51, 58, 16, 85, 66, 98, 15, 40, 79, 74, 108, 18, 8, 55, 179, 21, 260, 18, 66, 7, 5, 26, 14, 0)
s = 165: (0, 52, 9, 35, 100, 104, 21, 8, 112, 13, 25, 9, 36, 106, 36, 62, 168, 39, 15, 12, 18, 20, 122, 55, 94, 89, 24, 30, 37, 94, 117, 26, 18, 112, 67, 33, 71, 58, 44, 88, 17, 77, 90, 71, 11, 48, 99, 57, 144, 21, 13, 36, 236, 23, 155, 28, 47, 5, 6, 21, 9, 0)
s = 166: (0, 35, 14, 36, 107, 57, 14, 19, 82, 7, 23, 10, 18, 95, 15, 59, 166, 51, 17, 13, 11, 18, 208, 41, 67, 99, 17, 51, 44, 51, 147, 23, 21, 132, 48, 55, 113, 34, 54, 89, 19, 73, 71, 144, 10, 61, 82, 72, 65, 15, 9, 52, 156, 15, 139, 31, 36, 7, 5, 23, 11, 0)
s = 167: (0, 31, 10, 41, 85, 34, 17, 12, 137, 5, 24, 16, 19, 77, 29, 73, 167, 31, 25, 20, 10, 10, 148, 32, 70, 81, 18, 34, 54, 104, 115, 15, 12, 158, 46, 53, 78, 57, 45, 83, 18, 167, 75, 102, 23, 44, 67, 33, 93, 12, 6, 28, 72, 22, 193, 17, 36, 6, 5, 33, 18, 0)
s = 168: (0, 34, 13, 15, 138, 78, 22, 12, 141, 8, 37, 10, 28, 70, 39, 87, 130, 40, 29, 16, 10, 16, 234, 55, 68, 55, 27, 24, 61, 79, 101, 14, 20, 169, 69, 36, 106, 53, 89, 135, 15, 84, 68, 97, 17, 71, 95, 72, 100, 13, 9, 31, 161, 25, 241, 31, 38, 10, 5, 37, 9, 0)
s = 169: (0, 43, 9, 29, 98, 75, 21, 10, 110, 8, 33, 11, 30, 133, 29, 88, 202, 41, 24, 15, 10, 11, 237, 38, 56, 89, 27, 37, 43, 96, 87, 23, 28, 141, 32, 38, 97, 55, 37, 72, 13, 131, 64, 84, 18, 37, 105, 51, 75, 11, 10, 39, 113, 33, 149, 30, 33, 8, 4, 39, 16, 0)
s = 170: (0, 22, 10, 29, 125, 64, 18, 16, 112, 7, 26, 14, 26, 110, 26, 70, 198, 43, 18, 30, 12, 12, 179, 31, 51, 103, 34, 27, 72, 90, 72, 17, 19, 133, 61, 33, 99, 35, 50, 66, 9, 90, 83, 192, 21, 39, 89, 59, 82, 19, 13, 45, 127, 23, 161, 14, 54, 7, 5, 16, 10, 0)
s = 171: (0, 48, 10, 25, 159, 55, 18, 9, 125, 11, 40, 14, 23, 111, 24, 66, 195, 37, 25, 15, 13, 11, 241, 47, 42, 76, 23, 26, 75, 97, 82, 27, 13, 124, 80, 36, 74, 33, 61, 62, 13, 142, 69, 88, 23, 48, 107, 46, 117, 12, 9, 34, 209, 22, 228, 26, 72, 8, 4, 20, 9, 0)
s = 172: (0, 36, 9, 19, 191, 62, 14, 16, 70, 12, 23, 12, 15, 130, 17, 93, 87, 64, 23, 21, 10, 15, 270, 54, 80, 74, 37, 46, 61, 65, 150, 23, 17, 186, 74, 43, 113, 39, 57, 60, 15, 83, 61, 75, 21, 62, 65, 78, 80, 17, 11, 36, 86, 21, 176, 18, 50, 7, 4, 36, 19, 0)
s = 173: (0, 28, 9, 15, 69, 57, 18, 10, 84, 14, 42, 13, 29, 64, 23, 47, 166, 56, 22, 19, 6, 7, 184, 36, 79, 60, 15, 23, 49, 89, 130, 19, 18, 125, 64, 35, 156, 49, 84, 67, 15, 84, 100, 117, 15, 49, 98, 61, 78, 16, 13, 54, 119, 21, 158, 24, 44, 9, 5, 22, 11, 0)
s = 174: (0, 32, 9, 16, 152, 66, 20, 10, 159, 6, 40, 15, 24, 122, 23, 69, 182, 64, 16, 24, 7, 13, 114, 43, 83, 59, 19, 40, 48, 67, 92, 22, 18, 162, 45, 33, 101, 33, 111, 53, 11, 66, 65, 137, 12, 46, 122, 59, 173, 17, 10, 23, 81, 28, 148, 28, 71, 7, 5, 25, 13, 0)
s = 175: (0, 32, 13, 21, 140, 44, 13, 13, 86, 5, 36, 10, 25, 61, 22, 93, 135, 42, 25, 23, 6, 10, 274, 29, 37, 73, 27, 32, 55, 55, 83, 16, 24, 144, 46, 23, 65, 35, 74, 93, 17, 151, 75, 97, 20, 63, 99, 61, 63, 9, 9, 23, 82, 17, 223, 27, 61, 7, 4, 38, 16, 0)
s = 176: (0, 49, 10, 28, 144, 30, 15, 11, 66, 11, 20, 8, 18, 109, 33, 48, 179, 61, 29, 12, 6, 8, 325, 28, 66, 86, 19, 20, 61, 119, 70, 12, 29, 195, 27, 27, 72, 29, 65, 59, 14, 68, 96, 99, 15, 36, 75, 55, 122, 26, 9, 46, 104, 23, 212, 28, 56, 10, 3, 35, 16, 0)
s = 177: (0, 35, 11, 27, 95, 85, 13, 11, 93, 6, 35, 11, 22, 73, 23, 52, 157, 60, 28, 25, 11, 8, 284, 34, 36, 114, 30, 41, 65, 97, 96, 13, 14, 123, 54, 42, 84, 45, 82, 106, 16, 126, 109, 125, 13, 35, 86, 56, 168, 17, 10, 44, 123, 20, 156, 29, 52, 6, 4, 35, 10, 0)
s = 178: (0, 26, 9, 25, 97, 33, 22, 22, 126, 7, 20, 11, 30, 97, 23, 63, 213, 48, 19, 14, 9, 8, 222, 30, 40, 63, 18, 39, 73, 46, 82, 17, 13, 109, 36, 35, 126, 31, 60, 110, 10, 180, 60, 118, 12, 51, 63, 32, 104, 12, 9, 23, 153, 25, 123, 32, 45, 5, 4, 28, 12, 0)
s = 179: (0, 45, 17, 29, 105, 38, 22, 9, 120, 8, 31, 10, 26, 117, 24, 59, 212, 49, 30, 24, 9, 18, 156, 34, 33, 110, 37, 40, 43, 59, 103, 18, 15, 103, 41, 33, 106, 34, 81, 58, 20, 79, 128, 143, 16, 59, 108, 47, 108, 16, 11, 29, 165, 19, 276, 32, 46, 9, 4, 18, 10, 0)
s = 180: (0, 27, 15, 32, 100, 69, 13, 8, 136, 6, 24, 9, 21, 95, 20, 90, 143, 30, 21, 12, 8, 14, 126, 32, 70, 57, 36, 42, 70, 47, 88, 18, 29, 99, 43, 60, 118, 46, 62, 65, 31, 133, 55, 60, 12, 31, 68, 37, 85, 15, 12, 26, 116, 21, 280, 21, 65, 9, 4, 19, 10, 0)
s = 181: (0, 42, 7, 18, 155, 56, 21, 12, 173, 10, 25, 10, 35, 141, 30, 39, 158, 38, 18, 24, 10, 10, 220, 34, 43, 55, 32, 22, 80, 58, 107, 20, 26, 97, 56, 38, 132, 45, 82, 104, 14, 120, 99, 106, 12, 61, 64, 79, 90, 13, 10, 37, 96, 31, 214, 28, 40, 8, 5, 41, 19, 0)
s = 182: (0, 32, 13, 24, 124, 81, 19, 9, 76, 6, 28, 8, 27, 61, 22, 56, 127, 37, 21, 35, 13, 9, 206, 40, 30, 84, 38, 40, 68, 70, 65, 21, 18, 179, 61, 33, 118, 48, 69, 67, 9, 146, 100, 62, 19, 47, 109, 36, 67, 13, 10, 27, 94, 31, 156, 19, 39, 9, 4, 20, 12, 0)
s = 183: (0, 46, 9, 17, 114, 45, 16, 12, 111, 6, 24, 10, 31, 78, 43, 67, 180, 36, 26, 25, 10, 11, 122, 48, 47, 90, 18, 33, 62, 51, 77, 24, 14, 147, 60, 48, 109, 36, 75, 80, 12, 144, 74, 132, 11, 48, 80, 39, 56, 24, 7, 47, 88, 18, 173, 23, 53, 7, 6, 17, 16, 0)
s = 184: (0, 37, 14, 16, 109, 54, 13, 18, 115, 9, 25, 10, 18, 135, 39, 48, 115, 34, 20, 21, 8, 16, 203, 32, 31, 57, 16, 43, 41, 66, 71, 26, 18, 135, 53, 32, 125, 39, 55, 103, 12, 73, 88, 61, 14, 40, 99, 46, 183, 14, 10, 32, 130, 31, 182, 39, 29, 10, 5, 21, 15, 0)
s = 185: (0, 41, 10, 13, 88, 72, 18, 12, 79, 6, 49, 9, 22, 87, 29, 51, 170, 52, 28, 24, 12, 18, 226, 40, 71, 58, 24, 43, 33, 76, 89, 14, 12, 200, 48, 36, 101, 32, 75, 52, 14, 90, 66, 86, 17, 46, 56, 51, 109, 14, 10, 38, 88, 22, 284, 22, 39, 8, 5, 31, 12, 0)
s = 186: (0, 33, 8, 25, 89, 34, 13, 9, 126, 10, 27, 11, 32, 114, 30, 45, 271, 78, 16, 18, 8, 10, 194, 25, 46, 76, 26, 33, 48, 72, 146, 13, 18, 161, 59, 64, 127, 60, 72, 77, 17, 98, 83, 120, 20, 81, 153, 68, 119, 17, 11, 54, 99, 29, 213, 18, 63, 11, 6, 15, 14, 0)
s = 187: (0, 43, 10, 33, 140, 70, 13, 9, 121, 6, 43, 8, 22, 149, 24, 56, 167, 45, 25, 16, 8, 21, 142, 40, 53, 62, 28, 29, 46, 63, 84, 17, 15, 135, 38, 26, 98, 56, 59, 112, 14, 112, 107, 79, 18, 69, 89, 50, 80, 24, 9, 54, 85, 20, 193, 21, 44, 10, 4, 18, 14, 0)
s = 188: (0, 28, 9, 21, 99, 33, 27, 11, 86, 6, 35, 17, 23, 85, 19, 59, 167, 90, 15, 27, 5, 12, 217, 28, 70, 125, 26, 29, 70, 66, 110, 18, 16, 126, 53, 31, 85, 33, 54, 97, 15, 113, 82, 104, 15, 64, 143, 47, 98, 13, 11, 36, 139, 17, 253, 27, 49, 9, 4, 36, 19, 0)
s = 189: (0, 34, 14, 27, 100, 84, 20, 13, 132, 13, 44, 11, 17, 69, 22, 33, 151, 73, 31, 20, 10, 11, 129, 54, 44, 73, 36, 34, 38, 85, 162, 12, 15, 100, 56, 47, 115, 69, 43, 74, 11, 132, 60, 110, 10, 30, 59, 53, 81, 10, 14, 48, 168, 41, 263, 39, 45, 9, 5, 13, 11, 0)
s = 190: (0, 45, 8, 33, 161, 71, 17, 8, 107, 6, 26, 18, 17, 92, 29, 61, 96, 76, 21, 21, 8, 13, 245, 43, 72, 81, 38, 33, 90, 91, 88, 11, 12, 187, 48, 23, 55, 40, 77, 54, 25, 99, 87, 67, 10, 49, 117, 85, 136, 23, 12, 44, 139, 18, 129, 15, 50, 6, 6, 14, 15, 0)
s = 191: (0, 31, 15, 29, 88, 75, 17, 20, 144, 7, 25, 11, 19, 97, 29, 68, 106, 60, 22, 24, 11, 16, 189, 47, 44, 94, 36, 25, 51, 103, 66, 15, 24, 165, 65, 34, 81, 35, 54, 140, 11, 60, 91, 79, 15, 34, 135, 53, 114, 22, 10, 28, 180, 29, 226, 13, 50, 9, 8, 28, 16, 0)
s = 192: (0, 38, 8, 18, 63, 65, 12, 13, 94, 11, 22, 8, 23, 59, 16, 57, 107, 66, 19, 15, 11, 11, 271, 46, 81, 62, 34, 35, 56, 61, 89, 27, 14, 120, 39, 56, 112, 36, 67, 87, 11, 65, 95, 76, 16, 64, 73, 66, 72, 24, 13, 21, 80, 33, 179, 44, 57, 7, 4, 20, 12, 0)
s = 193: (0, 67, 8, 13, 116, 40, 14, 18, 218, 6, 51, 12, 21, 117, 31, 60, 118, 28, 30, 17, 9, 18, 239, 40, 81, 83, 31, 26, 33, 123, 112, 14, 14, 128, 44, 35, 133, 39, 46, 54, 14, 103, 95, 64, 24, 50, 70, 66, 156, 10, 9, 60, 162, 21, 138, 26, 34, 13, 3, 40, 14, 0)
s = 194: (0, 37, 14, 31, 164, 37, 20, 12, 117, 7, 23, 11, 20, 111, 22, 40, 141, 55, 23, 22, 8, 13, 198, 40, 73, 122, 19, 34, 53, 58, 124, 15, 29, 117, 44, 36, 91, 33, 78, 62, 22, 75, 72, 158, 17, 31, 110, 54, 68, 22, 12, 53, 152, 18, 157, 20, 43, 5, 6, 18, 11, 0)
s = 195: (0, 39, 12, 31, 122, 52, 15, 12, 88, 12, 41, 14, 32, 137, 39, 80, 227, 29, 16, 14, 7, 10, 192, 23, 39, 59, 18, 37, 65, 121, 94, 21, 19, 126, 39, 57, 74, 59, 74, 72, 29, 169, 124, 154, 14, 47, 74, 80, 71, 16, 9, 54, 116, 19, 149, 28, 56, 6, 6, 28, 8, 0)
s = 196: (0, 37, 11, 23, 103, 79, 18, 12, 198, 10, 38, 13, 16, 123, 20, 80, 162, 40, 21, 25, 14, 16, 257, 25, 46, 89, 29, 34, 48, 61, 99, 25, 20, 130, 69, 25, 75, 46, 79, 63, 12, 101, 64, 130, 15, 37, 102, 72, 99, 19, 8, 22, 129, 24, 146, 25, 49, 8, 3, 25, 16, 0)
s = 197: (0, 28, 7, 23, 106, 51, 16, 10, 100, 12, 24, 12, 35, 83, 42, 51, 175, 49, 36, 25, 7, 7, 142, 46, 64, 73, 18, 28, 56, 53, 114, 17, 26, 134, 57, 31, 109, 41, 49, 51, 16, 83, 77, 96, 16, 51, 105, 41, 130, 13, 9, 40, 184, 23, 147, 15, 59, 8, 6, 20, 16, 0)
s = 198: (0, 35, 8, 21, 78, 63, 24, 14, 124, 5, 25, 8, 15, 61, 39, 44, 219, 27, 29, 17, 15, 15, 199, 60, 44, 145, 16, 58, 42, 95, 75, 14, 18, 156, 83, 43, 155, 52, 55, 79, 15, 92, 92, 98, 17, 50, 104, 69, 76, 15, 13, 27, 74, 21, 206, 34, 64, 8, 6, 24, 14, 0)
s = 199: (0, 33, 8, 24, 81, 48, 16, 19, 126, 9, 37, 15, 16, 91, 25, 52, 251, 29, 21, 17, 14, 9, 128, 38, 40, 98, 28, 30, 50, 76, 102, 18, 10, 204, 66, 29, 157, 65, 44, 70, 10, 97, 76, 147, 20, 48, 53, 61, 121, 17, 11, 42, 143, 31, 128, 22, 48, 12, 3, 23, 13, 0)
s = 200: (0, 44, 8, 26, 136, 32, 16, 9, 77, 9, 24, 8, 34, 118, 33, 71, 257, 46, 26, 36, 8, 7, 113, 39, 65, 87, 19, 44, 75, 44, 158, 12, 16, 199, 60, 40, 62, 57, 57, 67, 13, 119, 107, 77, 13, 59, 58, 43, 129, 12, 9, 23, 208, 35, 108, 24, 32, 10, 5, 33, 15, 0)
************************************************************************
ES/LS-VALUES:
jobnr.   ES(i)    LS(i)
------------------------------------------------------------------------
  0        0        0
  1        0       223
  2        0       198
  3        0       206
  4       13       237
  5       13       239
  6       12       221
  7        9       208
  8       12       233
  9       12       219
 10        9       223
 11       13       236
 12       13       223
 13       19       241
 14       20       262
 15       19       234
 16        9       233
 17       10       210
 18       29       264
 19       15       245
 20       23       224
 21       13       229
 22       25       238
 23       39       257
 24       25       227
 25       39       292
 26       23       248
 27       34       239
 28       26       242
 29       24       240
 30       33       268
 31       28       296
 32       32       267
 33       36       253
 34       28       254
 35       37       243
 36       34       237
 37       50       256
 38       31       248
 39       29       251
 40       47       283
 41       46       253
 42       37       257
 43       50       254
 44       59       264
 45       34       252
 46       60       266
 47       48       269
 48       60       285
 49       56       264
 50       58       287
 51       23       272
 52       55       262
 53       63       272
 54       71       278
 55       58       280
 56       60       290
 57       69       300
 58       71       302
 59       83       291
 60       74       300
 61       97       306
************************************************************************
BIG-M-VALUES:
M1 = 36, M2 = 355
************************************************************************
