************************************************************************
file with basedata            : j902_.bas
initial value random generator: 752326725
************************************************************************
projects                      :  1
jobs (incl. supersource/sink ):  92
horizon                       :  486
RESOURCES
  - renewable                 :  4   R
  - nonrenewable              :  0   N
  - doubly constrained        :  0   D
************************************************************************
PROJECT INFORMATION:
pronr.  #jobs rel.date duedate tardcost  MPM-Time
    1     90      0       75       39       75
************************************************************************
PRECEDENCE RELATIONS:
jobnr.    #modes  #successors   successors
   0        1          3           1   2   3
   1        1          3           7  59  63
   2        1          3           4  19  22
   3        1          3          12  14  38
   4        1          3           5   6  25
   5        1          3           9  10  33
   6        1          1          11
   7        1          3           8  18  28
   8        1          3          15  52  77
   9        1          3          16  24  35
  10        1          3          17  20  23
  11        1          3          13  48  69
  12        1          1          29
  13        1          1          88
  14        1          1          39
  15        1          1          36
  16        1          1          31
  17        1          3          21  57  62
  18        1          3          26  44  46
  19        1          3          32  33  75
  20        1          2          46  51
  21        1          2          54  65
  22        1          1          84
  23        1          2          30  60
  24        1          1          50
  25        1          2          27  31
  26        1          2          42  58
  27        1          2          34  49
  28        1          2          73  74
  29        1          1          40
  30        1          1          36
  31        1          1          47
  32        1          1          71
  33        1          1          73
  34        1          1          42
  35        1          3          37  41  53
  36        1          1          62
  37        1          1          72
  38        1          3          43  45  67
  39        1          1          57
  40        1          1          46
  41        1          1          66
  42        1          1          69
  43        1          1          72
  44        1          2          61  71
  45        1          2          53  63
  46        1          1          55
  47        1          1          55
  48        1          1          58
  49        1          2          64  85
  50        1          1          56
  51        1          3          56  58  79
  52        1          1          72
  53        1          1          68
  54        1          1          88
  55        1          1          75
  56        1          1          90
  57        1          1          87
  58        1          1          83
  59        1          1          81
  60        1          1          63
  61        1          2          64  76
  62        1          1          70
  63        1          1          83
  64        1          1          86
  65        1          1          80
  66        1          1          80
  67        1          1          78
  68        1          1          84
  69        1          1          84
  70        1          1          89
  71        1          1          77
  72        1          1          73
  73        1          1          86
  74        1          2          76  78
  75        1          2          78  80
  76        1          1          89
  77        1          1          87
  78        1          1          82
  79        1          1          90
  80        1          1          82
  81        1          1          85
  82        1          1          90
  83        1          1          85
  84        1          1          87
  85        1          1          86
  86        1          1          89
  87        1          1          88
  88        1          1          91
  89        1          1          91
  90        1          1          91
  91        1          0        
************************************************************************
REQUESTS/DURATIONS:
jobnr. mode duration  R 1  R 2  R 3  R 4  E(W 1)
------------------------------------------------------------------------
  0      1     0       0    0    0    0     0
  1      1     2       7    0    0    0    14
  2      1     3       2    0    0    0     6
  3      1     2       0    0    0    5    10
  4      1     7       0    0    6    0    42
  5      1     7       0    0    8    0    56
  6      1     3       0    5    0    0    15
  7      1     7       9    0    0    0    63
  8      1     6       8    0    0    0    48
  9      1     9       7    0    0    0    63
 10      1     6       0    6    0    0    36
 11      1     4       5    0    0    0    20
 12      1     6       0    0    3    0    18
 13      1    10       0    1    0    0    20
 14      1     2       0    6    0    0    12
 15      1     4       0    0    0    5    20
 16      1     7       0    0    7    0    49
 17      1     7       0    0    1    0    14
 18      1    10       0    0    2    0    20
 19      1     1       0    0    0   10    10
 20      1     3       0    0    0    5    15
 21      1     7       0    0    8    0    56
 22      1     6       0    5    0    0    30
 23      1     2       0    0    0    6    12
 24      1     9       0    0   10    0    90
 25      1     8       8    0    0    0    64
 26      1     3       0    0    0    3     9
 27      1     2       5    0    0    0    10
 28      1     1      10    0    0    0    10
 29      1     8       0    0    0    4    32
 30      1     7       0    0    0    1    14
 31      1     7       0    6    0    0    42
 32      1     3       0    8    0    0    24
 33      1     2       3    0    0    0     6
 34      1     4       0    0    6    0    24
 35      1     5       0    0   10    0    50
 36      1     5       1    0    0    0    10
 37      1     3       0    0    6    0    18
 38      1     5       0    0    0    5    25
 39      1     1       0    0    1    0     2
 40      1     9       0    3    0    0    27
 41      1     1       8    0    0    0     8
 42      1     5       0    6    0    0    30
 43      1    10       0    0    2    0    20
 44      1     5       0    0    1    0    10
 45      1     6       0    0    1    0    12
 46      1     5       7    0    0    0    35
 47      1     8       3    0    0    0    24
 48      1     5       0    4    0    0    20
 49      1     5       0   10    0    0    50
 50      1     7       0    0    0    9    63
 51      1     8       0    0    5    0    40
 52      1     5       0    9    0    0    45
 53      1     5       3    0    0    0    15
 54      1     2       5    0    0    0    10
 55      1     1       0    0    0    6     6
 56      1     5       0    7    0    0    35
 57      1     8       0    0    6    0    48
 58      1    10       0    0    9    0    90
 59      1    10       0    0    8    0    80
 60      1     7      10    0    0    0    70
 61      1     1       0    4    0    0     4
 62      1     6       0    8    0    0    48
 63      1     8       0    0    0    1    16
 64      1     6       0    3    0    0    18
 65      1     1       0    6    0    0     6
 66      1     3       0    0    0    1     6
 67      1     7       0    0    0    3    21
 68      1     5       0    0    0    8    40
 69      1     6       5    0    0    0    30
 70      1    10       0    0    0    9    90
 71      1     5       0    0    6    0    30
 72      1     1       0    2    0    0     2
 73      1     7       0    0    6    0    42
 74      1     6       1    0    0    0    12
 75      1     7       3    0    0    0    21
 76      1     6       0    0    8    0    48
 77      1    10       0    0    0    8    80
 78      1     1       3    0    0    0     3
 79      1     7       0    6    0    0    42
 80      1     6       0   10    0    0    60
 81      1    10       0    0    0    6    60
 82      1     3       0    0    0    8    24
 83      1     6       0    0    0    8    48
 84      1     5       0    0    0    6    30
 85      1     1       6    0    0    0     6
 86      1     6       0    5    0    0    30
 87      1    10       0    0    0    5    50
 88      1     1      10    0    0    0    10
 89      1     4       0    0    0    9    36
 90      1    10       0    2    0    0    20
 91      1     0       0    0    0    0     0
************************************************************************
RESOURCEAVAILABILITIES:
  R 1
   87
************************************************************************
RESOURCE LIMITS:
jobnr.  l(R 1)  u(R 1)
------------------------------------------------------------------------
  0        0       0
  1        4       7
  2        1       2
  3        3       5
  4        3       6
  5        4       8
  6        3       5
  7        5       9
  8        4       8
  9        4       7
 10        3       6
 11        3       5
 12        2       3
 13        1       2
 14        3       6
 15        3       5
 16        4       7
 17        1       2
 18        1       2
 19        5      10
 20        3       5
 21        4       8
 22        3       5
 23        3       6
 24        5      10
 25        4       8
 26        2       3
 27        3       5
 28        5      10
 29        2       4
 30        1       2
 31        3       6
 32        4       8
 33        2       3
 34        3       6
 35        5      10
 36        1       2
 37        3       6
 38        3       5
 39        1       2
 40        2       3
 41        4       8
 42        3       6
 43        1       2
 44        1       2
 45        1       2
 46        4       7
 47        2       3
 48        2       4
 49        5      10
 50        5       9
 51        3       5
 52        5       9
 53        2       3
 54        3       5
 55        3       6
 56        4       7
 57        3       6
 58        5       9
 59        4       8
 60        5      10
 61        2       4
 62        4       8
 63        1       2
 64        2       3
 65        3       6
 66        1       2
 67        2       3
 68        4       8
 69        3       5
 70        5       9
 71        3       6
 72        1       2
 73        3       6
 74        1       2
 75        2       3
 76        4       8
 77        4       8
 78        2       3
 79        3       6
 80        5      10
 81        3       6
 82        4       8
 83        4       8
 84        3       6
 85        3       6
 86        3       5
 87        3       5
 88        5      10
 89        5       9
 90        1       2
 91        0       0
************************************************************************
SCENARIOS:
------------------------------------------------------------------------
RESOURCE k = 1
s = 1: (0, 15, 7, 10, 55, 48, 19, 69, 61, 41, 29, 23, 18, 15, 10, 29, 52, 15, 25, 8, 14, 47, 33, 13, 73, 51, 14, 13, 13, 28, 10, 50, 19, 9, 22, 66, 10, 20, 24, 3, 25, 7, 24, 20, 8, 17, 27, 21, 23, 32, 56, 49, 42, 21, 11, 6, 32, 43, 84, 74, 48, 4, 63, 17, 30, 5, 7, 12, 65, 24, 153, 30, 3, 30, 16, 15, 57, 75, 4, 39, 86, 52, 23, 56, 35, 5, 37, 45, 7, 32, 19, 0)
s = 2: (0, 21, 6, 17, 47, 57, 14, 68, 70, 69, 33, 16, 21, 26, 14, 32, 45, 11, 33, 9, 21, 58, 34, 14, 76, 41, 6, 8, 18, 19, 14, 46, 22, 5, 23, 53, 13, 19, 22, 3, 42, 10, 32, 28, 8, 16, 48, 18, 29, 62, 76, 33, 37, 19, 8, 6, 21, 55, 74, 83, 99, 4, 56, 23, 25, 7, 7, 19, 26, 37, 119, 35, 2, 43, 19, 16, 49, 98, 3, 45, 61, 95, 36, 62, 25, 8, 34, 79, 11, 24, 24, 0)
s = 3: (0, 14, 6, 8, 40, 33, 10, 62, 58, 85, 31, 24, 18, 19, 9, 24, 45, 16, 16, 6, 19, 73, 39, 16, 101, 64, 14, 13, 8, 42, 11, 32, 14, 4, 29, 32, 13, 12, 15, 2, 26, 11, 27, 17, 12, 12, 43, 17, 31, 85, 42, 49, 38, 10, 11, 4, 26, 44, 124, 96, 100, 4, 37, 14, 15, 7, 7, 14, 37, 37, 140, 47, 2, 30, 7, 20, 44, 85, 4, 30, 66, 62, 21, 28, 28, 6, 22, 46, 9, 34, 31, 0)
s = 4: (0, 14, 10, 15, 44, 77, 17, 70, 27, 55, 33, 24, 24, 18, 12, 18, 72, 14, 34, 7, 11, 73, 33, 11, 79, 53, 14, 7, 7, 46, 15, 49, 31, 8, 33, 54, 9, 18, 22, 3, 24, 7, 24, 14, 7, 15, 23, 18, 27, 53, 36, 28, 28, 20, 9, 6, 40, 69, 134, 115, 72, 6, 57, 16, 15, 6, 7, 20, 46, 41, 58, 16, 2, 42, 12, 17, 44, 56, 4, 60, 51, 72, 22, 60, 34, 5, 29, 53, 8, 19, 21, 0)
s = 5: (0, 21, 7, 13, 39, 55, 15, 40, 54, 71, 51, 31, 18, 20, 7, 22, 54, 8, 16, 11, 11, 48, 22, 10, 121, 81, 13, 6, 9, 27, 9, 66, 20, 7, 20, 71, 9, 21, 33, 3, 22, 7, 20, 26, 15, 12, 40, 39, 17, 54, 46, 41, 40, 18, 9, 6, 32, 29, 93, 67, 63, 3, 64, 17, 17, 5, 9, 28, 29, 25, 66, 23, 2, 71, 10, 16, 25, 97, 2, 46, 79, 72, 20, 69, 35, 12, 24, 58, 7, 34, 31, 0)
s = 6: (0, 17, 7, 10, 46, 72, 12, 103, 55, 53, 23, 17, 14, 29, 18, 25, 82, 11, 28, 7, 16, 52, 22, 17, 84, 66, 12, 14, 12, 17, 23, 52, 14, 9, 27, 49, 14, 21, 30, 3, 26, 11, 30, 24, 7, 10, 33, 33, 29, 40, 96, 30, 61, 14, 16, 6, 40, 41, 86, 86, 55, 6, 50, 19, 15, 5, 5, 16, 23, 29, 127, 27, 2, 48, 10, 35, 34, 61, 5, 47, 70, 66, 30, 35, 30, 6, 18, 50, 11, 26, 17, 0)
s = 7: (0, 24, 9, 9, 68, 91, 20, 51, 89, 81, 40, 18, 14, 26, 17, 15, 33, 10, 25, 7, 17, 54, 36, 12, 103, 80, 7, 14, 15, 29, 12, 57, 28, 5, 18, 31, 8, 12, 24, 2, 20, 6, 36, 15, 9, 12, 49, 35, 19, 60, 61, 37, 69, 15, 7, 8, 24, 35, 117, 43, 116, 3, 55, 23, 20, 7, 8, 21, 33, 28, 74, 27, 3, 35, 17, 15, 58, 94, 4, 36, 44, 36, 29, 50, 23, 7, 25, 39, 11, 26, 21, 0)
s = 8: (0, 12, 6, 9, 31, 45, 16, 79, 53, 60, 39, 19, 21, 17, 13, 13, 39, 12, 14, 15, 18, 60, 35, 13, 70, 41, 12, 10, 12, 31, 17, 63, 17, 5, 19, 46, 7, 17, 22, 3, 41, 7, 41, 16, 14, 8, 55, 21, 16, 32, 64, 34, 27, 23, 9, 5, 49, 68, 112, 59, 64, 4, 57, 12, 33, 6, 7, 22, 50, 21, 79, 26, 2, 57, 15, 14, 34, 62, 3, 56, 52, 43, 44, 43, 33, 6, 58, 76, 9, 26, 12, 0)
s = 9: (0, 23, 7, 9, 30, 64, 24, 70, 41, 41, 33, 30, 19, 14, 16, 19, 49, 14, 20, 8, 17, 59, 26, 8, 84, 85, 9, 11, 18, 28, 12, 47, 28, 6, 17, 44, 7, 11, 17, 4, 16, 10, 29, 27, 12, 10, 36, 17, 14, 46, 41, 38, 61, 12, 7, 9, 22, 64, 92, 83, 87, 3, 56, 14, 30, 6, 9, 21, 32, 32, 90, 41, 2, 69, 13, 30, 50, 62, 4, 36, 105, 71, 31, 31, 27, 6, 20, 68, 7, 46, 15, 0)
s = 10: (0, 20, 6, 13, 42, 47, 13, 62, 68, 52, 36, 21, 19, 15, 12, 21, 63, 12, 31, 7, 10, 50, 28, 8, 119, 64, 14, 8, 15, 50, 10, 36, 35, 5, 36, 50, 11, 14, 22, 2, 36, 6, 30, 16, 7, 20, 29, 38, 21, 43, 68, 38, 72, 10, 11, 9, 33, 35, 71, 48, 68, 4, 28, 13, 19, 4, 4, 27, 48, 16, 76, 17, 3, 41, 16, 42, 66, 91, 3, 23, 69, 78, 22, 44, 22, 4, 39, 27, 10, 48, 21, 0)
s = 11: (0, 13, 8, 14, 51, 40, 11, 51, 47, 84, 27, 33, 27, 18, 16, 26, 52, 13, 15, 14, 26, 67, 21, 9, 123, 62, 15, 8, 8, 27, 12, 29, 26, 5, 18, 47, 9, 27, 20, 3, 20, 13, 38, 15, 11, 18, 37, 28, 26, 70, 74, 58, 40, 11, 8, 7, 23, 66, 79, 88, 42, 3, 44, 18, 23, 9, 8, 31, 62, 31, 102, 21, 2, 54, 13, 16, 27, 73, 2, 49, 86, 76, 17, 29, 38, 5, 43, 39, 6, 57, 28, 0)
s = 12: (0, 14, 6, 10, 45, 34, 26, 57, 44, 53, 46, 29, 22, 23, 20, 25, 34, 14, 19, 8, 16, 44, 36, 12, 127, 98, 13, 9, 12, 38, 11, 49, 22, 5, 17, 46, 9, 12, 35, 2, 26, 8, 23, 15, 13, 9, 42, 42, 16, 33, 55, 28, 44, 14, 9, 7, 36, 44, 87, 73, 90, 5, 31, 17, 14, 10, 6, 24, 34, 32, 106, 26, 2, 71, 13, 16, 71, 47, 4, 31, 81, 92, 31, 35, 44, 8, 27, 44, 8, 26, 14, 0)
s = 13: (0, 11, 8, 14, 37, 41, 13, 56, 49, 49, 32, 13, 15, 21, 12, 17, 70, 13, 21, 11, 12, 54, 29, 13, 57, 67, 8, 10, 12, 38, 19, 64, 24, 8, 27, 63, 8, 27, 27, 2, 36, 13, 22, 13, 12, 12, 37, 22, 17, 37, 62, 37, 71, 13, 10, 8, 31, 33, 128, 73, 46, 3, 66, 14, 23, 5, 4, 16, 42, 34, 87, 31, 2, 29, 12, 28, 37, 59, 5, 56, 49, 36, 38, 32, 19, 5, 45, 43, 11, 41, 15, 0)
s = 14: (0, 9, 8, 8, 55, 39, 28, 55, 47, 107, 24, 13, 23, 13, 15, 32, 40, 12, 15, 19, 15, 43, 44, 12, 91, 50, 12, 9, 13, 26, 16, 46, 24, 5, 39, 46, 8, 17, 28, 2, 31, 9, 44, 20, 9, 19, 39, 25, 17, 79, 76, 37, 31, 13, 14, 9, 52, 31, 83, 84, 70, 3, 53, 12, 19, 7, 5, 15, 45, 24, 64, 34, 2, 41, 12, 17, 33, 82, 3, 27, 35, 77, 21, 29, 39, 6, 20, 51, 6, 31, 16, 0)
s = 15: (0, 12, 7, 15, 53, 46, 20, 74, 41, 42, 39, 13, 28, 21, 13, 19, 44, 22, 19, 10, 12, 38, 39, 12, 47, 63, 9, 7, 7, 22, 10, 66, 19, 6, 19, 34, 11, 18, 23, 3, 29, 7, 43, 13, 12, 18, 46, 21, 19, 71, 65, 66, 71, 14, 10, 7, 48, 27, 97, 54, 61, 5, 42, 19, 19, 5, 9, 30, 35, 37, 50, 23, 3, 33, 9, 21, 41, 93, 6, 80, 39, 32, 24, 39, 34, 6, 37, 65, 6, 42, 20, 0)
s = 16: (0, 10, 7, 15, 31, 93, 18, 59, 36, 44, 42, 15, 23, 21, 18, 19, 35, 12, 17, 12, 15, 50, 28, 16, 77, 112, 10, 7, 7, 31, 16, 38, 32, 4, 17, 61, 13, 13, 33, 2, 15, 5, 31, 20, 11, 19, 44, 34, 17, 51, 35, 52, 68, 10, 9, 8, 32, 47, 80, 46, 45, 5, 57, 16, 15, 6, 4, 19, 35, 34, 51, 26, 2, 36, 14, 19, 37, 124, 3, 27, 56, 48, 22, 29, 25, 4, 36, 59, 11, 32, 25, 0)
s = 17: (0, 16, 7, 9, 53, 70, 14, 56, 60, 46, 21, 19, 16, 13, 14, 21, 48, 11, 22, 9, 11, 37, 25, 10, 117, 81, 9, 8, 13, 27, 19, 25, 17, 4, 44, 40, 10, 17, 22, 2, 26, 9, 29, 24, 11, 12, 49, 18, 13, 49, 52, 36, 34, 8, 11, 8, 53, 49, 78, 89, 67, 5, 42, 24, 32, 6, 6, 26, 35, 29, 147, 30, 2, 64, 12, 16, 44, 72, 4, 35, 63, 58, 25, 32, 40, 7, 45, 38, 7, 27, 26, 0)
s = 18: (0, 9, 5, 8, 52, 34, 9, 37, 36, 81, 34, 27, 18, 25, 8, 25, 72, 15, 18, 8, 12, 41, 54, 16, 140, 52, 14, 11, 10, 36, 19, 24, 23, 6, 23, 47, 13, 18, 22, 2, 38, 5, 32, 19, 8, 15, 29, 44, 13, 42, 105, 31, 62, 9, 13, 5, 23, 37, 131, 57, 63, 4, 62, 16, 21, 5, 5, 19, 28, 35, 138, 27, 2, 56, 8, 13, 46, 63, 5, 45, 50, 62, 27, 40, 27, 6, 28, 71, 13, 33, 22, 0)
s = 19: (0, 15, 6, 12, 47, 65, 17, 103, 35, 42, 24, 20, 17, 26, 11, 19, 87, 15, 31, 7, 16, 48, 35, 9, 79, 52, 9, 10, 11, 25, 18, 40, 15, 6, 26, 39, 11, 17, 17, 2, 28, 12, 26, 27, 6, 12, 36, 36, 16, 27, 77, 59, 53, 13, 8, 5, 39, 48, 133, 105, 51, 3, 55, 19, 13, 5, 4, 14, 45, 25, 116, 50, 3, 57, 14, 26, 37, 62, 3, 29, 51, 64, 22, 60, 29, 7, 53, 39, 13, 43, 16, 0)
s = 20: (0, 18, 5, 10, 86, 67, 10, 41, 85, 57, 29, 15, 15, 23, 14, 25, 60, 12, 27, 11, 12, 77, 43, 13, 75, 88, 5, 10, 9, 28, 11, 33, 19, 7, 40, 55, 8, 14, 24, 2, 22, 8, 27, 17, 14, 10, 35, 18, 26, 56, 49, 42, 40, 25, 11, 6, 20, 31, 118, 76, 63, 3, 53, 21, 15, 10, 5, 19, 54, 41, 52, 20, 3, 59, 14, 14, 33, 83, 3, 30, 43, 69, 23, 64, 35, 7, 50, 73, 14, 47, 21, 0)
s = 21: (0, 11, 6, 12, 26, 78, 24, 48, 47, 71, 44, 19, 15, 20, 15, 19, 40, 9, 18, 14, 12, 50, 23, 10, 89, 77, 9, 8, 9, 29, 9, 58, 33, 7, 35, 76, 9, 13, 30, 4, 44, 8, 35, 19, 7, 8, 26, 13, 28, 40, 37, 55, 26, 13, 14, 5, 26, 52, 144, 69, 70, 6, 26, 22, 18, 8, 4, 30, 29, 51, 111, 34, 3, 27, 19, 26, 44, 76, 3, 40, 59, 37, 15, 62, 19, 6, 25, 42, 14, 29, 15, 0)
s = 22: (0, 24, 10, 14, 46, 55, 13, 62, 60, 58, 33, 19, 17, 20, 17, 24, 38, 14, 18, 7, 11, 44, 34, 12, 82, 54, 8, 11, 8, 23, 16, 57, 28, 6, 27, 51, 11, 19, 23, 3, 40, 14, 27, 23, 16, 9, 19, 34, 16, 40, 75, 24, 43, 10, 14, 9, 37, 50, 110, 81, 90, 6, 46, 16, 15, 6, 8, 18, 46, 27, 72, 45, 2, 51, 14, 21, 80, 84, 2, 43, 50, 70, 42, 53, 27, 9, 21, 54, 12, 32, 22, 0)
s = 23: (0, 10, 8, 7, 35, 70, 16, 46, 45, 76, 43, 25, 20, 20, 15, 17, 69, 17, 14, 10, 21, 87, 38, 15, 127, 71, 8, 12, 9, 39, 10, 31, 25, 5, 22, 74, 10, 19, 22, 3, 20, 8, 23, 17, 10, 13, 44, 15, 17, 75, 80, 30, 36, 10, 8, 4, 52, 51, 76, 69, 39, 4, 59, 26, 20, 7, 5, 17, 43, 36, 101, 36, 3, 65, 13, 18, 30, 84, 5, 43, 35, 57, 26, 42, 35, 10, 23, 47, 6, 40, 13, 0)
s = 24: (0, 18, 6, 11, 44, 30, 13, 73, 59, 64, 34, 24, 15, 16, 17, 29, 32, 16, 29, 11, 17, 37, 24, 14, 127, 55, 14, 10, 9, 45, 14, 34, 33, 5, 24, 47, 14, 24, 27, 2, 17, 9, 34, 14, 12, 10, 28, 28, 33, 54, 45, 28, 45, 24, 7, 6, 29, 69, 88, 71, 56, 6, 42, 14, 26, 8, 9, 19, 67, 44, 106, 26, 3, 44, 14, 12, 32, 60, 3, 66, 44, 72, 28, 71, 37, 4, 23, 55, 15, 37, 17, 0)
s = 25: (0, 11, 4, 11, 47, 61, 10, 60, 38, 44, 35, 14, 16, 15, 18, 23, 86, 14, 17, 8, 12, 71, 21, 14, 100, 54, 8, 14, 10, 43, 25, 44, 28, 6, 15, 34, 11, 11, 15, 2, 35, 10, 41, 25, 14, 11, 23, 28, 16, 79, 53, 64, 43, 22, 13, 5, 32, 37, 65, 62, 70, 4, 44, 15, 27, 4, 5, 15, 32, 31, 83, 28, 3, 30, 13, 15, 61, 70, 3, 39, 72, 59, 18, 56, 26, 8, 29, 30, 14, 23, 16, 0)
s = 26: (0, 13, 4, 7, 39, 63, 17, 51, 34, 86, 29, 19, 11, 16, 11, 14, 44, 17, 23, 12, 15, 49, 19, 13, 114, 94, 7, 10, 10, 31, 16, 66, 14, 9, 22, 50, 6, 22, 16, 3, 21, 9, 31, 28, 16, 13, 56, 19, 21, 40, 66, 37, 37, 19, 15, 7, 32, 58, 54, 112, 110, 3, 47, 17, 18, 7, 4, 32, 34, 46, 135, 25, 3, 28, 10, 14, 62, 59, 3, 35, 84, 106, 32, 60, 24, 7, 24, 63, 9, 31, 17, 0)
s = 27: (0, 15, 4, 10, 32, 45, 13, 43, 36, 47, 33, 22, 15, 15, 12, 14, 52, 14, 15, 11, 22, 37, 22, 12, 58, 59, 6, 16, 9, 35, 21, 27, 15, 6, 43, 30, 8, 14, 23, 2, 16, 13, 26, 12, 12, 10, 28, 16, 23, 44, 73, 74, 34, 18, 8, 9, 51, 82, 81, 126, 87, 5, 30, 11, 10, 8, 8, 13, 25, 28, 80, 23, 2, 36, 12, 17, 31, 128, 6, 35, 83, 34, 31, 31, 24, 8, 21, 52, 16, 28, 21, 0)
s = 28: (0, 10, 4, 8, 46, 44, 19, 43, 55, 56, 23, 25, 22, 24, 12, 20, 32, 9, 16, 14, 12, 41, 23, 14, 137, 42, 6, 10, 9, 21, 12, 57, 24, 4, 29, 47, 12, 15, 24, 2, 16, 6, 23, 30, 14, 17, 31, 29, 27, 56, 39, 38, 57, 10, 7, 5, 38, 50, 82, 81, 68, 4, 38, 12, 13, 9, 6, 16, 31, 36, 64, 42, 3, 29, 9, 26, 62, 64, 6, 46, 55, 72, 13, 50, 30, 8, 51, 61, 11, 37, 23, 0)
s = 29: (0, 17, 6, 9, 56, 53, 21, 66, 37, 87, 36, 22, 12, 20, 13, 19, 54, 12, 23, 6, 14, 43, 23, 13, 75, 49, 7, 10, 14, 22, 12, 39, 16, 9, 14, 83, 9, 23, 24, 2, 20, 11, 20, 13, 10, 14, 21, 18, 15, 45, 96, 53, 48, 20, 16, 4, 32, 51, 59, 74, 68, 7, 75, 23, 15, 7, 7, 19, 45, 27, 90, 27, 2, 54, 11, 17, 62, 43, 3, 32, 56, 57, 23, 59, 32, 5, 20, 69, 8, 23, 24, 0)
s = 30: (0, 13, 5, 9, 42, 47, 14, 88, 44, 82, 21, 25, 14, 26, 19, 11, 69, 14, 16, 12, 19, 60, 33, 14, 62, 73, 8, 18, 13, 40, 14, 70, 18, 5, 38, 58, 9, 15, 36, 2, 27, 7, 20, 16, 9, 18, 42, 14, 29, 65, 79, 50, 28, 12, 9, 5, 42, 46, 89, 77, 67, 4, 60, 11, 14, 9, 5, 30, 41, 33, 73, 26, 2, 38, 20, 16, 64, 53, 4, 78, 81, 47, 21, 41, 26, 7, 36, 30, 8, 31, 19, 0)
s = 31: (0, 9, 4, 9, 29, 40, 15, 94, 34, 50, 22, 25, 13, 20, 8, 18, 32, 16, 23, 10, 25, 74, 29, 15, 78, 47, 9, 7, 8, 17, 11, 43, 22, 9, 37, 74, 10, 17, 30, 3, 18, 7, 21, 33, 16, 12, 34, 18, 16, 44, 53, 71, 47, 16, 15, 5, 41, 37, 121, 63, 42, 5, 68, 9, 22, 6, 7, 20, 35, 56, 104, 26, 2, 47, 16, 31, 40, 59, 6, 44, 94, 60, 16, 40, 24, 5, 38, 37, 8, 30, 23, 0)
s = 32: (0, 16, 6, 11, 45, 61, 14, 70, 38, 42, 35, 13, 16, 12, 13, 14, 78, 11, 20, 7, 12, 83, 18, 8, 60, 50, 5, 16, 7, 43, 15, 33, 28, 6, 27, 45, 18, 28, 25, 3, 27, 9, 41, 26, 9, 12, 40, 30, 16, 33, 46, 34, 32, 14, 9, 6, 33, 45, 75, 73, 64, 5, 60, 10, 22, 6, 7, 13, 71, 38, 90, 25, 2, 64, 14, 27, 55, 73, 3, 44, 47, 89, 27, 34, 18, 9, 29, 45, 11, 37, 14, 0)
s = 33: (0, 10, 6, 18, 27, 35, 11, 66, 53, 37, 32, 27, 22, 14, 9, 19, 50, 16, 18, 8, 23, 57, 22, 10, 71, 125, 6, 16, 9, 38, 20, 60, 34, 7, 22, 31, 7, 17, 29, 2, 26, 13, 40, 22, 8, 10, 40, 28, 20, 77, 49, 29, 45, 14, 9, 9, 27, 33, 92, 127, 84, 5, 49, 28, 25, 6, 8, 25, 47, 29, 122, 33, 3, 30, 8, 21, 62, 89, 3, 43, 80, 50, 21, 63, 49, 5, 43, 51, 15, 26, 25, 0)
s = 34: (0, 12, 7, 12, 39, 40, 20, 50, 36, 47, 39, 17, 23, 23, 15, 13, 46, 16, 22, 6, 10, 67, 26, 9, 105, 35, 7, 10, 7, 58, 10, 52, 17, 8, 26, 35, 15, 24, 18, 2, 21, 13, 56, 15, 12, 24, 46, 33, 23, 45, 63, 52, 47, 10, 12, 9, 30, 30, 104, 60, 59, 5, 42, 11, 11, 7, 4, 21, 32, 35, 115, 21, 2, 55, 13, 22, 52, 77, 2, 38, 77, 65, 18, 63, 31, 6, 42, 36, 12, 34, 23, 0)
s = 35: (0, 12, 5, 11, 42, 78, 13, 42, 73, 71, 24, 17, 10, 16, 18, 18, 67, 10, 22, 17, 17, 37, 38, 15, 127, 50, 7, 11, 12, 27, 17, 48, 23, 8, 30, 70, 18, 13, 27, 2, 28, 6, 17, 27, 13, 8, 26, 29, 17, 60, 51, 42, 27, 14, 11, 8, 32, 49, 83, 66, 73, 5, 67, 21, 14, 8, 5, 22, 25, 47, 82, 30, 2, 27, 8, 28, 49, 72, 4, 33, 47, 59, 17, 55, 31, 5, 39, 58, 7, 24, 23, 0)
s = 36: (0, 18, 5, 9, 27, 91, 20, 86, 38, 37, 34, 24, 19, 16, 14, 26, 91, 17, 21, 8, 17, 45, 32, 8, 81, 69, 6, 11, 13, 37, 13, 33, 35, 6, 19, 40, 10, 20, 21, 3, 26, 8, 36, 22, 14, 8, 22, 22, 14, 59, 50, 30, 33, 13, 8, 7, 36, 65, 101, 92, 73, 3, 37, 9, 24, 7, 5, 19, 52, 28, 119, 28, 2, 51, 11, 19, 42, 77, 3, 36, 94, 38, 33, 57, 40, 8, 36, 54, 7, 43, 22, 0)
s = 37: (0, 15, 5, 10, 24, 81, 19, 112, 70, 52, 28, 15, 17, 32, 18, 21, 64, 13, 11, 8, 16, 49, 35, 13, 118, 72, 10, 10, 8, 22, 13, 24, 28, 5, 28, 61, 8, 22, 27, 2, 22, 11, 42, 30, 12, 12, 31, 18, 31, 39, 110, 31, 54, 16, 7, 7, 42, 72, 123, 78, 73, 4, 94, 21, 13, 4, 5, 13, 37, 28, 93, 36, 2, 48, 12, 21, 35, 82, 4, 29, 39, 92, 16, 82, 29, 7, 31, 44, 11, 51, 34, 0)
s = 38: (0, 19, 5, 7, 59, 70, 17, 59, 51, 56, 41, 25, 28, 22, 8, 23, 42, 15, 23, 12, 16, 56, 44, 8, 55, 91, 10, 13, 10, 31, 20, 31, 14, 7, 28, 42, 10, 16, 37, 2, 24, 6, 21, 22, 13, 12, 26, 24, 13, 36, 57, 40, 54, 18, 11, 7, 27, 43, 58, 76, 89, 6, 67, 20, 23, 8, 10, 26, 44, 33, 103, 33, 2, 49, 15, 17, 32, 90, 2, 26, 35, 51, 16, 36, 38, 7, 27, 39, 12, 31, 18, 0)
s = 39: (0, 10, 4, 7, 67, 77, 17, 79, 33, 53, 50, 17, 11, 22, 9, 18, 41, 9, 16, 11, 21, 69, 20, 10, 112, 54, 9, 9, 11, 31, 10, 24, 17, 5, 22, 66, 12, 19, 15, 3, 37, 8, 22, 15, 8, 12, 51, 15, 24, 54, 39, 67, 43, 19, 15, 7, 35, 83, 110, 67, 61, 6, 58, 13, 18, 7, 4, 25, 34, 38, 67, 27, 2, 37, 11, 22, 43, 70, 3, 49, 58, 84, 18, 70, 27, 6, 23, 65, 13, 29, 29, 0)
s = 40: (0, 18, 7, 8, 34, 46, 17, 51, 57, 54, 37, 20, 18, 24, 10, 33, 34, 16, 22, 10, 15, 36, 30, 9, 156, 82, 6, 12, 8, 34, 16, 34, 37, 7, 17, 62, 11, 23, 44, 2, 17, 8, 28, 17, 11, 11, 30, 25, 24, 42, 58, 35, 42, 19, 7, 7, 42, 58, 108, 66, 48, 3, 32, 13, 22, 5, 5, 18, 29, 46, 57, 25, 2, 53, 13, 14, 51, 116, 3, 29, 56, 77, 14, 47, 37, 7, 20, 60, 14, 42, 18, 0)
s = 41: (0, 18, 8, 11, 54, 73, 15, 72, 40, 42, 29, 17, 29, 14, 9, 18, 57, 16, 24, 11, 16, 45, 23, 15, 66, 86, 7, 11, 11, 24, 12, 31, 17, 8, 21, 28, 12, 17, 26, 2, 37, 7, 54, 17, 10, 15, 31, 39, 25, 58, 57, 59, 25, 19, 8, 11, 35, 83, 77, 100, 71, 5, 59, 21, 17, 7, 6, 15, 28, 34, 153, 20, 3, 57, 14, 24, 36, 89, 5, 43, 58, 50, 15, 38, 20, 7, 41, 70, 12, 28, 15, 0)
s = 42: (0, 14, 6, 10, 53, 64, 15, 48, 37, 78, 39, 15, 18, 18, 15, 16, 28, 9, 24, 7, 9, 71, 36, 9, 60, 36, 13, 10, 11, 33, 13, 31, 24, 7, 26, 30, 8, 18, 14, 2, 29, 5, 23, 24, 13, 17, 44, 32, 34, 53, 51, 31, 37, 12, 6, 6, 38, 36, 120, 91, 54, 4, 46, 12, 18, 9, 8, 16, 69, 36, 71, 20, 3, 45, 14, 15, 37, 63, 3, 58, 77, 64, 25, 37, 28, 7, 54, 27, 8, 37, 21, 0)
s = 43: (0, 11, 6, 12, 34, 64, 20, 39, 35, 68, 31, 15, 19, 33, 14, 18, 31, 14, 18, 16, 16, 68, 26, 12, 69, 69, 7, 8, 12, 50, 16, 31, 18, 8, 37, 45, 8, 15, 24, 3, 26, 8, 18, 26, 10, 13, 38, 28, 18, 33, 95, 32, 30, 19, 11, 6, 36, 47, 107, 79, 131, 5, 28, 11, 19, 6, 5, 17, 40, 21, 130, 20, 3, 49, 14, 20, 26, 63, 3, 32, 60, 76, 17, 44, 48, 6, 40, 81, 7, 30, 31, 0)
s = 44: (0, 9, 7, 8, 62, 72, 20, 49, 48, 53, 27, 15, 21, 21, 12, 22, 49, 14, 17, 12, 16, 47, 17, 9, 100, 74, 10, 9, 6, 30, 13, 54, 23, 7, 22, 33, 11, 24, 15, 2, 30, 6, 31, 16, 14, 13, 41, 20, 16, 30, 72, 49, 48, 13, 7, 5, 24, 28, 59, 89, 86, 6, 68, 10, 23, 6, 5, 18, 38, 31, 76, 23, 3, 42, 8, 22, 42, 85, 3, 39, 76, 63, 27, 29, 17, 8, 51, 75, 13, 20, 18, 0)
s = 45: (0, 9, 7, 9, 42, 67, 14, 87, 49, 78, 29, 16, 21, 18, 10, 20, 38, 17, 27, 15, 10, 42, 30, 10, 69, 43, 6, 16, 8, 34, 12, 47, 27, 4, 18, 53, 8, 24, 19, 3, 36, 7, 22, 14, 17, 14, 36, 22, 30, 50, 44, 45, 28, 20, 9, 6, 27, 35, 125, 59, 83, 3, 71, 12, 19, 7, 9, 24, 48, 44, 77, 32, 2, 36, 8, 28, 46, 59, 3, 34, 53, 46, 22, 44, 22, 6, 29, 43, 6, 43, 23, 0)
s = 46: (0, 12, 6, 14, 42, 59, 21, 89, 33, 59, 29, 20, 18, 24, 13, 24, 33, 18, 19, 6, 18, 48, 20, 8, 71, 62, 9, 9, 7, 27, 17, 30, 23, 4, 19, 64, 11, 15, 35, 3, 27, 13, 21, 22, 10, 9, 40, 28, 17, 71, 67, 47, 86, 13, 10, 7, 29, 70, 158, 79, 85, 3, 53, 20, 14, 5, 8, 31, 29, 42, 76, 22, 4, 41, 12, 24, 51, 50, 5, 47, 37, 50, 22, 68, 33, 7, 27, 43, 8, 41, 20, 0)
s = 47: (0, 14, 6, 9, 25, 57, 15, 102, 50, 65, 25, 28, 24, 13, 12, 33, 54, 15, 24, 14, 17, 52, 18, 11, 56, 84, 9, 13, 6, 25, 15, 52, 36, 5, 20, 58, 12, 17, 28, 2, 38, 9, 26, 20, 10, 17, 45, 32, 18, 49, 40, 44, 45, 13, 11, 6, 46, 27, 71, 55, 81, 6, 29, 15, 30, 10, 5, 20, 23, 23, 74, 31, 3, 52, 10, 14, 50, 63, 5, 27, 66, 66, 15, 37, 29, 6, 32, 39, 12, 42, 29, 0)
s = 48: (0, 24, 5, 10, 29, 88, 15, 91, 63, 65, 24, 23, 24, 19, 18, 21, 51, 22, 20, 9, 11, 67, 20, 12, 69, 109, 6, 13, 9, 59, 17, 44, 25, 4, 31, 61, 9, 28, 27, 3, 19, 6, 27, 12, 8, 9, 36, 15, 15, 48, 41, 47, 47, 24, 13, 7, 39, 48, 90, 72, 66, 6, 66, 12, 13, 8, 9, 28, 37, 17, 74, 22, 3, 52, 12, 13, 45, 84, 3, 31, 73, 45, 41, 45, 32, 6, 51, 54, 10, 51, 26, 0)
s = 49: (0, 12, 8, 11, 33, 67, 10, 97, 47, 67, 27, 25, 19, 23, 24, 22, 60, 13, 16, 7, 15, 77, 29, 14, 123, 74, 10, 12, 6, 39, 9, 33, 28, 7, 21, 55, 8, 25, 20, 4, 19, 6, 25, 30, 7, 15, 47, 19, 20, 57, 41, 44, 30, 15, 7, 6, 35, 46, 93, 70, 71, 3, 61, 14, 16, 11, 7, 15, 37, 32, 79, 27, 2, 42, 14, 19, 29, 82, 4, 36, 56, 52, 29, 55, 32, 9, 22, 35, 10, 35, 16, 0)
s = 50: (0, 12, 5, 12, 24, 45, 12, 80, 33, 51, 46, 20, 14, 14, 9, 11, 43, 12, 11, 13, 10, 98, 22, 9, 128, 90, 9, 10, 12, 39, 9, 45, 21, 5, 39, 42, 12, 19, 29, 2, 40, 7, 40, 20, 7, 16, 31, 25, 21, 42, 57, 28, 54, 10, 6, 6, 27, 52, 144, 46, 79, 4, 70, 15, 24, 4, 4, 17, 65, 25, 62, 31, 2, 51, 13, 15, 44, 67, 3, 50, 72, 80, 23, 46, 46, 7, 29, 43, 8, 43, 20, 0)
s = 51: (0, 16, 11, 6, 29, 55, 9, 43, 62, 39, 47, 19, 16, 24, 10, 19, 32, 23, 21, 10, 21, 57, 19, 13, 105, 70, 6, 8, 8, 25, 15, 26, 15, 6, 33, 49, 11, 12, 28, 3, 30, 7, 44, 16, 6, 11, 36, 19, 24, 38, 56, 35, 33, 12, 7, 5, 25, 48, 107, 66, 55, 4, 34, 16, 18, 5, 6, 18, 40, 24, 111, 33, 2, 38, 20, 19, 46, 95, 4, 26, 59, 58, 26, 48, 28, 6, 50, 41, 11, 37, 18, 0)
s = 52: (0, 15, 11, 7, 46, 42, 13, 68, 57, 100, 27, 18, 15, 18, 8, 16, 69, 9, 22, 17, 12, 86, 32, 16, 86, 80, 13, 7, 13, 27, 9, 28, 22, 5, 20, 64, 12, 13, 32, 2, 24, 11, 31, 21, 8, 19, 28, 25, 27, 79, 52, 38, 52, 19, 12, 7, 31, 52, 79, 79, 87, 7, 49, 20, 22, 8, 7, 21, 33, 20, 152, 22, 2, 56, 15, 22, 71, 80, 4, 57, 39, 66, 26, 46, 31, 4, 19, 51, 11, 37, 27, 0)
s = 53: (0, 15, 5, 14, 72, 43, 12, 47, 54, 43, 25, 13, 16, 27, 14, 24, 39, 11, 15, 7, 23, 45, 33, 17, 91, 64, 9, 10, 12, 25, 14, 31, 21, 5, 19, 59, 13, 24, 29, 2, 21, 9, 19, 27, 14, 13, 35, 19, 24, 56, 68, 40, 41, 13, 15, 5, 46, 25, 96, 73, 70, 3, 71, 12, 10, 7, 6, 22, 57, 39, 90, 26, 3, 27, 19, 20, 30, 63, 2, 25, 58, 79, 19, 45, 18, 6, 20, 50, 6, 52, 32, 0)
s = 54: (0, 10, 7, 11, 34, 76, 15, 66, 56, 54, 27, 32, 10, 26, 10, 19, 64, 19, 14, 6, 18, 61, 18, 7, 94, 85, 10, 18, 15, 25, 14, 39, 13, 8, 19, 56, 16, 23, 37, 3, 20, 10, 34, 19, 7, 11, 50, 17, 17, 80, 48, 30, 45, 17, 11, 5, 36, 55, 75, 67, 94, 4, 39, 14, 22, 8, 5, 18, 45, 30, 74, 24, 2, 38, 14, 12, 52, 99, 4, 40, 65, 74, 19, 50, 36, 5, 25, 50, 7, 22, 19, 0)
s = 55: (0, 17, 6, 6, 45, 40, 19, 55, 60, 45, 25, 30, 15, 13, 12, 12, 45, 9, 19, 16, 22, 37, 33, 16, 76, 78, 8, 12, 8, 40, 18, 36, 22, 4, 25, 34, 8, 17, 18, 2, 24, 10, 32, 18, 8, 11, 51, 25, 23, 54, 102, 35, 49, 9, 8, 8, 36, 34, 134, 74, 47, 4, 47, 13, 12, 6, 9, 18, 30, 23, 75, 19, 2, 34, 11, 26, 47, 89, 5, 43, 42, 72, 26, 52, 36, 5, 27, 42, 10, 26, 28, 0)
s = 56: (0, 15, 10, 9, 34, 60, 14, 79, 51, 57, 46, 23, 29, 33, 10, 15, 96, 10, 26, 11, 21, 51, 20, 13, 93, 68, 10, 7, 13, 43, 11, 47, 20, 9, 22, 54, 11, 31, 33, 3, 34, 8, 40, 14, 13, 13, 22, 19, 12, 71, 75, 26, 34, 12, 8, 5, 28, 62, 76, 84, 58, 5, 61, 13, 13, 5, 5, 18, 35, 23, 111, 20, 2, 41, 11, 19, 60, 87, 5, 32, 93, 38, 31, 49, 30, 7, 20, 28, 9, 25, 15, 0)
s = 57: (0, 12, 6, 17, 41, 45, 12, 46, 88, 100, 45, 13, 14, 14, 15, 15, 40, 13, 21, 12, 10, 54, 27, 18, 61, 92, 13, 14, 11, 23, 10, 37, 33, 6, 33, 63, 8, 22, 29, 3, 24, 6, 26, 23, 9, 8, 60, 25, 19, 47, 62, 40, 53, 22, 12, 4, 51, 80, 90, 50, 58, 5, 50, 16, 21, 7, 8, 18, 69, 27, 129, 28, 4, 36, 9, 15, 34, 80, 3, 36, 68, 37, 21, 42, 23, 5, 27, 43, 9, 38, 13, 0)
s = 58: (0, 12, 8, 9, 47, 52, 11, 62, 44, 46, 22, 16, 22, 21, 16, 23, 65, 10, 25, 8, 12, 38, 37, 18, 72, 70, 6, 8, 14, 34, 18, 30, 25, 8, 36, 37, 12, 14, 22, 3, 25, 9, 48, 23, 12, 13, 39, 28, 16, 70, 67, 63, 38, 15, 17, 7, 23, 39, 97, 58, 57, 4, 61, 12, 16, 4, 5, 20, 61, 31, 79, 32, 2, 35, 12, 26, 41, 112, 4, 44, 91, 35, 22, 64, 39, 7, 26, 36, 13, 29, 18, 0)
s = 59: (0, 14, 8, 12, 68, 91, 16, 65, 32, 73, 40, 20, 12, 17, 14, 25, 79, 12, 20, 16, 24, 46, 39, 14, 129, 48, 10, 8, 9, 47, 9, 44, 26, 7, 17, 40, 12, 11, 17, 2, 16, 6, 34, 21, 13, 11, 30, 34, 26, 46, 68, 30, 59, 19, 10, 4, 35, 49, 96, 69, 68, 4, 39, 16, 14, 4, 6, 29, 41, 41, 61, 29, 3, 49, 7, 12, 51, 72, 3, 29, 60, 57, 17, 56, 24, 5, 32, 77, 14, 27, 22, 0)
s = 60: (0, 14, 4, 9, 42, 44, 19, 52, 57, 36, 37, 22, 15, 22, 12, 21, 64, 12, 18, 8, 18, 46, 30, 7, 84, 46, 11, 11, 8, 26, 13, 52, 22, 6, 31, 39, 12, 16, 25, 2, 26, 7, 34, 24, 8, 9, 27, 31, 17, 45, 45, 31, 44, 14, 8, 6, 35, 58, 80, 77, 105, 5, 73, 17, 11, 5, 6, 20, 26, 24, 76, 30, 2, 34, 21, 21, 41, 109, 4, 37, 40, 90, 41, 82, 18, 4, 19, 52, 10, 29, 19, 0)
s = 61: (0, 14, 6, 16, 41, 46, 27, 70, 27, 54, 59, 15, 17, 21, 11, 27, 44, 12, 16, 6, 10, 47, 38, 12, 84, 38, 11, 10, 10, 40, 9, 37, 16, 4, 35, 31, 16, 20, 36, 2, 33, 12, 45, 25, 10, 21, 58, 23, 33, 30, 43, 41, 39, 13, 7, 6, 29, 49, 102, 85, 102, 5, 48, 22, 19, 7, 6, 15, 43, 23, 101, 32, 3, 66, 20, 25, 90, 77, 2, 63, 67, 43, 22, 77, 33, 8, 32, 52, 12, 38, 22, 0)
s = 62: (0, 10, 6, 8, 30, 68, 11, 66, 62, 70, 38, 22, 12, 18, 9, 16, 33, 15, 12, 8, 15, 91, 35, 8, 60, 57, 7, 9, 14, 18, 15, 28, 14, 6, 29, 58, 9, 12, 19, 3, 21, 13, 25, 13, 14, 12, 43, 31, 16, 57, 84, 38, 33, 16, 10, 4, 56, 37, 81, 86, 56, 3, 37, 10, 16, 9, 8, 25, 44, 26, 75, 35, 3, 29, 13, 24, 58, 63, 4, 49, 53, 87, 21, 47, 36, 5, 33, 31, 10, 46, 19, 0)
s = 63: (0, 19, 7, 9, 31, 49, 24, 59, 68, 80, 29, 16, 13, 21, 9, 13, 33, 13, 33, 12, 12, 63, 19, 11, 92, 66, 9, 11, 10, 22, 19, 31, 25, 7, 26, 51, 11, 19, 22, 2, 36, 7, 40, 16, 12, 11, 44, 30, 23, 52, 44, 38, 29, 15, 11, 8, 45, 61, 62, 102, 66, 6, 45, 14, 28, 8, 5, 13, 56, 34, 57, 33, 3, 34, 9, 18, 43, 55, 3, 42, 81, 32, 40, 68, 48, 9, 21, 69, 10, 35, 20, 0)
s = 64: (0, 13, 4, 7, 32, 68, 24, 44, 64, 68, 36, 18, 13, 27, 8, 16, 67, 15, 13, 9, 19, 36, 25, 10, 147, 89, 16, 17, 11, 31, 19, 28, 20, 6, 32, 45, 9, 15, 30, 3, 16, 9, 23, 20, 9, 13, 23, 37, 17, 49, 40, 66, 27, 8, 9, 5, 33, 49, 58, 142, 68, 5, 30, 13, 21, 6, 5, 21, 26, 34, 85, 19, 2, 26, 14, 17, 66, 104, 5, 52, 50, 51, 25, 49, 44, 7, 32, 43, 11, 41, 19, 0)
s = 65: (0, 19, 12, 10, 40, 36, 13, 53, 46, 78, 27, 20, 16, 25, 13, 27, 54, 15, 22, 10, 12, 78, 37, 8, 110, 87, 10, 11, 13, 31, 18, 44, 18, 8, 18, 37, 12, 29, 19, 2, 31, 9, 38, 17, 12, 12, 27, 27, 26, 45, 86, 32, 48, 18, 11, 8, 32, 30, 90, 121, 67, 6, 57, 21, 12, 7, 9, 22, 25, 50, 61, 45, 2, 40, 11, 26, 54, 46, 3, 41, 45, 88, 19, 43, 28, 7, 34, 37, 18, 28, 28, 0)
s = 66: (0, 9, 6, 8, 45, 67, 14, 56, 51, 103, 31, 18, 20, 20, 16, 23, 35, 10, 23, 8, 15, 53, 31, 9, 83, 65, 10, 10, 9, 46, 17, 37, 40, 4, 25, 52, 15, 23, 32, 2, 38, 9, 20, 22, 9, 7, 32, 47, 16, 62, 44, 35, 49, 9, 8, 5, 34, 31, 76, 65, 68, 5, 42, 14, 20, 7, 5, 22, 34, 28, 121, 29, 2, 28, 9, 20, 55, 49, 3, 30, 74, 80, 30, 51, 29, 9, 39, 30, 8, 24, 15, 0)
s = 67: (0, 18, 8, 7, 27, 59, 9, 57, 53, 45, 20, 15, 22, 12, 14, 16, 41, 16, 15, 9, 12, 68, 38, 8, 105, 69, 15, 10, 7, 28, 15, 26, 20, 8, 24, 36, 11, 13, 32, 2, 27, 7, 26, 20, 7, 8, 50, 18, 22, 59, 62, 31, 29, 23, 9, 7, 20, 45, 126, 47, 45, 5, 44, 17, 12, 5, 4, 28, 37, 27, 155, 18, 2, 28, 9, 37, 73, 110, 3, 47, 104, 104, 44, 69, 18, 5, 40, 39, 10, 34, 20, 0)
s = 68: (0, 17, 6, 17, 33, 45, 14, 36, 50, 72, 28, 12, 15, 22, 13, 17, 38, 10, 13, 12, 16, 47, 21, 12, 126, 66, 9, 10, 10, 50, 14, 39, 33, 8, 20, 70, 9, 17, 19, 3, 26, 13, 20, 33, 14, 18, 38, 17, 27, 29, 51, 29, 33, 13, 10, 9, 30, 56, 140, 58, 62, 3, 59, 17, 19, 6, 6, 19, 38, 44, 99, 32, 2, 46, 11, 27, 53, 57, 3, 55, 86, 86, 19, 80, 36, 7, 37, 50, 10, 41, 24, 0)
s = 69: (0, 10, 6, 8, 37, 48, 12, 93, 41, 59, 54, 19, 23, 17, 8, 15, 47, 15, 39, 11, 17, 43, 20, 10, 63, 50, 12, 7, 11, 32, 16, 25, 22, 4, 23, 73, 9, 21, 20, 2, 34, 8, 50, 14, 11, 14, 34, 27, 17, 34, 59, 59, 39, 15, 8, 7, 51, 58, 91, 81, 68, 5, 83, 25, 19, 4, 4, 20, 37, 35, 83, 38, 2, 31, 13, 19, 36, 65, 2, 44, 83, 68, 24, 62, 20, 9, 47, 45, 15, 47, 14, 0)
s = 70: (0, 18, 8, 11, 49, 75, 15, 56, 43, 60, 29, 19, 19, 17, 17, 33, 62, 19, 26, 18, 17, 64, 26, 15, 71, 63, 6, 9, 9, 41, 13, 61, 25, 7, 15, 75, 10, 15, 32, 3, 20, 7, 39, 19, 10, 11, 36, 19, 25, 33, 58, 67, 36, 18, 12, 12, 40, 76, 61, 70, 58, 8, 46, 17, 16, 6, 5, 25, 27, 37, 87, 21, 2, 36, 20, 14, 31, 87, 4, 34, 57, 56, 25, 31, 24, 8, 30, 31, 11, 22, 14, 0)
s = 71: (0, 13, 8, 7, 39, 55, 23, 55, 33, 53, 33, 30, 15, 18, 15, 20, 66, 15, 25, 13, 15, 56, 18, 9, 123, 36, 10, 8, 12, 36, 9, 45, 25, 8, 26, 69, 12, 20, 23, 2, 29, 7, 38, 18, 10, 10, 33, 28, 29, 60, 50, 46, 31, 14, 10, 7, 29, 42, 84, 119, 90, 3, 29, 15, 19, 8, 4, 15, 58, 36, 144, 23, 3, 27, 16, 29, 72, 69, 5, 65, 68, 52, 35, 73, 19, 11, 36, 44, 13, 35, 15, 0)
s = 72: (0, 22, 4, 11, 42, 56, 11, 64, 36, 63, 32, 18, 13, 24, 7, 19, 58, 10, 24, 13, 18, 33, 25, 12, 95, 66, 12, 11, 10, 48, 12, 63, 20, 6, 22, 49, 12, 24, 27, 2, 28, 12, 37, 24, 16, 18, 36, 32, 13, 56, 72, 25, 46, 12, 14, 5, 41, 54, 111, 115, 68, 5, 66, 12, 18, 10, 6, 31, 25, 46, 87, 36, 2, 49, 15, 16, 34, 90, 3, 56, 59, 78, 19, 27, 27, 11, 25, 37, 10, 35, 18, 0)
s = 73: (0, 12, 7, 14, 44, 52, 18, 78, 40, 69, 26, 18, 23, 18, 14, 24, 36, 14, 15, 15, 17, 47, 30, 9, 115, 62, 11, 10, 10, 24, 11, 47, 14, 5, 17, 53, 13, 27, 30, 3, 28, 7, 28, 29, 6, 8, 36, 21, 22, 46, 75, 29, 39, 14, 14, 10, 35, 34, 126, 63, 74, 4, 40, 15, 11, 5, 8, 27, 34, 28, 57, 27, 2, 59, 9, 15, 64, 76, 3, 65, 52, 50, 30, 39, 32, 6, 39, 53, 8, 57, 22, 0)
s = 74: (0, 19, 4, 8, 38, 60, 18, 71, 50, 50, 33, 18, 17, 25, 15, 28, 59, 15, 20, 6, 13, 39, 37, 13, 93, 48, 14, 8, 12, 31, 18, 27, 27, 4, 19, 46, 8, 23, 22, 2, 22, 9, 34, 14, 9, 11, 27, 33, 31, 47, 55, 31, 42, 12, 15, 6, 35, 53, 110, 43, 75, 6, 79, 27, 18, 5, 8, 19, 40, 38, 91, 33, 2, 37, 12, 17, 38, 71, 2, 25, 55, 77, 27, 40, 45, 4, 22, 59, 14, 37, 25, 0)
s = 75: (0, 10, 7, 11, 50, 48, 16, 96, 45, 76, 28, 11, 24, 17, 14, 30, 60, 11, 16, 12, 12, 42, 33, 12, 106, 79, 8, 13, 10, 42, 16, 31, 15, 6, 29, 53, 11, 16, 24, 3, 17, 9, 34, 25, 6, 10, 27, 15, 22, 39, 71, 27, 65, 21, 10, 8, 25, 57, 76, 76, 55, 4, 34, 9, 11, 8, 9, 14, 34, 21, 74, 50, 2, 39, 13, 21, 78, 141, 4, 41, 35, 63, 21, 42, 23, 7, 21, 63, 10, 39, 21, 0)
s = 76: (0, 22, 9, 10, 25, 45, 18, 53, 33, 59, 28, 22, 16, 16, 14, 15, 30, 18, 16, 17, 20, 45, 30, 17, 62, 83, 6, 16, 10, 19, 14, 43, 25, 5, 22, 32, 8, 31, 28, 2, 30, 9, 17, 24, 13, 15, 22, 28, 18, 33, 84, 35, 34, 10, 8, 6, 21, 27, 80, 70, 56, 6, 54, 20, 17, 8, 8, 27, 55, 46, 64, 30, 2, 57, 10, 22, 52, 89, 4, 38, 35, 56, 30, 39, 37, 6, 40, 55, 12, 64, 13, 0)
s = 77: (0, 16, 5, 8, 40, 64, 13, 37, 48, 46, 34, 19, 16, 23, 14, 27, 48, 15, 27, 9, 14, 37, 29, 18, 114, 69, 7, 9, 12, 24, 12, 48, 33, 4, 19, 41, 7, 15, 39, 4, 28, 7, 33, 15, 14, 9, 28, 21, 13, 79, 43, 43, 35, 19, 9, 10, 24, 56, 76, 63, 91, 6, 34, 16, 21, 8, 7, 19, 30, 37, 82, 21, 2, 61, 9, 13, 36, 61, 4, 33, 59, 69, 18, 28, 26, 6, 34, 65, 9, 42, 26, 0)
s = 78: (0, 9, 6, 16, 28, 61, 14, 69, 29, 99, 24, 31, 25, 15, 15, 17, 28, 16, 15, 8, 16, 59, 48, 11, 87, 56, 8, 9, 9, 33, 13, 33, 14, 5, 28, 73, 6, 20, 26, 2, 31, 7, 27, 21, 16, 10, 38, 20, 26, 46, 34, 53, 37, 10, 13, 7, 21, 61, 79, 69, 60, 4, 40, 14, 17, 4, 5, 23, 36, 25, 53, 21, 3, 45, 12, 17, 36, 47, 3, 39, 85, 46, 22, 45, 33, 6, 27, 36, 9, 49, 14, 0)
s = 79: (0, 9, 6, 10, 31, 36, 11, 43, 50, 91, 35, 31, 23, 19, 11, 17, 47, 15, 25, 9, 18, 47, 29, 9, 89, 65, 6, 11, 14, 29, 12, 46, 31, 8, 27, 51, 7, 12, 32, 2, 22, 9, 27, 21, 9, 11, 42, 19, 29, 76, 78, 38, 41, 22, 9, 6, 38, 35, 88, 106, 107, 4, 57, 12, 14, 8, 6, 13, 43, 40, 76, 47, 2, 42, 9, 13, 48, 58, 4, 31, 57, 62, 26, 32, 24, 4, 34, 78, 11, 47, 19, 0)
s = 80: (0, 10, 6, 12, 32, 38, 20, 79, 45, 82, 33, 13, 20, 14, 14, 23, 59, 12, 24, 9, 21, 43, 39, 7, 63, 68, 9, 18, 18, 27, 16, 37, 18, 5, 33, 49, 9, 15, 24, 3, 31, 12, 39, 16, 13, 7, 30, 27, 30, 59, 48, 51, 30, 15, 14, 4, 46, 33, 65, 102, 71, 7, 49, 23, 21, 7, 7, 27, 57, 33, 55, 28, 2, 37, 11, 30, 34, 90, 5, 83, 65, 71, 18, 59, 40, 5, 30, 50, 9, 33, 22, 0)
s = 81: (0, 19, 4, 10, 40, 34, 11, 42, 81, 101, 33, 27, 18, 22, 7, 15, 47, 14, 22, 8, 18, 45, 30, 8, 84, 54, 8, 6, 10, 35, 17, 50, 31, 6, 20, 59, 7, 20, 24, 2, 26, 8, 26, 19, 11, 13, 29, 20, 27, 40, 83, 32, 49, 19, 8, 4, 32, 25, 68, 118, 72, 4, 59, 19, 16, 6, 4, 19, 32, 19, 62, 34, 3, 54, 10, 27, 48, 156, 3, 43, 65, 42, 16, 51, 24, 7, 22, 62, 9, 33, 32, 0)
s = 82: (0, 13, 5, 11, 54, 52, 15, 52, 31, 88, 34, 16, 16, 25, 18, 25, 63, 12, 15, 8, 13, 66, 49, 15, 53, 53, 9, 9, 14, 28, 15, 61, 22, 9, 29, 55, 7, 12, 19, 3, 37, 10, 18, 24, 8, 12, 44, 25, 19, 52, 63, 46, 30, 14, 8, 7, 46, 48, 51, 58, 78, 3, 67, 14, 16, 5, 4, 36, 28, 17, 100, 25, 3, 41, 8, 13, 49, 68, 3, 53, 38, 55, 31, 50, 38, 6, 37, 44, 7, 62, 33, 0)
s = 83: (0, 20, 5, 10, 37, 79, 13, 68, 39, 78, 39, 23, 16, 18, 14, 16, 35, 26, 20, 15, 18, 78, 35, 13, 59, 67, 9, 6, 13, 25, 19, 31, 31, 9, 16, 39, 16, 22, 15, 2, 22, 10, 22, 18, 8, 12, 23, 22, 27, 42, 57, 40, 31, 13, 9, 5, 35, 31, 65, 65, 54, 4, 25, 16, 24, 6, 7, 30, 27, 37, 135, 35, 3, 78, 16, 17, 46, 54, 2, 40, 46, 45, 19, 72, 45, 6, 21, 56, 11, 43, 20, 0)
s = 84: (0, 18, 4, 10, 37, 55, 16, 71, 65, 76, 23, 22, 26, 22, 10, 23, 60, 11, 17, 11, 19, 82, 21, 12, 52, 81, 10, 9, 11, 22, 19, 56, 18, 5, 21, 45, 9, 26, 37, 2, 21, 7, 21, 19, 13, 9, 53, 14, 31, 75, 61, 34, 66, 19, 6, 9, 52, 35, 135, 133, 56, 4, 34, 21, 24, 6, 5, 20, 40, 37, 65, 24, 3, 32, 20, 19, 33, 43, 2, 58, 57, 57, 16, 54, 30, 6, 20, 51, 11, 44, 13, 0)
s = 85: (0, 21, 4, 8, 28, 45, 10, 74, 58, 67, 26, 14, 19, 28, 15, 17, 45, 9, 23, 10, 12, 32, 23, 17, 74, 83, 12, 11, 9, 42, 9, 40, 26, 5, 16, 34, 11, 26, 20, 2, 38, 7, 39, 21, 14, 16, 39, 15, 31, 54, 77, 63, 37, 31, 7, 4, 30, 59, 80, 99, 91, 3, 61, 13, 20, 5, 5, 28, 21, 32, 131, 35, 2, 52, 12, 23, 58, 65, 4, 23, 42, 46, 27, 67, 35, 8, 24, 68, 9, 30, 19, 0)
s = 86: (0, 12, 10, 9, 49, 40, 13, 48, 41, 60, 45, 23, 17, 18, 21, 14, 36, 16, 21, 8, 18, 69, 20, 7, 71, 66, 8, 14, 8, 31, 13, 28, 14, 5, 19, 58, 8, 27, 21, 3, 21, 8, 36, 23, 8, 9, 38, 26, 29, 55, 79, 40, 51, 15, 15, 10, 25, 50, 64, 72, 86, 5, 34, 17, 14, 6, 8, 21, 35, 26, 127, 43, 2, 29, 9, 26, 58, 86, 3, 40, 52, 71, 35, 33, 30, 6, 33, 35, 7, 34, 17, 0)
s = 87: (0, 17, 8, 9, 36, 76, 14, 82, 49, 50, 51, 18, 17, 16, 11, 12, 36, 9, 34, 9, 18, 31, 24, 13, 139, 106, 8, 7, 8, 35, 9, 31, 29, 7, 20, 71, 14, 11, 31, 2, 22, 8, 34, 17, 10, 14, 54, 29, 24, 47, 59, 32, 63, 12, 11, 10, 43, 43, 57, 73, 60, 4, 38, 15, 21, 10, 7, 24, 37, 53, 80, 21, 4, 38, 10, 18, 46, 61, 3, 32, 59, 41, 16, 41, 18, 9, 32, 49, 10, 37, 14, 0)
s = 88: (0, 10, 5, 8, 56, 45, 12, 47, 31, 77, 26, 30, 22, 15, 11, 21, 54, 17, 28, 15, 10, 54, 24, 11, 72, 95, 6, 13, 9, 28, 12, 47, 31, 5, 25, 36, 14, 15, 25, 3, 18, 11, 33, 17, 11, 11, 49, 19, 14, 45, 37, 41, 39, 15, 10, 7, 44, 71, 87, 80, 38, 3, 64, 11, 17, 7, 5, 18, 27, 41, 56, 29, 2, 64, 10, 16, 50, 63, 3, 40, 67, 76, 20, 31, 26, 6, 19, 47, 12, 38, 11, 0)
s = 89: (0, 10, 10, 6, 26, 70, 25, 45, 48, 63, 39, 26, 15, 22, 9, 18, 42, 19, 25, 6, 12, 46, 38, 13, 57, 83, 7, 7, 16, 19, 16, 37, 30, 6, 17, 79, 8, 26, 16, 2, 22, 10, 29, 30, 8, 10, 45, 24, 18, 53, 67, 37, 57, 8, 8, 4, 26, 37, 62, 101, 62, 5, 68, 12, 16, 4, 6, 23, 37, 22, 88, 47, 3, 64, 12, 18, 42, 57, 3, 38, 76, 41, 18, 50, 29, 4, 26, 54, 11, 40, 14, 0)
s = 90: (0, 17, 5, 8, 41, 35, 19, 92, 37, 59, 23, 21, 17, 20, 9, 12, 41, 9, 30, 8, 18, 34, 32, 10, 62, 38, 10, 14, 16, 35, 12, 34, 23, 7, 16, 48, 18, 20, 19, 2, 29, 5, 24, 22, 12, 11, 38, 27, 14, 54, 42, 38, 59, 14, 17, 5, 52, 48, 76, 72, 94, 5, 26, 19, 19, 7, 7, 17, 50, 40, 104, 24, 4, 61, 10, 15, 33, 84, 2, 25, 58, 48, 19, 48, 33, 6, 22, 33, 16, 32, 33, 0)
s = 91: (0, 12, 4, 10, 46, 53, 14, 32, 33, 84, 31, 15, 13, 18, 14, 23, 56, 15, 19, 18, 9, 47, 37, 12, 54, 87, 6, 16, 10, 58, 11, 63, 25, 5, 31, 46, 7, 14, 24, 3, 26, 6, 32, 16, 12, 9, 43, 26, 23, 57, 52, 26, 56, 13, 10, 8, 34, 52, 99, 104, 81, 6, 43, 14, 17, 6, 5, 22, 52, 27, 108, 20, 3, 66, 19, 25, 45, 89, 5, 39, 60, 76, 33, 34, 33, 8, 26, 32, 16, 44, 21, 0)
s = 92: (0, 8, 6, 14, 33, 74, 10, 68, 60, 59, 29, 18, 16, 14, 8, 23, 67, 16, 27, 7, 10, 54, 21, 17, 68, 55, 7, 10, 12, 65, 17, 26, 24, 5, 26, 44, 9, 24, 22, 3, 27, 6, 24, 21, 6, 10, 22, 13, 24, 64, 35, 31, 75, 14, 10, 7, 29, 39, 74, 89, 71, 5, 46, 12, 25, 9, 4, 16, 35, 35, 70, 22, 3, 25, 10, 13, 37, 104, 4, 32, 52, 62, 16, 55, 48, 7, 27, 37, 17, 39, 20, 0)
s = 93: (0, 18, 5, 10, 28, 67, 23, 41, 57, 54, 53, 35, 20, 25, 17, 21, 40, 11, 20, 9, 21, 83, 26, 10, 79, 61, 10, 6, 9, 23, 14, 41, 40, 6, 32, 49, 10, 20, 19, 2, 19, 8, 29, 16, 9, 12, 36, 21, 36, 60, 65, 29, 39, 24, 10, 6, 41, 57, 70, 88, 105, 6, 48, 11, 24, 5, 4, 28, 62, 24, 136, 40, 3, 39, 7, 17, 61, 80, 5, 47, 51, 86, 15, 36, 26, 6, 27, 71, 7, 31, 19, 0)
s = 94: (0, 9, 9, 18, 36, 44, 9, 39, 54, 88, 33, 20, 20, 16, 12, 12, 55, 13, 16, 9, 10, 45, 26, 13, 83, 63, 7, 7, 14, 33, 22, 26, 23, 6, 26, 35, 8, 25, 34, 3, 28, 6, 26, 33, 13, 9, 34, 25, 28, 61, 67, 24, 27, 18, 10, 8, 53, 46, 83, 49, 74, 4, 32, 13, 15, 7, 6, 23, 47, 44, 53, 18, 3, 31, 10, 19, 48, 99, 4, 46, 64, 48, 23, 38, 34, 11, 36, 44, 9, 33, 19, 0)
s = 95: (0, 20, 5, 8, 56, 41, 26, 56, 82, 62, 51, 27, 18, 17, 12, 14, 69, 11, 18, 10, 16, 50, 26, 13, 88, 51, 15, 14, 10, 28, 15, 60, 25, 6, 22, 40, 12, 14, 21, 2, 42, 10, 36, 27, 10, 15, 35, 32, 13, 52, 88, 62, 50, 15, 13, 7, 35, 27, 61, 85, 69, 5, 47, 18, 19, 6, 7, 17, 32, 44, 103, 23, 2, 57, 10, 36, 55, 90, 3, 29, 90, 88, 15, 64, 31, 8, 43, 66, 9, 38, 14, 0)
s = 96: (0, 18, 5, 13, 73, 65, 9, 69, 34, 41, 34, 24, 15, 20, 9, 19, 42, 14, 26, 13, 12, 77, 36, 16, 93, 38, 7, 8, 9, 47, 13, 25, 30, 7, 22, 56, 16, 17, 32, 3, 29, 12, 32, 26, 16, 9, 22, 18, 16, 54, 66, 32, 54, 16, 16, 6, 24, 71, 61, 45, 47, 3, 65, 12, 13, 4, 7, 22, 33, 25, 64, 22, 3, 33, 10, 30, 56, 118, 2, 41, 43, 43, 21, 40, 18, 6, 32, 60, 12, 41, 23, 0)
s = 97: (0, 10, 6, 13, 26, 36, 15, 79, 32, 60, 29, 17, 12, 16, 14, 14, 38, 15, 23, 9, 17, 42, 44, 8, 140, 45, 7, 13, 9, 25, 16, 51, 23, 9, 33, 32, 9, 28, 19, 3, 28, 9, 21, 21, 10, 9, 38, 29, 13, 85, 42, 42, 75, 21, 13, 6, 43, 55, 136, 86, 71, 4, 42, 16, 22, 10, 6, 16, 52, 29, 124, 30, 3, 41, 10, 15, 27, 70, 4, 43, 37, 59, 19, 53, 18, 7, 27, 38, 8, 58, 28, 0)
s = 98: (0, 20, 6, 9, 27, 86, 14, 66, 46, 74, 52, 17, 26, 17, 7, 23, 80, 16, 25, 9, 19, 34, 28, 13, 78, 47, 6, 11, 12, 36, 13, 46, 27, 6, 14, 43, 16, 21, 36, 2, 16, 9, 18, 20, 11, 13, 37, 32, 19, 43, 63, 35, 32, 15, 11, 9, 31, 34, 58, 63, 61, 6, 31, 17, 13, 5, 7, 16, 63, 32, 122, 50, 2, 27, 13, 15, 59, 90, 6, 23, 56, 83, 38, 32, 34, 6, 37, 56, 14, 30, 29, 0)
s = 99: (0, 24, 8, 15, 42, 57, 15, 47, 50, 44, 25, 30, 24, 12, 13, 17, 66, 16, 18, 12, 16, 30, 22, 17, 111, 42, 6, 14, 6, 24, 9, 26, 22, 8, 26, 40, 11, 25, 20, 3, 23, 6, 19, 24, 7, 10, 28, 18, 19, 52, 84, 50, 44, 15, 13, 7, 26, 54, 72, 70, 61, 5, 37, 17, 19, 5, 10, 15, 28, 38, 95, 38, 2, 60, 14, 15, 37, 90, 4, 51, 51, 65, 36, 28, 17, 7, 24, 35, 7, 28, 21, 0)
s = 100: (0, 10, 4, 10, 52, 59, 23, 73, 31, 57, 44, 22, 14, 21, 9, 19, 44, 16, 23, 12, 11, 61, 25, 14, 76, 69, 10, 6, 6, 26, 15, 29, 24, 5, 17, 60, 12, 13, 38, 2, 27, 13, 26, 20, 8, 13, 33, 14, 13, 57, 67, 32, 32, 19, 14, 7, 65, 49, 56, 90, 65, 3, 38, 13, 14, 4, 6, 18, 32, 36, 84, 33, 3, 45, 8, 33, 44, 127, 2, 52, 45, 59, 23, 42, 41, 6, 49, 37, 17, 25, 19, 0)
s = 101: (0, 13, 4, 11, 77, 50, 11, 45, 36, 47, 43, 23, 12, 16, 14, 29, 61, 13, 20, 9, 31, 46, 22, 11, 115, 42, 14, 12, 10, 31, 20, 28, 24, 7, 26, 63, 9, 12, 44, 3, 28, 8, 25, 21, 15, 14, 35, 25, 30, 27, 49, 63, 41, 17, 8, 9, 36, 54, 143, 122, 49, 5, 36, 16, 19, 7, 6, 28, 32, 42, 73, 40, 2, 42, 7, 14, 84, 78, 5, 72, 74, 71, 31, 39, 26, 7, 23, 48, 10, 35, 11, 0)
s = 102: (0, 13, 5, 10, 54, 36, 16, 46, 65, 54, 33, 14, 14, 20, 17, 15, 46, 15, 19, 13, 15, 43, 25, 13, 71, 45, 9, 14, 11, 30, 17, 61, 37, 6, 26, 49, 8, 15, 25, 2, 18, 6, 36, 14, 9, 8, 48, 30, 34, 54, 70, 40, 49, 14, 8, 8, 25, 53, 82, 66, 57, 6, 59, 13, 16, 4, 7, 21, 41, 19, 74, 24, 3, 35, 9, 34, 46, 108, 3, 42, 57, 69, 25, 39, 25, 4, 23, 39, 10, 40, 25, 0)
s = 103: (0, 21, 7, 12, 39, 60, 18, 45, 52, 59, 40, 13, 28, 15, 12, 22, 77, 24, 20, 9, 19, 32, 36, 18, 117, 72, 10, 11, 9, 46, 13, 54, 22, 9, 22, 41, 11, 17, 32, 2, 16, 14, 46, 21, 9, 12, 46, 16, 23, 44, 67, 30, 36, 12, 8, 4, 23, 50, 99, 73, 71, 3, 37, 18, 15, 5, 11, 22, 25, 36, 85, 22, 2, 31, 18, 25, 56, 51, 5, 43, 70, 48, 18, 42, 18, 4, 20, 45, 15, 26, 17, 0)
s = 104: (0, 12, 6, 10, 53, 38, 9, 60, 55, 64, 21, 16, 31, 12, 15, 23, 49, 14, 21, 13, 20, 34, 35, 13, 141, 69, 8, 6, 12, 28, 21, 55, 20, 6, 30, 87, 14, 14, 20, 2, 27, 12, 35, 11, 14, 9, 41, 35, 22, 37, 88, 58, 44, 13, 17, 7, 30, 50, 103, 68, 92, 5, 39, 14, 19, 8, 5, 24, 32, 52, 76, 38, 2, 31, 15, 23, 35, 100, 3, 35, 64, 36, 15, 60, 24, 9, 30, 71, 12, 26, 17, 0)
s = 105: (0, 20, 8, 13, 65, 49, 12, 65, 48, 79, 21, 22, 25, 17, 13, 16, 42, 10, 29, 9, 22, 71, 31, 11, 127, 55, 9, 16, 10, 33, 10, 47, 16, 6, 21, 47, 7, 12, 23, 2, 37, 8, 26, 17, 10, 10, 51, 24, 21, 35, 44, 27, 52, 23, 10, 10, 48, 58, 145, 61, 71, 5, 67, 16, 19, 7, 8, 15, 48, 26, 79, 27, 3, 53, 11, 16, 69, 55, 2, 65, 47, 41, 28, 47, 45, 5, 38, 38, 10, 38, 20, 0)
s = 106: (0, 21, 6, 11, 38, 32, 19, 89, 68, 36, 26, 19, 24, 34, 8, 14, 34, 13, 16, 13, 11, 43, 24, 10, 61, 54, 17, 9, 8, 25, 10, 44, 29, 7, 36, 38, 11, 23, 36, 2, 29, 6, 40, 21, 12, 13, 55, 38, 18, 30, 46, 45, 25, 17, 14, 7, 49, 36, 108, 65, 83, 5, 77, 24, 24, 7, 6, 18, 48, 33, 73, 21, 2, 53, 12, 14, 51, 76, 3, 69, 44, 47, 15, 41, 22, 7, 50, 41, 9, 41, 26, 0)
s = 107: (0, 17, 6, 8, 30, 39, 18, 74, 62, 66, 29, 20, 18, 18, 15, 24, 78, 10, 17, 10, 17, 73, 30, 13, 70, 88, 8, 8, 8, 26, 15, 63, 18, 9, 42, 52, 11, 19, 25, 2, 19, 8, 36, 18, 7, 17, 29, 24, 13, 30, 49, 48, 42, 24, 13, 6, 25, 54, 84, 140, 46, 6, 52, 16, 19, 6, 6, 21, 48, 55, 79, 24, 2, 76, 17, 14, 65, 79, 2, 26, 80, 75, 25, 49, 24, 5, 36, 36, 10, 34, 16, 0)
s = 108: (0, 11, 6, 15, 64, 34, 11, 99, 42, 57, 46, 24, 19, 14, 12, 24, 63, 12, 16, 6, 15, 50, 32, 17, 176, 70, 10, 9, 6, 29, 13, 32, 17, 11, 21, 44, 14, 13, 30, 2, 20, 11, 24, 21, 11, 10, 46, 32, 14, 48, 38, 31, 49, 21, 12, 6, 44, 66, 53, 72, 114, 4, 43, 18, 13, 6, 7, 24, 25, 33, 137, 23, 3, 54, 7, 20, 26, 84, 2, 29, 66, 42, 21, 51, 43, 6, 47, 46, 15, 44, 16, 0)
s = 109: (0, 14, 5, 13, 25, 70, 16, 61, 68, 82, 25, 15, 20, 22, 15, 28, 47, 16, 23, 14, 12, 72, 33, 7, 75, 92, 9, 13, 12, 33, 8, 34, 21, 6, 25, 48, 10, 19, 23, 3, 22, 5, 24, 28, 18, 13, 35, 18, 23, 37, 49, 40, 43, 19, 11, 7, 24, 53, 72, 58, 70, 3, 56, 14, 21, 6, 9, 21, 52, 32, 105, 38, 3, 39, 8, 35, 34, 52, 4, 46, 87, 94, 18, 31, 33, 4, 39, 43, 6, 58, 17, 0)
s = 110: (0, 11, 6, 13, 64, 66, 10, 64, 55, 58, 38, 32, 25, 15, 22, 19, 57, 10, 26, 11, 10, 73, 17, 14, 108, 36, 9, 7, 16, 23, 12, 44, 29, 8, 21, 80, 6, 16, 24, 2, 14, 13, 35, 27, 14, 13, 45, 25, 28, 51, 73, 57, 36, 11, 14, 10, 34, 52, 89, 98, 70, 3, 55, 11, 16, 11, 7, 24, 31, 44, 89, 26, 4, 38, 14, 19, 36, 55, 3, 46, 38, 60, 24, 38, 21, 7, 33, 37, 10, 30, 20, 0)
s = 111: (0, 19, 7, 17, 62, 77, 19, 49, 62, 97, 38, 35, 14, 16, 10, 24, 29, 11, 17, 11, 18, 61, 30, 10, 71, 72, 10, 9, 10, 20, 10, 33, 23, 6, 26, 50, 8, 14, 20, 4, 25, 7, 38, 34, 9, 12, 50, 28, 23, 86, 52, 39, 78, 12, 11, 6, 33, 59, 63, 68, 69, 6, 37, 19, 19, 5, 4, 20, 51, 34, 93, 18, 2, 33, 9, 17, 41, 90, 3, 33, 49, 54, 19, 74, 23, 7, 25, 58, 8, 42, 21, 0)
s = 112: (0, 25, 7, 14, 56, 43, 20, 86, 51, 49, 25, 27, 17, 26, 9, 26, 32, 17, 20, 11, 16, 50, 33, 12, 86, 54, 8, 6, 11, 48, 21, 54, 25, 6, 16, 47, 9, 14, 17, 3, 15, 6, 28, 17, 12, 15, 37, 27, 12, 71, 45, 38, 61, 10, 11, 5, 40, 54, 133, 78, 65, 5, 28, 12, 20, 8, 10, 29, 39, 27, 123, 22, 2, 27, 14, 19, 38, 94, 3, 31, 54, 69, 21, 73, 24, 8, 34, 64, 9, 50, 22, 0)
s = 113: (0, 17, 4, 11, 38, 45, 19, 71, 76, 48, 31, 20, 20, 19, 10, 33, 59, 13, 33, 12, 13, 47, 35, 19, 129, 50, 12, 8, 8, 27, 10, 46, 29, 5, 20, 61, 10, 13, 18, 3, 26, 10, 29, 27, 8, 7, 51, 24, 13, 32, 57, 31, 31, 20, 14, 6, 27, 43, 94, 106, 53, 6, 54, 14, 14, 9, 7, 21, 31, 45, 78, 33, 2, 34, 12, 17, 53, 103, 3, 33, 60, 87, 18, 65, 25, 6, 29, 48, 14, 31, 32, 0)
s = 114: (0, 18, 6, 10, 24, 62, 11, 40, 46, 56, 25, 13, 12, 13, 12, 23, 52, 9, 17, 7, 9, 67, 32, 14, 69, 76, 8, 10, 11, 32, 12, 39, 16, 7, 18, 33, 17, 28, 18, 4, 31, 7, 36, 26, 7, 13, 50, 33, 21, 87, 42, 30, 37, 20, 19, 5, 49, 73, 89, 74, 47, 4, 46, 18, 28, 8, 6, 23, 40, 44, 73, 31, 3, 35, 11, 29, 60, 94, 3, 41, 70, 46, 24, 45, 39, 6, 30, 80, 13, 49, 27, 0)
s = 115: (0, 10, 8, 15, 49, 39, 18, 49, 69, 49, 39, 26, 25, 29, 10, 11, 46, 13, 27, 8, 15, 43, 28, 12, 72, 39, 11, 9, 6, 50, 13, 41, 32, 6, 19, 41, 17, 20, 19, 3, 22, 11, 36, 30, 8, 10, 37, 29, 23, 49, 47, 28, 40, 25, 13, 6, 47, 54, 81, 79, 52, 3, 67, 11, 22, 8, 6, 21, 36, 38, 83, 33, 2, 45, 9, 21, 35, 61, 3, 36, 38, 38, 21, 59, 21, 7, 40, 34, 11, 29, 13, 0)
s = 116: (0, 13, 7, 10, 37, 34, 19, 45, 50, 100, 45, 31, 16, 23, 16, 15, 48, 10, 26, 8, 13, 71, 27, 12, 144, 66, 8, 7, 10, 43, 13, 70, 23, 6, 33, 45, 8, 15, 36, 3, 31, 8, 32, 15, 16, 10, 26, 33, 16, 76, 89, 42, 44, 19, 12, 8, 22, 32, 89, 60, 52, 5, 26, 12, 20, 4, 6, 23, 26, 33, 60, 23, 2, 51, 14, 32, 28, 134, 4, 63, 82, 75, 28, 39, 24, 7, 32, 45, 8, 30, 22, 0)
s = 117: (0, 20, 5, 7, 41, 87, 17, 70, 41, 57, 41, 15, 16, 20, 13, 18, 65, 12, 20, 11, 20, 47, 25, 11, 90, 63, 8, 11, 10, 35, 22, 52, 17, 8, 20, 39, 7, 18, 16, 3, 16, 8, 30, 23, 15, 14, 34, 28, 17, 84, 83, 30, 56, 18, 6, 5, 34, 56, 86, 49, 69, 4, 96, 25, 20, 6, 8, 23, 45, 20, 102, 26, 3, 35, 13, 29, 29, 103, 4, 47, 81, 62, 26, 56, 29, 7, 26, 57, 6, 50, 25, 0)
s = 118: (0, 10, 5, 7, 32, 34, 14, 49, 64, 79, 52, 23, 22, 18, 17, 24, 47, 16, 16, 10, 10, 55, 35, 18, 55, 39, 10, 12, 10, 27, 19, 43, 19, 10, 15, 83, 9, 21, 20, 3, 36, 7, 29, 17, 7, 13, 29, 19, 26, 55, 45, 28, 44, 15, 8, 7, 54, 60, 61, 69, 70, 5, 30, 12, 21, 8, 7, 19, 26, 26, 109, 23, 3, 35, 22, 21, 35, 76, 3, 41, 49, 39, 29, 77, 22, 6, 35, 36, 11, 31, 28, 0)
s = 119: (0, 14, 5, 9, 60, 99, 19, 61, 42, 43, 36, 21, 14, 12, 9, 22, 48, 16, 13, 10, 14, 40, 47, 10, 102, 94, 13, 13, 12, 47, 16, 32, 22, 6, 26, 55, 10, 16, 17, 2, 19, 9, 40, 12, 10, 15, 21, 30, 25, 29, 65, 45, 59, 12, 12, 8, 27, 35, 48, 75, 91, 4, 40, 16, 10, 8, 4, 29, 39, 21, 79, 36, 3, 49, 11, 24, 42, 65, 4, 35, 72, 81, 19, 51, 44, 6, 38, 65, 9, 20, 19, 0)
s = 120: (0, 15, 8, 8, 55, 47, 13, 107, 59, 54, 57, 15, 20, 16, 10, 19, 60, 11, 23, 17, 19, 83, 35, 16, 104, 73, 8, 9, 13, 20, 24, 46, 23, 10, 19, 69, 13, 13, 15, 3, 24, 8, 29, 20, 11, 9, 30, 34, 21, 36, 53, 33, 31, 19, 8, 7, 25, 26, 67, 95, 41, 3, 60, 19, 13, 8, 6, 15, 61, 34, 80, 26, 3, 37, 14, 21, 47, 78, 5, 35, 37, 38, 21, 35, 21, 6, 17, 47, 8, 24, 17, 0)
s = 121: (0, 18, 4, 20, 40, 63, 9, 46, 41, 104, 36, 35, 30, 16, 12, 18, 69, 14, 21, 7, 19, 34, 26, 12, 103, 49, 7, 14, 12, 28, 10, 35, 22, 7, 33, 48, 13, 17, 27, 3, 28, 6, 38, 20, 7, 12, 32, 18, 29, 47, 78, 33, 51, 17, 9, 9, 45, 53, 96, 135, 53, 4, 46, 19, 26, 8, 5, 23, 49, 18, 103, 23, 3, 39, 17, 12, 40, 44, 2, 43, 76, 62, 42, 41, 32, 8, 43, 55, 9, 31, 13, 0)
s = 122: (0, 10, 6, 7, 60, 57, 21, 49, 28, 61, 50, 14, 12, 26, 9, 18, 31, 19, 28, 14, 8, 67, 25, 14, 88, 94, 11, 12, 13, 26, 13, 41, 44, 7, 15, 55, 10, 15, 22, 3, 23, 8, 25, 17, 14, 10, 28, 15, 29, 62, 77, 62, 49, 9, 13, 8, 24, 41, 64, 82, 69, 3, 27, 14, 19, 6, 9, 18, 38, 19, 111, 17, 3, 30, 10, 14, 71, 66, 4, 37, 41, 64, 20, 40, 32, 7, 47, 84, 9, 24, 13, 0)
s = 123: (0, 15, 4, 11, 27, 34, 16, 37, 36, 43, 38, 15, 12, 15, 17, 17, 37, 14, 25, 11, 14, 50, 22, 18, 147, 73, 11, 8, 9, 25, 13, 40, 41, 9, 29, 66, 10, 12, 32, 2, 30, 7, 40, 30, 7, 14, 44, 25, 23, 67, 82, 45, 47, 12, 7, 7, 36, 84, 138, 70, 107, 5, 32, 12, 18, 6, 10, 15, 66, 32, 83, 47, 4, 33, 16, 29, 34, 69, 2, 30, 38, 48, 26, 44, 17, 6, 33, 31, 11, 46, 15, 0)
s = 124: (0, 10, 6, 9, 58, 72, 10, 41, 58, 61, 53, 21, 12, 11, 10, 17, 30, 12, 25, 11, 16, 72, 31, 11, 82, 50, 12, 7, 9, 61, 12, 31, 25, 7, 24, 61, 9, 12, 30, 3, 26, 12, 27, 19, 11, 9, 54, 21, 12, 39, 58, 43, 45, 20, 9, 7, 57, 63, 112, 130, 54, 3, 70, 17, 14, 7, 11, 23, 47, 30, 74, 23, 2, 49, 9, 17, 59, 83, 3, 33, 87, 78, 22, 54, 29, 5, 23, 37, 12, 28, 18, 0)
s = 125: (0, 10, 11, 7, 31, 30, 17, 42, 73, 45, 49, 18, 26, 15, 17, 18, 39, 14, 28, 16, 14, 43, 33, 9, 57, 103, 13, 15, 14, 25, 13, 63, 19, 7, 24, 59, 10, 19, 17, 2, 24, 9, 32, 27, 19, 10, 46, 22, 22, 52, 38, 26, 83, 19, 14, 8, 33, 56, 87, 75, 68, 4, 42, 26, 27, 10, 5, 18, 47, 29, 83, 30, 2, 42, 11, 16, 40, 98, 4, 53, 62, 73, 33, 60, 20, 5, 29, 39, 7, 51, 25, 0)
s = 126: (0, 12, 7, 9, 43, 40, 19, 61, 41, 93, 45, 23, 18, 23, 8, 28, 42, 10, 19, 12, 11, 90, 40, 18, 59, 110, 11, 18, 9, 36, 11, 39, 26, 10, 25, 48, 12, 18, 22, 2, 35, 10, 22, 13, 13, 13, 36, 39, 29, 37, 45, 34, 39, 16, 6, 6, 39, 36, 140, 114, 57, 5, 48, 18, 24, 8, 4, 24, 36, 29, 125, 22, 2, 42, 12, 12, 43, 112, 4, 77, 91, 44, 41, 53, 18, 4, 30, 55, 8, 24, 19, 0)
s = 127: (0, 21, 5, 8, 51, 53, 16, 80, 56, 55, 31, 24, 19, 25, 15, 16, 59, 13, 14, 8, 17, 44, 36, 20, 74, 105, 12, 15, 12, 30, 12, 49, 16, 6, 37, 36, 15, 14, 25, 2, 29, 12, 21, 18, 10, 9, 29, 35, 26, 95, 80, 46, 36, 11, 10, 5, 25, 27, 99, 66, 79, 5, 73, 13, 17, 6, 11, 21, 28, 33, 94, 30, 2, 50, 10, 18, 36, 115, 3, 23, 61, 52, 17, 59, 24, 6, 19, 84, 11, 34, 13, 0)
s = 128: (0, 23, 7, 8, 28, 39, 14, 94, 52, 60, 43, 20, 25, 17, 11, 17, 46, 18, 24, 15, 16, 89, 24, 17, 94, 71, 8, 11, 9, 28, 14, 44, 23, 7, 27, 78, 20, 29, 22, 3, 26, 6, 25, 24, 16, 14, 53, 32, 20, 84, 68, 40, 46, 12, 8, 7, 31, 42, 113, 111, 90, 5, 41, 10, 20, 7, 7, 29, 39, 34, 88, 41, 4, 26, 16, 20, 43, 55, 3, 40, 57, 56, 14, 42, 25, 4, 29, 39, 14, 44, 14, 0)
s = 129: (0, 18, 6, 16, 29, 60, 15, 75, 54, 35, 25, 21, 15, 29, 14, 19, 48, 20, 20, 8, 22, 40, 20, 12, 73, 72, 5, 9, 9, 27, 16, 39, 28, 4, 13, 34, 9, 24, 17, 3, 24, 12, 34, 17, 9, 17, 32, 17, 11, 31, 43, 45, 54, 18, 11, 4, 21, 62, 67, 79, 112, 6, 42, 18, 11, 9, 5, 27, 39, 26, 83, 26, 2, 46, 16, 32, 68, 82, 4, 31, 64, 58, 28, 46, 35, 6, 27, 50, 15, 47, 21, 0)
s = 130: (0, 22, 6, 11, 32, 58, 16, 63, 35, 53, 28, 21, 18, 27, 10, 20, 43, 17, 19, 11, 13, 56, 36, 13, 47, 86, 10, 10, 10, 49, 21, 62, 22, 5, 19, 43, 7, 14, 23, 3, 19, 7, 21, 20, 14, 7, 36, 24, 23, 56, 45, 30, 35, 17, 16, 6, 31, 59, 144, 93, 89, 4, 48, 14, 25, 5, 4, 21, 42, 37, 112, 32, 2, 52, 7, 25, 67, 69, 3, 57, 92, 46, 21, 59, 25, 8, 23, 39, 13, 46, 24, 0)
s = 131: (0, 16, 8, 13, 29, 65, 16, 82, 42, 49, 30, 29, 11, 29, 16, 13, 73, 12, 17, 18, 18, 95, 32, 13, 90, 76, 9, 9, 8, 34, 19, 25, 34, 9, 22, 35, 8, 26, 29, 3, 41, 6, 36, 31, 9, 18, 26, 21, 22, 62, 79, 37, 37, 17, 7, 4, 41, 43, 85, 92, 98, 4, 54, 19, 21, 8, 8, 20, 41, 25, 58, 50, 3, 51, 9, 21, 39, 54, 5, 31, 71, 46, 23, 33, 34, 8, 23, 32, 7, 30, 24, 0)
s = 132: (0, 19, 6, 12, 50, 86, 26, 68, 42, 96, 52, 27, 29, 20, 15, 14, 39, 9, 22, 11, 20, 33, 25, 14, 97, 92, 14, 7, 7, 18, 18, 68, 22, 7, 28, 65, 12, 13, 15, 4, 27, 6, 25, 30, 8, 11, 39, 21, 16, 72, 56, 45, 44, 11, 10, 9, 32, 67, 82, 78, 77, 3, 46, 16, 32, 8, 7, 21, 26, 19, 100, 26, 3, 45, 12, 19, 37, 67, 4, 30, 59, 73, 25, 37, 38, 5, 36, 47, 7, 38, 20, 0)
s = 133: (0, 13, 7, 13, 50, 55, 10, 65, 70, 80, 39, 17, 17, 15, 12, 28, 51, 15, 22, 8, 13, 78, 25, 10, 56, 89, 9, 8, 11, 30, 12, 44, 16, 6, 27, 43, 8, 22, 28, 3, 22, 7, 29, 18, 9, 7, 44, 20, 12, 62, 58, 33, 78, 15, 8, 8, 27, 58, 94, 90, 43, 5, 66, 10, 16, 4, 4, 13, 58, 37, 114, 28, 2, 56, 14, 16, 52, 77, 3, 63, 76, 47, 25, 44, 18, 7, 24, 68, 9, 39, 25, 0)
s = 134: (0, 11, 7, 14, 41, 51, 12, 68, 51, 95, 62, 23, 14, 21, 11, 14, 53, 10, 16, 15, 15, 57, 20, 17, 137, 78, 12, 12, 8, 26, 14, 43, 24, 8, 37, 52, 11, 24, 32, 2, 27, 6, 40, 19, 10, 10, 42, 29, 23, 44, 67, 57, 33, 18, 11, 6, 45, 39, 84, 60, 90, 5, 50, 23, 19, 9, 6, 15, 48, 26, 74, 32, 2, 54, 11, 25, 46, 70, 2, 30, 60, 45, 19, 36, 30, 6, 29, 29, 10, 30, 30, 0)
s = 135: (0, 10, 8, 9, 49, 66, 11, 76, 35, 71, 60, 25, 14, 21, 13, 15, 61, 9, 20, 11, 12, 41, 25, 15, 93, 43, 12, 15, 9, 31, 10, 29, 20, 7, 26, 38, 16, 25, 22, 2, 43, 6, 29, 19, 8, 14, 33, 15, 15, 46, 66, 48, 46, 8, 8, 5, 30, 42, 73, 121, 68, 4, 49, 9, 18, 9, 5, 24, 43, 41, 57, 22, 2, 40, 17, 22, 42, 54, 4, 62, 74, 59, 38, 40, 26, 9, 27, 51, 13, 38, 31, 0)
s = 136: (0, 18, 4, 11, 47, 30, 21, 73, 33, 52, 22, 15, 21, 22, 10, 25, 41, 22, 19, 9, 17, 33, 26, 9, 78, 64, 14, 9, 7, 28, 11, 42, 29, 5, 23, 71, 7, 15, 25, 3, 20, 11, 39, 17, 8, 15, 49, 33, 21, 66, 41, 42, 28, 15, 10, 5, 35, 35, 143, 59, 75, 4, 44, 14, 15, 9, 10, 23, 46, 43, 135, 27, 2, 35, 13, 18, 66, 78, 3, 61, 45, 43, 34, 30, 40, 7, 22, 51, 9, 35, 14, 0)
s = 137: (0, 12, 6, 9, 30, 63, 15, 61, 32, 41, 27, 30, 26, 26, 8, 20, 77, 18, 26, 17, 16, 47, 19, 12, 152, 51, 8, 14, 7, 28, 14, 38, 32, 7, 32, 38, 15, 12, 21, 2, 30, 5, 30, 25, 10, 12, 42, 16, 15, 29, 78, 51, 40, 13, 13, 5, 29, 38, 147, 76, 56, 6, 61, 14, 17, 6, 6, 16, 26, 49, 87, 23, 3, 43, 10, 19, 28, 108, 5, 23, 51, 49, 21, 41, 27, 8, 19, 28, 9, 28, 12, 0)
s = 138: (0, 11, 8, 9, 39, 41, 19, 75, 70, 71, 35, 29, 16, 17, 12, 18, 27, 23, 25, 9, 22, 33, 20, 10, 89, 65, 7, 12, 9, 24, 10, 47, 26, 6, 30, 31, 10, 12, 22, 2, 28, 13, 48, 26, 11, 10, 23, 23, 25, 54, 58, 42, 53, 10, 11, 8, 45, 36, 84, 95, 57, 4, 41, 11, 15, 6, 7, 33, 35, 34, 104, 27, 3, 48, 9, 19, 60, 84, 4, 54, 50, 57, 17, 53, 38, 5, 28, 41, 9, 54, 21, 0)
s = 139: (0, 11, 7, 8, 54, 93, 15, 48, 73, 91, 45, 14, 19, 21, 10, 15, 32, 13, 16, 6, 9, 63, 29, 9, 50, 71, 10, 14, 10, 26, 23, 37, 26, 6, 24, 41, 12, 15, 18, 2, 32, 9, 28, 26, 13, 12, 46, 20, 20, 59, 54, 41, 42, 16, 12, 5, 34, 37, 68, 104, 48, 6, 40, 11, 25, 5, 5, 24, 65, 42, 94, 24, 3, 27, 17, 24, 47, 65, 4, 50, 56, 89, 30, 35, 34, 5, 32, 43, 8, 22, 22, 0)
s = 140: (0, 8, 4, 9, 69, 80, 20, 38, 48, 52, 36, 23, 15, 19, 16, 28, 79, 17, 21, 13, 12, 54, 23, 9, 56, 101, 10, 16, 14, 28, 19, 30, 28, 8, 26, 39, 12, 11, 35, 4, 28, 6, 47, 16, 9, 12, 29, 20, 22, 34, 48, 44, 41, 12, 7, 5, 31, 38, 58, 61, 59, 3, 31, 17, 21, 5, 13, 28, 55, 17, 154, 36, 2, 31, 16, 39, 33, 86, 5, 42, 63, 62, 19, 37, 31, 5, 38, 38, 13, 37, 25, 0)
s = 141: (0, 19, 9, 8, 37, 101, 17, 66, 31, 73, 27, 16, 19, 16, 11, 15, 40, 9, 16, 13, 16, 49, 30, 18, 133, 40, 12, 16, 12, 42, 15, 44, 28, 7, 17, 80, 9, 17, 29, 3, 21, 8, 27, 22, 10, 10, 39, 33, 17, 42, 79, 29, 57, 14, 13, 6, 61, 43, 97, 79, 87, 4, 41, 10, 16, 6, 5, 15, 45, 30, 86, 31, 3, 57, 15, 20, 52, 77, 4, 67, 64, 33, 30, 76, 38, 12, 30, 57, 7, 20, 18, 0)
s = 142: (0, 10, 4, 12, 35, 58, 11, 43, 26, 93, 37, 21, 24, 13, 15, 14, 92, 11, 21, 6, 12, 38, 35, 18, 52, 45, 9, 15, 8, 36, 10, 39, 37, 7, 24, 77, 7, 22, 27, 2, 22, 7, 51, 20, 7, 11, 26, 16, 22, 43, 60, 46, 55, 10, 11, 4, 67, 48, 80, 46, 62, 3, 34, 18, 17, 6, 9, 16, 54, 40, 93, 26, 4, 29, 9, 34, 43, 84, 4, 39, 44, 84, 19, 69, 30, 6, 26, 34, 15, 53, 14, 0)
s = 143: (0, 17, 4, 10, 40, 58, 20, 69, 81, 113, 40, 20, 12, 25, 12, 22, 53, 10, 15, 8, 23, 79, 49, 10, 93, 91, 11, 7, 10, 26, 16, 49, 23, 5, 20, 32, 7, 19, 19, 2, 20, 10, 38, 14, 15, 11, 41, 24, 34, 35, 77, 61, 43, 17, 13, 8, 27, 35, 58, 75, 102, 4, 31, 12, 15, 7, 4, 18, 28, 40, 82, 37, 2, 52, 12, 20, 58, 66, 4, 36, 83, 50, 19, 42, 33, 5, 38, 59, 11, 46, 21, 0)
s = 144: (0, 9, 5, 10, 37, 48, 13, 59, 30, 88, 32, 17, 24, 18, 9, 12, 57, 14, 16, 10, 13, 94, 40, 11, 100, 83, 8, 13, 9, 40, 12, 27, 19, 5, 26, 76, 10, 23, 28, 3, 26, 8, 39, 29, 12, 12, 34, 20, 24, 52, 51, 42, 51, 19, 10, 5, 29, 32, 115, 65, 73, 5, 52, 17, 13, 4, 9, 18, 49, 20, 85, 35, 3, 31, 14, 25, 49, 122, 4, 26, 54, 56, 30, 43, 42, 6, 24, 47, 10, 35, 15, 0)
s = 145: (0, 12, 4, 10, 35, 44, 11, 40, 48, 97, 47, 18, 13, 12, 11, 29, 57, 18, 21, 9, 19, 55, 56, 8, 59, 51, 15, 8, 9, 30, 13, 47, 14, 5, 20, 40, 12, 27, 38, 2, 38, 6, 32, 36, 10, 10, 42, 17, 24, 52, 54, 67, 39, 23, 11, 7, 32, 47, 77, 112, 99, 6, 52, 20, 20, 5, 6, 25, 47, 36, 82, 27, 3, 30, 14, 18, 29, 57, 2, 62, 73, 62, 28, 52, 27, 7, 47, 39, 9, 43, 16, 0)
s = 146: (0, 12, 7, 13, 58, 66, 19, 41, 68, 48, 48, 20, 11, 23, 9, 30, 57, 17, 14, 9, 17, 64, 20, 10, 82, 96, 7, 10, 16, 33, 10, 46, 17, 7, 23, 49, 14, 27, 15, 3, 19, 12, 29, 20, 9, 8, 18, 23, 28, 44, 87, 51, 36, 13, 16, 8, 25, 34, 111, 45, 134, 7, 62, 15, 18, 6, 7, 16, 43, 24, 100, 29, 3, 33, 19, 15, 34, 99, 3, 32, 50, 60, 18, 55, 22, 6, 30, 51, 13, 23, 27, 0)
s = 147: (0, 9, 4, 8, 62, 43, 10, 62, 34, 56, 46, 27, 14, 22, 11, 19, 54, 14, 14, 13, 23, 48, 28, 11, 129, 43, 11, 15, 14, 33, 23, 65, 25, 7, 25, 75, 7, 14, 22, 4, 15, 6, 20, 11, 18, 12, 28, 17, 27, 38, 65, 29, 36, 10, 8, 8, 50, 43, 63, 50, 59, 5, 67, 26, 15, 6, 7, 22, 41, 24, 137, 32, 2, 39, 13, 16, 50, 100, 4, 57, 75, 37, 29, 49, 23, 5, 25, 53, 9, 37, 28, 0)
s = 148: (0, 19, 8, 12, 26, 46, 15, 51, 79, 36, 51, 21, 18, 13, 12, 19, 35, 8, 25, 13, 26, 39, 25, 10, 123, 35, 10, 9, 10, 39, 14, 26, 22, 4, 18, 50, 12, 15, 19, 2, 24, 11, 23, 19, 16, 9, 39, 38, 25, 68, 67, 35, 71, 10, 12, 8, 28, 35, 89, 56, 79, 4, 36, 12, 20, 7, 9, 19, 39, 21, 103, 36, 2, 33, 19, 25, 39, 91, 3, 43, 40, 78, 27, 30, 42, 8, 30, 67, 8, 35, 17, 0)
s = 149: (0, 16, 7, 9, 51, 39, 17, 60, 68, 90, 50, 34, 30, 19, 9, 17, 35, 17, 19, 10, 23, 42, 27, 9, 61, 55, 9, 8, 10, 28, 9, 45, 39, 11, 22, 28, 19, 17, 41, 2, 33, 8, 27, 17, 14, 23, 29, 20, 13, 62, 37, 43, 48, 18, 8, 5, 41, 36, 84, 60, 63, 3, 38, 10, 20, 8, 8, 24, 51, 31, 91, 33, 3, 24, 14, 23, 44, 74, 3, 41, 71, 61, 28, 53, 25, 9, 28, 39, 18, 50, 29, 0)
s = 150: (0, 19, 9, 11, 40, 83, 18, 54, 52, 67, 44, 13, 18, 21, 12, 20, 29, 9, 27, 6, 19, 49, 27, 11, 59, 46, 10, 10, 9, 40, 16, 47, 15, 7, 18, 74, 7, 26, 25, 4, 17, 5, 29, 21, 8, 14, 36, 20, 15, 63, 82, 39, 32, 17, 8, 7, 22, 45, 66, 85, 64, 3, 55, 18, 13, 5, 9, 20, 45, 20, 64, 46, 3, 30, 9, 23, 37, 96, 2, 39, 42, 45, 28, 66, 31, 4, 21, 30, 13, 39, 17, 0)
s = 151: (0, 11, 7, 12, 42, 42, 26, 67, 36, 101, 30, 16, 12, 19, 8, 16, 89, 13, 14, 7, 21, 33, 41, 21, 135, 66, 6, 7, 10, 29, 8, 33, 27, 7, 22, 31, 13, 21, 24, 2, 24, 6, 26, 15, 14, 8, 35, 27, 27, 47, 36, 63, 37, 17, 10, 4, 55, 30, 93, 63, 62, 6, 46, 14, 31, 6, 10, 16, 33, 25, 122, 17, 2, 50, 15, 30, 41, 104, 3, 22, 51, 47, 13, 59, 42, 6, 38, 51, 14, 24, 22, 0)
s = 152: (0, 18, 6, 21, 43, 65, 22, 84, 57, 60, 28, 21, 16, 15, 11, 12, 52, 13, 19, 9, 13, 39, 48, 14, 62, 77, 8, 11, 8, 33, 13, 38, 29, 5, 26, 52, 10, 19, 19, 2, 16, 11, 23, 21, 6, 18, 33, 22, 14, 31, 63, 24, 28, 15, 9, 6, 28, 69, 84, 103, 74, 4, 64, 12, 25, 6, 9, 26, 61, 36, 106, 57, 3, 27, 8, 15, 84, 79, 3, 33, 69, 42, 26, 41, 34, 5, 51, 54, 8, 33, 28, 0)
s = 153: (0, 10, 11, 7, 30, 44, 14, 39, 46, 78, 49, 19, 14, 19, 9, 28, 54, 10, 22, 8, 18, 39, 24, 16, 90, 46, 7, 11, 9, 45, 17, 36, 24, 8, 20, 53, 14, 12, 31, 3, 30, 10, 30, 19, 11, 14, 31, 29, 25, 48, 68, 43, 77, 11, 10, 7, 37, 61, 77, 56, 58, 3, 74, 12, 23, 9, 9, 17, 30, 27, 108, 27, 3, 26, 7, 18, 43, 147, 4, 39, 67, 70, 15, 45, 24, 6, 32, 35, 16, 27, 23, 0)
s = 154: (0, 12, 4, 8, 34, 43, 15, 37, 69, 55, 43, 19, 26, 16, 12, 25, 57, 20, 37, 10, 12, 49, 23, 15, 89, 94, 17, 10, 11, 30, 12, 47, 23, 7, 25, 39, 15, 19, 31, 3, 16, 11, 31, 23, 12, 12, 22, 25, 19, 35, 58, 32, 37, 20, 13, 9, 32, 56, 76, 76, 44, 3, 36, 11, 23, 5, 6, 16, 32, 19, 98, 27, 2, 35, 15, 17, 56, 64, 4, 48, 110, 66, 32, 56, 25, 6, 18, 31, 10, 25, 23, 0)
s = 155: (0, 16, 5, 8, 61, 48, 10, 50, 40, 62, 33, 17, 19, 18, 14, 21, 57, 9, 13, 11, 24, 52, 28, 14, 126, 39, 9, 14, 14, 30, 8, 64, 24, 7, 18, 49, 13, 14, 35, 3, 28, 6, 31, 20, 6, 10, 22, 20, 16, 33, 43, 48, 29, 18, 9, 9, 30, 50, 74, 68, 41, 4, 48, 16, 22, 8, 4, 30, 31, 39, 114, 25, 2, 35, 10, 16, 42, 79, 3, 34, 53, 74, 24, 32, 17, 7, 22, 61, 9, 20, 31, 0)
s = 156: (0, 13, 7, 12, 50, 55, 14, 45, 43, 63, 45, 24, 23, 25, 10, 22, 51, 18, 26, 11, 15, 57, 22, 11, 74, 114, 10, 7, 15, 32, 15, 26, 18, 5, 20, 65, 10, 18, 28, 3, 29, 9, 18, 15, 9, 11, 36, 34, 31, 61, 62, 61, 41, 10, 8, 7, 20, 49, 142, 82, 40, 3, 67, 16, 20, 5, 5, 25, 31, 24, 83, 26, 3, 23, 19, 16, 38, 73, 2, 50, 66, 45, 31, 33, 38, 5, 28, 34, 9, 44, 26, 0)
s = 157: (0, 16, 8, 8, 63, 62, 19, 49, 42, 51, 23, 19, 23, 31, 13, 36, 76, 11, 17, 6, 14, 77, 41, 8, 121, 65, 11, 6, 14, 22, 16, 38, 22, 7, 33, 61, 15, 19, 32, 3, 33, 5, 29, 13, 8, 14, 35, 34, 28, 44, 59, 56, 31, 20, 17, 9, 38, 26, 84, 73, 74, 4, 44, 15, 17, 4, 8, 22, 36, 26, 107, 27, 3, 26, 8, 20, 35, 50, 4, 36, 45, 79, 20, 32, 24, 7, 27, 66, 11, 41, 34, 0)
s = 158: (0, 15, 6, 15, 28, 54, 15, 70, 83, 61, 46, 30, 16, 19, 11, 12, 49, 14, 14, 8, 17, 71, 17, 13, 69, 91, 8, 11, 7, 37, 16, 44, 20, 7, 21, 46, 11, 18, 17, 2, 18, 10, 18, 22, 10, 14, 50, 18, 21, 46, 88, 46, 51, 19, 10, 6, 36, 45, 71, 61, 70, 3, 31, 14, 25, 6, 4, 19, 28, 37, 73, 23, 2, 31, 9, 22, 51, 90, 4, 33, 48, 79, 20, 50, 33, 7, 33, 43, 7, 29, 16, 0)
s = 159: (0, 13, 9, 11, 41, 94, 22, 104, 34, 59, 42, 19, 14, 12, 12, 13, 39, 23, 19, 18, 12, 69, 29, 11, 97, 50, 8, 12, 12, 39, 18, 35, 27, 10, 25, 42, 13, 11, 15, 3, 26, 6, 48, 19, 11, 13, 29, 14, 31, 27, 51, 27, 24, 9, 8, 6, 29, 65, 132, 89, 66, 6, 34, 22, 21, 8, 4, 20, 49, 32, 65, 31, 3, 39, 9, 31, 33, 104, 4, 46, 87, 67, 18, 49, 31, 4, 23, 51, 13, 31, 29, 0)
s = 160: (0, 13, 7, 8, 44, 60, 16, 44, 53, 56, 25, 13, 12, 12, 10, 20, 70, 10, 30, 10, 21, 41, 20, 10, 69, 62, 7, 10, 10, 31, 15, 26, 18, 7, 22, 49, 11, 12, 21, 3, 22, 10, 28, 24, 9, 10, 38, 19, 18, 45, 90, 23, 49, 13, 14, 6, 21, 54, 72, 86, 55, 3, 60, 13, 18, 6, 8, 19, 31, 19, 103, 33, 2, 34, 18, 20, 44, 55, 3, 63, 39, 67, 15, 67, 47, 6, 24, 55, 13, 28, 27, 0)
s = 161: (0, 10, 6, 9, 45, 78, 12, 53, 55, 88, 47, 15, 15, 25, 10, 15, 47, 12, 20, 11, 19, 52, 20, 10, 132, 51, 8, 11, 10, 35, 10, 22, 23, 7, 18, 51, 14, 17, 20, 3, 43, 6, 25, 15, 12, 14, 38, 20, 15, 44, 71, 60, 50, 15, 14, 6, 41, 27, 72, 57, 61, 5, 32, 21, 22, 8, 9, 16, 50, 25, 76, 16, 3, 29, 10, 22, 57, 84, 3, 57, 44, 50, 27, 65, 46, 6, 40, 42, 9, 46, 26, 0)
s = 162: (0, 11, 6, 13, 59, 34, 10, 95, 40, 63, 48, 30, 18, 21, 14, 22, 71, 16, 24, 9, 17, 58, 31, 10, 72, 85, 8, 11, 7, 22, 10, 68, 30, 9, 39, 52, 9, 31, 41, 2, 31, 6, 20, 30, 9, 14, 37, 17, 22, 54, 36, 27, 28, 23, 9, 6, 37, 32, 80, 106, 58, 6, 56, 13, 32, 6, 8, 13, 32, 32, 90, 30, 3, 40, 13, 21, 35, 104, 3, 38, 41, 39, 21, 49, 47, 7, 46, 47, 12, 30, 19, 0)
s = 163: (0, 10, 5, 12, 38, 47, 15, 59, 51, 62, 28, 29, 14, 25, 11, 26, 57, 10, 24, 8, 14, 33, 41, 15, 78, 70, 11, 7, 8, 48, 8, 59, 23, 9, 23, 30, 7, 13, 24, 2, 25, 5, 18, 15, 7, 11, 21, 22, 17, 44, 60, 51, 44, 20, 12, 8, 32, 45, 174, 47, 44, 5, 36, 15, 13, 9, 8, 23, 42, 32, 103, 51, 2, 79, 10, 28, 57, 46, 4, 49, 47, 69, 25, 48, 21, 8, 29, 79, 11, 50, 21, 0)
s = 164: (0, 19, 4, 14, 44, 53, 17, 66, 50, 66, 34, 24, 16, 35, 11, 18, 30, 12, 14, 9, 18, 58, 37, 11, 128, 50, 14, 7, 15, 43, 20, 41, 33, 6, 35, 58, 9, 20, 24, 3, 22, 9, 36, 12, 10, 13, 34, 34, 23, 39, 49, 30, 54, 12, 8, 7, 28, 56, 52, 56, 51, 4, 63, 15, 23, 5, 6, 21, 24, 47, 81, 26, 2, 35, 12, 12, 41, 92, 3, 39, 81, 82, 30, 37, 30, 7, 37, 42, 9, 54, 24, 0)
s = 165: (0, 11, 5, 8, 30, 51, 15, 74, 36, 68, 20, 21, 21, 15, 10, 26, 68, 18, 19, 11, 11, 34, 25, 11, 62, 53, 7, 12, 13, 25, 21, 48, 24, 7, 27, 61, 15, 17, 23, 2, 25, 6, 27, 19, 11, 10, 47, 19, 12, 43, 37, 35, 42, 13, 9, 7, 39, 91, 109, 51, 72, 6, 62, 16, 18, 5, 4, 34, 56, 32, 65, 38, 2, 31, 11, 26, 55, 69, 4, 26, 70, 61, 46, 34, 23, 7, 21, 49, 6, 34, 27, 0)
s = 166: (0, 12, 5, 8, 77, 52, 22, 58, 68, 38, 47, 22, 16, 17, 14, 22, 46, 17, 12, 15, 13, 65, 37, 13, 112, 77, 11, 7, 11, 49, 12, 56, 13, 4, 34, 45, 11, 18, 31, 2, 19, 10, 23, 19, 12, 15, 45, 19, 12, 40, 76, 29, 42, 15, 13, 9, 34, 70, 76, 70, 49, 4, 47, 11, 18, 7, 6, 25, 44, 39, 108, 44, 3, 63, 12, 26, 70, 85, 3, 28, 53, 65, 18, 73, 34, 7, 25, 49, 12, 27, 12, 0)
s = 167: (0, 17, 4, 9, 38, 44, 17, 36, 37, 90, 43, 22, 23, 23, 9, 35, 59, 20, 29, 11, 15, 78, 26, 11, 64, 77, 10, 10, 9, 37, 10, 36, 15, 5, 23, 61, 12, 27, 25, 2, 18, 6, 24, 15, 7, 9, 32, 32, 23, 53, 58, 54, 37, 11, 9, 11, 31, 56, 60, 56, 104, 5, 55, 18, 22, 11, 4, 18, 43, 18, 86, 18, 3, 42, 10, 20, 34, 46, 5, 31, 41, 61, 15, 32, 23, 6, 30, 65, 9, 29, 29, 0)
s = 168: (0, 23, 6, 10, 35, 52, 13, 59, 75, 72, 31, 16, 17, 12, 11, 27, 34, 17, 24, 10, 12, 61, 42, 16, 91, 42, 7, 18, 12, 20, 13, 69, 15, 7, 18, 36, 11, 24, 26, 2, 34, 7, 16, 22, 8, 7, 26, 22, 30, 28, 83, 26, 58, 22, 15, 4, 48, 44, 108, 86, 48, 5, 35, 18, 14, 5, 4, 20, 30, 24, 93, 32, 2, 67, 9, 22, 31, 84, 3, 60, 52, 37, 20, 48, 18, 6, 34, 60, 9, 38, 15, 0)
s = 169: (0, 14, 9, 15, 30, 69, 15, 54, 54, 76, 37, 20, 20, 19, 12, 24, 37, 11, 24, 14, 12, 49, 44, 13, 77, 68, 14, 7, 9, 35, 11, 44, 32, 6, 22, 54, 8, 17, 16, 2, 38, 5, 50, 19, 10, 9, 27, 20, 26, 53, 63, 42, 42, 23, 12, 7, 48, 39, 113, 129, 61, 3, 59, 17, 17, 7, 4, 14, 28, 20, 121, 33, 2, 68, 11, 27, 28, 86, 3, 34, 36, 72, 19, 48, 28, 9, 33, 86, 9, 51, 20, 0)
s = 170: (0, 19, 5, 10, 37, 68, 12, 43, 41, 50, 35, 17, 15, 32, 15, 21, 32, 19, 22, 10, 17, 64, 26, 13, 80, 57, 9, 10, 9, 30, 12, 39, 36, 9, 19, 57, 15, 28, 23, 2, 20, 12, 32, 17, 11, 9, 30, 23, 16, 72, 51, 37, 49, 21, 9, 10, 25, 34, 145, 80, 70, 4, 30, 19, 14, 4, 9, 19, 44, 32, 65, 33, 2, 46, 13, 26, 44, 78, 4, 49, 99, 86, 19, 58, 33, 8, 25, 41, 12, 37, 29, 0)
s = 171: (0, 13, 6, 9, 78, 81, 12, 54, 45, 100, 59, 12, 19, 18, 17, 18, 38, 15, 28, 13, 18, 60, 27, 15, 80, 48, 11, 15, 10, 30, 10, 30, 20, 6, 14, 52, 7, 12, 26, 2, 25, 7, 25, 19, 15, 14, 27, 21, 18, 56, 51, 27, 31, 11, 11, 4, 52, 41, 118, 78, 47, 3, 58, 18, 25, 7, 6, 14, 34, 26, 82, 22, 4, 37, 8, 17, 38, 70, 4, 31, 43, 60, 40, 35, 27, 8, 27, 42, 8, 35, 24, 0)
s = 172: (0, 9, 6, 8, 38, 69, 18, 50, 62, 45, 42, 23, 13, 27, 14, 16, 54, 10, 16, 12, 9, 56, 56, 11, 69, 66, 11, 8, 12, 32, 17, 65, 24, 5, 37, 40, 14, 24, 14, 3, 34, 10, 29, 33, 10, 17, 39, 28, 17, 52, 45, 43, 41, 14, 12, 5, 42, 37, 103, 64, 65, 3, 33, 15, 14, 8, 5, 22, 53, 38, 124, 35, 3, 44, 9, 13, 35, 85, 3, 31, 45, 40, 22, 59, 38, 6, 35, 55, 7, 26, 22, 0)
s = 173: (0, 18, 6, 12, 40, 55, 14, 59, 54, 75, 22, 31, 20, 15, 12, 18, 42, 12, 26, 6, 16, 64, 22, 14, 90, 83, 10, 10, 11, 24, 15, 35, 27, 5, 29, 79, 13, 13, 36, 2, 30, 6, 22, 17, 10, 12, 24, 24, 27, 45, 57, 25, 43, 12, 12, 8, 29, 48, 89, 120, 71, 5, 40, 23, 19, 8, 7, 24, 43, 27, 118, 47, 3, 41, 17, 13, 52, 74, 4, 46, 72, 50, 25, 67, 32, 7, 24, 42, 16, 49, 20, 0)
s = 174: (0, 16, 4, 10, 60, 45, 13, 53, 46, 61, 32, 23, 25, 18, 14, 21, 39, 23, 23, 7, 18, 61, 24, 8, 122, 65, 13, 10, 8, 42, 22, 49, 25, 7, 34, 96, 10, 20, 26, 3, 20, 7, 36, 20, 10, 15, 46, 31, 19, 27, 56, 38, 54, 15, 13, 8, 31, 50, 107, 79, 52, 5, 31, 13, 23, 8, 4, 25, 27, 24, 127, 23, 2, 40, 11, 24, 58, 50, 3, 39, 40, 64, 35, 36, 27, 7, 25, 54, 8, 37, 17, 0)
s = 175: (0, 12, 7, 16, 42, 79, 15, 85, 31, 72, 22, 19, 24, 12, 10, 21, 30, 14, 31, 7, 19, 42, 23, 11, 54, 61, 8, 10, 12, 29, 18, 34, 21, 9, 26, 52, 8, 16, 17, 2, 20, 7, 19, 13, 9, 13, 45, 18, 15, 47, 42, 30, 40, 14, 10, 10, 48, 49, 66, 68, 40, 5, 42, 17, 21, 10, 5, 22, 52, 32, 50, 28, 2, 54, 14, 29, 43, 52, 4, 58, 48, 44, 36, 52, 29, 6, 26, 49, 7, 53, 16, 0)
s = 176: (0, 17, 5, 9, 62, 72, 21, 65, 43, 77, 54, 30, 23, 13, 14, 18, 51, 13, 27, 9, 24, 57, 24, 14, 118, 95, 14, 9, 9, 28, 10, 37, 19, 5, 31, 48, 10, 19, 25, 3, 15, 15, 26, 24, 7, 16, 44, 19, 29, 63, 47, 27, 49, 20, 10, 7, 40, 57, 98, 132, 47, 4, 64, 21, 25, 8, 5, 30, 48, 21, 100, 36, 2, 37, 15, 20, 52, 46, 3, 26, 69, 72, 23, 56, 19, 11, 16, 54, 10, 38, 27, 0)
s = 177: (0, 9, 6, 10, 30, 44, 19, 75, 27, 45, 28, 15, 14, 25, 9, 24, 47, 9, 18, 13, 15, 45, 38, 12, 104, 47, 9, 7, 19, 24, 14, 37, 14, 11, 17, 47, 13, 32, 17, 2, 32, 12, 22, 20, 7, 13, 27, 21, 29, 56, 40, 45, 35, 23, 9, 7, 49, 58, 84, 74, 47, 7, 49, 14, 29, 5, 6, 20, 39, 31, 80, 31, 3, 32, 9, 20, 31, 59, 3, 44, 63, 48, 18, 36, 23, 7, 39, 41, 12, 23, 11, 0)
s = 178: (0, 12, 4, 7, 35, 49, 16, 53, 42, 62, 23, 19, 14, 14, 15, 36, 49, 19, 21, 10, 13, 57, 31, 11, 148, 63, 10, 7, 8, 33, 13, 53, 20, 5, 27, 76, 10, 15, 29, 2, 20, 10, 31, 20, 11, 15, 35, 32, 18, 63, 49, 46, 25, 20, 17, 7, 32, 59, 59, 67, 76, 4, 46, 20, 20, 5, 4, 24, 36, 27, 60, 46, 2, 33, 14, 15, 57, 72, 4, 26, 87, 78, 28, 69, 27, 5, 28, 43, 6, 33, 16, 0)
s = 179: (0, 9, 5, 15, 25, 40, 12, 55, 53, 57, 38, 19, 17, 26, 17, 14, 46, 11, 14, 9, 15, 39, 37, 15, 70, 61, 10, 9, 7, 31, 11, 42, 24, 11, 22, 30, 10, 22, 22, 3, 35, 6, 39, 19, 10, 13, 31, 21, 20, 49, 59, 48, 33, 24, 9, 7, 50, 69, 87, 62, 52, 5, 31, 17, 13, 5, 7, 15, 36, 21, 88, 41, 2, 32, 15, 28, 30, 80, 3, 43, 40, 35, 19, 28, 35, 4, 32, 63, 7, 52, 24, 0)
s = 180: (0, 14, 8, 14, 48, 78, 24, 68, 40, 77, 49, 22, 10, 26, 15, 17, 52, 13, 15, 16, 24, 45, 24, 9, 85, 76, 11, 9, 11, 19, 11, 24, 24, 4, 31, 54, 9, 22, 19, 3, 20, 8, 44, 20, 8, 9, 23, 20, 22, 31, 57, 40, 43, 17, 13, 7, 38, 38, 93, 85, 102, 3, 40, 23, 16, 7, 7, 26, 68, 31, 98, 41, 2, 44, 8, 37, 63, 110, 4, 28, 52, 73, 22, 49, 27, 4, 27, 49, 10, 22, 17, 0)
s = 181: (0, 11, 5, 7, 43, 38, 12, 56, 59, 83, 34, 32, 18, 27, 10, 28, 51, 12, 14, 8, 10, 66, 35, 9, 59, 84, 8, 12, 7, 39, 23, 26, 25, 9, 38, 34, 14, 21, 41, 2, 34, 10, 29, 19, 13, 13, 35, 40, 13, 39, 56, 52, 29, 15, 13, 6, 28, 31, 88, 64, 80, 4, 43, 15, 13, 7, 8, 27, 53, 36, 117, 31, 2, 51, 12, 27, 45, 67, 3, 62, 49, 70, 23, 53, 19, 6, 43, 58, 12, 34, 22, 0)
s = 182: (0, 9, 10, 7, 57, 73, 15, 62, 36, 51, 35, 13, 18, 19, 14, 20, 73, 13, 22, 7, 16, 73, 28, 13, 70, 74, 8, 6, 9, 33, 17, 24, 17, 7, 34, 60, 7, 21, 19, 3, 25, 8, 48, 27, 11, 11, 30, 22, 19, 49, 67, 44, 37, 18, 9, 4, 30, 37, 109, 69, 67, 4, 73, 12, 12, 5, 8, 20, 45, 30, 82, 28, 2, 43, 15, 20, 85, 80, 3, 29, 48, 73, 16, 37, 37, 6, 39, 59, 9, 53, 24, 0)
s = 183: (0, 12, 4, 8, 67, 83, 11, 53, 89, 67, 38, 16, 17, 22, 12, 12, 36, 9, 13, 9, 24, 53, 40, 14, 81, 43, 7, 12, 10, 31, 20, 56, 29, 7, 40, 53, 13, 23, 22, 3, 21, 6, 34, 21, 14, 8, 46, 26, 27, 36, 46, 32, 31, 10, 14, 7, 23, 39, 93, 72, 81, 5, 28, 19, 18, 6, 5, 28, 34, 30, 61, 28, 2, 32, 16, 28, 52, 59, 3, 42, 38, 68, 23, 34, 29, 6, 28, 29, 13, 24, 19, 0)
s = 184: (0, 10, 7, 13, 40, 45, 14, 59, 37, 65, 47, 16, 15, 21, 9, 19, 82, 16, 27, 10, 14, 65, 35, 8, 58, 50, 10, 10, 15, 25, 14, 40, 22, 6, 19, 60, 6, 21, 19, 2, 37, 8, 17, 16, 8, 9, 35, 21, 30, 41, 46, 54, 47, 21, 7, 7, 31, 63, 68, 80, 91, 5, 61, 21, 22, 8, 7, 28, 54, 47, 130, 37, 3, 42, 12, 18, 48, 115, 4, 48, 73, 37, 22, 30, 34, 7, 32, 46, 15, 26, 22, 0)
s = 185: (0, 16, 7, 10, 30, 56, 17, 79, 43, 70, 28, 15, 19, 16, 8, 18, 43, 16, 12, 8, 10, 51, 30, 11, 79, 53, 10, 7, 12, 34, 12, 51, 13, 5, 22, 47, 6, 21, 34, 2, 34, 14, 21, 14, 8, 12, 42, 24, 24, 46, 61, 32, 26, 17, 9, 7, 39, 38, 121, 68, 79, 4, 60, 15, 13, 6, 11, 21, 33, 25, 90, 24, 2, 30, 9, 24, 33, 60, 4, 55, 44, 69, 28, 34, 19, 6, 60, 69, 16, 22, 21, 0)
s = 186: (0, 14, 7, 16, 31, 54, 23, 67, 55, 48, 25, 25, 14, 28, 8, 14, 41, 8, 23, 10, 13, 52, 35, 11, 52, 89, 8, 15, 9, 27, 15, 56, 25, 10, 19, 42, 9, 21, 21, 3, 36, 8, 27, 20, 7, 9, 26, 23, 17, 42, 63, 40, 28, 22, 10, 7, 34, 34, 75, 95, 101, 5, 38, 11, 14, 4, 6, 23, 31, 26, 124, 29, 2, 35, 12, 17, 88, 81, 4, 52, 76, 52, 25, 34, 49, 5, 37, 48, 10, 40, 24, 0)
s = 187: (0, 11, 6, 11, 39, 64, 15, 39, 47, 71, 32, 14, 13, 14, 20, 19, 61, 22, 19, 12, 19, 47, 17, 15, 86, 94, 8, 8, 8, 40, 10, 36, 26, 7, 18, 41, 13, 11, 17, 2, 23, 9, 30, 13, 8, 14, 34, 36, 14, 47, 78, 51, 39, 21, 8, 4, 24, 45, 54, 60, 61, 4, 33, 16, 15, 7, 7, 29, 43, 36, 60, 25, 2, 25, 20, 17, 30, 60, 5, 32, 107, 75, 26, 50, 28, 5, 28, 42, 11, 59, 15, 0)
s = 188: (0, 20, 7, 8, 27, 73, 17, 69, 71, 103, 35, 18, 12, 24, 12, 14, 54, 8, 22, 9, 19, 83, 51, 11, 83, 41, 7, 7, 9, 33, 18, 71, 21, 5, 14, 66, 15, 12, 35, 2, 34, 6, 27, 19, 12, 12, 30, 25, 12, 42, 93, 39, 36, 14, 9, 5, 49, 31, 157, 73, 98, 5, 56, 19, 15, 7, 7, 14, 35, 55, 147, 22, 2, 32, 10, 14, 90, 67, 4, 53, 71, 44, 21, 53, 31, 8, 33, 50, 7, 39, 15, 0)
s = 189: (0, 12, 7, 9, 58, 38, 22, 63, 44, 90, 33, 28, 17, 26, 11, 16, 30, 14, 25, 10, 16, 58, 18, 18, 53, 43, 12, 11, 7, 19, 19, 34, 26, 7, 44, 54, 6, 18, 23, 2, 37, 8, 24, 28, 11, 14, 21, 20, 31, 52, 53, 37, 72, 15, 10, 6, 48, 75, 57, 50, 94, 4, 46, 17, 17, 5, 7, 15, 43, 29, 62, 24, 2, 53, 9, 20, 54, 83, 3, 32, 61, 56, 21, 60, 35, 8, 35, 71, 11, 26, 20, 0)
s = 190: (0, 14, 6, 7, 41, 57, 20, 33, 38, 71, 39, 14, 28, 19, 8, 25, 90, 14, 14, 8, 13, 38, 32, 10, 70, 51, 7, 13, 10, 35, 11, 56, 28, 6, 33, 42, 10, 18, 24, 3, 37, 10, 23, 20, 16, 15, 38, 17, 26, 28, 51, 36, 62, 13, 10, 6, 29, 35, 89, 71, 45, 7, 78, 21, 26, 6, 4, 17, 30, 36, 81, 28, 2, 62, 9, 17, 41, 104, 4, 37, 79, 63, 21, 31, 25, 6, 20, 77, 12, 41, 21, 0)
s = 191: (0, 17, 7, 12, 42, 77, 14, 41, 68, 86, 34, 15, 14, 13, 10, 20, 54, 11, 18, 11, 14, 41, 24, 13, 142, 90, 7, 8, 10, 31, 17, 39, 25, 6, 33, 93, 11, 11, 19, 3, 25, 7, 32, 30, 8, 21, 21, 16, 13, 44, 57, 55, 45, 14, 7, 7, 44, 55, 69, 112, 96, 5, 57, 13, 22, 10, 5, 22, 47, 26, 81, 31, 2, 61, 13, 22, 52, 56, 3, 24, 51, 62, 21, 39, 34, 7, 26, 54, 7, 49, 19, 0)
s = 192: (0, 16, 5, 9, 50, 66, 17, 42, 63, 61, 34, 19, 26, 13, 14, 22, 56, 11, 14, 9, 18, 36, 46, 16, 71, 52, 8, 10, 11, 24, 15, 42, 20, 5, 20, 37, 7, 22, 17, 4, 20, 10, 30, 14, 11, 7, 25, 30, 23, 54, 71, 47, 48, 15, 7, 8, 28, 62, 64, 94, 51, 3, 69, 18, 13, 6, 5, 17, 60, 36, 131, 27, 2, 48, 12, 12, 43, 52, 3, 50, 82, 48, 23, 63, 21, 6, 33, 73, 9, 40, 18, 0)
s = 193: (0, 13, 4, 16, 28, 83, 18, 82, 54, 58, 38, 17, 26, 16, 12, 19, 44, 14, 32, 14, 17, 45, 27, 15, 79, 82, 13, 11, 12, 35, 9, 32, 28, 7, 20, 40, 11, 24, 23, 2, 33, 9, 26, 18, 7, 15, 30, 25, 16, 42, 105, 42, 42, 12, 11, 7, 39, 28, 105, 127, 72, 3, 56, 16, 22, 8, 5, 19, 31, 33, 99, 22, 3, 35, 10, 20, 44, 88, 3, 32, 89, 85, 30, 42, 33, 5, 29, 74, 13, 39, 30, 0)
s = 194: (0, 12, 4, 11, 24, 80, 13, 51, 65, 63, 41, 12, 18, 13, 8, 30, 38, 18, 30, 12, 11, 60, 52, 17, 50, 74, 7, 8, 7, 38, 12, 42, 25, 5, 17, 64, 7, 17, 28, 5, 39, 7, 36, 23, 8, 18, 28, 27, 31, 39, 71, 45, 43, 11, 11, 6, 40, 52, 60, 60, 84, 4, 59, 23, 17, 9, 6, 17, 35, 20, 93, 40, 2, 41, 16, 25, 71, 72, 3, 34, 54, 48, 20, 46, 26, 6, 30, 46, 8, 33, 11, 0)
s = 195: (0, 11, 5, 13, 32, 35, 11, 67, 37, 58, 44, 16, 18, 21, 14, 25, 75, 10, 19, 11, 17, 55, 24, 16, 103, 86, 7, 15, 8, 39, 13, 28, 25, 5, 17, 54, 12, 16, 29, 2, 26, 9, 17, 32, 8, 17, 28, 17, 22, 54, 72, 42, 63, 17, 12, 5, 24, 47, 114, 61, 46, 4, 49, 16, 13, 10, 5, 27, 42, 32, 57, 26, 2, 58, 21, 29, 66, 85, 3, 34, 31, 76, 19, 31, 26, 6, 31, 43, 12, 32, 24, 0)
s = 196: (0, 21, 9, 11, 35, 67, 17, 103, 44, 50, 39, 24, 14, 20, 13, 24, 44, 16, 20, 6, 10, 78, 37, 17, 51, 53, 10, 13, 10, 38, 13, 35, 17, 5, 19, 90, 8, 20, 22, 2, 19, 11, 41, 13, 14, 13, 25, 24, 15, 71, 97, 51, 46, 15, 8, 9, 24, 61, 105, 114, 93, 3, 43, 19, 34, 7, 7, 25, 32, 34, 107, 50, 2, 38, 10, 19, 36, 110, 5, 27, 61, 62, 15, 33, 26, 8, 24, 34, 8, 31, 22, 0)
s = 197: (0, 11, 9, 8, 53, 37, 11, 45, 66, 53, 34, 15, 16, 25, 17, 17, 47, 20, 16, 13, 21, 51, 23, 10, 70, 101, 10, 9, 11, 34, 10, 32, 26, 10, 25, 48, 7, 23, 37, 2, 23, 6, 44, 13, 8, 13, 32, 25, 23, 57, 55, 41, 50, 10, 10, 6, 42, 42, 99, 88, 61, 4, 28, 16, 17, 8, 5, 23, 39, 24, 60, 43, 3, 53, 8, 30, 36, 67, 4, 62, 39, 70, 37, 42, 24, 5, 35, 43, 15, 50, 21, 0)
s = 198: (0, 16, 7, 13, 31, 62, 11, 71, 36, 56, 29, 25, 21, 18, 9, 19, 43, 11, 11, 10, 18, 68, 21, 12, 51, 46, 8, 7, 12, 41, 17, 43, 27, 6, 21, 26, 12, 17, 22, 3, 30, 10, 42, 17, 11, 15, 38, 37, 18, 47, 92, 39, 35, 17, 10, 5, 35, 38, 86, 48, 79, 7, 50, 10, 17, 8, 5, 17, 35, 17, 111, 24, 3, 27, 16, 35, 56, 51, 3, 41, 90, 42, 17, 85, 27, 4, 16, 74, 9, 32, 22, 0)
s = 199: (0, 14, 6, 11, 29, 54, 20, 51, 40, 62, 29, 18, 21, 22, 17, 14, 33, 18, 24, 6, 16, 53, 25, 12, 91, 69, 7, 9, 8, 23, 9, 53, 21, 6, 16, 35, 7, 24, 21, 3, 47, 6, 44, 22, 8, 11, 44, 15, 16, 51, 66, 35, 37, 17, 8, 5, 25, 55, 105, 101, 83, 4, 48, 15, 23, 9, 8, 20, 32, 36, 92, 27, 3, 36, 12, 18, 53, 142, 4, 68, 71, 57, 25, 32, 25, 5, 28, 61, 8, 24, 25, 0)
s = 200: (0, 14, 8, 13, 54, 40, 14, 60, 33, 83, 39, 11, 11, 31, 12, 26, 47, 15, 17, 8, 10, 63, 32, 12, 107, 46, 6, 6, 8, 25, 13, 38, 28, 6, 21, 31, 7, 17, 26, 3, 24, 9, 23, 26, 9, 19, 38, 38, 20, 38, 46, 33, 51, 19, 10, 9, 36, 32, 123, 67, 63, 5, 34, 22, 26, 5, 5, 12, 56, 23, 125, 32, 3, 29, 18, 16, 54, 54, 4, 28, 39, 59, 17, 36, 29, 7, 32, 31, 13, 47, 22, 0)
************************************************************************
ES/LS-VALUES:
jobnr.   ES(i)    LS(i)
------------------------------------------------------------------------
  0        0        0
  1        0       389
  2        0       343
  3        0       378
  4        6       349
  5       20       364
  6       20       411
  7        3       393
  8       15       418
  9       32       377
 10       32       400
 11       25       417
 12        4       383
 13       32       466
 14        4       443
 15       26       430
 16       48       394
 17       42       424
 18       15       406
 19        6       428
 20       42       411
 21       55       437
 22        6       445
 23       42       421
 24       48       428
 25       20       392
 26       34       427
 27       35       423
 28       15       448
 29       14       394
 30       45       425
 31       61       408
 32        7       430
 33       32       448
 34       38       427
 35       48       427
 36       57       438
 37       57       444
 38        4       416
 39        8       447
 40       30       411
 41       57       443
 42       45       435
 43       12       432
 44       34       426
 45       12       425
 46       48       427
 47       72       420
 48       32       424
 49       38       444
 50       65       446
 51       48       418
 52       26       440
 53       57       437
 54       67       480
 55       87       436
 56       77       459
 57       55       450
 58       62       433
 59        3       428
 60       45       425
 61       43       452
 62       67       448
 63       58       439
 64       47       454
 65       67       450
 66       58       445
 67       12       449
 68       67       448
 69       54       445
 70       79       460
 71       43       436
 72       62       450
 73       64       452
 74       16       450
 75       89       438
 76       45       466
 77       52       446
 78       103       461
 79       62       455
 80       103       452
 81       20       446
 82       114       463
 83       81       453
 84       75       457
 85       91       464
 86       93       466
 87       83       466
 88       100       484
 89       105       478
 90       119       469
 91       136       486
************************************************************************
BIG-M-VALUES:
M1 = 39, M2 = 176
************************************************************************
