************************************************************************
file with basedata            : j30_54.bas
initial value random generator: 53074419
************************************************************************
projects                      :  1
jobs (incl. supersource/sink ):  32
horizon                       :  186
RESOURCES
  - renewable                 :  4   R
  - nonrenewable              :  0   N
  - doubly constrained        :  0   D
************************************************************************
PROJECT INFORMATION:
pronr.  #jobs rel.date duedate tardcost  MPM-Time
    1     30      0       62       14       62
************************************************************************
PRECEDENCE RELATIONS:
jobnr.    #modes  #successors   successors
   0        1          3           1   2   3
   1        1          3           4  13  27
   2        1          3           5   6   7
   3        1          3          13  16  24
   4        1          3           5   8  12
   5        1          3          14  16  26
   6        1          3           9  10  21
   7        1          3          15  18  19
   8        1          3          11  18  21
   9        1          3          12  17  18
  10        1          2          11  13
  11        1          3          14  16  17
  12        1          2          14  22
  13        1          2          20  28
  14        1          3          19  23  29
  15        1          3          20  21  27
  16        1          1          19
  17        1          3          20  22  23
  18        1          2          23  26
  19        1          2          25  30
  20        1          1          26
  21        1          3          22  25  29
  22        1          1          24
  23        1          2          24  25
  24        1          1          28
  25        1          1          28
  26        1          1          30
  27        1          2          29  30
  28        1          1          31
  29        1          1          31
  30        1          1          31
  31        1          0        
************************************************************************
REQUESTS/DURATIONS:
jobnr. mode duration  R 1  R 2  R 3  R 4  E(W 1)
------------------------------------------------------------------------
  0      1     0       0    0    0    0     0
  1      1     5       0    0    7    0    35
  2      1     4       0    0    0    2     8
  3      1     2       0    8    3    0    22
  4      1     7       0    4    0    0    28
  5      1     1       0    0    2    7     9
  6      1     8       2    8    0    1    96
  7      1    10       0    0    3    8    110
  8      1     7       0    0    0    7    49
  9      1     4       5    0    9    0    56
 10      1     8       0    0    6    8    112
 11      1    10       0    3    0    7    100
 12      1     5       0    0    4    0    20
 13      1     2       5    0    1    0    14
 14      1     5       9    0    0    0    45
 15      1     9       0    0    0    8    72
 16      1     1       0    5    2    6    13
 17      1     7       5    5    0    0    70
 18      1     6       9    1    7    4    132
 19      1     3       0    4    3    0    21
 20      1     1       1    0    2    0     4
 21      1     9       0    3    3    4    90
 22      1     8       0    4   10    6    160
 23      1     9       1    3    0    0    45
 24      1     9       0    0   10    0    90
 25      1    10       0    9    8    3    200
 26      1     9       9    5    1    6    198
 27      1     5       0    2    0    0    10
 28      1     6       0    2    5    7    84
 29      1    10       0    0   10   10    200
 30      1     6       0    6    0    5    66
 31      1     0       0    0    0    0     0
************************************************************************
RESOURCEAVAILABILITIES:
  R 1
   62
************************************************************************
RESOURCE LIMITS:
jobnr.  l(R 1)  u(R 1)
------------------------------------------------------------------------
  0        0       0
  1        4       7
  2        1       2
  3        6      11
  4        2       4
  5        5       9
  6        6      12
  7        6      11
  8        4       7
  9        8      14
 10        7      14
 11        6      10
 12        2       4
 13        4       7
 14        5       9
 15        4       8
 16        7      13
 17        6      10
 18       12      22
 19        4       7
 20        2       4
 21        6      10
 22       10      20
 23        3       5
 24        5      10
 25       11      20
 26       12      22
 27        1       2
 28        8      14
 29       10      20
 30        6      11
 31        0       0
************************************************************************
SCENARIOS:
------------------------------------------------------------------------
RESOURCE k = 1
s = 1: (0, 22, 8, 25, 20, 12, 83, 149, 56, 48, 98, 134, 14, 15, 31, 86, 15, 70, 260, 23, 7, 70, 192, 53, 66, 275, 276, 7, 84, 248, 49, 0)
s = 2: (0, 59, 7, 14, 41, 10, 63, 70, 61, 59, 105, 105, 23, 11, 47, 54, 16, 73, 83, 20, 6, 67, 220, 40, 88, 118, 191, 12, 84, 210, 83, 0)
s = 3: (0, 30, 7, 31, 29, 9, 83, 68, 78, 44, 101, 72, 21, 11, 47, 75, 10, 103, 116, 17, 6, 99, 157, 56, 76, 124, 174, 12, 67, 136, 67, 0)
s = 4: (0, 31, 6, 28, 39, 9, 68, 60, 50, 64, 71, 122, 33, 15, 61, 88, 20, 98, 156, 18, 5, 95, 172, 24, 113, 163, 231, 11, 76, 213, 63, 0)
s = 5: (0, 30, 14, 15, 26, 11, 115, 141, 59, 52, 70, 64, 29, 14, 46, 68, 14, 96, 117, 22, 4, 91, 198, 32, 85, 178, 182, 7, 61, 223, 67, 0)
s = 6: (0, 24, 7, 21, 28, 11, 135, 111, 52, 35, 182, 133, 34, 14, 46, 52, 13, 71, 135, 14, 6, 112, 110, 37, 74, 182, 219, 8, 71, 128, 103, 0)
s = 7: (0, 48, 6, 24, 25, 9, 62, 101, 69, 48, 87, 138, 21, 9, 42, 54, 9, 111, 131, 12, 4, 103, 115, 26, 105, 191, 226, 17, 98, 298, 73, 0)
s = 8: (0, 49, 7, 30, 40, 7, 120, 117, 51, 37, 136, 88, 23, 11, 29, 63, 11, 53, 161, 20, 5, 50, 183, 37, 146, 115, 220, 9, 68, 174, 56, 0)
s = 9: (0, 39, 10, 15, 33, 7, 99, 123, 46, 46, 145, 105, 13, 18, 64, 54, 12, 70, 115, 25, 3, 96, 199, 33, 110, 206, 121, 14, 126, 183, 54, 0)
s = 10: (0, 30, 7, 29, 35, 9, 65, 150, 53, 59, 89, 100, 20, 9, 37, 90, 8, 50, 115, 26, 6, 114, 109, 49, 102, 174, 134, 12, 57, 307, 52, 0)
s = 11: (0, 29, 13, 20, 34, 7, 91, 92, 63, 68, 134, 136, 25, 9, 38, 58, 19, 83, 153, 21, 4, 79, 149, 49, 97, 203, 210, 11, 64, 179, 48, 0)
s = 12: (0, 50, 11, 30, 27, 7, 84, 70, 59, 78, 72, 136, 12, 24, 52, 58, 23, 101, 98, 19, 6, 77, 129, 44, 116, 287, 131, 10, 70, 164, 66, 0)
s = 13: (0, 40, 11, 16, 22, 10, 75, 100, 62, 92, 89, 80, 21, 17, 55, 94, 7, 68, 85, 14, 6, 66, 118, 39, 69, 258, 172, 9, 67, 195, 74, 0)
s = 14: (0, 39, 7, 34, 33, 8, 69, 73, 29, 39, 78, 88, 14, 22, 57, 82, 13, 92, 150, 25, 4, 128, 165, 43, 100, 243, 169, 10, 100, 189, 105, 0)
s = 15: (0, 50, 10, 14, 34, 8, 77, 68, 56, 95, 138, 63, 16, 18, 37, 54, 15, 105, 113, 14, 3, 78, 162, 55, 82, 194, 151, 9, 50, 214, 76, 0)
s = 16: (0, 44, 5, 13, 28, 9, 113, 173, 74, 35, 174, 110, 16, 16, 25, 55, 14, 62, 78, 19, 4, 139, 126, 39, 125, 281, 219, 14, 64, 257, 73, 0)
s = 17: (0, 40, 9, 34, 22, 6, 59, 86, 27, 56, 101, 92, 33, 12, 56, 60, 9, 78, 149, 28, 4, 109, 128, 63, 102, 201, 202, 9, 64, 135, 55, 0)
s = 18: (0, 27, 7, 18, 31, 8, 110, 103, 47, 65, 106, 94, 20, 13, 48, 90, 15, 80, 100, 30, 5, 81, 125, 63, 78, 246, 166, 12, 93, 133, 84, 0)
s = 19: (0, 26, 5, 20, 23, 10, 126, 169, 39, 52, 94, 70, 19, 15, 43, 114, 16, 59, 89, 28, 4, 106, 127, 37, 59, 129, 137, 7, 114, 188, 62, 0)
s = 20: (0, 40, 9, 24, 31, 13, 59, 115, 64, 48, 105, 58, 24, 11, 51, 55, 13, 78, 149, 16, 3, 80, 114, 52, 69, 174, 168, 10, 115, 178, 57, 0)
s = 21: (0, 20, 9, 23, 18, 7, 114, 80, 72, 46, 92, 87, 14, 19, 27, 40, 13, 103, 94, 28, 4, 139, 126, 45, 50, 163, 247, 12, 100, 161, 76, 0)
s = 22: (0, 47, 14, 18, 17, 10, 120, 94, 33, 74, 137, 102, 18, 14, 49, 64, 15, 59, 168, 28, 5, 72, 206, 41, 67, 157, 159, 9, 91, 189, 88, 0)
s = 23: (0, 33, 7, 18, 47, 7, 113, 77, 52, 39, 102, 61, 20, 20, 61, 66, 10, 39, 122, 16, 5, 64, 243, 33, 86, 254, 112, 15, 62, 153, 38, 0)
s = 24: (0, 39, 7, 15, 22, 10, 131, 186, 31, 92, 72, 52, 19, 15, 39, 64, 17, 103, 188, 16, 4, 91, 184, 29, 140, 200, 211, 8, 79, 179, 92, 0)
s = 25: (0, 45, 7, 31, 22, 9, 117, 144, 34, 60, 84, 70, 25, 14, 72, 103, 16, 42, 151, 14, 4, 62, 138, 59, 68, 243, 278, 7, 52, 143, 43, 0)
s = 26: (0, 44, 7, 20, 25, 7, 103, 166, 40, 49, 156, 91, 25, 9, 42, 84, 16, 74, 150, 16, 3, 99, 173, 49, 115, 260, 182, 10, 97, 171, 85, 0)
s = 27: (0, 29, 11, 23, 24, 6, 123, 103, 47, 42, 111, 119, 15, 19, 27, 45, 17, 70, 153, 23, 3, 66, 139, 56, 60, 176, 169, 6, 71, 190, 95, 0)
s = 28: (0, 22, 9, 16, 36, 7, 111, 119, 45, 77, 136, 85, 22, 13, 58, 62, 17, 56, 127, 32, 5, 135, 170, 54, 71, 212, 217, 18, 68, 263, 72, 0)
s = 29: (0, 45, 9, 15, 38, 8, 117, 142, 29, 41, 73, 134, 18, 20, 44, 56, 13, 57, 151, 15, 5, 81, 210, 70, 89, 292, 132, 13, 130, 257, 60, 0)
s = 30: (0, 34, 5, 14, 23, 12, 56, 87, 39, 57, 108, 91, 17, 10, 46, 63, 19, 98, 176, 23, 5, 70, 227, 54, 131, 261, 187, 11, 49, 205, 78, 0)
s = 31: (0, 23, 5, 35, 42, 9, 86, 95, 47, 67, 88, 106, 19, 16, 31, 86, 9, 54, 104, 17, 4, 95, 95, 50, 111, 277, 108, 12, 105, 281, 115, 0)
s = 32: (0, 48, 12, 29, 24, 9, 162, 85, 72, 50, 73, 122, 29, 13, 29, 42, 9, 68, 107, 26, 4, 123, 214, 37, 70, 137, 136, 9, 82, 273, 53, 0)
s = 33: (0, 29, 8, 31, 44, 9, 136, 127, 50, 67, 75, 71, 32, 14, 45, 68, 11, 91, 100, 29, 3, 82, 185, 39, 80, 175, 280, 7, 57, 124, 70, 0)
s = 34: (0, 31, 7, 26, 37, 12, 90, 93, 53, 56, 65, 100, 18, 10, 47, 44, 9, 48, 192, 23, 4, 79, 183, 42, 107, 345, 118, 12, 113, 165, 84, 0)
s = 35: (0, 35, 7, 24, 20, 15, 61, 73, 57, 40, 108, 73, 28, 11, 48, 48, 12, 70, 141, 17, 4, 100, 181, 32, 75, 188, 308, 8, 70, 142, 63, 0)
s = 36: (0, 54, 10, 36, 32, 10, 82, 82, 51, 38, 89, 213, 20, 16, 42, 51, 17, 40, 91, 17, 5, 122, 110, 48, 92, 138, 219, 9, 52, 147, 62, 0)
s = 37: (0, 34, 6, 23, 32, 9, 146, 88, 71, 70, 74, 77, 23, 10, 87, 51, 14, 79, 212, 13, 5, 93, 241, 32, 99, 184, 235, 11, 57, 144, 44, 0)
s = 38: (0, 53, 12, 19, 31, 15, 79, 104, 44, 36, 140, 92, 24, 17, 43, 79, 13, 77, 127, 16, 7, 106, 181, 61, 67, 146, 152, 11, 135, 155, 83, 0)
s = 39: (0, 21, 9, 20, 38, 8, 101, 108, 46, 49, 113, 190, 24, 11, 59, 47, 20, 75, 176, 20, 4, 67, 270, 48, 123, 164, 119, 13, 89, 204, 94, 0)
s = 40: (0, 35, 8, 25, 22, 7, 75, 145, 64, 49, 156, 54, 27, 14, 30, 71, 15, 70, 111, 20, 3, 71, 153, 50, 129, 190, 262, 8, 78, 126, 84, 0)
s = 41: (0, 29, 6, 22, 34, 7, 72, 83, 37, 66, 86, 98, 24, 15, 36, 69, 9, 66, 83, 20, 5, 65, 131, 32, 85, 168, 155, 10, 102, 252, 67, 0)
s = 42: (0, 33, 8, 30, 23, 10, 82, 102, 79, 37, 165, 67, 18, 18, 45, 91, 9, 60, 89, 14, 4, 75, 137, 25, 77, 145, 245, 7, 63, 213, 60, 0)
s = 43: (0, 19, 6, 21, 37, 13, 106, 129, 49, 38, 80, 71, 30, 19, 40, 76, 13, 91, 145, 18, 3, 102, 208, 44, 50, 224, 231, 8, 98, 202, 64, 0)
s = 44: (0, 33, 11, 25, 26, 9, 79, 106, 56, 84, 122, 139, 21, 17, 50, 97, 10, 69, 148, 30, 6, 61, 288, 28, 92, 165, 254, 9, 94, 124, 65, 0)
s = 45: (0, 32, 5, 31, 26, 7, 60, 99, 65, 52, 135, 92, 18, 10, 39, 48, 9, 63, 161, 17, 3, 109, 150, 37, 115, 115, 190, 9, 111, 129, 40, 0)
s = 46: (0, 40, 5, 27, 41, 7, 154, 113, 50, 63, 122, 88, 30, 13, 43, 66, 16, 103, 211, 25, 3, 82, 326, 52, 87, 258, 321, 13, 76, 183, 83, 0)
s = 47: (0, 44, 10, 19, 33, 6, 87, 82, 26, 64, 131, 119, 30, 17, 42, 90, 13, 45, 101, 18, 6, 62, 214, 29, 66, 179, 159, 9, 66, 239, 38, 0)
s = 48: (0, 29, 7, 26, 23, 7, 60, 94, 38, 48, 114, 90, 13, 15, 48, 59, 11, 93, 139, 19, 4, 148, 229, 32, 108, 190, 181, 7, 108, 199, 52, 0)
s = 49: (0, 31, 10, 23, 42, 11, 111, 113, 34, 59, 66, 58, 15, 14, 35, 58, 11, 53, 127, 20, 4, 138, 123, 62, 105, 176, 196, 8, 146, 216, 57, 0)
s = 50: (0, 39, 13, 35, 48, 11, 83, 117, 58, 49, 181, 81, 13, 13, 63, 70, 12, 59, 124, 16, 4, 109, 119, 41, 106, 217, 152, 10, 97, 352, 74, 0)
s = 51: (0, 27, 7, 28, 42, 9, 61, 60, 46, 45, 105, 73, 19, 21, 30, 68, 23, 106, 79, 23, 5, 93, 175, 35, 81, 256, 184, 10, 96, 170, 61, 0)
s = 52: (0, 27, 7, 29, 34, 6, 142, 109, 39, 45, 107, 96, 13, 18, 58, 63, 10, 85, 202, 24, 4, 67, 109, 58, 111, 121, 249, 10, 97, 259, 48, 0)
s = 53: (0, 35, 7, 39, 35, 8, 54, 66, 55, 71, 167, 111, 25, 11, 38, 67, 13, 53, 141, 23, 3, 144, 275, 50, 81, 164, 121, 8, 71, 139, 66, 0)
s = 54: (0, 38, 6, 19, 35, 11, 79, 156, 43, 84, 111, 74, 23, 17, 39, 85, 12, 65, 154, 15, 6, 68, 204, 31, 77, 107, 182, 12, 90, 141, 44, 0)
s = 55: (0, 35, 7, 30, 26, 10, 127, 133, 33, 74, 83, 133, 16, 15, 51, 58, 12, 82, 193, 14, 5, 77, 102, 29, 62, 143, 279, 12, 96, 121, 64, 0)
s = 56: (0, 28, 10, 25, 20, 10, 80, 90, 70, 37, 65, 126, 23, 11, 40, 88, 8, 48, 164, 14, 5, 58, 240, 47, 109, 135, 113, 7, 93, 246, 77, 0)
s = 57: (0, 26, 9, 13, 32, 13, 80, 58, 51, 56, 80, 134, 37, 18, 29, 77, 10, 98, 128, 19, 5, 92, 121, 26, 70, 180, 170, 10, 100, 208, 76, 0)
s = 58: (0, 45, 7, 17, 23, 7, 73, 79, 62, 39, 82, 117, 23, 13, 47, 70, 11, 57, 234, 12, 4, 100, 187, 50, 59, 304, 297, 13, 86, 215, 53, 0)
s = 59: (0, 37, 11, 22, 40, 16, 83, 143, 66, 45, 125, 88, 14, 13, 43, 95, 12, 61, 107, 18, 4, 58, 124, 29, 62, 206, 306, 10, 90, 142, 45, 0)
s = 60: (0, 29, 7, 25, 18, 9, 106, 137, 47, 51, 76, 86, 24, 15, 36, 67, 12, 102, 143, 21, 3, 132, 173, 53, 89, 199, 139, 10, 57, 222, 102, 0)
s = 61: (0, 45, 9, 15, 21, 9, 76, 168, 37, 40, 119, 90, 13, 12, 45, 62, 19, 72, 141, 13, 4, 94, 201, 42, 102, 299, 149, 15, 73, 198, 84, 0)
s = 62: (0, 25, 10, 24, 36, 14, 62, 80, 42, 30, 143, 93, 25, 16, 61, 105, 17, 113, 135, 22, 3, 79, 157, 48, 66, 138, 242, 9, 105, 124, 38, 0)
s = 63: (0, 19, 8, 19, 27, 13, 87, 107, 31, 91, 229, 98, 17, 18, 52, 66, 17, 79, 186, 30, 7, 142, 127, 78, 79, 188, 240, 8, 111, 321, 55, 0)
s = 64: (0, 23, 7, 27, 47, 10, 144, 73, 40, 42, 144, 93, 27, 24, 59, 79, 11, 70, 99, 17, 3, 94, 169, 46, 84, 176, 144, 7, 86, 252, 48, 0)
s = 65: (0, 44, 7, 17, 22, 9, 118, 78, 52, 52, 110, 89, 21, 17, 63, 87, 9, 44, 216, 23, 5, 77, 142, 51, 67, 209, 210, 9, 61, 197, 49, 0)
s = 66: (0, 41, 7, 24, 35, 11, 110, 72, 56, 62, 122, 64, 17, 15, 63, 72, 15, 52, 152, 27, 6, 66, 105, 48, 140, 150, 207, 12, 69, 134, 92, 0)
s = 67: (0, 36, 6, 28, 23, 13, 81, 68, 43, 53, 164, 66, 24, 18, 50, 56, 19, 64, 169, 21, 5, 75, 224, 42, 101, 263, 277, 10, 71, 159, 67, 0)
s = 68: (0, 26, 9, 28, 33, 11, 54, 167, 41, 66, 125, 152, 22, 10, 37, 74, 20, 90, 146, 24, 4, 88, 179, 77, 126, 239, 250, 16, 98, 252, 53, 0)
s = 69: (0, 52, 6, 23, 20, 8, 108, 106, 56, 74, 117, 92, 16, 11, 60, 62, 18, 68, 127, 21, 6, 59, 166, 56, 71, 204, 180, 14, 50, 195, 94, 0)
s = 70: (0, 34, 11, 23, 23, 7, 62, 113, 73, 88, 157, 103, 13, 13, 43, 83, 11, 59, 120, 13, 4, 69, 215, 52, 53, 194, 136, 7, 89, 131, 45, 0)
s = 71: (0, 28, 11, 25, 28, 14, 134, 154, 35, 47, 72, 110, 15, 20, 76, 88, 15, 86, 188, 15, 6, 122, 90, 45, 99, 324, 199, 17, 47, 235, 101, 0)
s = 72: (0, 36, 7, 16, 19, 7, 79, 105, 29, 84, 169, 102, 26, 12, 57, 96, 18, 105, 179, 29, 5, 113, 212, 57, 64, 176, 179, 11, 95, 141, 101, 0)
s = 73: (0, 30, 13, 31, 20, 10, 72, 119, 64, 43, 70, 130, 24, 9, 33, 69, 16, 62, 115, 15, 6, 57, 204, 41, 78, 214, 212, 10, 78, 255, 59, 0)
s = 74: (0, 27, 9, 12, 29, 9, 142, 151, 63, 102, 163, 86, 15, 16, 76, 90, 19, 74, 155, 17, 4, 85, 239, 56, 118, 211, 149, 15, 71, 218, 73, 0)
s = 75: (0, 42, 7, 17, 21, 10, 92, 89, 74, 54, 211, 90, 18, 14, 58, 42, 20, 54, 118, 18, 4, 141, 135, 47, 142, 208, 190, 6, 53, 228, 88, 0)
s = 76: (0, 28, 12, 20, 38, 8, 101, 104, 61, 64, 93, 64, 11, 15, 35, 73, 12, 53, 174, 24, 5, 118, 166, 40, 119, 154, 244, 7, 117, 183, 69, 0)
s = 77: (0, 40, 7, 18, 28, 7, 58, 111, 28, 39, 113, 118, 15, 10, 60, 52, 11, 37, 113, 20, 4, 117, 251, 33, 80, 140, 263, 7, 68, 155, 59, 0)
s = 78: (0, 34, 10, 17, 19, 8, 122, 108, 60, 64, 94, 152, 21, 10, 52, 87, 18, 74, 204, 25, 5, 57, 133, 52, 81, 287, 133, 10, 107, 200, 73, 0)
s = 79: (0, 33, 6, 22, 33, 11, 98, 98, 66, 45, 109, 59, 29, 13, 53, 49, 14, 82, 164, 29, 5, 130, 108, 32, 74, 169, 295, 8, 68, 156, 75, 0)
s = 80: (0, 33, 7, 18, 34, 14, 78, 93, 51, 54, 113, 108, 12, 16, 38, 72, 14, 59, 231, 22, 4, 112, 117, 57, 88, 282, 188, 13, 142, 128, 68, 0)
s = 81: (0, 34, 5, 32, 30, 7, 140, 123, 56, 41, 130, 95, 15, 12, 39, 61, 14, 87, 139, 29, 3, 118, 123, 64, 76, 311, 299, 15, 62, 258, 69, 0)
s = 82: (0, 50, 9, 20, 33, 10, 111, 134, 86, 54, 98, 90, 16, 9, 28, 73, 14, 54, 142, 43, 4, 57, 182, 48, 66, 272, 211, 15, 89, 114, 71, 0)
s = 83: (0, 49, 12, 26, 39, 8, 83, 71, 75, 47, 71, 56, 14, 25, 50, 44, 13, 63, 201, 35, 6, 93, 153, 51, 72, 313, 266, 16, 88, 229, 43, 0)
s = 84: (0, 23, 7, 36, 21, 12, 81, 146, 43, 63, 97, 121, 15, 10, 38, 50, 13, 88, 117, 20, 7, 113, 189, 48, 48, 208, 203, 10, 127, 128, 51, 0)
s = 85: (0, 41, 9, 15, 23, 6, 52, 105, 44, 39, 143, 144, 18, 9, 29, 60, 8, 63, 122, 18, 3, 73, 128, 28, 140, 265, 222, 10, 88, 239, 64, 0)
s = 86: (0, 43, 6, 16, 40, 6, 91, 119, 47, 35, 63, 116, 15, 12, 53, 62, 15, 71, 189, 33, 3, 113, 132, 34, 62, 161, 141, 10, 133, 236, 50, 0)
s = 87: (0, 23, 7, 12, 41, 7, 141, 153, 40, 57, 100, 103, 17, 17, 68, 77, 16, 60, 83, 17, 5, 131, 180, 61, 154, 280, 182, 9, 81, 237, 88, 0)
s = 88: (0, 27, 6, 28, 33, 9, 91, 116, 52, 64, 91, 70, 19, 18, 58, 61, 13, 69, 119, 25, 4, 75, 129, 38, 134, 158, 221, 10, 47, 206, 71, 0)
s = 89: (0, 31, 11, 25, 33, 12, 103, 115, 43, 50, 128, 112, 23, 8, 36, 91, 14, 141, 95, 16, 3, 93, 168, 52, 86, 172, 182, 8, 65, 217, 60, 0)
s = 90: (0, 35, 5, 21, 33, 7, 94, 79, 75, 78, 184, 131, 14, 22, 51, 96, 12, 110, 117, 20, 5, 115, 111, 61, 68, 192, 167, 9, 95, 240, 45, 0)
s = 91: (0, 26, 8, 26, 20, 6, 101, 167, 61, 85, 119, 68, 19, 15, 27, 48, 20, 55, 83, 23, 5, 79, 175, 55, 65, 206, 140, 14, 80, 183, 64, 0)
s = 92: (0, 37, 14, 30, 43, 12, 105, 150, 62, 69, 79, 88, 12, 16, 58, 91, 15, 101, 115, 19, 3, 66, 199, 39, 135, 297, 248, 17, 81, 217, 39, 0)
s = 93: (0, 52, 8, 19, 43, 8, 75, 141, 44, 62, 128, 127, 17, 12, 50, 116, 10, 90, 100, 14, 6, 98, 143, 33, 101, 223, 310, 8, 62, 115, 100, 0)
s = 94: (0, 40, 11, 20, 28, 11, 123, 143, 28, 37, 123, 108, 20, 16, 42, 117, 14, 43, 170, 20, 5, 99, 101, 40, 71, 224, 168, 13, 115, 249, 67, 0)
s = 95: (0, 30, 7, 16, 28, 13, 93, 120, 44, 45, 110, 94, 17, 14, 42, 58, 16, 94, 194, 14, 4, 121, 102, 60, 59, 214, 180, 13, 64, 167, 72, 0)
s = 96: (0, 37, 10, 40, 25, 6, 89, 164, 38, 41, 143, 74, 20, 10, 33, 49, 15, 51, 72, 24, 6, 77, 159, 68, 89, 193, 293, 10, 108, 205, 55, 0)
s = 97: (0, 39, 6, 19, 23, 9, 109, 124, 44, 67, 78, 72, 16, 13, 45, 70, 19, 87, 183, 22, 3, 122, 184, 70, 52, 210, 166, 15, 50, 129, 85, 0)
s = 98: (0, 32, 14, 22, 44, 13, 98, 168, 66, 66, 105, 141, 16, 13, 47, 66, 8, 66, 140, 17, 7, 121, 102, 35, 89, 155, 210, 7, 48, 172, 48, 0)
s = 99: (0, 28, 8, 21, 31, 7, 73, 62, 65, 43, 87, 100, 20, 13, 43, 41, 10, 127, 193, 18, 5, 75, 173, 47, 140, 300, 232, 11, 79, 177, 51, 0)
s = 100: (0, 52, 9, 21, 29, 15, 94, 68, 59, 61, 92, 121, 34, 11, 39, 65, 10, 89, 234, 23, 4, 57, 123, 31, 91, 199, 207, 17, 81, 192, 111, 0)
s = 101: (0, 48, 9, 32, 38, 8, 93, 111, 44, 38, 89, 95, 18, 20, 53, 48, 11, 72, 129, 20, 4, 109, 226, 45, 75, 242, 258, 11, 52, 279, 78, 0)
s = 102: (0, 54, 5, 20, 34, 10, 76, 81, 61, 49, 83, 89, 22, 17, 73, 52, 14, 41, 110, 31, 6, 66, 149, 39, 67, 279, 146, 9, 61, 137, 112, 0)
s = 103: (0, 24, 5, 19, 28, 11, 67, 88, 55, 38, 70, 55, 18, 11, 41, 97, 15, 55, 176, 17, 3, 92, 229, 49, 79, 279, 260, 6, 53, 184, 103, 0)
s = 104: (0, 24, 8, 33, 33, 11, 83, 192, 39, 60, 60, 151, 18, 15, 31, 74, 14, 81, 117, 31, 3, 86, 118, 41, 127, 143, 205, 12, 62, 292, 48, 0)
s = 105: (0, 34, 11, 30, 40, 5, 95, 122, 63, 50, 108, 125, 12, 10, 67, 84, 10, 84, 102, 20, 6, 110, 164, 41, 91, 185, 321, 7, 92, 183, 76, 0)
s = 106: (0, 42, 10, 24, 29, 7, 104, 112, 60, 67, 119, 83, 14, 12, 28, 81, 13, 66, 152, 16, 6, 59, 152, 57, 121, 219, 309, 8, 118, 182, 49, 0)
s = 107: (0, 28, 8, 29, 48, 7, 87, 106, 71, 68, 71, 56, 19, 12, 49, 62, 15, 65, 105, 24, 7, 60, 138, 29, 66, 178, 214, 8, 87, 242, 39, 0)
s = 108: (0, 33, 8, 21, 38, 10, 164, 131, 61, 35, 96, 71, 14, 12, 56, 92, 18, 63, 102, 18, 4, 112, 139, 50, 82, 169, 177, 10, 70, 230, 80, 0)
s = 109: (0, 40, 13, 16, 23, 6, 57, 136, 61, 51, 131, 67, 22, 9, 48, 83, 17, 78, 84, 23, 3, 106, 104, 50, 69, 132, 168, 12, 104, 269, 78, 0)
s = 110: (0, 50, 6, 24, 17, 8, 53, 74, 78, 41, 86, 110, 15, 12, 31, 46, 8, 51, 162, 22, 6, 117, 184, 33, 116, 190, 338, 12, 102, 193, 46, 0)
s = 111: (0, 28, 5, 16, 24, 11, 85, 84, 52, 66, 86, 90, 29, 9, 33, 54, 12, 55, 87, 18, 4, 63, 88, 46, 79, 131, 192, 9, 100, 353, 47, 0)
s = 112: (0, 45, 10, 20, 39, 7, 72, 78, 32, 72, 68, 97, 16, 17, 37, 65, 16, 67, 155, 14, 5, 93, 221, 36, 63, 175, 114, 11, 67, 206, 92, 0)
s = 113: (0, 37, 7, 18, 25, 6, 124, 106, 40, 39, 61, 79, 23, 8, 34, 48, 20, 87, 88, 20, 5, 67, 117, 55, 107, 128, 232, 7, 62, 182, 52, 0)
s = 114: (0, 21, 9, 22, 18, 8, 63, 82, 60, 45, 80, 102, 19, 13, 56, 71, 11, 59, 114, 23, 7, 111, 162, 54, 149, 138, 186, 17, 125, 178, 62, 0)
s = 115: (0, 41, 6, 27, 23, 6, 80, 78, 64, 41, 108, 90, 16, 11, 46, 66, 14, 85, 112, 14, 4, 122, 210, 54, 98, 151, 194, 13, 70, 322, 52, 0)
s = 116: (0, 44, 8, 17, 44, 7, 75, 135, 46, 69, 59, 110, 25, 14, 40, 81, 8, 82, 115, 22, 4, 67, 155, 51, 88, 252, 148, 7, 65, 234, 47, 0)
s = 117: (0, 35, 11, 16, 36, 10, 82, 90, 58, 88, 90, 122, 16, 10, 59, 71, 13, 108, 83, 30, 3, 113, 179, 51, 82, 206, 226, 11, 66, 164, 76, 0)
s = 118: (0, 37, 13, 16, 36, 6, 105, 117, 34, 41, 115, 102, 19, 10, 32, 63, 12, 67, 107, 32, 6, 85, 141, 47, 146, 179, 188, 7, 81, 176, 68, 0)
s = 119: (0, 35, 10, 16, 37, 7, 58, 127, 33, 52, 143, 100, 13, 13, 46, 69, 19, 40, 203, 14, 3, 96, 110, 33, 103, 202, 214, 11, 100, 187, 51, 0)
s = 120: (0, 22, 7, 30, 18, 9, 124, 168, 37, 77, 162, 106, 18, 16, 60, 82, 13, 48, 134, 14, 4, 97, 86, 37, 81, 164, 109, 10, 73, 158, 109, 0)
s = 121: (0, 44, 11, 14, 28, 11, 98, 113, 70, 84, 106, 118, 18, 12, 63, 65, 11, 65, 103, 26, 5, 77, 196, 41, 136, 111, 235, 12, 111, 148, 79, 0)
s = 122: (0, 39, 7, 24, 47, 8, 84, 103, 50, 57, 115, 104, 18, 9, 54, 43, 16, 54, 111, 31, 4, 65, 84, 33, 139, 122, 281, 10, 73, 181, 47, 0)
s = 123: (0, 22, 13, 30, 19, 10, 64, 80, 65, 86, 147, 124, 17, 19, 39, 93, 15, 97, 176, 22, 5, 53, 125, 51, 51, 206, 175, 9, 92, 113, 69, 0)
s = 124: (0, 31, 11, 20, 27, 15, 101, 119, 57, 50, 137, 74, 19, 18, 62, 108, 14, 99, 86, 23, 4, 82, 171, 38, 119, 229, 267, 9, 50, 236, 78, 0)
s = 125: (0, 22, 9, 27, 18, 14, 96, 131, 42, 64, 111, 153, 17, 23, 39, 84, 11, 103, 173, 27, 5, 83, 115, 48, 77, 257, 261, 6, 46, 218, 70, 0)
s = 126: (0, 36, 6, 23, 29, 11, 186, 93, 47, 43, 108, 104, 15, 10, 36, 76, 10, 53, 190, 26, 3, 89, 204, 31, 93, 273, 151, 8, 70, 181, 38, 0)
s = 127: (0, 43, 8, 26, 22, 16, 84, 83, 52, 59, 84, 59, 30, 19, 41, 86, 9, 71, 92, 22, 5, 65, 142, 50, 55, 186, 187, 11, 98, 168, 45, 0)
s = 128: (0, 46, 6, 18, 22, 11, 90, 90, 56, 68, 87, 98, 26, 13, 31, 45, 9, 82, 179, 18, 6, 64, 284, 29, 144, 152, 146, 12, 69, 335, 84, 0)
s = 129: (0, 46, 9, 16, 36, 8, 65, 72, 73, 78, 178, 78, 14, 16, 31, 52, 8, 63, 150, 24, 5, 74, 143, 34, 92, 212, 106, 10, 69, 193, 80, 0)
s = 130: (0, 33, 13, 27, 24, 10, 147, 82, 71, 59, 77, 158, 22, 12, 29, 57, 16, 88, 106, 20, 6, 51, 94, 56, 73, 141, 181, 13, 89, 132, 66, 0)
s = 131: (0, 32, 7, 14, 43, 8, 82, 122, 43, 63, 154, 126, 37, 12, 26, 69, 9, 81, 120, 14, 6, 169, 155, 31, 100, 174, 198, 11, 94, 284, 59, 0)
s = 132: (0, 25, 6, 15, 24, 12, 77, 123, 30, 71, 143, 107, 16, 21, 46, 70, 11, 60, 80, 13, 4, 75, 219, 46, 110, 325, 132, 8, 94, 189, 61, 0)
s = 133: (0, 54, 7, 21, 18, 14, 135, 122, 38, 70, 105, 74, 26, 12, 46, 81, 10, 42, 136, 22, 6, 99, 102, 58, 96, 224, 167, 11, 100, 144, 44, 0)
s = 134: (0, 30, 9, 37, 43, 9, 80, 82, 55, 67, 73, 100, 22, 25, 47, 58, 12, 64, 188, 20, 7, 123, 172, 69, 71, 151, 242, 7, 81, 169, 78, 0)
s = 135: (0, 45, 6, 14, 18, 9, 121, 93, 41, 38, 129, 95, 13, 14, 25, 105, 13, 71, 82, 32, 4, 77, 133, 41, 106, 169, 259, 13, 66, 263, 66, 0)
s = 136: (0, 33, 6, 25, 25, 11, 96, 94, 83, 50, 75, 98, 19, 15, 26, 65, 11, 57, 97, 22, 6, 111, 165, 57, 99, 306, 183, 8, 83, 250, 40, 0)
s = 137: (0, 37, 5, 22, 23, 7, 65, 104, 45, 32, 122, 99, 33, 13, 32, 49, 11, 61, 135, 29, 5, 98, 176, 70, 62, 122, 166, 8, 102, 146, 71, 0)
s = 138: (0, 41, 5, 16, 32, 12, 85, 217, 35, 62, 91, 70, 31, 13, 65, 65, 14, 74, 170, 33, 4, 80, 153, 60, 125, 128, 207, 10, 101, 246, 51, 0)
s = 139: (0, 27, 11, 19, 32, 9, 97, 84, 41, 40, 188, 90, 24, 19, 28, 45, 14, 52, 148, 21, 5, 95, 121, 48, 85, 154, 136, 10, 95, 140, 91, 0)
s = 140: (0, 57, 6, 15, 34, 9, 119, 74, 45, 82, 141, 86, 18, 14, 31, 85, 11, 48, 213, 14, 3, 68, 158, 58, 163, 198, 171, 11, 64, 155, 75, 0)
s = 141: (0, 62, 13, 28, 35, 7, 86, 66, 50, 48, 131, 89, 19, 10, 66, 77, 9, 67, 86, 19, 3, 147, 129, 48, 116, 143, 214, 11, 65, 286, 56, 0)
s = 142: (0, 23, 7, 26, 28, 8, 122, 112, 48, 36, 178, 98, 22, 13, 26, 87, 13, 52, 105, 17, 3, 135, 124, 32, 66, 195, 195, 10, 99, 235, 90, 0)
s = 143: (0, 29, 7, 18, 18, 10, 99, 163, 45, 74, 85, 76, 12, 14, 32, 99, 20, 54, 133, 19, 5, 102, 217, 40, 68, 129, 202, 12, 48, 161, 80, 0)
s = 144: (0, 47, 8, 21, 43, 7, 76, 89, 67, 46, 166, 81, 23, 11, 40, 66, 15, 102, 113, 29, 5, 107, 211, 44, 105, 206, 197, 7, 54, 190, 60, 0)
s = 145: (0, 38, 6, 21, 22, 12, 63, 80, 52, 73, 181, 95, 21, 21, 39, 62, 14, 61, 106, 31, 5, 70, 148, 40, 98, 243, 131, 11, 79, 175, 42, 0)
s = 146: (0, 21, 6, 23, 36, 11, 87, 95, 37, 41, 178, 80, 21, 12, 33, 75, 19, 56, 144, 29, 5, 54, 143, 35, 61, 199, 208, 11, 135, 240, 59, 0)
s = 147: (0, 42, 5, 15, 32, 13, 103, 108, 53, 68, 138, 59, 25, 20, 45, 81, 8, 59, 131, 15, 5, 100, 184, 47, 95, 200, 250, 9, 112, 263, 56, 0)
s = 148: (0, 35, 8, 23, 32, 8, 74, 77, 28, 54, 142, 80, 35, 12, 37, 73, 14, 55, 85, 20, 5, 73, 162, 32, 75, 288, 226, 10, 70, 138, 76, 0)
s = 149: (0, 41, 10, 18, 32, 8, 78, 94, 71, 81, 87, 60, 17, 11, 39, 86, 10, 70, 141, 20, 4, 118, 116, 45, 96, 186, 160, 10, 76, 193, 80, 0)
s = 150: (0, 25, 11, 25, 21, 10, 71, 100, 56, 47, 79, 78, 36, 11, 36, 62, 10, 74, 109, 13, 6, 119, 161, 53, 79, 262, 135, 8, 61, 135, 46, 0)
s = 151: (0, 26, 7, 38, 21, 9, 70, 148, 57, 54, 86, 79, 31, 14, 38, 69, 12, 90, 103, 19, 3, 152, 172, 48, 56, 211, 299, 11, 162, 159, 35, 0)
s = 152: (0, 44, 12, 18, 41, 8, 67, 107, 59, 84, 82, 103, 20, 14, 43, 64, 15, 110, 184, 20, 4, 101, 144, 47, 94, 250, 154, 7, 65, 314, 75, 0)
s = 153: (0, 24, 11, 26, 24, 6, 75, 97, 52, 42, 143, 75, 25, 15, 35, 67, 13, 55, 85, 22, 4, 53, 137, 48, 100, 210, 205, 16, 89, 281, 53, 0)
s = 154: (0, 35, 5, 21, 17, 6, 93, 178, 63, 58, 177, 166, 28, 13, 68, 63, 14, 64, 191, 27, 4, 89, 214, 40, 114, 137, 160, 11, 93, 158, 103, 0)
s = 155: (0, 33, 11, 14, 17, 11, 95, 81, 61, 52, 164, 95, 16, 21, 65, 53, 10, 87, 166, 22, 4, 76, 201, 77, 106, 358, 318, 15, 95, 138, 67, 0)
s = 156: (0, 31, 9, 23, 20, 14, 108, 133, 65, 100, 128, 117, 30, 12, 82, 80, 15, 104, 142, 20, 6, 131, 107, 71, 104, 128, 214, 12, 95, 108, 96, 0)
s = 157: (0, 25, 9, 16, 24, 9, 99, 196, 58, 75, 136, 93, 14, 18, 33, 86, 18, 103, 104, 17, 5, 124, 93, 58, 80, 162, 142, 10, 129, 184, 52, 0)
s = 158: (0, 23, 7, 20, 26, 7, 81, 102, 62, 75, 135, 85, 20, 18, 53, 81, 11, 115, 95, 14, 4, 84, 228, 53, 152, 238, 172, 15, 121, 235, 62, 0)
s = 159: (0, 33, 11, 27, 21, 10, 74, 141, 27, 67, 105, 125, 19, 11, 33, 73, 11, 68, 137, 26, 3, 94, 94, 55, 78, 241, 143, 18, 64, 146, 92, 0)
s = 160: (0, 25, 9, 22, 33, 8, 87, 105, 30, 75, 140, 80, 32, 10, 51, 82, 14, 102, 144, 27, 4, 63, 134, 29, 59, 178, 282, 8, 83, 227, 54, 0)
s = 161: (0, 61, 5, 24, 49, 8, 68, 92, 42, 39, 115, 90, 20, 15, 34, 75, 10, 56, 129, 22, 6, 60, 198, 47, 78, 276, 111, 6, 63, 292, 93, 0)
s = 162: (0, 23, 10, 32, 29, 5, 79, 119, 37, 41, 140, 113, 13, 15, 63, 67, 13, 73, 140, 27, 4, 94, 122, 39, 116, 177, 124, 12, 72, 119, 39, 0)
s = 163: (0, 23, 7, 15, 28, 11, 63, 94, 60, 87, 115, 96, 22, 13, 54, 45, 14, 49, 107, 18, 4, 68, 115, 47, 61, 158, 131, 11, 83, 159, 66, 0)
s = 164: (0, 26, 6, 22, 21, 7, 168, 106, 53, 35, 115, 79, 28, 15, 56, 60, 14, 79, 71, 14, 5, 57, 142, 31, 93, 257, 192, 7, 81, 131, 61, 0)
s = 165: (0, 38, 9, 15, 20, 14, 104, 121, 56, 56, 95, 103, 16, 15, 29, 81, 10, 51, 78, 25, 4, 80, 150, 34, 94, 195, 224, 7, 155, 173, 77, 0)
s = 166: (0, 67, 10, 19, 26, 7, 105, 82, 29, 53, 104, 88, 34, 14, 34, 72, 19, 56, 148, 17, 5, 75, 263, 31, 78, 168, 174, 13, 52, 176, 58, 0)
s = 167: (0, 27, 10, 17, 22, 7, 87, 65, 35, 63, 88, 107, 32, 9, 40, 84, 18, 108, 131, 35, 4, 80, 230, 54, 95, 357, 312, 8, 87, 197, 106, 0)
s = 168: (0, 30, 7, 17, 48, 11, 78, 94, 52, 39, 123, 91, 18, 14, 39, 48, 19, 64, 168, 19, 5, 72, 197, 34, 126, 282, 109, 11, 101, 172, 64, 0)
s = 169: (0, 34, 7, 26, 27, 8, 153, 156, 65, 50, 156, 120, 27, 17, 36, 74, 13, 57, 143, 15, 4, 95, 98, 58, 65, 194, 323, 10, 99, 217, 102, 0)
s = 170: (0, 31, 11, 26, 30, 8, 182, 112, 71, 65, 68, 118, 22, 15, 42, 62, 8, 51, 87, 17, 5, 73, 197, 73, 65, 189, 227, 9, 63, 268, 74, 0)
s = 171: (0, 39, 10, 27, 24, 9, 87, 167, 40, 59, 71, 147, 24, 12, 43, 103, 10, 68, 83, 19, 6, 67, 105, 30, 78, 200, 174, 9, 111, 115, 45, 0)
s = 172: (0, 44, 6, 28, 31, 5, 146, 62, 33, 48, 156, 117, 35, 10, 50, 106, 15, 118, 152, 21, 4, 107, 228, 43, 112, 201, 201, 7, 57, 125, 67, 0)
s = 173: (0, 43, 7, 13, 18, 9, 110, 144, 59, 81, 94, 141, 21, 17, 50, 46, 13, 43, 101, 15, 4, 142, 146, 32, 146, 145, 190, 14, 96, 166, 41, 0)
s = 174: (0, 29, 6, 21, 37, 8, 130, 82, 41, 42, 137, 76, 27, 15, 70, 87, 17, 120, 200, 18, 6, 137, 148, 64, 105, 218, 174, 9, 83, 249, 55, 0)
s = 175: (0, 54, 6, 23, 22, 9, 65, 114, 57, 62, 92, 103, 18, 18, 52, 42, 18, 58, 129, 13, 4, 73, 150, 38, 121, 126, 253, 13, 63, 249, 66, 0)
s = 176: (0, 30, 7, 35, 21, 12, 74, 97, 58, 50, 174, 105, 25, 19, 32, 97, 10, 73, 92, 16, 5, 130, 210, 38, 107, 135, 205, 6, 108, 187, 53, 0)
s = 177: (0, 38, 9, 25, 50, 8, 74, 121, 32, 97, 143, 89, 29, 13, 56, 88, 11, 52, 130, 19, 3, 52, 204, 58, 73, 171, 185, 9, 134, 215, 102, 0)
s = 178: (0, 39, 8, 19, 25, 10, 73, 67, 66, 68, 90, 83, 12, 15, 28, 83, 12, 72, 125, 18, 6, 65, 246, 33, 59, 245, 198, 17, 45, 135, 49, 0)
s = 179: (0, 34, 11, 16, 25, 8, 107, 110, 28, 69, 108, 58, 16, 16, 31, 73, 9, 69, 172, 21, 6, 57, 132, 61, 175, 180, 212, 8, 131, 163, 46, 0)
s = 180: (0, 39, 8, 24, 26, 7, 77, 177, 53, 51, 70, 91, 19, 12, 27, 63, 14, 43, 153, 14, 4, 87, 240, 47, 110, 113, 128, 11, 73, 257, 75, 0)
s = 181: (0, 42, 8, 18, 40, 8, 148, 143, 40, 34, 105, 77, 22, 15, 58, 110, 14, 80, 108, 16, 4, 107, 100, 55, 100, 142, 223, 9, 91, 173, 87, 0)
s = 182: (0, 25, 7, 21, 31, 10, 100, 148, 45, 72, 118, 71, 18, 19, 34, 85, 11, 94, 151, 31, 5, 65, 123, 36, 71, 240, 135, 10, 63, 308, 44, 0)
s = 183: (0, 37, 9, 14, 32, 6, 72, 113, 38, 52, 70, 130, 18, 19, 41, 77, 12, 105, 109, 31, 4, 120, 103, 34, 65, 192, 106, 12, 51, 276, 75, 0)
s = 184: (0, 39, 10, 28, 24, 12, 104, 149, 39, 46, 125, 130, 13, 12, 56, 64, 8, 85, 143, 25, 5, 85, 105, 35, 64, 161, 196, 10, 91, 177, 56, 0)
s = 185: (0, 30, 13, 31, 18, 16, 97, 115, 75, 107, 138, 109, 25, 9, 54, 83, 8, 64, 84, 28, 3, 90, 159, 37, 70, 180, 206, 9, 93, 223, 82, 0)
s = 186: (0, 26, 6, 28, 21, 9, 145, 79, 53, 36, 117, 100, 18, 17, 58, 49, 16, 63, 97, 31, 6, 52, 132, 41, 93, 247, 147, 10, 64, 213, 58, 0)
s = 187: (0, 41, 9, 14, 36, 10, 64, 70, 42, 65, 102, 82, 13, 10, 34, 68, 19, 42, 196, 23, 4, 84, 192, 66, 72, 153, 297, 8, 75, 151, 89, 0)
s = 188: (0, 31, 9, 21, 33, 17, 97, 77, 66, 65, 66, 106, 22, 8, 52, 68, 13, 57, 127, 23, 4, 56, 137, 35, 67, 243, 200, 7, 120, 304, 84, 0)
s = 189: (0, 45, 8, 34, 26, 8, 82, 119, 65, 49, 113, 94, 11, 16, 30, 60, 17, 55, 112, 18, 6, 56, 156, 54, 129, 185, 142, 8, 46, 149, 78, 0)
s = 190: (0, 36, 11, 14, 24, 9, 87, 89, 35, 47, 102, 98, 30, 11, 50, 97, 14, 42, 92, 18, 5, 95, 114, 35, 122, 153, 251, 8, 62, 199, 69, 0)
s = 191: (0, 30, 10, 19, 23, 14, 98, 81, 39, 43, 83, 58, 15, 12, 37, 41, 9, 107, 111, 17, 5, 62, 141, 58, 136, 177, 160, 6, 50, 259, 79, 0)
s = 192: (0, 32, 12, 29, 38, 14, 101, 66, 45, 67, 198, 79, 30, 16, 41, 86, 11, 59, 138, 15, 4, 134, 104, 49, 99, 214, 117, 7, 48, 240, 57, 0)
s = 193: (0, 57, 8, 15, 28, 6, 61, 138, 33, 44, 216, 169, 19, 16, 38, 83, 11, 57, 117, 20, 3, 92, 181, 43, 107, 186, 230, 7, 67, 179, 71, 0)
s = 194: (0, 19, 10, 22, 31, 11, 65, 116, 41, 33, 65, 74, 18, 13, 44, 64, 11, 66, 166, 17, 4, 124, 226, 37, 83, 151, 163, 9, 62, 200, 87, 0)
s = 195: (0, 56, 10, 36, 25, 12, 192, 75, 47, 66, 173, 157, 21, 14, 58, 72, 13, 82, 91, 20, 5, 70, 222, 56, 113, 156, 125, 7, 72, 190, 63, 0)
s = 196: (0, 24, 7, 22, 33, 6, 69, 88, 37, 62, 122, 86, 26, 14, 36, 84, 13, 81, 157, 22, 5, 102, 128, 62, 58, 118, 215, 14, 109, 225, 103, 0)
s = 197: (0, 33, 10, 13, 26, 10, 106, 112, 45, 44, 87, 87, 29, 9, 37, 76, 18, 86, 95, 15, 5, 100, 117, 41, 114, 199, 237, 12, 79, 262, 36, 0)
s = 198: (0, 60, 10, 27, 37, 13, 77, 111, 48, 48, 179, 111, 12, 10, 27, 84, 10, 55, 177, 23, 4, 94, 121, 36, 114, 194, 309, 11, 120, 117, 45, 0)
s = 199: (0, 30, 10, 25, 30, 14, 112, 135, 46, 72, 173, 86, 15, 18, 49, 67, 17, 80, 96, 15, 5, 80, 122, 63, 101, 134, 219, 14, 59, 306, 83, 0)
s = 200: (0, 36, 6, 21, 46, 7, 72, 112, 41, 45, 146, 129, 18, 12, 51, 57, 22, 58, 119, 18, 3, 98, 246, 62, 82, 221, 166, 9, 116, 227, 80, 0)
************************************************************************
ES/LS-VALUES:
jobnr.   ES(i)    LS(i)
------------------------------------------------------------------------
  0        0        0
  1        0       66
  2        0       62
  3        0       143
  4        9       76
  5       21       128
  6        7       69
  7        7       87
  8       21       89
  9       23       112
 10       23       85
 11       39       102
 12       30       120
 13       39       153
 14       60       130
 15       26       107
 16       60       147
 17       60       124
 18       33       128
 19       69       149
 20       74       157
 21       40       122
 22       74       139
 23       74       140
 24       90       156
 25       89       156
 26       75       159
 27       40       159
 28       107       174
 29       69       168
 30       90       175
 31       118       186
************************************************************************
BIG-M-VALUES:
M1 = 37, M2 = 358
************************************************************************
