************************************************************************
file with basedata            : mm20_.bas
initial value random generator: 719369707
************************************************************************
projects                      :  1
jobs (incl. supersource/sink ):  12
horizon                       :  67
RESOURCES
  - renewable                 :  2   R
  - nonrenewable              :  2   N
  - doubly constrained        :  0   D
************************************************************************
PROJECT INFORMATION:
pronr.  #jobs rel.date duedate tardcost  MPM-Time
    1     10      0       17        2       17
************************************************************************
PRECEDENCE RELATIONS:
jobnr.    #modes  #successors   successors
   0        1          3           1   2   3
   1        3          2           4   5
   2        3          2           9  10
   3        3          2           4   5
   4        3          1           6
   5        3          3           7   8   9
   6        3          1          10
   7        3          1          10
   8        3          1          11
   9        3          1          11
  10        3          1          11
  11        1          0        
************************************************************************
REQUESTS/DURATIONS:
jobnr. mode duration  R 1  R 2  R 3  R 4  E(W 1)  E(W 2)
------------------------------------------------------------------------
  0      1     0       0    0    0    0     0       0
  1      1     5       0    8   10    0    40      50
  2      1     1       8    0    0    6     8       6
  3      1     8       8    0    0   10    64      80
  4      1     2       0    8    8    0    16      16
  5      1     1       0    9   10    0     9      10
  6      1     4       3    0    0    2    12       8
  7      1     2       0    9    0    7    18      14
  8      1     1       3    0    0    2     3       2
  9      1     6       0    1    9    0    12      54
 10      1     3       0    4    0    3    12       9
 11      1     0       0    0    0    0     0       0
************************************************************************
RESOURCEAVAILABILITIES:
  R 1  R 2
   36   106
************************************************************************
RESOURCE LIMITS:
jobnr.  l(R 1)  u(R 1)  l(R 2)  u(R 2)
------------------------------------------------------------------------
  0        0       0       0       0
  1        4       8       5      10
  2        4       8       3       6
  3        4       8       5      10
  4        4       8       4       8
  5        5       9       5      10
  6        2       3       1       2
  7        5       9       4       7
  8        2       3       1       2
  9        1       2       5       9
 10        2       4       2       3
 11        0       0       0       0
************************************************************************
SCENARIOS:
------------------------------------------------------------------------
RESOURCE k = 1
s = 1: (0, 70, 9, 90, 14, 7, 14, 22, 3, 17, 9, 0)
s = 2: (0, 48, 9, 53, 10, 10, 12, 15, 3, 11, 11, 0)
s = 3: (0, 40, 12, 62, 17, 13, 9, 22, 4, 11, 16, 0)
s = 4: (0, 32, 10, 68, 12, 7, 12, 19, 6, 17, 12, 0)
s = 5: (0, 24, 6, 38, 15, 10, 15, 23, 4, 14, 10, 0)
s = 6: (0, 53, 11, 64, 16, 11, 7, 16, 5, 16, 16, 0)
s = 7: (0, 32, 15, 55, 10, 12, 16, 24, 3, 15, 8, 0)
s = 8: (0, 43, 7, 37, 13, 9, 16, 15, 4, 11, 11, 0)
s = 9: (0, 36, 12, 75, 11, 15, 16, 19, 3, 13, 8, 0)
s = 10: (0, 24, 11, 46, 13, 8, 11, 15, 4, 12, 7, 0)
s = 11: (0, 75, 14, 60, 13, 8, 22, 17, 4, 10, 11, 0)
s = 12: (0, 27, 10, 75, 21, 12, 8, 16, 4, 10, 10, 0)
s = 13: (0, 49, 8, 92, 26, 8, 15, 21, 4, 9, 8, 0)
s = 14: (0, 66, 8, 61, 20, 8, 24, 12, 4, 8, 17, 0)
s = 15: (0, 63, 5, 47, 17, 9, 12, 24, 3, 12, 8, 0)
s = 16: (0, 28, 5, 81, 23, 11, 16, 27, 3, 18, 10, 0)
s = 17: (0, 35, 7, 70, 16, 14, 16, 17, 4, 13, 17, 0)
s = 18: (0, 27, 9, 75, 11, 12, 12, 24, 3, 9, 8, 0)
s = 19: (0, 27, 7, 97, 13, 9, 10, 15, 5, 17, 10, 0)
s = 20: (0, 40, 8, 59, 25, 8, 8, 25, 4, 13, 12, 0)
s = 21: (0, 29, 7, 68, 12, 9, 14, 23, 4, 22, 11, 0)
s = 22: (0, 48, 6, 55, 16, 7, 16, 12, 4, 11, 8, 0)
s = 23: (0, 36, 7, 38, 9, 7, 22, 23, 3, 11, 9, 0)
s = 24: (0, 48, 6, 56, 11, 7, 17, 29, 4, 10, 18, 0)
s = 25: (0, 41, 7, 89, 14, 8, 12, 13, 5, 8, 10, 0)
s = 26: (0, 45, 6, 63, 13, 6, 11, 26, 3, 11, 14, 0)
s = 27: (0, 39, 6, 66, 26, 9, 14, 15, 6, 14, 10, 0)
s = 28: (0, 46, 6, 58, 13, 8, 9, 26, 5, 15, 16, 0)
s = 29: (0, 46, 9, 71, 13, 8, 13, 18, 3, 14, 7, 0)
s = 30: (0, 39, 7, 40, 17, 9, 13, 26, 3, 12, 11, 0)
s = 31: (0, 46, 8, 58, 13, 15, 12, 19, 3, 10, 14, 0)
s = 32: (0, 34, 13, 80, 11, 7, 8, 10, 4, 14, 10, 0)
s = 33: (0, 55, 9, 40, 12, 10, 13, 14, 4, 13, 20, 0)
s = 34: (0, 39, 8, 62, 14, 7, 11, 23, 3, 8, 15, 0)
s = 35: (0, 37, 7, 50, 17, 13, 11, 16, 2, 13, 14, 0)
s = 36: (0, 42, 12, 60, 20, 11, 13, 11, 3, 17, 8, 0)
s = 37: (0, 34, 14, 77, 20, 16, 19, 20, 2, 11, 10, 0)
s = 38: (0, 42, 12, 63, 22, 7, 9, 22, 4, 9, 7, 0)
s = 39: (0, 48, 7, 72, 12, 7, 18, 19, 3, 12, 14, 0)
s = 40: (0, 46, 6, 44, 18, 8, 10, 23, 3, 7, 13, 0)
s = 41: (0, 29, 7, 60, 18, 8, 13, 15, 3, 9, 11, 0)
s = 42: (0, 44, 7, 53, 13, 7, 10, 23, 4, 11, 12, 0)
s = 43: (0, 34, 6, 101, 16, 11, 11, 19, 5, 7, 10, 0)
s = 44: (0, 44, 10, 46, 12, 17, 12, 12, 2, 7, 8, 0)
s = 45: (0, 34, 12, 45, 12, 7, 14, 16, 3, 13, 17, 0)
s = 46: (0, 37, 10, 64, 16, 12, 17, 18, 5, 13, 18, 0)
s = 47: (0, 43, 9, 107, 14, 12, 7, 17, 4, 11, 15, 0)
s = 48: (0, 59, 6, 71, 10, 8, 9, 15, 3, 11, 11, 0)
s = 49: (0, 52, 12, 69, 19, 12, 14, 27, 4, 19, 21, 0)
s = 50: (0, 30, 6, 50, 20, 11, 7, 16, 5, 20, 10, 0)
s = 51: (0, 56, 5, 65, 11, 12, 11, 23, 3, 11, 9, 0)
s = 52: (0, 25, 11, 74, 12, 12, 9, 18, 5, 14, 15, 0)
s = 53: (0, 52, 6, 89, 13, 11, 14, 14, 4, 14, 14, 0)
s = 54: (0, 38, 6, 88, 10, 12, 8, 18, 4, 19, 12, 0)
s = 55: (0, 37, 11, 64, 9, 8, 7, 14, 4, 11, 12, 0)
s = 56: (0, 34, 8, 56, 17, 10, 19, 19, 3, 13, 13, 0)
s = 57: (0, 46, 6, 105, 10, 8, 10, 16, 3, 16, 10, 0)
s = 58: (0, 48, 12, 71, 18, 16, 13, 16, 4, 10, 12, 0)
s = 59: (0, 42, 8, 49, 10, 9, 19, 25, 3, 10, 15, 0)
s = 60: (0, 58, 9, 49, 20, 12, 8, 14, 2, 17, 15, 0)
s = 61: (0, 43, 9, 54, 17, 14, 14, 30, 4, 16, 15, 0)
s = 62: (0, 41, 7, 59, 15, 8, 12, 14, 4, 10, 12, 0)
s = 63: (0, 44, 12, 57, 16, 8, 11, 18, 6, 21, 8, 0)
s = 64: (0, 66, 9, 79, 21, 11, 8, 25, 5, 18, 22, 0)
s = 65: (0, 50, 13, 68, 17, 6, 9, 17, 3, 11, 8, 0)
s = 66: (0, 41, 8, 66, 19, 8, 15, 20, 3, 11, 10, 0)
s = 67: (0, 34, 8, 37, 21, 8, 13, 19, 2, 19, 16, 0)
s = 68: (0, 42, 13, 80, 22, 11, 16, 16, 4, 11, 12, 0)
s = 69: (0, 42, 7, 78, 12, 10, 10, 25, 3, 11, 11, 0)
s = 70: (0, 41, 8, 42, 18, 10, 20, 23, 3, 11, 9, 0)
s = 71: (0, 48, 7, 72, 19, 12, 13, 16, 4, 13, 10, 0)
s = 72: (0, 41, 5, 44, 10, 9, 7, 30, 3, 8, 8, 0)
s = 73: (0, 39, 8, 104, 14, 10, 11, 18, 3, 13, 15, 0)
s = 74: (0, 27, 6, 41, 27, 7, 11, 23, 4, 18, 8, 0)
s = 75: (0, 33, 9, 38, 19, 15, 10, 21, 4, 13, 10, 0)
s = 76: (0, 36, 13, 73, 13, 11, 13, 14, 3, 14, 11, 0)
s = 77: (0, 46, 6, 68, 16, 12, 8, 25, 3, 14, 17, 0)
s = 78: (0, 35, 11, 72, 20, 5, 16, 18, 4, 12, 10, 0)
s = 79: (0, 29, 8, 54, 14, 13, 19, 17, 3, 9, 10, 0)
s = 80: (0, 31, 6, 71, 10, 15, 17, 19, 4, 10, 12, 0)
s = 81: (0, 33, 8, 80, 17, 6, 10, 11, 5, 12, 17, 0)
s = 82: (0, 45, 8, 41, 24, 9, 10, 21, 5, 10, 14, 0)
s = 83: (0, 28, 10, 63, 15, 17, 7, 11, 4, 10, 15, 0)
s = 84: (0, 39, 5, 108, 14, 12, 7, 23, 3, 12, 15, 0)
s = 85: (0, 31, 8, 52, 29, 7, 20, 18, 4, 15, 10, 0)
s = 86: (0, 38, 8, 58, 16, 8, 11, 15, 3, 11, 25, 0)
s = 87: (0, 31, 8, 51, 11, 10, 8, 18, 4, 10, 11, 0)
s = 88: (0, 42, 6, 40, 19, 7, 11, 19, 3, 10, 12, 0)
s = 89: (0, 39, 7, 48, 11, 12, 8, 19, 3, 9, 15, 0)
s = 90: (0, 41, 7, 62, 17, 11, 15, 14, 5, 8, 15, 0)
s = 91: (0, 26, 7, 49, 16, 10, 13, 14, 3, 8, 14, 0)
s = 92: (0, 55, 6, 41, 17, 17, 13, 20, 3, 11, 10, 0)
s = 93: (0, 22, 6, 87, 16, 6, 10, 16, 4, 10, 16, 0)
s = 94: (0, 41, 6, 60, 11, 8, 14, 13, 4, 8, 11, 0)
s = 95: (0, 51, 8, 73, 19, 7, 8, 20, 5, 17, 10, 0)
s = 96: (0, 58, 9, 54, 12, 10, 16, 16, 5, 12, 15, 0)
s = 97: (0, 45, 9, 62, 15, 7, 10, 12, 5, 9, 10, 0)
s = 98: (0, 33, 10, 47, 12, 10, 10, 17, 5, 11, 10, 0)
s = 99: (0, 42, 9, 49, 24, 14, 13, 22, 3, 12, 7, 0)
s = 100: (0, 40, 12, 60, 10, 11, 14, 25, 4, 10, 13, 0)
s = 101: (0, 21, 10, 54, 14, 7, 10, 22, 2, 13, 17, 0)
s = 102: (0, 29, 9, 51, 16, 10, 15, 25, 2, 11, 14, 0)
s = 103: (0, 29, 8, 56, 12, 7, 11, 18, 3, 12, 17, 0)
s = 104: (0, 28, 8, 78, 14, 10, 13, 16, 3, 17, 12, 0)
s = 105: (0, 31, 11, 50, 30, 10, 15, 17, 2, 9, 11, 0)
s = 106: (0, 43, 9, 57, 14, 12, 14, 13, 3, 10, 7, 0)
s = 107: (0, 50, 6, 49, 16, 10, 14, 20, 3, 12, 16, 0)
s = 108: (0, 50, 8, 44, 14, 5, 11, 11, 2, 12, 11, 0)
s = 109: (0, 54, 13, 57, 15, 8, 16, 21, 3, 17, 11, 0)
s = 110: (0, 34, 7, 47, 21, 7, 10, 12, 3, 17, 14, 0)
s = 111: (0, 38, 12, 45, 13, 13, 11, 18, 3, 13, 10, 0)
s = 112: (0, 49, 7, 65, 16, 9, 9, 13, 4, 10, 13, 0)
s = 113: (0, 33, 7, 65, 20, 6, 15, 13, 3, 16, 11, 0)
s = 114: (0, 26, 5, 95, 9, 7, 8, 14, 4, 7, 21, 0)
s = 115: (0, 34, 12, 47, 14, 7, 9, 19, 3, 9, 14, 0)
s = 116: (0, 34, 9, 39, 12, 7, 9, 12, 5, 13, 9, 0)
s = 117: (0, 31, 12, 65, 17, 11, 18, 20, 4, 13, 11, 0)
s = 118: (0, 33, 8, 63, 19, 10, 8, 18, 2, 19, 7, 0)
s = 119: (0, 24, 11, 56, 21, 11, 14, 12, 3, 15, 15, 0)
s = 120: (0, 36, 9, 48, 16, 12, 10, 16, 4, 9, 12, 0)
s = 121: (0, 45, 10, 64, 20, 10, 12, 22, 2, 11, 11, 0)
s = 122: (0, 30, 5, 94, 15, 10, 9, 26, 2, 12, 8, 0)
s = 123: (0, 28, 6, 42, 17, 13, 15, 14, 3, 11, 11, 0)
s = 124: (0, 54, 9, 58, 15, 7, 10, 29, 3, 12, 11, 0)
s = 125: (0, 27, 7, 36, 12, 10, 15, 23, 5, 12, 16, 0)
s = 126: (0, 23, 11, 97, 13, 11, 9, 25, 5, 10, 15, 0)
s = 127: (0, 35, 8, 58, 21, 12, 10, 16, 5, 15, 20, 0)
s = 128: (0, 44, 10, 57, 23, 13, 8, 27, 3, 8, 11, 0)
s = 129: (0, 38, 9, 82, 16, 12, 10, 27, 4, 13, 9, 0)
s = 130: (0, 35, 8, 77, 16, 9, 12, 26, 5, 9, 16, 0)
s = 131: (0, 33, 9, 58, 22, 9, 7, 16, 4, 12, 7, 0)
s = 132: (0, 37, 11, 71, 16, 12, 15, 19, 4, 10, 18, 0)
s = 133: (0, 64, 7, 57, 13, 14, 9, 19, 3, 18, 16, 0)
s = 134: (0, 44, 10, 49, 21, 7, 10, 17, 5, 8, 10, 0)
s = 135: (0, 24, 5, 74, 10, 7, 13, 13, 2, 13, 16, 0)
s = 136: (0, 37, 9, 81, 20, 7, 14, 19, 4, 13, 14, 0)
s = 137: (0, 66, 6, 54, 19, 9, 12, 23, 2, 18, 11, 0)
s = 138: (0, 31, 5, 63, 29, 7, 13, 23, 3, 12, 15, 0)
s = 139: (0, 41, 8, 81, 17, 9, 16, 17, 3, 11, 15, 0)
s = 140: (0, 33, 8, 84, 14, 12, 13, 10, 3, 10, 9, 0)
s = 141: (0, 65, 13, 91, 12, 7, 21, 12, 4, 9, 9, 0)
s = 142: (0, 47, 10, 42, 21, 11, 8, 20, 3, 10, 17, 0)
s = 143: (0, 36, 9, 66, 13, 8, 16, 13, 3, 14, 10, 0)
s = 144: (0, 47, 6, 66, 11, 8, 13, 22, 4, 10, 14, 0)
s = 145: (0, 49, 7, 102, 23, 8, 9, 30, 3, 10, 15, 0)
s = 146: (0, 53, 6, 83, 19, 7, 12, 33, 4, 9, 16, 0)
s = 147: (0, 53, 5, 70, 24, 8, 19, 27, 3, 14, 9, 0)
s = 148: (0, 38, 10, 51, 12, 8, 18, 16, 4, 13, 19, 0)
s = 149: (0, 31, 7, 59, 15, 8, 13, 14, 3, 9, 14, 0)
s = 150: (0, 25, 8, 58, 16, 14, 13, 12, 5, 17, 18, 0)
s = 151: (0, 42, 8, 38, 15, 8, 13, 14, 3, 8, 12, 0)
s = 152: (0, 33, 10, 66, 11, 6, 10, 27, 3, 8, 25, 0)
s = 153: (0, 46, 13, 35, 16, 11, 11, 20, 4, 11, 12, 0)
s = 154: (0, 37, 9, 48, 23, 12, 11, 20, 2, 10, 14, 0)
s = 155: (0, 63, 8, 46, 21, 8, 20, 13, 4, 14, 12, 0)
s = 156: (0, 38, 11, 56, 21, 12, 9, 13, 4, 9, 20, 0)
s = 157: (0, 22, 13, 42, 11, 8, 14, 27, 3, 9, 9, 0)
s = 158: (0, 32, 8, 44, 21, 8, 13, 15, 3, 14, 9, 0)
s = 159: (0, 49, 6, 68, 27, 7, 16, 13, 5, 17, 13, 0)
s = 160: (0, 35, 10, 87, 16, 6, 25, 11, 3, 13, 9, 0)
s = 161: (0, 37, 14, 108, 12, 13, 11, 16, 2, 12, 15, 0)
s = 162: (0, 58, 9, 70, 14, 8, 14, 11, 2, 11, 10, 0)
s = 163: (0, 48, 6, 38, 16, 8, 15, 16, 4, 11, 7, 0)
s = 164: (0, 42, 12, 45, 14, 10, 20, 19, 3, 15, 11, 0)
s = 165: (0, 42, 10, 42, 13, 9, 14, 22, 3, 10, 14, 0)
s = 166: (0, 40, 10, 54, 24, 6, 8, 15, 3, 17, 12, 0)
s = 167: (0, 24, 7, 58, 16, 11, 22, 16, 4, 11, 16, 0)
s = 168: (0, 39, 9, 68, 12, 9, 12, 15, 3, 7, 16, 0)
s = 169: (0, 31, 7, 50, 14, 12, 7, 19, 2, 8, 13, 0)
s = 170: (0, 34, 5, 49, 16, 5, 14, 25, 5, 18, 13, 0)
s = 171: (0, 39, 11, 38, 9, 7, 12, 21, 3, 13, 10, 0)
s = 172: (0, 32, 8, 42, 12, 9, 18, 20, 5, 15, 9, 0)
s = 173: (0, 40, 9, 71, 24, 8, 14, 23, 4, 13, 14, 0)
s = 174: (0, 29, 11, 65, 12, 6, 8, 15, 3, 15, 11, 0)
s = 175: (0, 39, 7, 62, 19, 7, 8, 11, 2, 20, 14, 0)
s = 176: (0, 43, 6, 55, 15, 17, 9, 11, 2, 13, 10, 0)
s = 177: (0, 40, 10, 46, 17, 13, 10, 17, 3, 16, 11, 0)
s = 178: (0, 51, 9, 81, 15, 9, 17, 17, 4, 12, 18, 0)
s = 179: (0, 32, 7, 69, 19, 8, 13, 18, 3, 9, 14, 0)
s = 180: (0, 31, 6, 62, 12, 11, 14, 20, 3, 19, 19, 0)
s = 181: (0, 35, 7, 54, 17, 12, 9, 22, 3, 9, 21, 0)
s = 182: (0, 35, 6, 36, 15, 9, 14, 24, 3, 13, 15, 0)
s = 183: (0, 30, 7, 71, 20, 7, 10, 22, 3, 14, 11, 0)
s = 184: (0, 34, 6, 97, 15, 7, 11, 21, 3, 12, 9, 0)
s = 185: (0, 43, 6, 58, 17, 12, 11, 18, 3, 8, 10, 0)
s = 186: (0, 52, 12, 38, 16, 10, 14, 21, 4, 16, 11, 0)
s = 187: (0, 33, 7, 50, 14, 7, 13, 11, 4, 8, 11, 0)
s = 188: (0, 53, 8, 83, 19, 7, 9, 21, 3, 11, 10, 0)
s = 189: (0, 32, 11, 39, 19, 9, 15, 10, 3, 16, 11, 0)
s = 190: (0, 80, 6, 97, 9, 10, 12, 18, 4, 14, 14, 0)
s = 191: (0, 45, 10, 70, 19, 12, 9, 16, 6, 11, 13, 0)
s = 192: (0, 45, 10, 89, 15, 12, 9, 18, 3, 10, 11, 0)
s = 193: (0, 31, 7, 71, 20, 11, 14, 14, 3, 21, 12, 0)
s = 194: (0, 52, 9, 109, 10, 11, 18, 20, 3, 10, 15, 0)
s = 195: (0, 44, 8, 77, 13, 7, 10, 15, 3, 11, 16, 0)
s = 196: (0, 22, 5, 52, 18, 13, 17, 16, 3, 11, 15, 0)
s = 197: (0, 33, 6, 69, 19, 11, 20, 21, 4, 9, 13, 0)
s = 198: (0, 40, 5, 107, 12, 7, 8, 13, 2, 10, 13, 0)
s = 199: (0, 36, 9, 49, 22, 11, 19, 14, 3, 8, 18, 0)
s = 200: (0, 33, 8, 69, 20, 10, 17, 16, 4, 14, 11, 0)
------------------------------------------------------------------------
RESOURCE k = 2
s = 1: (0, 88, 7, 113, 14, 7, 10, 17, 2, 73, 7, 0)
s = 2: (0, 60, 7, 66, 10, 11, 8, 12, 2, 46, 9, 0)
s = 3: (0, 50, 9, 77, 17, 14, 6, 17, 3, 46, 12, 0)
s = 4: (0, 39, 8, 85, 12, 8, 8, 15, 4, 73, 9, 0)
s = 5: (0, 30, 4, 47, 15, 11, 10, 18, 3, 62, 8, 0)
s = 6: (0, 66, 9, 80, 16, 12, 5, 13, 3, 69, 12, 0)
s = 7: (0, 39, 11, 69, 10, 13, 11, 19, 2, 67, 6, 0)
s = 8: (0, 53, 5, 46, 13, 10, 11, 12, 3, 46, 8, 0)
s = 9: (0, 45, 9, 94, 11, 16, 11, 15, 2, 58, 6, 0)
s = 10: (0, 30, 8, 58, 13, 9, 7, 12, 3, 50, 6, 0)
s = 11: (0, 94, 11, 75, 13, 8, 15, 13, 3, 45, 8, 0)
s = 12: (0, 34, 7, 93, 21, 13, 5, 12, 3, 43, 8, 0)
s = 13: (0, 61, 6, 115, 26, 9, 10, 17, 3, 37, 6, 0)
s = 14: (0, 82, 6, 76, 20, 9, 16, 9, 3, 32, 13, 0)
s = 15: (0, 78, 4, 59, 17, 10, 8, 19, 2, 52, 6, 0)
s = 16: (0, 35, 4, 101, 23, 13, 11, 21, 2, 80, 8, 0)
s = 17: (0, 44, 5, 87, 16, 15, 11, 13, 3, 55, 13, 0)
s = 18: (0, 33, 7, 93, 11, 13, 8, 19, 2, 38, 6, 0)
s = 19: (0, 33, 5, 121, 13, 10, 7, 12, 3, 74, 8, 0)
s = 20: (0, 49, 6, 73, 25, 9, 6, 20, 3, 58, 9, 0)
s = 21: (0, 36, 5, 85, 12, 10, 10, 18, 3, 95, 8, 0)
s = 22: (0, 59, 5, 68, 16, 8, 11, 10, 3, 50, 6, 0)
s = 23: (0, 45, 5, 48, 9, 8, 15, 18, 2, 48, 7, 0)
s = 24: (0, 60, 4, 69, 11, 8, 12, 22, 3, 43, 14, 0)
s = 25: (0, 51, 6, 112, 14, 9, 8, 10, 4, 34, 8, 0)
s = 26: (0, 56, 5, 79, 13, 6, 8, 20, 2, 46, 10, 0)
s = 27: (0, 49, 5, 82, 26, 10, 10, 12, 4, 60, 8, 0)
s = 28: (0, 57, 5, 73, 13, 8, 6, 20, 4, 64, 12, 0)
s = 29: (0, 57, 7, 89, 13, 9, 9, 14, 2, 61, 6, 0)
s = 30: (0, 49, 5, 50, 17, 10, 9, 20, 2, 54, 9, 0)
s = 31: (0, 57, 6, 73, 13, 17, 8, 15, 2, 42, 10, 0)
s = 32: (0, 42, 10, 100, 11, 7, 5, 8, 3, 59, 7, 0)
s = 33: (0, 68, 7, 50, 12, 11, 9, 11, 3, 56, 15, 0)
s = 34: (0, 49, 6, 77, 14, 7, 8, 18, 2, 35, 11, 0)
s = 35: (0, 46, 6, 62, 17, 14, 8, 13, 2, 57, 11, 0)
s = 36: (0, 53, 9, 74, 20, 12, 9, 8, 2, 73, 6, 0)
s = 37: (0, 42, 11, 96, 20, 18, 13, 16, 2, 46, 8, 0)
s = 38: (0, 52, 9, 78, 22, 8, 6, 17, 3, 37, 5, 0)
s = 39: (0, 59, 5, 90, 12, 8, 12, 15, 2, 52, 11, 0)
s = 40: (0, 57, 5, 55, 18, 9, 7, 18, 2, 30, 10, 0)
s = 41: (0, 37, 5, 75, 18, 9, 9, 12, 2, 39, 8, 0)
s = 42: (0, 54, 6, 66, 13, 8, 7, 18, 3, 49, 9, 0)
s = 43: (0, 43, 4, 126, 16, 12, 7, 15, 3, 30, 7, 0)
s = 44: (0, 55, 8, 58, 12, 18, 8, 9, 2, 30, 6, 0)
s = 45: (0, 42, 9, 56, 12, 8, 10, 12, 2, 57, 13, 0)
s = 46: (0, 46, 7, 80, 16, 13, 12, 14, 4, 56, 14, 0)
s = 47: (0, 54, 7, 134, 14, 13, 5, 14, 3, 48, 11, 0)
s = 48: (0, 74, 4, 89, 10, 9, 6, 12, 2, 48, 8, 0)
s = 49: (0, 65, 9, 86, 19, 13, 10, 21, 3, 84, 16, 0)
s = 50: (0, 38, 4, 62, 20, 12, 5, 13, 3, 86, 8, 0)
s = 51: (0, 69, 4, 81, 11, 13, 8, 18, 2, 49, 7, 0)
s = 52: (0, 32, 8, 92, 12, 13, 6, 14, 4, 63, 11, 0)
s = 53: (0, 65, 4, 111, 13, 13, 9, 11, 3, 63, 10, 0)
s = 54: (0, 48, 5, 109, 10, 13, 6, 14, 3, 84, 9, 0)
s = 55: (0, 46, 8, 80, 9, 9, 5, 11, 3, 50, 9, 0)
s = 56: (0, 42, 6, 70, 17, 11, 13, 15, 2, 57, 10, 0)
s = 57: (0, 57, 4, 131, 10, 8, 7, 13, 2, 70, 8, 0)
s = 58: (0, 60, 9, 89, 18, 17, 9, 13, 3, 42, 9, 0)
s = 59: (0, 53, 6, 61, 10, 9, 13, 20, 2, 45, 11, 0)
s = 60: (0, 73, 7, 61, 20, 13, 5, 11, 2, 73, 12, 0)
s = 61: (0, 53, 7, 67, 17, 16, 10, 23, 3, 68, 11, 0)
s = 62: (0, 51, 5, 74, 15, 9, 8, 11, 3, 41, 9, 0)
s = 63: (0, 54, 9, 72, 16, 9, 7, 14, 4, 92, 6, 0)
s = 64: (0, 83, 7, 98, 21, 13, 6, 20, 3, 78, 17, 0)
s = 65: (0, 62, 10, 85, 17, 7, 6, 14, 2, 49, 6, 0)
s = 66: (0, 51, 6, 82, 19, 9, 10, 15, 2, 48, 8, 0)
s = 67: (0, 43, 6, 46, 21, 8, 9, 15, 2, 86, 12, 0)
s = 68: (0, 53, 10, 100, 22, 13, 11, 13, 3, 50, 9, 0)
s = 69: (0, 52, 5, 98, 12, 11, 7, 20, 2, 48, 9, 0)
s = 70: (0, 51, 6, 52, 18, 11, 13, 18, 2, 50, 7, 0)
s = 71: (0, 60, 5, 90, 19, 13, 9, 12, 3, 56, 8, 0)
s = 72: (0, 51, 4, 55, 10, 10, 5, 24, 2, 36, 6, 0)
s = 73: (0, 48, 6, 130, 14, 11, 8, 14, 2, 56, 12, 0)
s = 74: (0, 33, 4, 51, 27, 8, 8, 18, 3, 77, 6, 0)
s = 75: (0, 42, 7, 48, 19, 16, 7, 17, 3, 59, 8, 0)
s = 76: (0, 45, 10, 92, 13, 12, 9, 11, 2, 63, 9, 0)
s = 77: (0, 57, 4, 85, 16, 13, 6, 19, 2, 62, 13, 0)
s = 78: (0, 44, 8, 90, 20, 6, 11, 14, 3, 54, 8, 0)
s = 79: (0, 37, 6, 67, 14, 14, 13, 13, 2, 39, 8, 0)
s = 80: (0, 39, 5, 89, 10, 17, 11, 15, 3, 44, 9, 0)
s = 81: (0, 41, 6, 100, 17, 6, 7, 9, 3, 51, 13, 0)
s = 82: (0, 56, 6, 51, 24, 9, 7, 16, 4, 45, 11, 0)
s = 83: (0, 35, 8, 79, 15, 19, 5, 8, 3, 43, 12, 0)
s = 84: (0, 49, 4, 134, 14, 13, 5, 18, 2, 50, 11, 0)
s = 85: (0, 39, 6, 64, 29, 8, 13, 14, 3, 66, 7, 0)
s = 86: (0, 47, 6, 72, 16, 9, 8, 12, 2, 46, 19, 0)
s = 87: (0, 39, 6, 63, 11, 11, 6, 14, 3, 43, 8, 0)
s = 88: (0, 52, 5, 50, 19, 8, 8, 15, 2, 43, 9, 0)
s = 89: (0, 49, 5, 60, 11, 13, 5, 15, 2, 40, 11, 0)
s = 90: (0, 51, 5, 77, 17, 12, 10, 11, 3, 36, 12, 0)
s = 91: (0, 33, 5, 62, 16, 11, 9, 11, 2, 33, 10, 0)
s = 92: (0, 68, 4, 51, 17, 19, 9, 16, 2, 46, 8, 0)
s = 93: (0, 27, 5, 109, 16, 7, 7, 13, 3, 42, 12, 0)
s = 94: (0, 52, 4, 75, 11, 9, 10, 10, 3, 32, 8, 0)
s = 95: (0, 64, 6, 92, 19, 7, 6, 16, 4, 73, 8, 0)
s = 96: (0, 72, 7, 68, 12, 11, 11, 12, 3, 52, 12, 0)
s = 97: (0, 57, 7, 77, 15, 7, 7, 9, 3, 40, 8, 0)
s = 98: (0, 41, 7, 59, 12, 12, 7, 14, 3, 46, 7, 0)
s = 99: (0, 53, 7, 61, 24, 16, 9, 17, 2, 54, 5, 0)
s = 100: (0, 50, 9, 74, 10, 12, 9, 19, 3, 43, 10, 0)
s = 101: (0, 26, 8, 68, 14, 8, 7, 18, 2, 56, 13, 0)
s = 102: (0, 36, 7, 64, 16, 11, 10, 19, 2, 50, 11, 0)
s = 103: (0, 36, 6, 70, 12, 8, 7, 14, 2, 54, 13, 0)
s = 104: (0, 35, 6, 97, 14, 11, 9, 12, 2, 75, 9, 0)
s = 105: (0, 39, 8, 62, 30, 11, 10, 14, 2, 39, 9, 0)
s = 106: (0, 54, 7, 71, 14, 13, 10, 10, 2, 44, 6, 0)
s = 107: (0, 63, 4, 61, 16, 11, 10, 15, 2, 50, 12, 0)
s = 108: (0, 63, 6, 55, 14, 6, 8, 9, 2, 53, 8, 0)
s = 109: (0, 67, 10, 71, 15, 9, 11, 16, 2, 75, 9, 0)
s = 110: (0, 43, 6, 59, 21, 8, 7, 9, 2, 75, 11, 0)
s = 111: (0, 48, 9, 56, 13, 14, 7, 14, 2, 58, 8, 0)
s = 112: (0, 61, 5, 81, 16, 10, 6, 10, 3, 45, 10, 0)
s = 113: (0, 41, 5, 81, 20, 6, 10, 10, 2, 69, 8, 0)
s = 114: (0, 32, 4, 119, 9, 8, 5, 11, 3, 28, 16, 0)
s = 115: (0, 42, 9, 59, 14, 8, 6, 15, 2, 39, 10, 0)
s = 116: (0, 43, 7, 49, 12, 8, 6, 9, 3, 56, 7, 0)
s = 117: (0, 39, 9, 81, 17, 13, 12, 15, 3, 55, 8, 0)
s = 118: (0, 42, 6, 79, 19, 11, 5, 14, 2, 83, 5, 0)
s = 119: (0, 30, 8, 70, 21, 12, 10, 9, 2, 68, 12, 0)
s = 120: (0, 45, 7, 60, 16, 13, 7, 13, 3, 37, 9, 0)
s = 121: (0, 57, 8, 79, 20, 11, 8, 17, 2, 46, 8, 0)
s = 122: (0, 37, 4, 118, 15, 11, 6, 21, 2, 52, 6, 0)
s = 123: (0, 35, 5, 53, 17, 14, 10, 11, 2, 48, 8, 0)
s = 124: (0, 67, 7, 72, 15, 7, 7, 22, 2, 54, 8, 0)
s = 125: (0, 33, 5, 45, 12, 11, 10, 18, 3, 51, 12, 0)
s = 126: (0, 29, 8, 121, 13, 12, 6, 19, 3, 43, 11, 0)
s = 127: (0, 44, 6, 73, 21, 13, 7, 12, 3, 67, 15, 0)
s = 128: (0, 54, 8, 71, 23, 15, 6, 21, 2, 32, 8, 0)
s = 129: (0, 47, 7, 103, 16, 13, 7, 21, 3, 58, 7, 0)
s = 130: (0, 43, 6, 97, 16, 10, 8, 20, 3, 38, 12, 0)
s = 131: (0, 41, 7, 72, 22, 10, 5, 12, 3, 53, 5, 0)
s = 132: (0, 46, 8, 88, 16, 13, 10, 15, 3, 43, 13, 0)
s = 133: (0, 79, 6, 71, 13, 16, 6, 15, 2, 78, 12, 0)
s = 134: (0, 55, 8, 61, 21, 7, 7, 13, 3, 33, 8, 0)
s = 135: (0, 29, 4, 92, 10, 8, 9, 10, 2, 58, 12, 0)
s = 136: (0, 46, 7, 102, 20, 8, 9, 15, 3, 59, 11, 0)
s = 137: (0, 83, 5, 67, 19, 10, 8, 18, 2, 79, 8, 0)
s = 138: (0, 39, 4, 79, 29, 7, 9, 18, 2, 53, 11, 0)
s = 139: (0, 51, 6, 101, 17, 10, 11, 14, 2, 50, 12, 0)
s = 140: (0, 41, 6, 105, 14, 13, 9, 8, 2, 43, 7, 0)
s = 141: (0, 81, 10, 114, 12, 7, 14, 10, 3, 39, 7, 0)
s = 142: (0, 59, 8, 53, 21, 12, 6, 16, 2, 43, 13, 0)
s = 143: (0, 45, 7, 82, 13, 9, 11, 11, 2, 61, 8, 0)
s = 144: (0, 59, 5, 82, 11, 8, 9, 17, 3, 43, 11, 0)
s = 145: (0, 61, 6, 128, 23, 9, 6, 23, 2, 43, 11, 0)
s = 146: (0, 66, 5, 104, 19, 8, 8, 26, 3, 39, 12, 0)
s = 147: (0, 66, 4, 87, 24, 9, 13, 21, 2, 61, 7, 0)
s = 148: (0, 47, 8, 64, 12, 9, 12, 13, 3, 55, 15, 0)
s = 149: (0, 39, 6, 74, 15, 9, 9, 11, 2, 38, 11, 0)
s = 150: (0, 31, 6, 72, 16, 16, 9, 10, 3, 74, 14, 0)
s = 151: (0, 53, 6, 47, 15, 9, 9, 11, 2, 36, 9, 0)
s = 152: (0, 41, 8, 83, 11, 7, 7, 21, 2, 35, 19, 0)
s = 153: (0, 57, 10, 44, 16, 12, 8, 16, 3, 47, 9, 0)
s = 154: (0, 46, 7, 60, 23, 13, 8, 15, 2, 41, 11, 0)
s = 155: (0, 79, 6, 57, 21, 8, 13, 10, 3, 60, 9, 0)
s = 156: (0, 47, 9, 70, 21, 13, 6, 10, 3, 37, 15, 0)
s = 157: (0, 27, 10, 52, 11, 9, 10, 21, 2, 40, 7, 0)
s = 158: (0, 40, 6, 55, 21, 9, 9, 12, 2, 59, 7, 0)
s = 159: (0, 61, 5, 85, 27, 7, 11, 10, 3, 75, 10, 0)
s = 160: (0, 44, 8, 108, 16, 6, 17, 9, 2, 59, 7, 0)
s = 161: (0, 46, 10, 135, 12, 14, 8, 12, 2, 52, 11, 0)
s = 162: (0, 72, 7, 87, 14, 9, 10, 9, 2, 50, 8, 0)
s = 163: (0, 60, 5, 47, 16, 9, 10, 12, 3, 48, 5, 0)
s = 164: (0, 52, 9, 56, 14, 11, 13, 15, 2, 65, 9, 0)
s = 165: (0, 53, 8, 52, 13, 10, 9, 17, 2, 44, 10, 0)
s = 166: (0, 49, 8, 67, 24, 6, 6, 12, 2, 76, 9, 0)
s = 167: (0, 30, 5, 73, 16, 12, 15, 12, 3, 49, 12, 0)
s = 168: (0, 48, 7, 85, 12, 10, 8, 12, 2, 32, 12, 0)
s = 169: (0, 38, 5, 63, 14, 13, 5, 15, 2, 35, 10, 0)
s = 170: (0, 42, 4, 61, 16, 6, 10, 19, 3, 81, 10, 0)
s = 171: (0, 48, 8, 47, 9, 8, 8, 16, 2, 58, 7, 0)
s = 172: (0, 40, 6, 53, 12, 10, 12, 16, 3, 65, 7, 0)
s = 173: (0, 50, 7, 88, 24, 8, 9, 18, 3, 56, 11, 0)
s = 174: (0, 36, 9, 81, 12, 7, 5, 11, 2, 64, 8, 0)
s = 175: (0, 49, 5, 77, 19, 8, 5, 8, 2, 86, 11, 0)
s = 176: (0, 54, 5, 69, 15, 18, 6, 8, 2, 57, 7, 0)
s = 177: (0, 50, 8, 57, 17, 15, 7, 13, 2, 72, 8, 0)
s = 178: (0, 64, 7, 101, 15, 10, 11, 13, 3, 54, 14, 0)
s = 179: (0, 40, 6, 86, 19, 9, 9, 14, 2, 38, 11, 0)
s = 180: (0, 38, 5, 77, 12, 12, 9, 16, 2, 83, 14, 0)
s = 181: (0, 43, 6, 68, 17, 13, 6, 18, 2, 38, 16, 0)
s = 182: (0, 43, 5, 44, 15, 10, 10, 19, 2, 57, 12, 0)
s = 183: (0, 37, 5, 89, 20, 8, 7, 17, 2, 61, 9, 0)
s = 184: (0, 43, 5, 122, 15, 7, 8, 16, 2, 50, 7, 0)
s = 185: (0, 53, 5, 72, 17, 13, 8, 14, 2, 32, 8, 0)
s = 186: (0, 65, 9, 47, 16, 11, 10, 16, 3, 72, 9, 0)
s = 187: (0, 41, 6, 63, 14, 8, 9, 9, 3, 36, 9, 0)
s = 188: (0, 66, 6, 104, 19, 8, 6, 16, 2, 48, 8, 0)
s = 189: (0, 40, 8, 49, 19, 10, 10, 8, 2, 71, 8, 0)
s = 190: (0, 100, 5, 121, 9, 12, 8, 14, 3, 60, 11, 0)
s = 191: (0, 56, 8, 87, 19, 14, 6, 12, 4, 49, 10, 0)
s = 192: (0, 56, 8, 112, 15, 13, 6, 14, 2, 43, 8, 0)
s = 193: (0, 39, 5, 89, 20, 12, 10, 11, 2, 92, 9, 0)
s = 194: (0, 65, 7, 136, 10, 12, 12, 16, 2, 42, 11, 0)
s = 195: (0, 55, 6, 96, 13, 8, 7, 11, 2, 47, 12, 0)
s = 196: (0, 28, 4, 65, 18, 14, 12, 13, 2, 48, 11, 0)
s = 197: (0, 41, 4, 86, 19, 13, 13, 16, 3, 37, 10, 0)
s = 198: (0, 50, 4, 134, 12, 8, 6, 10, 2, 45, 10, 0)
s = 199: (0, 44, 7, 61, 22, 12, 13, 11, 2, 36, 14, 0)
s = 200: (0, 41, 6, 86, 20, 11, 12, 12, 3, 62, 9, 0)
************************************************************************
ES/LS-VALUES:
jobnr.   ES(i)    LS(i)
------------------------------------------------------------------------
  0        0        0
  1        0       37
  2        0       54
  3        0       33
  4       13       47
  5       13       54
  6       16       51
  7       14       56
  8       14       65
  9       14       56
 10       24       60
 11       30       67
************************************************************************
BIG-M-VALUES:
M1 = 56, M2 = 245
************************************************************************
