************************************************************************
file with basedata            : mb14_.bas
initial value random generator: 13782
************************************************************************
projects                      :  1
jobs (incl. supersource/sink ):  12
horizon                       :  81
RESOURCES
  - renewable                 :  2   R
  - nonrenewable              :  2   N
  - doubly constrained        :  0   D
************************************************************************
PROJECT INFORMATION:
pronr.  #jobs rel.date duedate tardcost  MPM-Time
    1     10      0        9        7        9
************************************************************************
PRECEDENCE RELATIONS:
jobnr.    #modes  #successors   successors
   0        1          3           1   2   3
   1        3          2           7   8
   2        3          1           4
   3        3          3           5   7  10
   4        3          2           9  10
   5        3          2           6   8
   6        3          1           9
   7        3          1           9
   8        3          1          11
   9        3          1          11
  10        3          1          11
  11        1          0        
************************************************************************
REQUESTS/DURATIONS:
jobnr. mode duration  R 1  R 2  R 3  R 4  E(W 1)  E(W 2)  E(W 3)  E(W 4)
------------------------------------------------------------------------
  0      1     0       0    0    0    0     0       0       0       0
  1      1     1       7    7    9    7     7       7       9       7
  2      1     4       6    9    6    6    24      36      24      24
  3      1     1       7    9    5    9     7       9       5       9
  4      1     2       6    7    6    6    12      14      12      12
  5      1     2       9    9   10    7    18      18      20      14
  6      1     4       5    7    9    5    20      28      36      20
  7      1     2       6    9    9    4    12      18      18       8
  8      1     1       8    9    4    4     8       9       4       4
  9      1     1       9    8    6    3     9       8       6       3
 10      1     3       9    4    7    7    27      12      21      21
 11      1     0       0    0    0    0     0       0       0       0
************************************************************************
RESOURCEAVAILABILITIES:
  R 1  R 2  R 3  R 4
   10   10   71   59
************************************************************************
RESOURCE LIMITS:
jobnr.  l(R 1)  u(R 1)  l(R 2)  u(R 2)  l(R 3)  u(R 3)  l(R 4)  u(R 4)
------------------------------------------------------------------------
  0        0       0       0       0       0       0       0       0
  1        4       7       4       7       5       9       4       7
  2        3       6       5       9       3       6       3       6
  3        4       7       5       9       3       5       5       9
  4        3       6       4       7       3       6       3       6
  5        5       9       5       9       5      10       4       7
  6        3       5       4       7       5       9       3       5
  7        3       6       5       9       5       9       2       4
  8        4       8       5       9       2       4       2       4
  9        5       9       4       8       3       6       2       3
 10        5       9       2       4       4       7       4       7
 11        0       0       0       0       0       0       0       0
************************************************************************
SCENARIOS:
------------------------------------------------------------------------
RESOURCE k = 1
s = 1: (0, 6, 32, 6, 12, 18, 19, 12, 8, 8, 26, 0)
s = 2: (0, 5, 32, 6, 15, 29, 14, 10, 6, 12, 18, 0)
s = 3: (0, 8, 24, 8, 13, 18, 21, 13, 10, 10, 36, 0)
s = 4: (0, 6, 31, 9, 17, 21, 24, 17, 6, 11, 16, 0)
s = 5: (0, 6, 29, 5, 8, 12, 27, 16, 5, 8, 24, 0)
s = 6: (0, 6, 27, 10, 13, 21, 24, 12, 7, 7, 32, 0)
s = 7: (0, 12, 22, 12, 10, 25, 16, 21, 13, 10, 21, 0)
s = 8: (0, 5, 40, 7, 12, 23, 21, 18, 12, 9, 26, 0)
s = 9: (0, 6, 32, 11, 10, 18, 27, 11, 8, 7, 15, 0)
s = 10: (0, 6, 17, 5, 16, 17, 24, 8, 11, 7, 37, 0)
s = 11: (0, 8, 31, 10, 10, 19, 15, 10, 9, 9, 31, 0)
s = 12: (0, 7, 39, 5, 8, 25, 18, 9, 7, 9, 35, 0)
s = 13: (0, 5, 37, 10, 20, 13, 24, 13, 8, 10, 30, 0)
s = 14: (0, 10, 24, 7, 11, 11, 25, 10, 8, 6, 32, 0)
s = 15: (0, 7, 17, 6, 12, 16, 16, 9, 9, 7, 40, 0)
s = 16: (0, 11, 27, 10, 9, 15, 21, 17, 11, 6, 30, 0)
s = 17: (0, 7, 28, 9, 8, 12, 16, 7, 8, 6, 19, 0)
s = 18: (0, 7, 20, 4, 13, 30, 20, 16, 8, 13, 47, 0)
s = 19: (0, 10, 34, 5, 19, 16, 14, 14, 10, 12, 22, 0)
s = 20: (0, 9, 27, 7, 12, 13, 23, 15, 7, 11, 25, 0)
s = 21: (0, 7, 20, 9, 14, 17, 15, 10, 10, 6, 28, 0)
s = 22: (0, 10, 26, 6, 11, 16, 27, 10, 12, 9, 22, 0)
s = 23: (0, 7, 37, 9, 10, 16, 14, 9, 6, 8, 26, 0)
s = 24: (0, 5, 29, 6, 13, 17, 26, 12, 7, 7, 18, 0)
s = 25: (0, 6, 20, 6, 14, 12, 22, 9, 7, 7, 21, 0)
s = 26: (0, 5, 25, 7, 14, 21, 20, 12, 8, 9, 31, 0)
s = 27: (0, 9, 34, 7, 12, 19, 27, 11, 8, 11, 28, 0)
s = 28: (0, 5, 22, 10, 16, 26, 18, 12, 7, 10, 18, 0)
s = 29: (0, 7, 28, 6, 10, 12, 22, 11, 5, 8, 20, 0)
s = 30: (0, 6, 20, 9, 14, 22, 12, 8, 5, 13, 21, 0)
s = 31: (0, 6, 23, 10, 8, 17, 25, 11, 7, 10, 25, 0)
s = 32: (0, 12, 29, 4, 10, 22, 23, 14, 11, 10, 15, 0)
s = 33: (0, 6, 29, 5, 8, 17, 28, 10, 9, 9, 53, 0)
s = 34: (0, 13, 18, 10, 19, 26, 17, 10, 7, 6, 30, 0)
s = 35: (0, 7, 35, 6, 18, 21, 27, 15, 6, 12, 28, 0)
s = 36: (0, 8, 30, 7, 13, 13, 32, 14, 7, 7, 29, 0)
s = 37: (0, 5, 16, 6, 8, 16, 19, 7, 8, 8, 25, 0)
s = 38: (0, 11, 29, 7, 10, 12, 25, 18, 11, 11, 18, 0)
s = 39: (0, 7, 20, 9, 12, 23, 17, 13, 10, 11, 36, 0)
s = 40: (0, 10, 24, 6, 12, 24, 15, 13, 12, 6, 21, 0)
s = 41: (0, 5, 19, 4, 9, 10, 28, 19, 8, 11, 26, 0)
s = 42: (0, 5, 21, 7, 13, 12, 18, 15, 8, 9, 39, 0)
s = 43: (0, 7, 27, 5, 11, 29, 21, 14, 6, 14, 16, 0)
s = 44: (0, 7, 24, 5, 16, 14, 16, 18, 8, 6, 27, 0)
s = 45: (0, 7, 14, 6, 10, 25, 35, 10, 9, 6, 19, 0)
s = 46: (0, 6, 24, 6, 14, 18, 23, 9, 11, 9, 35, 0)
s = 47: (0, 10, 40, 7, 14, 20, 22, 10, 13, 10, 30, 0)
s = 48: (0, 9, 23, 8, 12, 20, 19, 11, 9, 9, 20, 0)
s = 49: (0, 8, 21, 11, 8, 16, 12, 14, 12, 8, 32, 0)
s = 50: (0, 6, 14, 8, 10, 18, 32, 18, 8, 11, 24, 0)
s = 51: (0, 10, 18, 6, 11, 18, 17, 14, 11, 14, 43, 0)
s = 52: (0, 5, 30, 8, 15, 20, 31, 16, 10, 11, 24, 0)
s = 53: (0, 9, 27, 8, 12, 12, 24, 20, 8, 7, 39, 0)
s = 54: (0, 6, 29, 6, 13, 20, 33, 10, 7, 11, 26, 0)
s = 55: (0, 5, 23, 8, 8, 22, 13, 11, 11, 10, 30, 0)
s = 56: (0, 6, 37, 11, 21, 23, 18, 8, 9, 13, 29, 0)
s = 57: (0, 6, 37, 6, 16, 25, 19, 8, 8, 12, 19, 0)
s = 58: (0, 9, 19, 8, 10, 14, 28, 15, 13, 7, 37, 0)
s = 59: (0, 8, 37, 9, 8, 24, 19, 18, 8, 7, 29, 0)
s = 60: (0, 10, 25, 7, 10, 22, 21, 18, 9, 15, 20, 0)
s = 61: (0, 5, 31, 8, 12, 18, 19, 15, 7, 8, 30, 0)
s = 62: (0, 8, 26, 8, 11, 13, 18, 10, 6, 7, 20, 0)
s = 63: (0, 7, 24, 11, 10, 17, 22, 12, 6, 11, 28, 0)
s = 64: (0, 6, 45, 5, 13, 28, 25, 9, 6, 12, 17, 0)
s = 65: (0, 5, 27, 6, 11, 24, 23, 8, 8, 7, 37, 0)
s = 66: (0, 10, 33, 7, 10, 19, 17, 17, 7, 8, 25, 0)
s = 67: (0, 9, 34, 11, 15, 28, 21, 9, 9, 9, 23, 0)
s = 68: (0, 6, 21, 6, 12, 25, 21, 9, 7, 8, 28, 0)
s = 69: (0, 9, 23, 7, 9, 13, 20, 19, 10, 7, 20, 0)
s = 70: (0, 10, 23, 7, 12, 12, 27, 13, 9, 9, 30, 0)
s = 71: (0, 5, 21, 8, 9, 23, 18, 11, 9, 9, 42, 0)
s = 72: (0, 5, 25, 8, 10, 30, 24, 17, 9, 6, 24, 0)
s = 73: (0, 11, 26, 8, 12, 17, 19, 13, 7, 7, 46, 0)
s = 74: (0, 6, 33, 5, 19, 12, 17, 14, 5, 6, 26, 0)
s = 75: (0, 5, 25, 8, 11, 13, 16, 14, 8, 8, 36, 0)
s = 76: (0, 8, 43, 5, 11, 18, 13, 17, 10, 11, 29, 0)
s = 77: (0, 5, 19, 8, 8, 27, 18, 11, 10, 11, 20, 0)
s = 78: (0, 8, 14, 7, 16, 18, 20, 14, 8, 6, 33, 0)
s = 79: (0, 8, 30, 6, 12, 14, 21, 11, 5, 6, 29, 0)
s = 80: (0, 6, 30, 5, 10, 14, 26, 11, 5, 13, 31, 0)
s = 81: (0, 7, 18, 10, 14, 11, 17, 11, 12, 7, 28, 0)
s = 82: (0, 5, 17, 9, 13, 19, 27, 17, 7, 8, 33, 0)
s = 83: (0, 8, 19, 9, 13, 19, 19, 10, 5, 8, 41, 0)
s = 84: (0, 8, 22, 5, 7, 15, 17, 7, 6, 6, 27, 0)
s = 85: (0, 6, 18, 6, 14, 20, 21, 7, 14, 9, 29, 0)
s = 86: (0, 10, 20, 4, 11, 20, 13, 23, 9, 8, 51, 0)
s = 87: (0, 9, 20, 7, 16, 11, 26, 10, 5, 9, 41, 0)
s = 88: (0, 8, 23, 6, 8, 20, 28, 14, 6, 11, 27, 0)
s = 89: (0, 11, 15, 5, 13, 19, 26, 8, 12, 9, 24, 0)
s = 90: (0, 6, 36, 6, 12, 18, 23, 9, 8, 9, 27, 0)
s = 91: (0, 6, 22, 7, 7, 20, 34, 9, 6, 13, 24, 0)
s = 92: (0, 10, 19, 6, 11, 11, 35, 12, 6, 9, 20, 0)
s = 93: (0, 9, 28, 11, 14, 17, 23, 13, 7, 9, 22, 0)
s = 94: (0, 6, 31, 8, 13, 22, 22, 14, 12, 11, 40, 0)
s = 95: (0, 6, 16, 6, 14, 31, 15, 10, 7, 6, 20, 0)
s = 96: (0, 9, 33, 5, 7, 15, 13, 13, 6, 12, 28, 0)
s = 97: (0, 6, 32, 5, 13, 18, 13, 8, 11, 12, 17, 0)
s = 98: (0, 6, 19, 9, 17, 16, 15, 15, 5, 11, 21, 0)
s = 99: (0, 5, 20, 7, 20, 18, 32, 16, 13, 7, 22, 0)
s = 100: (0, 9, 18, 10, 12, 13, 20, 12, 11, 12, 32, 0)
s = 101: (0, 7, 16, 7, 9, 19, 23, 16, 7, 7, 29, 0)
s = 102: (0, 10, 18, 6, 9, 32, 14, 14, 8, 9, 24, 0)
s = 103: (0, 8, 27, 11, 19, 11, 25, 9, 7, 10, 26, 0)
s = 104: (0, 5, 24, 11, 11, 18, 12, 10, 8, 8, 25, 0)
s = 105: (0, 8, 42, 13, 13, 17, 25, 10, 7, 6, 32, 0)
s = 106: (0, 10, 27, 5, 13, 14, 27, 8, 5, 11, 25, 0)
s = 107: (0, 9, 16, 6, 14, 13, 18, 13, 11, 13, 45, 0)
s = 108: (0, 5, 26, 12, 10, 14, 20, 13, 6, 6, 27, 0)
s = 109: (0, 9, 25, 8, 12, 11, 18, 20, 7, 9, 30, 0)
s = 110: (0, 8, 29, 7, 11, 19, 21, 9, 6, 9, 22, 0)
s = 111: (0, 8, 33, 7, 14, 29, 24, 13, 9, 7, 24, 0)
s = 112: (0, 5, 25, 9, 13, 11, 17, 9, 10, 8, 26, 0)
s = 113: (0, 9, 23, 8, 15, 16, 21, 20, 8, 13, 26, 0)
s = 114: (0, 9, 19, 7, 14, 24, 13, 16, 9, 9, 40, 0)
s = 115: (0, 13, 24, 8, 11, 13, 24, 12, 6, 11, 32, 0)
s = 116: (0, 5, 37, 5, 17, 13, 19, 14, 7, 7, 32, 0)
s = 117: (0, 5, 17, 8, 9, 16, 30, 16, 9, 7, 28, 0)
s = 118: (0, 8, 19, 8, 13, 16, 21, 7, 6, 11, 26, 0)
s = 119: (0, 8, 34, 12, 16, 10, 25, 8, 7, 14, 26, 0)
s = 120: (0, 8, 19, 7, 8, 14, 28, 10, 7, 16, 39, 0)
s = 121: (0, 11, 33, 7, 12, 21, 17, 14, 8, 6, 30, 0)
s = 122: (0, 7, 26, 8, 12, 28, 24, 19, 10, 15, 25, 0)
s = 123: (0, 6, 38, 8, 11, 19, 16, 9, 8, 10, 39, 0)
s = 124: (0, 10, 19, 6, 9, 16, 20, 13, 6, 6, 20, 0)
s = 125: (0, 8, 32, 5, 11, 13, 17, 15, 12, 11, 46, 0)
s = 126: (0, 7, 28, 7, 9, 20, 19, 13, 6, 13, 27, 0)
s = 127: (0, 11, 15, 8, 12, 17, 14, 14, 11, 8, 20, 0)
s = 128: (0, 11, 24, 9, 18, 28, 25, 9, 9, 9, 31, 0)
s = 129: (0, 11, 16, 10, 16, 20, 17, 13, 6, 6, 20, 0)
s = 130: (0, 8, 27, 9, 7, 21, 13, 10, 8, 6, 34, 0)
s = 131: (0, 7, 27, 4, 10, 20, 26, 8, 7, 10, 32, 0)
s = 132: (0, 6, 16, 7, 11, 18, 19, 13, 6, 7, 35, 0)
s = 133: (0, 6, 21, 6, 14, 16, 24, 14, 6, 6, 21, 0)
s = 134: (0, 7, 29, 6, 11, 21, 16, 11, 8, 11, 30, 0)
s = 135: (0, 9, 35, 5, 15, 12, 29, 11, 10, 6, 36, 0)
s = 136: (0, 7, 18, 10, 8, 19, 11, 9, 5, 6, 17, 0)
s = 137: (0, 10, 26, 5, 17, 12, 32, 14, 7, 13, 31, 0)
s = 138: (0, 12, 17, 5, 9, 13, 28, 14, 9, 10, 23, 0)
s = 139: (0, 6, 18, 8, 8, 18, 16, 8, 10, 8, 40, 0)
s = 140: (0, 10, 36, 8, 7, 11, 29, 11, 12, 7, 21, 0)
s = 141: (0, 8, 31, 11, 19, 17, 30, 12, 9, 14, 30, 0)
s = 142: (0, 6, 21, 6, 8, 11, 12, 8, 13, 8, 30, 0)
s = 143: (0, 8, 23, 8, 8, 25, 14, 11, 6, 11, 27, 0)
s = 144: (0, 7, 24, 10, 12, 18, 16, 12, 10, 9, 15, 0)
s = 145: (0, 4, 27, 11, 10, 16, 13, 15, 6, 11, 27, 0)
s = 146: (0, 10, 26, 7, 12, 21, 13, 12, 5, 9, 23, 0)
s = 147: (0, 6, 37, 5, 12, 12, 14, 10, 14, 6, 28, 0)
s = 148: (0, 4, 22, 5, 8, 16, 32, 11, 8, 9, 32, 0)
s = 149: (0, 5, 18, 6, 16, 23, 35, 10, 6, 11, 38, 0)
s = 150: (0, 10, 19, 5, 9, 19, 28, 8, 11, 13, 16, 0)
s = 151: (0, 6, 20, 6, 18, 17, 12, 10, 10, 15, 33, 0)
s = 152: (0, 7, 22, 5, 8, 17, 38, 15, 9, 7, 27, 0)
s = 153: (0, 6, 29, 10, 7, 15, 15, 9, 8, 9, 16, 0)
s = 154: (0, 7, 23, 5, 10, 16, 19, 9, 7, 6, 30, 0)
s = 155: (0, 6, 20, 6, 12, 17, 19, 12, 11, 11, 19, 0)
s = 156: (0, 6, 25, 6, 8, 13, 19, 9, 7, 7, 26, 0)
s = 157: (0, 5, 36, 7, 7, 12, 28, 9, 6, 11, 23, 0)
s = 158: (0, 6, 34, 6, 9, 23, 20, 10, 10, 10, 24, 0)
s = 159: (0, 9, 14, 7, 14, 18, 22, 14, 7, 10, 20, 0)
s = 160: (0, 5, 24, 7, 11, 19, 21, 11, 10, 7, 24, 0)
s = 161: (0, 7, 25, 7, 21, 15, 17, 17, 8, 6, 15, 0)
s = 162: (0, 6, 22, 10, 10, 26, 33, 14, 7, 8, 33, 0)
s = 163: (0, 11, 22, 8, 13, 21, 13, 15, 8, 6, 24, 0)
s = 164: (0, 8, 20, 6, 15, 25, 27, 17, 11, 6, 22, 0)
s = 165: (0, 8, 30, 5, 7, 23, 18, 8, 7, 8, 21, 0)
s = 166: (0, 6, 22, 7, 17, 19, 21, 8, 6, 10, 30, 0)
s = 167: (0, 11, 18, 5, 14, 22, 17, 18, 12, 13, 27, 0)
s = 168: (0, 10, 21, 4, 15, 26, 14, 9, 10, 17, 21, 0)
s = 169: (0, 6, 30, 9, 14, 14, 13, 21, 11, 9, 15, 0)
s = 170: (0, 5, 19, 11, 12, 18, 29, 10, 7, 11, 28, 0)
s = 171: (0, 5, 31, 7, 17, 26, 32, 17, 8, 8, 27, 0)
s = 172: (0, 7, 17, 5, 14, 16, 17, 10, 12, 14, 34, 0)
s = 173: (0, 5, 24, 4, 18, 17, 28, 19, 14, 11, 36, 0)
s = 174: (0, 5, 29, 7, 8, 11, 28, 9, 8, 8, 25, 0)
s = 175: (0, 5, 23, 7, 14, 17, 12, 12, 13, 8, 18, 0)
s = 176: (0, 6, 36, 5, 13, 22, 15, 8, 10, 10, 19, 0)
s = 177: (0, 7, 16, 7, 9, 13, 19, 8, 9, 7, 18, 0)
s = 178: (0, 7, 21, 10, 9, 13, 22, 11, 13, 10, 31, 0)
s = 179: (0, 11, 25, 9, 9, 15, 22, 11, 6, 6, 27, 0)
s = 180: (0, 9, 28, 7, 18, 17, 36, 11, 6, 9, 21, 0)
s = 181: (0, 6, 14, 11, 15, 14, 22, 9, 7, 13, 35, 0)
s = 182: (0, 10, 22, 10, 9, 16, 24, 11, 6, 7, 40, 0)
s = 183: (0, 6, 23, 5, 15, 19, 22, 20, 8, 12, 36, 0)
s = 184: (0, 7, 21, 4, 9, 26, 19, 12, 7, 12, 16, 0)
s = 185: (0, 8, 22, 7, 12, 14, 22, 17, 6, 7, 32, 0)
s = 186: (0, 6, 29, 8, 10, 16, 13, 16, 6, 11, 21, 0)
s = 187: (0, 12, 15, 8, 18, 15, 20, 10, 8, 13, 23, 0)
s = 188: (0, 7, 25, 7, 16, 20, 19, 8, 8, 9, 18, 0)
s = 189: (0, 10, 17, 5, 12, 12, 17, 9, 8, 9, 49, 0)
s = 190: (0, 6, 16, 5, 14, 18, 22, 11, 9, 8, 20, 0)
s = 191: (0, 5, 24, 10, 11, 15, 23, 9, 5, 9, 28, 0)
s = 192: (0, 10, 27, 12, 9, 12, 21, 14, 7, 6, 29, 0)
s = 193: (0, 8, 21, 7, 17, 18, 25, 10, 9, 12, 22, 0)
s = 194: (0, 8, 18, 6, 13, 10, 31, 10, 8, 7, 17, 0)
s = 195: (0, 7, 18, 6, 15, 15, 26, 10, 9, 7, 37, 0)
s = 196: (0, 7, 18, 7, 15, 17, 16, 13, 10, 11, 17, 0)
s = 197: (0, 8, 19, 6, 20, 13, 24, 12, 11, 7, 32, 0)
s = 198: (0, 10, 24, 7, 11, 15, 27, 13, 9, 6, 26, 0)
s = 199: (0, 5, 32, 4, 10, 15, 32, 12, 8, 9, 34, 0)
s = 200: (0, 9, 26, 7, 13, 20, 24, 8, 7, 7, 36, 0)
------------------------------------------------------------------------
RESOURCE k = 2
s = 1: (0, 6, 48, 7, 14, 18, 26, 17, 9, 8, 12, 0)
s = 2: (0, 5, 48, 7, 17, 29, 19, 15, 7, 10, 8, 0)
s = 3: (0, 8, 36, 10, 15, 18, 30, 19, 11, 9, 16, 0)
s = 4: (0, 6, 46, 12, 20, 21, 33, 25, 6, 10, 7, 0)
s = 5: (0, 6, 44, 6, 9, 12, 37, 24, 6, 8, 11, 0)
s = 6: (0, 6, 40, 13, 15, 21, 33, 18, 8, 6, 15, 0)
s = 7: (0, 12, 33, 16, 12, 25, 22, 31, 15, 9, 10, 0)
s = 8: (0, 5, 60, 9, 13, 23, 29, 27, 14, 8, 12, 0)
s = 9: (0, 6, 48, 14, 12, 18, 38, 17, 8, 7, 7, 0)
s = 10: (0, 6, 25, 6, 19, 17, 33, 11, 12, 6, 17, 0)
s = 11: (0, 8, 46, 13, 11, 19, 21, 15, 10, 8, 14, 0)
s = 12: (0, 7, 58, 6, 9, 25, 25, 13, 8, 8, 16, 0)
s = 13: (0, 5, 55, 13, 24, 13, 33, 19, 9, 9, 14, 0)
s = 14: (0, 10, 36, 9, 13, 11, 35, 15, 9, 5, 15, 0)
s = 15: (0, 7, 25, 7, 14, 16, 22, 14, 10, 6, 18, 0)
s = 16: (0, 11, 41, 13, 11, 15, 29, 26, 12, 5, 13, 0)
s = 17: (0, 7, 41, 11, 9, 12, 22, 10, 9, 5, 9, 0)
s = 18: (0, 7, 29, 5, 16, 30, 28, 24, 9, 11, 21, 0)
s = 19: (0, 10, 50, 6, 22, 16, 19, 20, 11, 11, 10, 0)
s = 20: (0, 9, 40, 9, 14, 13, 32, 22, 8, 10, 12, 0)
s = 21: (0, 7, 30, 11, 16, 17, 21, 15, 11, 5, 13, 0)
s = 22: (0, 10, 39, 7, 13, 16, 38, 15, 13, 8, 10, 0)
s = 23: (0, 7, 55, 12, 12, 16, 20, 14, 7, 7, 12, 0)
s = 24: (0, 5, 43, 8, 15, 17, 37, 18, 8, 7, 8, 0)
s = 25: (0, 6, 29, 8, 16, 12, 31, 13, 8, 6, 10, 0)
s = 26: (0, 5, 38, 8, 16, 21, 28, 17, 9, 8, 14, 0)
s = 27: (0, 9, 51, 9, 14, 19, 38, 17, 9, 10, 13, 0)
s = 28: (0, 5, 33, 13, 19, 26, 25, 17, 7, 9, 8, 0)
s = 29: (0, 7, 41, 7, 12, 12, 31, 16, 6, 7, 9, 0)
s = 30: (0, 6, 30, 11, 17, 22, 17, 12, 6, 12, 10, 0)
s = 31: (0, 6, 35, 13, 9, 17, 35, 16, 8, 9, 12, 0)
s = 32: (0, 12, 44, 6, 12, 22, 32, 21, 12, 9, 7, 0)
s = 33: (0, 6, 43, 6, 10, 17, 39, 15, 10, 8, 24, 0)
s = 34: (0, 13, 27, 13, 22, 26, 24, 14, 8, 5, 14, 0)
s = 35: (0, 7, 52, 8, 21, 21, 38, 22, 7, 11, 13, 0)
s = 36: (0, 8, 45, 9, 15, 13, 44, 21, 7, 6, 13, 0)
s = 37: (0, 5, 23, 7, 9, 16, 27, 10, 9, 7, 12, 0)
s = 38: (0, 11, 43, 9, 12, 12, 35, 27, 13, 10, 8, 0)
s = 39: (0, 7, 29, 12, 14, 23, 24, 19, 11, 10, 16, 0)
s = 40: (0, 10, 35, 7, 13, 24, 20, 19, 14, 5, 9, 0)
s = 41: (0, 5, 29, 5, 10, 10, 39, 28, 9, 10, 12, 0)
s = 42: (0, 5, 32, 8, 15, 12, 25, 22, 9, 8, 18, 0)
s = 43: (0, 7, 41, 7, 13, 29, 29, 20, 7, 13, 8, 0)
s = 44: (0, 7, 36, 7, 19, 14, 22, 27, 8, 5, 12, 0)
s = 45: (0, 7, 21, 7, 12, 25, 49, 14, 10, 6, 9, 0)
s = 46: (0, 6, 36, 8, 16, 18, 32, 14, 12, 8, 16, 0)
s = 47: (0, 10, 59, 9, 16, 20, 30, 15, 15, 9, 14, 0)
s = 48: (0, 9, 35, 10, 14, 20, 27, 17, 10, 8, 9, 0)
s = 49: (0, 8, 32, 14, 9, 16, 17, 21, 14, 7, 14, 0)
s = 50: (0, 6, 21, 10, 11, 18, 44, 27, 9, 10, 11, 0)
s = 51: (0, 10, 27, 7, 12, 18, 24, 21, 12, 13, 19, 0)
s = 52: (0, 5, 44, 10, 18, 20, 43, 24, 11, 10, 11, 0)
s = 53: (0, 9, 40, 10, 14, 12, 33, 30, 9, 6, 18, 0)
s = 54: (0, 6, 43, 7, 16, 20, 46, 15, 7, 9, 12, 0)
s = 55: (0, 5, 34, 11, 10, 22, 19, 17, 12, 9, 14, 0)
s = 56: (0, 6, 56, 13, 24, 23, 24, 11, 10, 12, 13, 0)
s = 57: (0, 6, 56, 7, 19, 25, 27, 12, 9, 10, 9, 0)
s = 58: (0, 9, 28, 10, 11, 14, 40, 22, 14, 6, 17, 0)
s = 59: (0, 8, 56, 12, 9, 24, 26, 27, 9, 6, 13, 0)
s = 60: (0, 10, 37, 9, 11, 22, 29, 27, 11, 14, 9, 0)
s = 61: (0, 5, 47, 10, 14, 18, 27, 22, 8, 7, 13, 0)
s = 62: (0, 8, 38, 10, 12, 13, 25, 15, 6, 6, 9, 0)
s = 63: (0, 7, 35, 13, 11, 17, 31, 17, 6, 9, 13, 0)
s = 64: (0, 6, 67, 7, 15, 28, 35, 13, 7, 11, 8, 0)
s = 65: (0, 5, 41, 7, 12, 24, 31, 11, 9, 6, 17, 0)
s = 66: (0, 10, 49, 9, 12, 19, 24, 25, 8, 8, 11, 0)
s = 67: (0, 9, 51, 14, 17, 28, 29, 13, 10, 8, 10, 0)
s = 68: (0, 6, 32, 8, 14, 25, 29, 13, 8, 7, 13, 0)
s = 69: (0, 9, 34, 9, 10, 13, 28, 29, 11, 7, 9, 0)
s = 70: (0, 10, 34, 8, 14, 12, 38, 19, 10, 8, 14, 0)
s = 71: (0, 5, 32, 10, 10, 23, 25, 17, 10, 8, 19, 0)
s = 72: (0, 5, 38, 10, 11, 30, 33, 25, 11, 5, 11, 0)
s = 73: (0, 11, 38, 11, 13, 17, 26, 20, 8, 6, 21, 0)
s = 74: (0, 6, 49, 7, 22, 12, 24, 21, 6, 5, 12, 0)
s = 75: (0, 5, 38, 10, 13, 13, 22, 21, 9, 7, 16, 0)
s = 76: (0, 8, 65, 6, 13, 18, 18, 25, 11, 10, 13, 0)
s = 77: (0, 5, 29, 11, 9, 27, 25, 17, 11, 9, 9, 0)
s = 78: (0, 8, 20, 9, 18, 18, 28, 20, 9, 6, 15, 0)
s = 79: (0, 8, 44, 8, 14, 14, 30, 16, 6, 5, 13, 0)
s = 80: (0, 6, 45, 7, 12, 14, 36, 16, 6, 12, 14, 0)
s = 81: (0, 7, 26, 13, 16, 11, 24, 16, 14, 6, 13, 0)
s = 82: (0, 5, 25, 11, 15, 19, 37, 25, 8, 7, 15, 0)
s = 83: (0, 8, 28, 12, 15, 19, 26, 14, 5, 7, 18, 0)
s = 84: (0, 8, 32, 7, 8, 15, 23, 10, 6, 5, 12, 0)
s = 85: (0, 6, 27, 7, 16, 20, 29, 11, 16, 8, 13, 0)
s = 86: (0, 10, 29, 5, 13, 20, 18, 34, 10, 8, 23, 0)
s = 87: (0, 9, 30, 8, 19, 11, 36, 15, 6, 8, 19, 0)
s = 88: (0, 8, 34, 7, 10, 20, 39, 21, 6, 10, 12, 0)
s = 89: (0, 11, 22, 6, 15, 19, 36, 12, 13, 8, 11, 0)
s = 90: (0, 6, 54, 7, 14, 18, 32, 13, 9, 8, 12, 0)
s = 91: (0, 6, 32, 9, 8, 20, 47, 13, 7, 12, 11, 0)
s = 92: (0, 10, 28, 8, 13, 11, 48, 18, 7, 8, 9, 0)
s = 93: (0, 9, 41, 13, 16, 17, 32, 19, 8, 8, 10, 0)
s = 94: (0, 6, 46, 10, 15, 22, 31, 21, 14, 10, 18, 0)
s = 95: (0, 6, 23, 8, 16, 31, 20, 15, 8, 6, 9, 0)
s = 96: (0, 9, 49, 6, 9, 15, 17, 20, 7, 10, 13, 0)
s = 97: (0, 6, 48, 7, 15, 18, 18, 12, 13, 11, 8, 0)
s = 98: (0, 6, 29, 12, 20, 16, 21, 22, 6, 10, 10, 0)
s = 99: (0, 5, 30, 9, 23, 18, 44, 24, 15, 6, 10, 0)
s = 100: (0, 9, 26, 12, 14, 13, 27, 18, 12, 11, 15, 0)
s = 101: (0, 7, 23, 9, 10, 19, 33, 24, 8, 6, 13, 0)
s = 102: (0, 10, 27, 8, 11, 32, 20, 21, 9, 8, 11, 0)
s = 103: (0, 8, 40, 14, 23, 11, 35, 14, 7, 9, 12, 0)
s = 104: (0, 5, 36, 14, 12, 18, 17, 14, 9, 7, 11, 0)
s = 105: (0, 8, 62, 16, 15, 17, 34, 15, 8, 6, 14, 0)
s = 106: (0, 10, 40, 7, 15, 14, 37, 12, 6, 10, 11, 0)
s = 107: (0, 9, 24, 7, 17, 13, 26, 19, 13, 11, 20, 0)
s = 108: (0, 5, 38, 15, 11, 14, 28, 19, 7, 6, 12, 0)
s = 109: (0, 9, 38, 10, 14, 11, 24, 29, 7, 8, 14, 0)
s = 110: (0, 8, 43, 9, 12, 19, 29, 14, 7, 8, 10, 0)
s = 111: (0, 8, 49, 8, 16, 29, 33, 20, 10, 6, 11, 0)
s = 112: (0, 5, 37, 11, 15, 11, 23, 14, 11, 7, 12, 0)
s = 113: (0, 9, 35, 11, 17, 16, 29, 29, 9, 12, 12, 0)
s = 114: (0, 9, 28, 9, 17, 24, 18, 24, 10, 8, 18, 0)
s = 115: (0, 13, 36, 10, 13, 13, 33, 18, 6, 10, 14, 0)
s = 116: (0, 5, 56, 6, 20, 13, 27, 21, 8, 6, 15, 0)
s = 117: (0, 5, 25, 10, 11, 16, 41, 23, 11, 6, 13, 0)
s = 118: (0, 8, 28, 10, 15, 16, 30, 10, 7, 10, 12, 0)
s = 119: (0, 8, 50, 16, 19, 10, 35, 12, 8, 12, 12, 0)
s = 120: (0, 8, 28, 9, 10, 14, 38, 14, 8, 14, 17, 0)
s = 121: (0, 11, 49, 9, 14, 21, 23, 21, 9, 6, 13, 0)
s = 122: (0, 7, 38, 10, 14, 28, 33, 28, 11, 14, 11, 0)
s = 123: (0, 6, 57, 10, 13, 19, 23, 13, 8, 9, 17, 0)
s = 124: (0, 10, 29, 8, 11, 16, 28, 19, 7, 6, 9, 0)
s = 125: (0, 8, 47, 7, 13, 13, 24, 22, 13, 10, 21, 0)
s = 126: (0, 7, 42, 9, 11, 20, 27, 19, 7, 12, 12, 0)
s = 127: (0, 11, 22, 10, 14, 17, 19, 20, 12, 7, 9, 0)
s = 128: (0, 11, 35, 11, 21, 28, 35, 13, 10, 8, 14, 0)
s = 129: (0, 11, 24, 13, 18, 20, 23, 19, 7, 5, 9, 0)
s = 130: (0, 8, 40, 11, 8, 21, 17, 15, 9, 5, 15, 0)
s = 131: (0, 7, 40, 5, 11, 20, 36, 11, 8, 9, 15, 0)
s = 132: (0, 6, 24, 9, 13, 18, 27, 20, 6, 7, 16, 0)
s = 133: (0, 6, 31, 7, 16, 16, 33, 21, 7, 6, 10, 0)
s = 134: (0, 7, 43, 8, 13, 21, 22, 16, 9, 10, 14, 0)
s = 135: (0, 9, 52, 6, 18, 12, 41, 16, 11, 6, 16, 0)
s = 136: (0, 7, 27, 12, 9, 19, 15, 13, 6, 6, 8, 0)
s = 137: (0, 10, 39, 6, 20, 12, 45, 21, 8, 12, 14, 0)
s = 138: (0, 12, 25, 7, 11, 13, 39, 21, 10, 9, 10, 0)
s = 139: (0, 6, 27, 10, 9, 18, 22, 11, 11, 7, 18, 0)
s = 140: (0, 10, 54, 11, 8, 11, 41, 17, 13, 7, 10, 0)
s = 141: (0, 8, 46, 15, 22, 17, 42, 17, 10, 12, 14, 0)
s = 142: (0, 6, 32, 7, 10, 11, 16, 12, 15, 7, 14, 0)
s = 143: (0, 8, 34, 10, 9, 25, 19, 16, 7, 10, 12, 0)
s = 144: (0, 7, 36, 13, 14, 18, 22, 17, 11, 8, 7, 0)
s = 145: (0, 4, 41, 14, 12, 16, 18, 22, 7, 10, 12, 0)
s = 146: (0, 10, 39, 9, 13, 21, 18, 17, 6, 8, 10, 0)
s = 147: (0, 6, 56, 6, 14, 12, 20, 15, 16, 5, 13, 0)
s = 148: (0, 4, 33, 6, 9, 16, 45, 16, 9, 8, 15, 0)
s = 149: (0, 5, 26, 8, 18, 23, 49, 15, 7, 10, 17, 0)
s = 150: (0, 10, 28, 7, 11, 19, 39, 12, 12, 12, 7, 0)
s = 151: (0, 6, 30, 8, 20, 17, 17, 15, 11, 14, 15, 0)
s = 152: (0, 7, 33, 6, 9, 17, 53, 22, 10, 6, 12, 0)
s = 153: (0, 6, 44, 13, 8, 15, 20, 13, 8, 8, 7, 0)
s = 154: (0, 7, 35, 7, 12, 16, 26, 13, 7, 6, 14, 0)
s = 155: (0, 6, 30, 7, 14, 17, 27, 18, 12, 10, 9, 0)
s = 156: (0, 6, 37, 8, 10, 13, 26, 13, 7, 6, 12, 0)
s = 157: (0, 5, 54, 9, 9, 12, 39, 13, 7, 10, 10, 0)
s = 158: (0, 6, 51, 8, 10, 23, 28, 15, 11, 9, 11, 0)
s = 159: (0, 9, 21, 9, 16, 18, 30, 21, 8, 9, 9, 0)
s = 160: (0, 5, 36, 9, 12, 19, 29, 16, 12, 6, 11, 0)
s = 161: (0, 7, 37, 9, 25, 15, 24, 25, 9, 6, 7, 0)
s = 162: (0, 6, 32, 13, 11, 26, 45, 20, 8, 7, 15, 0)
s = 163: (0, 11, 33, 10, 15, 21, 18, 23, 9, 5, 11, 0)
s = 164: (0, 8, 30, 7, 18, 25, 38, 25, 12, 5, 10, 0)
s = 165: (0, 8, 45, 6, 8, 23, 25, 12, 8, 7, 10, 0)
s = 166: (0, 6, 32, 9, 20, 19, 29, 11, 7, 9, 13, 0)
s = 167: (0, 11, 26, 6, 16, 22, 23, 27, 13, 12, 12, 0)
s = 168: (0, 10, 32, 6, 17, 26, 20, 13, 11, 15, 10, 0)
s = 169: (0, 6, 45, 12, 16, 14, 18, 32, 12, 8, 7, 0)
s = 170: (0, 5, 28, 14, 13, 18, 40, 14, 7, 10, 13, 0)
s = 171: (0, 5, 46, 8, 20, 26, 44, 26, 9, 7, 12, 0)
s = 172: (0, 7, 26, 7, 17, 16, 23, 15, 14, 13, 16, 0)
s = 173: (0, 5, 36, 5, 21, 17, 39, 29, 16, 10, 16, 0)
s = 174: (0, 5, 43, 9, 9, 11, 39, 13, 9, 7, 11, 0)
s = 175: (0, 5, 35, 9, 17, 17, 16, 17, 15, 7, 8, 0)
s = 176: (0, 6, 53, 6, 15, 22, 20, 11, 11, 9, 9, 0)
s = 177: (0, 7, 23, 9, 11, 13, 26, 12, 10, 6, 8, 0)
s = 178: (0, 7, 31, 13, 10, 13, 31, 16, 14, 9, 14, 0)
s = 179: (0, 11, 37, 12, 10, 15, 30, 17, 7, 5, 12, 0)
s = 180: (0, 9, 41, 8, 21, 17, 50, 17, 7, 8, 9, 0)
s = 181: (0, 6, 20, 14, 18, 14, 31, 13, 8, 12, 16, 0)
s = 182: (0, 10, 32, 13, 11, 16, 34, 17, 6, 7, 18, 0)
s = 183: (0, 6, 34, 6, 17, 19, 30, 30, 9, 10, 16, 0)
s = 184: (0, 7, 31, 5, 10, 26, 27, 18, 8, 11, 8, 0)
s = 185: (0, 8, 32, 8, 13, 14, 31, 26, 6, 6, 14, 0)
s = 186: (0, 6, 44, 10, 12, 16, 18, 23, 7, 10, 10, 0)
s = 187: (0, 12, 22, 10, 20, 15, 28, 15, 9, 11, 11, 0)
s = 188: (0, 7, 37, 9, 19, 20, 26, 12, 9, 8, 8, 0)
s = 189: (0, 10, 25, 6, 13, 12, 24, 14, 9, 8, 22, 0)
s = 190: (0, 6, 24, 6, 16, 18, 31, 16, 10, 7, 9, 0)
s = 191: (0, 5, 35, 13, 13, 15, 31, 14, 6, 8, 13, 0)
s = 192: (0, 10, 40, 15, 10, 12, 30, 21, 8, 5, 13, 0)
s = 193: (0, 8, 32, 9, 20, 18, 35, 15, 11, 11, 10, 0)
s = 194: (0, 8, 27, 7, 15, 10, 43, 14, 9, 6, 8, 0)
s = 195: (0, 7, 27, 8, 17, 15, 37, 15, 10, 6, 17, 0)
s = 196: (0, 7, 26, 9, 17, 17, 22, 19, 11, 10, 8, 0)
s = 197: (0, 8, 28, 8, 23, 13, 33, 17, 13, 6, 15, 0)
s = 198: (0, 10, 36, 9, 12, 15, 37, 19, 10, 6, 12, 0)
s = 199: (0, 5, 48, 6, 11, 15, 44, 18, 9, 8, 15, 0)
s = 200: (0, 9, 39, 8, 15, 20, 33, 11, 8, 7, 16, 0)
------------------------------------------------------------------------
RESOURCE k = 3
s = 1: (0, 8, 32, 4, 12, 20, 34, 17, 4, 6, 21, 0)
s = 2: (0, 6, 32, 4, 15, 33, 24, 15, 3, 8, 14, 0)
s = 3: (0, 11, 24, 6, 13, 20, 38, 19, 5, 7, 28, 0)
s = 4: (0, 8, 31, 7, 17, 23, 42, 25, 3, 8, 13, 0)
s = 5: (0, 8, 29, 3, 8, 14, 48, 24, 3, 6, 19, 0)
s = 6: (0, 7, 27, 7, 13, 23, 42, 18, 4, 5, 25, 0)
s = 7: (0, 15, 22, 9, 10, 28, 28, 31, 7, 7, 16, 0)
s = 8: (0, 7, 40, 5, 12, 25, 37, 27, 6, 6, 20, 0)
s = 9: (0, 7, 32, 8, 10, 20, 49, 17, 4, 5, 12, 0)
s = 10: (0, 7, 17, 4, 16, 18, 42, 11, 6, 5, 29, 0)
s = 11: (0, 10, 31, 7, 10, 21, 27, 15, 5, 6, 24, 0)
s = 12: (0, 9, 39, 4, 8, 27, 31, 13, 4, 6, 28, 0)
s = 13: (0, 7, 37, 8, 20, 15, 43, 19, 4, 7, 24, 0)
s = 14: (0, 13, 24, 5, 11, 13, 45, 15, 4, 4, 25, 0)
s = 15: (0, 9, 17, 4, 12, 18, 28, 14, 5, 5, 31, 0)
s = 16: (0, 14, 27, 8, 9, 17, 37, 26, 6, 4, 23, 0)
s = 17: (0, 8, 28, 6, 8, 13, 28, 10, 4, 4, 15, 0)
s = 18: (0, 9, 20, 3, 13, 34, 36, 24, 4, 9, 37, 0)
s = 19: (0, 12, 34, 3, 19, 18, 24, 20, 5, 8, 18, 0)
s = 20: (0, 12, 27, 5, 12, 14, 41, 22, 4, 8, 20, 0)
s = 21: (0, 9, 20, 6, 14, 19, 27, 15, 5, 4, 22, 0)
s = 22: (0, 13, 26, 4, 11, 17, 48, 15, 6, 6, 17, 0)
s = 23: (0, 9, 37, 7, 10, 17, 25, 14, 3, 5, 20, 0)
s = 24: (0, 7, 29, 5, 13, 19, 47, 18, 4, 5, 14, 0)
s = 25: (0, 7, 20, 4, 14, 14, 40, 13, 4, 5, 17, 0)
s = 26: (0, 6, 25, 5, 14, 23, 35, 17, 4, 6, 24, 0)
s = 27: (0, 12, 34, 5, 12, 21, 48, 17, 4, 7, 22, 0)
s = 28: (0, 7, 22, 7, 16, 29, 33, 17, 4, 7, 14, 0)
s = 29: (0, 8, 28, 4, 10, 13, 40, 16, 3, 5, 16, 0)
s = 30: (0, 8, 20, 7, 14, 25, 22, 12, 3, 9, 17, 0)
s = 31: (0, 8, 23, 7, 8, 19, 45, 16, 4, 7, 20, 0)
s = 32: (0, 15, 29, 3, 10, 25, 42, 21, 6, 7, 12, 0)
s = 33: (0, 8, 29, 4, 8, 19, 50, 15, 5, 6, 41, 0)
s = 34: (0, 17, 18, 7, 19, 28, 31, 14, 4, 4, 23, 0)
s = 35: (0, 8, 35, 5, 18, 23, 48, 22, 3, 8, 22, 0)
s = 36: (0, 10, 30, 5, 13, 15, 57, 21, 4, 5, 23, 0)
s = 37: (0, 7, 16, 4, 8, 18, 35, 10, 4, 6, 20, 0)
s = 38: (0, 14, 29, 5, 10, 13, 45, 27, 6, 7, 14, 0)
s = 39: (0, 9, 20, 7, 12, 25, 31, 19, 5, 7, 28, 0)
s = 40: (0, 12, 24, 4, 12, 27, 26, 19, 6, 4, 16, 0)
s = 41: (0, 6, 19, 3, 9, 11, 50, 28, 4, 8, 20, 0)
s = 42: (0, 6, 21, 5, 13, 14, 32, 22, 4, 6, 30, 0)
s = 43: (0, 9, 27, 4, 11, 32, 38, 20, 3, 10, 13, 0)
s = 44: (0, 9, 24, 4, 16, 15, 29, 27, 4, 4, 21, 0)
s = 45: (0, 9, 14, 4, 10, 28, 63, 14, 5, 4, 15, 0)
s = 46: (0, 8, 24, 4, 14, 19, 40, 14, 6, 6, 27, 0)
s = 47: (0, 13, 40, 5, 14, 22, 38, 15, 7, 7, 23, 0)
s = 48: (0, 11, 23, 6, 12, 22, 34, 17, 5, 6, 15, 0)
s = 49: (0, 10, 21, 8, 8, 18, 22, 21, 6, 5, 25, 0)
s = 50: (0, 8, 14, 6, 10, 20, 57, 27, 4, 7, 19, 0)
s = 51: (0, 13, 18, 4, 11, 20, 30, 21, 6, 10, 33, 0)
s = 52: (0, 6, 30, 6, 15, 22, 55, 24, 5, 7, 18, 0)
s = 53: (0, 12, 27, 6, 12, 13, 42, 30, 4, 5, 31, 0)
s = 54: (0, 8, 29, 4, 13, 22, 59, 15, 4, 7, 20, 0)
s = 55: (0, 6, 23, 6, 8, 24, 24, 17, 6, 7, 23, 0)
s = 56: (0, 7, 37, 8, 21, 25, 31, 11, 5, 9, 23, 0)
s = 57: (0, 8, 37, 4, 16, 28, 35, 12, 4, 8, 15, 0)
s = 58: (0, 11, 19, 6, 10, 15, 51, 22, 7, 5, 29, 0)
s = 59: (0, 11, 37, 7, 8, 27, 33, 27, 4, 5, 23, 0)
s = 60: (0, 13, 25, 5, 10, 24, 37, 27, 5, 10, 16, 0)
s = 61: (0, 6, 31, 6, 12, 19, 34, 22, 4, 6, 23, 0)
s = 62: (0, 10, 26, 6, 11, 14, 32, 15, 3, 5, 15, 0)
s = 63: (0, 9, 24, 8, 10, 19, 40, 17, 3, 7, 22, 0)
s = 64: (0, 8, 45, 4, 13, 31, 45, 13, 3, 8, 14, 0)
s = 65: (0, 6, 27, 4, 11, 26, 40, 11, 4, 5, 29, 0)
s = 66: (0, 13, 33, 5, 10, 22, 30, 25, 4, 6, 19, 0)
s = 67: (0, 11, 34, 8, 15, 31, 37, 13, 5, 6, 18, 0)
s = 68: (0, 7, 21, 4, 12, 28, 37, 13, 4, 6, 22, 0)
s = 69: (0, 11, 23, 5, 9, 14, 36, 29, 5, 5, 16, 0)
s = 70: (0, 12, 23, 5, 12, 13, 48, 19, 5, 6, 24, 0)
s = 71: (0, 6, 21, 6, 9, 25, 32, 17, 5, 6, 33, 0)
s = 72: (0, 6, 25, 6, 10, 34, 42, 25, 5, 4, 18, 0)
s = 73: (0, 14, 26, 6, 12, 19, 34, 20, 4, 5, 36, 0)
s = 74: (0, 8, 33, 4, 19, 13, 30, 21, 3, 4, 20, 0)
s = 75: (0, 6, 25, 6, 11, 14, 28, 21, 4, 6, 28, 0)
s = 76: (0, 10, 43, 4, 11, 20, 22, 25, 5, 7, 23, 0)
s = 77: (0, 6, 19, 6, 8, 29, 32, 17, 5, 7, 16, 0)
s = 78: (0, 10, 14, 5, 16, 19, 36, 20, 4, 4, 26, 0)
s = 79: (0, 11, 30, 5, 12, 16, 38, 16, 3, 4, 22, 0)
s = 80: (0, 7, 30, 4, 10, 15, 46, 16, 3, 9, 25, 0)
s = 81: (0, 8, 18, 7, 14, 13, 30, 16, 6, 5, 22, 0)
s = 82: (0, 6, 17, 6, 13, 21, 48, 25, 4, 6, 26, 0)
s = 83: (0, 10, 19, 7, 13, 21, 33, 14, 3, 5, 32, 0)
s = 84: (0, 10, 22, 4, 7, 16, 30, 10, 3, 4, 21, 0)
s = 85: (0, 8, 18, 4, 14, 22, 37, 11, 7, 6, 22, 0)
s = 86: (0, 13, 20, 3, 11, 22, 23, 34, 5, 6, 40, 0)
s = 87: (0, 12, 20, 5, 16, 12, 46, 15, 3, 6, 32, 0)
s = 88: (0, 10, 23, 4, 8, 22, 50, 21, 3, 8, 21, 0)
s = 89: (0, 14, 15, 3, 13, 21, 46, 12, 6, 6, 19, 0)
s = 90: (0, 7, 36, 4, 12, 20, 41, 13, 4, 6, 21, 0)
s = 91: (0, 8, 22, 5, 7, 22, 60, 13, 3, 9, 18, 0)
s = 92: (0, 13, 19, 5, 11, 12, 62, 18, 3, 6, 15, 0)
s = 93: (0, 12, 28, 8, 14, 19, 41, 19, 4, 6, 17, 0)
s = 94: (0, 7, 31, 6, 13, 25, 39, 21, 6, 7, 31, 0)
s = 95: (0, 8, 16, 5, 14, 34, 26, 15, 4, 4, 16, 0)
s = 96: (0, 12, 33, 4, 7, 17, 22, 20, 3, 8, 22, 0)
s = 97: (0, 8, 32, 4, 13, 20, 23, 12, 6, 8, 13, 0)
s = 98: (0, 8, 19, 7, 17, 17, 27, 22, 3, 8, 16, 0)
s = 99: (0, 6, 20, 5, 20, 20, 57, 24, 7, 5, 17, 0)
s = 100: (0, 11, 18, 7, 12, 14, 35, 18, 6, 8, 25, 0)
s = 101: (0, 9, 16, 5, 9, 21, 42, 24, 4, 5, 23, 0)
s = 102: (0, 13, 18, 4, 9, 35, 25, 21, 4, 6, 19, 0)
s = 103: (0, 10, 27, 8, 19, 12, 45, 14, 4, 7, 20, 0)
s = 104: (0, 6, 24, 8, 11, 20, 22, 14, 4, 5, 19, 0)
s = 105: (0, 10, 42, 9, 13, 18, 44, 15, 4, 4, 25, 0)
s = 106: (0, 13, 27, 4, 13, 15, 48, 12, 3, 7, 19, 0)
s = 107: (0, 11, 16, 4, 14, 14, 33, 19, 6, 9, 35, 0)
s = 108: (0, 6, 26, 9, 10, 16, 36, 19, 3, 4, 21, 0)
s = 109: (0, 11, 25, 6, 12, 12, 31, 29, 4, 6, 24, 0)
s = 110: (0, 10, 29, 5, 11, 21, 37, 14, 3, 6, 17, 0)
s = 111: (0, 10, 33, 5, 14, 32, 43, 20, 5, 5, 19, 0)
s = 112: (0, 6, 25, 7, 13, 12, 30, 14, 5, 5, 20, 0)
s = 113: (0, 11, 23, 6, 15, 18, 37, 29, 4, 9, 20, 0)
s = 114: (0, 11, 19, 5, 14, 27, 22, 24, 5, 6, 31, 0)
s = 115: (0, 16, 24, 6, 11, 15, 42, 18, 3, 8, 25, 0)
s = 116: (0, 7, 37, 3, 17, 14, 34, 21, 4, 5, 25, 0)
s = 117: (0, 6, 17, 6, 9, 17, 53, 23, 5, 5, 22, 0)
s = 118: (0, 10, 19, 6, 13, 17, 38, 10, 3, 8, 20, 0)
s = 119: (0, 10, 34, 9, 16, 11, 44, 12, 4, 9, 20, 0)
s = 120: (0, 10, 19, 5, 8, 15, 49, 14, 4, 11, 30, 0)
s = 121: (0, 14, 33, 5, 12, 23, 30, 21, 4, 4, 23, 0)
s = 122: (0, 9, 26, 6, 12, 31, 42, 28, 5, 10, 20, 0)
s = 123: (0, 7, 38, 6, 11, 21, 29, 13, 4, 7, 30, 0)
s = 124: (0, 13, 19, 5, 9, 17, 35, 19, 3, 4, 15, 0)
s = 125: (0, 10, 32, 4, 11, 15, 30, 22, 6, 8, 36, 0)
s = 126: (0, 9, 28, 5, 9, 22, 34, 19, 3, 9, 21, 0)
s = 127: (0, 14, 15, 6, 12, 19, 24, 20, 6, 5, 16, 0)
s = 128: (0, 14, 24, 7, 18, 31, 44, 13, 5, 6, 24, 0)
s = 129: (0, 14, 16, 7, 16, 22, 29, 19, 3, 4, 16, 0)
s = 130: (0, 10, 27, 7, 7, 23, 22, 15, 4, 4, 26, 0)
s = 131: (0, 9, 27, 3, 10, 22, 46, 11, 4, 7, 25, 0)
s = 132: (0, 8, 16, 5, 11, 20, 35, 20, 3, 5, 28, 0)
s = 133: (0, 8, 21, 4, 14, 18, 42, 21, 3, 4, 17, 0)
s = 134: (0, 9, 29, 5, 11, 24, 28, 16, 4, 8, 24, 0)
s = 135: (0, 12, 35, 4, 15, 13, 52, 16, 5, 4, 28, 0)
s = 136: (0, 9, 18, 7, 8, 21, 20, 13, 3, 4, 13, 0)
s = 137: (0, 12, 26, 4, 17, 14, 58, 21, 4, 9, 24, 0)
s = 138: (0, 15, 17, 4, 9, 14, 50, 21, 5, 7, 18, 0)
s = 139: (0, 8, 18, 6, 8, 20, 29, 11, 5, 6, 31, 0)
s = 140: (0, 12, 36, 6, 7, 12, 52, 17, 6, 5, 16, 0)
s = 141: (0, 10, 31, 8, 19, 18, 54, 17, 5, 9, 24, 0)
s = 142: (0, 8, 21, 4, 8, 12, 21, 12, 7, 5, 23, 0)
s = 143: (0, 10, 23, 6, 8, 28, 25, 16, 3, 8, 21, 0)
s = 144: (0, 9, 24, 8, 12, 20, 28, 17, 5, 6, 12, 0)
s = 145: (0, 5, 27, 8, 10, 17, 23, 22, 3, 7, 21, 0)
s = 146: (0, 13, 26, 5, 12, 24, 23, 17, 3, 6, 18, 0)
s = 147: (0, 8, 37, 4, 12, 13, 25, 15, 7, 4, 22, 0)
s = 148: (0, 5, 22, 4, 8, 18, 58, 16, 4, 6, 25, 0)
s = 149: (0, 6, 18, 5, 16, 26, 62, 15, 3, 8, 30, 0)
s = 150: (0, 13, 19, 4, 9, 21, 50, 12, 6, 9, 13, 0)
s = 151: (0, 8, 20, 5, 18, 19, 22, 15, 5, 10, 25, 0)
s = 152: (0, 8, 22, 4, 8, 19, 68, 22, 5, 5, 21, 0)
s = 153: (0, 8, 29, 7, 7, 16, 26, 13, 4, 6, 13, 0)
s = 154: (0, 8, 23, 4, 10, 18, 34, 13, 4, 4, 24, 0)
s = 155: (0, 7, 20, 4, 12, 19, 34, 18, 6, 7, 15, 0)
s = 156: (0, 7, 25, 5, 8, 14, 33, 13, 4, 5, 20, 0)
s = 157: (0, 6, 36, 5, 7, 13, 50, 13, 3, 8, 18, 0)
s = 158: (0, 8, 34, 5, 9, 25, 36, 15, 5, 7, 19, 0)
s = 159: (0, 11, 14, 5, 14, 19, 39, 21, 4, 7, 16, 0)
s = 160: (0, 6, 24, 5, 11, 21, 38, 16, 5, 5, 19, 0)
s = 161: (0, 9, 25, 5, 21, 17, 30, 25, 4, 4, 12, 0)
s = 162: (0, 7, 22, 7, 10, 28, 58, 20, 4, 5, 26, 0)
s = 163: (0, 14, 22, 6, 13, 23, 22, 23, 4, 4, 19, 0)
s = 164: (0, 10, 20, 4, 15, 28, 48, 25, 6, 4, 17, 0)
s = 165: (0, 10, 30, 3, 7, 25, 32, 12, 4, 5, 16, 0)
s = 166: (0, 7, 22, 5, 17, 21, 38, 11, 3, 7, 23, 0)
s = 167: (0, 14, 18, 4, 14, 24, 30, 27, 6, 9, 21, 0)
s = 168: (0, 13, 21, 3, 15, 29, 26, 13, 5, 12, 17, 0)
s = 169: (0, 8, 30, 7, 14, 16, 23, 32, 6, 6, 12, 0)
s = 170: (0, 7, 19, 8, 12, 20, 51, 14, 4, 7, 22, 0)
s = 171: (0, 6, 31, 5, 17, 29, 57, 26, 4, 6, 21, 0)
s = 172: (0, 9, 17, 4, 14, 17, 30, 15, 6, 10, 27, 0)
s = 173: (0, 7, 24, 3, 18, 18, 49, 29, 7, 7, 28, 0)
s = 174: (0, 7, 29, 5, 8, 12, 50, 13, 4, 5, 20, 0)
s = 175: (0, 7, 23, 5, 14, 19, 21, 17, 7, 6, 14, 0)
s = 176: (0, 8, 36, 4, 13, 25, 26, 11, 5, 7, 15, 0)
s = 177: (0, 9, 16, 5, 9, 15, 34, 12, 5, 5, 14, 0)
s = 178: (0, 8, 21, 7, 9, 14, 40, 16, 7, 7, 24, 0)
s = 179: (0, 14, 25, 7, 9, 16, 39, 17, 3, 4, 21, 0)
s = 180: (0, 12, 28, 5, 18, 18, 65, 17, 3, 6, 16, 0)
s = 181: (0, 7, 14, 8, 15, 15, 39, 13, 4, 9, 28, 0)
s = 182: (0, 13, 22, 7, 9, 18, 44, 17, 3, 5, 31, 0)
s = 183: (0, 8, 23, 4, 15, 21, 38, 30, 4, 8, 28, 0)
s = 184: (0, 9, 21, 3, 9, 29, 34, 18, 4, 8, 13, 0)
s = 185: (0, 10, 22, 5, 12, 16, 40, 26, 3, 5, 25, 0)
s = 186: (0, 7, 29, 6, 10, 18, 23, 23, 3, 7, 16, 0)
s = 187: (0, 15, 15, 6, 18, 17, 35, 15, 4, 9, 18, 0)
s = 188: (0, 9, 25, 5, 16, 22, 33, 12, 4, 6, 14, 0)
s = 189: (0, 13, 17, 4, 12, 13, 30, 14, 4, 6, 39, 0)
s = 190: (0, 8, 16, 4, 14, 20, 40, 16, 5, 5, 16, 0)
s = 191: (0, 6, 24, 8, 11, 16, 40, 14, 3, 6, 22, 0)
s = 192: (0, 13, 27, 9, 9, 14, 38, 21, 4, 4, 23, 0)
s = 193: (0, 10, 21, 5, 17, 20, 45, 15, 5, 8, 17, 0)
s = 194: (0, 10, 18, 4, 13, 11, 56, 14, 4, 5, 13, 0)
s = 195: (0, 9, 18, 4, 15, 17, 47, 15, 5, 5, 29, 0)
s = 196: (0, 9, 18, 5, 15, 19, 28, 19, 5, 7, 13, 0)
s = 197: (0, 10, 19, 5, 20, 15, 42, 17, 6, 5, 25, 0)
s = 198: (0, 13, 24, 5, 11, 17, 48, 19, 5, 4, 20, 0)
s = 199: (0, 7, 32, 3, 10, 17, 56, 18, 4, 6, 26, 0)
s = 200: (0, 12, 26, 5, 13, 22, 43, 11, 4, 5, 28, 0)
------------------------------------------------------------------------
RESOURCE k = 4
s = 1: (0, 6, 32, 7, 12, 14, 19, 8, 4, 3, 21, 0)
s = 2: (0, 5, 32, 7, 15, 23, 14, 7, 3, 4, 14, 0)
s = 3: (0, 8, 24, 10, 13, 14, 21, 9, 5, 4, 28, 0)
s = 4: (0, 6, 31, 12, 17, 16, 24, 12, 3, 4, 13, 0)
s = 5: (0, 6, 29, 6, 8, 10, 27, 11, 3, 3, 19, 0)
s = 6: (0, 6, 27, 13, 13, 16, 24, 8, 4, 3, 25, 0)
s = 7: (0, 12, 22, 16, 10, 19, 16, 14, 7, 4, 16, 0)
s = 8: (0, 5, 40, 9, 12, 18, 21, 12, 6, 3, 20, 0)
s = 9: (0, 6, 32, 14, 10, 14, 27, 8, 4, 3, 12, 0)
s = 10: (0, 6, 17, 6, 16, 13, 24, 5, 6, 3, 29, 0)
s = 11: (0, 8, 31, 13, 10, 15, 15, 7, 5, 3, 24, 0)
s = 12: (0, 7, 39, 6, 8, 19, 18, 6, 4, 3, 28, 0)
s = 13: (0, 5, 37, 13, 20, 11, 24, 9, 4, 4, 24, 0)
s = 14: (0, 10, 24, 9, 11, 9, 25, 7, 4, 2, 25, 0)
s = 15: (0, 7, 17, 7, 12, 13, 16, 6, 5, 3, 31, 0)
s = 16: (0, 11, 27, 13, 9, 12, 21, 12, 6, 2, 23, 0)
s = 17: (0, 7, 28, 11, 8, 9, 16, 5, 4, 2, 15, 0)
s = 18: (0, 7, 20, 5, 13, 24, 20, 11, 4, 5, 37, 0)
s = 19: (0, 10, 34, 6, 19, 13, 14, 9, 5, 4, 18, 0)
s = 20: (0, 9, 27, 9, 12, 10, 23, 10, 4, 4, 20, 0)
s = 21: (0, 7, 20, 11, 14, 13, 15, 7, 5, 2, 22, 0)
s = 22: (0, 10, 26, 7, 11, 12, 27, 7, 6, 3, 17, 0)
s = 23: (0, 7, 37, 12, 10, 12, 14, 6, 3, 3, 20, 0)
s = 24: (0, 5, 29, 8, 13, 13, 26, 8, 4, 3, 14, 0)
s = 25: (0, 6, 20, 8, 14, 10, 22, 6, 4, 3, 17, 0)
s = 26: (0, 5, 25, 8, 14, 16, 20, 8, 4, 3, 24, 0)
s = 27: (0, 9, 34, 9, 12, 15, 27, 8, 4, 4, 22, 0)
s = 28: (0, 5, 22, 13, 16, 20, 18, 8, 4, 4, 14, 0)
s = 29: (0, 7, 28, 7, 10, 9, 22, 7, 3, 3, 16, 0)
s = 30: (0, 6, 20, 11, 14, 17, 12, 5, 3, 5, 17, 0)
s = 31: (0, 6, 23, 13, 8, 13, 25, 7, 4, 4, 20, 0)
s = 32: (0, 12, 29, 6, 10, 18, 23, 9, 6, 4, 12, 0)
s = 33: (0, 6, 29, 6, 8, 13, 28, 7, 5, 3, 41, 0)
s = 34: (0, 13, 18, 13, 19, 20, 17, 7, 4, 2, 23, 0)
s = 35: (0, 7, 35, 8, 18, 16, 27, 10, 3, 4, 22, 0)
s = 36: (0, 8, 30, 9, 13, 10, 32, 9, 4, 3, 23, 0)
s = 37: (0, 5, 16, 7, 8, 13, 19, 5, 4, 3, 20, 0)
s = 38: (0, 11, 29, 9, 10, 9, 25, 12, 6, 4, 14, 0)
s = 39: (0, 7, 20, 12, 12, 18, 17, 9, 5, 4, 28, 0)
s = 40: (0, 10, 24, 7, 12, 19, 15, 9, 6, 2, 16, 0)
s = 41: (0, 5, 19, 5, 9, 8, 28, 13, 4, 4, 20, 0)
s = 42: (0, 5, 21, 8, 13, 10, 18, 10, 4, 3, 30, 0)
s = 43: (0, 7, 27, 7, 11, 22, 21, 9, 3, 5, 13, 0)
s = 44: (0, 7, 24, 7, 16, 11, 16, 12, 4, 2, 21, 0)
s = 45: (0, 7, 14, 7, 10, 20, 35, 7, 5, 2, 15, 0)
s = 46: (0, 6, 24, 8, 14, 14, 23, 6, 6, 3, 27, 0)
s = 47: (0, 10, 40, 9, 14, 15, 22, 7, 7, 4, 23, 0)
s = 48: (0, 9, 23, 10, 12, 16, 19, 8, 5, 3, 15, 0)
s = 49: (0, 8, 21, 14, 8, 13, 12, 10, 6, 3, 25, 0)
s = 50: (0, 6, 14, 10, 10, 14, 32, 12, 4, 4, 19, 0)
s = 51: (0, 10, 18, 7, 11, 14, 17, 10, 6, 5, 33, 0)
s = 52: (0, 5, 30, 10, 15, 16, 31, 11, 5, 4, 18, 0)
s = 53: (0, 9, 27, 10, 12, 9, 24, 13, 4, 3, 31, 0)
s = 54: (0, 6, 29, 7, 13, 16, 33, 7, 4, 4, 20, 0)
s = 55: (0, 5, 23, 11, 8, 17, 13, 8, 6, 4, 23, 0)
s = 56: (0, 6, 37, 13, 21, 18, 18, 5, 5, 5, 23, 0)
s = 57: (0, 6, 37, 7, 16, 20, 19, 6, 4, 4, 15, 0)
s = 58: (0, 9, 19, 10, 10, 11, 28, 10, 7, 3, 29, 0)
s = 59: (0, 8, 37, 12, 8, 19, 19, 12, 4, 3, 23, 0)
s = 60: (0, 10, 25, 9, 10, 17, 21, 12, 5, 5, 16, 0)
s = 61: (0, 5, 31, 10, 12, 14, 19, 10, 4, 3, 23, 0)
s = 62: (0, 8, 26, 10, 11, 10, 18, 7, 3, 3, 15, 0)
s = 63: (0, 7, 24, 13, 10, 13, 22, 8, 3, 4, 22, 0)
s = 64: (0, 6, 45, 7, 13, 22, 25, 6, 3, 4, 14, 0)
s = 65: (0, 5, 27, 7, 11, 19, 23, 5, 4, 3, 29, 0)
s = 66: (0, 10, 33, 9, 10, 15, 17, 11, 4, 3, 19, 0)
s = 67: (0, 9, 34, 14, 15, 22, 21, 6, 5, 3, 18, 0)
s = 68: (0, 6, 21, 8, 12, 20, 21, 6, 4, 3, 22, 0)
s = 69: (0, 9, 23, 9, 9, 10, 20, 13, 5, 3, 16, 0)
s = 70: (0, 10, 23, 8, 12, 10, 27, 9, 5, 3, 24, 0)
s = 71: (0, 5, 21, 10, 9, 18, 18, 8, 5, 3, 33, 0)
s = 72: (0, 5, 25, 10, 10, 24, 24, 11, 5, 2, 18, 0)
s = 73: (0, 11, 26, 11, 12, 13, 19, 9, 4, 3, 36, 0)
s = 74: (0, 6, 33, 7, 19, 9, 17, 9, 3, 2, 20, 0)
s = 75: (0, 5, 25, 10, 11, 10, 16, 10, 4, 3, 28, 0)
s = 76: (0, 8, 43, 6, 11, 14, 13, 12, 5, 4, 23, 0)
s = 77: (0, 5, 19, 11, 8, 21, 18, 8, 5, 4, 16, 0)
s = 78: (0, 8, 14, 9, 16, 14, 20, 9, 4, 2, 26, 0)
s = 79: (0, 8, 30, 8, 12, 11, 21, 8, 3, 2, 22, 0)
s = 80: (0, 6, 30, 7, 10, 11, 26, 7, 3, 5, 25, 0)
s = 81: (0, 7, 18, 13, 14, 9, 17, 8, 6, 3, 22, 0)
s = 82: (0, 5, 17, 11, 13, 15, 27, 11, 4, 3, 26, 0)
s = 83: (0, 8, 19, 12, 13, 15, 19, 7, 3, 3, 32, 0)
s = 84: (0, 8, 22, 7, 7, 12, 17, 5, 3, 2, 21, 0)
s = 85: (0, 6, 18, 7, 14, 15, 21, 5, 7, 3, 22, 0)
s = 86: (0, 10, 20, 5, 11, 15, 13, 15, 5, 3, 40, 0)
s = 87: (0, 9, 20, 8, 16, 9, 26, 7, 3, 3, 32, 0)
s = 88: (0, 8, 23, 7, 8, 16, 28, 10, 3, 4, 21, 0)
s = 89: (0, 11, 15, 6, 13, 15, 26, 6, 6, 3, 19, 0)
s = 90: (0, 6, 36, 7, 12, 14, 23, 6, 4, 3, 21, 0)
s = 91: (0, 6, 22, 9, 7, 15, 34, 6, 3, 5, 18, 0)
s = 92: (0, 10, 19, 8, 11, 9, 35, 8, 3, 3, 15, 0)
s = 93: (0, 9, 28, 13, 14, 14, 23, 9, 4, 3, 17, 0)
s = 94: (0, 6, 31, 10, 13, 17, 22, 9, 6, 4, 31, 0)
s = 95: (0, 6, 16, 8, 14, 24, 15, 7, 4, 2, 16, 0)
s = 96: (0, 9, 33, 6, 7, 12, 13, 9, 3, 4, 22, 0)
s = 97: (0, 6, 32, 7, 13, 14, 13, 6, 6, 4, 13, 0)
s = 98: (0, 6, 19, 12, 17, 12, 15, 10, 3, 4, 16, 0)
s = 99: (0, 5, 20, 9, 20, 14, 32, 11, 7, 3, 17, 0)
s = 100: (0, 9, 18, 12, 12, 10, 20, 8, 6, 4, 25, 0)
s = 101: (0, 7, 16, 9, 9, 15, 23, 11, 4, 3, 23, 0)
s = 102: (0, 10, 18, 8, 9, 25, 14, 10, 4, 3, 19, 0)
s = 103: (0, 8, 27, 14, 19, 8, 25, 6, 4, 4, 20, 0)
s = 104: (0, 5, 24, 14, 11, 14, 12, 7, 4, 3, 19, 0)
s = 105: (0, 8, 42, 16, 13, 13, 25, 7, 4, 2, 25, 0)
s = 106: (0, 10, 27, 7, 13, 11, 27, 6, 3, 4, 19, 0)
s = 107: (0, 9, 16, 7, 14, 10, 18, 9, 6, 5, 35, 0)
s = 108: (0, 5, 26, 15, 10, 11, 20, 9, 3, 2, 21, 0)
s = 109: (0, 9, 25, 10, 12, 9, 18, 13, 4, 3, 24, 0)
s = 110: (0, 8, 29, 9, 11, 15, 21, 6, 3, 3, 17, 0)
s = 111: (0, 8, 33, 8, 14, 23, 24, 9, 5, 3, 19, 0)
s = 112: (0, 5, 25, 11, 13, 8, 17, 6, 5, 3, 20, 0)
s = 113: (0, 9, 23, 11, 15, 13, 21, 13, 4, 5, 20, 0)
s = 114: (0, 9, 19, 9, 14, 19, 13, 11, 5, 3, 31, 0)
s = 115: (0, 13, 24, 10, 11, 10, 24, 8, 3, 4, 25, 0)
s = 116: (0, 5, 37, 6, 17, 10, 19, 10, 4, 3, 25, 0)
s = 117: (0, 5, 17, 10, 9, 12, 30, 11, 5, 3, 22, 0)
s = 118: (0, 8, 19, 10, 13, 12, 21, 5, 3, 4, 20, 0)
s = 119: (0, 8, 34, 16, 16, 8, 25, 6, 4, 5, 20, 0)
s = 120: (0, 8, 19, 9, 8, 11, 28, 7, 4, 6, 30, 0)
s = 121: (0, 11, 33, 9, 12, 17, 17, 10, 4, 2, 23, 0)
s = 122: (0, 7, 26, 10, 12, 22, 24, 13, 5, 5, 20, 0)
s = 123: (0, 6, 38, 10, 11, 15, 16, 6, 4, 4, 30, 0)
s = 124: (0, 10, 19, 8, 9, 12, 20, 9, 3, 2, 15, 0)
s = 125: (0, 8, 32, 7, 11, 10, 17, 10, 6, 4, 36, 0)
s = 126: (0, 7, 28, 9, 9, 16, 19, 9, 3, 5, 21, 0)
s = 127: (0, 11, 15, 10, 12, 14, 14, 9, 6, 3, 16, 0)
s = 128: (0, 11, 24, 11, 18, 22, 25, 6, 5, 3, 24, 0)
s = 129: (0, 11, 16, 13, 16, 16, 17, 9, 3, 2, 16, 0)
s = 130: (0, 8, 27, 11, 7, 17, 13, 7, 4, 2, 26, 0)
s = 131: (0, 7, 27, 5, 10, 16, 26, 5, 4, 4, 25, 0)
s = 132: (0, 6, 16, 9, 11, 14, 19, 9, 3, 3, 28, 0)
s = 133: (0, 6, 21, 7, 14, 13, 24, 10, 3, 2, 17, 0)
s = 134: (0, 7, 29, 8, 11, 17, 16, 7, 4, 4, 24, 0)
s = 135: (0, 9, 35, 6, 15, 9, 29, 7, 5, 2, 28, 0)
s = 136: (0, 7, 18, 12, 8, 15, 11, 6, 3, 2, 13, 0)
s = 137: (0, 10, 26, 6, 17, 10, 32, 10, 4, 5, 24, 0)
s = 138: (0, 12, 17, 7, 9, 10, 28, 10, 5, 4, 18, 0)
s = 139: (0, 6, 18, 10, 8, 14, 16, 5, 5, 3, 31, 0)
s = 140: (0, 10, 36, 11, 7, 9, 29, 8, 6, 3, 16, 0)
s = 141: (0, 8, 31, 15, 19, 13, 30, 8, 5, 5, 24, 0)
s = 142: (0, 6, 21, 7, 8, 9, 12, 5, 7, 3, 23, 0)
s = 143: (0, 8, 23, 10, 8, 19, 14, 7, 3, 4, 21, 0)
s = 144: (0, 7, 24, 13, 12, 14, 16, 8, 5, 3, 12, 0)
s = 145: (0, 4, 27, 14, 10, 12, 13, 10, 3, 4, 21, 0)
s = 146: (0, 10, 26, 9, 12, 17, 13, 8, 3, 3, 18, 0)
s = 147: (0, 6, 37, 6, 12, 9, 14, 7, 7, 2, 22, 0)
s = 148: (0, 4, 22, 6, 8, 13, 32, 7, 4, 3, 25, 0)
s = 149: (0, 5, 18, 8, 16, 18, 35, 7, 3, 4, 30, 0)
s = 150: (0, 10, 19, 7, 9, 15, 28, 5, 6, 5, 13, 0)
s = 151: (0, 6, 20, 8, 18, 13, 12, 7, 5, 5, 25, 0)
s = 152: (0, 7, 22, 6, 8, 13, 38, 10, 5, 3, 21, 0)
s = 153: (0, 6, 29, 13, 7, 11, 15, 6, 4, 3, 13, 0)
s = 154: (0, 7, 23, 7, 10, 13, 19, 6, 4, 2, 24, 0)
s = 155: (0, 6, 20, 7, 12, 13, 19, 8, 6, 4, 15, 0)
s = 156: (0, 6, 25, 8, 8, 10, 19, 6, 4, 3, 20, 0)
s = 157: (0, 5, 36, 9, 7, 10, 28, 6, 3, 4, 18, 0)
s = 158: (0, 6, 34, 8, 9, 18, 20, 7, 5, 4, 19, 0)
s = 159: (0, 9, 14, 9, 14, 14, 22, 10, 4, 4, 16, 0)
s = 160: (0, 5, 24, 9, 11, 15, 21, 8, 5, 3, 19, 0)
s = 161: (0, 7, 25, 9, 21, 12, 17, 11, 4, 2, 12, 0)
s = 162: (0, 6, 22, 13, 10, 20, 33, 9, 4, 3, 26, 0)
s = 163: (0, 11, 22, 10, 13, 16, 13, 10, 4, 2, 19, 0)
s = 164: (0, 8, 20, 7, 15, 20, 27, 11, 6, 2, 17, 0)
s = 165: (0, 8, 30, 6, 7, 18, 18, 6, 4, 3, 16, 0)
s = 166: (0, 6, 22, 9, 17, 15, 21, 5, 3, 4, 23, 0)
s = 167: (0, 11, 18, 6, 14, 17, 17, 12, 6, 5, 21, 0)
s = 168: (0, 10, 21, 6, 15, 20, 14, 6, 5, 6, 17, 0)
s = 169: (0, 6, 30, 12, 14, 11, 13, 14, 6, 3, 12, 0)
s = 170: (0, 5, 19, 14, 12, 14, 29, 7, 4, 4, 22, 0)
s = 171: (0, 5, 31, 8, 17, 20, 32, 12, 4, 3, 21, 0)
s = 172: (0, 7, 17, 7, 14, 12, 17, 7, 6, 5, 27, 0)
s = 173: (0, 5, 24, 5, 18, 13, 28, 13, 7, 4, 28, 0)
s = 174: (0, 5, 29, 9, 8, 9, 28, 6, 4, 3, 20, 0)
s = 175: (0, 5, 23, 9, 14, 14, 12, 8, 7, 3, 14, 0)
s = 176: (0, 6, 36, 6, 13, 18, 15, 5, 5, 4, 15, 0)
s = 177: (0, 7, 16, 9, 9, 11, 19, 5, 5, 3, 14, 0)
s = 178: (0, 7, 21, 13, 9, 10, 22, 7, 7, 4, 24, 0)
s = 179: (0, 11, 25, 12, 9, 11, 22, 8, 3, 2, 21, 0)
s = 180: (0, 9, 28, 8, 18, 13, 36, 8, 3, 3, 16, 0)
s = 181: (0, 6, 14, 14, 15, 11, 22, 6, 4, 5, 28, 0)
s = 182: (0, 10, 22, 13, 9, 13, 24, 8, 3, 3, 31, 0)
s = 183: (0, 6, 23, 6, 15, 15, 22, 14, 4, 4, 28, 0)
s = 184: (0, 7, 21, 5, 9, 20, 19, 8, 4, 4, 13, 0)
s = 185: (0, 8, 22, 8, 12, 11, 22, 12, 3, 3, 25, 0)
s = 186: (0, 6, 29, 10, 10, 13, 13, 11, 3, 4, 16, 0)
s = 187: (0, 12, 15, 10, 18, 12, 20, 7, 4, 5, 18, 0)
s = 188: (0, 7, 25, 9, 16, 16, 19, 5, 4, 3, 14, 0)
s = 189: (0, 10, 17, 6, 12, 9, 17, 6, 4, 3, 39, 0)
s = 190: (0, 6, 16, 6, 14, 14, 22, 8, 5, 3, 16, 0)
s = 191: (0, 5, 24, 13, 11, 12, 23, 6, 3, 3, 22, 0)
s = 192: (0, 10, 27, 15, 9, 10, 21, 10, 4, 2, 23, 0)
s = 193: (0, 8, 21, 9, 17, 14, 25, 7, 5, 4, 17, 0)
s = 194: (0, 8, 18, 7, 13, 8, 31, 7, 4, 3, 13, 0)
s = 195: (0, 7, 18, 8, 15, 12, 26, 7, 5, 3, 29, 0)
s = 196: (0, 7, 18, 9, 15, 13, 16, 9, 5, 4, 13, 0)
s = 197: (0, 8, 19, 8, 20, 10, 24, 8, 6, 3, 25, 0)
s = 198: (0, 10, 24, 9, 11, 12, 27, 9, 5, 2, 20, 0)
s = 199: (0, 5, 32, 6, 10, 12, 32, 8, 4, 3, 26, 0)
s = 200: (0, 9, 26, 8, 13, 16, 24, 5, 4, 3, 28, 0)
************************************************************************
ES/LS-VALUES:
jobnr.   ES(i)    LS(i)
------------------------------------------------------------------------
  0        0        0
  1        0       73
  2        0       63
  3        0       65
  4        7       71
  5        1       67
  6        4       71
  7        1       75
  8        4       79
  9       11       79
 10       10       75
 11       16       81
************************************************************************
BIG-M-VALUES:
M1 = 59, M2 = 202
************************************************************************
