************************************************************************
file with basedata            : j60_47.bas
initial value random generator: 1681814416
************************************************************************
projects                      :  1
jobs (incl. supersource/sink ):  62
horizon                       :  335
RESOURCES
  - renewable                 :  4   R
  - nonrenewable              :  0   N
  - doubly constrained        :  0   D
************************************************************************
PROJECT INFORMATION:
pronr.  #jobs rel.date duedate tardcost  MPM-Time
    1     60      0       75       40       75
************************************************************************
PRECEDENCE RELATIONS:
jobnr.    #modes  #successors   successors
   0        1          3           1   2   3
   1        1          3           5  14  21
   2        1          2           5  12
   3        1          2           4  17
   4        1          3           6  11  12
   5        1          1          32
   6        1          3           7   8   9
   7        1          2          13  32
   8        1          2          10  47
   9        1          2          16  38
  10        1          3          15  27  28
  11        1          3          19  20  25
  12        1          1          41
  13        1          1          50
  14        1          2          16  33
  15        1          3          20  24  43
  16        1          3          18  31  34
  17        1          3          38  39  40
  18        1          2          26  29
  19        1          2          23  26
  20        1          1          53
  21        1          3          22  35  45
  22        1          2          37  54
  23        1          1          29
  24        1          3          26  33  42
  25        1          1          51
  26        1          3          32  35  41
  27        1          2          30  51
  28        1          1          56
  29        1          2          44  47
  30        1          3          34  37  41
  31        1          1          36
  32        1          1          45
  33        1          2          37  44
  34        1          2          40  52
  35        1          2          49  50
  36        1          3          50  55  60
  37        1          1          60
  38        1          1          57
  39        1          3          46  48  55
  40        1          1          44
  41        1          2          48  57
  42        1          1          46
  43        1          2          46  52
  44        1          3          45  54  59
  45        1          1          58
  46        1          2          51  56
  47        1          1          49
  48        1          1          60
  49        1          1          52
  50        1          1          56
  51        1          2          53  58
  52        1          2          53  54
  53        1          1          57
  54        1          1          55
  55        1          1          58
  56        1          1          59
  57        1          1          59
  58        1          1          61
  59        1          1          61
  60        1          1          61
  61        1          0        
************************************************************************
REQUESTS/DURATIONS:
jobnr. mode duration  R 1  R 2  R 3  R 4  E(W 1)
------------------------------------------------------------------------
  0      1     0       0    0    0    0     0
  1      1     4       1    8    8   10    112
  2      1    10       4    3    2    7    160
  3      1     5       9    3    6    3    105
  4      1     9       3    6    8    3    180
  5      1     4      10    9    4    2    100
  6      1     6       9    4    7    1    132
  7      1     7       3    4   10    9    182
  8      1     2       7    6    2   10    50
  9      1     1       4    2    3    9    18
 10      1     4       2    9    2    6    76
 11      1     7       6    2    4    2    98
 12      1     2       6    3    8    1    38
 13      1    10       1    4   10    6    220
 14      1     5       2    7    8    3    100
 15      1     4       7    9    1    2    80
 16      1     7       5    6   10    3    168
 17      1     2       4    6    1    4    32
 18      1     8       5    5    8    1    160
 19      1     7      10    3    8    2    161
 20      1     8       3    5    4    6    144
 21      1     8       3    3    8    1    128
 22      1     4       5    7    4    1    72
 23      1     4       4    7   10    2    92
 24      1     1       1    4    1    8    16
 25      1     1       9    8    7    1    26
 26      1     4       9    8    7   10    136
 27      1     2       7    6    6    5    48
 28      1     6       3    6    5   10    144
 29      1     7      10    2    9    4    175
 30      1    10       4    5    5    4    180
 31      1     7       4    8    3    9    168
 32      1     9       7   10    6   10    297
 33      1     4       5    4    6   10    100
 34      1     6       3    5    7    4    114
 35      1     9       6    7    4    9    234
 36      1     9       6    5    6   10    243
 37      1     1       8   10    4    5    27
 38      1    10       7    1    4    9    220
 39      1     4       7    1    6   10    100
 40      1     8       8    5   10    6    232
 41      1     6       8    2    8    2    120
 42      1     6       8    7    7    2    144
 43      1     5       4    8    3    6    105
 44      1     8       9    6   10    4    232
 45      1     5       9    6    4    4    115
 46      1     7       9    2    2    8    147
 47      1     9       1    8    9    1    189
 48      1     9       6    6    8    9    261
 49      1     3       6    4    6    8    72
 50      1     9       7    1    1    8    171
 51      1     7      10    3    9    7    203
 52      1     3       7    4    8    1    63
 53      1     7       8   10    1    5    175
 54      1     1       6   10    5    8    29
 55      1     2       4    1    8    9    46
 56      1     7       4    1    6    8    140
 57      1     3       2    3    7    1    42
 58      1     4       6    2    9    1    76
 59      1     7       8    6    2    6    154
 60      1     1       7    9    5    2    23
 61      1     0       0    0    0    0     0
************************************************************************
RESOURCEAVAILABILITIES:
  R 1
   173
************************************************************************
RESOURCE LIMITS:
jobnr.  l(R 1)  u(R 1)
------------------------------------------------------------------------
  0        0       0
  1       14      28
  2        9      16
  3       12      21
  4       11      20
  5       13      25
  6       12      22
  7       14      26
  8       13      25
  9       10      18
 10       10      19
 11        7      14
 12       10      19
 13       11      22
 14       11      20
 15       11      20
 16       13      24
 17        8      16
 18       11      20
 19       12      23
 20       10      18
 21        9      16
 22       10      18
 23       12      23
 24        8      16
 25       14      26
 26       18      34
 27       13      24
 28       13      24
 29       13      25
 30       10      18
 31       13      24
 32       17      33
 33       13      25
 34       11      19
 35       14      26
 36       14      27
 37       14      27
 38       12      22
 39       13      25
 40       15      29
 41       10      20
 42       13      24
 43       11      21
 44       15      29
 45       12      23
 46       11      21
 47       11      21
 48       15      29
 49       12      24
 50       10      19
 51       16      29
 52       11      21
 53       13      25
 54       15      29
 55       12      23
 56       10      20
 57        8      14
 58       10      19
 59       11      22
 60       13      23
 61        0       0
************************************************************************
SCENARIOS:
------------------------------------------------------------------------
RESOURCE k = 1
s = 1: (0, 98, 220, 133, 123, 61, 223, 144, 46, 15, 60, 69, 54, 333, 107, 61, 140, 41, 106, 105, 127, 78, 48, 84, 23, 25, 147, 63, 147, 317, 253, 132, 301, 118, 115, 244, 448, 36, 238, 62, 260, 100, 108, 66, 213, 112, 94, 169, 203, 80, 243, 185, 55, 252, 25, 73, 129, 37, 83, 109, 23, 0)
s = 2: (0, 62, 157, 54, 146, 87, 117, 142, 47, 23, 53, 90, 50, 172, 141, 75, 162, 19, 152, 202, 144, 96, 76, 104, 18, 17, 152, 69, 127, 99, 133, 204, 165, 77, 171, 229, 241, 26, 135, 88, 173, 103, 163, 153, 223, 131, 122, 263, 290, 79, 170, 269, 58, 168, 28, 35, 167, 47, 59, 144, 16, 0)
s = 3: (0, 156, 130, 116, 187, 132, 81, 103, 50, 18, 112, 127, 48, 279, 84, 74, 213, 31, 165, 89, 152, 98, 90, 79, 25, 34, 106, 30, 147, 132, 217, 169, 230, 78, 113, 216, 412, 26, 173, 143, 198, 85, 83, 140, 375, 73, 93, 321, 414, 68, 150, 279, 52, 206, 34, 42, 150, 33, 112, 158, 27, 0)
s = 4: (0, 166, 143, 84, 158, 85, 197, 114, 52, 19, 69, 114, 22, 178, 108, 103, 171, 38, 124, 157, 108, 194, 96, 150, 12, 31, 112, 62, 145, 211, 282, 234, 214, 91, 86, 358, 418, 35, 243, 69, 314, 109, 84, 103, 307, 88, 111, 208, 263, 64, 211, 181, 75, 244, 32, 39, 92, 54, 74, 135, 26, 0)
s = 5: (0, 111, 97, 117, 123, 147, 105, 158, 43, 31, 75, 59, 23, 294, 105, 72, 175, 38, 97, 160, 147, 77, 52, 69, 14, 16, 137, 37, 161, 199, 259, 128, 422, 135, 135, 265, 176, 20, 129, 102, 276, 100, 92, 119, 298, 87, 174, 186, 344, 61, 105, 230, 61, 113, 43, 37, 111, 57, 98, 117, 16, 0)
s = 6: (0, 98, 128, 138, 248, 66, 113, 132, 58, 21, 101, 157, 28, 249, 91, 70, 280, 27, 127, 122, 134, 122, 75, 58, 18, 34, 109, 39, 90, 199, 140, 180, 399, 147, 85, 256, 196, 17, 222, 71, 283, 96, 261, 137, 261, 90, 183, 205, 190, 41, 125, 163, 85, 164, 25, 53, 82, 33, 45, 180, 27, 0)
s = 7: (0, 77, 111, 81, 182, 145, 117, 266, 57, 18, 96, 88, 40, 201, 90, 68, 139, 29, 135, 173, 126, 97, 72, 113, 18, 17, 122, 55, 161, 111, 279, 108, 211, 98, 83, 288, 278, 24, 179, 95, 284, 131, 126, 86, 168, 112, 101, 122, 346, 63, 156, 296, 66, 201, 24, 39, 161, 62, 108, 187, 20, 0)
s = 8: (0, 76, 211, 81, 127, 99, 82, 141, 63, 12, 53, 65, 32, 220, 78, 57, 112, 30, 177, 193, 192, 123, 84, 134, 13, 18, 210, 41, 112, 265, 99, 120, 172, 86, 135, 257, 216, 25, 230, 102, 187, 71, 97, 114, 273, 109, 138, 153, 231, 47, 214, 134, 41, 168, 20, 26, 81, 33, 136, 202, 15, 0)
s = 9: (0, 99, 108, 93, 195, 60, 135, 154, 71, 19, 104, 145, 30, 177, 90, 66, 269, 19, 114, 135, 177, 131, 78, 101, 14, 21, 151, 60, 80, 123, 104, 148, 445, 73, 94, 181, 311, 32, 178, 118, 198, 93, 101, 111, 243, 142, 75, 310, 378, 66, 120, 147, 73, 204, 47, 41, 196, 38, 60, 185, 32, 0)
s = 10: (0, 147, 124, 76, 171, 120, 88, 215, 35, 13, 55, 139, 33, 321, 114, 82, 207, 46, 143, 188, 94, 103, 102, 95, 28, 37, 127, 60, 141, 138, 264, 190, 408, 135, 96, 192, 234, 17, 232, 89, 153, 69, 90, 92, 328, 130, 134, 151, 362, 75, 145, 287, 44, 284, 16, 41, 145, 31, 91, 177, 13, 0)
s = 11: (0, 105, 207, 85, 146, 91, 131, 165, 42, 19, 112, 55, 32, 140, 131, 103, 121, 24, 117, 98, 115, 101, 88, 140, 12, 42, 128, 76, 247, 93, 129, 128, 420, 72, 126, 138, 191, 18, 133, 106, 172, 240, 206, 71, 211, 118, 173, 189, 228, 55, 283, 199, 61, 189, 36, 45, 118, 31, 105, 130, 28, 0)
s = 12: (0, 89, 218, 94, 188, 93, 119, 139, 48, 14, 50, 77, 43, 175, 67, 72, 246, 21, 214, 192, 242, 169, 91, 111, 26, 15, 207, 51, 178, 175, 234, 114, 217, 111, 123, 193, 217, 24, 146, 96, 342, 143, 122, 90, 363, 135, 92, 168, 337, 83, 93, 134, 66, 100, 30, 63, 222, 59, 84, 94, 17, 0)
s = 13: (0, 140, 161, 75, 159, 88, 87, 155, 38, 14, 56, 81, 32, 132, 122, 112, 157, 33, 127, 151, 108, 76, 44, 89, 25, 27, 131, 50, 136, 220, 247, 111, 448, 125, 113, 161, 209, 33, 335, 83, 350, 104, 183, 58, 259, 116, 150, 129, 153, 53, 224, 133, 77, 249, 21, 42, 172, 73, 62, 158, 29, 0)
s = 14: (0, 98, 102, 61, 161, 78, 209, 152, 48, 10, 67, 76, 26, 247, 105, 84, 169, 32, 174, 189, 104, 215, 101, 103, 17, 23, 155, 29, 99, 200, 242, 166, 153, 76, 119, 301, 252, 27, 255, 130, 190, 103, 150, 96, 254, 97, 275, 166, 190, 78, 184, 236, 69, 173, 23, 39, 128, 37, 64, 132, 33, 0)
s = 15: (0, 120, 107, 80, 110, 71, 175, 165, 27, 15, 106, 114, 37, 231, 87, 81, 159, 32, 150, 198, 122, 123, 103, 57, 10, 34, 134, 75, 110, 203, 193, 103, 201, 157, 120, 157, 225, 23, 239, 117, 196, 70, 151, 82, 255, 203, 162, 261, 169, 57, 164, 193, 61, 197, 26, 59, 96, 35, 57, 146, 22, 0)
s = 16: (0, 133, 158, 101, 165, 95, 187, 170, 41, 29, 53, 130, 22, 271, 68, 101, 133, 23, 144, 138, 190, 96, 83, 118, 28, 25, 101, 53, 107, 97, 225, 237, 160, 70, 170, 224, 307, 21, 220, 116, 232, 130, 111, 99, 254, 182, 188, 102, 226, 66, 139, 225, 55, 190, 27, 44, 118, 48, 137, 139, 23, 0)
s = 17: (0, 136, 168, 102, 183, 80, 106, 228, 91, 18, 115, 75, 50, 298, 99, 56, 133, 31, 218, 210, 100, 102, 53, 53, 15, 15, 114, 50, 106, 257, 123, 127, 335, 92, 70, 155, 191, 18, 372, 69, 232, 150, 165, 151, 335, 106, 130, 223, 347, 77, 171, 145, 53, 159, 26, 63, 116, 28, 61, 161, 28, 0)
s = 18: (0, 81, 141, 65, 153, 103, 159, 143, 56, 16, 68, 86, 22, 258, 89, 59, 179, 21, 96, 131, 144, 98, 81, 94, 23, 32, 93, 29, 111, 121, 117, 90, 368, 67, 92, 331, 343, 21, 192, 100, 364, 78, 88, 128, 165, 158, 206, 200, 191, 80, 167, 188, 55, 131, 21, 34, 179, 42, 93, 143, 15, 0)
s = 19: (0, 67, 152, 89, 172, 141, 82, 144, 32, 16, 78, 103, 35, 330, 111, 82, 197, 21, 172, 149, 121, 126, 51, 85, 11, 19, 107, 27, 121, 173, 127, 183, 278, 63, 129, 274, 250, 18, 253, 113, 193, 77, 209, 79, 229, 98, 102, 142, 244, 42, 235, 163, 62, 162, 25, 29, 209, 25, 77, 130, 37, 0)
s = 20: (0, 142, 195, 66, 157, 120, 156, 153, 67, 17, 55, 108, 27, 259, 96, 103, 132, 23, 158, 141, 139, 167, 71, 103, 20, 23, 103, 64, 268, 248, 227, 181, 356, 89, 94, 168, 204, 22, 217, 126, 238, 128, 145, 81, 172, 80, 112, 272, 160, 46, 163, 157, 74, 202, 25, 50, 82, 43, 53, 257, 19, 0)
s = 21: (0, 137, 211, 155, 191, 107, 134, 134, 30, 16, 64, 75, 31, 197, 66, 69, 235, 36, 110, 124, 201, 190, 42, 151, 10, 28, 122, 41, 80, 141, 149, 113, 213, 76, 129, 222, 248, 18, 297, 76, 258, 118, 123, 103, 193, 117, 125, 159, 341, 106, 160, 257, 62, 213, 37, 45, 124, 29, 106, 233, 17, 0)
s = 22: (0, 128, 179, 143, 186, 74, 125, 330, 54, 16, 67, 53, 40, 336, 73, 99, 165, 27, 129, 115, 98, 193, 81, 64, 13, 21, 154, 39, 199, 142, 175, 193, 302, 117, 72, 343, 172, 40, 270, 86, 205, 106, 154, 68, 223, 150, 118, 147, 272, 85, 109, 226, 74, 213, 22, 44, 125, 57, 77, 133, 19, 0)
s = 23: (0, 133, 150, 102, 149, 83, 132, 217, 45, 22, 89, 76, 40, 176, 81, 109, 134, 29, 115, 151, 168, 132, 85, 85, 21, 49, 198, 56, 219, 228, 157, 190, 276, 81, 123, 193, 340, 17, 283, 101, 314, 133, 209, 78, 277, 145, 199, 293, 294, 74, 238, 227, 45, 209, 28, 45, 134, 33, 61, 99, 27, 0)
s = 24: (0, 108, 141, 138, 261, 55, 127, 194, 58, 14, 50, 57, 33, 182, 85, 72, 264, 51, 252, 114, 132, 88, 42, 148, 17, 15, 103, 53, 87, 151, 175, 278, 184, 97, 86, 218, 241, 21, 131, 108, 255, 151, 170, 107, 155, 122, 207, 123, 181, 65, 159, 196, 48, 237, 30, 44, 94, 26, 53, 117, 27, 0)
s = 25: (0, 93, 150, 142, 142, 114, 197, 193, 47, 30, 88, 65, 45, 235, 111, 44, 119, 31, 124, 131, 194, 80, 71, 79, 10, 23, 132, 81, 100, 124, 158, 153, 185, 76, 97, 217, 208, 19, 208, 125, 158, 126, 92, 138, 216, 77, 250, 186, 232, 69, 171, 164, 39, 135, 20, 52, 215, 69, 56, 138, 20, 0)
s = 26: (0, 89, 263, 141, 138, 89, 147, 154, 43, 22, 119, 121, 33, 124, 116, 80, 89, 41, 143, 186, 206, 104, 124, 138, 14, 37, 190, 48, 178, 156, 182, 165, 202, 107, 169, 303, 203, 29, 233, 74, 232, 86, 120, 76, 246, 121, 131, 118, 155, 38, 194, 199, 40, 120, 23, 37, 232, 39, 83, 132, 21, 0)
s = 27: (0, 84, 109, 73, 138, 76, 83, 246, 42, 20, 73, 159, 57, 152, 66, 58, 163, 26, 126, 125, 169, 148, 98, 105, 17, 25, 113, 33, 155, 111, 133, 151, 172, 128, 106, 220, 161, 33, 192, 90, 247, 86, 242, 92, 184, 120, 152, 141, 362, 121, 211, 241, 47, 126, 34, 25, 185, 61, 66, 150, 31, 0)
s = 28: (0, 82, 140, 81, 226, 141, 141, 123, 40, 11, 112, 93, 37, 181, 74, 47, 158, 34, 149, 119, 192, 145, 62, 104, 18, 22, 164, 64, 145, 92, 163, 131, 373, 93, 131, 163, 155, 34, 239, 141, 242, 93, 140, 160, 332, 111, 120, 283, 333, 96, 189, 199, 93, 188, 46, 48, 162, 47, 106, 135, 27, 0)
s = 29: (0, 160, 160, 87, 277, 74, 84, 199, 34, 19, 72, 69, 28, 343, 76, 88, 154, 35, 102, 153, 194, 159, 54, 109, 14, 31, 143, 53, 117, 196, 121, 189, 460, 76, 86, 203, 136, 25, 162, 90, 274, 74, 122, 118, 171, 141, 138, 185, 216, 49, 119, 197, 65, 148, 37, 49, 173, 53, 94, 179, 21, 0)
s = 30: (0, 121, 197, 91, 166, 189, 136, 258, 27, 18, 82, 94, 41, 262, 83, 107, 159, 37, 203, 139, 148, 127, 68, 68, 14, 17, 89, 62, 179, 119, 134, 204, 217, 119, 104, 120, 210, 24, 223, 109, 168, 126, 139, 144, 134, 85, 85, 236, 405, 73, 147, 161, 55, 166, 22, 57, 183, 29, 131, 179, 19, 0)
s = 31: (0, 78, 159, 87, 190, 124, 132, 207, 46, 17, 102, 83, 52, 404, 104, 55, 238, 47, 147, 118, 214, 115, 42, 76, 18, 15, 172, 50, 169, 196, 166, 209, 497, 112, 193, 265, 277, 21, 184, 82, 184, 126, 225, 67, 147, 117, 137, 143, 442, 53, 199, 264, 39, 324, 49, 27, 146, 43, 53, 141, 16, 0)
s = 32: (0, 86, 159, 75, 266, 78, 117, 139, 36, 16, 71, 85, 46, 221, 107, 135, 139, 34, 233, 100, 193, 133, 69, 89, 17, 27, 185, 40, 119, 118, 143, 181, 201, 59, 92, 289, 138, 21, 192, 105, 204, 84, 146, 74, 200, 89, 166, 124, 205, 59, 138, 203, 58, 193, 22, 38, 152, 60, 86, 238, 30, 0)
s = 33: (0, 153, 146, 102, 188, 89, 212, 240, 68, 16, 67, 116, 30, 233, 119, 66, 142, 41, 121, 93, 101, 94, 98, 75, 11, 21, 114, 29, 133, 160, 152, 233, 299, 54, 89, 251, 170, 44, 233, 95, 134, 128, 165, 107, 153, 101, 210, 151, 285, 67, 153, 271, 77, 220, 24, 45, 227, 54, 89, 142, 21, 0)
s = 34: (0, 118, 183, 86, 186, 94, 92, 205, 64, 18, 84, 75, 31, 199, 68, 93, 115, 51, 140, 142, 231, 154, 89, 110, 11, 22, 97, 33, 150, 119, 164, 244, 217, 114, 186, 169, 232, 36, 124, 144, 330, 168, 122, 104, 125, 164, 98, 180, 137, 43, 140, 239, 57, 192, 35, 34, 123, 32, 94, 195, 34, 0)
s = 35: (0, 167, 177, 157, 172, 84, 134, 176, 43, 13, 61, 89, 48, 188, 102, 82, 157, 27, 166, 134, 134, 146, 76, 129, 18, 18, 74, 38, 143, 186, 155, 201, 208, 94, 104, 152, 211, 30, 187, 175, 192, 105, 164, 102, 134, 82, 158, 187, 237, 69, 163, 217, 84, 156, 29, 40, 170, 45, 94, 124, 29, 0)
s = 36: (0, 101, 92, 78, 226, 82, 77, 153, 79, 14, 58, 121, 45, 213, 94, 67, 154, 48, 224, 93, 106, 188, 58, 55, 12, 26, 92, 45, 145, 152, 282, 156, 270, 144, 97, 170, 390, 40, 205, 120, 245, 94, 156, 103, 172, 148, 150, 290, 234, 70, 108, 283, 65, 123, 20, 39, 101, 38, 84, 104, 17, 0)
s = 37: (0, 85, 165, 119, 178, 56, 132, 156, 44, 23, 88, 61, 26, 228, 135, 77, 254, 40, 86, 136, 241, 155, 47, 119, 11, 22, 170, 38, 133, 243, 173, 98, 369, 116, 109, 228, 343, 23, 245, 107, 262, 118, 95, 76, 236, 151, 190, 216, 240, 53, 182, 253, 67, 287, 28, 34, 170, 31, 74, 162, 22, 0)
s = 38: (0, 101, 105, 122, 186, 109, 77, 115, 72, 12, 63, 58, 50, 325, 59, 63, 205, 19, 201, 186, 104, 137, 69, 70, 13, 40, 164, 45, 176, 158, 183, 149, 285, 83, 137, 359, 251, 31, 297, 81, 192, 139, 175, 68, 267, 130, 145, 258, 159, 87, 137, 238, 87, 145, 36, 39, 157, 41, 64, 152, 16, 0)
s = 39: (0, 124, 116, 82, 120, 135, 147, 177, 37, 27, 112, 108, 58, 245, 76, 103, 165, 34, 172, 201, 196, 106, 41, 71, 28, 18, 133, 44, 130, 154, 199, 117, 488, 135, 118, 168, 216, 30, 140, 102, 200, 176, 185, 80, 288, 105, 113, 142, 276, 72, 184, 178, 78, 217, 16, 31, 197, 48, 74, 95, 27, 0)
s = 40: (0, 96, 208, 128, 186, 77, 108, 287, 51, 15, 81, 119, 44, 135, 128, 78, 243, 21, 123, 102, 175, 183, 90, 93, 14, 35, 101, 59, 87, 124, 130, 289, 186, 116, 82, 331, 238, 33, 285, 127, 260, 110, 155, 131, 272, 70, 89, 224, 226, 81, 144, 221, 44, 160, 21, 45, 148, 53, 64, 172, 22, 0)
s = 41: (0, 84, 173, 70, 260, 128, 122, 229, 42, 13, 118, 178, 37, 179, 135, 70, 177, 22, 201, 174, 103, 147, 95, 56, 17, 16, 118, 49, 133, 201, 150, 181, 247, 90, 130, 323, 232, 26, 229, 112, 182, 152, 81, 94, 209, 158, 102, 158, 366, 81, 198, 133, 60, 221, 34, 44, 168, 32, 56, 189, 30, 0)
s = 42: (0, 133, 119, 128, 212, 80, 89, 161, 76, 15, 61, 65, 36, 220, 62, 69, 162, 29, 128, 140, 191, 82, 76, 125, 18, 39, 146, 61, 96, 144, 210, 192, 174, 99, 138, 218, 194, 33, 182, 117, 269, 110, 158, 128, 358, 91, 88, 192, 280, 93, 143, 170, 95, 140, 35, 32, 121, 54, 66, 219, 38, 0)
s = 43: (0, 155, 124, 69, 196, 107, 107, 212, 47, 17, 72, 72, 25, 157, 110, 77, 140, 30, 96, 231, 121, 110, 58, 88, 14, 30, 140, 45, 150, 122, 202, 226, 257, 107, 130, 397, 201, 41, 142, 95, 233, 192, 168, 96, 261, 107, 278, 152, 148, 39, 186, 116, 64, 164, 40, 40, 83, 35, 115, 147, 23, 0)
s = 44: (0, 98, 232, 86, 174, 116, 149, 206, 82, 26, 61, 132, 33, 172, 68, 69, 164, 26, 214, 227, 161, 139, 39, 99, 14, 23, 130, 49, 228, 174, 137, 283, 252, 156, 101, 192, 185, 28, 189, 107, 160, 161, 94, 88, 302, 156, 194, 146, 337, 83, 112, 171, 72, 156, 33, 58, 109, 37, 94, 199, 19, 0)
s = 45: (0, 126, 152, 116, 221, 166, 153, 243, 49, 18, 112, 124, 47, 237, 194, 53, 134, 22, 94, 249, 221, 103, 101, 66, 19, 23, 112, 59, 160, 189, 139, 164, 373, 180, 166, 272, 250, 26, 295, 140, 220, 154, 86, 97, 327, 108, 208, 215, 313, 52, 121, 120, 49, 123, 16, 44, 109, 47, 52, 174, 17, 0)
s = 46: (0, 150, 116, 146, 120, 129, 134, 155, 49, 17, 57, 105, 30, 239, 102, 83, 270, 45, 169, 208, 134, 133, 80, 81, 22, 25, 173, 34, 193, 133, 137, 138, 431, 96, 113, 233, 302, 25, 254, 135, 222, 129, 218, 115, 213, 80, 161, 249, 183, 93, 187, 299, 42, 217, 24, 43, 133, 27, 65, 115, 28, 0)
s = 47: (0, 128, 133, 114, 177, 100, 92, 311, 43, 12, 47, 148, 31, 235, 65, 125, 171, 28, 163, 90, 168, 128, 64, 81, 20, 31, 161, 30, 139, 161, 183, 90, 220, 117, 97, 195, 206, 18, 151, 122, 171, 75, 203, 72, 181, 109, 117, 125, 188, 104, 117, 143, 40, 238, 23, 48, 135, 43, 52, 246, 26, 0)
s = 48: (0, 170, 199, 107, 102, 87, 90, 161, 45, 13, 58, 116, 27, 211, 118, 80, 193, 22, 156, 156, 131, 218, 117, 110, 14, 20, 80, 54, 124, 201, 174, 237, 297, 94, 104, 175, 261, 36, 248, 103, 238, 79, 108, 99, 192, 160, 116, 208, 161, 59, 203, 293, 94, 195, 25, 36, 108, 29, 79, 117, 21, 0)
s = 49: (0, 109, 110, 168, 153, 89, 124, 169, 41, 25, 92, 142, 36, 248, 89, 64, 249, 32, 116, 149, 129, 123, 54, 91, 15, 29, 97, 29, 154, 184, 156, 161, 308, 125, 81, 183, 213, 21, 323, 99, 280, 87, 127, 104, 242, 90, 151, 182, 424, 41, 227, 174, 58, 162, 39, 61, 85, 27, 109, 194, 22, 0)
s = 50: (0, 104, 217, 112, 220, 62, 170, 267, 55, 19, 89, 104, 64, 131, 88, 99, 166, 40, 192, 123, 182, 138, 73, 102, 11, 38, 164, 53, 171, 163, 154, 176, 402, 107, 115, 189, 293, 23, 315, 81, 216, 140, 124, 128, 203, 104, 110, 191, 261, 71, 237, 114, 84, 142, 33, 31, 189, 66, 118, 188, 21, 0)
s = 51: (0, 73, 139, 121, 111, 111, 157, 219, 47, 20, 51, 75, 53, 330, 98, 99, 132, 23, 238, 190, 139, 86, 84, 72, 11, 23, 174, 32, 200, 233, 138, 177, 380, 103, 102, 262, 261, 21, 163, 134, 118, 168, 172, 135, 313, 73, 172, 232, 199, 95, 156, 207, 52, 110, 25, 30, 93, 50, 69, 144, 19, 0)
s = 52: (0, 106, 183, 70, 242, 61, 220, 208, 54, 19, 92, 99, 49, 286, 92, 64, 143, 44, 200, 109, 143, 97, 96, 96, 16, 18, 140, 33, 81, 107, 201, 222, 230, 159, 116, 206, 219, 23, 168, 163, 321, 69, 115, 185, 192, 101, 225, 218, 314, 52, 205, 307, 38, 127, 31, 51, 201, 63, 42, 221, 49, 0)
s = 53: (0, 113, 188, 149, 166, 138, 125, 199, 41, 12, 58, 95, 24, 301, 141, 64, 138, 28, 138, 134, 125, 98, 65, 86, 14, 16, 131, 39, 131, 217, 214, 229, 279, 121, 77, 172, 374, 33, 233, 72, 201, 72, 163, 103, 171, 116, 109, 97, 166, 40, 241, 253, 82, 122, 38, 79, 163, 32, 118, 146, 21, 0)
s = 54: (0, 131, 162, 196, 244, 88, 131, 130, 52, 13, 147, 93, 26, 159, 127, 102, 168, 30, 171, 253, 225, 143, 62, 65, 14, 21, 160, 68, 129, 196, 114, 135, 271, 116, 81, 222, 251, 31, 246, 150, 305, 105, 152, 117, 266, 76, 153, 157, 336, 59, 168, 159, 66, 185, 24, 50, 129, 58, 44, 177, 30, 0)
s = 55: (0, 113, 99, 78, 103, 118, 110, 155, 43, 11, 61, 77, 38, 292, 127, 61, 107, 32, 199, 212, 84, 97, 81, 71, 10, 24, 173, 51, 174, 166, 159, 184, 250, 151, 162, 257, 332, 18, 176, 98, 213, 164, 105, 75, 272, 113, 121, 282, 242, 60, 228, 154, 53, 210, 33, 33, 181, 41, 73, 159, 16, 0)
s = 56: (0, 96, 246, 208, 239, 134, 113, 156, 50, 25, 83, 126, 49, 164, 107, 61, 249, 21, 156, 203, 148, 159, 92, 69, 16, 35, 98, 39, 145, 189, 104, 144, 265, 126, 162, 184, 377, 29, 288, 106, 199, 112, 177, 122, 275, 90, 176, 166, 460, 62, 182, 266, 45, 212, 18, 64, 204, 50, 71, 106, 21, 0)
s = 57: (0, 102, 107, 136, 171, 108, 142, 180, 41, 12, 66, 183, 26, 243, 61, 85, 203, 28, 214, 260, 110, 164, 52, 86, 18, 36, 174, 30, 225, 151, 188, 204, 159, 74, 153, 382, 195, 31, 224, 108, 245, 108, 112, 102, 332, 108, 84, 164, 287, 65, 233, 270, 93, 199, 46, 58, 147, 58, 91, 147, 18, 0)
s = 58: (0, 147, 100, 104, 193, 113, 103, 114, 50, 14, 97, 79, 42, 258, 81, 106, 215, 22, 109, 121, 145, 106, 115, 93, 13, 37, 159, 55, 123, 179, 153, 114, 230, 78, 149, 226, 312, 26, 283, 100, 187, 158, 139, 84, 251, 141, 153, 123, 224, 112, 143, 212, 61, 167, 31, 34, 95, 43, 64, 142, 24, 0)
s = 59: (0, 80, 158, 153, 135, 67, 136, 187, 31, 22, 88, 83, 32, 168, 102, 74, 118, 33, 177, 171, 114, 117, 45, 112, 10, 22, 124, 34, 128, 225, 206, 174, 204, 78, 135, 312, 183, 17, 217, 144, 177, 157, 150, 62, 126, 95, 154, 242, 234, 56, 128, 256, 39, 217, 26, 55, 94, 27, 95, 180, 21, 0)
s = 60: (0, 81, 187, 117, 199, 63, 97, 193, 39, 13, 74, 125, 26, 211, 66, 64, 203, 22, 159, 156, 96, 104, 59, 103, 21, 19, 111, 65, 98, 236, 214, 159, 337, 111, 91, 402, 277, 18, 237, 122, 211, 142, 116, 93, 135, 135, 209, 274, 189, 47, 176, 191, 45, 242, 25, 63, 175, 45, 118, 140, 22, 0)
s = 61: (0, 96, 159, 124, 284, 140, 146, 145, 53, 17, 82, 63, 40, 167, 102, 110, 227, 44, 180, 192, 91, 95, 93, 74, 17, 23, 182, 39, 227, 136, 109, 133, 203, 91, 88, 205, 203, 17, 237, 119, 249, 91, 175, 84, 226, 106, 126, 217, 383, 94, 237, 218, 78, 194, 19, 53, 123, 30, 57, 101, 24, 0)
s = 62: (0, 75, 99, 122, 229, 78, 117, 249, 45, 24, 97, 149, 39, 205, 94, 75, 141, 20, 204, 230, 101, 120, 65, 100, 21, 34, 101, 38, 106, 239, 120, 97, 220, 95, 65, 259, 173, 22, 141, 53, 347, 152, 165, 66, 172, 75, 244, 261, 284, 64, 190, 176, 36, 143, 25, 61, 131, 33, 118, 156, 21, 0)
s = 63: (0, 143, 180, 142, 176, 101, 152, 229, 28, 23, 90, 99, 21, 346, 79, 61, 133, 30, 269, 175, 220, 163, 73, 141, 19, 33, 173, 72, 168, 125, 187, 158, 192, 64, 74, 301, 348, 22, 259, 131, 264, 129, 160, 115, 257, 89, 131, 159, 183, 87, 122, 121, 58, 141, 39, 31, 136, 37, 53, 123, 22, 0)
s = 64: (0, 100, 209, 84, 119, 77, 88, 184, 39, 25, 53, 158, 43, 218, 78, 119, 203, 50, 210, 126, 162, 111, 101, 71, 17, 24, 127, 26, 145, 224, 181, 150, 337, 117, 64, 221, 331, 20, 170, 108, 253, 104, 110, 70, 134, 119, 162, 146, 169, 114, 145, 233, 66, 137, 33, 28, 133, 47, 53, 137, 14, 0)
s = 65: (0, 110, 132, 93, 155, 95, 174, 117, 49, 21, 63, 109, 44, 152, 67, 55, 141, 23, 142, 101, 142, 158, 52, 55, 16, 27, 213, 56, 170, 136, 289, 226, 309, 167, 84, 186, 227, 22, 268, 118, 350, 186, 228, 94, 203, 86, 100, 310, 240, 62, 234, 126, 36, 117, 36, 30, 98, 24, 49, 163, 32, 0)
s = 66: (0, 109, 200, 73, 163, 145, 124, 170, 36, 13, 105, 117, 31, 186, 101, 120, 126, 29, 178, 175, 100, 172, 75, 87, 18, 24, 112, 40, 80, 217, 106, 140, 429, 81, 132, 200, 179, 32, 147, 103, 149, 183, 215, 75, 246, 101, 127, 302, 310, 84, 169, 226, 63, 226, 23, 47, 176, 46, 45, 274, 28, 0)
s = 67: (0, 118, 110, 62, 143, 80, 172, 108, 56, 18, 54, 88, 62, 289, 94, 49, 150, 24, 99, 262, 176, 81, 66, 85, 12, 20, 101, 46, 124, 236, 180, 162, 455, 125, 121, 332, 260, 22, 201, 73, 172, 130, 128, 101, 137, 66, 117, 134, 224, 89, 266, 230, 48, 147, 23, 60, 89, 35, 83, 92, 21, 0)
s = 68: (0, 61, 146, 130, 159, 101, 118, 193, 72, 10, 45, 122, 36, 255, 102, 60, 210, 39, 152, 114, 123, 101, 69, 125, 13, 31, 113, 71, 100, 178, 280, 146, 257, 115, 151, 184, 197, 28, 202, 74, 307, 170, 117, 88, 146, 126, 111, 259, 256, 46, 133, 166, 45, 204, 53, 38, 105, 39, 75, 133, 29, 0)
s = 69: (0, 132, 254, 134, 103, 70, 125, 122, 65, 24, 87, 73, 54, 217, 112, 43, 110, 39, 185, 248, 182, 112, 95, 113, 12, 30, 127, 43, 180, 124, 157, 206, 265, 116, 98, 218, 234, 25, 372, 79, 219, 90, 132, 68, 212, 102, 101, 184, 258, 57, 153, 151, 58, 223, 33, 25, 131, 57, 90, 209, 39, 0)
s = 70: (0, 64, 233, 66, 196, 126, 188, 115, 47, 23, 112, 65, 57, 279, 77, 61, 126, 50, 131, 152, 190, 126, 62, 91, 21, 22, 92, 30, 216, 248, 155, 136, 270, 155, 117, 232, 365, 32, 208, 91, 280, 73, 163, 69, 213, 89, 133, 277, 355, 66, 241, 154, 85, 211, 32, 50, 116, 56, 101, 95, 30, 0)
s = 71: (0, 110, 181, 131, 93, 124, 169, 152, 59, 27, 95, 67, 44, 146, 107, 79, 193, 34, 109, 114, 131, 83, 58, 87, 14, 35, 151, 66, 124, 173, 136, 247, 455, 81, 200, 280, 272, 30, 223, 109, 291, 130, 166, 106, 200, 118, 179, 111, 169, 81, 257, 122, 79, 212, 28, 62, 127, 53, 69, 266, 13, 0)
s = 72: (0, 139, 211, 81, 224, 132, 154, 116, 87, 24, 48, 146, 52, 278, 70, 114, 230, 35, 212, 93, 101, 123, 102, 134, 9, 22, 114, 26, 144, 163, 245, 190, 384, 90, 185, 220, 169, 41, 119, 85, 391, 125, 98, 125, 234, 90, 103, 235, 254, 92, 152, 155, 41, 159, 44, 46, 90, 37, 108, 145, 17, 0)
s = 73: (0, 139, 225, 133, 276, 98, 133, 143, 53, 21, 82, 125, 44, 348, 118, 117, 113, 49, 132, 189, 121, 190, 60, 75, 20, 29, 91, 50, 104, 287, 162, 246, 283, 103, 96, 216, 290, 26, 137, 81, 264, 98, 142, 75, 285, 106, 166, 231, 204, 75, 166, 268, 66, 206, 31, 36, 95, 29, 97, 124, 14, 0)
s = 74: (0, 153, 111, 125, 187, 62, 142, 108, 50, 16, 82, 60, 25, 366, 70, 71, 126, 39, 153, 120, 120, 198, 57, 115, 24, 34, 149, 100, 215, 204, 247, 151, 189, 142, 131, 197, 242, 19, 306, 56, 219, 88, 135, 93, 197, 119, 150, 167, 332, 60, 191, 317, 76, 170, 34, 61, 124, 38, 47, 193, 14, 0)
s = 75: (0, 132, 268, 140, 139, 111, 151, 132, 36, 29, 69, 155, 26, 139, 125, 57, 186, 34, 126, 152, 124, 109, 49, 68, 25, 36, 152, 46, 222, 131, 221, 137, 188, 98, 92, 153, 257, 37, 180, 118, 218, 144, 122, 102, 337, 125, 143, 201, 307, 58, 116, 200, 57, 160, 23, 62, 183, 36, 78, 215, 21, 0)
s = 76: (0, 121, 279, 94, 173, 126, 99, 166, 50, 12, 55, 122, 41, 183, 66, 98, 208, 42, 178, 190, 148, 159, 61, 93, 15, 32, 101, 63, 164, 116, 97, 210, 229, 74, 146, 125, 273, 17, 197, 69, 291, 114, 158, 119, 276, 161, 102, 138, 311, 67, 169, 216, 47, 139, 31, 29, 114, 41, 89, 127, 21, 0)
s = 77: (0, 60, 195, 130, 339, 105, 116, 131, 41, 18, 83, 64, 38, 396, 115, 83, 216, 30, 112, 222, 184, 99, 53, 75, 15, 20, 128, 33, 160, 196, 152, 241, 400, 102, 89, 325, 165, 42, 189, 54, 279, 130, 102, 170, 274, 151, 184, 226, 283, 53, 170, 225, 61, 187, 31, 32, 108, 30, 92, 174, 34, 0)
s = 78: (0, 60, 233, 111, 158, 122, 158, 232, 35, 15, 67, 87, 23, 143, 163, 114, 111, 28, 159, 126, 148, 118, 62, 91, 27, 26, 147, 51, 101, 227, 242, 200, 300, 79, 128, 195, 157, 24, 157, 149, 230, 196, 116, 112, 154, 159, 226, 174, 158, 66, 193, 273, 49, 174, 24, 32, 179, 59, 93, 110, 19, 0)
s = 79: (0, 160, 187, 140, 232, 78, 125, 101, 47, 19, 100, 128, 29, 231, 82, 51, 206, 33, 136, 172, 107, 94, 86, 101, 20, 16, 141, 50, 116, 120, 151, 109, 291, 94, 112, 270, 181, 23, 207, 105, 233, 117, 123, 63, 157, 91, 159, 160, 470, 73, 188, 194, 92, 117, 23, 34, 221, 26, 45, 165, 25, 0)
s = 80: (0, 89, 226, 87, 124, 131, 119, 173, 50, 12, 63, 57, 57, 246, 77, 71, 154, 32, 216, 154, 131, 168, 53, 54, 19, 23, 158, 44, 109, 145, 158, 135, 238, 107, 93, 300, 339, 21, 157, 85, 229, 174, 157, 144, 137, 144, 176, 243, 231, 77, 109, 159, 46, 113, 18, 62, 167, 34, 66, 136, 21, 0)
s = 81: (0, 101, 158, 127, 120, 93, 162, 224, 60, 13, 83, 83, 28, 327, 116, 64, 100, 31, 178, 189, 218, 168, 78, 94, 25, 29, 173, 42, 207, 139, 205, 129, 450, 98, 102, 262, 297, 29, 286, 85, 229, 96, 149, 71, 304, 94, 100, 238, 331, 65, 134, 158, 56, 270, 24, 55, 105, 31, 114, 122, 23, 0)
s = 82: (0, 75, 84, 127, 226, 77, 158, 108, 43, 19, 73, 152, 45, 190, 120, 53, 273, 47, 166, 258, 120, 148, 64, 96, 18, 24, 95, 53, 198, 190, 201, 117, 376, 87, 123, 234, 215, 24, 248, 85, 134, 109, 119, 76, 319, 108, 179, 195, 188, 56, 141, 210, 58, 203, 28, 31, 104, 44, 55, 209, 21, 0)
s = 83: (0, 84, 198, 69, 200, 127, 220, 305, 54, 14, 65, 97, 32, 205, 88, 87, 153, 27, 140, 179, 147, 99, 70, 98, 16, 30, 81, 52, 109, 137, 128, 93, 208, 147, 167, 326, 172, 28, 138, 83, 154, 104, 94, 94, 149, 100, 104, 234, 214, 57, 128, 258, 88, 169, 39, 30, 108, 38, 77, 114, 20, 0)
s = 84: (0, 175, 206, 99, 154, 104, 137, 123, 61, 18, 91, 114, 24, 387, 87, 74, 189, 24, 133, 204, 115, 96, 84, 106, 17, 26, 113, 48, 146, 136, 192, 164, 250, 102, 136, 155, 174, 21, 176, 63, 207, 93, 231, 80, 194, 79, 107, 153, 337, 76, 181, 152, 47, 253, 27, 30, 171, 31, 60, 145, 24, 0)
s = 85: (0, 113, 209, 111, 133, 105, 85, 147, 42, 26, 70, 77, 51, 132, 80, 109, 199, 34, 263, 201, 231, 103, 89, 95, 16, 32, 179, 39, 80, 151, 161, 138, 294, 100, 127, 269, 329, 20, 258, 74, 358, 103, 155, 190, 227, 72, 103, 177, 313, 111, 171, 164, 67, 197, 28, 47, 125, 45, 45, 133, 25, 0)
s = 86: (0, 155, 116, 87, 171, 118, 82, 162, 45, 25, 51, 155, 29, 197, 94, 96, 98, 29, 134, 126, 180, 141, 79, 81, 14, 21, 105, 65, 162, 124, 200, 149, 192, 107, 77, 245, 197, 23, 145, 106, 267, 164, 144, 97, 394, 104, 154, 193, 210, 60, 132, 128, 57, 182, 21, 29, 93, 32, 43, 177, 22, 0)
s = 87: (0, 92, 114, 96, 135, 101, 122, 223, 47, 18, 57, 105, 46, 189, 69, 114, 183, 36, 222, 183, 138, 141, 46, 92, 13, 24, 181, 34, 112, 219, 268, 198, 320, 111, 142, 238, 217, 27, 300, 73, 284, 72, 141, 92, 304, 128, 186, 159, 266, 72, 237, 211, 104, 132, 35, 52, 100, 37, 89, 169, 23, 0)
s = 88: (0, 108, 204, 81, 186, 151, 170, 170, 49, 15, 86, 98, 23, 272, 108, 113, 129, 42, 106, 125, 156, 205, 79, 114, 21, 33, 197, 40, 136, 182, 163, 104, 376, 107, 138, 183, 203, 26, 254, 103, 191, 140, 140, 96, 254, 121, 170, 155, 218, 47, 200, 153, 51, 112, 27, 55, 104, 61, 75, 224, 22, 0)
s = 89: (0, 149, 194, 92, 194, 64, 101, 241, 57, 14, 46, 94, 25, 129, 69, 81, 193, 31, 196, 106, 150, 108, 90, 96, 18, 16, 208, 41, 173, 195, 209, 170, 180, 95, 87, 262, 135, 37, 225, 112, 198, 188, 176, 116, 217, 178, 139, 203, 216, 72, 149, 159, 64, 106, 21, 33, 121, 36, 72, 136, 29, 0)
s = 90: (0, 96, 99, 85, 186, 91, 94, 194, 34, 25, 94, 126, 52, 301, 78, 91, 194, 26, 101, 112, 198, 101, 74, 130, 18, 34, 134, 49, 194, 258, 276, 234, 271, 74, 155, 250, 191, 27, 193, 105, 199, 129, 199, 86, 227, 145, 175, 174, 270, 98, 239, 177, 76, 178, 34, 48, 86, 47, 64, 144, 23, 0)
s = 91: (0, 91, 166, 124, 130, 99, 179, 193, 59, 17, 48, 97, 52, 207, 80, 52, 131, 46, 118, 218, 180, 124, 85, 113, 20, 23, 145, 41, 128, 114, 353, 196, 464, 108, 107, 346, 217, 22, 244, 134, 212, 84, 176, 73, 166, 82, 96, 164, 208, 72, 124, 175, 50, 225, 34, 46, 191, 35, 63, 103, 17, 0)
s = 92: (0, 135, 251, 79, 239, 67, 100, 139, 50, 14, 97, 95, 27, 187, 55, 61, 209, 30, 191, 144, 151, 191, 72, 53, 19, 32, 119, 36, 252, 188, 207, 217, 231, 92, 94, 207, 352, 16, 176, 142, 211, 121, 153, 76, 334, 127, 107, 218, 227, 51, 207, 215, 87, 111, 46, 40, 128, 26, 72, 108, 27, 0)
s = 93: (0, 67, 172, 99, 240, 93, 84, 150, 74, 18, 72, 85, 30, 364, 127, 89, 152, 25, 246, 159, 234, 103, 99, 60, 14, 30, 90, 55, 94, 123, 111, 172, 231, 116, 130, 189, 193, 27, 201, 95, 235, 84, 137, 98, 164, 126, 140, 213, 311, 63, 167, 169, 51, 133, 17, 37, 138, 54, 123, 106, 13, 0)
s = 94: (0, 91, 173, 111, 129, 105, 155, 178, 65, 22, 88, 51, 22, 295, 133, 49, 183, 20, 306, 138, 160, 237, 76, 69, 15, 20, 125, 48, 218, 117, 245, 158, 214, 85, 85, 226, 142, 22, 159, 128, 268, 104, 214, 119, 242, 130, 154, 199, 290, 127, 159, 241, 74, 176, 30, 43, 143, 25, 61, 170, 15, 0)
s = 95: (0, 109, 106, 96, 278, 101, 166, 231, 45, 12, 66, 75, 44, 146, 130, 78, 233, 36, 114, 114, 141, 198, 80, 120, 16, 32, 191, 69, 121, 157, 126, 127, 271, 58, 85, 315, 182, 25, 195, 68, 377, 75, 114, 73, 186, 134, 116, 155, 232, 40, 139, 171, 33, 195, 31, 71, 111, 39, 99, 144, 35, 0)
s = 96: (0, 144, 277, 97, 201, 75, 115, 203, 45, 21, 73, 79, 63, 303, 98, 118, 124, 41, 124, 195, 131, 128, 76, 81, 25, 27, 102, 78, 166, 149, 208, 225, 261, 92, 156, 177, 231, 46, 279, 106, 252, 148, 182, 108, 280, 101, 118, 192, 291, 123, 294, 251, 70, 154, 25, 30, 144, 58, 65, 170, 23, 0)
s = 97: (0, 79, 124, 66, 141, 103, 125, 207, 55, 23, 85, 58, 54, 255, 121, 76, 155, 36, 162, 148, 199, 131, 77, 99, 19, 20, 141, 57, 171, 240, 186, 272, 344, 137, 115, 225, 199, 31, 190, 78, 228, 103, 172, 69, 194, 72, 93, 187, 165, 66, 211, 296, 92, 136, 28, 47, 105, 34, 67, 141, 28, 0)
s = 98: (0, 101, 120, 70, 127, 83, 139, 218, 40, 20, 84, 110, 37, 148, 61, 59, 181, 42, 134, 127, 104, 89, 77, 105, 24, 19, 140, 67, 102, 156, 128, 216, 324, 109, 158, 261, 169, 33, 178, 77, 172, 117, 139, 96, 264, 133, 121, 126, 234, 75, 171, 125, 93, 229, 50, 76, 122, 44, 98, 206, 19, 0)
s = 99: (0, 195, 96, 106, 230, 174, 167, 125, 64, 12, 91, 59, 41, 243, 71, 81, 175, 26, 140, 202, 108, 125, 62, 86, 15, 29, 110, 75, 143, 190, 140, 161, 268, 131, 107, 336, 249, 20, 144, 129, 212, 155, 76, 158, 225, 122, 167, 236, 259, 44, 250, 190, 68, 105, 27, 46, 130, 41, 45, 97, 22, 0)
s = 100: (0, 122, 100, 127, 120, 123, 87, 98, 46, 16, 42, 105, 21, 226, 123, 65, 92, 26, 159, 161, 213, 109, 48, 91, 10, 21, 122, 59, 99, 136, 186, 166, 489, 107, 97, 235, 195, 31, 160, 91, 223, 77, 222, 149, 147, 96, 91, 195, 351, 72, 130, 121, 44, 229, 23, 31, 159, 28, 89, 185, 20, 0)
s = 101: (0, 157, 169, 62, 154, 73, 100, 146, 39, 11, 83, 127, 63, 177, 62, 55, 154, 24, 102, 128, 196, 89, 97, 85, 17, 20, 161, 53, 137, 297, 134, 131, 181, 72, 104, 233, 292, 19, 176, 55, 222, 76, 119, 149, 163, 99, 163, 156, 232, 77, 184, 165, 58, 159, 42, 31, 114, 38, 65, 121, 14, 0)
s = 102: (0, 104, 134, 145, 178, 67, 99, 97, 42, 15, 50, 116, 22, 150, 57, 65, 122, 19, 139, 181, 102, 136, 64, 84, 21, 41, 117, 74, 136, 294, 190, 178, 255, 146, 141, 218, 245, 23, 238, 98, 320, 135, 125, 73, 212, 191, 237, 242, 183, 69, 225, 241, 63, 259, 30, 61, 124, 33, 69, 97, 14, 0)
s = 103: (0, 158, 109, 146, 203, 177, 138, 203, 42, 13, 72, 91, 30, 304, 70, 54, 195, 19, 203, 180, 98, 90, 98, 134, 23, 18, 110, 48, 84, 214, 167, 125, 345, 81, 125, 177, 310, 44, 222, 63, 294, 192, 167, 87, 240, 114, 90, 138, 298, 82, 104, 128, 71, 168, 24, 38, 140, 66, 59, 213, 36, 0)
s = 104: (0, 139, 169, 92, 120, 137, 84, 144, 49, 17, 95, 74, 59, 220, 114, 131, 201, 32, 151, 214, 156, 79, 68, 135, 16, 32, 87, 61, 165, 208, 149, 195, 156, 62, 130, 146, 307, 21, 288, 102, 173, 100, 119, 101, 146, 128, 159, 128, 188, 62, 148, 147, 55, 156, 22, 35, 111, 32, 60, 143, 17, 0)
s = 105: (0, 176, 178, 105, 182, 128, 147, 144, 58, 13, 55, 110, 47, 294, 116, 114, 119, 35, 120, 142, 129, 92, 43, 112, 12, 20, 115, 32, 204, 224, 97, 130, 198, 114, 79, 232, 338, 22, 200, 138, 182, 105, 129, 82, 157, 112, 189, 172, 174, 46, 196, 245, 61, 196, 43, 60, 125, 23, 81, 204, 19, 0)
s = 106: (0, 144, 169, 96, 187, 112, 152, 199, 35, 29, 102, 61, 37, 197, 66, 72, 129, 30, 131, 104, 165, 107, 74, 93, 20, 22, 111, 49, 148, 243, 192, 199, 225, 155, 91, 136, 239, 25, 232, 106, 167, 105, 172, 116, 202, 108, 95, 120, 179, 44, 120, 247, 73, 130, 47, 42, 98, 42, 69, 138, 15, 0)
s = 107: (0, 109, 158, 108, 213, 56, 137, 113, 47, 25, 84, 77, 40, 182, 93, 61, 277, 31, 130, 125, 127, 184, 89, 101, 18, 30, 179, 39, 153, 139, 131, 204, 318, 172, 113, 122, 208, 37, 187, 103, 231, 138, 165, 116, 252, 101, 94, 240, 329, 81, 135, 194, 66, 183, 39, 33, 162, 27, 59, 100, 22, 0)
s = 108: (0, 129, 175, 129, 309, 94, 111, 164, 57, 24, 65, 97, 22, 219, 150, 61, 162, 36, 183, 175, 96, 162, 48, 141, 9, 25, 187, 54, 111, 142, 209, 198, 262, 91, 147, 288, 203, 33, 186, 95, 216, 92, 133, 83, 260, 179, 192, 202, 423, 80, 118, 160, 56, 158, 20, 40, 125, 30, 49, 139, 35, 0)
s = 109: (0, 95, 161, 94, 221, 73, 100, 224, 39, 10, 107, 90, 34, 314, 71, 78, 134, 20, 142, 188, 141, 82, 78, 153, 30, 17, 137, 73, 113, 234, 175, 244, 262, 75, 85, 217, 378, 36, 327, 121, 205, 95, 80, 147, 191, 109, 144, 234, 212, 44, 186, 190, 59, 117, 21, 67, 105, 51, 100, 160, 29, 0)
s = 110: (0, 136, 182, 98, 237, 193, 164, 134, 63, 29, 105, 67, 38, 204, 68, 82, 100, 44, 215, 125, 202, 120, 72, 104, 21, 37, 121, 27, 163, 203, 142, 301, 268, 72, 73, 242, 443, 18, 307, 96, 171, 117, 102, 102, 215, 179, 178, 347, 250, 63, 197, 261, 81, 121, 18, 49, 110, 33, 62, 134, 21, 0)
s = 111: (0, 118, 161, 121, 165, 138, 121, 149, 40, 13, 61, 103, 40, 261, 78, 52, 110, 48, 161, 188, 136, 164, 67, 125, 11, 19, 88, 68, 114, 245, 223, 109, 341, 130, 96, 172, 140, 42, 187, 65, 246, 87, 160, 139, 328, 81, 139, 220, 292, 49, 245, 333, 48, 141, 47, 46, 90, 48, 88, 175, 17, 0)
s = 112: (0, 83, 250, 98, 246, 81, 144, 205, 64, 17, 92, 111, 45, 143, 146, 67, 164, 39, 169, 152, 150, 71, 46, 131, 22, 18, 108, 32, 234, 246, 115, 101, 282, 154, 132, 310, 130, 20, 227, 76, 145, 124, 176, 64, 225, 199, 101, 168, 320, 60, 168, 179, 42, 210, 26, 51, 142, 40, 83, 224, 25, 0)
s = 113: (0, 117, 250, 105, 108, 54, 140, 208, 70, 20, 84, 113, 24, 175, 126, 56, 211, 22, 217, 147, 130, 172, 46, 62, 10, 19, 236, 43, 143, 112, 293, 107, 273, 123, 115, 201, 285, 27, 161, 102, 283, 131, 128, 105, 128, 104, 84, 249, 182, 54, 135, 306, 49, 112, 29, 43, 119, 29, 45, 205, 18, 0)
s = 114: (0, 85, 266, 104, 192, 138, 137, 235, 67, 19, 73, 111, 28, 263, 73, 59, 121, 31, 193, 167, 116, 128, 74, 70, 11, 18, 103, 57, 141, 193, 164, 196, 193, 137, 151, 278, 181, 23, 259, 105, 257, 84, 143, 115, 341, 203, 157, 250, 409, 50, 114, 218, 36, 120, 25, 29, 132, 35, 54, 122, 25, 0)
s = 115: (0, 158, 107, 138, 117, 79, 91, 203, 58, 28, 80, 66, 36, 261, 116, 96, 135, 24, 112, 198, 240, 77, 91, 79, 22, 39, 133, 79, 120, 224, 228, 138, 210, 64, 99, 170, 147, 33, 214, 121, 230, 131, 128, 132, 392, 71, 180, 126, 479, 60, 217, 196, 57, 125, 25, 27, 226, 46, 84, 184, 32, 0)
s = 116: (0, 115, 113, 76, 230, 70, 102, 167, 53, 12, 71, 120, 31, 180, 108, 72, 160, 29, 207, 131, 123, 142, 73, 66, 12, 23, 153, 67, 187, 174, 265, 195, 158, 105, 99, 220, 192, 42, 280, 90, 217, 122, 111, 67, 130, 117, 155, 164, 243, 89, 150, 195, 90, 146, 34, 61, 98, 24, 52, 171, 19, 0)
s = 117: (0, 91, 183, 60, 251, 96, 137, 140, 35, 10, 50, 152, 39, 257, 69, 65, 177, 31, 122, 177, 89, 101, 120, 92, 13, 26, 153, 49, 168, 159, 130, 169, 403, 85, 111, 145, 277, 20, 193, 69, 238, 128, 145, 113, 216, 85, 131, 161, 348, 45, 267, 265, 82, 109, 19, 55, 144, 24, 117, 138, 14, 0)
s = 118: (0, 112, 204, 78, 228, 76, 116, 332, 38, 17, 77, 72, 62, 329, 93, 57, 178, 43, 195, 133, 87, 117, 39, 129, 18, 37, 113, 61, 142, 134, 240, 236, 386, 124, 113, 191, 480, 40, 349, 70, 264, 108, 123, 56, 280, 98, 87, 110, 209, 67, 123, 242, 90, 157, 29, 45, 88, 59, 87, 241, 19, 0)
s = 119: (0, 157, 154, 101, 141, 140, 142, 153, 37, 11, 108, 150, 40, 288, 98, 86, 257, 33, 133, 215, 148, 172, 115, 114, 19, 28, 107, 36, 210, 245, 207, 190, 304, 110, 179, 252, 284, 30, 234, 84, 216, 136, 151, 94, 183, 85, 93, 193, 465, 59, 174, 160, 66, 224, 35, 42, 128, 46, 119, 172, 27, 0)
s = 120: (0, 139, 228, 97, 225, 121, 107, 200, 37, 15, 107, 131, 21, 235, 89, 100, 163, 27, 147, 175, 167, 163, 83, 110, 10, 26, 128, 48, 97, 192, 121, 243, 370, 72, 148, 188, 146, 24, 195, 123, 279, 87, 135, 165, 283, 125, 182, 235, 425, 107, 155, 165, 61, 181, 32, 38, 210, 34, 46, 96, 17, 0)
s = 121: (0, 108, 198, 129, 168, 97, 165, 185, 51, 20, 62, 58, 24, 293, 109, 66, 106, 37, 241, 208, 231, 200, 97, 77, 16, 31, 126, 33, 187, 178, 116, 135, 438, 83, 115, 149, 263, 27, 226, 135, 333, 84, 98, 113, 249, 65, 147, 225, 224, 80, 165, 265, 53, 160, 23, 36, 118, 54, 105, 158, 16, 0)
s = 122: (0, 173, 110, 84, 174, 72, 91, 172, 49, 17, 91, 108, 37, 181, 54, 110, 291, 41, 148, 113, 132, 95, 49, 57, 16, 22, 160, 42, 123, 241, 183, 173, 405, 126, 81, 215, 221, 35, 242, 80, 239, 73, 140, 106, 336, 85, 122, 211, 281, 87, 287, 125, 73, 173, 27, 54, 131, 30, 73, 191, 20, 0)
s = 123: (0, 77, 103, 108, 201, 101, 126, 218, 61, 20, 81, 67, 65, 133, 123, 68, 182, 42, 156, 148, 98, 72, 86, 58, 19, 22, 82, 58, 132, 133, 155, 165, 239, 61, 79, 294, 307, 23, 200, 88, 209, 87, 92, 136, 279, 154, 199, 156, 226, 44, 147, 213, 79, 149, 27, 46, 165, 43, 72, 121, 17, 0)
s = 124: (0, 96, 104, 104, 211, 61, 75, 154, 49, 19, 57, 87, 32, 216, 189, 83, 238, 45, 220, 289, 195, 146, 81, 129, 14, 26, 154, 81, 151, 137, 137, 89, 343, 69, 106, 291, 340, 20, 238, 104, 229, 96, 199, 92, 220, 83, 200, 229, 210, 66, 152, 312, 50, 181, 30, 47, 101, 42, 89, 132, 32, 0)
s = 125: (0, 108, 191, 84, 121, 107, 133, 212, 52, 12, 53, 149, 50, 165, 79, 96, 135, 25, 119, 202, 80, 116, 69, 115, 10, 15, 121, 34, 98, 158, 220, 89, 222, 73, 70, 170, 144, 44, 244, 67, 164, 218, 176, 147, 153, 161, 185, 118, 171, 49, 110, 226, 64, 189, 22, 42, 105, 39, 90, 120, 36, 0)
s = 126: (0, 177, 213, 89, 189, 93, 132, 189, 65, 20, 93, 100, 54, 295, 76, 81, 242, 22, 107, 140, 155, 89, 88, 86, 30, 31, 140, 50, 104, 149, 99, 118, 329, 134, 186, 307, 356, 27, 316, 81, 174, 143, 137, 175, 236, 149, 153, 123, 197, 69, 96, 198, 50, 147, 25, 77, 101, 66, 48, 205, 24, 0)
s = 127: (0, 132, 113, 114, 224, 158, 147, 203, 54, 21, 112, 55, 34, 127, 103, 63, 247, 28, 142, 190, 224, 115, 84, 67, 17, 15, 140, 39, 160, 183, 211, 130, 371, 169, 118, 261, 491, 43, 398, 144, 276, 119, 175, 124, 184, 100, 164, 198, 230, 85, 154, 125, 53, 232, 30, 53, 136, 40, 58, 121, 19, 0)
s = 128: (0, 135, 123, 125, 176, 149, 122, 144, 52, 12, 114, 97, 30, 203, 100, 55, 125, 35, 93, 183, 123, 99, 70, 61, 23, 21, 112, 42, 116, 162, 237, 244, 272, 131, 215, 315, 261, 28, 163, 163, 279, 153, 159, 94, 190, 73, 170, 228, 167, 87, 198, 268, 49, 240, 19, 45, 123, 45, 58, 97, 16, 0)
s = 129: (0, 87, 175, 125, 269, 146, 126, 153, 33, 20, 122, 88, 23, 292, 65, 77, 195, 44, 103, 105, 209, 155, 68, 76, 16, 22, 121, 75, 84, 136, 244, 158, 273, 87, 138, 219, 153, 28, 212, 74, 154, 110, 118, 59, 226, 157, 118, 136, 268, 59, 127, 238, 91, 137, 27, 59, 112, 33, 103, 107, 32, 0)
s = 130: (0, 110, 165, 84, 221, 151, 103, 177, 44, 27, 96, 107, 27, 143, 78, 96, 182, 34, 235, 144, 130, 140, 47, 70, 12, 38, 101, 67, 113, 238, 162, 119, 381, 116, 105, 367, 249, 19, 180, 102, 218, 99, 118, 119, 226, 146, 116, 164, 201, 66, 226, 265, 55, 122, 24, 61, 96, 32, 90, 142, 23, 0)
s = 131: (0, 132, 82, 136, 172, 131, 110, 163, 39, 14, 100, 70, 53, 311, 89, 82, 119, 20, 152, 145, 203, 92, 55, 59, 11, 18, 114, 47, 197, 192, 201, 206, 193, 185, 111, 300, 240, 24, 204, 63, 164, 123, 149, 84, 272, 100, 106, 177, 204, 70, 142, 157, 69, 162, 40, 57, 167, 55, 62, 87, 23, 0)
s = 132: (0, 59, 96, 159, 140, 67, 155, 181, 55, 20, 51, 125, 45, 229, 70, 105, 114, 20, 126, 147, 144, 133, 86, 80, 16, 19, 91, 72, 131, 235, 194, 170, 182, 167, 141, 192, 214, 33, 152, 66, 184, 135, 132, 78, 183, 149, 187, 146, 307, 62, 180, 145, 60, 154, 26, 87, 158, 35, 91, 141, 17, 0)
s = 133: (0, 119, 109, 122, 299, 92, 72, 104, 93, 23, 85, 88, 45, 233, 76, 89, 207, 26, 161, 157, 168, 147, 82, 77, 17, 18, 115, 45, 192, 149, 221, 148, 349, 97, 89, 250, 149, 22, 167, 113, 261, 164, 74, 172, 191, 104, 179, 208, 243, 42, 235, 233, 35, 209, 20, 37, 115, 43, 50, 181, 32, 0)
s = 134: (0, 74, 158, 81, 170, 124, 97, 289, 38, 22, 45, 68, 36, 161, 125, 81, 157, 21, 163, 146, 259, 126, 80, 54, 15, 29, 132, 36, 180, 162, 109, 198, 390, 92, 124, 321, 233, 30, 273, 143, 261, 99, 94, 136, 161, 143, 121, 199, 183, 133, 115, 194, 57, 146, 49, 56, 96, 52, 41, 99, 31, 0)
s = 135: (0, 97, 153, 83, 104, 82, 154, 269, 44, 19, 87, 153, 44, 262, 92, 60, 206, 20, 107, 184, 199, 139, 52, 146, 23, 20, 188, 46, 95, 224, 198, 94, 163, 110, 176, 133, 149, 20, 276, 84, 234, 104, 214, 136, 182, 133, 209, 252, 212, 82, 99, 184, 72, 149, 47, 27, 86, 32, 72, 160, 25, 0)
s = 136: (0, 113, 196, 56, 224, 100, 91, 275, 72, 24, 94, 98, 58, 188, 115, 62, 275, 34, 121, 159, 180, 105, 92, 93, 22, 25, 172, 47, 115, 106, 227, 144, 260, 74, 179, 238, 238, 32, 288, 129, 235, 146, 104, 142, 176, 164, 99, 243, 217, 93, 217, 202, 81, 156, 34, 54, 184, 47, 52, 218, 28, 0)
s = 137: (0, 84, 241, 58, 211, 67, 91, 222, 80, 13, 101, 100, 28, 139, 73, 76, 197, 32, 157, 111, 120, 182, 68, 79, 19, 24, 196, 31, 185, 125, 158, 190, 340, 149, 104, 243, 256, 35, 244, 70, 292, 163, 206, 102, 183, 94, 177, 149, 174, 57, 149, 291, 93, 188, 19, 51, 207, 38, 55, 106, 25, 0)
s = 138: (0, 59, 141, 69, 200, 81, 91, 239, 55, 17, 69, 119, 21, 343, 63, 65, 149, 34, 208, 88, 164, 77, 54, 116, 22, 43, 93, 66, 120, 130, 144, 108, 272, 98, 92, 135, 293, 23, 185, 137, 131, 125, 230, 108, 312, 111, 135, 242, 314, 81, 116, 173, 66, 110, 50, 57, 130, 50, 77, 236, 27, 0)
s = 139: (0, 139, 236, 103, 99, 144, 112, 257, 60, 17, 64, 69, 39, 249, 69, 53, 144, 24, 97, 106, 152, 155, 73, 106, 23, 26, 77, 63, 137, 202, 121, 90, 305, 127, 85, 275, 220, 25, 182, 111, 168, 122, 158, 154, 281, 103, 133, 160, 150, 62, 129, 143, 54, 202, 31, 35, 150, 47, 91, 260, 15, 0)
s = 140: (0, 107, 104, 180, 170, 147, 118, 111, 61, 21, 50, 87, 40, 239, 104, 105, 158, 21, 91, 211, 112, 136, 57, 102, 20, 22, 111, 46, 107, 137, 158, 182, 330, 86, 74, 277, 176, 34, 301, 130, 278, 121, 174, 132, 291, 95, 170, 175, 431, 62, 143, 219, 50, 204, 21, 34, 137, 47, 86, 149, 24, 0)
s = 141: (0, 93, 106, 92, 144, 122, 94, 138, 52, 15, 69, 71, 41, 175, 120, 69, 169, 23, 163, 153, 179, 176, 82, 89, 12, 35, 174, 39, 114, 130, 167, 197, 357, 157, 83, 140, 303, 38, 149, 60, 155, 64, 129, 55, 302, 66, 126, 307, 222, 61, 237, 201, 78, 149, 18, 34, 102, 28, 114, 93, 21, 0)
s = 142: (0, 108, 140, 103, 172, 76, 183, 202, 72, 11, 87, 104, 36, 248, 104, 96, 151, 34, 97, 135, 179, 155, 59, 95, 9, 18, 98, 64, 145, 258, 121, 140, 346, 147, 116, 205, 170, 33, 175, 100, 139, 182, 102, 56, 176, 83, 125, 151, 416, 42, 170, 166, 63, 195, 29, 40, 176, 50, 59, 177, 28, 0)
s = 143: (0, 126, 129, 121, 132, 75, 82, 120, 60, 16, 101, 100, 25, 256, 78, 97, 209, 38, 190, 224, 136, 112, 75, 83, 23, 17, 157, 43, 141, 209, 237, 101, 286, 66, 126, 209, 201, 34, 245, 99, 161, 127, 116, 107, 227, 69, 169, 191, 291, 63, 130, 263, 73, 110, 38, 48, 155, 47, 63, 114, 24, 0)
s = 144: (0, 67, 119, 123, 320, 97, 163, 201, 36, 24, 109, 133, 40, 321, 115, 89, 150, 43, 160, 169, 152, 181, 73, 120, 19, 20, 154, 46, 123, 145, 265, 117, 290, 113, 87, 406, 333, 26, 230, 69, 219, 152, 132, 132, 267, 91, 171, 134, 275, 96, 237, 233, 52, 159, 33, 56, 123, 42, 45, 114, 20, 0)
s = 145: (0, 90, 246, 96, 211, 55, 200, 202, 60, 15, 58, 84, 21, 229, 106, 66, 188, 41, 94, 266, 114, 145, 86, 102, 12, 34, 92, 35, 98, 140, 108, 176, 354, 74, 80, 216, 204, 41, 291, 114, 171, 99, 223, 113, 251, 139, 181, 186, 260, 69, 95, 274, 44, 212, 23, 25, 86, 52, 66, 111, 23, 0)
s = 146: (0, 89, 162, 132, 197, 84, 156, 196, 56, 16, 69, 96, 50, 159, 129, 95, 173, 37, 164, 106, 150, 118, 55, 79, 18, 24, 143, 29, 186, 188, 136, 108, 174, 126, 145, 299, 198, 27, 285, 85, 207, 179, 137, 72, 234, 93, 154, 114, 274, 72, 199, 203, 81, 174, 33, 49, 157, 58, 63, 184, 26, 0)
s = 147: (0, 95, 91, 91, 160, 162, 121, 195, 56, 26, 94, 108, 32, 245, 106, 102, 137, 34, 267, 162, 123, 118, 77, 69, 15, 43, 95, 44, 159, 144, 203, 153, 316, 88, 79, 324, 205, 27, 168, 78, 213, 110, 165, 69, 307, 157, 151, 274, 204, 74, 204, 196, 71, 93, 29, 40, 113, 60, 141, 114, 18, 0)
s = 148: (0, 135, 257, 115, 256, 117, 220, 194, 41, 13, 70, 105, 39, 366, 134, 65, 146, 31, 178, 112, 178, 125, 51, 67, 16, 22, 105, 33, 89, 168, 184, 130, 347, 88, 122, 266, 189, 30, 252, 203, 165, 136, 106, 105, 239, 80, 114, 148, 187, 72, 107, 299, 85, 140, 31, 31, 181, 36, 60, 199, 25, 0)
s = 149: (0, 115, 159, 182, 167, 99, 97, 142, 39, 13, 62, 99, 40, 147, 59, 88, 199, 36, 94, 130, 118, 84, 48, 86, 14, 31, 118, 26, 178, 287, 220, 114, 414, 94, 84, 221, 138, 28, 122, 93, 155, 87, 88, 107, 204, 140, 115, 120, 278, 74, 191, 114, 58, 104, 34, 35, 94, 48, 99, 92, 24, 0)
s = 150: (0, 106, 162, 145, 181, 63, 175, 133, 37, 12, 62, 151, 25, 249, 70, 59, 134, 29, 199, 136, 139, 118, 88, 94, 21, 18, 142, 40, 115, 217, 203, 144, 253, 86, 122, 127, 288, 33, 246, 59, 293, 68, 129, 105, 276, 153, 92, 183, 214, 40, 220, 245, 78, 169, 27, 53, 167, 40, 105, 125, 26, 0)
s = 151: (0, 107, 183, 63, 177, 112, 97, 146, 55, 14, 43, 58, 34, 166, 56, 64, 99, 35, 91, 126, 169, 79, 52, 96, 20, 36, 115, 55, 211, 118, 269, 108, 274, 83, 119, 209, 315, 30, 177, 99, 202, 84, 157, 100, 222, 200, 92, 199, 302, 86, 173, 322, 45, 233, 24, 44, 116, 38, 65, 189, 16, 0)
s = 152: (0, 68, 236, 59, 235, 82, 87, 160, 54, 22, 73, 150, 28, 284, 107, 99, 165, 37, 127, 143, 123, 122, 78, 123, 20, 25, 159, 66, 113, 226, 128, 178, 332, 155, 80, 229, 292, 15, 229, 60, 184, 106, 100, 163, 327, 101, 141, 149, 183, 65, 146, 189, 93, 150, 36, 29, 113, 63, 62, 128, 33, 0)
s = 153: (0, 189, 124, 75, 133, 129, 178, 161, 69, 12, 70, 129, 51, 160, 138, 61, 150, 48, 159, 232, 207, 129, 81, 81, 18, 30, 127, 43, 191, 154, 94, 133, 248, 148, 152, 222, 145, 24, 251, 82, 156, 121, 107, 122, 232, 117, 203, 255, 293, 63, 133, 259, 42, 184, 22, 32, 127, 43, 67, 161, 22, 0)
s = 154: (0, 130, 161, 127, 219, 85, 145, 127, 45, 22, 81, 66, 37, 285, 121, 97, 235, 41, 104, 244, 102, 141, 82, 160, 18, 42, 109, 32, 148, 110, 216, 160, 384, 90, 84, 247, 355, 19, 254, 149, 313, 107, 137, 112, 271, 107, 115, 205, 173, 80, 171, 195, 43, 160, 38, 86, 218, 31, 93, 134, 17, 0)
s = 155: (0, 75, 192, 91, 152, 56, 85, 183, 71, 17, 67, 84, 44, 188, 75, 65, 136, 23, 140, 112, 152, 118, 109, 126, 16, 29, 205, 31, 208, 123, 119, 130, 326, 159, 72, 321, 352, 31, 187, 75, 149, 108, 119, 109, 206, 151, 150, 191, 383, 98, 184, 173, 62, 185, 54, 38, 98, 33, 57, 160, 34, 0)
s = 156: (0, 94, 142, 69, 216, 73, 124, 105, 40, 17, 52, 86, 39, 191, 81, 105, 92, 19, 174, 224, 141, 212, 128, 84, 13, 20, 93, 43, 128, 231, 131, 122, 251, 71, 169, 156, 234, 22, 162, 94, 263, 138, 175, 162, 340, 106, 207, 291, 172, 65, 211, 247, 48, 139, 18, 36, 73, 35, 85, 170, 24, 0)
s = 157: (0, 71, 243, 134, 303, 107, 133, 289, 55, 21, 122, 73, 47, 143, 94, 74, 135, 21, 236, 155, 82, 157, 80, 125, 12, 30, 125, 54, 121, 139, 279, 194, 238, 70, 105, 270, 163, 26, 160, 97, 358, 89, 156, 134, 261, 174, 102, 189, 216, 53, 113, 186, 51, 153, 32, 46, 180, 49, 112, 97, 19, 0)
s = 158: (0, 131, 195, 160, 129, 99, 127, 133, 34, 24, 46, 73, 40, 250, 89, 79, 133, 34, 183, 159, 175, 92, 80, 80, 10, 19, 161, 47, 134, 97, 191, 181, 209, 127, 132, 160, 254, 20, 192, 167, 171, 127, 138, 68, 138, 167, 162, 235, 222, 61, 131, 248, 67, 195, 31, 61, 184, 34, 63, 124, 19, 0)
s = 159: (0, 76, 210, 83, 166, 73, 157, 132, 35, 16, 66, 107, 49, 215, 132, 55, 200, 42, 174, 195, 109, 123, 100, 75, 20, 22, 149, 28, 106, 185, 127, 202, 200, 152, 116, 265, 384, 28, 382, 103, 266, 125, 178, 102, 349, 75, 174, 197, 312, 76, 146, 263, 58, 216, 21, 45, 119, 38, 82, 127, 31, 0)
s = 160: (0, 83, 185, 68, 204, 60, 99, 164, 57, 16, 73, 71, 46, 366, 119, 49, 101, 31, 134, 168, 154, 151, 67, 145, 17, 40, 172, 40, 145, 168, 207, 240, 323, 93, 157, 372, 296, 48, 200, 77, 232, 159, 82, 134, 381, 124, 183, 184, 235, 85, 178, 193, 49, 159, 22, 62, 142, 61, 85, 96, 26, 0)
s = 161: (0, 108, 147, 101, 114, 78, 109, 148, 39, 20, 76, 68, 43, 211, 109, 93, 280, 52, 113, 238, 131, 138, 73, 109, 19, 17, 92, 43, 163, 135, 115, 156, 238, 72, 139, 178, 203, 29, 190, 99, 223, 141, 130, 79, 230, 127, 124, 187, 239, 80, 259, 153, 87, 141, 23, 49, 149, 49, 133, 164, 39, 0)
s = 162: (0, 109, 178, 112, 202, 76, 116, 239, 50, 17, 54, 97, 61, 113, 74, 111, 279, 37, 229, 149, 109, 96, 84, 118, 10, 20, 128, 45, 207, 214, 136, 147, 253, 72, 94, 269, 195, 38, 182, 127, 182, 100, 97, 96, 220, 106, 119, 176, 265, 50, 172, 378, 90, 125, 29, 44, 202, 44, 46, 137, 20, 0)
s = 163: (0, 166, 191, 99, 122, 117, 174, 226, 51, 12, 106, 59, 39, 284, 91, 64, 110, 25, 184, 160, 201, 119, 53, 74, 14, 28, 114, 45, 131, 103, 188, 277, 252, 56, 167, 213, 195, 40, 251, 86, 277, 190, 195, 114, 160, 81, 153, 237, 292, 50, 179, 205, 49, 100, 17, 51, 113, 26, 51, 92, 29, 0)
s = 164: (0, 115, 145, 88, 282, 122, 147, 151, 48, 15, 80, 79, 38, 226, 112, 89, 184, 35, 188, 187, 160, 128, 62, 83, 12, 31, 122, 47, 124, 147, 227, 226, 344, 81, 72, 206, 202, 18, 176, 124, 152, 84, 113, 86, 194, 147, 114, 166, 384, 110, 114, 253, 105, 215, 19, 60, 181, 40, 92, 176, 15, 0)
s = 165: (0, 91, 142, 77, 142, 144, 91, 188, 45, 25, 41, 99, 52, 183, 56, 72, 248, 48, 184, 178, 158, 127, 53, 74, 16, 15, 115, 77, 165, 162, 213, 140, 530, 137, 119, 151, 187, 32, 237, 95, 216, 127, 129, 146, 270, 105, 201, 276, 275, 64, 153, 172, 44, 164, 37, 31, 113, 51, 80, 149, 13, 0)
s = 166: (0, 106, 95, 71, 175, 104, 138, 132, 73, 21, 80, 79, 27, 158, 79, 47, 141, 39, 252, 233, 152, 77, 54, 60, 14, 14, 74, 40, 81, 140, 162, 184, 356, 92, 133, 160, 198, 27, 280, 77, 299, 129, 223, 63, 214, 158, 150, 222, 171, 97, 120, 182, 99, 109, 18, 45, 132, 52, 93, 153, 33, 0)
s = 167: (0, 69, 181, 130, 171, 123, 94, 209, 55, 16, 82, 69, 36, 126, 78, 53, 161, 18, 157, 135, 77, 107, 74, 139, 13, 16, 130, 49, 157, 226, 120, 119, 334, 85, 113, 192, 228, 48, 152, 147, 192, 202, 117, 104, 187, 187, 212, 197, 230, 104, 214, 234, 83, 211, 27, 37, 156, 31, 63, 151, 19, 0)
s = 168: (0, 140, 246, 87, 119, 143, 173, 150, 47, 14, 76, 84, 69, 268, 74, 82, 149, 37, 291, 98, 123, 111, 81, 76, 13, 41, 113, 45, 141, 174, 181, 143, 310, 103, 156, 374, 175, 24, 225, 89, 278, 139, 154, 102, 176, 96, 190, 158, 193, 57, 151, 168, 49, 237, 22, 54, 95, 51, 61, 170, 26, 0)
s = 169: (0, 95, 284, 163, 229, 137, 137, 150, 45, 23, 98, 86, 44, 253, 74, 53, 250, 55, 238, 147, 132, 101, 78, 113, 20, 23, 180, 51, 206, 179, 121, 172, 325, 95, 124, 285, 205, 32, 226, 85, 329, 80, 211, 168, 367, 145, 167, 135, 276, 85, 146, 175, 41, 172, 34, 53, 146, 34, 55, 194, 28, 0)
s = 170: (0, 172, 125, 74, 217, 82, 141, 164, 49, 19, 49, 96, 37, 202, 148, 68, 154, 23, 179, 120, 100, 122, 46, 134, 11, 14, 161, 46, 130, 191, 157, 158, 313, 94, 76, 198, 242, 52, 228, 56, 184, 120, 162, 105, 243, 102, 169, 262, 445, 50, 118, 247, 47, 175, 28, 53, 99, 63, 93, 168, 18, 0)
s = 171: (0, 108, 122, 69, 151, 116, 132, 156, 34, 25, 96, 123, 45, 238, 102, 86, 302, 31, 263, 153, 81, 85, 80, 125, 13, 34, 83, 33, 154, 139, 317, 176, 382, 77, 176, 264, 255, 30, 224, 77, 178, 94, 114, 76, 295, 97, 112, 243, 321, 90, 176, 223, 37, 131, 30, 38, 111, 30, 146, 119, 21, 0)
s = 172: (0, 97, 113, 99, 221, 63, 102, 180, 46, 29, 84, 81, 34, 123, 75, 87, 124, 21, 181, 121, 156, 82, 79, 96, 24, 21, 186, 34, 172, 220, 175, 107, 399, 92, 133, 280, 283, 28, 166, 88, 358, 82, 90, 75, 429, 75, 189, 173, 456, 82, 128, 156, 52, 245, 28, 42, 141, 32, 66, 152, 22, 0)
s = 173: (0, 90, 261, 90, 130, 99, 112, 176, 46, 26, 78, 80, 42, 331, 101, 105, 196, 23, 174, 130, 194, 101, 98, 79, 12, 40, 205, 43, 125, 225, 310, 180, 240, 83, 68, 302, 297, 25, 154, 101, 269, 96, 126, 89, 190, 116, 258, 197, 264, 126, 141, 299, 61, 124, 39, 85, 76, 51, 47, 100, 22, 0)
s = 174: (0, 85, 119, 70, 249, 71, 127, 263, 33, 11, 70, 100, 21, 304, 99, 73, 134, 22, 196, 165, 115, 139, 79, 55, 14, 27, 154, 37, 97, 123, 140, 143, 188, 83, 69, 177, 279, 21, 131, 61, 213, 81, 191, 91, 200, 135, 190, 201, 213, 98, 258, 264, 76, 199, 43, 56, 164, 54, 70, 194, 21, 0)
s = 175: (0, 91, 199, 144, 144, 72, 103, 122, 31, 24, 115, 124, 34, 261, 111, 66, 167, 25, 136, 114, 135, 107, 72, 74, 21, 36, 100, 50, 171, 173, 202, 220, 338, 65, 121, 192, 190, 25, 217, 78, 289, 97, 88, 85, 176, 97, 168, 207, 368, 119, 190, 140, 63, 170, 32, 66, 112, 52, 67, 131, 25, 0)
s = 176: (0, 77, 167, 80, 134, 61, 196, 220, 63, 22, 43, 76, 24, 274, 63, 74, 158, 22, 151, 142, 161, 153, 101, 87, 13, 32, 137, 48, 127, 149, 172, 164, 306, 75, 72, 246, 164, 23, 289, 99, 149, 131, 158, 92, 199, 70, 129, 219, 308, 70, 178, 136, 82, 230, 49, 38, 168, 43, 118, 194, 27, 0)
s = 177: (0, 187, 141, 180, 156, 104, 103, 158, 71, 13, 48, 99, 35, 144, 92, 117, 175, 40, 125, 174, 128, 128, 66, 85, 14, 29, 156, 43, 148, 161, 139, 147, 268, 93, 137, 267, 173, 20, 212, 88, 318, 193, 167, 72, 305, 78, 174, 205, 303, 104, 165, 200, 47, 234, 23, 52, 106, 33, 111, 122, 22, 0)
s = 178: (0, 95, 131, 107, 140, 65, 154, 110, 65, 21, 86, 90, 41, 300, 91, 60, 130, 39, 138, 114, 222, 158, 59, 89, 14, 29, 92, 32, 143, 274, 210, 211, 352, 151, 177, 282, 234, 19, 207, 97, 315, 135, 107, 77, 177, 106, 94, 148, 271, 101, 212, 192, 75, 174, 30, 52, 171, 40, 55, 241, 31, 0)
s = 179: (0, 126, 156, 86, 111, 114, 87, 214, 69, 18, 58, 104, 25, 210, 111, 76, 157, 64, 153, 170, 150, 164, 70, 87, 20, 22, 161, 45, 128, 181, 341, 175, 338, 132, 105, 194, 211, 24, 202, 145, 247, 125, 159, 160, 206, 156, 130, 117, 263, 82, 222, 140, 46, 229, 35, 41, 147, 52, 78, 113, 23, 0)
s = 180: (0, 98, 163, 91, 233, 56, 143, 159, 30, 14, 87, 134, 23, 282, 91, 107, 192, 31, 162, 124, 184, 79, 79, 96, 16, 38, 106, 42, 197, 150, 211, 163, 231, 146, 90, 142, 290, 26, 252, 64, 135, 121, 150, 135, 202, 102, 212, 129, 356, 128, 264, 173, 52, 222, 31, 52, 187, 64, 60, 138, 19, 0)
s = 181: (0, 81, 250, 171, 184, 169, 141, 208, 39, 14, 107, 138, 27, 208, 71, 146, 169, 42, 139, 251, 132, 92, 59, 77, 19, 46, 98, 46, 161, 167, 147, 192, 441, 96, 150, 231, 261, 34, 129, 69, 129, 87, 140, 180, 206, 140, 214, 197, 322, 43, 230, 224, 51, 125, 34, 50, 116, 27, 50, 98, 20, 0)
s = 182: (0, 133, 160, 88, 159, 104, 82, 213, 32, 24, 52, 116, 52, 238, 138, 60, 167, 33, 167, 141, 144, 165, 38, 101, 13, 18, 161, 43, 142, 182, 121, 177, 166, 102, 123, 300, 136, 23, 308, 149, 222, 129, 157, 107, 201, 83, 146, 138, 324, 84, 123, 132, 80, 206, 25, 49, 126, 36, 78, 229, 16, 0)
s = 183: (0, 83, 191, 110, 232, 63, 95, 267, 45, 16, 90, 56, 30, 206, 132, 47, 236, 38, 147, 116, 150, 197, 72, 90, 13, 27, 115, 41, 182, 139, 266, 107, 369, 105, 130, 316, 193, 18, 148, 70, 194, 189, 167, 162, 181, 96, 189, 156, 297, 75, 108, 140, 36, 152, 40, 35, 117, 28, 68, 106, 22, 0)
s = 184: (0, 125, 261, 94, 172, 95, 74, 209, 63, 16, 98, 90, 38, 140, 105, 55, 317, 50, 158, 150, 162, 187, 62, 113, 12, 16, 152, 45, 174, 201, 201, 240, 230, 70, 123, 121, 394, 35, 162, 94, 177, 136, 146, 74, 328, 95, 193, 376, 154, 74, 200, 166, 66, 162, 31, 42, 148, 55, 69, 132, 25, 0)
s = 185: (0, 107, 198, 103, 170, 72, 104, 147, 61, 22, 55, 78, 49, 215, 126, 101, 206, 59, 119, 214, 143, 79, 82, 124, 22, 29, 251, 38, 179, 260, 275, 196, 296, 93, 61, 334, 149, 24, 153, 105, 309, 174, 147, 91, 285, 93, 122, 158, 268, 123, 176, 213, 68, 173, 45, 36, 88, 66, 52, 120, 27, 0)
s = 186: (0, 138, 99, 119, 183, 143, 174, 171, 52, 28, 67, 72, 30, 296, 127, 70, 147, 22, 112, 203, 91, 160, 49, 77, 13, 34, 111, 39, 131, 138, 154, 147, 271, 61, 158, 368, 203, 40, 190, 143, 330, 114, 105, 88, 299, 170, 174, 159, 164, 68, 279, 166, 97, 149, 32, 29, 104, 44, 61, 128, 28, 0)
s = 187: (0, 84, 108, 84, 234, 72, 113, 241, 50, 14, 86, 81, 32, 238, 109, 74, 243, 27, 114, 251, 94, 137, 46, 61, 15, 24, 166, 31, 213, 145, 242, 241, 340, 74, 116, 268, 210, 16, 163, 110, 185, 131, 217, 106, 134, 164, 153, 154, 322, 41, 164, 289, 111, 163, 38, 29, 101, 30, 56, 111, 21, 0)
s = 188: (0, 83, 105, 155, 166, 100, 110, 99, 55, 20, 50, 83, 40, 223, 86, 118, 113, 36, 175, 178, 129, 106, 87, 103, 9, 33, 126, 45, 180, 211, 193, 189, 478, 115, 108, 197, 305, 38, 276, 94, 246, 154, 97, 76, 276, 146, 175, 174, 415, 70, 185, 168, 51, 197, 33, 54, 79, 28, 53, 202, 24, 0)
s = 189: (0, 124, 247, 140, 146, 86, 157, 115, 69, 12, 94, 129, 42, 193, 120, 101, 196, 32, 250, 164, 196, 184, 89, 75, 11, 21, 140, 45, 132, 137, 232, 170, 279, 67, 63, 346, 190, 25, 326, 134, 376, 104, 146, 96, 356, 146, 177, 198, 203, 65, 111, 211, 48, 190, 24, 42, 122, 57, 73, 143, 35, 0)
s = 190: (0, 118, 134, 92, 143, 78, 110, 201, 41, 16, 94, 63, 48, 162, 83, 93, 96, 28, 182, 134, 195, 134, 71, 84, 19, 23, 90, 33, 150, 127, 208, 277, 165, 96, 109, 251, 410, 34, 286, 63, 287, 158, 119, 122, 264, 102, 140, 243, 204, 63, 200, 135, 75, 191, 40, 41, 152, 37, 44, 128, 16, 0)
s = 191: (0, 69, 131, 111, 187, 58, 132, 119, 55, 11, 73, 82, 26, 181, 189, 98, 228, 24, 138, 119, 128, 160, 69, 60, 13, 20, 84, 47, 118, 167, 174, 118, 297, 117, 147, 157, 262, 19, 179, 72, 187, 134, 122, 109, 244, 95, 122, 130, 337, 59, 111, 227, 102, 194, 37, 52, 147, 47, 61, 94, 12, 0)
s = 192: (0, 82, 111, 66, 174, 93, 168, 274, 60, 21, 51, 67, 39, 146, 139, 97, 311, 30, 140, 100, 209, 128, 102, 51, 17, 36, 131, 55, 277, 216, 123, 161, 190, 70, 92, 141, 267, 25, 192, 160, 214, 79, 191, 111, 310, 75, 106, 220, 246, 46, 122, 119, 52, 216, 34, 48, 116, 30, 120, 163, 18, 0)
s = 193: (0, 142, 101, 67, 142, 83, 131, 232, 34, 25, 98, 77, 23, 243, 104, 108, 151, 33, 134, 105, 223, 133, 92, 75, 20, 19, 124, 54, 152, 207, 127, 122, 313, 171, 110, 229, 227, 24, 210, 94, 184, 95, 155, 109, 166, 111, 175, 188, 242, 103, 197, 355, 58, 200, 35, 27, 149, 31, 89, 118, 36, 0)
s = 194: (0, 88, 216, 98, 169, 96, 146, 142, 71, 17, 60, 76, 24, 227, 120, 78, 172, 27, 130, 167, 85, 132, 76, 74, 18, 34, 139, 39, 214, 213, 164, 135, 300, 81, 102, 239, 289, 20, 171, 99, 315, 104, 98, 79, 187, 124, 133, 146, 233, 41, 219, 207, 80, 139, 43, 27, 126, 24, 50, 177, 19, 0)
s = 195: (0, 86, 87, 86, 152, 109, 103, 251, 36, 19, 55, 92, 30, 160, 71, 69, 141, 35, 130, 166, 136, 80, 84, 69, 9, 21, 169, 50, 173, 171, 214, 198, 217, 64, 111, 280, 168, 28, 166, 125, 197, 136, 191, 88, 137, 65, 111, 233, 208, 65, 117, 119, 83, 127, 35, 71, 85, 41, 61, 123, 19, 0)
s = 196: (0, 80, 109, 74, 214, 88, 157, 162, 65, 22, 54, 95, 55, 259, 82, 67, 244, 21, 159, 177, 108, 82, 64, 165, 18, 45, 144, 52, 165, 206, 206, 114, 324, 87, 111, 324, 210, 29, 228, 93, 250, 153, 165, 98, 149, 169, 183, 125, 198, 59, 200, 221, 80, 222, 31, 64, 90, 33, 72, 169, 22, 0)
s = 197: (0, 88, 234, 129, 205, 146, 79, 166, 64, 15, 54, 118, 24, 359, 133, 80, 169, 35, 215, 134, 107, 120, 110, 49, 15, 32, 147, 67, 179, 205, 259, 220, 310, 96, 101, 131, 186, 23, 247, 124, 159, 162, 128, 108, 254, 198, 117, 185, 247, 55, 110, 147, 74, 138, 32, 57, 96, 45, 79, 120, 19, 0)
s = 198: (0, 158, 266, 105, 193, 156, 101, 163, 55, 17, 41, 95, 32, 223, 116, 90, 207, 36, 134, 246, 150, 127, 47, 79, 10, 17, 124, 62, 153, 135, 112, 128, 296, 80, 146, 316, 276, 15, 223, 67, 303, 91, 188, 98, 142, 114, 94, 283, 239, 85, 168, 222, 42, 232, 24, 35, 126, 32, 67, 169, 22, 0)
s = 199: (0, 149, 119, 75, 241, 79, 85, 163, 46, 30, 47, 176, 24, 266, 87, 89, 164, 35, 192, 162, 116, 102, 76, 125, 10, 27, 196, 46, 156, 304, 122, 182, 270, 59, 130, 177, 292, 37, 233, 126, 181, 103, 132, 70, 417, 121, 206, 267, 151, 64, 297, 145, 54, 192, 22, 46, 115, 41, 88, 133, 35, 0)
s = 200: (0, 92, 113, 169, 134, 89, 101, 139, 39, 12, 64, 107, 35, 335, 103, 46, 108, 20, 192, 143, 112, 199, 78, 82, 13, 21, 195, 39, 93, 223, 119, 207, 241, 60, 90, 286, 231, 19, 254, 94, 201, 78, 178, 117, 302, 180, 138, 121, 378, 68, 186, 131, 82, 273, 28, 48, 208, 28, 48, 184, 35, 0)
************************************************************************
ES/LS-VALUES:
jobnr.   ES(i)    LS(i)
------------------------------------------------------------------------
  0        0        0
  1        0       213
  2        0       275
  3        0       190
  4        9       200
  5       17       293
  6       25       217
  7       35       262
  8       35       240
  9       35       228
 10       38       244
 11       25       225
 12       25       299
 13       47       275
 14        6       220
 15       45       254
 16       36       230
 17        9       262
 18       49       244
 19       38       239
 20       52       288
 21        6       260
 22       20       313
 23       50       252
 24       52       262
 25       38       287
 26       64       267
 27       45       252
 28       45       298
 29       64       260
 30       49       257
 31       49       262
 32       71       301
 33       53       295
 34       68       277
 35       71       275
 36       61       275
 37       68       330
 38       36       297
 39       13       266
 40       79       289
 41       71       303
 42       53       264
 43       52       265
 44       92       303
 45       106       318
 46       63       275
 47       76       273
 48       83       315
 49       93       291
 50       86       294
 51       76       289
 52       98       297
 53       103       303
 54       106       321
 55       107       323
 56       101       310
 57       115       316
 58       114       327
 59       120       322
 60       99       332
 61       132       335
************************************************************************
BIG-M-VALUES:
M1 = 37, M2 = 530
************************************************************************
