************************************************************************
file with basedata            : mm14_.bas
initial value random generator: 1136747653
************************************************************************
projects                      :  1
jobs (incl. supersource/sink ):  12
horizon                       :  83
RESOURCES
  - renewable                 :  2   R
  - nonrenewable              :  2   N
  - doubly constrained        :  0   D
************************************************************************
PROJECT INFORMATION:
pronr.  #jobs rel.date duedate tardcost  MPM-Time
    1     10      0       19        5       19
************************************************************************
PRECEDENCE RELATIONS:
jobnr.    #modes  #successors   successors
   0        1          3           1   2   3
   1        3          3           4   6   8
   2        3          3           8   9  10
   3        3          1           5
   4        3          2           7  10
   5        3          1           8
   6        3          1           7
   7        3          1           9
   8        3          1          11
   9        3          1          11
  10        3          1          11
  11        1          0        
************************************************************************
REQUESTS/DURATIONS:
jobnr. mode duration  R 1  R 2  R 3  R 4  E(W 1)  E(W 2)  E(W 3)
------------------------------------------------------------------------
  0      1     0       0    0    0    0     0       0       0
  1      1     1       0    4   10    7     4      10       7
  2      1     6       7    0    8    7    42      48      42
  3      1     2       0   10    3    6    20       6      12
  4      1     7       0    7    4    8    49      28      56
  5      1     3       6    0   10    9    18      30      27
  6      1     6       5    0    5    9    30      30      54
  7      1     6       0    9    5    4    54      30      24
  8      1     2       0    9    7   10    18      14      20
  9      1     5       4    0    7    6    20      35      30
 10      1     3       7    0    5    7    21      15      21
 11      1     0       0    0    0    0     0       0       0
************************************************************************
RESOURCEAVAILABILITIES:
  R 1  R 2  R 3
   29   55   66
************************************************************************
RESOURCE LIMITS:
jobnr.  l(R 1)  u(R 1)  l(R 2)  u(R 2)  l(R 3)  u(R 3)
------------------------------------------------------------------------
  0        0       0       0       0       0       0
  1        2       4       5      10       4       7
  2        4       7       4       8       4       7
  3        5      10       2       3       3       6
  4        4       7       2       4       4       8
  5        3       6       5      10       5       9
  6        3       5       3       5       5       9
  7        5       9       3       5       2       4
  8        5       9       4       7       5      10
  9        2       4       4       7       3       6
 10        4       7       3       5       4       7
 11        0       0       0       0       0       0
************************************************************************
SCENARIOS:
------------------------------------------------------------------------
RESOURCE k = 1
s = 1: (0, 5, 66, 21, 40, 11, 22, 75, 12, 21, 20, 0)
s = 2: (0, 6, 72, 22, 51, 20, 33, 49, 17, 24, 18, 0)
s = 3: (0, 3, 36, 13, 48, 21, 33, 39, 32, 17, 26, 0)
s = 4: (0, 4, 46, 31, 69, 16, 35, 60, 25, 17, 32, 0)
s = 5: (0, 3, 51, 14, 64, 23, 23, 65, 19, 30, 16, 0)
s = 6: (0, 7, 33, 17, 33, 16, 24, 43, 22, 20, 24, 0)
s = 7: (0, 3, 46, 27, 35, 13, 25, 65, 21, 19, 19, 0)
s = 8: (0, 4, 37, 15, 61, 18, 31, 41, 13, 17, 15, 0)
s = 9: (0, 3, 53, 16, 59, 22, 41, 54, 20, 17, 13, 0)
s = 10: (0, 5, 55, 15, 29, 28, 47, 39, 20, 16, 30, 0)
s = 11: (0, 5, 30, 19, 41, 21, 38, 73, 15, 17, 15, 0)
s = 12: (0, 4, 62, 25, 37, 17, 17, 45, 15, 21, 17, 0)
s = 13: (0, 5, 48, 27, 44, 24, 26, 47, 12, 20, 17, 0)
s = 14: (0, 6, 27, 19, 48, 20, 24, 30, 24, 17, 30, 0)
s = 15: (0, 3, 50, 20, 79, 13, 27, 64, 21, 12, 22, 0)
s = 16: (0, 4, 38, 24, 54, 30, 18, 52, 12, 19, 13, 0)
s = 17: (0, 5, 35, 25, 34, 20, 33, 52, 26, 16, 31, 0)
s = 18: (0, 3, 48, 22, 35, 18, 17, 49, 13, 20, 21, 0)
s = 19: (0, 4, 50, 13, 68, 29, 25, 63, 25, 18, 21, 0)
s = 20: (0, 4, 42, 16, 33, 20, 33, 80, 26, 15, 32, 0)
s = 21: (0, 4, 57, 21, 56, 17, 36, 63, 18, 12, 15, 0)
s = 22: (0, 4, 65, 16, 52, 21, 16, 69, 15, 16, 14, 0)
s = 23: (0, 5, 59, 31, 62, 14, 23, 34, 15, 22, 19, 0)
s = 24: (0, 3, 31, 25, 57, 25, 28, 56, 18, 25, 13, 0)
s = 25: (0, 5, 45, 14, 50, 22, 43, 62, 16, 15, 19, 0)
s = 26: (0, 4, 56, 12, 38, 29, 36, 79, 17, 19, 20, 0)
s = 27: (0, 5, 36, 13, 52, 22, 21, 37, 16, 18, 25, 0)
s = 28: (0, 4, 70, 37, 46, 20, 25, 49, 31, 23, 20, 0)
s = 29: (0, 4, 41, 33, 44, 27, 19, 80, 18, 30, 37, 0)
s = 30: (0, 6, 27, 20, 53, 18, 29, 48, 14, 16, 21, 0)
s = 31: (0, 3, 37, 19, 30, 15, 32, 73, 23, 21, 14, 0)
s = 32: (0, 5, 51, 21, 75, 25, 44, 43, 31, 22, 23, 0)
s = 33: (0, 5, 30, 31, 28, 13, 31, 53, 23, 24, 12, 0)
s = 34: (0, 3, 37, 13, 39, 27, 28, 55, 17, 30, 30, 0)
s = 35: (0, 4, 59, 13, 48, 19, 22, 48, 12, 21, 16, 0)
s = 36: (0, 4, 45, 17, 26, 17, 24, 63, 21, 17, 18, 0)
s = 37: (0, 4, 55, 18, 34, 13, 32, 70, 21, 29, 17, 0)
s = 38: (0, 4, 27, 17, 49, 15, 44, 49, 19, 24, 16, 0)
s = 39: (0, 5, 44, 17, 47, 18, 34, 44, 13, 12, 32, 0)
s = 40: (0, 5, 49, 16, 50, 32, 27, 56, 19, 19, 25, 0)
s = 41: (0, 4, 35, 19, 33, 22, 23, 62, 20, 13, 23, 0)
s = 42: (0, 4, 51, 22, 52, 36, 43, 67, 19, 28, 32, 0)
s = 43: (0, 4, 24, 22, 36, 23, 36, 35, 13, 25, 35, 0)
s = 44: (0, 3, 34, 27, 65, 14, 26, 76, 19, 35, 22, 0)
s = 45: (0, 4, 31, 13, 45, 16, 31, 48, 15, 36, 23, 0)
s = 46: (0, 4, 33, 16, 53, 18, 36, 69, 17, 21, 24, 0)
s = 47: (0, 5, 50, 23, 32, 16, 28, 53, 15, 18, 27, 0)
s = 48: (0, 4, 27, 19, 32, 13, 39, 65, 23, 24, 21, 0)
s = 49: (0, 4, 39, 17, 46, 18, 42, 43, 15, 24, 16, 0)
s = 50: (0, 4, 26, 30, 29, 15, 19, 37, 14, 18, 25, 0)
s = 51: (0, 3, 33, 33, 36, 18, 19, 39, 11, 25, 30, 0)
s = 52: (0, 5, 30, 13, 56, 16, 36, 38, 17, 31, 25, 0)
s = 53: (0, 3, 42, 16, 52, 14, 19, 48, 12, 17, 14, 0)
s = 54: (0, 5, 37, 26, 42, 21, 21, 56, 15, 16, 18, 0)
s = 55: (0, 7, 67, 28, 33, 14, 26, 73, 14, 22, 18, 0)
s = 56: (0, 6, 37, 18, 55, 29, 29, 48, 18, 33, 17, 0)
s = 57: (0, 5, 26, 27, 34, 12, 28, 78, 20, 18, 22, 0)
s = 58: (0, 5, 66, 15, 44, 13, 37, 62, 23, 21, 15, 0)
s = 59: (0, 4, 48, 23, 68, 13, 22, 51, 27, 26, 23, 0)
s = 60: (0, 5, 35, 20, 64, 14, 21, 57, 18, 15, 22, 0)
s = 61: (0, 4, 33, 27, 73, 12, 45, 34, 17, 19, 12, 0)
s = 62: (0, 4, 26, 15, 35, 18, 32, 55, 13, 15, 24, 0)
s = 63: (0, 3, 62, 25, 43, 19, 22, 44, 21, 19, 20, 0)
s = 64: (0, 3, 44, 22, 30, 19, 23, 60, 16, 15, 28, 0)
s = 65: (0, 4, 38, 19, 62, 16, 25, 56, 16, 29, 29, 0)
s = 66: (0, 5, 35, 29, 41, 25, 29, 63, 18, 19, 15, 0)
s = 67: (0, 4, 42, 20, 66, 12, 20, 72, 27, 19, 20, 0)
s = 68: (0, 3, 39, 25, 48, 24, 25, 64, 16, 30, 32, 0)
s = 69: (0, 5, 41, 19, 47, 14, 20, 84, 15, 35, 22, 0)
s = 70: (0, 4, 33, 13, 33, 13, 27, 42, 24, 16, 16, 0)
s = 71: (0, 5, 45, 25, 62, 22, 36, 35, 16, 25, 28, 0)
s = 72: (0, 4, 62, 16, 59, 23, 26, 37, 26, 18, 17, 0)
s = 73: (0, 6, 53, 19, 46, 18, 34, 74, 20, 16, 16, 0)
s = 74: (0, 7, 49, 24, 75, 20, 44, 72, 17, 19, 22, 0)
s = 75: (0, 7, 35, 18, 29, 14, 29, 58, 14, 27, 16, 0)
s = 76: (0, 3, 54, 22, 30, 21, 29, 51, 20, 19, 16, 0)
s = 77: (0, 4, 75, 16, 29, 22, 29, 51, 14, 20, 30, 0)
s = 78: (0, 7, 25, 22, 44, 24, 43, 47, 14, 14, 16, 0)
s = 79: (0, 5, 43, 19, 39, 24, 29, 52, 13, 27, 20, 0)
s = 80: (0, 5, 60, 21, 45, 28, 34, 62, 21, 28, 14, 0)
s = 81: (0, 4, 30, 21, 67, 14, 31, 38, 14, 20, 26, 0)
s = 82: (0, 4, 48, 16, 51, 19, 29, 74, 16, 27, 16, 0)
s = 83: (0, 4, 41, 26, 76, 14, 29, 60, 22, 23, 14, 0)
s = 84: (0, 5, 35, 27, 61, 15, 29, 80, 15, 19, 20, 0)
s = 85: (0, 5, 50, 13, 47, 18, 41, 41, 18, 18, 30, 0)
s = 86: (0, 4, 39, 21, 32, 16, 39, 45, 18, 14, 18, 0)
s = 87: (0, 3, 32, 12, 34, 10, 17, 47, 19, 22, 23, 0)
s = 88: (0, 4, 24, 18, 69, 11, 26, 39, 11, 34, 16, 0)
s = 89: (0, 5, 29, 26, 37, 29, 36, 69, 18, 34, 30, 0)
s = 90: (0, 6, 57, 27, 43, 13, 47, 38, 14, 13, 13, 0)
s = 91: (0, 4, 51, 19, 40, 19, 26, 55, 21, 16, 16, 0)
s = 92: (0, 3, 43, 18, 38, 14, 23, 29, 15, 24, 34, 0)
s = 93: (0, 5, 37, 14, 80, 14, 36, 56, 10, 15, 13, 0)
s = 94: (0, 4, 54, 19, 32, 19, 33, 63, 29, 15, 16, 0)
s = 95: (0, 4, 27, 19, 42, 18, 25, 45, 12, 26, 14, 0)
s = 96: (0, 5, 48, 20, 33, 17, 20, 45, 16, 13, 22, 0)
s = 97: (0, 6, 53, 24, 60, 18, 37, 50, 23, 25, 17, 0)
s = 98: (0, 5, 45, 25, 74, 13, 19, 86, 17, 18, 21, 0)
s = 99: (0, 5, 46, 19, 65, 14, 17, 67, 21, 18, 29, 0)
s = 100: (0, 4, 53, 22, 50, 15, 38, 51, 12, 16, 30, 0)
s = 101: (0, 5, 35, 17, 52, 16, 41, 41, 16, 12, 13, 0)
s = 102: (0, 3, 46, 13, 42, 15, 31, 51, 24, 19, 31, 0)
s = 103: (0, 4, 43, 17, 34, 22, 39, 35, 14, 13, 23, 0)
s = 104: (0, 4, 34, 16, 39, 14, 33, 80, 14, 13, 27, 0)
s = 105: (0, 5, 35, 16, 36, 27, 37, 29, 16, 22, 28, 0)
s = 106: (0, 3, 34, 18, 75, 24, 44, 80, 20, 21, 16, 0)
s = 107: (0, 3, 44, 21, 35, 12, 30, 63, 13, 23, 15, 0)
s = 108: (0, 4, 61, 12, 46, 16, 42, 35, 11, 23, 21, 0)
s = 109: (0, 4, 63, 15, 33, 25, 28, 35, 18, 20, 20, 0)
s = 110: (0, 3, 41, 19, 45, 21, 26, 52, 24, 30, 13, 0)
s = 111: (0, 6, 47, 27, 64, 20, 48, 74, 24, 21, 14, 0)
s = 112: (0, 4, 61, 14, 60, 17, 42, 54, 15, 12, 25, 0)
s = 113: (0, 4, 48, 16, 42, 20, 39, 37, 18, 12, 15, 0)
s = 114: (0, 8, 34, 21, 86, 16, 17, 75, 17, 19, 26, 0)
s = 115: (0, 5, 61, 22, 68, 23, 18, 64, 17, 23, 30, 0)
s = 116: (0, 4, 37, 28, 54, 23, 33, 69, 12, 15, 26, 0)
s = 117: (0, 6, 43, 14, 45, 15, 41, 55, 17, 14, 24, 0)
s = 118: (0, 6, 59, 29, 33, 21, 31, 32, 20, 15, 27, 0)
s = 119: (0, 5, 47, 22, 44, 26, 19, 56, 11, 26, 28, 0)
s = 120: (0, 7, 49, 26, 71, 25, 27, 61, 15, 16, 22, 0)
s = 121: (0, 3, 49, 15, 56, 20, 23, 97, 18, 11, 19, 0)
s = 122: (0, 3, 32, 23, 46, 21, 28, 60, 19, 19, 13, 0)
s = 123: (0, 5, 49, 21, 58, 27, 24, 34, 16, 30, 30, 0)
s = 124: (0, 4, 61, 21, 48, 27, 39, 86, 22, 23, 26, 0)
s = 125: (0, 4, 38, 15, 47, 30, 22, 85, 23, 18, 23, 0)
s = 126: (0, 3, 47, 12, 49, 24, 27, 59, 22, 27, 12, 0)
s = 127: (0, 4, 25, 17, 66, 10, 36, 44, 19, 16, 22, 0)
s = 128: (0, 6, 63, 24, 42, 20, 25, 37, 13, 15, 17, 0)
s = 129: (0, 4, 43, 34, 72, 20, 28, 66, 21, 26, 17, 0)
s = 130: (0, 7, 40, 23, 34, 19, 34, 59, 27, 13, 20, 0)
s = 131: (0, 3, 42, 16, 71, 23, 43, 54, 14, 14, 22, 0)
s = 132: (0, 3, 32, 19, 50, 11, 33, 33, 19, 29, 25, 0)
s = 133: (0, 4, 64, 23, 34, 17, 31, 54, 18, 26, 25, 0)
s = 134: (0, 3, 46, 12, 27, 24, 24, 57, 29, 16, 25, 0)
s = 135: (0, 3, 42, 16, 42, 14, 27, 35, 18, 17, 23, 0)
s = 136: (0, 6, 47, 16, 47, 15, 35, 51, 16, 12, 37, 0)
s = 137: (0, 4, 27, 18, 41, 17, 21, 48, 10, 14, 27, 0)
s = 138: (0, 4, 49, 29, 28, 16, 37, 33, 23, 29, 18, 0)
s = 139: (0, 3, 70, 13, 54, 18, 29, 40, 19, 23, 13, 0)
s = 140: (0, 4, 27, 20, 31, 25, 24, 46, 22, 26, 22, 0)
s = 141: (0, 4, 22, 24, 43, 16, 29, 54, 10, 30, 15, 0)
s = 142: (0, 4, 32, 18, 61, 10, 44, 33, 21, 22, 18, 0)
s = 143: (0, 5, 30, 13, 47, 23, 34, 68, 11, 21, 24, 0)
s = 144: (0, 5, 46, 14, 33, 17, 20, 74, 19, 14, 29, 0)
s = 145: (0, 3, 34, 12, 44, 13, 25, 53, 11, 15, 21, 0)
s = 146: (0, 5, 23, 18, 33, 11, 36, 39, 24, 14, 30, 0)
s = 147: (0, 5, 35, 19, 40, 15, 38, 36, 15, 36, 14, 0)
s = 148: (0, 6, 39, 13, 62, 15, 23, 66, 25, 24, 12, 0)
s = 149: (0, 7, 48, 13, 41, 11, 40, 32, 15, 22, 31, 0)
s = 150: (0, 3, 25, 17, 39, 18, 23, 79, 18, 15, 24, 0)
s = 151: (0, 3, 38, 20, 62, 12, 24, 59, 33, 19, 13, 0)
s = 152: (0, 4, 31, 11, 44, 17, 22, 39, 15, 18, 17, 0)
s = 153: (0, 5, 26, 11, 42, 16, 22, 55, 17, 24, 14, 0)
s = 154: (0, 4, 25, 22, 61, 24, 32, 86, 23, 24, 19, 0)
s = 155: (0, 5, 48, 14, 52, 24, 33, 69, 14, 14, 29, 0)
s = 156: (0, 4, 40, 19, 56, 29, 25, 62, 21, 19, 31, 0)
s = 157: (0, 6, 26, 15, 46, 22, 49, 76, 16, 13, 18, 0)
s = 158: (0, 4, 36, 28, 36, 17, 26, 63, 24, 29, 20, 0)
s = 159: (0, 4, 33, 13, 52, 25, 42, 56, 21, 27, 19, 0)
s = 160: (0, 6, 41, 20, 64, 18, 27, 50, 18, 12, 13, 0)
s = 161: (0, 4, 56, 17, 55, 28, 22, 60, 18, 32, 26, 0)
s = 162: (0, 3, 36, 22, 61, 15, 41, 33, 14, 33, 15, 0)
s = 163: (0, 4, 46, 19, 53, 26, 45, 48, 14, 18, 14, 0)
s = 164: (0, 4, 41, 16, 86, 14, 21, 57, 16, 20, 23, 0)
s = 165: (0, 5, 39, 29, 33, 14, 30, 68, 27, 16, 25, 0)
s = 166: (0, 6, 53, 20, 35, 16, 32, 37, 21, 22, 24, 0)
s = 167: (0, 4, 37, 28, 51, 13, 32, 38, 18, 14, 20, 0)
s = 168: (0, 4, 40, 14, 39, 16, 45, 57, 16, 18, 23, 0)
s = 169: (0, 4, 72, 20, 38, 12, 18, 60, 16, 30, 24, 0)
s = 170: (0, 4, 24, 19, 51, 14, 19, 35, 12, 35, 18, 0)
s = 171: (0, 3, 58, 19, 40, 12, 29, 40, 18, 24, 35, 0)
s = 172: (0, 5, 48, 21, 47, 12, 41, 64, 10, 17, 22, 0)
s = 173: (0, 3, 50, 15, 44, 16, 29, 82, 19, 17, 20, 0)
s = 174: (0, 4, 51, 31, 61, 18, 34, 66, 16, 14, 20, 0)
s = 175: (0, 3, 40, 19, 42, 19, 31, 36, 26, 22, 32, 0)
s = 176: (0, 5, 64, 20, 37, 13, 29, 39, 17, 23, 19, 0)
s = 177: (0, 5, 58, 21, 40, 22, 45, 41, 13, 13, 17, 0)
s = 178: (0, 4, 51, 15, 41, 12, 36, 31, 18, 19, 24, 0)
s = 179: (0, 6, 29, 16, 52, 16, 24, 37, 19, 25, 25, 0)
s = 180: (0, 5, 38, 19, 41, 30, 27, 61, 22, 25, 18, 0)
s = 181: (0, 4, 31, 26, 60, 15, 30, 42, 22, 22, 15, 0)
s = 182: (0, 5, 25, 24, 36, 17, 39, 57, 28, 23, 18, 0)
s = 183: (0, 5, 44, 19, 52, 16, 28, 71, 20, 19, 17, 0)
s = 184: (0, 4, 44, 24, 40, 16, 54, 70, 17, 21, 20, 0)
s = 185: (0, 3, 34, 21, 56, 12, 30, 46, 16, 17, 19, 0)
s = 186: (0, 3, 76, 24, 67, 20, 30, 47, 15, 11, 12, 0)
s = 187: (0, 3, 24, 36, 32, 12, 25, 63, 17, 34, 19, 0)
s = 188: (0, 5, 39, 24, 53, 24, 38, 46, 23, 17, 14, 0)
s = 189: (0, 6, 54, 28, 42, 17, 20, 52, 15, 21, 29, 0)
s = 190: (0, 3, 41, 12, 41, 14, 26, 54, 15, 23, 20, 0)
s = 191: (0, 5, 33, 15, 52, 19, 34, 64, 35, 18, 29, 0)
s = 192: (0, 5, 38, 25, 44, 13, 25, 46, 16, 15, 14, 0)
s = 193: (0, 3, 57, 22, 54, 14, 28, 85, 17, 24, 15, 0)
s = 194: (0, 5, 51, 23, 44, 22, 37, 55, 17, 12, 25, 0)
s = 195: (0, 4, 52, 16, 34, 20, 22, 42, 32, 21, 24, 0)
s = 196: (0, 4, 27, 23, 35, 22, 21, 55, 19, 16, 17, 0)
s = 197: (0, 5, 51, 24, 35, 16, 30, 68, 16, 17, 14, 0)
s = 198: (0, 7, 35, 15, 51, 15, 18, 74, 10, 21, 20, 0)
s = 199: (0, 3, 47, 19, 48, 21, 31, 42, 17, 20, 26, 0)
s = 200: (0, 6, 28, 15, 57, 24, 30, 62, 10, 23, 19, 0)
------------------------------------------------------------------------
RESOURCE k = 2
s = 1: (0, 11, 76, 7, 23, 19, 22, 42, 10, 36, 14, 0)
s = 2: (0, 13, 82, 7, 29, 33, 33, 27, 14, 42, 13, 0)
s = 3: (0, 7, 42, 4, 28, 35, 33, 22, 25, 29, 19, 0)
s = 4: (0, 9, 53, 10, 40, 26, 35, 34, 20, 30, 23, 0)
s = 5: (0, 6, 58, 5, 37, 37, 23, 36, 15, 52, 11, 0)
s = 6: (0, 16, 37, 6, 19, 26, 24, 24, 17, 34, 17, 0)
s = 7: (0, 7, 53, 8, 20, 22, 25, 36, 16, 32, 14, 0)
s = 8: (0, 8, 42, 5, 35, 30, 31, 23, 10, 30, 11, 0)
s = 9: (0, 7, 61, 5, 34, 36, 41, 30, 16, 30, 10, 0)
s = 10: (0, 11, 63, 5, 17, 46, 47, 22, 16, 27, 21, 0)
s = 11: (0, 12, 34, 6, 24, 35, 38, 41, 11, 30, 11, 0)
s = 12: (0, 10, 71, 8, 21, 28, 17, 25, 12, 36, 12, 0)
s = 13: (0, 11, 55, 9, 26, 40, 26, 26, 9, 35, 12, 0)
s = 14: (0, 14, 30, 6, 28, 33, 24, 17, 19, 29, 22, 0)
s = 15: (0, 8, 57, 6, 45, 21, 27, 36, 16, 21, 16, 0)
s = 16: (0, 8, 43, 8, 31, 50, 18, 29, 9, 33, 10, 0)
s = 17: (0, 11, 40, 8, 20, 33, 33, 29, 20, 28, 22, 0)
s = 18: (0, 8, 55, 7, 20, 30, 17, 27, 10, 35, 15, 0)
s = 19: (0, 9, 57, 4, 39, 47, 25, 35, 20, 32, 15, 0)
s = 20: (0, 10, 48, 5, 19, 32, 33, 45, 21, 26, 23, 0)
s = 21: (0, 9, 65, 7, 32, 29, 36, 35, 14, 21, 11, 0)
s = 22: (0, 10, 74, 5, 30, 34, 16, 38, 12, 27, 10, 0)
s = 23: (0, 11, 68, 10, 36, 22, 23, 19, 12, 38, 14, 0)
s = 24: (0, 8, 35, 8, 33, 41, 28, 31, 14, 43, 10, 0)
s = 25: (0, 12, 52, 5, 29, 37, 43, 35, 12, 25, 14, 0)
s = 26: (0, 10, 64, 4, 22, 48, 36, 44, 14, 33, 15, 0)
s = 27: (0, 11, 41, 4, 30, 36, 21, 21, 13, 32, 18, 0)
s = 28: (0, 8, 80, 11, 27, 32, 25, 28, 24, 40, 15, 0)
s = 29: (0, 10, 47, 10, 25, 45, 19, 45, 14, 52, 27, 0)
s = 30: (0, 14, 31, 6, 31, 30, 29, 27, 11, 27, 15, 0)
s = 31: (0, 7, 42, 6, 17, 25, 32, 41, 18, 36, 10, 0)
s = 32: (0, 12, 58, 7, 43, 41, 44, 24, 24, 38, 16, 0)
s = 33: (0, 11, 34, 10, 16, 22, 31, 30, 18, 42, 9, 0)
s = 34: (0, 6, 42, 4, 22, 45, 28, 31, 13, 52, 22, 0)
s = 35: (0, 9, 67, 4, 28, 32, 22, 27, 10, 37, 12, 0)
s = 36: (0, 9, 51, 5, 15, 28, 24, 35, 17, 29, 13, 0)
s = 37: (0, 9, 63, 6, 20, 21, 32, 39, 17, 50, 12, 0)
s = 38: (0, 8, 30, 6, 28, 25, 44, 27, 15, 41, 11, 0)
s = 39: (0, 12, 50, 5, 27, 29, 34, 25, 10, 21, 23, 0)
s = 40: (0, 12, 56, 5, 29, 52, 27, 31, 15, 33, 18, 0)
s = 41: (0, 9, 40, 6, 19, 37, 23, 35, 16, 22, 17, 0)
s = 42: (0, 8, 59, 7, 30, 59, 43, 38, 15, 48, 23, 0)
s = 43: (0, 9, 27, 7, 21, 38, 36, 20, 10, 43, 25, 0)
s = 44: (0, 7, 39, 9, 37, 24, 26, 42, 15, 60, 16, 0)
s = 45: (0, 8, 36, 4, 26, 26, 31, 27, 12, 62, 17, 0)
s = 46: (0, 9, 38, 5, 30, 30, 36, 38, 13, 36, 17, 0)
s = 47: (0, 11, 57, 7, 19, 26, 28, 30, 12, 32, 19, 0)
s = 48: (0, 8, 31, 6, 19, 21, 39, 36, 18, 42, 15, 0)
s = 49: (0, 10, 45, 5, 27, 30, 42, 24, 12, 42, 12, 0)
s = 50: (0, 9, 30, 9, 17, 25, 19, 21, 11, 31, 18, 0)
s = 51: (0, 7, 37, 10, 21, 29, 19, 22, 9, 44, 22, 0)
s = 52: (0, 11, 34, 4, 32, 27, 36, 22, 13, 55, 18, 0)
s = 53: (0, 8, 47, 5, 30, 23, 19, 27, 9, 29, 10, 0)
s = 54: (0, 11, 42, 8, 24, 35, 21, 31, 12, 27, 13, 0)
s = 55: (0, 16, 76, 9, 19, 23, 26, 41, 11, 38, 13, 0)
s = 56: (0, 14, 42, 6, 32, 49, 29, 27, 14, 58, 12, 0)
s = 57: (0, 11, 29, 9, 19, 20, 28, 44, 15, 32, 16, 0)
s = 58: (0, 11, 75, 5, 25, 21, 37, 35, 18, 36, 11, 0)
s = 59: (0, 8, 55, 7, 39, 22, 22, 29, 21, 46, 16, 0)
s = 60: (0, 11, 40, 6, 37, 23, 21, 32, 14, 26, 16, 0)
s = 61: (0, 9, 38, 8, 42, 20, 45, 19, 13, 33, 9, 0)
s = 62: (0, 9, 30, 5, 20, 29, 32, 31, 10, 25, 17, 0)
s = 63: (0, 7, 71, 8, 25, 31, 22, 25, 16, 32, 14, 0)
s = 64: (0, 7, 51, 7, 17, 31, 23, 34, 13, 26, 20, 0)
s = 65: (0, 10, 43, 6, 35, 26, 25, 31, 13, 51, 21, 0)
s = 66: (0, 13, 40, 9, 24, 41, 29, 35, 14, 32, 11, 0)
s = 67: (0, 10, 48, 6, 38, 20, 20, 40, 21, 33, 14, 0)
s = 68: (0, 8, 44, 8, 27, 40, 25, 36, 12, 52, 23, 0)
s = 69: (0, 13, 46, 6, 27, 23, 20, 47, 11, 62, 16, 0)
s = 70: (0, 9, 38, 4, 19, 21, 27, 24, 19, 28, 12, 0)
s = 71: (0, 12, 52, 8, 36, 36, 36, 20, 12, 43, 20, 0)
s = 72: (0, 10, 71, 5, 34, 38, 26, 21, 20, 31, 12, 0)
s = 73: (0, 13, 61, 6, 27, 29, 34, 41, 16, 27, 12, 0)
s = 74: (0, 16, 56, 8, 43, 33, 44, 40, 13, 33, 16, 0)
s = 75: (0, 16, 40, 6, 17, 23, 29, 33, 11, 47, 11, 0)
s = 76: (0, 8, 62, 7, 17, 34, 29, 29, 16, 33, 12, 0)
s = 77: (0, 8, 86, 5, 17, 36, 29, 28, 11, 34, 21, 0)
s = 78: (0, 17, 29, 7, 26, 40, 43, 27, 11, 23, 11, 0)
s = 79: (0, 12, 49, 6, 22, 39, 29, 29, 10, 46, 15, 0)
s = 80: (0, 11, 68, 7, 26, 46, 34, 35, 16, 49, 10, 0)
s = 81: (0, 9, 35, 7, 38, 24, 31, 21, 11, 35, 19, 0)
s = 82: (0, 8, 54, 5, 29, 31, 29, 41, 13, 47, 12, 0)
s = 83: (0, 8, 46, 8, 43, 23, 29, 34, 17, 39, 10, 0)
s = 84: (0, 11, 40, 8, 35, 25, 29, 45, 12, 32, 14, 0)
s = 85: (0, 12, 57, 4, 27, 29, 41, 23, 14, 31, 22, 0)
s = 86: (0, 10, 44, 7, 19, 26, 39, 25, 14, 24, 13, 0)
s = 87: (0, 6, 36, 4, 20, 17, 17, 26, 15, 38, 17, 0)
s = 88: (0, 10, 27, 6, 40, 18, 26, 22, 9, 60, 12, 0)
s = 89: (0, 13, 33, 8, 21, 49, 36, 38, 14, 60, 21, 0)
s = 90: (0, 13, 66, 9, 25, 22, 47, 21, 11, 22, 10, 0)
s = 91: (0, 9, 58, 6, 23, 31, 26, 31, 16, 27, 12, 0)
s = 92: (0, 7, 49, 6, 22, 23, 23, 16, 11, 42, 24, 0)
s = 93: (0, 12, 43, 4, 46, 24, 36, 31, 8, 27, 9, 0)
s = 94: (0, 9, 61, 6, 18, 31, 33, 35, 23, 26, 12, 0)
s = 95: (0, 8, 31, 6, 24, 30, 25, 25, 9, 45, 10, 0)
s = 96: (0, 11, 55, 6, 19, 28, 20, 25, 12, 22, 16, 0)
s = 97: (0, 14, 60, 8, 35, 29, 37, 28, 18, 43, 13, 0)
s = 98: (0, 11, 51, 8, 42, 21, 19, 48, 14, 32, 15, 0)
s = 99: (0, 11, 52, 6, 38, 23, 17, 38, 17, 31, 21, 0)
s = 100: (0, 8, 60, 7, 29, 25, 38, 29, 9, 28, 21, 0)
s = 101: (0, 12, 40, 6, 30, 26, 41, 23, 12, 20, 9, 0)
s = 102: (0, 7, 53, 4, 24, 25, 31, 28, 18, 33, 22, 0)
s = 103: (0, 9, 49, 5, 20, 36, 39, 20, 11, 23, 17, 0)
s = 104: (0, 9, 39, 5, 22, 23, 33, 44, 11, 23, 19, 0)
s = 105: (0, 13, 39, 5, 21, 44, 37, 16, 13, 38, 20, 0)
s = 106: (0, 8, 39, 6, 43, 40, 44, 45, 16, 36, 12, 0)
s = 107: (0, 7, 50, 7, 20, 20, 30, 35, 10, 40, 11, 0)
s = 108: (0, 9, 69, 4, 26, 26, 42, 20, 8, 40, 15, 0)
s = 109: (0, 9, 72, 5, 19, 41, 28, 20, 14, 34, 14, 0)
s = 110: (0, 8, 46, 6, 26, 34, 26, 29, 19, 52, 9, 0)
s = 111: (0, 15, 54, 9, 37, 33, 48, 41, 19, 37, 10, 0)
s = 112: (0, 9, 70, 5, 35, 28, 42, 30, 12, 21, 18, 0)
s = 113: (0, 9, 55, 5, 24, 33, 39, 21, 14, 21, 11, 0)
s = 114: (0, 19, 39, 7, 49, 26, 17, 42, 14, 33, 18, 0)
s = 115: (0, 12, 70, 7, 39, 39, 18, 36, 13, 40, 22, 0)
s = 116: (0, 8, 42, 9, 31, 39, 33, 39, 9, 26, 19, 0)
s = 117: (0, 13, 49, 5, 26, 24, 41, 31, 13, 25, 17, 0)
s = 118: (0, 14, 67, 9, 19, 35, 31, 18, 16, 26, 19, 0)
s = 119: (0, 13, 54, 7, 25, 43, 19, 31, 9, 44, 20, 0)
s = 120: (0, 16, 56, 8, 41, 41, 27, 34, 12, 28, 16, 0)
s = 121: (0, 6, 56, 5, 32, 33, 23, 54, 14, 20, 14, 0)
s = 122: (0, 8, 37, 7, 26, 35, 28, 33, 15, 32, 10, 0)
s = 123: (0, 11, 56, 7, 33, 44, 24, 19, 12, 53, 21, 0)
s = 124: (0, 8, 69, 7, 28, 44, 39, 48, 17, 39, 19, 0)
s = 125: (0, 10, 44, 5, 27, 50, 22, 48, 18, 32, 17, 0)
s = 126: (0, 7, 53, 4, 28, 40, 27, 33, 18, 47, 9, 0)
s = 127: (0, 9, 28, 5, 38, 17, 36, 25, 15, 28, 16, 0)
s = 128: (0, 14, 72, 8, 24, 34, 25, 21, 10, 26, 12, 0)
s = 129: (0, 10, 49, 10, 42, 33, 28, 37, 16, 45, 12, 0)
s = 130: (0, 18, 46, 7, 20, 31, 34, 33, 21, 22, 15, 0)
s = 131: (0, 7, 48, 5, 41, 38, 43, 30, 11, 24, 16, 0)
s = 132: (0, 7, 36, 6, 29, 17, 33, 19, 15, 51, 18, 0)
s = 133: (0, 8, 73, 7, 20, 28, 31, 30, 14, 46, 18, 0)
s = 134: (0, 8, 52, 4, 16, 40, 24, 32, 23, 27, 18, 0)
s = 135: (0, 7, 48, 5, 24, 23, 27, 20, 14, 29, 17, 0)
s = 136: (0, 15, 53, 5, 27, 25, 35, 29, 13, 20, 26, 0)
s = 137: (0, 9, 31, 6, 24, 28, 21, 27, 8, 24, 20, 0)
s = 138: (0, 9, 55, 9, 16, 27, 37, 18, 18, 51, 13, 0)
s = 139: (0, 8, 80, 4, 31, 29, 29, 22, 15, 40, 10, 0)
s = 140: (0, 10, 30, 6, 18, 41, 24, 26, 18, 46, 16, 0)
s = 141: (0, 9, 25, 8, 25, 26, 29, 30, 8, 52, 11, 0)
s = 142: (0, 9, 37, 6, 35, 17, 44, 18, 17, 38, 13, 0)
s = 143: (0, 12, 34, 4, 27, 38, 34, 38, 9, 37, 17, 0)
s = 144: (0, 11, 52, 5, 19, 28, 20, 41, 15, 24, 21, 0)
s = 145: (0, 8, 39, 4, 25, 21, 25, 29, 9, 25, 15, 0)
s = 146: (0, 12, 26, 6, 19, 18, 36, 22, 19, 25, 22, 0)
s = 147: (0, 11, 40, 6, 23, 25, 38, 20, 12, 62, 10, 0)
s = 148: (0, 15, 44, 4, 35, 25, 23, 37, 20, 41, 8, 0)
s = 149: (0, 16, 54, 4, 24, 18, 40, 18, 12, 38, 22, 0)
s = 150: (0, 6, 29, 5, 22, 30, 23, 44, 14, 26, 17, 0)
s = 151: (0, 6, 43, 6, 36, 19, 24, 33, 26, 33, 10, 0)
s = 152: (0, 9, 35, 4, 25, 28, 22, 22, 12, 30, 13, 0)
s = 153: (0, 12, 29, 4, 24, 27, 22, 31, 13, 41, 10, 0)
s = 154: (0, 10, 28, 7, 35, 40, 32, 48, 18, 42, 14, 0)
s = 155: (0, 11, 55, 4, 30, 39, 33, 39, 11, 25, 21, 0)
s = 156: (0, 9, 46, 6, 32, 48, 25, 35, 16, 32, 22, 0)
s = 157: (0, 13, 30, 5, 26, 37, 49, 43, 12, 22, 13, 0)
s = 158: (0, 8, 41, 9, 21, 29, 26, 35, 19, 50, 15, 0)
s = 159: (0, 9, 37, 4, 30, 41, 42, 32, 16, 47, 14, 0)
s = 160: (0, 13, 47, 6, 37, 30, 27, 28, 14, 21, 10, 0)
s = 161: (0, 10, 64, 5, 31, 47, 22, 33, 14, 55, 19, 0)
s = 162: (0, 6, 41, 7, 35, 25, 41, 18, 11, 58, 11, 0)
s = 163: (0, 9, 52, 6, 31, 43, 45, 27, 11, 31, 10, 0)
s = 164: (0, 10, 47, 5, 49, 22, 21, 32, 12, 35, 16, 0)
s = 165: (0, 12, 44, 9, 19, 24, 30, 38, 21, 28, 18, 0)
s = 166: (0, 14, 61, 6, 20, 27, 32, 21, 16, 38, 17, 0)
s = 167: (0, 10, 42, 9, 29, 21, 32, 21, 14, 24, 15, 0)
s = 168: (0, 10, 46, 5, 23, 26, 45, 32, 13, 31, 16, 0)
s = 169: (0, 8, 82, 6, 22, 19, 18, 33, 13, 52, 17, 0)
s = 170: (0, 8, 27, 6, 29, 24, 19, 20, 9, 60, 13, 0)
s = 171: (0, 6, 67, 6, 23, 20, 29, 22, 14, 42, 25, 0)
s = 172: (0, 11, 55, 7, 27, 20, 41, 36, 8, 29, 16, 0)
s = 173: (0, 7, 57, 5, 25, 26, 29, 46, 15, 30, 14, 0)
s = 174: (0, 10, 58, 10, 35, 29, 34, 37, 12, 24, 14, 0)
s = 175: (0, 6, 46, 6, 24, 32, 31, 20, 20, 38, 23, 0)
s = 176: (0, 11, 74, 6, 21, 21, 29, 22, 13, 39, 14, 0)
s = 177: (0, 12, 66, 7, 23, 36, 45, 23, 10, 22, 13, 0)
s = 178: (0, 10, 58, 5, 23, 20, 36, 17, 14, 33, 17, 0)
s = 179: (0, 15, 33, 5, 30, 27, 24, 21, 15, 43, 18, 0)
s = 180: (0, 12, 43, 6, 24, 49, 27, 34, 17, 43, 13, 0)
s = 181: (0, 9, 35, 8, 35, 24, 30, 23, 17, 38, 11, 0)
s = 182: (0, 12, 28, 8, 21, 27, 39, 32, 22, 40, 13, 0)
s = 183: (0, 12, 50, 6, 30, 26, 28, 40, 16, 33, 12, 0)
s = 184: (0, 9, 51, 8, 23, 26, 54, 39, 13, 36, 15, 0)
s = 185: (0, 8, 38, 7, 32, 20, 30, 26, 13, 30, 13, 0)
s = 186: (0, 8, 87, 7, 39, 33, 30, 26, 12, 20, 9, 0)
s = 187: (0, 8, 28, 11, 19, 19, 25, 35, 14, 60, 14, 0)
s = 188: (0, 11, 44, 7, 31, 40, 38, 26, 18, 29, 10, 0)
s = 189: (0, 15, 62, 9, 24, 28, 20, 29, 12, 37, 21, 0)
s = 190: (0, 7, 46, 4, 23, 23, 26, 30, 12, 39, 15, 0)
s = 191: (0, 11, 38, 5, 30, 31, 34, 36, 27, 32, 21, 0)
s = 192: (0, 12, 43, 8, 25, 22, 25, 26, 13, 25, 10, 0)
s = 193: (0, 7, 65, 7, 31, 23, 28, 47, 14, 42, 11, 0)
s = 194: (0, 13, 58, 7, 25, 37, 37, 31, 13, 20, 18, 0)
s = 195: (0, 10, 59, 5, 19, 33, 22, 24, 25, 36, 17, 0)
s = 196: (0, 8, 30, 7, 20, 36, 21, 31, 15, 27, 12, 0)
s = 197: (0, 11, 58, 8, 20, 26, 30, 38, 12, 30, 10, 0)
s = 198: (0, 17, 40, 5, 29, 24, 18, 42, 8, 37, 14, 0)
s = 199: (0, 7, 54, 6, 28, 35, 31, 24, 13, 35, 19, 0)
s = 200: (0, 14, 32, 5, 33, 39, 30, 34, 8, 40, 14, 0)
------------------------------------------------------------------------
RESOURCE k = 3
s = 1: (0, 8, 66, 13, 46, 17, 39, 34, 14, 31, 20, 0)
s = 2: (0, 10, 72, 13, 58, 30, 60, 22, 19, 36, 18, 0)
s = 3: (0, 5, 36, 8, 55, 32, 59, 18, 36, 25, 26, 0)
s = 4: (0, 6, 46, 19, 79, 23, 62, 27, 28, 26, 32, 0)
s = 5: (0, 5, 51, 9, 73, 34, 42, 29, 21, 44, 16, 0)
s = 6: (0, 11, 33, 11, 37, 24, 42, 20, 25, 29, 24, 0)
s = 7: (0, 5, 46, 16, 40, 20, 44, 29, 23, 28, 19, 0)
s = 8: (0, 6, 37, 9, 70, 27, 55, 19, 14, 26, 15, 0)
s = 9: (0, 5, 53, 10, 68, 32, 73, 24, 22, 26, 13, 0)
s = 10: (0, 8, 55, 9, 33, 41, 83, 18, 22, 23, 30, 0)
s = 11: (0, 9, 30, 11, 47, 31, 69, 33, 16, 26, 15, 0)
s = 12: (0, 7, 62, 15, 42, 25, 30, 20, 17, 31, 17, 0)
s = 13: (0, 8, 48, 17, 51, 36, 46, 21, 13, 30, 17, 0)
s = 14: (0, 10, 27, 11, 55, 29, 43, 14, 26, 25, 30, 0)
s = 15: (0, 5, 50, 12, 90, 19, 48, 29, 23, 18, 22, 0)
s = 16: (0, 6, 38, 15, 61, 45, 32, 24, 13, 28, 13, 0)
s = 17: (0, 8, 35, 15, 39, 30, 60, 23, 29, 24, 31, 0)
s = 18: (0, 6, 48, 13, 39, 27, 31, 22, 14, 30, 21, 0)
s = 19: (0, 7, 50, 8, 77, 43, 44, 28, 28, 27, 21, 0)
s = 20: (0, 7, 42, 10, 37, 29, 59, 36, 29, 22, 32, 0)
s = 21: (0, 7, 57, 13, 64, 26, 65, 28, 20, 18, 15, 0)
s = 22: (0, 7, 65, 10, 59, 31, 28, 31, 16, 23, 14, 0)
s = 23: (0, 8, 59, 19, 71, 20, 40, 15, 17, 33, 19, 0)
s = 24: (0, 5, 31, 15, 65, 37, 49, 25, 20, 37, 13, 0)
s = 25: (0, 8, 45, 9, 57, 33, 76, 28, 17, 22, 19, 0)
s = 26: (0, 7, 56, 7, 43, 44, 64, 35, 19, 28, 20, 0)
s = 27: (0, 8, 36, 8, 59, 32, 37, 17, 18, 27, 25, 0)
s = 28: (0, 6, 70, 22, 53, 29, 45, 22, 34, 34, 20, 0)
s = 29: (0, 7, 41, 20, 50, 41, 34, 36, 20, 44, 37, 0)
s = 30: (0, 10, 27, 12, 61, 27, 51, 22, 15, 23, 21, 0)
s = 31: (0, 5, 37, 11, 34, 23, 57, 33, 25, 31, 14, 0)
s = 32: (0, 9, 51, 13, 86, 37, 79, 19, 34, 33, 23, 0)
s = 33: (0, 8, 30, 19, 32, 20, 56, 24, 26, 36, 12, 0)
s = 34: (0, 4, 37, 8, 44, 40, 50, 25, 19, 45, 30, 0)
s = 35: (0, 7, 59, 8, 55, 29, 40, 22, 13, 32, 16, 0)
s = 36: (0, 7, 45, 10, 30, 25, 42, 28, 24, 25, 18, 0)
s = 37: (0, 6, 55, 11, 39, 19, 57, 31, 23, 43, 17, 0)
s = 38: (0, 6, 27, 11, 55, 23, 79, 22, 21, 35, 16, 0)
s = 39: (0, 9, 44, 10, 54, 26, 61, 20, 14, 18, 32, 0)
s = 40: (0, 8, 49, 10, 57, 47, 48, 25, 21, 29, 25, 0)
s = 41: (0, 7, 35, 11, 38, 33, 41, 28, 23, 19, 23, 0)
s = 42: (0, 6, 51, 13, 60, 54, 77, 30, 22, 42, 32, 0)
s = 43: (0, 6, 24, 14, 41, 35, 64, 16, 14, 37, 35, 0)
s = 44: (0, 5, 34, 17, 74, 21, 47, 34, 21, 52, 22, 0)
s = 45: (0, 6, 31, 8, 51, 24, 55, 22, 17, 53, 23, 0)
s = 46: (0, 7, 33, 10, 60, 27, 65, 31, 19, 31, 24, 0)
s = 47: (0, 8, 50, 14, 37, 24, 50, 24, 16, 27, 27, 0)
s = 48: (0, 6, 27, 11, 37, 19, 69, 29, 26, 36, 21, 0)
s = 49: (0, 7, 39, 10, 53, 27, 75, 20, 17, 36, 16, 0)
s = 50: (0, 6, 26, 18, 33, 23, 34, 17, 16, 27, 25, 0)
s = 51: (0, 5, 33, 20, 41, 26, 33, 17, 12, 38, 30, 0)
s = 52: (0, 8, 30, 8, 64, 24, 65, 17, 18, 47, 25, 0)
s = 53: (0, 5, 42, 10, 59, 21, 34, 22, 13, 25, 14, 0)
s = 54: (0, 8, 37, 16, 48, 32, 37, 25, 17, 23, 18, 0)
s = 55: (0, 11, 67, 17, 37, 21, 47, 33, 15, 33, 18, 0)
s = 56: (0, 10, 37, 11, 63, 44, 52, 22, 19, 50, 17, 0)
s = 57: (0, 8, 26, 17, 38, 18, 50, 35, 22, 27, 22, 0)
s = 58: (0, 8, 66, 9, 50, 19, 67, 28, 26, 31, 15, 0)
s = 59: (0, 6, 48, 14, 78, 20, 40, 23, 30, 39, 23, 0)
s = 60: (0, 8, 35, 12, 73, 21, 37, 25, 20, 22, 22, 0)
s = 61: (0, 6, 33, 16, 84, 18, 81, 16, 19, 28, 12, 0)
s = 62: (0, 6, 26, 9, 40, 27, 57, 25, 14, 22, 24, 0)
s = 63: (0, 5, 62, 15, 49, 28, 38, 20, 23, 28, 20, 0)
s = 64: (0, 5, 44, 13, 34, 28, 40, 27, 18, 22, 28, 0)
s = 65: (0, 7, 38, 12, 70, 24, 45, 25, 18, 44, 29, 0)
s = 66: (0, 9, 35, 18, 47, 37, 52, 28, 20, 28, 15, 0)
s = 67: (0, 7, 42, 12, 75, 18, 35, 32, 30, 28, 20, 0)
s = 68: (0, 5, 39, 15, 54, 36, 44, 29, 17, 45, 32, 0)
s = 69: (0, 9, 41, 11, 54, 20, 36, 38, 16, 53, 22, 0)
s = 70: (0, 6, 33, 8, 38, 19, 49, 19, 26, 24, 16, 0)
s = 71: (0, 9, 45, 15, 71, 32, 64, 16, 17, 37, 28, 0)
s = 72: (0, 7, 62, 10, 67, 34, 46, 17, 29, 27, 17, 0)
s = 73: (0, 9, 53, 12, 53, 26, 60, 33, 22, 23, 16, 0)
s = 74: (0, 11, 49, 15, 85, 30, 78, 32, 19, 29, 22, 0)
s = 75: (0, 12, 35, 11, 33, 21, 52, 26, 15, 41, 16, 0)
s = 76: (0, 6, 54, 13, 34, 31, 52, 23, 22, 28, 16, 0)
s = 77: (0, 6, 75, 10, 33, 32, 51, 23, 16, 29, 30, 0)
s = 78: (0, 12, 25, 13, 51, 36, 77, 21, 15, 20, 16, 0)
s = 79: (0, 9, 43, 12, 44, 35, 53, 23, 14, 40, 20, 0)
s = 80: (0, 8, 60, 13, 52, 41, 60, 28, 23, 42, 14, 0)
s = 81: (0, 6, 30, 13, 76, 21, 55, 17, 16, 30, 26, 0)
s = 82: (0, 6, 48, 10, 58, 28, 51, 33, 18, 40, 16, 0)
s = 83: (0, 6, 41, 16, 86, 21, 53, 27, 24, 34, 14, 0)
s = 84: (0, 8, 35, 16, 69, 22, 52, 36, 17, 28, 20, 0)
s = 85: (0, 8, 50, 8, 53, 26, 73, 18, 19, 26, 30, 0)
s = 86: (0, 7, 39, 13, 37, 23, 69, 20, 19, 21, 18, 0)
s = 87: (0, 5, 32, 7, 39, 15, 30, 21, 21, 32, 23, 0)
s = 88: (0, 7, 24, 11, 79, 16, 47, 17, 13, 51, 16, 0)
s = 89: (0, 9, 29, 16, 42, 44, 64, 31, 20, 51, 30, 0)
s = 90: (0, 9, 57, 17, 49, 20, 84, 17, 15, 19, 13, 0)
s = 91: (0, 7, 51, 12, 46, 28, 46, 25, 23, 23, 16, 0)
s = 92: (0, 5, 43, 11, 43, 20, 41, 13, 16, 36, 34, 0)
s = 93: (0, 8, 37, 8, 91, 21, 65, 25, 11, 23, 13, 0)
s = 94: (0, 6, 54, 11, 36, 28, 60, 28, 32, 22, 16, 0)
s = 95: (0, 6, 27, 11, 48, 27, 44, 20, 13, 39, 14, 0)
s = 96: (0, 8, 48, 12, 38, 25, 35, 20, 17, 19, 22, 0)
s = 97: (0, 10, 53, 15, 69, 26, 66, 22, 25, 37, 17, 0)
s = 98: (0, 8, 45, 15, 84, 19, 34, 39, 19, 27, 21, 0)
s = 99: (0, 8, 46, 12, 75, 21, 29, 30, 24, 27, 29, 0)
s = 100: (0, 6, 53, 13, 57, 23, 67, 23, 13, 24, 30, 0)
s = 101: (0, 9, 35, 11, 60, 23, 74, 18, 18, 18, 13, 0)
s = 102: (0, 5, 46, 8, 48, 22, 56, 23, 26, 28, 31, 0)
s = 103: (0, 6, 43, 10, 39, 32, 69, 16, 15, 20, 23, 0)
s = 104: (0, 7, 34, 10, 44, 20, 59, 36, 15, 20, 27, 0)
s = 105: (0, 9, 35, 10, 42, 40, 67, 13, 18, 33, 28, 0)
s = 106: (0, 6, 34, 11, 85, 36, 79, 36, 22, 31, 16, 0)
s = 107: (0, 5, 44, 13, 40, 18, 53, 28, 15, 35, 15, 0)
s = 108: (0, 7, 61, 7, 52, 23, 75, 16, 12, 34, 21, 0)
s = 109: (0, 6, 63, 9, 37, 37, 50, 16, 20, 29, 20, 0)
s = 110: (0, 6, 41, 12, 51, 31, 47, 23, 27, 45, 13, 0)
s = 111: (0, 10, 47, 17, 73, 30, 87, 33, 27, 32, 14, 0)
s = 112: (0, 6, 61, 9, 69, 25, 74, 24, 16, 18, 25, 0)
s = 113: (0, 6, 48, 10, 48, 30, 70, 17, 19, 18, 15, 0)
s = 114: (0, 13, 34, 13, 98, 24, 30, 33, 19, 28, 26, 0)
s = 115: (0, 8, 61, 13, 77, 35, 33, 29, 18, 34, 30, 0)
s = 116: (0, 6, 37, 17, 62, 35, 60, 31, 13, 22, 26, 0)
s = 117: (0, 9, 43, 9, 51, 22, 74, 25, 19, 21, 24, 0)
s = 118: (0, 10, 59, 18, 38, 32, 56, 15, 23, 22, 27, 0)
s = 119: (0, 9, 47, 13, 50, 38, 34, 25, 12, 38, 28, 0)
s = 120: (0, 11, 49, 16, 81, 37, 48, 27, 17, 24, 22, 0)
s = 121: (0, 4, 49, 9, 64, 30, 41, 44, 20, 17, 19, 0)
s = 122: (0, 6, 32, 14, 52, 32, 51, 27, 21, 28, 13, 0)
s = 123: (0, 8, 49, 13, 66, 40, 43, 15, 17, 45, 30, 0)
s = 124: (0, 6, 61, 13, 55, 40, 69, 38, 25, 34, 26, 0)
s = 125: (0, 7, 38, 9, 54, 45, 39, 38, 25, 27, 23, 0)
s = 126: (0, 5, 47, 7, 55, 36, 48, 26, 25, 40, 12, 0)
s = 127: (0, 7, 25, 10, 75, 15, 64, 20, 21, 24, 22, 0)
s = 128: (0, 10, 63, 15, 48, 30, 45, 17, 14, 22, 17, 0)
s = 129: (0, 7, 43, 20, 83, 29, 50, 30, 23, 38, 17, 0)
s = 130: (0, 12, 40, 14, 39, 28, 60, 27, 30, 19, 20, 0)
s = 131: (0, 5, 42, 10, 81, 34, 77, 24, 16, 21, 22, 0)
s = 132: (0, 5, 32, 12, 57, 16, 59, 15, 21, 44, 25, 0)
s = 133: (0, 6, 64, 14, 39, 25, 56, 24, 20, 39, 25, 0)
s = 134: (0, 6, 46, 8, 31, 36, 42, 26, 33, 24, 25, 0)
s = 135: (0, 5, 42, 10, 48, 20, 48, 16, 19, 25, 23, 0)
s = 136: (0, 11, 47, 10, 53, 23, 63, 23, 18, 17, 37, 0)
s = 137: (0, 7, 27, 11, 47, 25, 37, 22, 11, 21, 27, 0)
s = 138: (0, 7, 49, 17, 32, 24, 66, 15, 25, 44, 18, 0)
s = 139: (0, 6, 70, 8, 61, 26, 52, 18, 21, 34, 13, 0)
s = 140: (0, 7, 27, 12, 35, 37, 43, 21, 25, 39, 22, 0)
s = 141: (0, 7, 22, 15, 49, 23, 52, 24, 11, 45, 15, 0)
s = 142: (0, 6, 32, 11, 70, 15, 79, 15, 24, 33, 18, 0)
s = 143: (0, 8, 30, 8, 54, 34, 60, 31, 13, 32, 24, 0)
s = 144: (0, 8, 46, 9, 38, 25, 36, 33, 21, 20, 29, 0)
s = 145: (0, 6, 34, 7, 50, 19, 44, 24, 12, 22, 21, 0)
s = 146: (0, 8, 23, 11, 37, 16, 64, 18, 27, 21, 30, 0)
s = 147: (0, 8, 35, 11, 45, 23, 68, 16, 16, 53, 14, 0)
s = 148: (0, 10, 39, 8, 70, 22, 40, 30, 28, 35, 12, 0)
s = 149: (0, 11, 48, 8, 47, 16, 71, 15, 16, 33, 31, 0)
s = 150: (0, 4, 25, 10, 44, 27, 41, 36, 20, 23, 24, 0)
s = 151: (0, 4, 38, 12, 71, 17, 42, 27, 37, 29, 13, 0)
s = 152: (0, 7, 31, 7, 50, 25, 38, 17, 16, 26, 17, 0)
s = 153: (0, 9, 26, 7, 47, 24, 40, 25, 19, 36, 14, 0)
s = 154: (0, 7, 25, 13, 69, 36, 58, 38, 26, 36, 19, 0)
s = 155: (0, 8, 48, 8, 59, 35, 60, 31, 15, 21, 29, 0)
s = 156: (0, 7, 40, 12, 64, 44, 45, 28, 23, 28, 31, 0)
s = 157: (0, 9, 26, 9, 52, 33, 88, 34, 17, 19, 18, 0)
s = 158: (0, 6, 36, 17, 41, 26, 46, 28, 27, 43, 20, 0)
s = 159: (0, 6, 33, 8, 60, 37, 76, 25, 23, 41, 19, 0)
s = 160: (0, 10, 41, 12, 73, 27, 49, 22, 20, 18, 13, 0)
s = 161: (0, 7, 56, 10, 62, 42, 39, 27, 20, 48, 26, 0)
s = 162: (0, 5, 36, 13, 69, 23, 74, 15, 15, 50, 15, 0)
s = 163: (0, 6, 46, 11, 61, 39, 81, 22, 16, 26, 14, 0)
s = 164: (0, 7, 41, 10, 98, 20, 37, 25, 17, 30, 23, 0)
s = 165: (0, 8, 39, 17, 38, 21, 53, 31, 30, 24, 25, 0)
s = 166: (0, 10, 53, 12, 40, 24, 56, 17, 23, 33, 24, 0)
s = 167: (0, 7, 37, 17, 58, 19, 57, 17, 20, 20, 20, 0)
s = 168: (0, 7, 40, 9, 45, 24, 81, 25, 18, 26, 23, 0)
s = 169: (0, 6, 72, 12, 43, 18, 32, 27, 18, 45, 24, 0)
s = 170: (0, 6, 24, 12, 58, 21, 34, 16, 13, 52, 18, 0)
s = 171: (0, 4, 58, 12, 46, 18, 52, 18, 20, 36, 35, 0)
s = 172: (0, 8, 48, 13, 53, 18, 73, 29, 11, 25, 22, 0)
s = 173: (0, 5, 50, 9, 50, 24, 51, 37, 21, 26, 20, 0)
s = 174: (0, 7, 51, 19, 70, 26, 61, 29, 18, 20, 20, 0)
s = 175: (0, 4, 40, 11, 47, 28, 55, 16, 28, 33, 32, 0)
s = 176: (0, 8, 64, 12, 42, 19, 51, 17, 18, 34, 19, 0)
s = 177: (0, 8, 58, 13, 46, 33, 80, 19, 14, 19, 17, 0)
s = 178: (0, 7, 51, 9, 46, 18, 64, 14, 20, 29, 24, 0)
s = 179: (0, 10, 29, 10, 59, 24, 43, 17, 21, 37, 25, 0)
s = 180: (0, 8, 38, 12, 47, 44, 49, 27, 24, 37, 18, 0)
s = 181: (0, 6, 31, 16, 69, 22, 53, 19, 24, 33, 15, 0)
s = 182: (0, 9, 25, 15, 41, 25, 69, 26, 31, 34, 18, 0)
s = 183: (0, 9, 44, 12, 60, 24, 50, 32, 23, 29, 17, 0)
s = 184: (0, 6, 44, 15, 46, 24, 96, 31, 19, 31, 20, 0)
s = 185: (0, 6, 34, 13, 63, 18, 53, 21, 18, 26, 19, 0)
s = 186: (0, 6, 76, 14, 77, 29, 54, 21, 17, 17, 12, 0)
s = 187: (0, 6, 24, 22, 37, 17, 45, 28, 19, 51, 19, 0)
s = 188: (0, 8, 39, 14, 61, 36, 67, 21, 25, 25, 14, 0)
s = 189: (0, 10, 54, 17, 48, 26, 35, 23, 17, 31, 29, 0)
s = 190: (0, 5, 41, 8, 46, 21, 47, 24, 17, 34, 20, 0)
s = 191: (0, 8, 33, 9, 59, 28, 60, 29, 38, 27, 29, 0)
s = 192: (0, 9, 38, 15, 50, 19, 45, 21, 18, 22, 14, 0)
s = 193: (0, 5, 57, 13, 62, 21, 51, 38, 19, 36, 15, 0)
s = 194: (0, 9, 51, 14, 50, 33, 66, 25, 19, 17, 25, 0)
s = 195: (0, 7, 52, 10, 38, 30, 39, 19, 36, 31, 24, 0)
s = 196: (0, 6, 27, 14, 40, 32, 37, 25, 21, 23, 17, 0)
s = 197: (0, 8, 51, 15, 40, 23, 54, 30, 17, 26, 14, 0)
s = 198: (0, 12, 35, 9, 58, 22, 32, 33, 11, 32, 20, 0)
s = 199: (0, 5, 47, 12, 55, 32, 55, 19, 18, 30, 26, 0)
s = 200: (0, 10, 28, 9, 65, 35, 53, 28, 11, 34, 19, 0)
************************************************************************
ES/LS-VALUES:
jobnr.   ES(i)    LS(i)
------------------------------------------------------------------------
  0        0        0
  1        0       48
  2        0       63
  3        0       69
  4        2       50
  5        3       73
  6        2       52
  7       14       63
  8       10       79
  9       25       74
 10       14       77
 11       34       83
************************************************************************
BIG-M-VALUES:
M1 = 72, M2 = 240
************************************************************************
