************************************************************************
file with basedata            : mm20_.bas
initial value random generator: 1389055724
************************************************************************
projects                      :  1
jobs (incl. supersource/sink ):  12
horizon                       :  84
RESOURCES
  - renewable                 :  2   R
  - nonrenewable              :  2   N
  - doubly constrained        :  0   D
************************************************************************
PROJECT INFORMATION:
pronr.  #jobs rel.date duedate tardcost  MPM-Time
    1     10      0       21        8       21
************************************************************************
PRECEDENCE RELATIONS:
jobnr.    #modes  #successors   successors
   0        1          3           1   2   3
   1        3          3           4   5   8
   2        3          2           9  10
   3        3          2           4   9
   4        3          1           6
   5        3          1           7
   6        3          1          10
   7        3          2           9  10
   8        3          1          11
   9        3          1          11
  10        3          1          11
  11        1          0        
************************************************************************
REQUESTS/DURATIONS:
jobnr. mode duration  R 1  R 2  R 3  R 4  E(W 1)  E(W 2)  E(W 3)  E(W 4)
------------------------------------------------------------------------
  0      1     0       0    0    0    0     0       0       0       0
  1      1     3       5    0    5    0    15       0      15       0
  2      1     1       5    0    9    0     5       0       9       0
  3      1     6       0    7    0    5     0      42       0      30
  4      1     2       0    9    7    0     0      18      14       0
  5      1     7       0    7    0    5     0      49       0      35
  6      1     7       0    9    0    7     0      63       0      49
  7      1     2      10    0    6    0    20       0      12       0
  8      1     3       0    9    0    9     0      27       0      27
  9      1     1       0    7    0    9     0       7       0       9
 10      1     6       9    0    0    8    54       0       0      48
 11      1     0       0    0    0    0     0       0       0       0
************************************************************************
RESOURCEAVAILABILITIES:
  R 1  R 2  R 3  R 4
   15   18   45   54
************************************************************************
RESOURCE LIMITS:
jobnr.  l(R 1)  u(R 1)  l(R 2)  u(R 2)  l(R 3)  u(R 3)  l(R 4)  u(R 4)
------------------------------------------------------------------------
  0        0       0       0       0       0       0       0       0
  1        3       5       0       0       3       5       0       0
  2        3       5       0       0       5       9       0       0
  3        0       0       4       7       0       0       3       5
  4        0       0       5       9       4       7       0       0
  5        0       0       4       7       0       0       3       5
  6        0       0       5       9       0       0       4       7
  7        5      10       0       0       3       6       0       0
  8        0       0       5       9       0       0       5       9
  9        0       0       4       7       0       0       5       9
 10        5       9       0       0       0       0       4       8
 11        0       0       0       0       0       0       0       0
************************************************************************
SCENARIOS:
------------------------------------------------------------------------
RESOURCE k = 1
s = 1: (0, 16, 4, 0, 0, 0, 0, 14, 0, 0, 71, 0)
s = 2: (0, 14, 4, 0, 0, 0, 0, 20, 0, 0, 76, 0)
s = 3: (0, 17, 6, 0, 0, 0, 0, 25, 0, 0, 61, 0)
s = 4: (0, 17, 4, 0, 0, 0, 0, 23, 0, 0, 77, 0)
s = 5: (0, 21, 5, 0, 0, 0, 0, 21, 0, 0, 69, 0)
s = 6: (0, 18, 6, 0, 0, 0, 0, 18, 0, 0, 78, 0)
s = 7: (0, 19, 6, 0, 0, 0, 0, 14, 0, 0, 33, 0)
s = 8: (0, 11, 4, 0, 0, 0, 0, 16, 0, 0, 56, 0)
s = 9: (0, 10, 4, 0, 0, 0, 0, 24, 0, 0, 47, 0)
s = 10: (0, 13, 6, 0, 0, 0, 0, 20, 0, 0, 65, 0)
s = 11: (0, 18, 4, 0, 0, 0, 0, 29, 0, 0, 50, 0)
s = 12: (0, 13, 5, 0, 0, 0, 0, 22, 0, 0, 52, 0)
s = 13: (0, 12, 7, 0, 0, 0, 0, 19, 0, 0, 54, 0)
s = 14: (0, 12, 6, 0, 0, 0, 0, 14, 0, 0, 50, 0)
s = 15: (0, 12, 7, 0, 0, 0, 0, 15, 0, 0, 61, 0)
s = 16: (0, 26, 5, 0, 0, 0, 0, 22, 0, 0, 46, 0)
s = 17: (0, 16, 4, 0, 0, 0, 0, 30, 0, 0, 70, 0)
s = 18: (0, 18, 6, 0, 0, 0, 0, 23, 0, 0, 51, 0)
s = 19: (0, 19, 8, 0, 0, 0, 0, 24, 0, 0, 61, 0)
s = 20: (0, 12, 3, 0, 0, 0, 0, 22, 0, 0, 73, 0)
s = 21: (0, 22, 8, 0, 0, 0, 0, 19, 0, 0, 53, 0)
s = 22: (0, 16, 6, 0, 0, 0, 0, 23, 0, 0, 66, 0)
s = 23: (0, 20, 7, 0, 0, 0, 0, 21, 0, 0, 35, 0)
s = 24: (0, 12, 6, 0, 0, 0, 0, 16, 0, 0, 62, 0)
s = 25: (0, 16, 7, 0, 0, 0, 0, 17, 0, 0, 47, 0)
s = 26: (0, 15, 7, 0, 0, 0, 0, 23, 0, 0, 59, 0)
s = 27: (0, 17, 5, 0, 0, 0, 0, 24, 0, 0, 38, 0)
s = 28: (0, 21, 6, 0, 0, 0, 0, 12, 0, 0, 65, 0)
s = 29: (0, 15, 4, 0, 0, 0, 0, 27, 0, 0, 46, 0)
s = 30: (0, 11, 6, 0, 0, 0, 0, 23, 0, 0, 35, 0)
s = 31: (0, 15, 5, 0, 0, 0, 0, 25, 0, 0, 61, 0)
s = 32: (0, 18, 6, 0, 0, 0, 0, 19, 0, 0, 54, 0)
s = 33: (0, 12, 7, 0, 0, 0, 0, 24, 0, 0, 52, 0)
s = 34: (0, 14, 5, 0, 0, 0, 0, 14, 0, 0, 44, 0)
s = 35: (0, 13, 5, 0, 0, 0, 0, 24, 0, 0, 55, 0)
s = 36: (0, 9, 4, 0, 0, 0, 0, 12, 0, 0, 66, 0)
s = 37: (0, 17, 6, 0, 0, 0, 0, 27, 0, 0, 45, 0)
s = 38: (0, 27, 6, 0, 0, 0, 0, 26, 0, 0, 46, 0)
s = 39: (0, 15, 7, 0, 0, 0, 0, 18, 0, 0, 40, 0)
s = 40: (0, 16, 7, 0, 0, 0, 0, 24, 0, 0, 69, 0)
s = 41: (0, 15, 9, 0, 0, 0, 0, 16, 0, 0, 51, 0)
s = 42: (0, 15, 4, 0, 0, 0, 0, 13, 0, 0, 40, 0)
s = 43: (0, 13, 8, 0, 0, 0, 0, 18, 0, 0, 74, 0)
s = 44: (0, 25, 3, 0, 0, 0, 0, 13, 0, 0, 61, 0)
s = 45: (0, 18, 7, 0, 0, 0, 0, 25, 0, 0, 62, 0)
s = 46: (0, 24, 5, 0, 0, 0, 0, 18, 0, 0, 48, 0)
s = 47: (0, 21, 3, 0, 0, 0, 0, 17, 0, 0, 71, 0)
s = 48: (0, 16, 5, 0, 0, 0, 0, 18, 0, 0, 55, 0)
s = 49: (0, 15, 7, 0, 0, 0, 0, 17, 0, 0, 48, 0)
s = 50: (0, 20, 6, 0, 0, 0, 0, 26, 0, 0, 50, 0)
s = 51: (0, 19, 5, 0, 0, 0, 0, 21, 0, 0, 34, 0)
s = 52: (0, 13, 5, 0, 0, 0, 0, 16, 0, 0, 79, 0)
s = 53: (0, 17, 5, 0, 0, 0, 0, 27, 0, 0, 30, 0)
s = 54: (0, 12, 3, 0, 0, 0, 0, 12, 0, 0, 55, 0)
s = 55: (0, 19, 4, 0, 0, 0, 0, 17, 0, 0, 57, 0)
s = 56: (0, 22, 5, 0, 0, 0, 0, 13, 0, 0, 36, 0)
s = 57: (0, 11, 6, 0, 0, 0, 0, 24, 0, 0, 56, 0)
s = 58: (0, 21, 4, 0, 0, 0, 0, 25, 0, 0, 47, 0)
s = 59: (0, 18, 5, 0, 0, 0, 0, 21, 0, 0, 65, 0)
s = 60: (0, 12, 7, 0, 0, 0, 0, 18, 0, 0, 39, 0)
s = 61: (0, 16, 6, 0, 0, 0, 0, 23, 0, 0, 46, 0)
s = 62: (0, 13, 6, 0, 0, 0, 0, 17, 0, 0, 38, 0)
s = 63: (0, 18, 5, 0, 0, 0, 0, 14, 0, 0, 50, 0)
s = 64: (0, 19, 6, 0, 0, 0, 0, 13, 0, 0, 42, 0)
s = 65: (0, 18, 5, 0, 0, 0, 0, 24, 0, 0, 51, 0)
s = 66: (0, 12, 4, 0, 0, 0, 0, 31, 0, 0, 75, 0)
s = 67: (0, 16, 6, 0, 0, 0, 0, 18, 0, 0, 58, 0)
s = 68: (0, 18, 4, 0, 0, 0, 0, 15, 0, 0, 49, 0)
s = 69: (0, 10, 5, 0, 0, 0, 0, 13, 0, 0, 46, 0)
s = 70: (0, 11, 3, 0, 0, 0, 0, 22, 0, 0, 60, 0)
s = 71: (0, 12, 6, 0, 0, 0, 0, 13, 0, 0, 54, 0)
s = 72: (0, 19, 5, 0, 0, 0, 0, 15, 0, 0, 50, 0)
s = 73: (0, 24, 5, 0, 0, 0, 0, 15, 0, 0, 37, 0)
s = 74: (0, 26, 4, 0, 0, 0, 0, 30, 0, 0, 81, 0)
s = 75: (0, 15, 4, 0, 0, 0, 0, 23, 0, 0, 73, 0)
s = 76: (0, 19, 6, 0, 0, 0, 0, 25, 0, 0, 54, 0)
s = 77: (0, 10, 5, 0, 0, 0, 0, 14, 0, 0, 60, 0)
s = 78: (0, 10, 6, 0, 0, 0, 0, 17, 0, 0, 45, 0)
s = 79: (0, 14, 4, 0, 0, 0, 0, 12, 0, 0, 41, 0)
s = 80: (0, 10, 7, 0, 0, 0, 0, 23, 0, 0, 58, 0)
s = 81: (0, 26, 5, 0, 0, 0, 0, 19, 0, 0, 49, 0)
s = 82: (0, 13, 7, 0, 0, 0, 0, 19, 0, 0, 66, 0)
s = 83: (0, 10, 3, 0, 0, 0, 0, 32, 0, 0, 63, 0)
s = 84: (0, 17, 6, 0, 0, 0, 0, 12, 0, 0, 40, 0)
s = 85: (0, 14, 8, 0, 0, 0, 0, 31, 0, 0, 44, 0)
s = 86: (0, 15, 6, 0, 0, 0, 0, 19, 0, 0, 58, 0)
s = 87: (0, 18, 4, 0, 0, 0, 0, 19, 0, 0, 38, 0)
s = 88: (0, 10, 4, 0, 0, 0, 0, 17, 0, 0, 101, 0)
s = 89: (0, 17, 7, 0, 0, 0, 0, 14, 0, 0, 62, 0)
s = 90: (0, 13, 6, 0, 0, 0, 0, 15, 0, 0, 52, 0)
s = 91: (0, 10, 5, 0, 0, 0, 0, 13, 0, 0, 88, 0)
s = 92: (0, 15, 4, 0, 0, 0, 0, 15, 0, 0, 58, 0)
s = 93: (0, 17, 4, 0, 0, 0, 0, 31, 0, 0, 80, 0)
s = 94: (0, 18, 4, 0, 0, 0, 0, 17, 0, 0, 57, 0)
s = 95: (0, 16, 4, 0, 0, 0, 0, 18, 0, 0, 38, 0)
s = 96: (0, 16, 5, 0, 0, 0, 0, 21, 0, 0, 36, 0)
s = 97: (0, 8, 7, 0, 0, 0, 0, 30, 0, 0, 53, 0)
s = 98: (0, 11, 6, 0, 0, 0, 0, 12, 0, 0, 38, 0)
s = 99: (0, 16, 6, 0, 0, 0, 0, 23, 0, 0, 63, 0)
s = 100: (0, 13, 7, 0, 0, 0, 0, 22, 0, 0, 75, 0)
s = 101: (0, 17, 5, 0, 0, 0, 0, 17, 0, 0, 43, 0)
s = 102: (0, 13, 5, 0, 0, 0, 0, 33, 0, 0, 64, 0)
s = 103: (0, 9, 8, 0, 0, 0, 0, 36, 0, 0, 44, 0)
s = 104: (0, 22, 3, 0, 0, 0, 0, 29, 0, 0, 57, 0)
s = 105: (0, 22, 5, 0, 0, 0, 0, 18, 0, 0, 52, 0)
s = 106: (0, 15, 9, 0, 0, 0, 0, 28, 0, 0, 59, 0)
s = 107: (0, 18, 4, 0, 0, 0, 0, 21, 0, 0, 62, 0)
s = 108: (0, 29, 6, 0, 0, 0, 0, 11, 0, 0, 42, 0)
s = 109: (0, 14, 4, 0, 0, 0, 0, 12, 0, 0, 41, 0)
s = 110: (0, 14, 5, 0, 0, 0, 0, 33, 0, 0, 67, 0)
s = 111: (0, 16, 5, 0, 0, 0, 0, 22, 0, 0, 59, 0)
s = 112: (0, 25, 7, 0, 0, 0, 0, 34, 0, 0, 33, 0)
s = 113: (0, 20, 5, 0, 0, 0, 0, 16, 0, 0, 49, 0)
s = 114: (0, 12, 4, 0, 0, 0, 0, 18, 0, 0, 74, 0)
s = 115: (0, 11, 6, 0, 0, 0, 0, 19, 0, 0, 74, 0)
s = 116: (0, 14, 5, 0, 0, 0, 0, 24, 0, 0, 34, 0)
s = 117: (0, 17, 5, 0, 0, 0, 0, 19, 0, 0, 32, 0)
s = 118: (0, 14, 6, 0, 0, 0, 0, 22, 0, 0, 52, 0)
s = 119: (0, 13, 5, 0, 0, 0, 0, 13, 0, 0, 39, 0)
s = 120: (0, 13, 4, 0, 0, 0, 0, 16, 0, 0, 73, 0)
s = 121: (0, 9, 4, 0, 0, 0, 0, 26, 0, 0, 53, 0)
s = 122: (0, 15, 7, 0, 0, 0, 0, 22, 0, 0, 58, 0)
s = 123: (0, 14, 7, 0, 0, 0, 0, 16, 0, 0, 47, 0)
s = 124: (0, 13, 6, 0, 0, 0, 0, 13, 0, 0, 46, 0)
s = 125: (0, 15, 7, 0, 0, 0, 0, 20, 0, 0, 43, 0)
s = 126: (0, 23, 5, 0, 0, 0, 0, 15, 0, 0, 56, 0)
s = 127: (0, 18, 6, 0, 0, 0, 0, 16, 0, 0, 51, 0)
s = 128: (0, 19, 3, 0, 0, 0, 0, 14, 0, 0, 57, 0)
s = 129: (0, 24, 8, 0, 0, 0, 0, 20, 0, 0, 67, 0)
s = 130: (0, 11, 6, 0, 0, 0, 0, 21, 0, 0, 61, 0)
s = 131: (0, 13, 9, 0, 0, 0, 0, 15, 0, 0, 64, 0)
s = 132: (0, 24, 4, 0, 0, 0, 0, 17, 0, 0, 40, 0)
s = 133: (0, 15, 6, 0, 0, 0, 0, 21, 0, 0, 40, 0)
s = 134: (0, 18, 8, 0, 0, 0, 0, 25, 0, 0, 46, 0)
s = 135: (0, 19, 5, 0, 0, 0, 0, 21, 0, 0, 66, 0)
s = 136: (0, 18, 6, 0, 0, 0, 0, 15, 0, 0, 66, 0)
s = 137: (0, 9, 4, 0, 0, 0, 0, 15, 0, 0, 46, 0)
s = 138: (0, 14, 6, 0, 0, 0, 0, 24, 0, 0, 38, 0)
s = 139: (0, 20, 5, 0, 0, 0, 0, 19, 0, 0, 54, 0)
s = 140: (0, 15, 4, 0, 0, 0, 0, 21, 0, 0, 46, 0)
s = 141: (0, 18, 4, 0, 0, 0, 0, 19, 0, 0, 36, 0)
s = 142: (0, 20, 4, 0, 0, 0, 0, 25, 0, 0, 43, 0)
s = 143: (0, 15, 5, 0, 0, 0, 0, 23, 0, 0, 52, 0)
s = 144: (0, 12, 7, 0, 0, 0, 0, 21, 0, 0, 28, 0)
s = 145: (0, 12, 6, 0, 0, 0, 0, 18, 0, 0, 57, 0)
s = 146: (0, 17, 5, 0, 0, 0, 0, 19, 0, 0, 43, 0)
s = 147: (0, 20, 8, 0, 0, 0, 0, 25, 0, 0, 35, 0)
s = 148: (0, 12, 5, 0, 0, 0, 0, 26, 0, 0, 29, 0)
s = 149: (0, 16, 5, 0, 0, 0, 0, 26, 0, 0, 35, 0)
s = 150: (0, 11, 6, 0, 0, 0, 0, 26, 0, 0, 41, 0)
s = 151: (0, 9, 4, 0, 0, 0, 0, 16, 0, 0, 48, 0)
s = 152: (0, 28, 4, 0, 0, 0, 0, 18, 0, 0, 38, 0)
s = 153: (0, 21, 6, 0, 0, 0, 0, 22, 0, 0, 35, 0)
s = 154: (0, 11, 6, 0, 0, 0, 0, 23, 0, 0, 52, 0)
s = 155: (0, 26, 8, 0, 0, 0, 0, 19, 0, 0, 37, 0)
s = 156: (0, 22, 7, 0, 0, 0, 0, 19, 0, 0, 58, 0)
s = 157: (0, 19, 4, 0, 0, 0, 0, 17, 0, 0, 53, 0)
s = 158: (0, 12, 7, 0, 0, 0, 0, 32, 0, 0, 39, 0)
s = 159: (0, 16, 4, 0, 0, 0, 0, 24, 0, 0, 52, 0)
s = 160: (0, 14, 9, 0, 0, 0, 0, 27, 0, 0, 66, 0)
s = 161: (0, 12, 7, 0, 0, 0, 0, 22, 0, 0, 68, 0)
s = 162: (0, 10, 7, 0, 0, 0, 0, 14, 0, 0, 78, 0)
s = 163: (0, 16, 8, 0, 0, 0, 0, 15, 0, 0, 38, 0)
s = 164: (0, 12, 6, 0, 0, 0, 0, 25, 0, 0, 41, 0)
s = 165: (0, 15, 5, 0, 0, 0, 0, 29, 0, 0, 41, 0)
s = 166: (0, 12, 4, 0, 0, 0, 0, 21, 0, 0, 72, 0)
s = 167: (0, 20, 8, 0, 0, 0, 0, 16, 0, 0, 60, 0)
s = 168: (0, 17, 6, 0, 0, 0, 0, 12, 0, 0, 57, 0)
s = 169: (0, 16, 5, 0, 0, 0, 0, 16, 0, 0, 64, 0)
s = 170: (0, 21, 8, 0, 0, 0, 0, 23, 0, 0, 39, 0)
s = 171: (0, 12, 5, 0, 0, 0, 0, 18, 0, 0, 54, 0)
s = 172: (0, 16, 6, 0, 0, 0, 0, 12, 0, 0, 46, 0)
s = 173: (0, 12, 4, 0, 0, 0, 0, 29, 0, 0, 30, 0)
s = 174: (0, 16, 5, 0, 0, 0, 0, 17, 0, 0, 71, 0)
s = 175: (0, 9, 8, 0, 0, 0, 0, 13, 0, 0, 45, 0)
s = 176: (0, 18, 5, 0, 0, 0, 0, 22, 0, 0, 54, 0)
s = 177: (0, 17, 6, 0, 0, 0, 0, 30, 0, 0, 49, 0)
s = 178: (0, 11, 5, 0, 0, 0, 0, 15, 0, 0, 39, 0)
s = 179: (0, 11, 3, 0, 0, 0, 0, 29, 0, 0, 36, 0)
s = 180: (0, 18, 9, 0, 0, 0, 0, 21, 0, 0, 42, 0)
s = 181: (0, 18, 6, 0, 0, 0, 0, 15, 0, 0, 75, 0)
s = 182: (0, 16, 4, 0, 0, 0, 0, 13, 0, 0, 35, 0)
s = 183: (0, 19, 7, 0, 0, 0, 0, 19, 0, 0, 40, 0)
s = 184: (0, 17, 4, 0, 0, 0, 0, 12, 0, 0, 48, 0)
s = 185: (0, 18, 4, 0, 0, 0, 0, 14, 0, 0, 62, 0)
s = 186: (0, 15, 5, 0, 0, 0, 0, 14, 0, 0, 41, 0)
s = 187: (0, 16, 5, 0, 0, 0, 0, 18, 0, 0, 55, 0)
s = 188: (0, 15, 8, 0, 0, 0, 0, 17, 0, 0, 93, 0)
s = 189: (0, 15, 7, 0, 0, 0, 0, 21, 0, 0, 40, 0)
s = 190: (0, 16, 6, 0, 0, 0, 0, 31, 0, 0, 47, 0)
s = 191: (0, 14, 5, 0, 0, 0, 0, 24, 0, 0, 57, 0)
s = 192: (0, 10, 7, 0, 0, 0, 0, 15, 0, 0, 57, 0)
s = 193: (0, 16, 6, 0, 0, 0, 0, 23, 0, 0, 54, 0)
s = 194: (0, 16, 5, 0, 0, 0, 0, 31, 0, 0, 59, 0)
s = 195: (0, 12, 5, 0, 0, 0, 0, 33, 0, 0, 43, 0)
s = 196: (0, 18, 3, 0, 0, 0, 0, 26, 0, 0, 59, 0)
s = 197: (0, 15, 5, 0, 0, 0, 0, 15, 0, 0, 92, 0)
s = 198: (0, 12, 5, 0, 0, 0, 0, 18, 0, 0, 50, 0)
s = 199: (0, 10, 5, 0, 0, 0, 0, 14, 0, 0, 45, 0)
s = 200: (0, 24, 4, 0, 0, 0, 0, 27, 0, 0, 77, 0)
------------------------------------------------------------------------
RESOURCE k = 2
s = 1: (0, 0, 0, 30, 16, 47, 51, 0, 27, 7, 0, 0)
s = 2: (0, 0, 0, 47, 19, 37, 39, 0, 31, 7, 0, 0)
s = 3: (0, 0, 0, 73, 20, 35, 80, 0, 45, 5, 0, 0)
s = 4: (0, 0, 0, 33, 27, 53, 67, 0, 27, 7, 0, 0)
s = 5: (0, 0, 0, 51, 18, 50, 62, 0, 37, 8, 0, 0)
s = 6: (0, 0, 0, 39, 19, 52, 54, 0, 31, 9, 0, 0)
s = 7: (0, 0, 0, 41, 15, 59, 46, 0, 32, 8, 0, 0)
s = 8: (0, 0, 0, 67, 11, 49, 62, 0, 35, 6, 0, 0)
s = 9: (0, 0, 0, 66, 16, 63, 66, 0, 24, 9, 0, 0)
s = 10: (0, 0, 0, 32, 18, 68, 46, 0, 22, 7, 0, 0)
s = 11: (0, 0, 0, 32, 14, 33, 47, 0, 21, 10, 0, 0)
s = 12: (0, 0, 0, 38, 14, 50, 39, 0, 20, 8, 0, 0)
s = 13: (0, 0, 0, 55, 12, 55, 71, 0, 24, 11, 0, 0)
s = 14: (0, 0, 0, 37, 25, 41, 46, 0, 28, 8, 0, 0)
s = 15: (0, 0, 0, 69, 13, 65, 40, 0, 27, 10, 0, 0)
s = 16: (0, 0, 0, 43, 20, 55, 53, 0, 18, 8, 0, 0)
s = 17: (0, 0, 0, 50, 10, 68, 55, 0, 15, 10, 0, 0)
s = 18: (0, 0, 0, 39, 14, 41, 45, 0, 30, 8, 0, 0)
s = 19: (0, 0, 0, 49, 26, 46, 50, 0, 22, 9, 0, 0)
s = 20: (0, 0, 0, 53, 17, 49, 40, 0, 26, 8, 0, 0)
s = 21: (0, 0, 0, 39, 23, 51, 46, 0, 23, 11, 0, 0)
s = 22: (0, 0, 0, 31, 12, 68, 65, 0, 21, 6, 0, 0)
s = 23: (0, 0, 0, 28, 29, 48, 88, 0, 31, 7, 0, 0)
s = 24: (0, 0, 0, 28, 18, 46, 68, 0, 19, 11, 0, 0)
s = 25: (0, 0, 0, 29, 17, 84, 47, 0, 38, 5, 0, 0)
s = 26: (0, 0, 0, 72, 28, 58, 84, 0, 16, 7, 0, 0)
s = 27: (0, 0, 0, 57, 14, 39, 71, 0, 46, 7, 0, 0)
s = 28: (0, 0, 0, 52, 25, 50, 67, 0, 24, 8, 0, 0)
s = 29: (0, 0, 0, 28, 16, 54, 71, 0, 43, 7, 0, 0)
s = 30: (0, 0, 0, 47, 19, 60, 85, 0, 26, 6, 0, 0)
s = 31: (0, 0, 0, 40, 23, 80, 34, 0, 34, 10, 0, 0)
s = 32: (0, 0, 0, 29, 12, 54, 54, 0, 21, 7, 0, 0)
s = 33: (0, 0, 0, 58, 11, 44, 59, 0, 32, 13, 0, 0)
s = 34: (0, 0, 0, 58, 15, 58, 81, 0, 19, 6, 0, 0)
s = 35: (0, 0, 0, 60, 13, 71, 63, 0, 30, 6, 0, 0)
s = 36: (0, 0, 0, 46, 13, 31, 86, 0, 24, 6, 0, 0)
s = 37: (0, 0, 0, 38, 18, 40, 59, 0, 37, 5, 0, 0)
s = 38: (0, 0, 0, 47, 27, 45, 87, 0, 32, 7, 0, 0)
s = 39: (0, 0, 0, 26, 14, 51, 104, 0, 30, 6, 0, 0)
s = 40: (0, 0, 0, 70, 23, 46, 44, 0, 21, 7, 0, 0)
s = 41: (0, 0, 0, 40, 16, 33, 72, 0, 32, 7, 0, 0)
s = 42: (0, 0, 0, 56, 13, 38, 66, 0, 24, 7, 0, 0)
s = 43: (0, 0, 0, 55, 23, 35, 100, 0, 29, 8, 0, 0)
s = 44: (0, 0, 0, 59, 27, 50, 46, 0, 39, 6, 0, 0)
s = 45: (0, 0, 0, 46, 19, 62, 59, 0, 34, 9, 0, 0)
s = 46: (0, 0, 0, 27, 17, 68, 67, 0, 21, 10, 0, 0)
s = 47: (0, 0, 0, 31, 16, 36, 42, 0, 21, 6, 0, 0)
s = 48: (0, 0, 0, 39, 19, 40, 56, 0, 34, 10, 0, 0)
s = 49: (0, 0, 0, 39, 15, 64, 61, 0, 22, 6, 0, 0)
s = 50: (0, 0, 0, 43, 14, 40, 73, 0, 21, 7, 0, 0)
s = 51: (0, 0, 0, 44, 20, 45, 72, 0, 21, 6, 0, 0)
s = 52: (0, 0, 0, 34, 22, 62, 81, 0, 34, 8, 0, 0)
s = 53: (0, 0, 0, 36, 27, 36, 51, 0, 24, 8, 0, 0)
s = 54: (0, 0, 0, 36, 23, 43, 62, 0, 21, 8, 0, 0)
s = 55: (0, 0, 0, 47, 16, 29, 105, 0, 19, 8, 0, 0)
s = 56: (0, 0, 0, 56, 14, 39, 71, 0, 33, 6, 0, 0)
s = 57: (0, 0, 0, 32, 19, 55, 35, 0, 26, 9, 0, 0)
s = 58: (0, 0, 0, 38, 13, 45, 55, 0, 21, 10, 0, 0)
s = 59: (0, 0, 0, 32, 18, 32, 39, 0, 23, 11, 0, 0)
s = 60: (0, 0, 0, 56, 22, 62, 72, 0, 27, 7, 0, 0)
s = 61: (0, 0, 0, 38, 22, 76, 60, 0, 23, 5, 0, 0)
s = 62: (0, 0, 0, 34, 18, 46, 51, 0, 28, 6, 0, 0)
s = 63: (0, 0, 0, 41, 14, 69, 54, 0, 21, 10, 0, 0)
s = 64: (0, 0, 0, 48, 20, 61, 42, 0, 36, 10, 0, 0)
s = 65: (0, 0, 0, 57, 15, 32, 41, 0, 35, 7, 0, 0)
s = 66: (0, 0, 0, 24, 12, 70, 42, 0, 28, 9, 0, 0)
s = 67: (0, 0, 0, 48, 15, 35, 33, 0, 34, 7, 0, 0)
s = 68: (0, 0, 0, 35, 18, 69, 51, 0, 17, 5, 0, 0)
s = 69: (0, 0, 0, 38, 18, 48, 89, 0, 32, 9, 0, 0)
s = 70: (0, 0, 0, 30, 17, 38, 78, 0, 31, 7, 0, 0)
s = 71: (0, 0, 0, 33, 19, 62, 61, 0, 25, 9, 0, 0)
s = 72: (0, 0, 0, 38, 27, 30, 42, 0, 39, 8, 0, 0)
s = 73: (0, 0, 0, 33, 13, 64, 44, 0, 19, 7, 0, 0)
s = 74: (0, 0, 0, 48, 15, 66, 48, 0, 23, 8, 0, 0)
s = 75: (0, 0, 0, 50, 15, 57, 49, 0, 19, 12, 0, 0)
s = 76: (0, 0, 0, 52, 23, 51, 78, 0, 45, 7, 0, 0)
s = 77: (0, 0, 0, 58, 14, 49, 46, 0, 34, 7, 0, 0)
s = 78: (0, 0, 0, 33, 15, 37, 41, 0, 31, 9, 0, 0)
s = 79: (0, 0, 0, 44, 14, 32, 52, 0, 27, 5, 0, 0)
s = 80: (0, 0, 0, 30, 14, 32, 70, 0, 32, 5, 0, 0)
s = 81: (0, 0, 0, 53, 18, 38, 44, 0, 21, 12, 0, 0)
s = 82: (0, 0, 0, 45, 12, 60, 38, 0, 38, 6, 0, 0)
s = 83: (0, 0, 0, 22, 14, 40, 118, 0, 23, 7, 0, 0)
s = 84: (0, 0, 0, 38, 29, 38, 68, 0, 27, 6, 0, 0)
s = 85: (0, 0, 0, 33, 14, 62, 43, 0, 31, 5, 0, 0)
s = 86: (0, 0, 0, 31, 22, 42, 51, 0, 24, 8, 0, 0)
s = 87: (0, 0, 0, 49, 21, 61, 65, 0, 26, 6, 0, 0)
s = 88: (0, 0, 0, 37, 19, 35, 65, 0, 26, 10, 0, 0)
s = 89: (0, 0, 0, 65, 16, 40, 67, 0, 36, 6, 0, 0)
s = 90: (0, 0, 0, 52, 28, 68, 39, 0, 25, 5, 0, 0)
s = 91: (0, 0, 0, 51, 21, 68, 57, 0, 22, 5, 0, 0)
s = 92: (0, 0, 0, 37, 16, 42, 56, 0, 48, 6, 0, 0)
s = 93: (0, 0, 0, 49, 29, 62, 52, 0, 22, 8, 0, 0)
s = 94: (0, 0, 0, 44, 13, 41, 55, 0, 26, 7, 0, 0)
s = 95: (0, 0, 0, 64, 16, 46, 36, 0, 21, 5, 0, 0)
s = 96: (0, 0, 0, 29, 30, 33, 56, 0, 27, 9, 0, 0)
s = 97: (0, 0, 0, 31, 17, 50, 89, 0, 25, 8, 0, 0)
s = 98: (0, 0, 0, 27, 11, 36, 92, 0, 23, 5, 0, 0)
s = 99: (0, 0, 0, 46, 23, 39, 74, 0, 31, 7, 0, 0)
s = 100: (0, 0, 0, 35, 18, 52, 56, 0, 44, 6, 0, 0)
s = 101: (0, 0, 0, 45, 12, 71, 56, 0, 23, 7, 0, 0)
s = 102: (0, 0, 0, 60, 18, 52, 61, 0, 29, 5, 0, 0)
s = 103: (0, 0, 0, 23, 20, 53, 48, 0, 18, 6, 0, 0)
s = 104: (0, 0, 0, 36, 22, 52, 51, 0, 27, 8, 0, 0)
s = 105: (0, 0, 0, 41, 20, 50, 53, 0, 21, 8, 0, 0)
s = 106: (0, 0, 0, 41, 13, 69, 71, 0, 28, 6, 0, 0)
s = 107: (0, 0, 0, 64, 11, 57, 70, 0, 24, 6, 0, 0)
s = 108: (0, 0, 0, 40, 20, 53, 71, 0, 22, 8, 0, 0)
s = 109: (0, 0, 0, 32, 14, 30, 52, 0, 27, 7, 0, 0)
s = 110: (0, 0, 0, 47, 19, 36, 77, 0, 28, 5, 0, 0)
s = 111: (0, 0, 0, 68, 13, 45, 60, 0, 40, 13, 0, 0)
s = 112: (0, 0, 0, 56, 18, 43, 59, 0, 31, 8, 0, 0)
s = 113: (0, 0, 0, 40, 15, 63, 64, 0, 36, 6, 0, 0)
s = 114: (0, 0, 0, 35, 16, 46, 43, 0, 22, 7, 0, 0)
s = 115: (0, 0, 0, 36, 17, 38, 73, 0, 33, 6, 0, 0)
s = 116: (0, 0, 0, 24, 26, 34, 69, 0, 39, 8, 0, 0)
s = 117: (0, 0, 0, 31, 20, 50, 58, 0, 32, 10, 0, 0)
s = 118: (0, 0, 0, 29, 26, 68, 77, 0, 29, 9, 0, 0)
s = 119: (0, 0, 0, 48, 24, 55, 38, 0, 32, 6, 0, 0)
s = 120: (0, 0, 0, 44, 21, 80, 48, 0, 29, 6, 0, 0)
s = 121: (0, 0, 0, 38, 11, 41, 46, 0, 43, 4, 0, 0)
s = 122: (0, 0, 0, 42, 14, 41, 59, 0, 31, 8, 0, 0)
s = 123: (0, 0, 0, 31, 20, 38, 78, 0, 25, 7, 0, 0)
s = 124: (0, 0, 0, 31, 20, 50, 79, 0, 19, 6, 0, 0)
s = 125: (0, 0, 0, 46, 19, 34, 61, 0, 22, 9, 0, 0)
s = 126: (0, 0, 0, 36, 21, 49, 55, 0, 19, 7, 0, 0)
s = 127: (0, 0, 0, 59, 10, 42, 59, 0, 19, 8, 0, 0)
s = 128: (0, 0, 0, 56, 20, 56, 43, 0, 17, 5, 0, 0)
s = 129: (0, 0, 0, 30, 18, 32, 51, 0, 20, 8, 0, 0)
s = 130: (0, 0, 0, 71, 12, 39, 65, 0, 23, 6, 0, 0)
s = 131: (0, 0, 0, 57, 13, 44, 50, 0, 18, 6, 0, 0)
s = 132: (0, 0, 0, 33, 20, 44, 56, 0, 23, 5, 0, 0)
s = 133: (0, 0, 0, 36, 16, 58, 55, 0, 20, 7, 0, 0)
s = 134: (0, 0, 0, 29, 13, 33, 77, 0, 49, 10, 0, 0)
s = 135: (0, 0, 0, 61, 21, 42, 64, 0, 23, 10, 0, 0)
s = 136: (0, 0, 0, 33, 17, 55, 46, 0, 29, 7, 0, 0)
s = 137: (0, 0, 0, 41, 21, 45, 69, 0, 24, 10, 0, 0)
s = 138: (0, 0, 0, 51, 21, 80, 60, 0, 32, 5, 0, 0)
s = 139: (0, 0, 0, 55, 22, 49, 47, 0, 30, 9, 0, 0)
s = 140: (0, 0, 0, 41, 33, 48, 77, 0, 21, 8, 0, 0)
s = 141: (0, 0, 0, 35, 19, 62, 89, 0, 24, 9, 0, 0)
s = 142: (0, 0, 0, 28, 17, 48, 60, 0, 18, 11, 0, 0)
s = 143: (0, 0, 0, 45, 29, 36, 79, 0, 28, 9, 0, 0)
s = 144: (0, 0, 0, 44, 25, 49, 39, 0, 23, 7, 0, 0)
s = 145: (0, 0, 0, 32, 26, 63, 80, 0, 31, 6, 0, 0)
s = 146: (0, 0, 0, 39, 24, 34, 74, 0, 27, 5, 0, 0)
s = 147: (0, 0, 0, 32, 19, 66, 35, 0, 35, 9, 0, 0)
s = 148: (0, 0, 0, 28, 14, 26, 98, 0, 43, 8, 0, 0)
s = 149: (0, 0, 0, 38, 17, 62, 64, 0, 37, 10, 0, 0)
s = 150: (0, 0, 0, 36, 22, 44, 68, 0, 19, 8, 0, 0)
s = 151: (0, 0, 0, 26, 16, 61, 56, 0, 20, 9, 0, 0)
s = 152: (0, 0, 0, 28, 19, 75, 53, 0, 29, 8, 0, 0)
s = 153: (0, 0, 0, 49, 12, 60, 97, 0, 33, 7, 0, 0)
s = 154: (0, 0, 0, 49, 16, 56, 54, 0, 15, 10, 0, 0)
s = 155: (0, 0, 0, 34, 14, 62, 58, 0, 17, 7, 0, 0)
s = 156: (0, 0, 0, 61, 19, 65, 54, 0, 33, 7, 0, 0)
s = 157: (0, 0, 0, 44, 21, 42, 58, 0, 22, 9, 0, 0)
s = 158: (0, 0, 0, 56, 19, 49, 65, 0, 18, 7, 0, 0)
s = 159: (0, 0, 0, 56, 25, 52, 50, 0, 25, 9, 0, 0)
s = 160: (0, 0, 0, 44, 11, 47, 69, 0, 34, 7, 0, 0)
s = 161: (0, 0, 0, 26, 19, 32, 50, 0, 38, 5, 0, 0)
s = 162: (0, 0, 0, 54, 20, 35, 65, 0, 20, 9, 0, 0)
s = 163: (0, 0, 0, 34, 10, 50, 53, 0, 30, 9, 0, 0)
s = 164: (0, 0, 0, 51, 21, 50, 43, 0, 16, 6, 0, 0)
s = 165: (0, 0, 0, 23, 26, 72, 73, 0, 32, 8, 0, 0)
s = 166: (0, 0, 0, 53, 12, 40, 48, 0, 27, 7, 0, 0)
s = 167: (0, 0, 0, 56, 12, 55, 57, 0, 28, 5, 0, 0)
s = 168: (0, 0, 0, 47, 20, 31, 89, 0, 28, 4, 0, 0)
s = 169: (0, 0, 0, 46, 27, 69, 51, 0, 20, 7, 0, 0)
s = 170: (0, 0, 0, 48, 19, 50, 46, 0, 25, 9, 0, 0)
s = 171: (0, 0, 0, 40, 13, 39, 66, 0, 17, 7, 0, 0)
s = 172: (0, 0, 0, 29, 18, 50, 34, 0, 31, 5, 0, 0)
s = 173: (0, 0, 0, 36, 26, 59, 83, 0, 32, 8, 0, 0)
s = 174: (0, 0, 0, 36, 16, 61, 74, 0, 20, 4, 0, 0)
s = 175: (0, 0, 0, 26, 12, 35, 56, 0, 35, 8, 0, 0)
s = 176: (0, 0, 0, 74, 14, 38, 85, 0, 16, 8, 0, 0)
s = 177: (0, 0, 0, 37, 10, 43, 42, 0, 30, 6, 0, 0)
s = 178: (0, 0, 0, 68, 24, 62, 96, 0, 31, 9, 0, 0)
s = 179: (0, 0, 0, 27, 13, 61, 78, 0, 30, 7, 0, 0)
s = 180: (0, 0, 0, 64, 21, 91, 47, 0, 32, 11, 0, 0)
s = 181: (0, 0, 0, 34, 15, 31, 38, 0, 42, 8, 0, 0)
s = 182: (0, 0, 0, 66, 19, 71, 39, 0, 22, 6, 0, 0)
s = 183: (0, 0, 0, 34, 17, 55, 58, 0, 20, 9, 0, 0)
s = 184: (0, 0, 0, 41, 23, 55, 92, 0, 22, 6, 0, 0)
s = 185: (0, 0, 0, 44, 20, 48, 79, 0, 36, 5, 0, 0)
s = 186: (0, 0, 0, 30, 15, 60, 65, 0, 21, 10, 0, 0)
s = 187: (0, 0, 0, 65, 18, 42, 68, 0, 35, 10, 0, 0)
s = 188: (0, 0, 0, 32, 13, 53, 40, 0, 37, 9, 0, 0)
s = 189: (0, 0, 0, 31, 19, 64, 40, 0, 24, 6, 0, 0)
s = 190: (0, 0, 0, 30, 16, 66, 63, 0, 34, 9, 0, 0)
s = 191: (0, 0, 0, 42, 18, 40, 65, 0, 15, 11, 0, 0)
s = 192: (0, 0, 0, 41, 26, 40, 62, 0, 22, 6, 0, 0)
s = 193: (0, 0, 0, 31, 18, 57, 44, 0, 22, 6, 0, 0)
s = 194: (0, 0, 0, 24, 11, 48, 60, 0, 20, 7, 0, 0)
s = 195: (0, 0, 0, 52, 27, 37, 32, 0, 22, 7, 0, 0)
s = 196: (0, 0, 0, 44, 20, 46, 82, 0, 25, 6, 0, 0)
s = 197: (0, 0, 0, 43, 18, 42, 40, 0, 26, 8, 0, 0)
s = 198: (0, 0, 0, 28, 17, 50, 70, 0, 28, 10, 0, 0)
s = 199: (0, 0, 0, 46, 27, 83, 110, 0, 25, 8, 0, 0)
s = 200: (0, 0, 0, 34, 11, 74, 73, 0, 18, 4, 0, 0)
------------------------------------------------------------------------
RESOURCE k = 3
s = 1: (0, 16, 7, 0, 12, 0, 0, 9, 0, 0, 0, 0)
s = 2: (0, 14, 7, 0, 15, 0, 0, 12, 0, 0, 0, 0)
s = 3: (0, 17, 10, 0, 16, 0, 0, 15, 0, 0, 0, 0)
s = 4: (0, 17, 7, 0, 21, 0, 0, 14, 0, 0, 0, 0)
s = 5: (0, 21, 9, 0, 14, 0, 0, 13, 0, 0, 0, 0)
s = 6: (0, 18, 11, 0, 15, 0, 0, 11, 0, 0, 0, 0)
s = 7: (0, 19, 10, 0, 11, 0, 0, 9, 0, 0, 0, 0)
s = 8: (0, 11, 7, 0, 9, 0, 0, 10, 0, 0, 0, 0)
s = 9: (0, 10, 7, 0, 12, 0, 0, 15, 0, 0, 0, 0)
s = 10: (0, 13, 11, 0, 14, 0, 0, 12, 0, 0, 0, 0)
s = 11: (0, 18, 7, 0, 11, 0, 0, 18, 0, 0, 0, 0)
s = 12: (0, 13, 9, 0, 11, 0, 0, 13, 0, 0, 0, 0)
s = 13: (0, 12, 11, 0, 10, 0, 0, 12, 0, 0, 0, 0)
s = 14: (0, 12, 10, 0, 19, 0, 0, 8, 0, 0, 0, 0)
s = 15: (0, 12, 12, 0, 10, 0, 0, 9, 0, 0, 0, 0)
s = 16: (0, 26, 8, 0, 15, 0, 0, 13, 0, 0, 0, 0)
s = 17: (0, 16, 7, 0, 8, 0, 0, 18, 0, 0, 0, 0)
s = 18: (0, 18, 11, 0, 11, 0, 0, 14, 0, 0, 0, 0)
s = 19: (0, 19, 14, 0, 20, 0, 0, 14, 0, 0, 0, 0)
s = 20: (0, 12, 6, 0, 14, 0, 0, 13, 0, 0, 0, 0)
s = 21: (0, 22, 13, 0, 18, 0, 0, 12, 0, 0, 0, 0)
s = 22: (0, 16, 11, 0, 9, 0, 0, 14, 0, 0, 0, 0)
s = 23: (0, 20, 13, 0, 22, 0, 0, 13, 0, 0, 0, 0)
s = 24: (0, 12, 10, 0, 14, 0, 0, 10, 0, 0, 0, 0)
s = 25: (0, 16, 12, 0, 13, 0, 0, 11, 0, 0, 0, 0)
s = 26: (0, 15, 13, 0, 22, 0, 0, 14, 0, 0, 0, 0)
s = 27: (0, 17, 9, 0, 11, 0, 0, 15, 0, 0, 0, 0)
s = 28: (0, 21, 11, 0, 20, 0, 0, 8, 0, 0, 0, 0)
s = 29: (0, 15, 6, 0, 13, 0, 0, 16, 0, 0, 0, 0)
s = 30: (0, 11, 11, 0, 15, 0, 0, 14, 0, 0, 0, 0)
s = 31: (0, 15, 9, 0, 18, 0, 0, 15, 0, 0, 0, 0)
s = 32: (0, 18, 10, 0, 10, 0, 0, 12, 0, 0, 0, 0)
s = 33: (0, 12, 13, 0, 9, 0, 0, 15, 0, 0, 0, 0)
s = 34: (0, 14, 8, 0, 12, 0, 0, 9, 0, 0, 0, 0)
s = 35: (0, 13, 9, 0, 10, 0, 0, 14, 0, 0, 0, 0)
s = 36: (0, 9, 7, 0, 10, 0, 0, 8, 0, 0, 0, 0)
s = 37: (0, 17, 11, 0, 14, 0, 0, 16, 0, 0, 0, 0)
s = 38: (0, 27, 11, 0, 21, 0, 0, 16, 0, 0, 0, 0)
s = 39: (0, 15, 12, 0, 11, 0, 0, 11, 0, 0, 0, 0)
s = 40: (0, 16, 12, 0, 18, 0, 0, 15, 0, 0, 0, 0)
s = 41: (0, 15, 15, 0, 13, 0, 0, 10, 0, 0, 0, 0)
s = 42: (0, 15, 7, 0, 10, 0, 0, 8, 0, 0, 0, 0)
s = 43: (0, 13, 14, 0, 18, 0, 0, 11, 0, 0, 0, 0)
s = 44: (0, 25, 5, 0, 21, 0, 0, 8, 0, 0, 0, 0)
s = 45: (0, 18, 11, 0, 15, 0, 0, 15, 0, 0, 0, 0)
s = 46: (0, 24, 9, 0, 13, 0, 0, 11, 0, 0, 0, 0)
s = 47: (0, 21, 6, 0, 13, 0, 0, 11, 0, 0, 0, 0)
s = 48: (0, 16, 9, 0, 15, 0, 0, 11, 0, 0, 0, 0)
s = 49: (0, 15, 11, 0, 12, 0, 0, 11, 0, 0, 0, 0)
s = 50: (0, 20, 11, 0, 11, 0, 0, 16, 0, 0, 0, 0)
s = 51: (0, 19, 9, 0, 15, 0, 0, 13, 0, 0, 0, 0)
s = 52: (0, 13, 8, 0, 18, 0, 0, 10, 0, 0, 0, 0)
s = 53: (0, 17, 9, 0, 21, 0, 0, 16, 0, 0, 0, 0)
s = 54: (0, 12, 5, 0, 18, 0, 0, 7, 0, 0, 0, 0)
s = 55: (0, 19, 6, 0, 12, 0, 0, 10, 0, 0, 0, 0)
s = 56: (0, 22, 9, 0, 11, 0, 0, 8, 0, 0, 0, 0)
s = 57: (0, 11, 10, 0, 15, 0, 0, 14, 0, 0, 0, 0)
s = 58: (0, 21, 6, 0, 10, 0, 0, 15, 0, 0, 0, 0)
s = 59: (0, 18, 9, 0, 14, 0, 0, 13, 0, 0, 0, 0)
s = 60: (0, 12, 12, 0, 17, 0, 0, 11, 0, 0, 0, 0)
s = 61: (0, 16, 11, 0, 17, 0, 0, 14, 0, 0, 0, 0)
s = 62: (0, 13, 11, 0, 14, 0, 0, 10, 0, 0, 0, 0)
s = 63: (0, 18, 9, 0, 11, 0, 0, 8, 0, 0, 0, 0)
s = 64: (0, 19, 10, 0, 15, 0, 0, 8, 0, 0, 0, 0)
s = 65: (0, 18, 9, 0, 12, 0, 0, 15, 0, 0, 0, 0)
s = 66: (0, 12, 7, 0, 10, 0, 0, 19, 0, 0, 0, 0)
s = 67: (0, 16, 10, 0, 12, 0, 0, 11, 0, 0, 0, 0)
s = 68: (0, 18, 8, 0, 14, 0, 0, 9, 0, 0, 0, 0)
s = 69: (0, 10, 9, 0, 14, 0, 0, 8, 0, 0, 0, 0)
s = 70: (0, 11, 6, 0, 14, 0, 0, 13, 0, 0, 0, 0)
s = 71: (0, 12, 11, 0, 15, 0, 0, 8, 0, 0, 0, 0)
s = 72: (0, 19, 8, 0, 21, 0, 0, 9, 0, 0, 0, 0)
s = 73: (0, 24, 8, 0, 10, 0, 0, 9, 0, 0, 0, 0)
s = 74: (0, 26, 6, 0, 11, 0, 0, 18, 0, 0, 0, 0)
s = 75: (0, 15, 7, 0, 12, 0, 0, 14, 0, 0, 0, 0)
s = 76: (0, 19, 10, 0, 18, 0, 0, 15, 0, 0, 0, 0)
s = 77: (0, 10, 8, 0, 11, 0, 0, 9, 0, 0, 0, 0)
s = 78: (0, 10, 10, 0, 12, 0, 0, 11, 0, 0, 0, 0)
s = 79: (0, 14, 6, 0, 11, 0, 0, 7, 0, 0, 0, 0)
s = 80: (0, 10, 12, 0, 11, 0, 0, 14, 0, 0, 0, 0)
s = 81: (0, 26, 9, 0, 14, 0, 0, 12, 0, 0, 0, 0)
s = 82: (0, 13, 12, 0, 9, 0, 0, 12, 0, 0, 0, 0)
s = 83: (0, 10, 6, 0, 11, 0, 0, 20, 0, 0, 0, 0)
s = 84: (0, 17, 10, 0, 22, 0, 0, 8, 0, 0, 0, 0)
s = 85: (0, 14, 13, 0, 11, 0, 0, 19, 0, 0, 0, 0)
s = 86: (0, 15, 11, 0, 17, 0, 0, 12, 0, 0, 0, 0)
s = 87: (0, 18, 7, 0, 16, 0, 0, 12, 0, 0, 0, 0)
s = 88: (0, 10, 6, 0, 15, 0, 0, 10, 0, 0, 0, 0)
s = 89: (0, 17, 13, 0, 13, 0, 0, 9, 0, 0, 0, 0)
s = 90: (0, 13, 11, 0, 22, 0, 0, 9, 0, 0, 0, 0)
s = 91: (0, 10, 9, 0, 16, 0, 0, 8, 0, 0, 0, 0)
s = 92: (0, 15, 6, 0, 13, 0, 0, 9, 0, 0, 0, 0)
s = 93: (0, 17, 7, 0, 23, 0, 0, 19, 0, 0, 0, 0)
s = 94: (0, 18, 7, 0, 10, 0, 0, 10, 0, 0, 0, 0)
s = 95: (0, 16, 7, 0, 13, 0, 0, 11, 0, 0, 0, 0)
s = 96: (0, 16, 8, 0, 24, 0, 0, 13, 0, 0, 0, 0)
s = 97: (0, 8, 13, 0, 13, 0, 0, 18, 0, 0, 0, 0)
s = 98: (0, 11, 11, 0, 9, 0, 0, 8, 0, 0, 0, 0)
s = 99: (0, 16, 10, 0, 18, 0, 0, 14, 0, 0, 0, 0)
s = 100: (0, 13, 12, 0, 14, 0, 0, 14, 0, 0, 0, 0)
s = 101: (0, 17, 9, 0, 10, 0, 0, 10, 0, 0, 0, 0)
s = 102: (0, 13, 8, 0, 14, 0, 0, 20, 0, 0, 0, 0)
s = 103: (0, 9, 14, 0, 16, 0, 0, 22, 0, 0, 0, 0)
s = 104: (0, 22, 6, 0, 17, 0, 0, 18, 0, 0, 0, 0)
s = 105: (0, 22, 9, 0, 16, 0, 0, 11, 0, 0, 0, 0)
s = 106: (0, 15, 16, 0, 11, 0, 0, 17, 0, 0, 0, 0)
s = 107: (0, 18, 7, 0, 9, 0, 0, 13, 0, 0, 0, 0)
s = 108: (0, 29, 10, 0, 16, 0, 0, 7, 0, 0, 0, 0)
s = 109: (0, 14, 7, 0, 11, 0, 0, 7, 0, 0, 0, 0)
s = 110: (0, 14, 9, 0, 15, 0, 0, 20, 0, 0, 0, 0)
s = 111: (0, 16, 9, 0, 10, 0, 0, 14, 0, 0, 0, 0)
s = 112: (0, 25, 13, 0, 14, 0, 0, 21, 0, 0, 0, 0)
s = 113: (0, 20, 8, 0, 12, 0, 0, 10, 0, 0, 0, 0)
s = 114: (0, 12, 7, 0, 12, 0, 0, 11, 0, 0, 0, 0)
s = 115: (0, 11, 10, 0, 13, 0, 0, 11, 0, 0, 0, 0)
s = 116: (0, 14, 8, 0, 20, 0, 0, 15, 0, 0, 0, 0)
s = 117: (0, 17, 8, 0, 16, 0, 0, 12, 0, 0, 0, 0)
s = 118: (0, 14, 10, 0, 20, 0, 0, 13, 0, 0, 0, 0)
s = 119: (0, 13, 9, 0, 19, 0, 0, 8, 0, 0, 0, 0)
s = 120: (0, 13, 7, 0, 16, 0, 0, 10, 0, 0, 0, 0)
s = 121: (0, 9, 7, 0, 9, 0, 0, 16, 0, 0, 0, 0)
s = 122: (0, 15, 12, 0, 11, 0, 0, 13, 0, 0, 0, 0)
s = 123: (0, 14, 11, 0, 16, 0, 0, 10, 0, 0, 0, 0)
s = 124: (0, 13, 10, 0, 16, 0, 0, 8, 0, 0, 0, 0)
s = 125: (0, 15, 12, 0, 15, 0, 0, 12, 0, 0, 0, 0)
s = 126: (0, 23, 9, 0, 17, 0, 0, 9, 0, 0, 0, 0)
s = 127: (0, 18, 10, 0, 8, 0, 0, 10, 0, 0, 0, 0)
s = 128: (0, 19, 6, 0, 16, 0, 0, 9, 0, 0, 0, 0)
s = 129: (0, 24, 14, 0, 14, 0, 0, 12, 0, 0, 0, 0)
s = 130: (0, 11, 11, 0, 9, 0, 0, 13, 0, 0, 0, 0)
s = 131: (0, 13, 16, 0, 10, 0, 0, 9, 0, 0, 0, 0)
s = 132: (0, 24, 6, 0, 16, 0, 0, 11, 0, 0, 0, 0)
s = 133: (0, 15, 11, 0, 13, 0, 0, 13, 0, 0, 0, 0)
s = 134: (0, 18, 14, 0, 10, 0, 0, 15, 0, 0, 0, 0)
s = 135: (0, 19, 8, 0, 16, 0, 0, 13, 0, 0, 0, 0)
s = 136: (0, 18, 10, 0, 13, 0, 0, 9, 0, 0, 0, 0)
s = 137: (0, 9, 6, 0, 17, 0, 0, 9, 0, 0, 0, 0)
s = 138: (0, 14, 10, 0, 16, 0, 0, 15, 0, 0, 0, 0)
s = 139: (0, 20, 8, 0, 17, 0, 0, 12, 0, 0, 0, 0)
s = 140: (0, 15, 8, 0, 26, 0, 0, 13, 0, 0, 0, 0)
s = 141: (0, 18, 7, 0, 15, 0, 0, 12, 0, 0, 0, 0)
s = 142: (0, 20, 7, 0, 13, 0, 0, 15, 0, 0, 0, 0)
s = 143: (0, 15, 8, 0, 23, 0, 0, 14, 0, 0, 0, 0)
s = 144: (0, 12, 13, 0, 19, 0, 0, 13, 0, 0, 0, 0)
s = 145: (0, 12, 10, 0, 20, 0, 0, 11, 0, 0, 0, 0)
s = 146: (0, 17, 8, 0, 18, 0, 0, 11, 0, 0, 0, 0)
s = 147: (0, 20, 15, 0, 15, 0, 0, 15, 0, 0, 0, 0)
s = 148: (0, 12, 8, 0, 11, 0, 0, 16, 0, 0, 0, 0)
s = 149: (0, 16, 8, 0, 14, 0, 0, 16, 0, 0, 0, 0)
s = 150: (0, 11, 10, 0, 17, 0, 0, 16, 0, 0, 0, 0)
s = 151: (0, 9, 6, 0, 13, 0, 0, 10, 0, 0, 0, 0)
s = 152: (0, 28, 7, 0, 15, 0, 0, 11, 0, 0, 0, 0)
s = 153: (0, 21, 10, 0, 10, 0, 0, 13, 0, 0, 0, 0)
s = 154: (0, 11, 10, 0, 12, 0, 0, 14, 0, 0, 0, 0)
s = 155: (0, 26, 14, 0, 11, 0, 0, 11, 0, 0, 0, 0)
s = 156: (0, 22, 13, 0, 15, 0, 0, 11, 0, 0, 0, 0)
s = 157: (0, 19, 7, 0, 17, 0, 0, 11, 0, 0, 0, 0)
s = 158: (0, 12, 12, 0, 15, 0, 0, 19, 0, 0, 0, 0)
s = 159: (0, 16, 8, 0, 19, 0, 0, 14, 0, 0, 0, 0)
s = 160: (0, 14, 15, 0, 9, 0, 0, 16, 0, 0, 0, 0)
s = 161: (0, 12, 13, 0, 15, 0, 0, 13, 0, 0, 0, 0)
s = 162: (0, 10, 13, 0, 15, 0, 0, 9, 0, 0, 0, 0)
s = 163: (0, 16, 14, 0, 8, 0, 0, 9, 0, 0, 0, 0)
s = 164: (0, 12, 11, 0, 17, 0, 0, 15, 0, 0, 0, 0)
s = 165: (0, 15, 9, 0, 21, 0, 0, 18, 0, 0, 0, 0)
s = 166: (0, 12, 6, 0, 9, 0, 0, 13, 0, 0, 0, 0)
s = 167: (0, 20, 13, 0, 10, 0, 0, 10, 0, 0, 0, 0)
s = 168: (0, 17, 10, 0, 16, 0, 0, 7, 0, 0, 0, 0)
s = 169: (0, 16, 9, 0, 21, 0, 0, 10, 0, 0, 0, 0)
s = 170: (0, 21, 14, 0, 15, 0, 0, 14, 0, 0, 0, 0)
s = 171: (0, 12, 8, 0, 10, 0, 0, 11, 0, 0, 0, 0)
s = 172: (0, 16, 10, 0, 14, 0, 0, 8, 0, 0, 0, 0)
s = 173: (0, 12, 6, 0, 20, 0, 0, 18, 0, 0, 0, 0)
s = 174: (0, 16, 9, 0, 13, 0, 0, 11, 0, 0, 0, 0)
s = 175: (0, 9, 14, 0, 9, 0, 0, 8, 0, 0, 0, 0)
s = 176: (0, 18, 9, 0, 11, 0, 0, 13, 0, 0, 0, 0)
s = 177: (0, 17, 11, 0, 8, 0, 0, 18, 0, 0, 0, 0)
s = 178: (0, 11, 9, 0, 19, 0, 0, 9, 0, 0, 0, 0)
s = 179: (0, 11, 6, 0, 10, 0, 0, 18, 0, 0, 0, 0)
s = 180: (0, 18, 16, 0, 16, 0, 0, 13, 0, 0, 0, 0)
s = 181: (0, 18, 10, 0, 12, 0, 0, 9, 0, 0, 0, 0)
s = 182: (0, 16, 7, 0, 15, 0, 0, 8, 0, 0, 0, 0)
s = 183: (0, 19, 12, 0, 13, 0, 0, 12, 0, 0, 0, 0)
s = 184: (0, 17, 6, 0, 18, 0, 0, 8, 0, 0, 0, 0)
s = 185: (0, 18, 7, 0, 15, 0, 0, 9, 0, 0, 0, 0)
s = 186: (0, 15, 9, 0, 12, 0, 0, 9, 0, 0, 0, 0)
s = 187: (0, 16, 9, 0, 14, 0, 0, 11, 0, 0, 0, 0)
s = 188: (0, 15, 14, 0, 10, 0, 0, 11, 0, 0, 0, 0)
s = 189: (0, 15, 12, 0, 15, 0, 0, 13, 0, 0, 0, 0)
s = 190: (0, 16, 10, 0, 13, 0, 0, 19, 0, 0, 0, 0)
s = 191: (0, 14, 8, 0, 14, 0, 0, 15, 0, 0, 0, 0)
s = 192: (0, 10, 12, 0, 20, 0, 0, 9, 0, 0, 0, 0)
s = 193: (0, 16, 11, 0, 14, 0, 0, 14, 0, 0, 0, 0)
s = 194: (0, 16, 9, 0, 9, 0, 0, 19, 0, 0, 0, 0)
s = 195: (0, 12, 8, 0, 21, 0, 0, 20, 0, 0, 0, 0)
s = 196: (0, 18, 6, 0, 15, 0, 0, 16, 0, 0, 0, 0)
s = 197: (0, 15, 9, 0, 14, 0, 0, 9, 0, 0, 0, 0)
s = 198: (0, 12, 9, 0, 13, 0, 0, 11, 0, 0, 0, 0)
s = 199: (0, 10, 8, 0, 21, 0, 0, 9, 0, 0, 0, 0)
s = 200: (0, 24, 7, 0, 8, 0, 0, 17, 0, 0, 0, 0)
------------------------------------------------------------------------
RESOURCE k = 4
s = 1: (0, 0, 0, 22, 0, 34, 40, 0, 27, 8, 63, 0)
s = 2: (0, 0, 0, 33, 0, 26, 30, 0, 31, 8, 67, 0)
s = 3: (0, 0, 0, 52, 0, 25, 62, 0, 45, 6, 55, 0)
s = 4: (0, 0, 0, 24, 0, 38, 52, 0, 27, 8, 69, 0)
s = 5: (0, 0, 0, 37, 0, 36, 48, 0, 37, 10, 62, 0)
s = 6: (0, 0, 0, 28, 0, 38, 42, 0, 31, 12, 69, 0)
s = 7: (0, 0, 0, 29, 0, 42, 36, 0, 32, 10, 30, 0)
s = 8: (0, 0, 0, 48, 0, 35, 48, 0, 35, 8, 49, 0)
s = 9: (0, 0, 0, 47, 0, 45, 51, 0, 24, 11, 41, 0)
s = 10: (0, 0, 0, 23, 0, 49, 36, 0, 22, 9, 58, 0)
s = 11: (0, 0, 0, 23, 0, 24, 37, 0, 21, 13, 45, 0)
s = 12: (0, 0, 0, 28, 0, 36, 30, 0, 20, 10, 46, 0)
s = 13: (0, 0, 0, 39, 0, 39, 56, 0, 24, 15, 48, 0)
s = 14: (0, 0, 0, 26, 0, 29, 36, 0, 28, 10, 45, 0)
s = 15: (0, 0, 0, 49, 0, 47, 32, 0, 27, 13, 54, 0)
s = 16: (0, 0, 0, 31, 0, 39, 42, 0, 18, 10, 41, 0)
s = 17: (0, 0, 0, 36, 0, 48, 43, 0, 15, 12, 63, 0)
s = 18: (0, 0, 0, 28, 0, 30, 35, 0, 30, 10, 46, 0)
s = 19: (0, 0, 0, 35, 0, 33, 39, 0, 22, 12, 54, 0)
s = 20: (0, 0, 0, 38, 0, 35, 31, 0, 26, 10, 65, 0)
s = 21: (0, 0, 0, 28, 0, 37, 36, 0, 23, 14, 47, 0)
s = 22: (0, 0, 0, 22, 0, 49, 50, 0, 21, 7, 59, 0)
s = 23: (0, 0, 0, 20, 0, 34, 69, 0, 31, 9, 31, 0)
s = 24: (0, 0, 0, 20, 0, 33, 53, 0, 19, 14, 55, 0)
s = 25: (0, 0, 0, 21, 0, 60, 37, 0, 38, 7, 42, 0)
s = 26: (0, 0, 0, 51, 0, 42, 65, 0, 16, 9, 52, 0)
s = 27: (0, 0, 0, 41, 0, 28, 55, 0, 46, 9, 34, 0)
s = 28: (0, 0, 0, 38, 0, 36, 52, 0, 24, 10, 58, 0)
s = 29: (0, 0, 0, 20, 0, 39, 56, 0, 43, 9, 41, 0)
s = 30: (0, 0, 0, 33, 0, 43, 67, 0, 26, 7, 31, 0)
s = 31: (0, 0, 0, 29, 0, 57, 26, 0, 34, 12, 54, 0)
s = 32: (0, 0, 0, 21, 0, 39, 42, 0, 21, 9, 48, 0)
s = 33: (0, 0, 0, 42, 0, 32, 46, 0, 32, 17, 46, 0)
s = 34: (0, 0, 0, 41, 0, 41, 63, 0, 19, 7, 39, 0)
s = 35: (0, 0, 0, 43, 0, 51, 49, 0, 30, 8, 49, 0)
s = 36: (0, 0, 0, 33, 0, 22, 67, 0, 24, 7, 59, 0)
s = 37: (0, 0, 0, 27, 0, 29, 46, 0, 37, 6, 40, 0)
s = 38: (0, 0, 0, 34, 0, 32, 68, 0, 32, 9, 41, 0)
s = 39: (0, 0, 0, 19, 0, 37, 81, 0, 30, 8, 36, 0)
s = 40: (0, 0, 0, 50, 0, 33, 34, 0, 21, 9, 62, 0)
s = 41: (0, 0, 0, 28, 0, 24, 56, 0, 32, 9, 45, 0)
s = 42: (0, 0, 0, 40, 0, 27, 52, 0, 24, 9, 36, 0)
s = 43: (0, 0, 0, 39, 0, 25, 78, 0, 29, 10, 66, 0)
s = 44: (0, 0, 0, 42, 0, 36, 36, 0, 39, 8, 54, 0)
s = 45: (0, 0, 0, 33, 0, 44, 46, 0, 34, 11, 56, 0)
s = 46: (0, 0, 0, 20, 0, 49, 52, 0, 21, 13, 42, 0)
s = 47: (0, 0, 0, 22, 0, 26, 33, 0, 21, 8, 64, 0)
s = 48: (0, 0, 0, 28, 0, 29, 44, 0, 34, 13, 49, 0)
s = 49: (0, 0, 0, 28, 0, 46, 48, 0, 22, 8, 43, 0)
s = 50: (0, 0, 0, 31, 0, 29, 57, 0, 21, 9, 44, 0)
s = 51: (0, 0, 0, 32, 0, 32, 56, 0, 21, 8, 30, 0)
s = 52: (0, 0, 0, 24, 0, 45, 63, 0, 34, 11, 70, 0)
s = 53: (0, 0, 0, 26, 0, 26, 40, 0, 24, 10, 27, 0)
s = 54: (0, 0, 0, 26, 0, 31, 48, 0, 21, 10, 49, 0)
s = 55: (0, 0, 0, 34, 0, 21, 81, 0, 19, 10, 50, 0)
s = 56: (0, 0, 0, 40, 0, 28, 55, 0, 33, 7, 32, 0)
s = 57: (0, 0, 0, 23, 0, 40, 27, 0, 26, 12, 50, 0)
s = 58: (0, 0, 0, 27, 0, 32, 43, 0, 21, 13, 42, 0)
s = 59: (0, 0, 0, 23, 0, 23, 30, 0, 23, 14, 58, 0)
s = 60: (0, 0, 0, 40, 0, 44, 56, 0, 27, 9, 35, 0)
s = 61: (0, 0, 0, 27, 0, 54, 47, 0, 23, 6, 41, 0)
s = 62: (0, 0, 0, 25, 0, 33, 40, 0, 28, 7, 34, 0)
s = 63: (0, 0, 0, 30, 0, 49, 42, 0, 21, 13, 45, 0)
s = 64: (0, 0, 0, 35, 0, 44, 33, 0, 36, 12, 38, 0)
s = 65: (0, 0, 0, 41, 0, 23, 32, 0, 35, 9, 45, 0)
s = 66: (0, 0, 0, 18, 0, 50, 33, 0, 28, 11, 67, 0)
s = 67: (0, 0, 0, 34, 0, 25, 26, 0, 34, 9, 51, 0)
s = 68: (0, 0, 0, 25, 0, 50, 40, 0, 17, 6, 43, 0)
s = 69: (0, 0, 0, 27, 0, 34, 69, 0, 32, 11, 41, 0)
s = 70: (0, 0, 0, 22, 0, 28, 60, 0, 31, 9, 53, 0)
s = 71: (0, 0, 0, 24, 0, 45, 48, 0, 25, 11, 48, 0)
s = 72: (0, 0, 0, 27, 0, 22, 33, 0, 39, 10, 44, 0)
s = 73: (0, 0, 0, 24, 0, 46, 34, 0, 19, 9, 33, 0)
s = 74: (0, 0, 0, 35, 0, 47, 37, 0, 23, 10, 72, 0)
s = 75: (0, 0, 0, 36, 0, 41, 39, 0, 19, 15, 65, 0)
s = 76: (0, 0, 0, 37, 0, 37, 61, 0, 45, 9, 48, 0)
s = 77: (0, 0, 0, 42, 0, 35, 36, 0, 34, 9, 54, 0)
s = 78: (0, 0, 0, 24, 0, 27, 32, 0, 31, 12, 40, 0)
s = 79: (0, 0, 0, 32, 0, 23, 40, 0, 27, 6, 36, 0)
s = 80: (0, 0, 0, 22, 0, 23, 54, 0, 32, 7, 52, 0)
s = 81: (0, 0, 0, 38, 0, 27, 34, 0, 21, 15, 44, 0)
s = 82: (0, 0, 0, 32, 0, 43, 30, 0, 38, 8, 59, 0)
s = 83: (0, 0, 0, 16, 0, 29, 92, 0, 23, 9, 56, 0)
s = 84: (0, 0, 0, 27, 0, 27, 53, 0, 27, 7, 35, 0)
s = 85: (0, 0, 0, 24, 0, 45, 34, 0, 31, 6, 39, 0)
s = 86: (0, 0, 0, 22, 0, 30, 39, 0, 24, 11, 51, 0)
s = 87: (0, 0, 0, 35, 0, 44, 50, 0, 26, 7, 34, 0)
s = 88: (0, 0, 0, 27, 0, 25, 51, 0, 26, 13, 90, 0)
s = 89: (0, 0, 0, 47, 0, 29, 52, 0, 36, 8, 56, 0)
s = 90: (0, 0, 0, 38, 0, 49, 31, 0, 25, 7, 46, 0)
s = 91: (0, 0, 0, 37, 0, 49, 44, 0, 22, 6, 78, 0)
s = 92: (0, 0, 0, 27, 0, 30, 44, 0, 48, 8, 52, 0)
s = 93: (0, 0, 0, 35, 0, 44, 40, 0, 22, 10, 71, 0)
s = 94: (0, 0, 0, 32, 0, 29, 43, 0, 26, 9, 51, 0)
s = 95: (0, 0, 0, 46, 0, 33, 28, 0, 21, 7, 33, 0)
s = 96: (0, 0, 0, 21, 0, 24, 44, 0, 27, 12, 32, 0)
s = 97: (0, 0, 0, 22, 0, 36, 69, 0, 25, 11, 47, 0)
s = 98: (0, 0, 0, 20, 0, 26, 71, 0, 23, 7, 34, 0)
s = 99: (0, 0, 0, 33, 0, 28, 58, 0, 31, 9, 56, 0)
s = 100: (0, 0, 0, 25, 0, 37, 44, 0, 44, 8, 67, 0)
s = 101: (0, 0, 0, 32, 0, 51, 44, 0, 23, 9, 39, 0)
s = 102: (0, 0, 0, 43, 0, 38, 48, 0, 29, 7, 57, 0)
s = 103: (0, 0, 0, 17, 0, 38, 37, 0, 18, 7, 39, 0)
s = 104: (0, 0, 0, 26, 0, 37, 40, 0, 27, 11, 51, 0)
s = 105: (0, 0, 0, 29, 0, 36, 41, 0, 21, 10, 46, 0)
s = 106: (0, 0, 0, 30, 0, 49, 55, 0, 28, 8, 52, 0)
s = 107: (0, 0, 0, 46, 0, 41, 54, 0, 24, 8, 56, 0)
s = 108: (0, 0, 0, 29, 0, 38, 55, 0, 22, 10, 37, 0)
s = 109: (0, 0, 0, 23, 0, 22, 40, 0, 27, 9, 37, 0)
s = 110: (0, 0, 0, 34, 0, 26, 60, 0, 28, 6, 60, 0)
s = 111: (0, 0, 0, 49, 0, 32, 47, 0, 40, 17, 53, 0)
s = 112: (0, 0, 0, 40, 0, 31, 46, 0, 31, 10, 29, 0)
s = 113: (0, 0, 0, 29, 0, 45, 50, 0, 36, 8, 43, 0)
s = 114: (0, 0, 0, 25, 0, 33, 34, 0, 22, 9, 66, 0)
s = 115: (0, 0, 0, 26, 0, 28, 57, 0, 33, 8, 66, 0)
s = 116: (0, 0, 0, 17, 0, 24, 53, 0, 39, 10, 30, 0)
s = 117: (0, 0, 0, 23, 0, 36, 46, 0, 32, 13, 29, 0)
s = 118: (0, 0, 0, 21, 0, 49, 60, 0, 29, 12, 46, 0)
s = 119: (0, 0, 0, 35, 0, 39, 29, 0, 32, 7, 34, 0)
s = 120: (0, 0, 0, 32, 0, 58, 38, 0, 29, 7, 65, 0)
s = 121: (0, 0, 0, 28, 0, 29, 36, 0, 43, 6, 47, 0)
s = 122: (0, 0, 0, 30, 0, 30, 46, 0, 31, 10, 51, 0)
s = 123: (0, 0, 0, 22, 0, 27, 61, 0, 25, 9, 42, 0)
s = 124: (0, 0, 0, 22, 0, 36, 62, 0, 19, 8, 41, 0)
s = 125: (0, 0, 0, 33, 0, 25, 48, 0, 22, 11, 38, 0)
s = 126: (0, 0, 0, 26, 0, 35, 43, 0, 19, 9, 50, 0)
s = 127: (0, 0, 0, 42, 0, 30, 46, 0, 19, 10, 45, 0)
s = 128: (0, 0, 0, 40, 0, 40, 33, 0, 17, 7, 51, 0)
s = 129: (0, 0, 0, 22, 0, 23, 40, 0, 20, 10, 59, 0)
s = 130: (0, 0, 0, 51, 0, 28, 50, 0, 23, 7, 54, 0)
s = 131: (0, 0, 0, 41, 0, 32, 39, 0, 18, 7, 57, 0)
s = 132: (0, 0, 0, 24, 0, 31, 44, 0, 23, 6, 36, 0)
s = 133: (0, 0, 0, 26, 0, 41, 43, 0, 20, 9, 36, 0)
s = 134: (0, 0, 0, 21, 0, 24, 60, 0, 49, 13, 41, 0)
s = 135: (0, 0, 0, 44, 0, 30, 50, 0, 23, 13, 59, 0)
s = 136: (0, 0, 0, 24, 0, 39, 36, 0, 29, 9, 58, 0)
s = 137: (0, 0, 0, 29, 0, 32, 53, 0, 24, 13, 41, 0)
s = 138: (0, 0, 0, 36, 0, 57, 47, 0, 32, 6, 34, 0)
s = 139: (0, 0, 0, 39, 0, 35, 37, 0, 30, 12, 48, 0)
s = 140: (0, 0, 0, 30, 0, 35, 60, 0, 21, 10, 41, 0)
s = 141: (0, 0, 0, 25, 0, 45, 69, 0, 24, 11, 32, 0)
s = 142: (0, 0, 0, 20, 0, 34, 47, 0, 18, 14, 38, 0)
s = 143: (0, 0, 0, 32, 0, 26, 61, 0, 28, 11, 46, 0)
s = 144: (0, 0, 0, 31, 0, 35, 30, 0, 23, 9, 25, 0)
s = 145: (0, 0, 0, 23, 0, 45, 62, 0, 31, 7, 51, 0)
s = 146: (0, 0, 0, 28, 0, 25, 58, 0, 27, 7, 38, 0)
s = 147: (0, 0, 0, 23, 0, 47, 27, 0, 35, 12, 32, 0)
s = 148: (0, 0, 0, 20, 0, 19, 77, 0, 43, 10, 26, 0)
s = 149: (0, 0, 0, 27, 0, 45, 50, 0, 37, 12, 31, 0)
s = 150: (0, 0, 0, 26, 0, 32, 53, 0, 19, 10, 36, 0)
s = 151: (0, 0, 0, 19, 0, 44, 44, 0, 20, 11, 43, 0)
s = 152: (0, 0, 0, 20, 0, 53, 42, 0, 29, 10, 34, 0)
s = 153: (0, 0, 0, 35, 0, 43, 76, 0, 33, 8, 32, 0)
s = 154: (0, 0, 0, 35, 0, 40, 42, 0, 15, 13, 46, 0)
s = 155: (0, 0, 0, 25, 0, 45, 45, 0, 17, 9, 33, 0)
s = 156: (0, 0, 0, 44, 0, 47, 42, 0, 33, 9, 52, 0)
s = 157: (0, 0, 0, 32, 0, 30, 45, 0, 22, 11, 47, 0)
s = 158: (0, 0, 0, 40, 0, 35, 51, 0, 18, 8, 35, 0)
s = 159: (0, 0, 0, 40, 0, 37, 39, 0, 25, 12, 46, 0)
s = 160: (0, 0, 0, 32, 0, 33, 53, 0, 34, 9, 58, 0)
s = 161: (0, 0, 0, 19, 0, 23, 39, 0, 38, 6, 61, 0)
s = 162: (0, 0, 0, 39, 0, 25, 51, 0, 20, 12, 69, 0)
s = 163: (0, 0, 0, 25, 0, 36, 41, 0, 30, 11, 34, 0)
s = 164: (0, 0, 0, 36, 0, 36, 34, 0, 16, 7, 37, 0)
s = 165: (0, 0, 0, 16, 0, 52, 57, 0, 32, 11, 36, 0)
s = 166: (0, 0, 0, 38, 0, 29, 38, 0, 27, 9, 64, 0)
s = 167: (0, 0, 0, 40, 0, 39, 45, 0, 28, 6, 53, 0)
s = 168: (0, 0, 0, 34, 0, 22, 69, 0, 28, 6, 50, 0)
s = 169: (0, 0, 0, 33, 0, 50, 40, 0, 20, 8, 57, 0)
s = 170: (0, 0, 0, 34, 0, 36, 36, 0, 25, 11, 35, 0)
s = 171: (0, 0, 0, 29, 0, 28, 51, 0, 17, 8, 48, 0)
s = 172: (0, 0, 0, 21, 0, 36, 27, 0, 31, 6, 41, 0)
s = 173: (0, 0, 0, 26, 0, 43, 65, 0, 32, 10, 27, 0)
s = 174: (0, 0, 0, 26, 0, 44, 58, 0, 20, 6, 63, 0)
s = 175: (0, 0, 0, 19, 0, 25, 44, 0, 35, 10, 40, 0)
s = 176: (0, 0, 0, 53, 0, 28, 66, 0, 16, 10, 48, 0)
s = 177: (0, 0, 0, 27, 0, 31, 33, 0, 30, 8, 44, 0)
s = 178: (0, 0, 0, 49, 0, 44, 75, 0, 31, 11, 35, 0)
s = 179: (0, 0, 0, 20, 0, 44, 60, 0, 30, 8, 32, 0)
s = 180: (0, 0, 0, 46, 0, 65, 37, 0, 32, 14, 38, 0)
s = 181: (0, 0, 0, 25, 0, 22, 29, 0, 42, 10, 66, 0)
s = 182: (0, 0, 0, 48, 0, 51, 31, 0, 22, 8, 31, 0)
s = 183: (0, 0, 0, 24, 0, 40, 45, 0, 20, 12, 35, 0)
s = 184: (0, 0, 0, 29, 0, 40, 72, 0, 22, 7, 43, 0)
s = 185: (0, 0, 0, 32, 0, 34, 62, 0, 36, 6, 56, 0)
s = 186: (0, 0, 0, 21, 0, 43, 50, 0, 21, 12, 37, 0)
s = 187: (0, 0, 0, 47, 0, 30, 53, 0, 35, 12, 49, 0)
s = 188: (0, 0, 0, 23, 0, 38, 31, 0, 37, 12, 82, 0)
s = 189: (0, 0, 0, 22, 0, 46, 31, 0, 24, 8, 35, 0)
s = 190: (0, 0, 0, 22, 0, 47, 49, 0, 34, 11, 42, 0)
s = 191: (0, 0, 0, 30, 0, 29, 51, 0, 15, 14, 51, 0)
s = 192: (0, 0, 0, 29, 0, 28, 49, 0, 22, 7, 51, 0)
s = 193: (0, 0, 0, 23, 0, 41, 35, 0, 22, 7, 48, 0)
s = 194: (0, 0, 0, 17, 0, 34, 47, 0, 20, 9, 52, 0)
s = 195: (0, 0, 0, 37, 0, 27, 25, 0, 22, 9, 38, 0)
s = 196: (0, 0, 0, 32, 0, 33, 64, 0, 25, 8, 53, 0)
s = 197: (0, 0, 0, 31, 0, 30, 32, 0, 26, 10, 82, 0)
s = 198: (0, 0, 0, 20, 0, 36, 55, 0, 28, 13, 44, 0)
s = 199: (0, 0, 0, 33, 0, 59, 86, 0, 25, 10, 40, 0)
s = 200: (0, 0, 0, 24, 0, 53, 57, 0, 18, 6, 69, 0)
************************************************************************
ES/LS-VALUES:
jobnr.   ES(i)    LS(i)
------------------------------------------------------------------------
  0        0        0
  1        0       48
  2        0       70
  3        0       43
  4       10       54
  5        5       55
  6       13       58
  7       18       68
  8        5       78
  9       21       82
 10       26       72
 11       37       84
************************************************************************
BIG-M-VALUES:
M1 = 67, M2 = 293
************************************************************************
