************************************************************************
file with basedata            : j9033_.bas
initial value random generator: 1010467814
************************************************************************
projects                      :  1
jobs (incl. supersource/sink ):  92
horizon                       :  452
RESOURCES
  - renewable                 :  4   R
  - nonrenewable              :  0   N
  - doubly constrained        :  0   D
************************************************************************
PROJECT INFORMATION:
pronr.  #jobs rel.date duedate tardcost  MPM-Time
    1     90      0       99       14       99
************************************************************************
PRECEDENCE RELATIONS:
jobnr.    #modes  #successors   successors
   0        1          3           1   2   3
   1        1          3          40  44  83
   2        1          3           5  35  50
   3        1          3           4  17  42
   4        1          3           7  27  30
   5        1          3           6  15  22
   6        1          2          11  39
   7        1          3           8  12  14
   8        1          3           9  21  47
   9        1          3          10  13  18
  10        1          3          11  32  71
  11        1          3          31  43  70
  12        1          2          19  23
  13        1          3          62  71  86
  14        1          2          38  51
  15        1          2          16  24
  16        1          1          20
  17        1          3          24  46  65
  18        1          3          24  37  46
  19        1          3          25  26  51
  20        1          3          28  51  56
  21        1          2          37  58
  22        1          3          39  45  85
  23        1          2          34  49
  24        1          3          25  34  62
  25        1          2          28  74
  26        1          3          29  36  48
  27        1          3          44  47  60
  28        1          2          32  54
  29        1          2          52  58
  30        1          3          33  43  53
  31        1          3          41  49  60
  32        1          3          64  77  78
  33        1          2          35  76
  34        1          3          56  61  66
  35        1          1          87
  36        1          3          44  72  74
  37        1          2          53  57
  38        1          3          52  66  69
  39        1          3          48  63  79
  40        1          3          42  43  59
  41        1          3          46  52  63
  42        1          3          49  56  88
  43        1          3          57  62  67
  44        1          3          50  54  55
  45        1          3          47  53  76
  46        1          3          55  69  82
  47        1          2          48  79
  48        1          3          64  67  71
  49        1          1          79
  50        1          1          82
  51        1          3          54  58  75
  52        1          3          55  65  73
  53        1          1          70
  54        1          1          59
  55        1          1          59
  56        1          1          68
  57        1          2          60  63
  58        1          3          61  70  78
  59        1          2          61  90
  60        1          2          65  85
  61        1          2          67  85
  62        1          2          66  68
  63        1          2          64  82
  64        1          3          68  69  72
  65        1          1          75
  66        1          2          74  77
  67        1          1          80
  68        1          1          81
  69        1          1          80
  70        1          1          83
  71        1          2          72  81
  72        1          2          75  89
  73        1          2          76  83
  74        1          1          80
  75        1          1          84
  76        1          2          77  78
  77        1          1          81
  78        1          1          88
  79        1          1          84
  80        1          2          87  89
  81        1          1          90
  82        1          2          84  86
  83        1          1          86
  84        1          1          90
  85        1          1          89
  86        1          1          87
  87        1          1          88
  88        1          1          91
  89        1          1          91
  90        1          1          91
  91        1          0        
************************************************************************
REQUESTS/DURATIONS:
jobnr. mode duration  R 1  R 2  R 3  R 4  E(W 1)
------------------------------------------------------------------------
  0      1     0       0    0    0    0     0
  1      1     5       0    0    0    5    25
  2      1     4       8    0    0    0    32
  3      1     1       9    0    0    0     9
  4      1    10       0    0   10    0    100
  5      1     5       0    0   10    0    50
  6      1     4       0    0    5    0    20
  7      1     7       0    0    8    0    56
  8      1     4       0    0    5    0    20
  9      1     9       8    0    0    0    72
 10      1     1       0    3    0    0     3
 11      1     4       0    0    2    0     8
 12      1     2       0    0    0   10    20
 13      1    10       0    0    8    0    80
 14      1     5       0    0    0    6    30
 15      1    10       3    0    0    0    30
 16      1     3       0    9    0    0    27
 17      1    10       0    0    8    0    80
 18      1     9       0    0    8    0    72
 19      1     8       0    2    0    0    16
 20      1     3       9    0    0    0    27
 21      1     3       1    0    0    0     6
 22      1     1       0    0    0    2     2
 23      1     3       4    0    0    0    12
 24      1    10       0    9    0    0    90
 25      1     9       6    0    0    0    54
 26      1     6       0    5    0    0    30
 27      1     7       0    0    4    0    28
 28      1     6       0   10    0    0    60
 29      1     7       8    0    0    0    56
 30      1     1       2    0    0    0     2
 31      1    10       0    5    0    0    50
 32      1     9       0    0    0    4    36
 33      1     6       0    0    1    0    12
 34      1    10       0    0    1    0    20
 35      1     5       1    0    0    0    10
 36      1     6       0    0    0    4    24
 37      1     7       0    0    9    0    63
 38      1     1       0    0    3    0     3
 39      1     3       0    0    0    5    15
 40      1     3       0    0    0    4    12
 41      1     4       0    0    0    2     8
 42      1     4       0    0    0    3    12
 43      1     1       0    0    3    0     3
 44      1     9       0    0    2    0    18
 45      1     8       0    0    0    6    48
 46      1     4       2    0    0    0     8
 47      1     2       0    0    0    4     8
 48      1     5       0    0    0    9    45
 49      1     2       0    0    0    2     4
 50      1     1       0    0    5    0     5
 51      1    10       0    0    0    4    40
 52      1     3       7    0    0    0    21
 53      1     2       0    9    0    0    18
 54      1     7       0    0    7    0    49
 55      1     6       3    0    0    0    18
 56      1     2       0    0    0   10    20
 57      1     2       0    0    9    0    18
 58      1     5       0    0    9    0    45
 59      1     2       0    0    1    0     4
 60      1     4       0    0   10    0    40
 61      1     5       0    0    0    9    45
 62      1     4       0    0    0    6    24
 63      1     1       0    0    4    0     4
 64      1     2       7    0    0    0    14
 65      1     9       0    0    0    2    18
 66      1     4       0    0    0    5    20
 67      1     2       1    0    0    0     4
 68      1     4       0    0    0    3    12
 69      1     2       1    0    0    0     4
 70      1     4       0    6    0    0    24
 71      1     1       0    1    0    0     2
 72      1     8       0    8    0    0    64
 73      1    10       0    0    0    5    50
 74      1     6       0    4    0    0    24
 75      1    10       0    0    4    0    40
 76      1     6       0    3    0    0    18
 77      1     7      10    0    0    0    70
 78      1     6       9    0    0    0    54
 79      1     4       0    0    2    0     8
 80      1     5       0    7    0    0    35
 81      1     9       0    0    0    9    81
 82      1     1       0    1    0    0     2
 83      1     6       0    0    8    0    48
 84      1     3       0    0    0    5    15
 85      1     9       0    0    0    5    45
 86      1     1       0    3    0    0     3
 87      1     1       4    0    0    0     4
 88      1     3       0   10    0    0    30
 89      1     7       5    0    0    0    35
 90      1     2       4    0    0    0     8
 91      1     0       0    0    0    0     0
************************************************************************
RESOURCEAVAILABILITIES:
  R 1
   51
************************************************************************
RESOURCE LIMITS:
jobnr.  l(R 1)  u(R 1)
------------------------------------------------------------------------
  0        0       0
  1        3       5
  2        4       8
  3        5       9
  4        5      10
  5        5      10
  6        3       5
  7        4       8
  8        3       5
  9        4       8
 10        2       3
 11        1       2
 12        5      10
 13        4       8
 14        3       6
 15        2       3
 16        5       9
 17        4       8
 18        4       8
 19        1       2
 20        5       9
 21        1       2
 22        1       2
 23        2       4
 24        5       9
 25        3       6
 26        3       5
 27        2       4
 28        5      10
 29        4       8
 30        1       2
 31        3       5
 32        2       4
 33        1       2
 34        1       2
 35        1       2
 36        2       4
 37        5       9
 38        2       3
 39        3       5
 40        2       4
 41        1       2
 42        2       3
 43        2       3
 44        1       2
 45        3       6
 46        1       2
 47        2       4
 48        5       9
 49        1       2
 50        3       5
 51        2       4
 52        4       7
 53        5       9
 54        4       7
 55        2       3
 56        5      10
 57        5       9
 58        5       9
 59        1       2
 60        5      10
 61        5       9
 62        3       6
 63        2       4
 64        4       7
 65        1       2
 66        3       5
 67        1       2
 68        2       3
 69        1       2
 70        3       6
 71        1       2
 72        4       8
 73        3       5
 74        2       4
 75        2       4
 76        2       3
 77        5      10
 78        5       9
 79        1       2
 80        4       7
 81        5       9
 82        1       2
 83        4       8
 84        3       5
 85        3       5
 86        2       3
 87        2       4
 88        5      10
 89        3       5
 90        2       4
 91        0       0
************************************************************************
SCENARIOS:
------------------------------------------------------------------------
RESOURCE k = 1
s = 1: (0, 15, 26, 9, 135, 54, 15, 34, 14, 54, 4, 8, 18, 113, 26, 19, 36, 61, 76, 16, 29, 8, 2, 9, 124, 64, 30, 29, 68, 66, 2, 38, 61, 12, 18, 8, 18, 74, 3, 20, 12, 6, 9, 3, 24, 37, 7, 12, 44, 4, 6, 39, 19, 16, 51, 21, 22, 13, 50, 4, 31, 54, 23, 3, 12, 18, 24, 4, 14, 5, 37, 3, 73, 50, 33, 44, 17, 72, 33, 8, 28, 89, 4, 34, 19, 39, 3, 4, 47, 34, 11, 0)
s = 2: (0, 18, 21, 15, 74, 27, 19, 48, 25, 58, 4, 9, 18, 73, 27, 35, 19, 94, 38, 20, 27, 9, 2, 18, 130, 66, 25, 29, 41, 49, 3, 71, 34, 13, 36, 15, 20, 73, 6, 16, 7, 9, 15, 3, 17, 34, 9, 7, 54, 7, 5, 31, 27, 24, 39, 22, 22, 16, 29, 4, 53, 42, 29, 4, 18, 18, 20, 3, 16, 4, 20, 2, 70, 39, 36, 44, 23, 97, 70, 10, 24, 107, 3, 31, 10, 49, 4, 4, 45, 38, 7, 0)
s = 3: (0, 21, 26, 9, 93, 58, 22, 58, 16, 45, 2, 12, 18, 69, 32, 22, 25, 65, 66, 16, 23, 11, 3, 15, 98, 46, 32, 26, 53, 70, 2, 48, 48, 11, 20, 7, 37, 71, 4, 16, 13, 8, 13, 3, 11, 58, 5, 5, 28, 5, 4, 32, 20, 19, 29, 17, 21, 21, 43, 4, 22, 47, 32, 6, 15, 28, 22, 5, 10, 6, 29, 3, 70, 63, 23, 45, 15, 66, 77, 11, 60, 76, 2, 63, 13, 25, 4, 5, 27, 29, 8, 0)
s = 4: (0, 36, 40, 8, 117, 50, 18, 55, 13, 55, 2, 5, 27, 73, 38, 40, 21, 74, 64, 25, 30, 8, 3, 14, 78, 40, 20, 33, 62, 62, 3, 42, 39, 14, 29, 9, 17, 89, 5, 18, 12, 10, 16, 3, 15, 51, 9, 12, 61, 4, 4, 27, 30, 19, 33, 18, 17, 16, 31, 5, 52, 47, 23, 3, 17, 15, 25, 3, 11, 4, 25, 2, 85, 45, 26, 42, 21, 108, 54, 8, 32, 68, 4, 64, 15, 67, 3, 5, 22, 24, 11, 0)
s = 5: (0, 25, 27, 14, 53, 52, 15, 67, 19, 67, 3, 10, 21, 70, 30, 38, 27, 53, 84, 23, 23, 7, 3, 17, 122, 42, 24, 17, 63, 66, 2, 59, 31, 10, 19, 9, 25, 47, 4, 16, 12, 7, 13, 3, 22, 90, 8, 11, 38, 5, 5, 29, 17, 28, 30, 14, 22, 13, 47, 4, 52, 61, 36, 4, 10, 22, 16, 5, 12, 4, 34, 3, 44, 51, 23, 37, 15, 111, 38, 11, 31, 78, 2, 55, 16, 55, 3, 5, 37, 45, 11, 0)
s = 6: (0, 27, 32, 10, 64, 39, 23, 73, 20, 46, 4, 7, 15, 45, 28, 39, 27, 72, 128, 16, 28, 7, 3, 15, 125, 52, 34, 35, 47, 63, 2, 48, 23, 16, 23, 7, 20, 67, 3, 15, 12, 10, 10, 2, 16, 44, 9, 8, 49, 4, 5, 34, 31, 17, 39, 15, 22, 11, 62, 5, 50, 45, 29, 3, 12, 22, 20, 5, 14, 4, 23, 3, 61, 71, 23, 31, 24, 66, 39, 7, 27, 125, 2, 38, 24, 35, 4, 5, 30, 37, 8, 0)
s = 7: (0, 23, 18, 7, 108, 45, 19, 61, 31, 66, 3, 7, 28, 86, 31, 29, 17, 137, 59, 24, 23, 5, 2, 17, 59, 57, 23, 19, 85, 37, 2, 60, 32, 12, 29, 9, 19, 39, 3, 16, 19, 9, 18, 2, 20, 37, 9, 8, 54, 3, 7, 34, 16, 30, 36, 19, 15, 22, 54, 5, 29, 47, 17, 5, 20, 10, 15, 5, 10, 5, 15, 2, 58, 35, 17, 39, 19, 101, 55, 8, 44, 50, 2, 45, 12, 24, 3, 5, 18, 38, 8, 0)
s = 8: (0, 31, 34, 7, 154, 32, 14, 45, 27, 44, 2, 7, 15, 45, 41, 26, 29, 133, 98, 21, 19, 6, 2, 11, 110, 68, 29, 27, 49, 51, 2, 51, 50, 12, 25, 8, 16, 77, 3, 19, 9, 10, 9, 4, 25, 42, 8, 11, 50, 5, 5, 31, 38, 21, 62, 15, 19, 20, 48, 4, 33, 90, 44, 5, 13, 20, 14, 8, 16, 4, 18, 2, 84, 42, 20, 36, 15, 62, 78, 10, 20, 77, 2, 43, 9, 39, 5, 4, 19, 60, 13, 0)
s = 9: (0, 30, 26, 7, 146, 53, 22, 67, 29, 98, 2, 5, 38, 63, 20, 28, 21, 70, 101, 18, 16, 8, 2, 14, 113, 58, 37, 28, 50, 75, 2, 75, 33, 11, 26, 12, 13, 37, 4, 10, 14, 11, 11, 4, 19, 37, 6, 6, 34, 8, 4, 26, 21, 15, 78, 24, 13, 22, 65, 4, 56, 51, 28, 3, 9, 20, 30, 5, 14, 4, 37, 2, 52, 53, 28, 31, 18, 86, 59, 7, 24, 53, 2, 45, 16, 36, 4, 5, 36, 29, 12, 0)
s = 10: (0, 15, 26, 11, 111, 30, 21, 99, 14, 70, 3, 5, 16, 89, 33, 24, 27, 70, 79, 15, 35, 6, 3, 10, 102, 81, 24, 28, 101, 55, 2, 70, 50, 13, 28, 13, 23, 60, 5, 28, 13, 7, 10, 4, 12, 37, 11, 7, 45, 5, 4, 43, 19, 12, 42, 18, 16, 31, 39, 3, 36, 42, 32, 5, 10, 21, 22, 7, 16, 4, 16, 2, 34, 30, 30, 63, 12, 61, 49, 10, 33, 87, 3, 45, 18, 68, 3, 3, 23, 45, 6, 0)
s = 11: (0, 19, 28, 10, 147, 46, 13, 40, 32, 72, 3, 13, 25, 126, 41, 34, 37, 122, 83, 15, 20, 8, 2, 11, 82, 61, 20, 39, 49, 73, 2, 46, 33, 10, 24, 16, 15, 57, 3, 18, 11, 7, 13, 3, 18, 53, 11, 12, 40, 4, 4, 57, 36, 28, 58, 28, 15, 23, 41, 3, 33, 55, 27, 4, 16, 11, 22, 3, 15, 3, 32, 2, 46, 41, 24, 23, 20, 75, 62, 7, 37, 62, 3, 71, 10, 71, 5, 5, 17, 38, 8, 0)
s = 12: (0, 27, 30, 13, 81, 55, 29, 73, 18, 49, 3, 9, 22, 81, 18, 22, 19, 121, 79, 22, 31, 9, 2, 9, 73, 66, 35, 32, 59, 64, 2, 66, 25, 9, 21, 7, 24, 39, 2, 12, 7, 10, 12, 4, 22, 52, 11, 8, 46, 5, 4, 37, 19, 24, 38, 12, 19, 15, 38, 4, 49, 42, 32, 5, 17, 13, 30, 4, 15, 3, 21, 2, 41, 44, 28, 25, 23, 49, 44, 12, 39, 103, 3, 52, 16, 65, 4, 4, 34, 21, 5, 0)
s = 13: (0, 21, 32, 9, 68, 60, 19, 43, 24, 110, 3, 9, 22, 122, 18, 34, 29, 62, 95, 16, 24, 8, 4, 11, 55, 46, 19, 19, 83, 88, 2, 52, 27, 12, 18, 9, 27, 50, 3, 25, 9, 7, 15, 4, 16, 62, 9, 10, 50, 6, 6, 35, 21, 15, 39, 23, 26, 18, 45, 5, 41, 49, 22, 6, 12, 22, 14, 5, 10, 5, 24, 3, 39, 41, 19, 29, 20, 56, 53, 9, 20, 66, 2, 46, 12, 50, 4, 5, 32, 47, 6, 0)
s = 14: (0, 20, 28, 11, 179, 44, 27, 69, 25, 63, 3, 6, 24, 70, 22, 31, 26, 79, 84, 20, 19, 7, 3, 16, 138, 37, 29, 20, 52, 91, 2, 60, 66, 7, 22, 12, 28, 48, 5, 16, 14, 12, 11, 3, 27, 30, 6, 5, 36, 3, 6, 66, 15, 27, 50, 19, 19, 11, 50, 5, 45, 40, 32, 6, 17, 15, 18, 5, 10, 4, 16, 2, 75, 66, 25, 26, 18, 93, 49, 9, 45, 79, 3, 42, 13, 39, 5, 3, 28, 28, 6, 0)
s = 15: (0, 27, 40, 6, 65, 48, 18, 38, 12, 85, 3, 7, 16, 63, 20, 47, 29, 55, 107, 15, 45, 7, 3, 16, 79, 46, 32, 29, 89, 71, 3, 44, 53, 14, 26, 7, 21, 50, 3, 16, 14, 10, 8, 5, 17, 40, 13, 9, 42, 5, 5, 39, 17, 20, 35, 25, 20, 23, 59, 6, 27, 72, 16, 3, 18, 24, 31, 7, 13, 5, 24, 2, 78, 61, 18, 27, 18, 87, 45, 8, 32, 81, 3, 44, 11, 50, 3, 6, 20, 27, 9, 0)
s = 16: (0, 41, 25, 9, 140, 39, 20, 65, 20, 95, 3, 9, 25, 133, 29, 34, 21, 58, 58, 16, 17, 8, 2, 14, 113, 69, 24, 32, 60, 51, 3, 53, 38, 13, 16, 6, 23, 101, 4, 18, 16, 10, 7, 4, 20, 40, 8, 5, 55, 4, 5, 23, 41, 13, 51, 19, 17, 15, 39, 5, 51, 44, 17, 4, 18, 18, 12, 6, 11, 3, 19, 2, 45, 60, 17, 25, 17, 64, 53, 8, 27, 88, 2, 69, 21, 69, 3, 3, 28, 20, 11, 0)
s = 17: (0, 22, 28, 6, 70, 38, 16, 36, 29, 73, 3, 8, 17, 68, 21, 35, 15, 102, 56, 14, 36, 7, 3, 12, 97, 44, 24, 42, 39, 51, 2, 36, 23, 13, 35, 11, 19, 61, 4, 22, 16, 7, 10, 6, 16, 41, 7, 12, 38, 4, 6, 47, 13, 23, 46, 13, 28, 25, 44, 3, 42, 74, 38, 4, 8, 20, 16, 3, 18, 3, 32, 3, 43, 69, 17, 52, 17, 54, 41, 8, 42, 74, 3, 45, 18, 37, 3, 3, 33, 39, 8, 0)
s = 18: (0, 17, 34, 12, 191, 37, 22, 43, 31, 76, 3, 6, 16, 77, 33, 32, 25, 91, 76, 15, 21, 7, 4, 13, 112, 70, 35, 22, 82, 50, 3, 37, 26, 18, 17, 11, 16, 54, 4, 17, 11, 7, 11, 3, 29, 44, 6, 11, 43, 5, 4, 33, 18, 17, 52, 26, 15, 20, 43, 4, 40, 46, 23, 5, 12, 30, 14, 3, 13, 3, 34, 2, 46, 46, 35, 32, 16, 58, 48, 7, 44, 120, 2, 54, 10, 47, 2, 4, 40, 39, 11, 0)
s = 19: (0, 34, 33, 9, 82, 36, 17, 35, 31, 70, 5, 6, 12, 53, 23, 26, 26, 127, 109, 23, 30, 5, 3, 7, 79, 43, 21, 35, 81, 62, 2, 47, 32, 13, 17, 11, 21, 91, 3, 20, 10, 12, 9, 3, 18, 36, 5, 13, 61, 4, 5, 39, 19, 13, 39, 26, 24, 17, 39, 5, 44, 60, 20, 4, 10, 17, 22, 4, 13, 6, 24, 2, 60, 40, 24, 37, 20, 90, 49, 9, 36, 64, 3, 49, 16, 47, 5, 4, 29, 37, 8, 0)
s = 20: (0, 23, 48, 5, 52, 44, 12, 52, 26, 57, 4, 11, 15, 123, 38, 17, 22, 126, 100, 24, 15, 5, 3, 17, 50, 37, 26, 17, 48, 54, 2, 44, 28, 11, 14, 15, 30, 62, 4, 10, 14, 9, 19, 3, 21, 59, 6, 9, 52, 5, 7, 42, 21, 19, 34, 18, 17, 21, 39, 6, 51, 66, 18, 5, 8, 25, 25, 4, 14, 3, 19, 4, 81, 40, 22, 61, 14, 94, 99, 9, 24, 87, 3, 60, 17, 44, 3, 6, 18, 27, 7, 0)
s = 21: (0, 25, 29, 10, 72, 49, 23, 36, 15, 109, 4, 7, 26, 77, 34, 38, 27, 65, 72, 15, 24, 9, 3, 13, 108, 44, 30, 23, 57, 72, 2, 27, 39, 11, 22, 10, 43, 92, 3, 21, 8, 10, 10, 3, 15, 57, 7, 11, 33, 4, 7, 32, 21, 25, 48, 18, 23, 11, 33, 5, 59, 52, 23, 6, 19, 22, 15, 5, 16, 5, 20, 2, 43, 72, 22, 38, 17, 98, 68, 8, 25, 65, 4, 40, 25, 63, 4, 3, 51, 22, 9, 0)
s = 22: (0, 23, 40, 9, 105, 29, 13, 50, 24, 86, 2, 6, 20, 131, 24, 29, 28, 112, 80, 26, 30, 6, 2, 11, 95, 32, 19, 42, 93, 38, 3, 54, 48, 12, 30, 8, 29, 39, 3, 12, 15, 12, 17, 3, 15, 38, 7, 9, 42, 5, 5, 47, 24, 15, 39, 15, 27, 28, 35, 3, 53, 40, 21, 3, 13, 11, 17, 3, 13, 4, 21, 4, 85, 46, 21, 59, 18, 91, 75, 7, 40, 83, 3, 51, 14, 28, 3, 5, 49, 42, 8, 0)
s = 23: (0, 30, 36, 9, 122, 43, 18, 52, 21, 66, 3, 10, 16, 50, 18, 33, 37, 62, 47, 14, 44, 11, 2, 19, 62, 37, 24, 26, 81, 69, 2, 31, 27, 10, 12, 11, 14, 67, 4, 11, 10, 8, 13, 3, 21, 41, 5, 8, 67, 6, 4, 45, 31, 17, 58, 19, 18, 22, 45, 5, 61, 52, 16, 5, 14, 18, 14, 4, 7, 5, 30, 2, 79, 30, 24, 53, 11, 82, 61, 9, 36, 53, 2, 63, 20, 34, 4, 7, 26, 40, 7, 0)
s = 24: (0, 15, 34, 8, 87, 45, 28, 58, 18, 48, 4, 10, 21, 79, 22, 25, 39, 49, 62, 24, 16, 5, 3, 11, 134, 68, 30, 21, 73, 56, 2, 46, 36, 15, 16, 13, 23, 72, 3, 9, 12, 11, 8, 5, 19, 61, 7, 12, 54, 4, 6, 49, 19, 18, 61, 25, 23, 20, 49, 5, 64, 28, 35, 4, 14, 16, 18, 4, 13, 7, 31, 2, 66, 33, 19, 41, 12, 96, 67, 6, 31, 75, 2, 57, 10, 36, 3, 6, 24, 54, 14, 0)
s = 25: (0, 26, 53, 9, 123, 44, 27, 85, 36, 112, 4, 6, 18, 87, 24, 43, 32, 85, 66, 22, 19, 6, 2, 10, 51, 69, 25, 23, 56, 59, 2, 49, 21, 13, 23, 9, 20, 75, 3, 14, 17, 11, 8, 3, 19, 40, 8, 5, 68, 4, 5, 42, 15, 18, 49, 15, 14, 18, 33, 3, 29, 47, 29, 4, 10, 19, 16, 4, 15, 3, 20, 3, 79, 35, 26, 64, 23, 53, 47, 15, 26, 66, 3, 49, 10, 35, 4, 6, 34, 36, 8, 0)
s = 26: (0, 24, 48, 10, 96, 48, 16, 32, 20, 92, 4, 7, 20, 78, 26, 30, 35, 59, 86, 14, 21, 4, 2, 9, 85, 89, 38, 19, 44, 58, 3, 46, 38, 13, 13, 13, 19, 44, 2, 12, 11, 9, 9, 3, 13, 51, 7, 11, 33, 3, 6, 27, 12, 20, 34, 15, 20, 14, 61, 4, 44, 63, 17, 5, 12, 13, 29, 3, 15, 6, 21, 2, 52, 39, 34, 44, 26, 36, 28, 5, 29, 72, 2, 65, 14, 35, 3, 5, 26, 31, 6, 0)
s = 27: (0, 24, 30, 9, 129, 57, 18, 63, 13, 79, 3, 6, 13, 116, 22, 32, 44, 76, 53, 9, 22, 6, 2, 12, 98, 72, 30, 42, 42, 40, 3, 67, 20, 9, 37, 8, 20, 79, 2, 14, 17, 5, 17, 4, 16, 52, 8, 7, 41, 6, 6, 31, 16, 13, 60, 15, 15, 19, 37, 4, 62, 59, 33, 4, 12, 25, 24, 3, 13, 6, 27, 3, 78, 37, 46, 30, 13, 75, 56, 8, 39, 128, 2, 48, 13, 45, 2, 4, 19, 27, 8, 0)
s = 28: (0, 26, 26, 9, 85, 80, 27, 77, 27, 113, 3, 9, 15, 73, 25, 37, 21, 63, 48, 14, 22, 5, 2, 11, 89, 38, 34, 28, 77, 45, 2, 43, 23, 11, 23, 13, 25, 69, 3, 23, 11, 10, 12, 3, 18, 43, 8, 5, 67, 3, 8, 37, 23, 16, 60, 10, 25, 13, 41, 4, 42, 47, 22, 3, 9, 12, 28, 4, 14, 5, 35, 2, 90, 54, 30, 56, 20, 68, 47, 8, 27, 93, 2, 39, 12, 49, 4, 3, 32, 29, 6, 0)
s = 29: (0, 14, 39, 7, 105, 73, 31, 36, 11, 78, 5, 9, 15, 89, 21, 28, 23, 87, 49, 17, 18, 4, 2, 10, 83, 58, 42, 28, 61, 69, 2, 33, 31, 9, 24, 12, 19, 37, 3, 18, 9, 7, 10, 3, 14, 29, 10, 6, 41, 5, 8, 36, 22, 12, 44, 19, 20, 14, 47, 3, 29, 28, 30, 4, 15, 14, 29, 5, 15, 3, 28, 3, 75, 55, 28, 36, 26, 92, 63, 10, 33, 53, 2, 62, 11, 57, 3, 3, 29, 22, 7, 0)
s = 30: (0, 40, 34, 11, 94, 39, 24, 33, 28, 85, 3, 11, 20, 123, 30, 34, 16, 74, 102, 11, 24, 8, 2, 15, 72, 62, 36, 35, 39, 54, 4, 40, 29, 16, 17, 11, 25, 56, 4, 18, 13, 8, 18, 2, 18, 45, 9, 12, 93, 5, 7, 24, 31, 23, 45, 23, 20, 16, 45, 5, 57, 53, 21, 3, 18, 11, 12, 5, 10, 4, 27, 2, 81, 42, 19, 28, 17, 93, 41, 10, 33, 56, 3, 65, 16, 31, 3, 3, 20, 37, 9, 0)
s = 31: (0, 15, 43, 10, 165, 54, 22, 62, 40, 40, 6, 10, 14, 105, 47, 52, 28, 87, 114, 21, 22, 6, 3, 7, 135, 70, 40, 39, 39, 39, 2, 30, 39, 9, 18, 9, 21, 87, 3, 12, 15, 7, 9, 3, 10, 27, 5, 12, 59, 4, 8, 30, 22, 17, 41, 21, 19, 14, 29, 4, 40, 40, 24, 3, 22, 14, 14, 7, 7, 3, 22, 2, 61, 53, 24, 29, 24, 47, 76, 10, 27, 50, 2, 30, 18, 43, 3, 4, 35, 27, 5, 0)
s = 32: (0, 25, 30, 10, 70, 54, 32, 63, 12, 51, 3, 6, 19, 99, 34, 28, 22, 113, 81, 13, 43, 4, 3, 17, 90, 34, 31, 27, 77, 50, 2, 32, 25, 9, 20, 8, 17, 68, 3, 12, 12, 7, 14, 4, 13, 48, 6, 9, 49, 5, 4, 36, 20, 25, 40, 15, 28, 33, 47, 3, 25, 51, 28, 4, 15, 12, 17, 3, 14, 6, 29, 2, 53, 44, 18, 42, 23, 88, 58, 8, 29, 63, 2, 60, 15, 33, 3, 4, 31, 38, 12, 0)
s = 33: (0, 24, 20, 11, 63, 65, 32, 64, 18, 85, 4, 8, 19, 81, 38, 28, 30, 91, 81, 18, 28, 9, 2, 8, 71, 42, 27, 30, 69, 36, 2, 68, 25, 15, 24, 7, 30, 38, 3, 25, 17, 10, 9, 3, 18, 45, 6, 6, 41, 4, 6, 25, 24, 15, 46, 20, 16, 16, 46, 7, 35, 62, 35, 6, 11, 17, 17, 3, 11, 7, 18, 3, 59, 68, 20, 35, 14, 80, 44, 9, 25, 68, 2, 75, 12, 69, 3, 6, 24, 31, 7, 0)
s = 34: (0, 34, 35, 8, 117, 67, 13, 69, 24, 78, 4, 9, 22, 47, 23, 30, 36, 98, 114, 13, 26, 6, 2, 10, 52, 42, 24, 25, 59, 56, 3, 41, 24, 7, 36, 9, 27, 64, 3, 17, 8, 9, 12, 3, 18, 54, 8, 8, 45, 4, 6, 55, 14, 15, 54, 18, 15, 16, 35, 5, 25, 54, 21, 4, 16, 19, 29, 4, 12, 5, 22, 2, 62, 42, 16, 30, 15, 64, 34, 11, 29, 79, 3, 42, 11, 59, 4, 4, 22, 36, 9, 0)
s = 35: (0, 36, 33, 15, 81, 35, 20, 75, 12, 45, 2, 5, 17, 101, 19, 19, 39, 87, 71, 19, 33, 13, 2, 13, 91, 34, 28, 23, 51, 63, 3, 58, 60, 11, 18, 16, 21, 82, 3, 15, 8, 8, 15, 6, 22, 38, 6, 12, 40, 3, 6, 55, 16, 18, 36, 14, 21, 25, 47, 4, 33, 63, 35, 5, 14, 23, 24, 4, 14, 7, 18, 2, 48, 44, 29, 43, 14, 50, 84, 6, 30, 81, 3, 60, 18, 34, 3, 3, 19, 48, 11, 0)
s = 36: (0, 33, 46, 7, 120, 40, 21, 45, 31, 51, 5, 5, 13, 67, 37, 31, 22, 54, 53, 12, 19, 5, 3, 8, 55, 29, 23, 31, 45, 51, 2, 44, 27, 8, 25, 9, 29, 54, 4, 17, 11, 10, 14, 4, 22, 29, 10, 7, 38, 7, 5, 34, 15, 18, 30, 14, 19, 20, 26, 5, 46, 33, 28, 5, 20, 16, 21, 6, 14, 7, 26, 3, 73, 46, 40, 44, 18, 127, 37, 7, 37, 72, 3, 36, 16, 28, 2, 7, 20, 25, 7, 0)
s = 37: (0, 30, 34, 9, 120, 40, 23, 69, 14, 73, 2, 6, 21, 90, 34, 23, 33, 91, 43, 27, 40, 8, 3, 11, 107, 46, 33, 24, 50, 74, 3, 65, 22, 12, 17, 8, 23, 61, 4, 12, 7, 7, 10, 3, 21, 39, 8, 6, 47, 4, 6, 35, 30, 16, 70, 22, 27, 17, 42, 5, 25, 44, 16, 4, 16, 30, 21, 6, 10, 6, 28, 3, 45, 55, 17, 44, 17, 57, 50, 5, 42, 93, 3, 37, 14, 63, 4, 5, 25, 57, 9, 0)
s = 38: (0, 26, 38, 14, 105, 61, 29, 58, 16, 82, 4, 12, 19, 102, 27, 23, 30, 49, 51, 11, 37, 8, 3, 14, 63, 56, 48, 51, 71, 51, 2, 65, 28, 10, 11, 7, 20, 84, 4, 27, 10, 6, 15, 4, 14, 57, 9, 9, 35, 4, 6, 70, 19, 26, 49, 19, 34, 20, 32, 4, 45, 31, 33, 3, 14, 18, 17, 3, 11, 4, 16, 3, 36, 39, 29, 31, 20, 72, 43, 8, 33, 90, 3, 48, 23, 37, 4, 5, 28, 22, 7, 0)
s = 39: (0, 18, 22, 11, 84, 68, 24, 87, 12, 76, 4, 8, 14, 53, 31, 31, 28, 84, 73, 17, 21, 7, 2, 11, 79, 98, 28, 22, 60, 36, 2, 70, 34, 10, 19, 8, 22, 78, 3, 16, 15, 9, 16, 3, 14, 52, 8, 11, 60, 5, 9, 27, 13, 15, 51, 29, 20, 13, 55, 4, 37, 34, 21, 4, 16, 15, 24, 4, 8, 4, 40, 2, 58, 32, 17, 42, 16, 53, 55, 5, 44, 102, 3, 48, 14, 34, 3, 3, 35, 40, 7, 0)
s = 40: (0, 33, 31, 17, 55, 40, 19, 45, 21, 49, 4, 11, 16, 65, 31, 31, 25, 115, 59, 18, 25, 7, 2, 8, 109, 38, 22, 20, 48, 32, 3, 36, 43, 11, 30, 9, 26, 63, 4, 14, 14, 7, 9, 4, 18, 39, 8, 8, 26, 4, 7, 38, 15, 10, 39, 22, 22, 16, 43, 4, 54, 56, 24, 7, 11, 17, 19, 5, 16, 3, 16, 3, 73, 50, 24, 36, 25, 86, 56, 11, 21, 70, 3, 41, 10, 47, 3, 4, 32, 51, 6, 0)
s = 41: (0, 24, 39, 7, 73, 40, 13, 54, 17, 56, 4, 8, 21, 54, 36, 20, 17, 104, 68, 20, 23, 8, 2, 11, 116, 32, 37, 25, 44, 62, 2, 48, 21, 12, 12, 12, 30, 38, 2, 10, 15, 10, 16, 4, 27, 80, 9, 12, 53, 4, 6, 33, 26, 15, 51, 17, 12, 16, 49, 4, 63, 41, 26, 3, 14, 18, 23, 4, 13, 4, 16, 3, 87, 37, 37, 54, 15, 65, 44, 6, 34, 56, 2, 35, 16, 52, 5, 4, 20, 42, 9, 0)
s = 42: (0, 22, 42, 11, 102, 43, 14, 47, 21, 100, 3, 7, 31, 73, 41, 31, 19, 94, 45, 13, 23, 5, 2, 10, 79, 45, 20, 33, 42, 81, 2, 38, 27, 7, 27, 6, 30, 63, 3, 8, 17, 8, 17, 4, 14, 95, 15, 6, 47, 5, 5, 21, 17, 18, 54, 12, 19, 21, 27, 3, 74, 59, 28, 5, 15, 17, 19, 5, 14, 3, 19, 3, 46, 37, 28, 48, 20, 50, 45, 12, 29, 72, 2, 60, 24, 36, 3, 3, 22, 61, 8, 0)
s = 43: (0, 27, 35, 8, 129, 84, 20, 81, 23, 73, 3, 10, 28, 58, 32, 28, 23, 79, 82, 17, 37, 4, 2, 10, 91, 53, 22, 37, 54, 76, 2, 82, 47, 14, 18, 9, 19, 71, 3, 22, 14, 7, 14, 3, 13, 56, 6, 9, 34, 5, 5, 32, 20, 13, 47, 18, 14, 17, 49, 4, 26, 39, 20, 3, 17, 27, 22, 3, 13, 6, 23, 3, 78, 79, 24, 35, 12, 75, 93, 5, 46, 107, 3, 49, 10, 36, 2, 3, 31, 41, 8, 0)
s = 44: (0, 15, 38, 7, 90, 47, 26, 37, 30, 92, 2, 9, 15, 109, 24, 26, 35, 86, 75, 12, 31, 8, 3, 8, 161, 52, 27, 18, 46, 44, 3, 64, 36, 10, 17, 9, 16, 73, 3, 11, 11, 8, 14, 3, 28, 33, 7, 6, 35, 3, 5, 64, 33, 13, 59, 32, 19, 27, 36, 5, 43, 66, 24, 7, 15, 21, 12, 4, 10, 6, 25, 2, 50, 44, 19, 60, 29, 72, 49, 11, 34, 133, 2, 32, 12, 69, 3, 5, 43, 21, 7, 0)
s = 45: (0, 23, 35, 8, 80, 40, 22, 36, 28, 78, 3, 9, 33, 66, 28, 36, 44, 54, 78, 19, 40, 7, 2, 12, 89, 80, 31, 24, 57, 38, 2, 33, 24, 9, 16, 8, 36, 52, 4, 9, 15, 11, 14, 3, 13, 59, 5, 7, 65, 5, 4, 36, 22, 21, 37, 26, 26, 15, 40, 4, 47, 35, 31, 7, 12, 16, 22, 4, 11, 3, 30, 2, 62, 53, 29, 36, 14, 58, 77, 7, 24, 81, 2, 68, 18, 44, 2, 6, 34, 25, 7, 0)
s = 46: (0, 20, 45, 7, 102, 30, 19, 37, 14, 78, 4, 7, 17, 103, 39, 42, 24, 126, 86, 12, 14, 6, 3, 8, 75, 42, 38, 22, 59, 43, 3, 55, 31, 7, 20, 10, 20, 71, 2, 22, 13, 6, 18, 3, 18, 71, 13, 8, 54, 6, 8, 46, 30, 10, 26, 21, 27, 13, 71, 5, 30, 26, 24, 4, 14, 14, 32, 4, 19, 4, 37, 3, 72, 32, 21, 27, 14, 86, 59, 5, 22, 53, 3, 50, 10, 28, 5, 6, 46, 22, 7, 0)
s = 47: (0, 23, 36, 11, 60, 57, 16, 56, 13, 50, 3, 6, 23, 67, 28, 24, 23, 70, 43, 17, 27, 10, 3, 11, 123, 40, 31, 24, 55, 44, 2, 78, 62, 8, 17, 7, 23, 79, 3, 14, 11, 6, 17, 4, 23, 31, 6, 9, 40, 4, 4, 35, 26, 32, 42, 11, 26, 19, 37, 6, 21, 42, 20, 3, 13, 23, 14, 6, 13, 5, 22, 3, 66, 40, 25, 36, 11, 97, 44, 6, 23, 63, 3, 36, 11, 43, 2, 6, 23, 32, 9, 0)
s = 48: (0, 21, 43, 8, 113, 48, 25, 73, 19, 52, 3, 7, 32, 131, 26, 33, 17, 64, 78, 13, 34, 6, 3, 12, 75, 80, 41, 38, 31, 56, 2, 42, 28, 10, 22, 10, 21, 113, 4, 15, 12, 12, 11, 3, 24, 62, 9, 10, 25, 4, 4, 57, 17, 20, 35, 15, 30, 15, 39, 6, 31, 36, 21, 5, 10, 16, 16, 4, 10, 4, 16, 2, 86, 38, 18, 35, 16, 79, 31, 12, 37, 108, 3, 71, 13, 27, 3, 5, 20, 61, 5, 0)
s = 49: (0, 18, 26, 11, 118, 39, 23, 49, 15, 110, 4, 9, 23, 101, 20, 39, 31, 68, 79, 15, 14, 7, 3, 10, 68, 48, 45, 34, 51, 53, 2, 50, 34, 11, 12, 8, 41, 59, 2, 10, 15, 12, 10, 3, 13, 33, 11, 6, 26, 3, 3, 47, 27, 19, 62, 26, 18, 18, 39, 6, 26, 71, 19, 4, 16, 13, 23, 4, 14, 4, 28, 2, 39, 69, 18, 40, 18, 56, 37, 8, 29, 91, 3, 74, 19, 37, 3, 5, 32, 38, 8, 0)
s = 50: (0, 48, 24, 16, 105, 44, 20, 52, 33, 63, 3, 10, 30, 70, 31, 31, 22, 79, 102, 23, 20, 6, 2, 15, 65, 69, 30, 35, 39, 44, 2, 31, 35, 14, 20, 10, 31, 45, 3, 10, 8, 7, 15, 4, 26, 30, 15, 12, 37, 5, 6, 36, 30, 10, 42, 26, 12, 11, 68, 5, 39, 67, 29, 3, 15, 21, 18, 4, 12, 6, 27, 2, 36, 35, 35, 65, 24, 74, 57, 9, 33, 107, 3, 67, 11, 51, 3, 4, 29, 19, 12, 0)
s = 51: (0, 19, 29, 10, 86, 44, 22, 80, 21, 59, 5, 9, 15, 75, 32, 31, 25, 64, 83, 14, 25, 5, 2, 9, 154, 50, 29, 28, 90, 48, 3, 54, 38, 10, 21, 10, 35, 55, 5, 19, 13, 7, 10, 4, 13, 33, 10, 7, 81, 5, 6, 33, 15, 17, 43, 19, 15, 14, 55, 5, 35, 45, 15, 5, 12, 22, 19, 6, 13, 4, 18, 2, 66, 62, 29, 33, 13, 73, 54, 7, 30, 61, 2, 43, 20, 35, 4, 5, 34, 25, 10, 0)
s = 52: (0, 25, 17, 7, 105, 54, 14, 45, 34, 87, 4, 11, 28, 128, 23, 44, 24, 52, 73, 15, 24, 10, 2, 22, 83, 72, 36, 30, 94, 53, 2, 59, 25, 11, 21, 6, 20, 62, 5, 17, 14, 6, 14, 3, 24, 73, 11, 7, 32, 7, 3, 62, 22, 16, 53, 29, 27, 13, 50, 5, 45, 26, 29, 6, 12, 18, 24, 3, 8, 3, 17, 2, 46, 54, 24, 26, 18, 50, 38, 9, 24, 60, 4, 44, 12, 44, 3, 5, 23, 24, 9, 0)
s = 53: (0, 33, 51, 7, 77, 59, 14, 58, 21, 78, 4, 7, 18, 45, 33, 29, 38, 52, 91, 16, 31, 7, 2, 19, 64, 31, 39, 34, 83, 76, 3, 49, 35, 12, 14, 11, 27, 58, 4, 19, 9, 8, 15, 3, 11, 41, 10, 9, 29, 5, 5, 27, 15, 14, 58, 15, 15, 17, 39, 5, 22, 45, 23, 4, 20, 18, 15, 6, 12, 3, 27, 2, 48, 43, 20, 46, 14, 69, 63, 7, 35, 52, 2, 38, 13, 50, 3, 6, 40, 21, 6, 0)
s = 54: (0, 25, 59, 9, 168, 42, 24, 30, 21, 58, 4, 7, 33, 99, 27, 17, 23, 57, 87, 21, 29, 6, 2, 10, 126, 50, 22, 40, 81, 46, 2, 65, 61, 15, 15, 10, 16, 53, 3, 14, 12, 7, 14, 3, 14, 56, 8, 12, 38, 4, 6, 40, 32, 12, 35, 18, 15, 32, 52, 4, 33, 42, 21, 3, 9, 20, 34, 6, 15, 4, 34, 2, 73, 39, 36, 42, 16, 59, 29, 10, 30, 58, 2, 39, 15, 35, 2, 5, 31, 27, 6, 0)
s = 55: (0, 28, 17, 11, 146, 52, 38, 52, 14, 59, 4, 12, 13, 102, 33, 26, 39, 66, 55, 16, 21, 7, 2, 11, 109, 53, 38, 25, 82, 79, 4, 58, 31, 17, 25, 11, 15, 42, 3, 11, 12, 6, 12, 3, 23, 42, 14, 8, 57, 4, 4, 31, 28, 19, 40, 10, 18, 18, 62, 3, 38, 42, 29, 4, 17, 19, 11, 4, 11, 5, 38, 2, 45, 41, 37, 40, 29, 69, 52, 6, 64, 114, 2, 38, 18, 41, 4, 3, 34, 47, 6, 0)
s = 56: (0, 28, 40, 9, 56, 63, 18, 50, 12, 91, 4, 12, 17, 47, 45, 29, 28, 90, 67, 18, 23, 5, 2, 10, 59, 53, 42, 45, 119, 49, 2, 59, 23, 14, 17, 9, 20, 100, 4, 19, 11, 6, 18, 4, 13, 43, 6, 7, 55, 3, 7, 39, 23, 26, 37, 14, 17, 19, 35, 6, 48, 64, 29, 4, 11, 15, 16, 6, 7, 3, 16, 2, 54, 62, 42, 32, 21, 72, 67, 12, 45, 102, 2, 44, 14, 46, 3, 3, 18, 18, 8, 0)
s = 57: (0, 27, 40, 14, 85, 34, 32, 75, 21, 46, 4, 7, 11, 121, 26, 18, 33, 121, 64, 14, 29, 4, 2, 11, 169, 40, 26, 17, 41, 38, 2, 73, 33, 10, 14, 17, 16, 109, 4, 8, 12, 9, 17, 3, 27, 77, 6, 10, 49, 3, 6, 29, 29, 19, 33, 11, 33, 27, 36, 4, 38, 45, 25, 3, 15, 25, 31, 5, 11, 4, 16, 2, 71, 30, 27, 38, 21, 79, 33, 9, 32, 81, 3, 38, 16, 34, 4, 3, 41, 32, 7, 0)
s = 58: (0, 30, 32, 11, 73, 34, 31, 62, 18, 100, 4, 11, 25, 53, 22, 29, 37, 81, 91, 12, 16, 5, 3, 18, 95, 68, 34, 17, 41, 58, 3, 30, 27, 9, 31, 12, 17, 69, 5, 19, 12, 8, 16, 4, 19, 71, 8, 10, 37, 6, 6, 34, 23, 15, 49, 14, 15, 20, 50, 4, 33, 65, 26, 3, 18, 12, 14, 5, 19, 5, 38, 2, 57, 80, 17, 32, 30, 103, 44, 12, 27, 64, 3, 42, 12, 49, 2, 3, 29, 38, 11, 0)
s = 59: (0, 29, 27, 8, 108, 61, 23, 72, 18, 64, 3, 10, 17, 59, 43, 30, 23, 64, 48, 21, 39, 6, 2, 11, 125, 50, 20, 20, 38, 75, 3, 73, 28, 12, 23, 8, 28, 45, 4, 15, 15, 5, 15, 4, 25, 78, 7, 11, 43, 7, 5, 38, 22, 23, 54, 14, 24, 27, 55, 3, 51, 45, 19, 6, 13, 15, 16, 5, 12, 5, 24, 3, 45, 34, 17, 29, 11, 83, 70, 6, 23, 109, 3, 46, 18, 39, 4, 6, 34, 71, 11, 0)
s = 60: (0, 25, 33, 7, 76, 60, 19, 38, 31, 81, 4, 10, 21, 46, 25, 35, 25, 66, 64, 15, 26, 6, 2, 11, 114, 61, 27, 33, 59, 74, 2, 59, 56, 10, 28, 10, 29, 72, 4, 17, 14, 7, 16, 3, 12, 35, 7, 11, 47, 5, 9, 50, 16, 21, 40, 20, 21, 22, 62, 3, 30, 32, 27, 5, 16, 21, 15, 5, 14, 4, 31, 2, 44, 55, 21, 37, 20, 55, 57, 9, 44, 85, 2, 61, 14, 33, 4, 3, 26, 25, 9, 0)
s = 61: (0, 13, 30, 11, 134, 74, 20, 60, 12, 64, 4, 5, 16, 42, 34, 23, 43, 84, 99, 22, 38, 6, 3, 9, 122, 66, 30, 27, 66, 70, 2, 32, 32, 11, 24, 7, 26, 42, 3, 12, 10, 15, 14, 3, 23, 32, 5, 9, 62, 4, 8, 61, 25, 16, 31, 23, 12, 12, 50, 6, 33, 36, 31, 5, 19, 24, 13, 6, 12, 5, 32, 3, 87, 37, 15, 53, 16, 61, 39, 11, 36, 87, 2, 49, 15, 25, 4, 3, 25, 49, 7, 0)
s = 62: (0, 19, 28, 8, 117, 48, 18, 67, 24, 69, 4, 7, 18, 105, 29, 36, 29, 74, 82, 11, 35, 5, 2, 13, 77, 40, 52, 24, 46, 63, 3, 40, 41, 18, 24, 6, 21, 43, 5, 14, 11, 8, 10, 4, 28, 41, 9, 6, 36, 3, 4, 43, 16, 18, 41, 16, 18, 11, 65, 5, 53, 48, 17, 4, 9, 22, 16, 4, 13, 5, 31, 3, 73, 46, 22, 30, 17, 64, 60, 8, 51, 111, 3, 27, 20, 41, 4, 3, 35, 50, 8, 0)
s = 63: (0, 22, 23, 12, 105, 50, 21, 91, 31, 72, 4, 11, 16, 88, 24, 20, 25, 111, 69, 19, 45, 7, 3, 13, 74, 31, 31, 24, 62, 83, 4, 38, 27, 18, 27, 8, 16, 65, 2, 17, 12, 9, 9, 4, 24, 33, 11, 7, 65, 4, 4, 30, 27, 19, 42, 24, 26, 17, 62, 4, 79, 54, 30, 4, 8, 29, 21, 5, 14, 4, 30, 3, 40, 43, 38, 56, 15, 65, 82, 9, 37, 58, 3, 52, 16, 69, 3, 5, 34, 28, 10, 0)
s = 64: (0, 23, 27, 10, 105, 42, 20, 54, 17, 77, 3, 10, 26, 65, 25, 35, 26, 121, 68, 12, 18, 8, 2, 10, 50, 67, 30, 22, 51, 39, 3, 38, 37, 13, 25, 9, 23, 44, 3, 21, 12, 10, 11, 4, 13, 65, 11, 10, 50, 4, 6, 49, 15, 17, 75, 12, 20, 14, 36, 4, 41, 45, 25, 5, 9, 20, 19, 4, 14, 5, 24, 2, 58, 62, 22, 32, 13, 62, 50, 7, 29, 54, 3, 49, 10, 43, 4, 4, 34, 57, 11, 0)
s = 65: (0, 25, 25, 6, 88, 47, 19, 63, 14, 60, 4, 10, 13, 76, 36, 26, 16, 85, 41, 14, 18, 6, 2, 9, 73, 92, 37, 21, 45, 82, 3, 69, 25, 9, 17, 7, 17, 62, 3, 16, 15, 11, 10, 4, 28, 37, 7, 7, 71, 3, 6, 41, 32, 16, 37, 13, 38, 13, 35, 4, 39, 40, 25, 3, 13, 28, 19, 3, 17, 3, 34, 2, 87, 40, 35, 47, 12, 83, 73, 11, 49, 112, 3, 38, 19, 54, 3, 4, 30, 24, 7, 0)
s = 66: (0, 29, 31, 7, 80, 47, 16, 76, 15, 57, 3, 10, 12, 105, 33, 30, 34, 62, 65, 17, 28, 6, 2, 9, 84, 46, 22, 24, 58, 63, 2, 59, 20, 12, 20, 9, 18, 52, 3, 13, 9, 9, 17, 3, 15, 38, 9, 8, 34, 4, 6, 57, 15, 16, 41, 20, 13, 19, 28, 7, 36, 44, 31, 6, 13, 24, 27, 5, 11, 4, 20, 2, 70, 64, 17, 34, 16, 63, 35, 6, 44, 125, 2, 32, 21, 47, 4, 4, 21, 42, 6, 0)
s = 67: (0, 27, 37, 12, 104, 44, 13, 52, 25, 70, 3, 9, 24, 62, 34, 48, 36, 50, 56, 16, 27, 7, 3, 15, 78, 65, 28, 32, 44, 37, 3, 38, 43, 11, 25, 8, 21, 67, 4, 11, 7, 7, 9, 3, 21, 54, 6, 6, 31, 4, 7, 45, 25, 22, 73, 20, 35, 17, 37, 6, 35, 52, 22, 4, 21, 16, 19, 3, 9, 3, 20, 2, 60, 59, 17, 45, 22, 88, 56, 8, 44, 69, 3, 55, 18, 49, 4, 7, 24, 34, 8, 0)
s = 68: (0, 26, 28, 14, 99, 45, 22, 57, 30, 61, 3, 8, 29, 42, 27, 25, 23, 124, 47, 12, 25, 5, 2, 14, 57, 50, 41, 21, 51, 57, 2, 50, 38, 17, 27, 15, 33, 79, 5, 12, 12, 7, 10, 4, 16, 68, 8, 5, 59, 3, 7, 39, 25, 14, 41, 15, 23, 24, 45, 4, 33, 35, 32, 4, 16, 27, 25, 5, 9, 5, 27, 2, 50, 29, 26, 39, 16, 99, 58, 11, 46, 119, 3, 66, 25, 44, 4, 4, 33, 48, 8, 0)
s = 69: (0, 21, 39, 9, 120, 35, 26, 62, 21, 78, 3, 10, 23, 105, 24, 20, 18, 64, 76, 15, 30, 5, 2, 19, 53, 29, 32, 42, 72, 61, 2, 36, 55, 12, 18, 11, 27, 72, 3, 11, 11, 8, 12, 3, 20, 66, 10, 9, 27, 5, 5, 56, 25, 25, 41, 24, 25, 25, 72, 4, 45, 51, 23, 4, 19, 16, 15, 5, 12, 5, 19, 2, 67, 45, 24, 31, 15, 56, 61, 14, 36, 49, 3, 43, 11, 43, 4, 4, 32, 29, 10, 0)
s = 70: (0, 29, 38, 7, 74, 54, 16, 53, 15, 64, 4, 9, 17, 73, 39, 19, 32, 74, 54, 18, 25, 5, 2, 14, 95, 93, 29, 23, 94, 45, 2, 70, 30, 11, 25, 7, 26, 57, 3, 13, 11, 11, 13, 3, 22, 57, 7, 13, 46, 4, 4, 44, 15, 14, 40, 20, 32, 20, 39, 3, 23, 39, 22, 4, 16, 18, 13, 3, 13, 3, 31, 3, 39, 34, 25, 56, 16, 67, 48, 8, 23, 109, 3, 27, 19, 61, 5, 5, 27, 32, 7, 0)
s = 71: (0, 35, 19, 11, 97, 59, 20, 76, 27, 75, 4, 5, 33, 48, 32, 26, 19, 62, 60, 12, 22, 5, 2, 12, 72, 79, 41, 39, 33, 64, 2, 31, 53, 20, 18, 14, 26, 105, 6, 11, 12, 6, 18, 3, 31, 55, 9, 9, 45, 5, 7, 25, 17, 17, 49, 11, 17, 23, 46, 5, 36, 29, 21, 6, 19, 12, 12, 3, 11, 7, 24, 3, 43, 37, 24, 26, 13, 70, 34, 6, 67, 111, 2, 49, 14, 56, 6, 5, 22, 31, 7, 0)
s = 72: (0, 24, 29, 9, 147, 77, 33, 77, 17, 69, 3, 9, 32, 68, 43, 25, 23, 107, 92, 24, 44, 4, 3, 18, 68, 82, 22, 44, 85, 77, 2, 55, 34, 8, 19, 6, 15, 82, 3, 12, 8, 12, 21, 3, 21, 38, 5, 6, 62, 5, 5, 43, 22, 24, 58, 27, 27, 25, 39, 4, 68, 69, 28, 3, 16, 23, 16, 6, 17, 6, 26, 3, 69, 44, 20, 36, 16, 50, 64, 5, 35, 83, 2, 47, 9, 29, 4, 3, 28, 55, 14, 0)
s = 73: (0, 29, 25, 11, 70, 51, 18, 44, 17, 65, 3, 12, 29, 74, 23, 19, 43, 66, 47, 20, 23, 4, 2, 9, 152, 56, 31, 35, 73, 60, 3, 67, 44, 11, 21, 15, 21, 115, 3, 18, 16, 6, 14, 3, 13, 33, 10, 8, 58, 5, 6, 46, 16, 12, 28, 13, 17, 18, 39, 4, 50, 40, 23, 3, 17, 14, 17, 3, 10, 3, 30, 2, 68, 33, 30, 38, 16, 111, 38, 7, 28, 85, 3, 42, 21, 56, 4, 5, 25, 35, 7, 0)
s = 74: (0, 18, 39, 8, 109, 51, 31, 38, 27, 52, 3, 10, 16, 99, 24, 18, 25, 73, 77, 19, 20, 5, 2, 17, 65, 72, 47, 43, 82, 74, 2, 49, 41, 13, 16, 10, 22, 77, 3, 13, 12, 12, 14, 3, 11, 34, 11, 11, 54, 6, 5, 48, 26, 21, 41, 16, 26, 13, 34, 5, 46, 34, 18, 4, 19, 27, 20, 3, 7, 3, 28, 2, 72, 38, 28, 56, 35, 87, 48, 9, 55, 84, 2, 54, 14, 52, 5, 4, 39, 39, 10, 0)
s = 75: (0, 17, 40, 7, 141, 34, 23, 56, 32, 81, 4, 5, 21, 52, 41, 30, 15, 105, 59, 18, 21, 5, 3, 11, 110, 44, 22, 28, 64, 60, 2, 29, 37, 11, 17, 12, 25, 46, 3, 12, 15, 9, 19, 3, 17, 29, 8, 10, 49, 3, 4, 38, 16, 32, 26, 15, 16, 12, 55, 4, 34, 38, 29, 4, 24, 30, 25, 7, 12, 3, 43, 3, 88, 45, 35, 27, 25, 50, 51, 5, 42, 67, 3, 26, 19, 42, 2, 4, 30, 37, 7, 0)
s = 76: (0, 26, 24, 14, 106, 56, 23, 66, 23, 69, 3, 11, 34, 52, 17, 24, 29, 100, 62, 14, 52, 8, 2, 8, 53, 49, 27, 20, 45, 39, 2, 69, 30, 14, 14, 13, 27, 59, 4, 23, 15, 10, 10, 4, 21, 69, 11, 8, 46, 5, 5, 51, 17, 30, 66, 12, 18, 14, 28, 6, 29, 38, 23, 5, 17, 15, 19, 5, 10, 5, 32, 3, 52, 40, 24, 41, 20, 89, 90, 7, 26, 99, 3, 28, 22, 49, 2, 5, 22, 36, 5, 0)
s = 77: (0, 29, 35, 8, 72, 45, 29, 37, 17, 89, 3, 11, 27, 83, 25, 32, 19, 73, 69, 9, 31, 8, 2, 16, 72, 43, 19, 39, 59, 77, 2, 64, 34, 10, 25, 10, 20, 34, 4, 9, 14, 10, 8, 5, 12, 38, 11, 9, 46, 6, 4, 27, 27, 30, 38, 17, 15, 11, 57, 6, 35, 31, 25, 4, 16, 17, 19, 3, 11, 6, 26, 3, 39, 50, 34, 57, 23, 51, 48, 9, 32, 80, 2, 34, 12, 26, 6, 3, 24, 35, 10, 0)
s = 78: (0, 15, 37, 7, 89, 71, 22, 61, 14, 65, 4, 5, 25, 58, 50, 19, 27, 133, 59, 15, 22, 4, 2, 16, 138, 41, 36, 34, 47, 77, 4, 69, 36, 11, 18, 12, 21, 63, 3, 19, 14, 6, 17, 4, 17, 45, 7, 8, 54, 5, 5, 37, 12, 25, 57, 20, 15, 18, 78, 4, 47, 49, 24, 5, 10, 18, 28, 4, 14, 4, 21, 2, 59, 70, 25, 59, 21, 61, 57, 6, 29, 109, 2, 35, 15, 41, 4, 4, 24, 23, 13, 0)
s = 79: (0, 21, 29, 11, 92, 35, 22, 49, 21, 110, 4, 11, 18, 91, 39, 27, 20, 56, 50, 19, 21, 7, 3, 9, 68, 81, 30, 30, 57, 71, 3, 49, 28, 16, 17, 14, 29, 56, 4, 15, 17, 6, 15, 5, 22, 51, 8, 6, 44, 6, 4, 46, 24, 11, 54, 22, 17, 11, 47, 3, 65, 50, 28, 5, 16, 14, 26, 3, 9, 6, 25, 2, 46, 45, 38, 54, 11, 83, 38, 11, 52, 78, 2, 47, 13, 37, 3, 7, 20, 37, 8, 0)
s = 80: (0, 16, 39, 6, 93, 32, 12, 46, 11, 79, 4, 10, 26, 97, 28, 38, 26, 107, 70, 11, 21, 8, 2, 11, 82, 59, 30, 35, 52, 31, 2, 46, 54, 12, 18, 11, 40, 39, 5, 19, 11, 5, 8, 4, 26, 45, 5, 7, 69, 5, 5, 39, 32, 27, 36, 11, 20, 13, 37, 4, 29, 44, 20, 3, 18, 21, 13, 3, 13, 4, 34, 2, 89, 42, 25, 31, 21, 51, 55, 6, 34, 117, 4, 33, 13, 46, 4, 3, 24, 38, 7, 0)
s = 81: (0, 25, 40, 9, 115, 41, 22, 55, 28, 75, 3, 9, 33, 83, 26, 23, 17, 57, 112, 21, 37, 10, 3, 16, 99, 61, 20, 30, 37, 45, 3, 51, 51, 9, 14, 10, 21, 85, 4, 12, 12, 14, 12, 3, 13, 33, 10, 13, 31, 6, 7, 67, 20, 24, 45, 19, 23, 13, 47, 6, 27, 73, 20, 3, 18, 11, 17, 4, 9, 4, 30, 3, 88, 48, 25, 49, 12, 98, 77, 9, 32, 88, 2, 82, 15, 26, 4, 4, 40, 44, 10, 0)
s = 82: (0, 23, 53, 10, 127, 60, 16, 51, 13, 95, 4, 8, 23, 72, 27, 26, 21, 54, 64, 16, 27, 10, 2, 11, 97, 59, 23, 33, 80, 39, 2, 30, 40, 10, 18, 13, 21, 59, 3, 14, 12, 9, 10, 4, 22, 51, 6, 6, 39, 5, 6, 42, 30, 24, 65, 14, 27, 20, 74, 4, 47, 47, 36, 6, 14, 28, 21, 5, 14, 3, 16, 2, 57, 58, 29, 50, 24, 45, 58, 6, 25, 51, 2, 63, 21, 33, 4, 3, 20, 47, 7, 0)
s = 83: (0, 35, 31, 8, 148, 31, 17, 64, 36, 52, 6, 7, 26, 49, 39, 30, 32, 74, 70, 12, 24, 7, 2, 14, 135, 46, 29, 26, 48, 55, 2, 37, 28, 10, 18, 7, 19, 57, 3, 10, 16, 5, 11, 2, 18, 42, 7, 8, 42, 4, 6, 40, 17, 21, 28, 21, 32, 12, 65, 4, 42, 36, 30, 5, 16, 13, 14, 4, 9, 3, 17, 2, 74, 47, 22, 26, 33, 39, 64, 9, 44, 119, 3, 32, 18, 37, 3, 6, 34, 24, 10, 0)
s = 84: (0, 42, 25, 8, 83, 59, 19, 31, 37, 56, 4, 5, 13, 45, 30, 20, 28, 74, 86, 13, 38, 8, 2, 10, 134, 48, 25, 22, 63, 64, 2, 45, 62, 12, 14, 12, 32, 63, 4, 18, 10, 12, 12, 3, 14, 36, 11, 8, 32, 3, 7, 39, 22, 18, 55, 13, 21, 19, 30, 4, 37, 52, 19, 5, 21, 19, 19, 6, 8, 8, 22, 2, 52, 62, 28, 70, 15, 76, 34, 7, 40, 56, 3, 27, 17, 51, 2, 4, 27, 55, 7, 0)
s = 85: (0, 30, 49, 7, 77, 50, 21, 36, 24, 85, 3, 8, 14, 52, 38, 21, 36, 68, 64, 17, 29, 8, 2, 13, 68, 73, 28, 24, 52, 73, 3, 70, 35, 18, 15, 9, 24, 48, 3, 22, 14, 7, 14, 3, 20, 44, 10, 11, 53, 4, 8, 28, 26, 17, 57, 12, 18, 20, 45, 3, 38, 27, 24, 4, 8, 23, 15, 3, 10, 6, 17, 3, 44, 28, 21, 48, 11, 48, 39, 9, 34, 57, 3, 66, 9, 58, 3, 4, 23, 33, 6, 0)
s = 86: (0, 15, 52, 10, 91, 51, 15, 54, 22, 98, 4, 8, 13, 76, 20, 30, 21, 67, 46, 23, 35, 4, 4, 17, 105, 50, 39, 23, 65, 46, 3, 55, 43, 9, 20, 14, 14, 73, 5, 15, 11, 7, 12, 4, 12, 51, 12, 5, 40, 4, 5, 32, 27, 13, 36, 18, 14, 13, 45, 4, 25, 40, 21, 5, 10, 14, 22, 4, 9, 4, 24, 2, 45, 38, 28, 49, 13, 73, 42, 14, 25, 59, 2, 73, 11, 42, 4, 3, 29, 34, 9, 0)
s = 87: (0, 21, 20, 14, 61, 63, 17, 80, 25, 47, 3, 12, 40, 62, 23, 30, 24, 89, 90, 20, 22, 10, 3, 13, 76, 75, 22, 22, 46, 53, 2, 52, 40, 9, 28, 14, 23, 75, 5, 17, 12, 6, 8, 3, 18, 44, 14, 7, 30, 3, 7, 40, 22, 24, 53, 13, 20, 15, 64, 4, 33, 49, 36, 6, 15, 22, 24, 5, 11, 4, 32, 3, 34, 32, 28, 44, 32, 72, 85, 6, 41, 93, 3, 44, 14, 40, 2, 4, 40, 48, 8, 0)
s = 88: (0, 44, 40, 11, 74, 32, 23, 62, 29, 61, 4, 7, 19, 115, 39, 32, 47, 91, 54, 21, 39, 10, 2, 12, 69, 42, 35, 28, 55, 33, 3, 80, 43, 11, 26, 12, 28, 103, 3, 21, 8, 7, 19, 3, 23, 46, 11, 9, 43, 3, 6, 42, 17, 22, 68, 22, 28, 18, 56, 3, 58, 37, 16, 4, 15, 19, 18, 6, 17, 7, 30, 3, 82, 64, 40, 43, 23, 64, 50, 7, 32, 106, 2, 40, 13, 35, 5, 4, 24, 26, 6, 0)
s = 89: (0, 14, 25, 9, 100, 55, 14, 63, 24, 71, 3, 7, 14, 98, 40, 21, 19, 72, 38, 16, 18, 5, 3, 7, 55, 49, 26, 31, 35, 50, 2, 36, 30, 11, 21, 13, 43, 75, 3, 9, 12, 14, 7, 5, 11, 71, 8, 7, 45, 4, 5, 36, 14, 13, 39, 12, 23, 21, 56, 5, 37, 51, 23, 3, 16, 20, 21, 6, 11, 6, 29, 3, 51, 31, 18, 46, 17, 93, 38, 8, 32, 105, 2, 44, 14, 42, 4, 4, 39, 24, 5, 0)
s = 90: (0, 29, 45, 10, 86, 45, 18, 42, 25, 47, 2, 5, 16, 85, 38, 22, 14, 89, 55, 20, 39, 5, 2, 10, 60, 72, 39, 22, 50, 60, 2, 64, 23, 10, 16, 14, 15, 54, 3, 14, 7, 7, 17, 3, 19, 52, 6, 6, 35, 6, 4, 51, 23, 11, 44, 11, 19, 16, 33, 7, 47, 72, 26, 5, 11, 20, 25, 4, 11, 6, 25, 2, 50, 43, 17, 47, 14, 51, 57, 11, 38, 66, 3, 38, 24, 42, 3, 7, 30, 50, 8, 0)
s = 91: (0, 24, 31, 12, 118, 43, 23, 45, 20, 100, 4, 11, 14, 113, 38, 26, 47, 45, 67, 18, 21, 5, 2, 15, 90, 58, 35, 20, 49, 40, 4, 59, 40, 21, 15, 12, 31, 85, 3, 12, 13, 6, 10, 4, 18, 32, 6, 6, 53, 5, 9, 49, 14, 18, 40, 19, 37, 17, 37, 5, 29, 46, 26, 7, 12, 18, 26, 4, 11, 5, 23, 2, 59, 32, 29, 41, 21, 86, 44, 11, 34, 140, 2, 51, 17, 30, 4, 5, 42, 23, 6, 0)
s = 92: (0, 25, 24, 13, 71, 60, 15, 52, 13, 71, 3, 11, 25, 146, 26, 26, 29, 88, 135, 14, 18, 7, 3, 12, 84, 34, 18, 39, 41, 86, 3, 62, 26, 9, 18, 12, 39, 71, 3, 24, 9, 11, 10, 3, 20, 36, 7, 13, 31, 6, 5, 63, 33, 16, 62, 18, 18, 14, 30, 5, 24, 33, 45, 4, 13, 12, 21, 5, 11, 3, 25, 3, 57, 64, 18, 28, 20, 98, 44, 12, 26, 109, 3, 60, 10, 56, 4, 4, 26, 40, 6, 0)
s = 93: (0, 19, 51, 16, 90, 34, 19, 79, 13, 74, 3, 9, 28, 126, 55, 46, 17, 115, 104, 17, 35, 6, 2, 14, 118, 54, 42, 18, 90, 41, 2, 34, 47, 16, 19, 9, 23, 50, 5, 12, 13, 7, 11, 3, 14, 75, 10, 6, 47, 4, 6, 45, 13, 17, 39, 23, 19, 14, 28, 5, 38, 85, 17, 5, 14, 22, 21, 5, 9, 6, 18, 3, 69, 72, 28, 58, 14, 59, 54, 12, 55, 51, 2, 35, 12, 41, 2, 3, 49, 35, 10, 0)
s = 94: (0, 16, 33, 11, 164, 60, 13, 55, 18, 65, 2, 9, 26, 76, 27, 39, 25, 47, 95, 23, 39, 7, 2, 9, 100, 36, 32, 26, 42, 80, 2, 51, 35, 8, 26, 10, 29, 74, 3, 16, 15, 6, 11, 2, 26, 36, 9, 12, 45, 7, 7, 25, 37, 20, 41, 23, 18, 22, 69, 4, 28, 52, 20, 3, 23, 12, 25, 5, 11, 3, 36, 4, 92, 56, 17, 39, 16, 76, 43, 8, 36, 48, 4, 44, 10, 33, 4, 6, 19, 23, 7, 0)
s = 95: (0, 18, 30, 13, 73, 51, 21, 42, 19, 73, 4, 8, 17, 75, 25, 25, 39, 124, 47, 14, 39, 6, 2, 7, 110, 51, 26, 24, 58, 39, 2, 52, 36, 14, 27, 10, 29, 53, 4, 10, 12, 12, 17, 4, 16, 39, 8, 8, 50, 3, 4, 56, 21, 12, 55, 12, 25, 17, 51, 5, 44, 62, 20, 5, 29, 15, 16, 4, 11, 5, 16, 2, 37, 39, 27, 55, 11, 47, 46, 7, 39, 106, 2, 71, 14, 46, 2, 5, 26, 27, 6, 0)
s = 96: (0, 22, 25, 8, 101, 55, 17, 62, 13, 70, 4, 8, 27, 63, 34, 20, 37, 61, 51, 15, 18, 5, 3, 7, 90, 37, 20, 18, 43, 40, 4, 69, 43, 9, 21, 7, 30, 58, 4, 14, 11, 14, 11, 3, 21, 32, 10, 10, 80, 5, 6, 25, 26, 20, 63, 26, 25, 19, 52, 6, 52, 44, 33, 8, 11, 14, 13, 4, 14, 5, 23, 4, 71, 34, 17, 26, 24, 54, 69, 9, 43, 110, 3, 34, 15, 52, 5, 3, 28, 38, 8, 0)
s = 97: (0, 28, 31, 9, 116, 52, 17, 38, 26, 63, 2, 10, 23, 73, 28, 39, 17, 91, 50, 13, 22, 4, 2, 13, 109, 32, 18, 43, 42, 61, 2, 48, 28, 13, 14, 9, 14, 82, 3, 9, 17, 6, 9, 4, 15, 78, 10, 7, 45, 3, 6, 28, 13, 18, 47, 20, 18, 11, 61, 4, 23, 51, 21, 6, 20, 13, 18, 6, 10, 3, 16, 2, 42, 46, 20, 34, 23, 48, 42, 8, 32, 50, 2, 45, 16, 49, 3, 5, 22, 29, 6, 0)
s = 98: (0, 31, 41, 12, 152, 71, 21, 79, 17, 99, 3, 8, 21, 94, 24, 31, 34, 103, 72, 16, 35, 4, 2, 17, 97, 45, 29, 20, 49, 79, 2, 31, 41, 14, 27, 13, 31, 38, 4, 17, 9, 12, 17, 4, 33, 35, 10, 7, 33, 5, 5, 44, 17, 31, 35, 16, 24, 18, 40, 3, 26, 25, 21, 4, 10, 20, 21, 3, 11, 6, 17, 2, 79, 45, 28, 37, 19, 126, 45, 8, 31, 74, 2, 41, 13, 28, 4, 5, 25, 37, 9, 0)
s = 99: (0, 28, 40, 7, 129, 40, 17, 50, 33, 92, 3, 10, 20, 58, 30, 36, 31, 100, 78, 20, 22, 5, 2, 7, 59, 43, 26, 45, 66, 70, 2, 44, 38, 13, 33, 11, 32, 53, 3, 17, 13, 8, 7, 4, 14, 76, 6, 13, 64, 5, 6, 33, 35, 16, 38, 20, 19, 19, 50, 5, 49, 29, 15, 7, 15, 20, 16, 3, 7, 4, 23, 4, 83, 45, 22, 27, 18, 77, 40, 6, 41, 111, 3, 31, 14, 47, 5, 3, 41, 29, 6, 0)
s = 100: (0, 21, 31, 7, 97, 50, 17, 65, 26, 86, 2, 12, 21, 57, 34, 21, 21, 64, 74, 18, 18, 8, 2, 13, 122, 59, 37, 22, 57, 42, 2, 41, 40, 18, 21, 12, 28, 85, 3, 13, 22, 7, 13, 5, 26, 60, 7, 9, 60, 5, 6, 41, 27, 28, 63, 16, 13, 19, 67, 5, 42, 40, 19, 4, 9, 23, 24, 6, 17, 4, 22, 3, 55, 74, 26, 28, 18, 53, 49, 5, 37, 78, 2, 58, 11, 49, 3, 4, 32, 51, 10, 0)
s = 101: (0, 27, 44, 12, 101, 65, 26, 35, 23, 79, 4, 8, 18, 88, 25, 18, 18, 88, 95, 24, 18, 5, 3, 12, 79, 38, 28, 40, 60, 64, 4, 43, 40, 11, 23, 13, 17, 44, 4, 17, 10, 7, 14, 3, 18, 37, 5, 5, 50, 6, 5, 43, 20, 25, 33, 13, 23, 20, 54, 5, 40, 49, 23, 7, 13, 23, 18, 4, 14, 5, 13, 3, 51, 49, 24, 30, 16, 61, 58, 7, 25, 42, 2, 56, 19, 32, 5, 6, 20, 51, 9, 0)
s = 102: (0, 22, 31, 7, 95, 54, 18, 78, 23, 56, 4, 5, 21, 104, 35, 26, 35, 101, 109, 17, 34, 7, 3, 13, 80, 63, 50, 23, 58, 67, 2, 59, 58, 9, 20, 14, 16, 97, 4, 11, 18, 9, 12, 4, 19, 74, 6, 8, 29, 4, 4, 35, 30, 23, 37, 12, 31, 12, 35, 4, 34, 53, 30, 5, 18, 17, 14, 5, 10, 6, 25, 3, 98, 32, 25, 48, 34, 48, 43, 6, 42, 86, 4, 61, 16, 41, 4, 5, 24, 32, 9, 0)
s = 103: (0, 31, 35, 16, 52, 52, 18, 55, 22, 51, 4, 8, 28, 83, 23, 20, 19, 57, 77, 12, 20, 9, 2, 17, 65, 54, 27, 20, 57, 53, 2, 56, 24, 16, 26, 7, 35, 69, 3, 13, 11, 8, 10, 3, 12, 40, 9, 10, 54, 3, 7, 22, 28, 16, 42, 11, 24, 18, 34, 8, 38, 55, 30, 4, 16, 20, 27, 5, 9, 5, 33, 3, 65, 34, 20, 27, 21, 80, 38, 5, 28, 115, 2, 63, 14, 45, 4, 4, 35, 26, 10, 0)
s = 104: (0, 29, 23, 14, 80, 63, 20, 40, 20, 54, 3, 11, 15, 67, 22, 25, 18, 59, 87, 18, 29, 5, 2, 19, 59, 49, 27, 38, 76, 61, 2, 66, 28, 22, 37, 11, 17, 58, 3, 11, 19, 6, 14, 3, 19, 71, 12, 6, 73, 6, 6, 39, 21, 15, 35, 17, 29, 25, 43, 3, 25, 32, 39, 3, 19, 28, 19, 4, 17, 4, 24, 3, 60, 47, 21, 43, 15, 107, 95, 12, 29, 108, 2, 34, 12, 68, 4, 3, 49, 27, 13, 0)
s = 105: (0, 42, 29, 12, 141, 45, 15, 39, 26, 95, 4, 10, 25, 108, 28, 27, 25, 60, 70, 18, 41, 11, 3, 14, 90, 80, 19, 22, 55, 68, 3, 77, 26, 12, 23, 7, 26, 46, 3, 14, 10, 5, 11, 4, 25, 60, 6, 9, 47, 5, 6, 28, 16, 24, 62, 12, 19, 25, 66, 5, 39, 46, 22, 6, 12, 14, 17, 4, 24, 5, 26, 2, 76, 56, 22, 38, 15, 46, 61, 9, 45, 54, 3, 35, 12, 56, 3, 4, 31, 39, 9, 0)
s = 106: (0, 17, 31, 9, 84, 69, 13, 74, 28, 53, 3, 9, 23, 105, 46, 40, 23, 82, 93, 21, 33, 4, 2, 15, 106, 73, 20, 18, 49, 46, 2, 70, 46, 13, 16, 10, 22, 114, 2, 22, 19, 7, 12, 4, 22, 65, 11, 7, 50, 5, 8, 58, 15, 14, 43, 22, 19, 13, 34, 6, 31, 39, 31, 5, 12, 19, 27, 4, 10, 6, 35, 3, 61, 72, 24, 44, 16, 69, 56, 5, 38, 74, 2, 78, 15, 41, 3, 4, 31, 50, 6, 0)
s = 107: (0, 18, 20, 11, 114, 78, 13, 44, 22, 99, 5, 10, 23, 68, 17, 23, 29, 60, 48, 16, 36, 6, 3, 13, 88, 39, 37, 35, 83, 33, 3, 32, 26, 14, 20, 14, 15, 49, 5, 22, 18, 8, 12, 3, 17, 49, 13, 9, 52, 4, 4, 41, 20, 27, 44, 23, 21, 27, 53, 3, 31, 32, 19, 4, 19, 14, 19, 4, 12, 4, 18, 2, 59, 50, 24, 41, 10, 60, 65, 6, 51, 90, 3, 76, 16, 70, 5, 3, 27, 30, 11, 0)
s = 108: (0, 27, 22, 9, 88, 45, 33, 66, 12, 63, 4, 7, 20, 110, 43, 31, 22, 115, 52, 17, 17, 8, 3, 11, 73, 36, 29, 19, 56, 37, 2, 36, 22, 14, 31, 10, 20, 52, 3, 18, 13, 6, 17, 3, 19, 30, 8, 5, 36, 6, 5, 51, 19, 26, 77, 23, 19, 23, 57, 4, 27, 37, 43, 4, 12, 11, 21, 3, 16, 5, 25, 2, 49, 58, 26, 34, 13, 52, 30, 10, 40, 90, 3, 53, 16, 27, 5, 4, 27, 41, 12, 0)
s = 109: (0, 14, 26, 10, 120, 41, 14, 67, 19, 55, 3, 10, 31, 87, 21, 35, 20, 44, 44, 11, 28, 9, 2, 9, 86, 53, 35, 29, 58, 57, 2, 32, 32, 17, 16, 10, 27, 83, 4, 10, 19, 10, 13, 3, 28, 32, 7, 8, 43, 4, 5, 58, 13, 11, 75, 19, 17, 18, 63, 4, 48, 38, 21, 5, 11, 15, 30, 4, 10, 3, 25, 3, 67, 34, 29, 42, 12, 48, 52, 13, 61, 69, 4, 27, 16, 48, 2, 6, 35, 52, 10, 0)
s = 110: (0, 23, 50, 13, 125, 60, 24, 79, 18, 40, 5, 7, 19, 116, 32, 27, 35, 73, 70, 20, 20, 11, 2, 10, 100, 36, 30, 28, 71, 45, 3, 38, 38, 16, 13, 12, 23, 43, 3, 20, 10, 7, 9, 4, 11, 67, 11, 7, 69, 4, 4, 60, 16, 27, 29, 31, 17, 15, 39, 5, 50, 53, 17, 3, 11, 15, 19, 5, 10, 5, 23, 3, 53, 50, 27, 24, 14, 51, 41, 9, 38, 105, 3, 34, 19, 63, 3, 7, 31, 42, 13, 0)
s = 111: (0, 23, 42, 10, 101, 71, 17, 68, 20, 83, 4, 9, 27, 83, 22, 32, 32, 83, 50, 16, 22, 9, 3, 13, 78, 62, 35, 34, 69, 44, 2, 56, 24, 8, 21, 8, 33, 94, 3, 17, 13, 11, 12, 3, 14, 40, 10, 7, 56, 4, 6, 48, 37, 22, 25, 14, 22, 12, 37, 4, 26, 61, 23, 4, 14, 13, 18, 4, 22, 3, 25, 3, 62, 36, 23, 56, 17, 98, 62, 5, 53, 106, 3, 66, 27, 55, 4, 3, 25, 46, 5, 0)
s = 112: (0, 33, 34, 9, 111, 53, 19, 86, 13, 68, 3, 8, 20, 73, 37, 31, 17, 80, 59, 16, 35, 5, 2, 20, 99, 49, 25, 27, 63, 87, 2, 48, 22, 14, 12, 13, 31, 61, 3, 10, 19, 8, 12, 3, 15, 51, 6, 9, 32, 5, 6, 31, 33, 11, 44, 21, 17, 15, 35, 4, 42, 46, 32, 3, 11, 16, 29, 4, 16, 5, 26, 2, 66, 42, 13, 31, 19, 89, 50, 9, 31, 90, 3, 65, 9, 33, 2, 5, 29, 23, 6, 0)
s = 113: (0, 20, 22, 9, 133, 44, 15, 50, 16, 83, 3, 6, 18, 62, 24, 33, 29, 122, 49, 24, 23, 5, 2, 11, 107, 42, 22, 29, 89, 76, 3, 35, 32, 8, 23, 12, 25, 65, 3, 22, 13, 6, 13, 3, 23, 91, 9, 11, 50, 6, 4, 71, 17, 23, 67, 13, 20, 19, 70, 4, 39, 58, 22, 4, 13, 19, 19, 4, 12, 5, 17, 2, 78, 47, 26, 34, 11, 59, 40, 15, 41, 60, 2, 31, 13, 43, 2, 3, 23, 31, 6, 0)
s = 114: (0, 39, 39, 10, 137, 43, 18, 51, 13, 75, 4, 7, 13, 75, 25, 35, 18, 83, 48, 15, 39, 4, 2, 13, 90, 52, 22, 34, 63, 36, 2, 39, 34, 10, 21, 14, 23, 48, 3, 14, 18, 8, 9, 3, 13, 54, 6, 6, 73, 4, 4, 32, 27, 21, 42, 13, 19, 17, 46, 4, 56, 49, 16, 6, 14, 13, 25, 3, 11, 7, 23, 3, 57, 43, 19, 33, 18, 94, 88, 7, 47, 75, 2, 63, 23, 65, 3, 4, 37, 34, 9, 0)
s = 115: (0, 23, 32, 14, 104, 34, 11, 47, 28, 85, 3, 9, 13, 100, 42, 31, 28, 71, 57, 14, 31, 8, 2, 15, 83, 50, 26, 22, 100, 81, 2, 48, 38, 12, 31, 8, 21, 64, 2, 22, 7, 7, 13, 4, 14, 31, 6, 8, 59, 3, 4, 29, 21, 12, 66, 24, 12, 13, 29, 5, 39, 38, 38, 3, 19, 15, 16, 4, 13, 5, 37, 2, 73, 42, 31, 41, 19, 80, 80, 7, 34, 86, 2, 66, 17, 75, 3, 4, 25, 23, 7, 0)
s = 116: (0, 35, 19, 12, 90, 34, 15, 50, 30, 59, 4, 11, 26, 85, 23, 24, 24, 51, 108, 14, 36, 6, 2, 9, 141, 42, 31, 32, 49, 38, 4, 59, 28, 15, 28, 12, 23, 87, 4, 12, 11, 7, 11, 4, 15, 40, 12, 9, 38, 3, 4, 53, 18, 14, 53, 22, 15, 18, 35, 3, 25, 72, 20, 4, 12, 26, 21, 4, 9, 5, 19, 3, 76, 52, 26, 37, 25, 55, 60, 8, 51, 94, 3, 27, 10, 42, 4, 4, 25, 29, 9, 0)
s = 117: (0, 22, 29, 7, 66, 63, 36, 69, 22, 47, 3, 8, 12, 93, 17, 26, 36, 70, 58, 18, 21, 6, 2, 13, 55, 50, 41, 30, 73, 38, 2, 49, 57, 12, 16, 12, 19, 69, 3, 23, 12, 7, 11, 3, 16, 32, 7, 13, 52, 6, 5, 42, 24, 21, 51, 12, 20, 22, 30, 4, 36, 43, 18, 5, 10, 31, 26, 3, 11, 5, 16, 2, 71, 30, 30, 27, 11, 64, 52, 9, 49, 62, 3, 47, 18, 49, 4, 4, 33, 23, 7, 0)
s = 118: (0, 20, 22, 8, 115, 31, 11, 69, 19, 88, 3, 7, 18, 78, 20, 27, 27, 67, 84, 13, 36, 5, 3, 10, 70, 77, 38, 41, 61, 82, 4, 42, 31, 12, 18, 9, 28, 66, 4, 12, 20, 6, 12, 5, 20, 53, 9, 11, 58, 3, 6, 37, 22, 16, 32, 16, 29, 18, 67, 3, 32, 47, 15, 4, 18, 21, 29, 3, 13, 4, 37, 3, 81, 30, 26, 45, 13, 56, 52, 8, 45, 82, 2, 60, 10, 34, 4, 5, 39, 25, 7, 0)
s = 119: (0, 17, 34, 9, 98, 36, 15, 37, 20, 60, 3, 6, 31, 99, 32, 26, 21, 67, 69, 14, 21, 9, 3, 9, 131, 83, 26, 33, 69, 38, 2, 66, 28, 15, 25, 10, 29, 38, 3, 20, 13, 14, 17, 4, 15, 61, 8, 9, 51, 6, 3, 50, 21, 12, 51, 21, 22, 23, 78, 4, 35, 71, 31, 6, 18, 19, 24, 4, 15, 5, 43, 2, 54, 59, 23, 28, 14, 56, 49, 10, 41, 98, 2, 38, 12, 32, 4, 4, 35, 50, 7, 0)
s = 120: (0, 23, 43, 13, 109, 78, 20, 41, 26, 94, 3, 11, 23, 120, 44, 23, 28, 80, 59, 10, 33, 7, 3, 8, 62, 63, 26, 31, 42, 78, 2, 44, 34, 12, 20, 8, 19, 61, 3, 16, 14, 7, 13, 4, 15, 70, 7, 6, 68, 5, 5, 42, 14, 17, 40, 12, 23, 17, 28, 3, 31, 36, 20, 5, 19, 20, 15, 3, 23, 3, 21, 3, 56, 47, 29, 24, 19, 92, 77, 7, 23, 42, 2, 32, 25, 57, 3, 4, 45, 27, 9, 0)
s = 121: (0, 24, 18, 16, 102, 49, 18, 80, 24, 52, 4, 6, 22, 92, 27, 37, 20, 100, 68, 10, 43, 4, 3, 21, 81, 46, 38, 25, 47, 36, 2, 59, 22, 14, 18, 10, 21, 83, 5, 23, 14, 6, 10, 2, 18, 70, 11, 8, 71, 5, 6, 42, 26, 15, 29, 18, 16, 21, 35, 6, 44, 45, 21, 4, 12, 25, 17, 5, 13, 6, 18, 2, 49, 51, 23, 31, 18, 52, 66, 7, 26, 72, 2, 32, 16, 61, 3, 5, 39, 26, 6, 0)
s = 122: (0, 15, 46, 9, 78, 53, 18, 45, 13, 72, 3, 10, 16, 119, 32, 29, 19, 69, 71, 14, 27, 11, 3, 9, 109, 38, 36, 33, 59, 94, 2, 50, 59, 12, 22, 8, 17, 62, 5, 20, 15, 8, 10, 3, 24, 46, 6, 8, 38, 4, 4, 27, 23, 26, 28, 35, 20, 17, 50, 4, 40, 45, 20, 7, 17, 24, 29, 4, 11, 5, 24, 3, 53, 42, 33, 46, 10, 46, 52, 6, 26, 76, 3, 43, 17, 40, 3, 5, 33, 39, 6, 0)
s = 123: (0, 27, 42, 6, 106, 38, 32, 77, 23, 72, 5, 7, 13, 71, 38, 23, 23, 88, 53, 11, 16, 8, 3, 12, 99, 32, 26, 21, 93, 42, 2, 53, 27, 7, 15, 12, 15, 107, 2, 17, 16, 5, 10, 5, 20, 54, 9, 6, 44, 4, 4, 39, 22, 15, 43, 18, 26, 31, 40, 3, 66, 46, 19, 6, 15, 22, 18, 4, 17, 3, 30, 2, 69, 34, 22, 29, 23, 46, 73, 8, 48, 103, 3, 51, 15, 49, 4, 3, 43, 24, 9, 0)
s = 124: (0, 23, 30, 11, 156, 61, 24, 72, 16, 127, 5, 7, 16, 109, 35, 42, 18, 61, 54, 20, 24, 8, 2, 12, 108, 37, 30, 29, 45, 69, 3, 68, 24, 15, 17, 16, 19, 58, 2, 11, 12, 8, 17, 3, 25, 31, 8, 6, 63, 5, 6, 44, 12, 25, 84, 25, 32, 26, 43, 4, 43, 28, 17, 5, 16, 16, 15, 4, 12, 3, 14, 3, 51, 72, 18, 60, 24, 83, 49, 7, 38, 68, 3, 71, 9, 35, 4, 7, 56, 66, 10, 0)
s = 125: (0, 21, 41, 12, 79, 58, 34, 68, 29, 61, 3, 6, 16, 51, 38, 33, 26, 85, 52, 12, 32, 4, 3, 11, 85, 50, 35, 33, 42, 54, 2, 36, 38, 9, 13, 8, 30, 70, 3, 18, 11, 10, 9, 3, 32, 37, 10, 12, 28, 4, 5, 48, 18, 32, 51, 22, 19, 16, 33, 3, 27, 26, 19, 5, 10, 13, 13, 7, 13, 6, 21, 2, 59, 41, 19, 42, 17, 67, 57, 8, 29, 81, 2, 41, 15, 46, 4, 4, 41, 26, 9, 0)
s = 126: (0, 21, 27, 7, 125, 71, 12, 85, 25, 42, 4, 12, 16, 120, 26, 27, 23, 112, 90, 17, 29, 5, 3, 10, 96, 52, 43, 30, 73, 45, 2, 54, 29, 10, 17, 18, 18, 66, 4, 11, 17, 11, 16, 3, 27, 29, 13, 5, 50, 5, 9, 58, 28, 15, 33, 17, 28, 20, 30, 3, 30, 57, 42, 3, 14, 17, 26, 6, 16, 4, 24, 3, 68, 49, 23, 31, 19, 79, 45, 8, 42, 129, 2, 36, 9, 40, 3, 4, 24, 32, 7, 0)
s = 127: (0, 22, 38, 14, 105, 47, 22, 69, 18, 48, 4, 8, 28, 81, 23, 27, 19, 130, 52, 19, 23, 6, 2, 13, 69, 33, 33, 27, 44, 38, 4, 51, 40, 15, 12, 16, 18, 39, 4, 15, 11, 11, 9, 4, 20, 58, 8, 9, 34, 6, 5, 41, 27, 16, 39, 16, 15, 14, 58, 4, 66, 30, 25, 7, 17, 24, 27, 3, 11, 4, 20, 2, 52, 54, 40, 28, 22, 59, 48, 13, 31, 104, 3, 51, 13, 45, 5, 3, 36, 26, 6, 0)
s = 128: (0, 15, 36, 11, 114, 79, 18, 78, 12, 64, 2, 6, 20, 57, 27, 25, 30, 64, 58, 16, 27, 7, 3, 10, 136, 41, 24, 20, 48, 52, 3, 54, 38, 16, 16, 11, 19, 55, 4, 19, 17, 9, 15, 3, 13, 47, 8, 7, 25, 4, 4, 29, 26, 13, 53, 25, 24, 26, 58, 3, 23, 58, 27, 5, 15, 17, 24, 6, 7, 4, 18, 2, 78, 30, 25, 53, 15, 53, 66, 10, 54, 56, 3, 49, 19, 62, 2, 4, 25, 34, 6, 0)
s = 129: (0, 22, 18, 12, 123, 34, 20, 73, 22, 67, 4, 8, 27, 82, 26, 32, 21, 108, 80, 12, 28, 5, 3, 13, 127, 70, 41, 22, 61, 55, 2, 44, 38, 12, 16, 14, 14, 94, 3, 17, 16, 14, 10, 4, 22, 47, 9, 8, 40, 5, 6, 45, 31, 16, 32, 14, 24, 13, 71, 3, 50, 44, 26, 3, 17, 11, 16, 3, 18, 3, 21, 2, 74, 40, 20, 22, 20, 59, 58, 6, 39, 97, 2, 40, 9, 53, 4, 6, 26, 59, 6, 0)
s = 130: (0, 37, 24, 9, 130, 68, 24, 56, 26, 70, 6, 9, 16, 71, 26, 26, 17, 52, 68, 14, 22, 8, 2, 12, 109, 34, 44, 17, 50, 54, 3, 62, 43, 8, 15, 8, 21, 33, 3, 11, 13, 12, 14, 3, 17, 49, 13, 6, 56, 5, 5, 41, 34, 19, 29, 21, 24, 16, 32, 4, 47, 38, 21, 5, 13, 17, 22, 5, 9, 3, 32, 2, 55, 44, 27, 47, 27, 55, 89, 5, 47, 71, 3, 36, 23, 65, 3, 3, 32, 29, 5, 0)
s = 131: (0, 26, 40, 7, 125, 38, 18, 77, 18, 82, 4, 6, 11, 66, 47, 44, 25, 86, 74, 21, 24, 8, 3, 10, 80, 36, 44, 41, 59, 84, 3, 45, 55, 15, 13, 10, 32, 62, 2, 19, 15, 7, 15, 4, 29, 44, 7, 7, 40, 4, 4, 35, 21, 11, 37, 21, 28, 20, 37, 4, 46, 34, 25, 4, 13, 15, 15, 3, 8, 4, 29, 3, 77, 45, 29, 32, 19, 54, 62, 8, 38, 59, 3, 58, 24, 29, 5, 3, 22, 46, 10, 0)
s = 132: (0, 33, 34, 11, 105, 28, 17, 30, 17, 52, 3, 6, 17, 98, 32, 34, 32, 102, 53, 20, 22, 5, 2, 13, 89, 50, 25, 16, 38, 47, 3, 64, 25, 14, 26, 9, 21, 50, 3, 14, 11, 5, 14, 4, 17, 69, 10, 5, 37, 3, 5, 29, 19, 12, 42, 24, 21, 18, 27, 5, 38, 47, 28, 4, 25, 21, 20, 3, 14, 4, 21, 2, 61, 78, 24, 35, 13, 58, 61, 7, 39, 86, 2, 35, 16, 37, 4, 6, 45, 29, 10, 0)
s = 133: (0, 21, 44, 14, 100, 38, 17, 63, 28, 86, 2, 9, 14, 71, 49, 22, 20, 121, 72, 13, 25, 10, 2, 18, 58, 43, 23, 21, 46, 55, 3, 37, 42, 11, 28, 14, 16, 83, 3, 17, 17, 5, 22, 4, 17, 48, 15, 10, 55, 3, 4, 44, 30, 10, 44, 16, 23, 26, 39, 6, 41, 29, 25, 5, 12, 24, 23, 4, 11, 6, 20, 3, 72, 52, 25, 26, 13, 54, 63, 7, 22, 93, 2, 44, 12, 47, 4, 4, 28, 40, 7, 0)
s = 134: (0, 27, 25, 8, 115, 64, 19, 70, 14, 54, 3, 8, 18, 107, 42, 21, 34, 59, 58, 22, 43, 6, 3, 9, 122, 62, 31, 32, 52, 49, 3, 43, 45, 11, 18, 7, 18, 54, 3, 22, 9, 9, 11, 3, 21, 66, 8, 10, 42, 4, 7, 33, 23, 10, 38, 26, 12, 11, 36, 3, 35, 37, 17, 3, 18, 13, 22, 3, 13, 6, 22, 2, 39, 38, 37, 52, 24, 82, 83, 7, 33, 114, 3, 32, 14, 36, 4, 6, 39, 29, 5, 0)
s = 135: (0, 25, 18, 18, 92, 44, 14, 53, 28, 87, 4, 11, 22, 92, 35, 31, 33, 74, 50, 19, 32, 8, 2, 14, 115, 41, 35, 25, 51, 54, 2, 67, 49, 14, 15, 8, 16, 56, 4, 20, 15, 7, 11, 5, 26, 65, 10, 7, 44, 4, 6, 29, 16, 13, 45, 25, 23, 19, 26, 5, 28, 34, 19, 6, 11, 18, 22, 8, 11, 3, 25, 3, 43, 44, 23, 27, 23, 64, 59, 5, 29, 53, 2, 54, 15, 79, 2, 4, 56, 33, 9, 0)
s = 136: (0, 35, 19, 9, 65, 72, 15, 48, 27, 49, 3, 6, 20, 56, 23, 22, 28, 62, 91, 11, 19, 9, 3, 16, 80, 43, 46, 30, 46, 35, 3, 64, 28, 14, 12, 10, 25, 51, 2, 19, 13, 8, 8, 4, 24, 43, 8, 9, 27, 6, 8, 45, 19, 22, 64, 17, 14, 16, 89, 3, 56, 59, 25, 3, 18, 18, 29, 3, 10, 3, 25, 2, 33, 66, 21, 47, 29, 121, 50, 13, 39, 91, 3, 28, 15, 85, 5, 5, 29, 59, 5, 0)
s = 137: (0, 26, 58, 6, 116, 63, 19, 46, 17, 55, 5, 9, 24, 56, 24, 38, 31, 53, 49, 15, 41, 7, 2, 9, 69, 71, 44, 22, 48, 36, 3, 57, 41, 11, 17, 7, 30, 36, 4, 20, 13, 10, 8, 5, 18, 37, 9, 8, 34, 5, 4, 34, 14, 16, 48, 12, 18, 16, 38, 5, 35, 69, 30, 5, 14, 26, 28, 4, 10, 4, 22, 2, 44, 48, 27, 35, 22, 67, 52, 10, 27, 120, 2, 33, 13, 53, 4, 6, 52, 34, 9, 0)
s = 138: (0, 25, 37, 8, 92, 35, 29, 54, 27, 74, 2, 10, 17, 112, 21, 26, 25, 121, 65, 16, 33, 8, 2, 11, 90, 60, 25, 36, 102, 68, 2, 47, 30, 14, 18, 11, 32, 57, 6, 18, 18, 6, 9, 3, 11, 53, 6, 6, 29, 5, 3, 26, 30, 19, 35, 14, 33, 16, 36, 3, 46, 66, 34, 3, 10, 13, 12, 7, 9, 7, 27, 3, 76, 47, 23, 65, 20, 89, 31, 6, 39, 48, 2, 49, 10, 45, 3, 4, 24, 35, 7, 0)
s = 139: (0, 19, 51, 7, 80, 58, 30, 32, 25, 85, 3, 12, 29, 53, 19, 26, 21, 103, 73, 15, 37, 6, 3, 11, 95, 39, 20, 31, 84, 30, 3, 44, 25, 13, 23, 10, 29, 84, 4, 17, 13, 8, 9, 3, 20, 59, 10, 9, 44, 6, 6, 51, 30, 15, 58, 14, 27, 14, 49, 7, 39, 30, 18, 4, 18, 26, 25, 4, 10, 4, 33, 2, 52, 33, 24, 33, 22, 77, 45, 10, 33, 115, 3, 42, 16, 39, 5, 6, 26, 39, 8, 0)
s = 140: (0, 19, 35, 7, 168, 52, 17, 54, 13, 47, 3, 13, 23, 110, 35, 37, 26, 97, 69, 12, 28, 6, 2, 9, 104, 69, 35, 38, 45, 59, 3, 56, 21, 15, 32, 8, 36, 57, 3, 12, 19, 7, 13, 2, 16, 53, 9, 12, 44, 5, 5, 46, 27, 15, 37, 16, 24, 12, 39, 3, 29, 39, 17, 3, 14, 20, 19, 5, 10, 4, 33, 3, 69, 73, 21, 43, 13, 89, 75, 6, 29, 100, 3, 58, 12, 57, 4, 6, 37, 48, 6, 0)
s = 141: (0, 20, 26, 8, 83, 45, 17, 74, 24, 62, 3, 14, 28, 107, 29, 35, 16, 79, 87, 13, 19, 8, 3, 8, 73, 76, 45, 18, 42, 36, 3, 35, 21, 9, 29, 9, 24, 48, 3, 18, 10, 11, 14, 3, 16, 43, 8, 7, 34, 4, 4, 40, 23, 11, 73, 17, 30, 27, 48, 5, 35, 37, 36, 7, 9, 21, 25, 6, 11, 3, 40, 2, 48, 78, 17, 32, 25, 69, 34, 12, 25, 66, 2, 40, 12, 43, 3, 3, 26, 28, 9, 0)
s = 142: (0, 18, 29, 7, 88, 77, 14, 63, 26, 63, 4, 7, 23, 79, 38, 25, 30, 142, 54, 20, 27, 5, 2, 17, 79, 51, 36, 28, 77, 66, 2, 63, 26, 12, 23, 11, 27, 48, 3, 11, 14, 9, 9, 3, 21, 70, 12, 9, 38, 6, 6, 46, 15, 15, 41, 13, 13, 13, 36, 6, 78, 56, 22, 4, 13, 27, 21, 4, 16, 4, 29, 3, 80, 47, 30, 33, 27, 53, 44, 9, 34, 92, 2, 81, 19, 57, 3, 4, 25, 37, 8, 0)
s = 143: (0, 26, 23, 14, 81, 32, 27, 63, 15, 64, 4, 14, 15, 69, 31, 27, 28, 90, 108, 15, 23, 6, 2, 9, 55, 56, 23, 25, 42, 50, 2, 73, 27, 8, 15, 8, 20, 36, 4, 15, 11, 7, 12, 3, 17, 43, 9, 13, 71, 4, 4, 58, 17, 13, 77, 13, 26, 15, 30, 4, 47, 51, 25, 6, 17, 11, 24, 3, 11, 3, 29, 4, 57, 49, 18, 55, 22, 76, 57, 7, 59, 74, 2, 64, 10, 49, 3, 4, 41, 30, 7, 0)
s = 144: (0, 27, 19, 7, 118, 40, 30, 82, 27, 69, 2, 8, 25, 122, 20, 24, 36, 60, 114, 16, 18, 4, 2, 11, 90, 56, 37, 33, 45, 55, 2, 71, 36, 13, 14, 12, 20, 34, 3, 21, 8, 7, 12, 4, 13, 75, 8, 13, 32, 3, 6, 52, 27, 23, 43, 15, 16, 24, 41, 3, 49, 43, 27, 5, 9, 14, 19, 4, 12, 3, 27, 2, 57, 51, 26, 32, 23, 47, 44, 7, 27, 80, 2, 83, 17, 54, 5, 4, 31, 31, 7, 0)
s = 145: (0, 23, 25, 8, 72, 40, 16, 45, 26, 101, 3, 13, 24, 56, 20, 35, 26, 100, 63, 26, 24, 10, 3, 18, 69, 56, 26, 30, 59, 42, 2, 53, 23, 12, 13, 7, 14, 39, 3, 13, 13, 7, 10, 3, 16, 54, 11, 8, 52, 4, 7, 33, 23, 12, 59, 11, 18, 28, 34, 4, 37, 47, 22, 4, 20, 12, 19, 5, 8, 5, 23, 4, 57, 50, 24, 28, 15, 52, 42, 11, 33, 70, 2, 44, 21, 80, 3, 5, 23, 54, 12, 0)
s = 146: (0, 40, 17, 9, 118, 37, 28, 34, 24, 56, 3, 10, 12, 71, 38, 43, 30, 54, 70, 10, 54, 7, 2, 14, 116, 61, 21, 35, 67, 61, 3, 42, 49, 15, 31, 12, 17, 39, 5, 17, 12, 10, 8, 4, 13, 48, 6, 5, 42, 4, 7, 46, 19, 19, 78, 14, 19, 31, 49, 3, 67, 34, 13, 5, 8, 31, 20, 5, 20, 3, 23, 2, 57, 45, 23, 31, 20, 86, 52, 7, 37, 59, 2, 37, 16, 75, 4, 6, 22, 41, 6, 0)
s = 147: (0, 33, 33, 10, 148, 56, 24, 59, 32, 71, 3, 8, 19, 118, 29, 30, 50, 90, 114, 19, 39, 6, 2, 10, 100, 54, 19, 26, 35, 37, 2, 45, 52, 21, 25, 13, 34, 88, 3, 15, 16, 10, 15, 4, 13, 49, 6, 11, 49, 6, 4, 55, 24, 15, 40, 15, 23, 15, 50, 3, 43, 47, 23, 6, 21, 13, 25, 5, 12, 3, 19, 2, 68, 44, 21, 39, 16, 66, 63, 12, 41, 92, 2, 39, 9, 31, 4, 4, 18, 60, 7, 0)
s = 148: (0, 22, 31, 9, 109, 53, 21, 49, 23, 57, 3, 6, 12, 68, 27, 33, 32, 78, 71, 25, 15, 7, 4, 14, 128, 81, 27, 22, 56, 86, 2, 75, 54, 11, 19, 13, 30, 60, 4, 16, 10, 9, 10, 3, 14, 33, 9, 9, 39, 5, 8, 51, 12, 21, 34, 20, 25, 27, 53, 3, 49, 67, 19, 6, 13, 11, 18, 4, 21, 6, 31, 3, 90, 29, 25, 26, 22, 78, 77, 7, 27, 67, 2, 35, 19, 65, 3, 7, 19, 32, 7, 0)
s = 149: (0, 15, 29, 8, 99, 34, 13, 60, 25, 68, 4, 11, 30, 82, 25, 39, 25, 78, 95, 22, 27, 8, 3, 14, 85, 80, 22, 29, 64, 93, 2, 52, 26, 11, 19, 7, 17, 85, 3, 12, 7, 5, 13, 3, 18, 36, 13, 9, 36, 4, 4, 51, 28, 14, 46, 25, 13, 22, 36, 6, 39, 52, 31, 5, 15, 20, 14, 3, 13, 3, 20, 4, 63, 64, 31, 42, 22, 63, 65, 7, 39, 73, 3, 74, 11, 30, 3, 3, 27, 30, 7, 0)
s = 150: (0, 25, 40, 10, 105, 29, 21, 91, 34, 41, 3, 9, 15, 85, 39, 28, 29, 109, 93, 12, 24, 8, 2, 15, 58, 46, 20, 32, 89, 50, 2, 41, 34, 13, 28, 10, 21, 64, 4, 16, 16, 7, 14, 3, 21, 29, 9, 10, 28, 5, 4, 33, 18, 22, 68, 22, 15, 13, 45, 5, 29, 51, 25, 7, 12, 22, 26, 4, 14, 4, 14, 2, 99, 80, 27, 30, 19, 58, 52, 5, 38, 69, 2, 45, 21, 34, 5, 4, 32, 37, 13, 0)
s = 151: (0, 45, 20, 11, 107, 44, 17, 71, 24, 45, 3, 11, 32, 117, 38, 19, 33, 85, 82, 9, 17, 6, 2, 12, 117, 53, 29, 29, 73, 48, 2, 39, 37, 10, 14, 17, 24, 78, 3, 9, 8, 8, 7, 5, 26, 47, 14, 5, 47, 4, 5, 45, 21, 15, 50, 21, 20, 12, 62, 5, 59, 52, 33, 5, 10, 31, 24, 4, 10, 7, 19, 3, 83, 72, 21, 22, 15, 60, 66, 5, 42, 102, 2, 36, 14, 47, 5, 5, 30, 50, 7, 0)
s = 152: (0, 23, 29, 10, 161, 73, 19, 59, 19, 83, 4, 9, 14, 88, 20, 18, 24, 105, 69, 21, 28, 5, 2, 14, 91, 61, 46, 20, 71, 41, 3, 60, 43, 19, 26, 8, 37, 56, 3, 18, 17, 7, 15, 2, 14, 37, 7, 7, 48, 4, 5, 65, 20, 15, 53, 19, 26, 17, 40, 5, 52, 62, 18, 6, 10, 21, 18, 4, 8, 3, 16, 3, 87, 28, 23, 61, 27, 81, 43, 7, 43, 72, 3, 39, 14, 30, 4, 4, 27, 26, 11, 0)
s = 153: (0, 28, 41, 10, 72, 45, 15, 83, 21, 60, 3, 6, 25, 88, 31, 22, 22, 85, 59, 23, 37, 6, 3, 8, 97, 65, 59, 18, 52, 50, 2, 54, 33, 14, 25, 6, 28, 47, 2, 17, 13, 6, 11, 4, 19, 38, 11, 8, 62, 5, 6, 33, 31, 17, 39, 19, 18, 14, 37, 4, 35, 41, 21, 6, 17, 13, 13, 4, 7, 3, 15, 2, 46, 55, 42, 35, 11, 83, 66, 8, 21, 55, 3, 39, 21, 32, 4, 6, 58, 32, 5, 0)
s = 154: (0, 21, 34, 8, 164, 71, 18, 32, 13, 96, 3, 7, 20, 127, 24, 30, 16, 48, 109, 15, 48, 6, 2, 15, 98, 48, 20, 33, 47, 53, 2, 36, 40, 14, 14, 11, 29, 54, 4, 20, 18, 11, 9, 4, 12, 43, 10, 8, 70, 6, 6, 30, 12, 14, 57, 20, 17, 15, 45, 4, 33, 39, 21, 5, 21, 13, 20, 7, 8, 6, 20, 2, 71, 91, 39, 33, 26, 94, 56, 9, 28, 71, 2, 46, 9, 46, 3, 5, 31, 35, 5, 0)
s = 155: (0, 33, 21, 12, 151, 38, 19, 59, 17, 99, 3, 9, 21, 65, 28, 33, 22, 80, 102, 12, 22, 7, 2, 9, 63, 68, 50, 35, 54, 55, 2, 49, 33, 9, 16, 16, 27, 74, 5, 21, 14, 10, 10, 5, 12, 46, 9, 13, 45, 7, 4, 49, 20, 21, 43, 14, 17, 20, 65, 5, 54, 40, 27, 4, 13, 16, 30, 4, 18, 3, 35, 2, 50, 36, 40, 31, 14, 78, 79, 9, 19, 67, 3, 41, 12, 32, 3, 4, 21, 34, 13, 0)
s = 156: (0, 16, 23, 15, 128, 41, 21, 51, 19, 52, 4, 5, 27, 124, 30, 31, 26, 100, 86, 17, 20, 8, 2, 14, 129, 52, 17, 40, 57, 47, 2, 43, 44, 12, 16, 12, 19, 44, 2, 18, 11, 7, 9, 3, 16, 38, 6, 8, 56, 5, 4, 29, 31, 15, 28, 26, 19, 13, 37, 4, 26, 41, 27, 4, 12, 13, 16, 4, 11, 4, 18, 3, 53, 44, 33, 25, 17, 86, 56, 8, 51, 113, 2, 48, 19, 40, 4, 3, 24, 42, 6, 0)
s = 157: (0, 21, 36, 14, 79, 40, 22, 43, 17, 69, 3, 13, 12, 62, 20, 30, 25, 94, 47, 15, 22, 6, 3, 8, 129, 49, 50, 33, 86, 52, 3, 43, 27, 9, 22, 14, 27, 37, 3, 21, 8, 7, 15, 3, 18, 73, 8, 8, 57, 4, 6, 33, 31, 14, 51, 29, 21, 14, 43, 4, 30, 39, 33, 5, 16, 22, 15, 8, 13, 6, 24, 3, 62, 48, 35, 62, 17, 71, 44, 10, 32, 60, 3, 47, 23, 41, 5, 5, 41, 44, 5, 0)
s = 158: (0, 28, 35, 10, 74, 54, 23, 50, 13, 70, 4, 7, 19, 93, 28, 49, 33, 69, 61, 15, 22, 8, 3, 10, 67, 59, 36, 24, 43, 47, 3, 59, 34, 12, 17, 7, 27, 55, 5, 9, 7, 7, 10, 4, 17, 59, 11, 7, 27, 3, 8, 32, 14, 23, 31, 14, 17, 20, 33, 4, 45, 46, 27, 4, 11, 19, 17, 4, 10, 4, 21, 3, 57, 41, 31, 30, 20, 68, 83, 7, 25, 60, 4, 44, 9, 28, 3, 4, 21, 30, 8, 0)
s = 159: (0, 26, 34, 8, 69, 36, 18, 75, 21, 98, 4, 13, 17, 73, 30, 42, 22, 96, 50, 12, 34, 9, 3, 13, 74, 77, 33, 43, 58, 83, 2, 63, 45, 11, 18, 9, 42, 53, 5, 18, 10, 7, 15, 4, 15, 38, 7, 11, 54, 3, 3, 32, 30, 27, 63, 18, 18, 17, 52, 4, 35, 36, 25, 3, 12, 26, 27, 5, 7, 4, 18, 2, 59, 47, 33, 40, 18, 57, 40, 7, 44, 114, 2, 30, 11, 48, 4, 5, 33, 43, 5, 0)
s = 160: (0, 30, 41, 7, 149, 36, 20, 30, 14, 58, 2, 13, 28, 89, 27, 23, 29, 83, 121, 20, 24, 8, 2, 16, 62, 88, 21, 25, 66, 63, 2, 31, 53, 9, 18, 9, 17, 80, 4, 16, 9, 12, 13, 3, 26, 38, 9, 7, 43, 3, 4, 47, 23, 13, 36, 19, 17, 25, 30, 5, 27, 70, 30, 5, 17, 20, 24, 4, 9, 3, 23, 3, 40, 35, 31, 41, 32, 87, 32, 7, 26, 78, 2, 43, 18, 62, 3, 4, 20, 53, 11, 0)
s = 161: (0, 32, 33, 13, 111, 51, 31, 66, 20, 54, 6, 6, 11, 67, 30, 26, 38, 90, 142, 22, 34, 5, 2, 9, 97, 49, 23, 31, 64, 74, 3, 35, 36, 11, 25, 15, 44, 47, 3, 14, 20, 5, 12, 5, 15, 29, 12, 9, 29, 4, 7, 32, 24, 19, 49, 15, 26, 29, 51, 4, 36, 33, 26, 3, 18, 12, 13, 5, 18, 5, 15, 2, 46, 51, 16, 30, 17, 62, 42, 7, 40, 66, 3, 50, 22, 58, 2, 5, 36, 37, 11, 0)
s = 162: (0, 20, 32, 11, 116, 48, 30, 40, 32, 97, 3, 6, 26, 67, 21, 28, 31, 96, 65, 18, 20, 6, 2, 10, 116, 55, 28, 31, 57, 63, 2, 36, 27, 11, 22, 14, 16, 50, 4, 14, 8, 9, 11, 2, 15, 50, 7, 12, 39, 5, 5, 27, 25, 21, 53, 14, 22, 13, 32, 3, 27, 39, 25, 5, 16, 18, 18, 4, 15, 4, 27, 2, 68, 34, 21, 53, 16, 62, 38, 9, 29, 93, 2, 42, 12, 34, 3, 4, 46, 38, 6, 0)
s = 163: (0, 26, 20, 6, 108, 35, 15, 43, 15, 62, 3, 11, 29, 68, 25, 23, 39, 62, 78, 18, 40, 8, 2, 13, 88, 84, 42, 20, 61, 34, 3, 54, 37, 13, 21, 6, 40, 81, 4, 12, 12, 13, 11, 4, 26, 45, 8, 9, 55, 4, 6, 39, 14, 24, 40, 21, 17, 24, 33, 5, 24, 32, 19, 3, 23, 12, 17, 5, 11, 5, 39, 3, 40, 70, 19, 40, 19, 54, 50, 9, 24, 74, 2, 36, 12, 58, 4, 3, 54, 49, 10, 0)
s = 164: (0, 20, 31, 16, 57, 54, 18, 86, 26, 74, 4, 7, 13, 62, 43, 21, 43, 109, 88, 11, 30, 6, 2, 12, 74, 79, 25, 34, 76, 36, 2, 64, 24, 19, 15, 16, 19, 52, 3, 25, 12, 6, 9, 5, 22, 36, 8, 8, 57, 4, 7, 55, 26, 18, 59, 12, 13, 25, 41, 6, 37, 29, 21, 3, 18, 20, 24, 4, 7, 4, 26, 2, 44, 48, 41, 35, 13, 90, 35, 11, 42, 49, 2, 58, 21, 27, 4, 6, 33, 20, 6, 0)
s = 165: (0, 27, 29, 12, 112, 52, 22, 45, 17, 105, 4, 10, 24, 115, 41, 27, 24, 87, 81, 17, 29, 7, 2, 9, 100, 69, 44, 26, 81, 62, 2, 39, 55, 9, 12, 14, 22, 75, 3, 22, 13, 6, 10, 5, 25, 41, 9, 7, 48, 3, 7, 33, 14, 15, 84, 17, 16, 34, 36, 5, 47, 56, 19, 7, 13, 28, 21, 4, 15, 4, 22, 3, 48, 81, 24, 52, 14, 47, 49, 14, 52, 104, 3, 48, 17, 49, 3, 4, 28, 22, 9, 0)
s = 166: (0, 24, 44, 8, 121, 44, 19, 104, 17, 62, 4, 6, 14, 116, 39, 27, 20, 63, 64, 11, 29, 10, 3, 15, 58, 39, 21, 20, 95, 37, 2, 60, 44, 22, 14, 15, 44, 37, 3, 16, 20, 7, 12, 4, 15, 74, 10, 8, 47, 4, 6, 46, 26, 24, 41, 26, 23, 20, 38, 6, 61, 38, 28, 4, 15, 14, 21, 5, 8, 5, 18, 2, 90, 56, 25, 40, 18, 68, 45, 10, 26, 93, 4, 62, 21, 62, 3, 3, 32, 33, 8, 0)
s = 167: (0, 22, 22, 7, 123, 39, 12, 46, 14, 84, 5, 12, 19, 107, 49, 21, 25, 83, 107, 17, 28, 5, 3, 10, 80, 52, 22, 34, 58, 58, 3, 58, 39, 14, 18, 8, 25, 57, 4, 19, 13, 13, 9, 4, 19, 70, 10, 6, 31, 3, 4, 27, 21, 17, 38, 15, 20, 17, 39, 5, 45, 38, 37, 5, 23, 20, 15, 6, 11, 5, 21, 2, 49, 33, 35, 51, 19, 58, 45, 9, 31, 64, 2, 41, 13, 69, 3, 4, 27, 35, 9, 0)
s = 168: (0, 23, 31, 13, 128, 35, 24, 47, 21, 105, 2, 11, 25, 116, 36, 20, 35, 122, 54, 16, 29, 7, 2, 12, 78, 58, 43, 17, 57, 40, 2, 55, 36, 12, 16, 10, 20, 58, 4, 12, 12, 6, 8, 5, 15, 36, 7, 6, 31, 3, 8, 38, 20, 21, 67, 15, 28, 24, 37, 6, 36, 42, 16, 3, 15, 17, 21, 6, 17, 3, 17, 2, 66, 56, 35, 37, 22, 71, 78, 7, 23, 108, 2, 52, 14, 46, 4, 5, 23, 24, 7, 0)
s = 169: (0, 25, 24, 11, 135, 64, 11, 43, 14, 72, 4, 6, 15, 86, 42, 19, 20, 76, 54, 15, 21, 8, 3, 14, 109, 69, 33, 23, 44, 58, 2, 67, 24, 20, 18, 9, 18, 81, 3, 18, 12, 5, 12, 4, 21, 60, 8, 7, 50, 4, 4, 76, 41, 17, 68, 18, 14, 23, 40, 3, 61, 25, 21, 5, 22, 19, 25, 5, 11, 6, 22, 2, 79, 49, 29, 29, 10, 52, 57, 7, 44, 101, 3, 27, 13, 59, 3, 5, 24, 37, 8, 0)
s = 170: (0, 18, 33, 14, 92, 63, 24, 61, 24, 54, 4, 13, 16, 81, 32, 25, 33, 83, 45, 24, 32, 9, 3, 10, 85, 68, 21, 33, 36, 74, 2, 45, 35, 8, 16, 8, 42, 84, 4, 14, 21, 7, 8, 5, 18, 45, 7, 7, 49, 5, 6, 31, 20, 15, 46, 21, 22, 20, 53, 6, 23, 44, 22, 4, 9, 29, 13, 4, 13, 6, 35, 3, 73, 31, 28, 22, 22, 66, 46, 7, 26, 81, 3, 47, 23, 53, 4, 4, 38, 36, 7, 0)
s = 171: (0, 32, 29, 9, 71, 51, 15, 46, 28, 58, 2, 9, 30, 105, 18, 37, 27, 106, 62, 14, 24, 7, 3, 13, 66, 44, 29, 28, 79, 73, 3, 51, 31, 12, 30, 8, 22, 68, 4, 21, 17, 8, 12, 4, 26, 75, 9, 8, 31, 3, 6, 38, 29, 14, 64, 16, 14, 15, 36, 6, 54, 56, 35, 5, 11, 22, 22, 4, 12, 5, 23, 3, 98, 60, 28, 40, 22, 78, 34, 10, 30, 79, 3, 45, 15, 51, 3, 4, 18, 33, 10, 0)
s = 172: (0, 21, 23, 8, 107, 55, 15, 59, 25, 51, 4, 7, 16, 127, 35, 31, 17, 79, 64, 18, 29, 8, 2, 10, 103, 93, 25, 23, 69, 40, 2, 40, 45, 10, 15, 12, 18, 42, 3, 9, 14, 8, 12, 3, 15, 70, 6, 9, 24, 4, 6, 23, 14, 27, 47, 20, 18, 22, 46, 4, 57, 59, 26, 6, 15, 19, 25, 3, 13, 4, 26, 2, 79, 63, 22, 36, 20, 78, 35, 10, 37, 55, 2, 42, 15, 39, 3, 6, 36, 41, 11, 0)
s = 173: (0, 25, 25, 6, 108, 45, 20, 61, 15, 69, 4, 9, 19, 99, 24, 30, 15, 134, 115, 21, 32, 6, 2, 12, 122, 56, 21, 32, 80, 86, 3, 67, 28, 9, 18, 10, 31, 58, 5, 15, 15, 6, 15, 3, 21, 49, 8, 6, 51, 3, 6, 26, 27, 24, 37, 22, 23, 19, 59, 5, 48, 45, 27, 6, 11, 11, 21, 5, 8, 4, 16, 2, 38, 53, 21, 47, 14, 44, 60, 9, 54, 80, 2, 44, 15, 43, 4, 6, 37, 22, 10, 0)
s = 174: (0, 22, 29, 13, 153, 39, 27, 45, 23, 53, 4, 8, 33, 104, 31, 39, 19, 91, 56, 18, 21, 5, 2, 14, 72, 60, 33, 27, 75, 62, 2, 51, 26, 12, 14, 9, 22, 48, 3, 11, 11, 12, 12, 2, 16, 45, 12, 11, 32, 4, 5, 58, 21, 17, 65, 21, 23, 17, 68, 3, 31, 48, 17, 6, 18, 32, 24, 5, 17, 5, 15, 2, 54, 37, 28, 36, 16, 98, 42, 6, 28, 55, 2, 41, 18, 66, 4, 3, 41, 41, 7, 0)
s = 175: (0, 42, 33, 7, 118, 50, 15, 43, 31, 67, 3, 12, 21, 88, 41, 22, 26, 75, 53, 16, 32, 6, 2, 7, 103, 61, 31, 18, 55, 68, 3, 35, 31, 13, 18, 19, 25, 45, 2, 21, 12, 11, 11, 4, 26, 59, 7, 9, 33, 6, 4, 24, 22, 17, 49, 20, 17, 20, 48, 7, 46, 30, 22, 6, 14, 10, 21, 4, 8, 5, 23, 2, 42, 45, 20, 41, 19, 46, 42, 6, 29, 61, 2, 46, 14, 56, 2, 3, 26, 46, 10, 0)
s = 176: (0, 28, 38, 10, 86, 70, 19, 47, 33, 102, 4, 7, 18, 130, 22, 44, 38, 94, 71, 13, 33, 5, 3, 11, 75, 65, 25, 32, 43, 56, 2, 40, 29, 12, 28, 7, 25, 55, 4, 15, 16, 9, 18, 4, 15, 49, 8, 10, 35, 6, 8, 32, 16, 20, 52, 27, 16, 19, 62, 4, 43, 57, 21, 4, 13, 29, 13, 4, 9, 4, 31, 2, 53, 31, 23, 50, 14, 68, 41, 8, 32, 108, 3, 61, 13, 49, 3, 4, 27, 35, 7, 0)
s = 177: (0, 27, 39, 8, 69, 38, 18, 71, 21, 85, 4, 9, 16, 85, 25, 24, 25, 66, 48, 17, 35, 4, 2, 13, 129, 35, 30, 33, 47, 42, 2, 48, 21, 11, 15, 10, 24, 104, 3, 16, 15, 7, 18, 2, 29, 63, 10, 9, 28, 4, 4, 45, 21, 15, 71, 26, 25, 13, 48, 3, 29, 27, 19, 5, 18, 14, 32, 3, 11, 7, 24, 2, 71, 37, 26, 45, 14, 63, 38, 7, 41, 72, 2, 29, 15, 40, 4, 4, 26, 24, 11, 0)
s = 178: (0, 15, 30, 8, 55, 50, 13, 79, 24, 77, 3, 8, 17, 82, 20, 25, 23, 88, 63, 19, 22, 5, 3, 12, 108, 79, 29, 33, 37, 72, 3, 53, 52, 10, 23, 11, 15, 56, 5, 14, 11, 7, 17, 4, 19, 49, 6, 11, 49, 6, 9, 32, 19, 27, 57, 18, 17, 18, 73, 4, 31, 43, 25, 5, 13, 15, 22, 4, 11, 5, 31, 3, 58, 60, 26, 49, 18, 95, 72, 6, 39, 107, 3, 43, 9, 30, 5, 3, 23, 25, 10, 0)
s = 179: (0, 19, 20, 12, 152, 50, 18, 52, 31, 61, 3, 6, 25, 110, 37, 31, 36, 75, 47, 14, 32, 9, 3, 11, 58, 79, 33, 28, 79, 90, 2, 26, 20, 19, 16, 8, 21, 75, 3, 17, 14, 7, 17, 4, 19, 57, 8, 7, 27, 4, 5, 43, 34, 24, 60, 12, 27, 23, 29, 4, 36, 71, 37, 3, 19, 14, 16, 3, 19, 5, 22, 2, 82, 46, 27, 33, 13, 73, 37, 6, 32, 132, 2, 35, 25, 36, 3, 3, 43, 36, 12, 0)
s = 180: (0, 31, 35, 12, 143, 45, 17, 53, 31, 66, 5, 6, 13, 59, 27, 30, 31, 57, 61, 14, 18, 7, 2, 13, 71, 38, 26, 35, 34, 51, 2, 40, 61, 13, 27, 12, 24, 75, 3, 25, 9, 7, 13, 4, 14, 71, 9, 6, 53, 5, 7, 41, 23, 26, 64, 16, 30, 22, 46, 3, 28, 32, 26, 3, 10, 13, 17, 6, 16, 4, 32, 3, 44, 45, 18, 46, 22, 60, 46, 11, 33, 74, 2, 42, 14, 31, 3, 4, 23, 33, 9, 0)
s = 181: (0, 21, 47, 9, 73, 47, 20, 64, 25, 55, 4, 10, 19, 61, 34, 24, 25, 72, 66, 23, 23, 5, 2, 12, 71, 36, 26, 32, 50, 47, 4, 68, 40, 12, 11, 13, 32, 76, 3, 15, 13, 13, 16, 3, 17, 51, 5, 10, 53, 6, 5, 26, 15, 19, 37, 21, 20, 24, 33, 4, 37, 57, 37, 4, 17, 13, 27, 6, 13, 5, 18, 3, 109, 70, 24, 29, 13, 71, 47, 6, 39, 67, 2, 40, 13, 26, 5, 3, 32, 23, 8, 0)
s = 182: (0, 22, 31, 11, 90, 45, 20, 65, 19, 71, 4, 8, 13, 66, 40, 33, 21, 132, 54, 14, 30, 10, 4, 12, 93, 56, 46, 18, 57, 44, 2, 48, 30, 8, 17, 14, 27, 66, 3, 24, 10, 7, 9, 4, 17, 54, 8, 6, 36, 4, 5, 36, 18, 14, 78, 16, 21, 34, 35, 6, 52, 38, 23, 6, 12, 28, 25, 6, 10, 3, 22, 2, 62, 36, 20, 53, 17, 76, 32, 6, 52, 67, 2, 30, 23, 43, 2, 5, 40, 35, 11, 0)
s = 183: (0, 27, 39, 6, 83, 39, 17, 77, 14, 47, 3, 10, 33, 63, 38, 23, 22, 76, 85, 25, 29, 9, 2, 12, 178, 60, 24, 19, 59, 32, 2, 35, 30, 11, 24, 9, 34, 92, 4, 12, 14, 13, 14, 4, 21, 69, 10, 7, 38, 5, 5, 36, 24, 25, 53, 16, 23, 15, 32, 4, 41, 72, 16, 7, 14, 16, 16, 3, 9, 6, 39, 2, 64, 41, 21, 42, 13, 65, 59, 10, 32, 70, 2, 51, 12, 35, 5, 5, 28, 34, 6, 0)
s = 184: (0, 18, 19, 8, 125, 73, 24, 39, 17, 64, 2, 7, 21, 85, 25, 28, 50, 113, 55, 12, 19, 4, 3, 12, 51, 91, 36, 21, 90, 77, 4, 52, 53, 10, 11, 14, 24, 69, 4, 12, 14, 7, 14, 3, 16, 36, 8, 7, 41, 3, 7, 43, 20, 14, 38, 21, 21, 13, 37, 6, 63, 42, 29, 6, 16, 23, 15, 6, 15, 4, 36, 2, 70, 42, 26, 29, 14, 136, 40, 8, 36, 67, 3, 40, 23, 26, 4, 4, 18, 28, 10, 0)
s = 185: (0, 20, 36, 9, 129, 45, 24, 54, 13, 49, 4, 6, 21, 107, 23, 37, 31, 104, 80, 20, 19, 5, 3, 11, 148, 39, 21, 27, 87, 50, 2, 85, 61, 7, 15, 12, 26, 85, 4, 11, 11, 9, 14, 4, 13, 38, 10, 7, 38, 3, 6, 29, 15, 19, 56, 19, 22, 26, 36, 5, 44, 67, 22, 4, 12, 13, 14, 5, 11, 4, 21, 3, 113, 63, 18, 22, 29, 57, 41, 10, 38, 100, 2, 31, 21, 69, 3, 4, 40, 29, 7, 0)
s = 186: (0, 29, 34, 10, 130, 40, 11, 37, 23, 42, 3, 5, 14, 64, 36, 40, 25, 87, 40, 15, 19, 8, 2, 11, 80, 52, 19, 37, 40, 61, 3, 28, 46, 16, 15, 8, 18, 62, 2, 10, 11, 12, 18, 3, 15, 40, 7, 10, 51, 4, 5, 34, 21, 24, 39, 20, 22, 27, 27, 3, 49, 48, 23, 4, 14, 18, 14, 3, 13, 7, 29, 3, 62, 31, 30, 55, 14, 80, 41, 6, 55, 64, 3, 67, 14, 47, 3, 3, 24, 36, 5, 0)
s = 187: (0, 30, 38, 8, 69, 41, 14, 36, 36, 77, 2, 6, 16, 64, 26, 29, 27, 126, 93, 15, 34, 9, 2, 10, 112, 53, 16, 22, 40, 45, 3, 72, 34, 12, 18, 10, 31, 62, 3, 15, 9, 7, 9, 4, 13, 48, 10, 6, 32, 3, 4, 34, 18, 12, 69, 21, 23, 14, 48, 5, 23, 31, 33, 4, 19, 17, 17, 5, 15, 7, 24, 3, 72, 62, 21, 25, 14, 67, 40, 7, 27, 52, 3, 53, 16, 57, 5, 4, 26, 24, 7, 0)
s = 188: (0, 24, 39, 11, 117, 60, 31, 48, 14, 80, 4, 6, 20, 85, 31, 17, 27, 76, 40, 10, 30, 7, 3, 22, 49, 44, 37, 36, 57, 76, 2, 63, 26, 14, 23, 8, 40, 43, 4, 17, 10, 6, 16, 2, 21, 58, 10, 5, 37, 5, 5, 32, 19, 23, 34, 16, 17, 19, 55, 5, 25, 36, 34, 8, 15, 12, 24, 5, 11, 5, 18, 3, 91, 45, 27, 35, 19, 66, 61, 5, 38, 89, 2, 59, 24, 53, 3, 6, 48, 32, 5, 0)
s = 189: (0, 30, 29, 13, 69, 26, 19, 31, 14, 52, 4, 5, 16, 74, 20, 28, 20, 49, 86, 18, 27, 4, 2, 9, 95, 78, 42, 33, 49, 65, 4, 50, 53, 14, 24, 7, 18, 68, 3, 13, 15, 5, 18, 4, 25, 69, 8, 14, 49, 4, 5, 34, 24, 19, 62, 25, 27, 26, 58, 5, 27, 25, 17, 3, 15, 23, 19, 7, 14, 3, 34, 2, 69, 41, 27, 43, 19, 99, 40, 10, 26, 88, 3, 72, 14, 60, 3, 4, 30, 29, 10, 0)
s = 190: (0, 28, 30, 13, 120, 56, 24, 47, 22, 76, 3, 12, 27, 76, 26, 18, 32, 110, 61, 25, 28, 4, 3, 13, 136, 46, 43, 32, 71, 43, 3, 48, 35, 12, 21, 10, 18, 41, 4, 10, 18, 8, 9, 3, 13, 44, 10, 6, 32, 7, 5, 31, 21, 20, 84, 15, 15, 21, 53, 5, 56, 34, 19, 3, 14, 12, 13, 3, 12, 4, 17, 2, 70, 68, 32, 39, 15, 48, 46, 10, 31, 64, 2, 32, 15, 48, 3, 6, 26, 35, 6, 0)
s = 191: (0, 22, 29, 7, 62, 31, 21, 46, 13, 67, 5, 5, 15, 87, 30, 23, 23, 81, 76, 16, 22, 5, 3, 10, 152, 67, 25, 44, 71, 57, 2, 37, 43, 11, 15, 13, 36, 62, 4, 12, 17, 8, 10, 3, 25, 73, 12, 9, 43, 3, 5, 59, 27, 11, 34, 21, 17, 12, 43, 5, 28, 53, 22, 7, 12, 21, 17, 4, 12, 5, 27, 2, 43, 41, 25, 43, 20, 69, 64, 12, 28, 78, 2, 47, 20, 32, 3, 5, 35, 32, 6, 0)
s = 192: (0, 17, 47, 8, 69, 66, 15, 32, 19, 81, 5, 10, 24, 111, 28, 32, 17, 110, 45, 10, 27, 5, 2, 9, 99, 51, 24, 46, 40, 41, 2, 66, 33, 12, 27, 10, 15, 52, 6, 9, 17, 7, 8, 3, 18, 27, 5, 8, 38, 4, 6, 55, 15, 10, 54, 17, 17, 14, 67, 4, 34, 79, 24, 3, 13, 16, 31, 5, 11, 6, 27, 2, 46, 56, 20, 31, 21, 63, 67, 7, 39, 56, 4, 44, 18, 78, 5, 4, 34, 25, 5, 0)
s = 193: (0, 17, 30, 11, 120, 66, 12, 60, 16, 80, 4, 8, 21, 80, 26, 33, 31, 81, 61, 24, 19, 5, 2, 10, 98, 45, 31, 24, 75, 66, 2, 59, 37, 21, 16, 10, 24, 41, 4, 11, 11, 5, 13, 3, 20, 43, 6, 7, 31, 5, 5, 35, 23, 15, 54, 15, 12, 21, 54, 5, 49, 36, 29, 4, 12, 12, 31, 4, 14, 6, 30, 2, 53, 42, 31, 32, 19, 87, 49, 9, 41, 82, 3, 41, 18, 31, 4, 3, 23, 38, 10, 0)
s = 194: (0, 27, 32, 10, 131, 56, 17, 69, 21, 98, 3, 12, 15, 60, 39, 47, 27, 65, 94, 22, 44, 7, 2, 14, 61, 50, 21, 17, 67, 46, 3, 59, 38, 13, 20, 8, 37, 37, 4, 18, 8, 9, 15, 5, 26, 37, 7, 7, 39, 4, 4, 56, 22, 15, 53, 10, 16, 26, 48, 4, 29, 29, 14, 5, 14, 13, 21, 5, 12, 4, 21, 2, 76, 59, 28, 28, 12, 76, 38, 6, 52, 82, 2, 45, 24, 49, 2, 6, 28, 53, 9, 0)
s = 195: (0, 34, 24, 14, 123, 33, 18, 85, 16, 95, 4, 7, 24, 58, 31, 35, 37, 103, 65, 24, 19, 7, 3, 9, 80, 72, 27, 35, 57, 45, 2, 37, 40, 15, 21, 12, 24, 41, 5, 16, 9, 8, 13, 3, 17, 50, 5, 10, 43, 6, 5, 29, 27, 22, 43, 18, 21, 18, 52, 6, 31, 57, 30, 3, 16, 20, 11, 6, 10, 6, 16, 2, 55, 74, 39, 34, 20, 103, 47, 10, 23, 121, 2, 36, 10, 53, 3, 7, 20, 40, 11, 0)
s = 196: (0, 22, 49, 11, 86, 37, 33, 81, 19, 92, 3, 6, 25, 89, 28, 39, 32, 92, 45, 9, 16, 4, 3, 11, 159, 45, 17, 23, 79, 84, 3, 52, 45, 11, 11, 9, 23, 49, 3, 17, 12, 10, 11, 4, 13, 34, 15, 8, 35, 3, 7, 43, 19, 12, 41, 13, 18, 11, 39, 3, 26, 39, 22, 4, 17, 10, 21, 3, 9, 4, 17, 3, 79, 62, 24, 37, 15, 45, 54, 12, 25, 95, 2, 31, 15, 24, 3, 3, 25, 35, 8, 0)
s = 197: (0, 37, 25, 8, 55, 44, 18, 46, 17, 86, 3, 7, 24, 86, 20, 32, 25, 47, 68, 20, 22, 6, 3, 8, 91, 79, 31, 24, 67, 40, 4, 46, 41, 20, 15, 6, 18, 67, 4, 20, 18, 8, 14, 4, 16, 41, 5, 8, 50, 5, 4, 27, 14, 11, 39, 15, 19, 16, 30, 3, 41, 56, 22, 3, 17, 28, 23, 6, 12, 5, 32, 4, 82, 42, 16, 33, 15, 49, 54, 9, 32, 90, 2, 35, 19, 57, 3, 6, 33, 30, 6, 0)
s = 198: (0, 23, 27, 6, 61, 34, 17, 44, 29, 41, 4, 10, 25, 42, 46, 30, 21, 96, 78, 17, 32, 6, 2, 14, 69, 53, 33, 26, 61, 74, 3, 70, 35, 18, 28, 13, 21, 76, 3, 14, 13, 7, 20, 3, 18, 32, 9, 10, 39, 5, 4, 30, 15, 11, 31, 17, 20, 18, 55, 3, 64, 61, 28, 4, 20, 21, 19, 3, 17, 4, 17, 2, 89, 93, 34, 34, 17, 60, 68, 7, 36, 72, 2, 62, 12, 42, 3, 6, 39, 39, 6, 0)
s = 199: (0, 30, 35, 10, 118, 65, 26, 37, 19, 47, 3, 6, 17, 111, 32, 35, 17, 58, 99, 16, 21, 4, 2, 9, 83, 70, 22, 28, 41, 45, 2, 39, 42, 9, 12, 9, 21, 52, 3, 11, 9, 6, 21, 4, 16, 32, 7, 9, 61, 4, 6, 32, 28, 25, 30, 29, 22, 18, 26, 4, 33, 49, 27, 5, 15, 18, 24, 4, 13, 4, 32, 3, 55, 50, 37, 54, 13, 52, 61, 7, 54, 89, 2, 49, 21, 54, 4, 5, 29, 43, 8, 0)
s = 200: (0, 25, 29, 9, 74, 50, 32, 45, 24, 65, 4, 8, 16, 149, 42, 27, 22, 75, 50, 23, 24, 7, 3, 14, 91, 81, 51, 22, 67, 80, 3, 46, 28, 13, 25, 7, 33, 66, 3, 14, 13, 7, 9, 4, 12, 53, 8, 10, 46, 6, 3, 35, 20, 17, 36, 30, 21, 25, 43, 3, 46, 26, 46, 5, 9, 23, 17, 6, 13, 5, 20, 2, 43, 63, 19, 45, 15, 70, 69, 9, 27, 71, 2, 53, 19, 54, 3, 5, 28, 66, 6, 0)
************************************************************************
ES/LS-VALUES:
jobnr.   ES(i)    LS(i)
------------------------------------------------------------------------
  0        0        0
  1        0       367
  2        0       303
  3        0       261
  4        2       263
  5        7       311
  6       15       341
  7       21       283
  8       34       296
  9       42       304
 10       57       347
 11       59       349
 12       34       336
 13       57       381
 14       34       365
 15       15       320
 16       32       363
 17        2       320
 18       57       320
 19       38       340
 20       37       369
 21       42       376
 22       15       371
 23       38       383
 24       74       338
 25       93       358
 26       51       354
 27       21       364
 28       109       375
 29       62       369
 30       21       392
 31       66       356
 32       120       387
 33       23       395
 34       93       389
 35       34       434
 36       62       366
 37       74       383
 38       43       379
 39       22       387
 40        9       388
 41       83       373
 42       14       412
 43       66       394
 44       73       377
 45       17       373
 46       90       386
 47       42       389
 48       62       393
 49       83       430
 50       89       438
 51       51       375
 52       90       381
 53       86       419
 54       120       394
 55       97       394
 56       111       420
 57       86       396
 58       73       400
 59       132       406
 60       89       400
 61       136       410
 62       93       400
 63       90       402
 64       136       404
 65       96       408
 66       111       408
 67       146       423
 68       140       424
 69       140       423
 70       89       423
 71       75       407
 72       140       409
 73       95       387
 74       117       415
 75       154       424
 76       113       406
 77       136       418
 78       136       435
 79       87       434
 80       150       427
 81       149       432
 82       97       440
 83       113       431
 84       171       442
 85       146       420
 86       123       442
 87       159       444
 88       160       446
 89       163       437
 90       176       448
 91       179       452
************************************************************************
BIG-M-VALUES:
M1 = 39, M2 = 191
************************************************************************
