************************************************************************
file with basedata            : j60_19.bas
initial value random generator: 294927842
************************************************************************
projects                      :  1
jobs (incl. supersource/sink ):  62
horizon                       :  373
RESOURCES
  - renewable                 :  4   R
  - nonrenewable              :  0   N
  - doubly constrained        :  0   D
************************************************************************
PROJECT INFORMATION:
pronr.  #jobs rel.date duedate tardcost  MPM-Time
    1     60      0       83        4       83
************************************************************************
PRECEDENCE RELATIONS:
jobnr.    #modes  #successors   successors
   0        1          3           1   2   3
   1        1          3           6  10  14
   2        1          3           4  18  33
   3        1          2          15  23
   4        1          3           5   9  11
   5        1          2           7   8
   6        1          2          16  20
   7        1          2          20  43
   8        1          2          13  17
   9        1          3          22  29  45
  10        1          3          12  21  39
  11        1          1          17
  12        1          2          19  35
  13        1          2          24  58
  14        1          1          50
  15        1          2          25  44
  16        1          3          30  42  53
  17        1          1          45
  18        1          1          44
  19        1          1          32
  20        1          2          26  41
  21        1          2          31  42
  22        1          1          43
  23        1          3          30  31  37
  24        1          1          46
  25        1          1          34
  26        1          1          27
  27        1          2          28  36
  28        1          2          44  57
  29        1          1          40
  30        1          1          33
  31        1          2          38  47
  32        1          1          60
  33        1          1          38
  34        1          1          48
  35        1          1          41
  36        1          1          51
  37        1          1          43
  38        1          1          55
  39        1          1          60
  40        1          1          52
  41        1          1          46
  42        1          1          49
  43        1          1          52
  44        1          1          47
  45        1          1          52
  46        1          1          55
  47        1          1          55
  48        1          1          59
  49        1          2          50  58
  50        1          1          51
  51        1          1          54
  52        1          1          54
  53        1          2          54  58
  54        1          2          56  59
  55        1          1          59
  56        1          1          57
  57        1          1          60
  58        1          1          61
  59        1          1          61
  60        1          1          61
  61        1          0        
************************************************************************
REQUESTS/DURATIONS:
jobnr. mode duration  R 1  R 2  R 3  R 4  E(W 1)
------------------------------------------------------------------------
  0      1     0       0    0    0    0     0
  1      1    10       0    0    0    8    80
  2      1     8       0    0    3    0    24
  3      1     8       6    0    0    0    48
  4      1    10       0    0    0    2    20
  5      1    10       4    0    0    0    40
  6      1     5       0    0    0    6    30
  7      1     9       8    0    0    0    72
  8      1     1       0    0    0   10    10
  9      1     6       0    0    2    0    12
 10      1     3       0    0    0    7    21
 11      1     4       0    7    0    0    28
 12      1     9       0    0    0    2    18
 13      1     1       0    0    0    5     5
 14      1     6       0    0    8    0    48
 15      1    10       0    0    0    2    20
 16      1     3       1    0    0    0     6
 17      1     8       0    0    1    0    16
 18      1     6       0    0    0    9    54
 19      1     7       4    0    0    0    28
 20      1     7       0    0    8    0    56
 21      1     3       2    0    0    0     6
 22      1     1       0    0    0    5     5
 23      1     6       0    0    0    4    24
 24      1     2       0    2    0    0     4
 25      1     3       2    0    0    0     6
 26      1     5       0    2    0    0    10
 27      1     5       0    0    3    0    15
 28      1     6       0    0    0    7    42
 29      1     9       0    0    0    3    27
 30      1     8       0    0    0    8    64
 31      1     9       2    0    0    0    18
 32      1     7       8    0    0    0    56
 33      1     8       5    0    0    0    40
 34      1     2       0    0    0    8    16
 35      1     9       7    0    0    0    63
 36      1     3       0    6    0    0    18
 37      1     9       0    0    9    0    81
 38      1     7       0    8    0    0    56
 39      1     3       0    0   10    0    30
 40      1     7       9    0    0    0    63
 41      1     3       0    9    0    0    27
 42      1     5       0    7    0    0    35
 43      1     7       5    0    0    0    35
 44      1     4       2    0    0    0     8
 45      1     9       0    0    0    4    36
 46      1    10       0    0    4    0    40
 47      1     6       0    2    0    0    12
 48      1     8       0    0    0    6    48
 49      1     9       6    0    0    0    54
 50      1     8       0    0    0    7    56
 51      1     5       0    3    0    0    15
 52      1     8       0   10    0    0    80
 53      1     8       2    0    0    0    16
 54      1     2       0    0    8    0    16
 55      1     8       0    9    0    0    72
 56      1     2       6    0    0    0    12
 57      1     9       0    0    5    0    45
 58      1     9       0    0    2    0    18
 59      1     2       0    0    3    0     6
 60      1     8       5    0    0    0    40
 61      1     0       0    0    0    0     0
************************************************************************
RESOURCEAVAILABILITIES:
  R 1
   91
************************************************************************
RESOURCE LIMITS:
jobnr.  l(R 1)  u(R 1)
------------------------------------------------------------------------
  0        0       0
  1        4       8
  2        2       3
  3        3       6
  4        1       2
  5        2       4
  6        3       6
  7        4       8
  8        5      10
  9        1       2
 10        4       7
 11        4       7
 12        1       2
 13        3       5
 14        4       8
 15        1       2
 16        1       2
 17        1       2
 18        5       9
 19        2       4
 20        4       8
 21        1       2
 22        3       5
 23        2       4
 24        1       2
 25        1       2
 26        1       2
 27        2       3
 28        4       7
 29        2       3
 30        4       8
 31        1       2
 32        4       8
 33        3       5
 34        4       8
 35        4       7
 36        3       6
 37        5       9
 38        4       8
 39        5      10
 40        5       9
 41        5       9
 42        4       7
 43        3       5
 44        1       2
 45        2       4
 46        2       4
 47        1       2
 48        3       6
 49        3       6
 50        4       7
 51        2       3
 52        5      10
 53        1       2
 54        4       8
 55        5       9
 56        3       6
 57        3       5
 58        1       2
 59        2       3
 60        3       5
 61        0       0
************************************************************************
SCENARIOS:
------------------------------------------------------------------------
RESOURCE k = 1
s = 1: (0, 55, 16, 55, 19, 45, 17, 47, 9, 11, 22, 18, 20, 4, 70, 22, 7, 10, 42, 27, 50, 6, 4, 27, 6, 9, 8, 27, 49, 29, 57, 13, 57, 71, 11, 50, 17, 92, 43, 19, 78, 43, 24, 27, 9, 37, 31, 9, 58, 43, 61, 13, 111, 12, 12, 102, 17, 43, 25, 7, 34, 0)
s = 2: (0, 52, 25, 47, 13, 36, 26, 37, 16, 12, 19, 31, 20, 7, 50, 19, 7, 18, 54, 34, 74, 7, 6, 22, 5, 8, 7, 14, 69, 21, 67, 12, 71, 45, 14, 80, 19, 48, 46, 19, 68, 28, 26, 44, 8, 53, 53, 10, 28, 47, 53, 12, 70, 10, 22, 61, 7, 44, 20, 5, 31, 0)
s = 3: (0, 85, 22, 58, 23, 28, 20, 48, 9, 10, 32, 39, 19, 4, 76, 11, 5, 11, 57, 34, 52, 7, 6, 27, 3, 6, 9, 12, 41, 22, 52, 33, 48, 51, 20, 46, 19, 45, 67, 35, 45, 23, 50, 24, 10, 59, 34, 11, 40, 47, 64, 15, 117, 11, 14, 74, 10, 43, 22, 5, 42, 0)
s = 4: (0, 53, 34, 40, 30, 44, 27, 53, 10, 11, 19, 44, 18, 4, 29, 21, 4, 12, 64, 27, 51, 8, 5, 23, 3, 7, 12, 9, 44, 20, 75, 20, 45, 30, 15, 34, 20, 115, 63, 29, 74, 22, 37, 20, 14, 28, 23, 14, 32, 70, 60, 20, 87, 14, 14, 72, 16, 52, 11, 5, 47, 0)
s = 5: (0, 69, 32, 36, 23, 28, 20, 57, 9, 8, 25, 31, 23, 6, 43, 30, 8, 18, 73, 19, 52, 9, 6, 34, 6, 9, 9, 18, 33, 30, 44, 17, 36, 26, 18, 53, 24, 63, 52, 34, 80, 25, 21, 65, 10, 35, 38, 19, 43, 35, 54, 13, 101, 12, 13, 55, 9, 49, 24, 5, 37, 0)
s = 6: (0, 70, 31, 69, 21, 27, 34, 77, 15, 13, 24, 25, 15, 5, 43, 21, 9, 16, 31, 28, 35, 7, 6, 35, 4, 8, 10, 21, 32, 15, 95, 18, 47, 40, 13, 69, 13, 59, 44, 31, 55, 39, 24, 33, 9, 27, 31, 14, 51, 29, 35, 15, 74, 10, 12, 45, 16, 48, 18, 8, 35, 0)
s = 7: (0, 58, 20, 52, 15, 35, 20, 76, 14, 16, 22, 34, 21, 8, 78, 28, 5, 15, 48, 54, 34, 8, 4, 21, 4, 7, 11, 24, 40, 22, 38, 12, 49, 43, 23, 50, 15, 107, 73, 23, 72, 26, 42, 48, 8, 40, 34, 9, 46, 64, 45, 17, 46, 18, 10, 51, 11, 59, 17, 8, 46, 0)
s = 8: (0, 74, 32, 28, 30, 34, 18, 53, 15, 11, 23, 34, 18, 4, 36, 25, 5, 22, 57, 24, 48, 6, 3, 43, 4, 6, 13, 10, 54, 33, 102, 11, 49, 33, 9, 99, 17, 51, 35, 26, 67, 19, 49, 31, 11, 46, 45, 16, 36, 33, 85, 17, 45, 15, 26, 48, 8, 49, 19, 6, 34, 0)
s = 9: (0, 71, 19, 30, 22, 73, 33, 83, 9, 18, 22, 34, 15, 5, 55, 29, 7, 13, 51, 29, 52, 6, 8, 22, 4, 5, 9, 21, 46, 38, 57, 12, 39, 48, 17, 58, 14, 72, 62, 38, 94, 47, 39, 39, 8, 35, 35, 16, 48, 85, 41, 11, 126, 28, 27, 47, 20, 62, 16, 7, 36, 0)
s = 10: (0, 81, 18, 44, 20, 57, 33, 69, 8, 14, 20, 25, 22, 8, 39, 15, 6, 13, 48, 34, 72, 5, 4, 15, 8, 7, 9, 16, 58, 36, 59, 18, 42, 36, 12, 84, 14, 70, 53, 28, 59, 23, 31, 26, 8, 33, 23, 16, 41, 85, 39, 12, 55, 16, 26, 74, 11, 47, 17, 6, 50, 0)
s = 11: (0, 116, 30, 80, 28, 46, 25, 43, 7, 17, 30, 34, 22, 4, 47, 20, 10, 20, 71, 34, 51, 8, 7, 26, 5, 5, 12, 9, 38, 42, 60, 16, 58, 63, 19, 83, 17, 110, 39, 30, 60, 21, 35, 47, 10, 32, 45, 10, 68, 57, 49, 16, 84, 18, 24, 68, 11, 31, 24, 9, 33, 0)
s = 12: (0, 80, 25, 36, 16, 51, 20, 56, 9, 14, 19, 26, 12, 3, 50, 15, 5, 15, 65, 28, 68, 5, 4, 27, 5, 6, 10, 13, 30, 37, 53, 17, 49, 60, 13, 61, 25, 91, 43, 37, 48, 39, 28, 27, 8, 30, 51, 10, 38, 37, 69, 15, 51, 27, 22, 102, 13, 48, 17, 4, 53, 0)
s = 13: (0, 80, 32, 29, 14, 34, 28, 82, 8, 10, 26, 22, 12, 5, 49, 27, 6, 21, 82, 38, 54, 6, 8, 29, 4, 4, 11, 19, 46, 32, 47, 15, 32, 40, 23, 63, 18, 66, 35, 24, 78, 15, 23, 33, 8, 37, 26, 19, 62, 40, 39, 14, 106, 17, 16, 128, 7, 58, 14, 5, 33, 0)
s = 14: (0, 85, 25, 52, 24, 30, 31, 44, 9, 8, 29, 26, 18, 5, 61, 20, 4, 10, 74, 27, 47, 6, 8, 23, 4, 5, 9, 8, 51, 31, 39, 24, 47, 37, 14, 61, 11, 91, 39, 30, 60, 31, 24, 33, 10, 41, 72, 13, 50, 40, 61, 15, 72, 9, 22, 47, 22, 40, 13, 5, 31, 0)
s = 15: (0, 91, 24, 63, 34, 31, 38, 95, 12, 17, 16, 20, 22, 5, 61, 18, 5, 17, 39, 26, 39, 8, 8, 17, 5, 9, 13, 23, 31, 26, 64, 12, 63, 28, 12, 40, 14, 73, 49, 29, 50, 29, 22, 32, 10, 26, 26, 14, 60, 46, 61, 10, 62, 18, 17, 52, 11, 33, 24, 7, 31, 0)
s = 16: (0, 56, 26, 50, 18, 51, 19, 50, 11, 8, 14, 17, 16, 5, 41, 16, 6, 10, 55, 25, 76, 7, 8, 16, 5, 4, 9, 12, 59, 21, 58, 18, 65, 33, 17, 80, 22, 84, 39, 30, 64, 24, 25, 20, 7, 34, 70, 11, 29, 48, 44, 11, 137, 12, 14, 72, 14, 36, 11, 5, 67, 0)
s = 17: (0, 49, 28, 32, 23, 42, 20, 62, 9, 12, 33, 28, 16, 6, 54, 15, 6, 18, 69, 35, 56, 5, 8, 17, 5, 6, 7, 23, 59, 35, 101, 17, 80, 40, 15, 72, 19, 54, 65, 31, 77, 26, 54, 38, 5, 43, 34, 11, 36, 88, 70, 25, 121, 19, 18, 83, 14, 52, 18, 5, 28, 0)
s = 18: (0, 54, 21, 45, 23, 29, 20, 85, 9, 13, 34, 24, 33, 7, 64, 24, 9, 13, 34, 40, 67, 6, 4, 28, 5, 7, 13, 22, 41, 21, 87, 18, 91, 51, 11, 56, 19, 68, 81, 26, 63, 24, 42, 29, 8, 41, 34, 13, 59, 92, 74, 15, 98, 22, 22, 58, 10, 57, 22, 5, 30, 0)
s = 19: (0, 108, 18, 39, 17, 33, 32, 57, 13, 20, 14, 23, 15, 4, 61, 15, 6, 14, 35, 26, 74, 4, 5, 17, 3, 7, 12, 13, 58, 36, 81, 17, 80, 34, 17, 60, 15, 70, 42, 25, 67, 23, 38, 42, 7, 29, 35, 10, 74, 69, 75, 12, 63, 29, 20, 62, 10, 35, 25, 6, 46, 0)
s = 20: (0, 102, 20, 75, 23, 44, 30, 65, 17, 11, 26, 22, 11, 5, 50, 26, 4, 12, 65, 40, 46, 9, 4, 30, 4, 6, 13, 16, 52, 30, 47, 10, 51, 57, 23, 77, 14, 115, 40, 16, 47, 34, 27, 45, 12, 34, 34, 9, 51, 32, 37, 12, 73, 17, 9, 63, 10, 75, 22, 8, 33, 0)
s = 21: (0, 124, 15, 53, 15, 30, 24, 52, 9, 16, 25, 28, 24, 8, 39, 21, 5, 13, 61, 25, 69, 7, 5, 34, 3, 7, 9, 16, 29, 40, 56, 16, 65, 40, 12, 98, 14, 72, 67, 43, 61, 30, 39, 19, 14, 28, 28, 10, 32, 38, 80, 15, 61, 14, 18, 46, 8, 33, 30, 4, 62, 0)
s = 22: (0, 47, 20, 43, 27, 22, 41, 88, 13, 15, 26, 31, 11, 6, 58, 25, 4, 17, 68, 24, 33, 7, 5, 26, 3, 9, 8, 18, 53, 30, 77, 19, 36, 28, 13, 54, 14, 67, 44, 39, 68, 17, 46, 62, 7, 35, 67, 8, 48, 62, 30, 10, 45, 17, 17, 102, 13, 44, 26, 4, 33, 0)
s = 23: (0, 99, 28, 35, 12, 46, 35, 66, 8, 9, 19, 38, 17, 6, 71, 17, 5, 15, 50, 20, 61, 10, 5, 27, 6, 8, 12, 23, 26, 31, 75, 16, 63, 53, 15, 103, 18, 68, 67, 58, 62, 29, 43, 27, 9, 51, 29, 11, 57, 117, 63, 14, 102, 21, 19, 57, 16, 41, 17, 6, 36, 0)
s = 24: (0, 72, 14, 51, 16, 39, 28, 88, 10, 22, 18, 25, 12, 4, 40, 14, 10, 18, 64, 30, 59, 5, 7, 18, 4, 8, 11, 14, 44, 38, 48, 14, 41, 41, 16, 84, 24, 79, 74, 39, 99, 24, 36, 33, 8, 24, 40, 8, 68, 82, 48, 16, 86, 15, 17, 42, 15, 27, 22, 4, 45, 0)
s = 25: (0, 47, 20, 56, 19, 62, 33, 41, 7, 15, 17, 46, 22, 6, 57, 12, 4, 14, 40, 22, 49, 5, 6, 39, 5, 5, 14, 10, 53, 22, 68, 15, 57, 59, 20, 77, 16, 66, 81, 31, 46, 40, 22, 26, 13, 28, 37, 14, 41, 51, 76, 22, 94, 12, 26, 85, 14, 51, 18, 8, 31, 0)
s = 26: (0, 100, 27, 29, 32, 30, 22, 92, 8, 15, 15, 31, 18, 6, 38, 15, 5, 19, 42, 33, 59, 5, 7, 18, 6, 5, 11, 13, 30, 27, 63, 21, 52, 40, 20, 60, 25, 55, 79, 19, 63, 24, 47, 43, 10, 45, 30, 10, 64, 83, 43, 17, 100, 18, 17, 61, 10, 62, 25, 4, 29, 0)
s = 27: (0, 108, 35, 66, 25, 27, 31, 72, 11, 17, 18, 21, 24, 4, 39, 33, 6, 14, 33, 28, 49, 5, 6, 19, 6, 5, 12, 18, 31, 22, 67, 20, 107, 26, 17, 106, 22, 78, 67, 25, 92, 38, 23, 36, 5, 28, 37, 10, 60, 77, 69, 13, 64, 17, 12, 57, 11, 52, 20, 4, 37, 0)
s = 28: (0, 82, 31, 48, 25, 48, 24, 71, 8, 15, 21, 35, 16, 7, 35, 16, 7, 14, 61, 26, 56, 6, 6, 19, 6, 6, 9, 11, 46, 35, 106, 19, 29, 28, 16, 54, 16, 98, 36, 26, 48, 23, 30, 40, 11, 31, 45, 11, 32, 51, 77, 13, 85, 16, 22, 107, 9, 65, 17, 6, 34, 0)
s = 29: (0, 70, 15, 40, 31, 30, 31, 84, 11, 10, 23, 28, 14, 7, 64, 16, 4, 18, 45, 28, 53, 11, 7, 29, 4, 6, 12, 15, 63, 22, 52, 21, 47, 36, 10, 50, 23, 100, 85, 25, 68, 35, 23, 45, 6, 25, 41, 11, 36, 79, 93, 13, 80, 17, 25, 80, 16, 52, 18, 6, 62, 0)
s = 30: (0, 67, 18, 71, 26, 33, 20, 89, 8, 18, 34, 38, 13, 5, 52, 17, 6, 21, 74, 28, 61, 5, 5, 29, 5, 9, 10, 13, 50, 30, 95, 12, 43, 51, 17, 74, 21, 114, 69, 30, 55, 20, 23, 40, 9, 35, 52, 16, 41, 51, 35, 27, 100, 20, 11, 46, 11, 33, 21, 6, 52, 0)
s = 31: (0, 70, 21, 38, 16, 36, 30, 39, 8, 12, 32, 30, 22, 5, 79, 31, 6, 25, 69, 28, 45, 7, 5, 24, 4, 11, 13, 23, 40, 24, 118, 22, 53, 28, 14, 54, 26, 66, 61, 24, 80, 37, 20, 33, 6, 44, 27, 15, 53, 41, 34, 17, 55, 18, 16, 76, 17, 31, 13, 5, 53, 0)
s = 32: (0, 67, 22, 49, 22, 26, 49, 62, 8, 11, 26, 28, 26, 5, 50, 21, 6, 24, 39, 28, 56, 7, 7, 27, 6, 5, 13, 15, 40, 22, 35, 22, 39, 26, 11, 58, 17, 61, 53, 26, 65, 30, 30, 25, 9, 33, 30, 9, 39, 44, 61, 11, 102, 14, 14, 64, 12, 51, 22, 7, 43, 0)
s = 33: (0, 139, 29, 64, 17, 48, 34, 95, 16, 10, 25, 24, 29, 6, 51, 29, 6, 14, 60, 41, 51, 7, 7, 20, 6, 7, 9, 17, 46, 16, 83, 18, 66, 53, 15, 46, 25, 63, 65, 28, 59, 37, 29, 30, 5, 48, 31, 15, 35, 66, 52, 19, 132, 21, 19, 59, 16, 48, 16, 9, 49, 0)
s = 34: (0, 109, 36, 33, 18, 48, 27, 58, 8, 14, 36, 26, 16, 4, 36, 18, 5, 12, 44, 18, 54, 8, 7, 23, 3, 9, 9, 16, 50, 26, 65, 27, 59, 59, 19, 103, 23, 115, 39, 32, 37, 26, 25, 37, 6, 23, 29, 11, 57, 48, 44, 13, 110, 13, 12, 47, 18, 41, 14, 9, 44, 0)
s = 35: (0, 136, 19, 32, 24, 39, 20, 69, 8, 15, 32, 26, 14, 7, 69, 17, 6, 10, 41, 27, 53, 6, 3, 20, 3, 6, 11, 15, 60, 30, 56, 18, 63, 22, 14, 92, 26, 116, 44, 24, 49, 31, 56, 36, 10, 34, 47, 17, 35, 33, 52, 15, 58, 25, 15, 88, 12, 46, 17, 7, 40, 0)
s = 36: (0, 76, 22, 36, 14, 45, 19, 88, 13, 7, 22, 21, 29, 5, 39, 25, 6, 16, 53, 26, 47, 6, 5, 32, 6, 9, 16, 13, 36, 25, 68, 12, 47, 32, 13, 96, 11, 93, 66, 22, 64, 21, 28, 31, 10, 47, 27, 10, 78, 75, 64, 10, 90, 14, 14, 93, 11, 30, 17, 6, 31, 0)
s = 37: (0, 87, 16, 37, 12, 57, 16, 90, 13, 16, 15, 50, 23, 6, 37, 14, 9, 11, 86, 20, 63, 7, 3, 19, 6, 4, 7, 13, 43, 15, 56, 11, 42, 37, 12, 51, 13, 62, 42, 26, 59, 17, 37, 25, 10, 40, 51, 11, 47, 36, 42, 10, 90, 12, 14, 68, 11, 56, 19, 4, 32, 0)
s = 38: (0, 86, 19, 57, 19, 28, 28, 89, 7, 10, 17, 26, 12, 3, 31, 14, 6, 18, 45, 20, 93, 10, 4, 27, 3, 6, 12, 14, 38, 26, 84, 18, 46, 43, 13, 54, 15, 73, 64, 23, 56, 23, 25, 33, 7, 34, 38, 8, 52, 29, 61, 22, 60, 23, 11, 82, 19, 38, 35, 12, 22, 0)
s = 39: (0, 61, 32, 71, 14, 40, 26, 102, 9, 21, 26, 23, 17, 5, 42, 25, 5, 13, 39, 37, 90, 8, 5, 26, 6, 8, 7, 10, 29, 20, 64, 14, 50, 32, 11, 63, 13, 61, 35, 18, 49, 37, 34, 54, 12, 30, 44, 17, 56, 39, 35, 25, 75, 9, 11, 51, 15, 34, 17, 6, 38, 0)
s = 40: (0, 82, 15, 67, 17, 60, 40, 56, 11, 8, 18, 18, 32, 4, 53, 15, 4, 15, 65, 19, 64, 6, 8, 15, 4, 7, 6, 10, 35, 28, 71, 13, 80, 49, 17, 70, 20, 66, 93, 33, 81, 40, 27, 29, 5, 46, 26, 14, 39, 55, 47, 12, 86, 17, 15, 96, 10, 65, 19, 5, 29, 0)
s = 41: (0, 50, 29, 26, 21, 51, 21, 108, 11, 11, 23, 23, 16, 4, 63, 25, 6, 14, 43, 31, 33, 5, 5, 25, 5, 9, 11, 9, 45, 38, 74, 14, 78, 34, 19, 58, 17, 95, 81, 30, 77, 48, 39, 27, 7, 46, 26, 11, 62, 60, 81, 15, 48, 12, 11, 107, 8, 68, 15, 4, 49, 0)
s = 42: (0, 74, 20, 65, 20, 27, 31, 64, 14, 9, 21, 22, 13, 6, 61, 16, 9, 21, 68, 24, 37, 6, 7, 22, 7, 7, 14, 27, 65, 24, 52, 14, 53, 55, 19, 64, 26, 74, 84, 43, 78, 24, 39, 40, 7, 54, 34, 18, 55, 46, 60, 17, 69, 18, 21, 43, 9, 50, 13, 8, 25, 0)
s = 43: (0, 83, 23, 38, 31, 38, 19, 87, 9, 10, 34, 57, 25, 5, 62, 24, 8, 18, 47, 31, 68, 6, 7, 36, 4, 5, 9, 11, 39, 33, 53, 21, 48, 41, 26, 65, 24, 90, 63, 26, 77, 33, 27, 33, 6, 34, 35, 15, 65, 59, 44, 16, 60, 12, 25, 68, 9, 28, 17, 4, 41, 0)
s = 44: (0, 59, 29, 34, 18, 63, 27, 62, 17, 10, 23, 33, 17, 4, 57, 22, 8, 16, 59, 28, 70, 5, 6, 29, 4, 4, 14, 11, 32, 25, 115, 18, 78, 54, 19, 69, 17, 67, 39, 41, 63, 32, 43, 32, 9, 30, 32, 13, 83, 67, 79, 9, 114, 27, 13, 74, 16, 28, 25, 10, 61, 0)
s = 45: (0, 81, 38, 29, 21, 45, 24, 101, 9, 14, 14, 20, 14, 6, 38, 25, 8, 17, 52, 31, 62, 6, 5, 31, 4, 6, 12, 9, 40, 31, 49, 30, 57, 46, 26, 86, 22, 97, 54, 29, 51, 38, 36, 36, 7, 29, 31, 13, 58, 46, 79, 11, 64, 12, 15, 64, 10, 48, 18, 4, 23, 0)
s = 46: (0, 81, 14, 39, 27, 41, 26, 40, 8, 8, 18, 19, 12, 7, 40, 12, 11, 18, 45, 49, 40, 9, 4, 13, 4, 9, 13, 11, 25, 25, 97, 23, 52, 31, 19, 64, 22, 84, 65, 22, 87, 29, 28, 46, 8, 44, 39, 11, 49, 44, 61, 14, 105, 14, 16, 114, 7, 37, 20, 4, 40, 0)
s = 47: (0, 73, 19, 61, 12, 45, 23, 47, 8, 12, 27, 25, 14, 7, 45, 18, 9, 14, 48, 23, 82, 8, 5, 17, 5, 10, 16, 17, 33, 34, 54, 12, 67, 51, 13, 60, 13, 101, 68, 36, 57, 22, 21, 37, 12, 31, 45, 8, 37, 58, 91, 13, 52, 17, 21, 60, 10, 40, 20, 4, 30, 0)
s = 48: (0, 134, 19, 32, 21, 24, 30, 40, 10, 13, 22, 41, 23, 5, 37, 12, 9, 24, 82, 35, 41, 6, 4, 27, 4, 8, 10, 23, 25, 36, 42, 28, 94, 30, 22, 73, 16, 70, 55, 36, 49, 21, 22, 50, 7, 36, 33, 16, 61, 48, 48, 15, 44, 20, 12, 75, 11, 41, 21, 8, 32, 0)
s = 49: (0, 92, 26, 64, 17, 41, 21, 50, 11, 11, 24, 20, 15, 4, 51, 22, 9, 13, 40, 21, 65, 6, 6, 21, 3, 7, 11, 14, 49, 29, 63, 12, 36, 42, 24, 45, 13, 90, 62, 31, 74, 29, 23, 23, 10, 28, 31, 12, 68, 49, 50, 11, 105, 12, 11, 58, 9, 35, 15, 4, 24, 0)
s = 50: (0, 65, 30, 37, 13, 48, 23, 82, 11, 11, 25, 24, 13, 8, 48, 18, 7, 10, 58, 26, 73, 8, 5, 24, 5, 6, 7, 21, 25, 22, 89, 17, 57, 39, 18, 57, 14, 79, 35, 33, 47, 16, 47, 32, 9, 39, 38, 10, 47, 78, 48, 16, 102, 10, 9, 60, 16, 29, 14, 8, 60, 0)
s = 51: (0, 54, 25, 57, 32, 55, 30, 108, 6, 15, 13, 22, 12, 5, 45, 14, 6, 12, 50, 26, 46, 8, 7, 23, 6, 8, 15, 18, 28, 36, 58, 18, 66, 35, 17, 85, 21, 67, 50, 32, 76, 25, 29, 36, 14, 34, 38, 8, 55, 49, 67, 14, 76, 22, 14, 50, 12, 45, 21, 8, 54, 0)
s = 52: (0, 69, 20, 57, 26, 50, 24, 90, 14, 15, 26, 27, 12, 5, 41, 33, 8, 12, 59, 22, 57, 6, 7, 30, 5, 5, 7, 15, 31, 23, 73, 15, 60, 35, 16, 75, 22, 66, 77, 27, 94, 18, 34, 34, 5, 32, 22, 14, 51, 35, 91, 15, 78, 19, 14, 44, 10, 24, 17, 6, 36, 0)
s = 53: (0, 66, 23, 66, 31, 29, 34, 78, 14, 10, 28, 19, 15, 5, 73, 14, 7, 18, 45, 38, 49, 8, 5, 27, 5, 7, 9, 12, 39, 36, 64, 17, 61, 34, 19, 86, 15, 95, 38, 20, 53, 16, 31, 51, 8, 26, 35, 9, 41, 44, 60, 15, 110, 15, 21, 88, 9, 38, 20, 8, 44, 0)
s = 54: (0, 58, 24, 52, 17, 38, 33, 83, 9, 9, 15, 39, 33, 5, 52, 30, 5, 12, 50, 25, 34, 9, 5, 14, 4, 5, 8, 14, 31, 37, 56, 20, 91, 45, 11, 93, 18, 45, 37, 29, 70, 28, 28, 43, 9, 46, 40, 9, 54, 53, 51, 13, 47, 22, 27, 44, 13, 25, 15, 4, 28, 0)
s = 55: (0, 54, 19, 50, 21, 39, 38, 65, 10, 13, 20, 31, 20, 5, 36, 16, 7, 16, 41, 39, 44, 7, 4, 21, 3, 6, 8, 13, 51, 16, 82, 15, 58, 47, 10, 75, 18, 91, 75, 26, 52, 31, 39, 28, 9, 40, 37, 11, 46, 35, 64, 22, 79, 12, 22, 61, 9, 74, 20, 7, 44, 0)
s = 56: (0, 72, 25, 45, 25, 24, 28, 73, 9, 13, 22, 38, 23, 4, 41, 23, 9, 11, 54, 16, 37, 7, 8, 20, 6, 10, 8, 21, 29, 23, 47, 14, 65, 64, 18, 46, 20, 114, 51, 39, 77, 28, 49, 35, 8, 53, 42, 14, 35, 47, 39, 15, 62, 15, 18, 121, 8, 30, 20, 7, 33, 0)
s = 57: (0, 64, 27, 76, 17, 23, 18, 101, 8, 11, 22, 37, 20, 4, 71, 13, 5, 9, 30, 25, 56, 7, 6, 38, 3, 7, 6, 9, 39, 15, 65, 23, 46, 32, 20, 44, 24, 76, 39, 44, 127, 22, 27, 27, 9, 47, 33, 8, 33, 39, 35, 13, 73, 22, 17, 44, 8, 70, 14, 5, 51, 0)
s = 58: (0, 50, 16, 32, 15, 34, 35, 112, 8, 12, 15, 31, 20, 8, 35, 12, 9, 24, 46, 26, 59, 8, 4, 26, 5, 8, 8, 10, 54, 34, 59, 13, 56, 55, 22, 48, 17, 47, 108, 16, 62, 34, 24, 35, 12, 27, 55, 10, 56, 64, 67, 12, 80, 23, 19, 46, 15, 60, 12, 7, 31, 0)
s = 59: (0, 101, 26, 43, 14, 45, 32, 65, 9, 14, 24, 27, 13, 3, 62, 23, 5, 21, 31, 20, 64, 4, 5, 27, 6, 9, 12, 13, 39, 35, 82, 18, 41, 32, 22, 53, 19, 59, 40, 36, 92, 43, 26, 26, 15, 29, 69, 10, 40, 73, 33, 23, 77, 14, 14, 77, 9, 48, 24, 5, 45, 0)
s = 60: (0, 46, 28, 45, 22, 32, 30, 76, 15, 18, 19, 34, 27, 9, 29, 31, 5, 13, 81, 29, 59, 6, 7, 39, 5, 6, 8, 17, 73, 27, 80, 14, 37, 24, 16, 38, 13, 87, 51, 34, 41, 19, 31, 27, 9, 42, 35, 11, 57, 34, 43, 16, 100, 13, 21, 66, 7, 34, 26, 6, 26, 0)
s = 61: (0, 53, 18, 68, 25, 31, 32, 98, 11, 12, 16, 21, 11, 5, 83, 17, 7, 21, 32, 17, 69, 6, 7, 31, 4, 6, 9, 14, 38, 19, 67, 14, 63, 34, 18, 51, 14, 58, 48, 17, 62, 37, 34, 48, 7, 24, 35, 13, 50, 39, 34, 25, 61, 16, 20, 61, 12, 44, 14, 6, 31, 0)
s = 62: (0, 76, 19, 61, 16, 54, 20, 95, 14, 13, 26, 36, 16, 6, 59, 18, 4, 18, 58, 27, 75, 5, 5, 19, 3, 8, 15, 20, 48, 22, 81, 11, 50, 59, 13, 92, 27, 146, 82, 40, 90, 30, 27, 42, 8, 23, 44, 9, 59, 67, 32, 17, 119, 10, 14, 116, 9, 36, 13, 5, 34, 0)
s = 63: (0, 70, 37, 34, 13, 46, 18, 61, 10, 16, 13, 36, 20, 4, 46, 16, 6, 16, 88, 30, 45, 5, 7, 17, 4, 7, 10, 14, 59, 42, 66, 15, 45, 50, 14, 55, 12, 118, 64, 55, 56, 38, 24, 35, 9, 43, 49, 12, 60, 57, 60, 11, 105, 16, 19, 72, 11, 67, 16, 9, 51, 0)
s = 64: (0, 88, 24, 48, 19, 39, 33, 94, 9, 14, 14, 30, 13, 4, 52, 25, 9, 11, 35, 17, 42, 8, 7, 22, 3, 5, 8, 15, 27, 18, 42, 12, 57, 41, 9, 101, 18, 104, 37, 41, 50, 23, 32, 32, 9, 50, 28, 13, 28, 72, 52, 17, 45, 12, 13, 51, 13, 56, 10, 7, 28, 0)
s = 65: (0, 81, 16, 49, 19, 45, 20, 66, 9, 11, 27, 35, 19, 4, 35, 31, 6, 21, 65, 30, 49, 6, 6, 16, 3, 9, 8, 14, 36, 38, 63, 11, 50, 40, 22, 73, 22, 80, 76, 17, 49, 28, 34, 39, 8, 42, 37, 12, 70, 57, 46, 20, 63, 16, 18, 62, 11, 59, 15, 5, 34, 0)
s = 66: (0, 66, 28, 36, 25, 64, 32, 77, 13, 11, 14, 28, 12, 7, 49, 18, 8, 15, 55, 44, 61, 5, 5, 23, 3, 4, 7, 17, 59, 20, 109, 18, 50, 33, 20, 83, 12, 68, 62, 45, 54, 16, 44, 31, 9, 53, 51, 11, 42, 78, 50, 17, 76, 19, 14, 85, 12, 39, 14, 7, 33, 0)
s = 67: (0, 59, 17, 51, 30, 46, 28, 48, 8, 15, 20, 34, 28, 7, 42, 29, 5, 27, 64, 24, 53, 6, 4, 20, 6, 8, 9, 24, 48, 29, 83, 21, 33, 30, 18, 66, 17, 49, 66, 36, 64, 27, 41, 43, 12, 25, 29, 10, 51, 50, 54, 9, 73, 25, 21, 53, 13, 34, 14, 5, 34, 0)
s = 68: (0, 83, 20, 35, 33, 39, 22, 75, 7, 15, 21, 16, 17, 6, 47, 20, 9, 14, 38, 33, 49, 5, 4, 22, 6, 4, 9, 16, 23, 26, 67, 18, 34, 53, 17, 66, 21, 52, 71, 24, 65, 22, 41, 33, 8, 49, 29, 8, 54, 48, 62, 16, 87, 20, 17, 52, 14, 34, 24, 7, 59, 0)
s = 69: (0, 71, 22, 54, 23, 46, 18, 61, 13, 7, 13, 37, 13, 8, 58, 17, 8, 15, 32, 32, 45, 4, 4, 41, 7, 6, 7, 21, 31, 24, 67, 31, 69, 53, 11, 50, 18, 74, 68, 43, 85, 27, 37, 28, 9, 29, 28, 8, 31, 58, 48, 10, 45, 20, 18, 91, 10, 36, 11, 9, 32, 0)
s = 70: (0, 64, 42, 42, 29, 34, 30, 62, 9, 9, 23, 31, 15, 4, 59, 20, 4, 12, 36, 26, 34, 6, 4, 26, 6, 10, 11, 16, 54, 29, 76, 14, 36, 58, 14, 72, 13, 51, 36, 39, 42, 31, 37, 32, 10, 32, 34, 11, 47, 48, 46, 16, 114, 19, 22, 100, 10, 30, 17, 4, 32, 0)
s = 71: (0, 79, 15, 74, 18, 34, 33, 44, 17, 12, 23, 53, 20, 7, 32, 18, 10, 26, 45, 23, 94, 4, 4, 32, 4, 7, 7, 14, 35, 18, 56, 16, 44, 40, 14, 56, 13, 73, 88, 26, 88, 29, 27, 23, 5, 38, 38, 10, 54, 98, 65, 13, 57, 11, 13, 41, 9, 48, 18, 6, 35, 0)
s = 72: (0, 73, 40, 48, 34, 37, 44, 73, 16, 8, 21, 38, 15, 5, 50, 15, 7, 19, 57, 29, 74, 5, 6, 35, 4, 7, 6, 15, 44, 36, 42, 16, 43, 29, 19, 71, 14, 91, 40, 38, 44, 26, 49, 42, 14, 38, 35, 9, 66, 78, 61, 14, 46, 22, 15, 64, 20, 27, 25, 7, 25, 0)
s = 73: (0, 52, 17, 47, 14, 50, 42, 61, 8, 16, 23, 18, 15, 4, 41, 21, 6, 13, 47, 25, 71, 7, 6, 26, 3, 7, 12, 21, 46, 22, 50, 14, 51, 41, 26, 66, 17, 42, 58, 21, 55, 33, 40, 29, 7, 38, 31, 11, 30, 29, 79, 14, 52, 10, 14, 88, 9, 53, 15, 7, 34, 0)
s = 74: (0, 70, 22, 72, 29, 55, 26, 53, 17, 8, 18, 47, 14, 4, 45, 17, 8, 18, 53, 19, 96, 8, 7, 25, 4, 4, 7, 10, 40, 34, 55, 15, 45, 53, 14, 78, 26, 97, 38, 25, 79, 22, 24, 32, 7, 44, 24, 17, 55, 59, 75, 13, 77, 18, 12, 70, 8, 39, 32, 7, 57, 0)
s = 75: (0, 66, 20, 43, 25, 37, 36, 118, 9, 14, 25, 27, 23, 5, 42, 16, 6, 13, 38, 34, 32, 5, 5, 15, 4, 5, 7, 11, 50, 39, 62, 28, 42, 33, 24, 94, 17, 69, 87, 23, 48, 27, 37, 63, 6, 46, 59, 10, 33, 46, 59, 23, 96, 13, 20, 53, 8, 32, 22, 8, 36, 0)
s = 76: (0, 84, 15, 36, 15, 36, 39, 72, 10, 13, 17, 42, 15, 6, 39, 22, 4, 14, 62, 20, 70, 8, 5, 19, 6, 5, 9, 12, 48, 43, 70, 21, 33, 33, 15, 35, 25, 107, 57, 50, 105, 32, 20, 25, 8, 29, 34, 9, 58, 81, 57, 13, 74, 20, 26, 48, 15, 69, 32, 5, 35, 0)
s = 77: (0, 59, 27, 56, 17, 33, 23, 62, 6, 17, 13, 27, 15, 6, 61, 20, 5, 26, 48, 22, 42, 5, 6, 23, 3, 4, 16, 17, 60, 22, 55, 27, 58, 27, 18, 72, 17, 67, 74, 23, 54, 23, 38, 27, 9, 35, 52, 8, 51, 51, 72, 19, 58, 11, 19, 89, 13, 34, 12, 5, 70, 0)
s = 78: (0, 80, 23, 45, 22, 39, 30, 50, 7, 14, 12, 28, 23, 4, 42, 15, 8, 18, 99, 29, 61, 7, 4, 29, 7, 5, 15, 19, 38, 20, 56, 15, 58, 45, 20, 57, 20, 120, 51, 20, 45, 19, 26, 29, 6, 27, 45, 13, 54, 48, 67, 12, 92, 21, 10, 78, 11, 38, 17, 5, 44, 0)
s = 79: (0, 121, 29, 48, 26, 45, 46, 70, 8, 16, 25, 29, 19, 5, 31, 20, 8, 26, 39, 27, 37, 8, 7, 27, 5, 4, 9, 10, 44, 20, 64, 20, 79, 61, 11, 48, 22, 78, 69, 30, 66, 28, 24, 43, 12, 56, 33, 9, 45, 38, 56, 15, 79, 10, 30, 83, 11, 52, 14, 8, 53, 0)
s = 80: (0, 78, 26, 36, 19, 44, 27, 54, 16, 12, 18, 31, 12, 6, 43, 14, 8, 21, 62, 28, 53, 6, 6, 46, 5, 7, 12, 13, 45, 27, 37, 29, 44, 25, 13, 62, 29, 63, 56, 25, 51, 40, 31, 37, 7, 39, 55, 12, 50, 58, 55, 16, 113, 19, 15, 49, 8, 34, 14, 8, 58, 0)
s = 81: (0, 71, 17, 44, 15, 27, 21, 53, 9, 10, 19, 15, 24, 6, 71, 22, 4, 21, 81, 21, 70, 6, 5, 19, 3, 6, 12, 17, 53, 35, 66, 14, 89, 38, 17, 67, 14, 86, 62, 27, 73, 26, 31, 31, 6, 29, 43, 16, 36, 33, 37, 10, 58, 14, 16, 89, 13, 42, 18, 6, 51, 0)
s = 82: (0, 68, 25, 74, 12, 63, 19, 78, 7, 10, 28, 26, 22, 5, 47, 26, 11, 20, 35, 48, 64, 5, 5, 18, 6, 8, 12, 22, 62, 20, 55, 17, 37, 36, 15, 68, 24, 78, 42, 26, 48, 19, 45, 26, 6, 28, 67, 11, 63, 49, 54, 15, 69, 13, 19, 65, 11, 46, 13, 9, 32, 0)
s = 83: (0, 97, 33, 34, 16, 44, 39, 51, 13, 16, 16, 49, 18, 5, 41, 24, 7, 22, 60, 23, 57, 4, 3, 30, 3, 6, 9, 10, 35, 39, 97, 13, 39, 46, 17, 74, 24, 77, 46, 23, 40, 31, 42, 43, 7, 35, 34, 16, 51, 85, 91, 10, 73, 18, 9, 59, 14, 42, 14, 7, 31, 0)
s = 84: (0, 48, 17, 44, 18, 33, 29, 45, 10, 11, 30, 37, 15, 4, 42, 16, 5, 12, 35, 38, 48, 7, 5, 18, 3, 6, 12, 17, 42, 21, 67, 21, 63, 32, 13, 51, 18, 83, 52, 32, 84, 37, 48, 35, 11, 34, 58, 13, 35, 74, 97, 20, 50, 17, 18, 44, 10, 75, 16, 4, 49, 0)
s = 85: (0, 82, 34, 53, 16, 30, 31, 68, 12, 10, 28, 39, 19, 7, 34, 31, 5, 12, 44, 26, 40, 8, 6, 21, 4, 6, 10, 11, 35, 24, 60, 18, 54, 41, 12, 48, 19, 111, 54, 25, 76, 37, 49, 51, 8, 38, 38, 11, 48, 46, 32, 13, 137, 14, 16, 66, 14, 44, 21, 10, 50, 0)
s = 86: (0, 97, 15, 44, 17, 46, 43, 39, 7, 8, 15, 29, 21, 6, 39, 19, 7, 19, 88, 21, 47, 4, 6, 26, 4, 5, 8, 10, 33, 31, 88, 14, 63, 44, 9, 77, 15, 72, 47, 35, 53, 20, 40, 34, 7, 32, 27, 10, 49, 58, 30, 12, 70, 15, 20, 76, 15, 47, 26, 7, 39, 0)
s = 87: (0, 76, 26, 43, 15, 37, 51, 53, 10, 11, 22, 21, 20, 5, 83, 13, 6, 19, 53, 24, 40, 5, 5, 19, 5, 4, 11, 8, 33, 20, 95, 10, 43, 44, 18, 55, 14, 83, 40, 34, 61, 30, 21, 28, 13, 46, 31, 12, 66, 54, 78, 17, 56, 19, 11, 88, 12, 54, 27, 8, 52, 0)
s = 88: (0, 65, 26, 32, 17, 33, 40, 84, 6, 12, 18, 27, 15, 5, 39, 23, 7, 15, 68, 35, 50, 8, 6, 24, 4, 6, 11, 17, 56, 30, 60, 25, 62, 48, 28, 53, 18, 71, 33, 34, 35, 26, 26, 34, 15, 32, 38, 16, 62, 46, 82, 14, 80, 23, 12, 44, 12, 33, 23, 6, 57, 0)
s = 89: (0, 50, 24, 63, 25, 25, 27, 86, 12, 21, 19, 31, 17, 7, 47, 21, 5, 15, 62, 34, 65, 5, 8, 39, 5, 9, 9, 11, 44, 30, 34, 14, 40, 30, 22, 50, 20, 53, 52, 32, 100, 25, 35, 20, 10, 34, 53, 13, 40, 65, 91, 21, 80, 26, 11, 101, 8, 40, 15, 7, 30, 0)
s = 90: (0, 72, 19, 46, 21, 58, 33, 56, 9, 11, 13, 27, 17, 6, 60, 19, 4, 14, 49, 42, 48, 8, 4, 31, 5, 4, 13, 15, 51, 20, 98, 22, 70, 33, 9, 69, 22, 76, 65, 25, 58, 27, 29, 25, 12, 29, 46, 12, 65, 47, 68, 10, 105, 23, 11, 92, 13, 45, 20, 8, 54, 0)
s = 91: (0, 67, 22, 62, 18, 32, 30, 39, 12, 8, 20, 26, 21, 7, 33, 15, 9, 15, 60, 48, 40, 5, 4, 32, 5, 5, 11, 12, 43, 34, 73, 26, 91, 22, 16, 55, 12, 57, 58, 40, 50, 19, 23, 29, 7, 23, 27, 13, 43, 62, 67, 17, 87, 14, 12, 77, 9, 54, 13, 5, 36, 0)
s = 92: (0, 53, 18, 53, 26, 58, 37, 53, 13, 20, 12, 22, 12, 4, 55, 16, 4, 16, 44, 22, 40, 6, 9, 25, 4, 8, 9, 19, 40, 19, 44, 13, 71, 43, 11, 37, 12, 76, 67, 27, 54, 19, 31, 40, 6, 45, 41, 16, 63, 33, 46, 14, 111, 16, 19, 68, 13, 25, 24, 9, 50, 0)
s = 93: (0, 98, 26, 61, 19, 51, 31, 75, 8, 15, 23, 33, 21, 4, 33, 26, 6, 18, 50, 25, 51, 4, 7, 19, 3, 5, 9, 16, 65, 40, 93, 19, 45, 42, 11, 65, 19, 99, 64, 50, 66, 37, 30, 40, 8, 27, 52, 13, 47, 70, 75, 19, 78, 15, 12, 80, 10, 32, 15, 6, 55, 0)
s = 94: (0, 64, 26, 54, 18, 30, 27, 112, 10, 9, 26, 37, 20, 5, 37, 34, 6, 18, 51, 31, 35, 7, 7, 30, 5, 9, 8, 9, 35, 27, 91, 18, 83, 23, 22, 67, 16, 71, 66, 30, 48, 26, 37, 35, 7, 21, 31, 14, 74, 45, 62, 16, 72, 9, 14, 61, 13, 33, 16, 6, 39, 0)
s = 95: (0, 121, 14, 46, 15, 54, 24, 87, 11, 19, 26, 34, 17, 4, 81, 25, 6, 16, 77, 24, 49, 9, 4, 23, 4, 7, 12, 16, 35, 27, 75, 13, 68, 35, 26, 50, 13, 54, 47, 35, 99, 28, 30, 38, 8, 23, 30, 10, 33, 33, 65, 19, 77, 20, 17, 84, 15, 69, 19, 6, 26, 0)
s = 96: (0, 108, 19, 78, 28, 58, 27, 78, 18, 12, 21, 24, 12, 7, 31, 12, 5, 13, 42, 23, 53, 5, 5, 26, 4, 5, 15, 28, 52, 35, 50, 21, 38, 44, 11, 58, 20, 53, 72, 33, 90, 34, 62, 35, 14, 41, 42, 8, 54, 39, 46, 10, 44, 16, 19, 73, 10, 40, 17, 5, 58, 0)
s = 97: (0, 51, 21, 73, 28, 30, 42, 61, 8, 13, 25, 21, 21, 7, 77, 17, 7, 15, 38, 29, 78, 6, 4, 24, 7, 5, 8, 13, 45, 21, 89, 21, 63, 26, 12, 44, 15, 76, 57, 33, 47, 18, 25, 51, 8, 39, 31, 12, 67, 47, 64, 14, 117, 16, 19, 54, 8, 37, 18, 11, 29, 0)
s = 98: (0, 61, 20, 49, 21, 33, 30, 91, 13, 12, 22, 22, 23, 6, 43, 21, 5, 14, 71, 39, 58, 9, 4, 30, 5, 7, 13, 14, 39, 26, 102, 14, 59, 42, 24, 70, 16, 83, 53, 24, 112, 20, 38, 34, 6, 42, 31, 11, 53, 66, 84, 20, 87, 14, 16, 106, 15, 54, 13, 7, 37, 0)
s = 99: (0, 92, 29, 44, 24, 44, 27, 74, 7, 11, 13, 33, 11, 5, 45, 24, 5, 16, 57, 41, 82, 5, 7, 22, 4, 7, 6, 15, 45, 22, 54, 25, 90, 34, 10, 100, 24, 42, 48, 18, 55, 38, 38, 45, 5, 22, 44, 15, 52, 45, 53, 13, 73, 15, 10, 53, 12, 43, 20, 4, 29, 0)
s = 100: (0, 56, 24, 32, 20, 47, 24, 118, 11, 13, 19, 26, 14, 4, 67, 26, 7, 19, 38, 34, 60, 7, 6, 26, 5, 6, 11, 12, 29, 21, 74, 21, 61, 35, 22, 45, 14, 68, 68, 31, 36, 28, 22, 30, 8, 26, 36, 17, 54, 56, 32, 14, 87, 12, 19, 86, 12, 40, 23, 6, 35, 0)
s = 101: (0, 96, 40, 66, 19, 46, 21, 76, 7, 14, 19, 28, 24, 6, 58, 23, 5, 18, 54, 36, 66, 4, 6, 25, 4, 6, 7, 10, 33, 30, 76, 30, 68, 37, 17, 47, 17, 81, 40, 26, 53, 19, 32, 41, 6, 33, 25, 13, 33, 39, 49, 15, 58, 13, 20, 48, 9, 47, 17, 7, 39, 0)
s = 102: (0, 72, 21, 71, 13, 34, 41, 84, 12, 9, 23, 34, 15, 6, 29, 24, 5, 12, 79, 32, 62, 5, 3, 27, 3, 6, 14, 17, 30, 15, 64, 15, 65, 38, 12, 44, 19, 61, 57, 33, 49, 15, 30, 28, 7, 31, 44, 8, 36, 39, 63, 25, 47, 19, 9, 49, 7, 66, 21, 8, 51, 0)
s = 103: (0, 94, 28, 40, 16, 44, 25, 61, 10, 16, 17, 22, 20, 10, 65, 18, 7, 15, 63, 33, 43, 6, 4, 23, 4, 6, 8, 13, 29, 23, 110, 16, 51, 48, 29, 81, 28, 59, 42, 35, 82, 19, 41, 27, 6, 48, 36, 17, 32, 45, 49, 18, 80, 23, 10, 52, 14, 57, 14, 8, 38, 0)
s = 104: (0, 53, 36, 41, 21, 39, 22, 47, 9, 12, 20, 34, 16, 6, 59, 14, 10, 12, 62, 17, 48, 8, 4, 13, 3, 8, 12, 10, 23, 34, 71, 16, 45, 56, 13, 54, 12, 95, 52, 36, 70, 20, 25, 40, 10, 34, 32, 16, 37, 81, 101, 16, 88, 13, 13, 93, 8, 46, 21, 7, 52, 0)
s = 105: (0, 68, 32, 34, 19, 45, 28, 78, 13, 12, 33, 26, 20, 7, 53, 19, 10, 21, 58, 25, 55, 6, 7, 27, 5, 6, 8, 12, 64, 21, 49, 16, 49, 43, 14, 64, 16, 57, 43, 21, 67, 24, 43, 38, 10, 37, 36, 11, 40, 56, 64, 13, 66, 14, 12, 44, 19, 39, 25, 10, 49, 0)
s = 106: (0, 71, 20, 32, 15, 39, 40, 72, 8, 15, 27, 18, 20, 4, 80, 22, 5, 14, 37, 22, 44, 11, 7, 16, 5, 6, 9, 12, 28, 45, 77, 16, 36, 24, 11, 93, 27, 86, 40, 25, 55, 28, 24, 30, 5, 36, 34, 11, 45, 51, 74, 17, 75, 13, 12, 50, 12, 62, 18, 7, 42, 0)
s = 107: (0, 75, 20, 30, 23, 34, 16, 84, 11, 8, 21, 33, 29, 9, 43, 20, 5, 12, 60, 32, 48, 6, 6, 32, 3, 6, 10, 22, 59, 28, 85, 24, 63, 43, 16, 38, 15, 64, 58, 26, 49, 38, 35, 49, 8, 59, 46, 19, 59, 46, 43, 16, 53, 11, 15, 72, 9, 67, 15, 10, 30, 0)
s = 108: (0, 80, 27, 65, 14, 40, 44, 43, 13, 8, 16, 28, 15, 4, 73, 13, 6, 20, 30, 21, 49, 4, 3, 25, 3, 7, 13, 19, 27, 16, 35, 26, 79, 33, 17, 50, 28, 82, 84, 30, 92, 28, 42, 64, 8, 51, 25, 14, 57, 85, 31, 14, 60, 21, 11, 55, 11, 54, 23, 6, 30, 0)
s = 109: (0, 54, 26, 51, 22, 35, 19, 82, 7, 13, 23, 24, 29, 7, 48, 25, 7, 16, 51, 22, 92, 8, 4, 18, 6, 7, 11, 26, 57, 26, 76, 24, 79, 30, 15, 39, 14, 76, 63, 38, 58, 22, 28, 35, 9, 49, 46, 15, 38, 46, 40, 13, 73, 18, 15, 96, 12, 87, 10, 8, 35, 0)
s = 110: (0, 113, 18, 47, 17, 32, 36, 49, 9, 7, 16, 20, 16, 7, 60, 15, 5, 11, 82, 28, 48, 7, 4, 25, 7, 5, 10, 15, 33, 34, 67, 14, 52, 32, 17, 89, 17, 114, 30, 40, 71, 22, 24, 40, 10, 24, 29, 15, 38, 36, 65, 21, 107, 24, 20, 50, 12, 56, 13, 7, 45, 0)
s = 111: (0, 62, 28, 46, 18, 34, 23, 53, 9, 14, 40, 19, 22, 4, 42, 17, 9, 11, 62, 37, 44, 5, 4, 30, 4, 4, 8, 20, 37, 31, 53, 18, 67, 39, 12, 52, 19, 58, 56, 20, 71, 23, 38, 36, 7, 37, 46, 11, 40, 45, 45, 11, 76, 17, 11, 80, 12, 38, 13, 7, 39, 0)
s = 112: (0, 113, 19, 78, 20, 28, 49, 77, 9, 10, 18, 25, 16, 5, 26, 20, 6, 21, 30, 27, 62, 6, 7, 25, 7, 5, 6, 13, 27, 37, 102, 19, 56, 60, 11, 53, 15, 83, 62, 29, 64, 17, 22, 50, 9, 27, 49, 14, 40, 62, 60, 12, 44, 23, 19, 64, 11, 37, 22, 5, 41, 0)
s = 113: (0, 61, 17, 35, 18, 38, 20, 56, 10, 15, 21, 49, 19, 3, 40, 26, 7, 18, 69, 23, 54, 8, 4, 29, 5, 6, 10, 17, 32, 25, 50, 19, 37, 32, 17, 64, 22, 81, 50, 24, 68, 24, 45, 35, 10, 28, 55, 9, 66, 65, 48, 18, 115, 18, 16, 66, 15, 34, 18, 4, 45, 0)
s = 114: (0, 77, 18, 76, 25, 36, 49, 78, 9, 16, 14, 30, 23, 8, 62, 12, 5, 28, 63, 19, 49, 4, 5, 22, 4, 5, 8, 18, 53, 22, 64, 32, 70, 50, 11, 76, 16, 70, 52, 21, 94, 16, 38, 34, 11, 28, 45, 16, 34, 34, 60, 12, 50, 12, 19, 92, 11, 35, 27, 11, 30, 0)
s = 115: (0, 59, 21, 39, 20, 40, 47, 50, 15, 16, 23, 25, 17, 4, 43, 14, 5, 16, 59, 23, 68, 6, 7, 23, 5, 5, 7, 19, 49, 28, 49, 21, 64, 33, 15, 34, 15, 133, 79, 41, 88, 21, 38, 47, 10, 30, 43, 9, 67, 33, 37, 13, 52, 23, 28, 46, 17, 47, 19, 10, 44, 0)
s = 116: (0, 53, 15, 50, 31, 37, 35, 67, 7, 8, 21, 27, 16, 5, 53, 28, 7, 14, 34, 38, 76, 5, 5, 35, 4, 5, 8, 11, 43, 26, 72, 13, 63, 39, 15, 59, 22, 82, 64, 33, 36, 16, 31, 44, 7, 66, 58, 8, 59, 53, 36, 11, 80, 25, 10, 60, 16, 59, 21, 4, 50, 0)
s = 117: (0, 73, 16, 45, 18, 50, 37, 102, 9, 9, 19, 24, 12, 6, 50, 12, 7, 16, 66, 24, 39, 7, 8, 32, 5, 7, 9, 27, 51, 28, 94, 11, 37, 36, 17, 42, 17, 88, 34, 22, 77, 43, 35, 48, 7, 23, 29, 12, 41, 43, 73, 8, 118, 13, 13, 92, 10, 47, 25, 7, 47, 0)
s = 118: (0, 105, 23, 35, 28, 50, 28, 113, 11, 14, 23, 20, 27, 7, 55, 16, 7, 20, 44, 34, 67, 8, 9, 27, 4, 9, 7, 8, 48, 29, 40, 10, 72, 26, 9, 63, 16, 111, 69, 45, 75, 23, 53, 35, 9, 31, 44, 11, 64, 31, 63, 18, 82, 14, 13, 107, 14, 48, 15, 10, 51, 0)
s = 119: (0, 48, 21, 44, 25, 48, 42, 90, 14, 11, 19, 24, 10, 5, 29, 33, 5, 26, 64, 20, 54, 4, 5, 29, 4, 6, 7, 13, 50, 17, 52, 19, 97, 36, 21, 85, 15, 100, 60, 23, 57, 40, 23, 41, 10, 34, 40, 16, 50, 45, 75, 16, 120, 18, 20, 85, 11, 28, 25, 7, 47, 0)
s = 120: (0, 100, 22, 56, 16, 49, 30, 43, 9, 14, 23, 34, 12, 4, 40, 25, 7, 12, 34, 40, 57, 6, 6, 15, 4, 6, 10, 8, 48, 27, 76, 11, 78, 33, 15, 54, 12, 140, 66, 48, 66, 24, 39, 28, 8, 40, 41, 9, 55, 38, 54, 18, 66, 12, 21, 62, 9, 49, 22, 6, 28, 0)
s = 121: (0, 104, 19, 39, 14, 26, 44, 56, 6, 14, 30, 22, 11, 5, 48, 20, 8, 18, 83, 24, 50, 6, 5, 27, 5, 6, 13, 9, 32, 39, 66, 18, 34, 36, 18, 82, 11, 55, 90, 36, 82, 34, 44, 25, 11, 28, 34, 9, 40, 29, 46, 18, 101, 11, 13, 55, 11, 63, 12, 7, 24, 0)
s = 122: (0, 71, 27, 37, 29, 39, 54, 90, 12, 13, 19, 32, 18, 5, 53, 27, 10, 10, 30, 28, 77, 9, 7, 26, 3, 6, 6, 9, 38, 22, 68, 14, 51, 36, 19, 78, 19, 94, 40, 32, 89, 17, 54, 46, 11, 37, 63, 15, 45, 44, 44, 17, 54, 14, 11, 72, 7, 30, 26, 6, 37, 0)
s = 123: (0, 59, 25, 58, 25, 61, 32, 71, 17, 17, 15, 20, 26, 8, 52, 18, 5, 17, 43, 28, 40, 8, 5, 23, 5, 7, 12, 14, 75, 19, 90, 17, 54, 34, 19, 42, 12, 62, 70, 26, 85, 42, 33, 40, 7, 42, 36, 8, 49, 55, 61, 13, 97, 10, 16, 111, 14, 60, 16, 4, 27, 0)
s = 124: (0, 125, 21, 39, 13, 22, 43, 66, 10, 11, 21, 22, 25, 7, 29, 26, 7, 15, 74, 20, 30, 5, 4, 19, 4, 7, 10, 25, 38, 25, 73, 18, 76, 61, 12, 68, 18, 104, 47, 16, 62, 17, 30, 47, 9, 20, 25, 17, 36, 35, 39, 11, 71, 20, 13, 96, 12, 33, 19, 5, 58, 0)
s = 125: (0, 66, 33, 39, 24, 27, 42, 47, 12, 19, 29, 38, 14, 5, 45, 26, 5, 19, 55, 36, 49, 8, 7, 21, 4, 7, 8, 10, 38, 26, 71, 18, 37, 43, 12, 50, 14, 53, 62, 28, 72, 19, 33, 44, 6, 41, 61, 11, 51, 60, 60, 14, 47, 24, 24, 79, 14, 50, 26, 8, 34, 0)
s = 126: (0, 77, 32, 33, 15, 39, 29, 78, 11, 8, 13, 26, 17, 5, 32, 17, 6, 14, 45, 22, 35, 9, 6, 14, 6, 6, 10, 17, 47, 34, 81, 15, 45, 42, 20, 90, 17, 122, 39, 35, 74, 22, 36, 34, 14, 30, 41, 9, 34, 87, 48, 14, 74, 14, 12, 111, 13, 28, 15, 8, 38, 0)
s = 127: (0, 65, 16, 59, 22, 43, 27, 63, 10, 19, 19, 38, 20, 4, 38, 23, 4, 23, 45, 29, 44, 7, 3, 25, 4, 8, 14, 12, 53, 24, 71, 16, 61, 40, 9, 66, 23, 50, 44, 27, 53, 23, 29, 40, 10, 51, 37, 8, 40, 49, 60, 22, 73, 12, 16, 49, 13, 41, 14, 10, 25, 0)
s = 128: (0, 77, 37, 71, 24, 35, 30, 107, 8, 16, 15, 20, 15, 5, 69, 21, 10, 15, 49, 36, 37, 6, 8, 18, 8, 7, 8, 15, 47, 39, 53, 16, 64, 62, 19, 45, 16, 110, 85, 49, 73, 34, 30, 29, 11, 43, 48, 15, 30, 69, 82, 15, 84, 16, 10, 54, 11, 49, 22, 5, 40, 0)
s = 129: (0, 66, 24, 42, 18, 26, 42, 78, 10, 12, 13, 36, 16, 5, 60, 18, 7, 14, 36, 20, 64, 5, 7, 25, 5, 5, 9, 15, 52, 37, 72, 13, 56, 32, 20, 107, 15, 59, 49, 19, 58, 32, 50, 29, 11, 40, 28, 18, 65, 56, 55, 14, 63, 27, 14, 77, 9, 46, 13, 10, 37, 0)
s = 130: (0, 114, 22, 86, 15, 37, 24, 55, 7, 16, 13, 31, 15, 4, 27, 22, 6, 14, 69, 34, 66, 4, 3, 24, 4, 5, 7, 22, 42, 34, 56, 11, 70, 30, 16, 77, 19, 83, 38, 28, 53, 30, 27, 41, 7, 45, 34, 11, 49, 48, 56, 13, 85, 21, 19, 83, 14, 50, 16, 6, 34, 0)
s = 131: (0, 146, 27, 58, 22, 42, 30, 52, 10, 19, 12, 21, 21, 3, 67, 18, 4, 18, 47, 29, 49, 7, 5, 23, 4, 5, 11, 11, 48, 24, 87, 20, 34, 40, 11, 58, 19, 111, 44, 28, 56, 36, 42, 43, 7, 40, 35, 16, 42, 68, 43, 13, 62, 23, 10, 56, 9, 48, 12, 5, 34, 0)
s = 132: (0, 147, 14, 34, 28, 32, 28, 85, 15, 12, 30, 42, 28, 4, 39, 26, 5, 18, 69, 29, 66, 6, 4, 32, 3, 6, 15, 14, 50, 16, 68, 14, 75, 34, 27, 70, 16, 44, 65, 29, 99, 17, 29, 36, 5, 27, 36, 15, 51, 47, 70, 13, 68, 13, 23, 96, 14, 54, 10, 4, 47, 0)
s = 133: (0, 85, 24, 49, 29, 29, 19, 65, 6, 13, 28, 25, 17, 7, 62, 29, 6, 11, 61, 26, 93, 6, 5, 27, 3, 9, 12, 13, 50, 16, 36, 32, 45, 33, 16, 38, 27, 72, 44, 23, 61, 37, 45, 35, 11, 48, 49, 16, 47, 72, 57, 16, 63, 18, 13, 44, 19, 40, 20, 8, 67, 0)
s = 134: (0, 51, 39, 74, 21, 34, 27, 62, 7, 16, 20, 44, 26, 6, 73, 12, 4, 21, 52, 21, 36, 5, 5, 22, 4, 5, 11, 18, 28, 45, 73, 15, 77, 48, 21, 89, 12, 88, 43, 30, 86, 29, 29, 23, 6, 22, 37, 15, 47, 62, 65, 11, 92, 16, 25, 64, 10, 40, 19, 4, 42, 0)
s = 135: (0, 88, 35, 36, 17, 45, 39, 97, 10, 10, 27, 39, 16, 6, 77, 23, 7, 27, 50, 29, 43, 4, 5, 17, 4, 6, 7, 15, 24, 22, 72, 16, 46, 64, 21, 64, 16, 55, 51, 37, 62, 28, 34, 43, 12, 26, 44, 10, 66, 96, 61, 12, 51, 13, 10, 87, 17, 54, 12, 6, 41, 0)
s = 136: (0, 50, 22, 57, 25, 43, 23, 58, 9, 16, 26, 28, 23, 4, 39, 24, 6, 11, 49, 24, 59, 8, 6, 31, 6, 7, 7, 11, 35, 23, 48, 25, 86, 27, 18, 69, 14, 47, 38, 22, 39, 36, 52, 45, 6, 27, 63, 11, 28, 69, 40, 10, 55, 18, 19, 47, 10, 24, 17, 7, 29, 0)
s = 137: (0, 64, 16, 29, 18, 29, 35, 46, 14, 12, 19, 21, 24, 4, 39, 27, 5, 12, 33, 21, 55, 8, 4, 19, 3, 5, 9, 15, 43, 21, 60, 20, 36, 27, 21, 42, 18, 54, 60, 25, 47, 25, 40, 23, 12, 33, 51, 11, 40, 95, 96, 13, 88, 17, 10, 74, 19, 38, 12, 8, 46, 0)
s = 138: (0, 69, 22, 48, 20, 41, 31, 50, 9, 8, 14, 23, 18, 7, 36, 21, 5, 10, 39, 46, 60, 8, 6, 23, 3, 8, 8, 11, 50, 25, 56, 18, 52, 33, 9, 52, 12, 48, 72, 31, 49, 42, 35, 46, 8, 40, 35, 10, 27, 50, 36, 13, 66, 11, 13, 66, 21, 33, 21, 6, 42, 0)
s = 139: (0, 62, 29, 28, 13, 35, 30, 130, 8, 8, 19, 38, 15, 5, 29, 25, 7, 20, 40, 23, 49, 6, 8, 21, 3, 5, 12, 16, 36, 19, 72, 16, 65, 46, 27, 55, 14, 77, 54, 17, 60, 33, 48, 35, 7, 36, 41, 7, 53, 50, 37, 18, 127, 9, 19, 47, 18, 58, 15, 8, 48, 0)
s = 140: (0, 76, 24, 66, 21, 25, 27, 78, 14, 10, 19, 27, 16, 3, 47, 15, 5, 16, 42, 33, 40, 6, 9, 19, 4, 8, 6, 24, 52, 35, 59, 14, 54, 51, 19, 87, 28, 67, 77, 17, 54, 22, 33, 29, 10, 43, 42, 9, 32, 79, 58, 14, 98, 10, 24, 66, 12, 32, 16, 7, 55, 0)
s = 141: (0, 66, 33, 42, 18, 68, 24, 120, 10, 17, 17, 22, 18, 6, 47, 18, 6, 15, 67, 29, 70, 5, 3, 21, 4, 5, 11, 15, 71, 40, 40, 20, 35, 30, 16, 59, 10, 79, 55, 45, 65, 36, 29, 24, 12, 49, 54, 16, 49, 54, 43, 12, 128, 17, 10, 56, 15, 31, 29, 5, 26, 0)
s = 142: (0, 105, 32, 27, 21, 45, 23, 60, 8, 7, 23, 29, 17, 6, 68, 18, 7, 13, 68, 33, 88, 6, 3, 23, 5, 7, 8, 19, 29, 24, 44, 24, 32, 41, 19, 40, 13, 108, 53, 27, 60, 27, 33, 41, 13, 29, 50, 19, 42, 59, 62, 21, 59, 13, 17, 61, 13, 35, 15, 6, 29, 0)
s = 143: (0, 111, 20, 42, 16, 32, 26, 77, 11, 13, 28, 48, 20, 6, 43, 28, 5, 13, 55, 45, 40, 5, 6, 29, 7, 11, 10, 21, 40, 44, 47, 18, 69, 23, 12, 58, 27, 73, 36, 29, 75, 39, 56, 46, 7, 36, 36, 13, 42, 96, 73, 14, 103, 13, 13, 93, 9, 51, 11, 5, 36, 0)
s = 144: (0, 51, 18, 32, 22, 26, 42, 110, 10, 12, 32, 24, 14, 6, 61, 26, 7, 10, 58, 24, 41, 7, 6, 25, 7, 6, 8, 15, 49, 35, 73, 18, 66, 47, 13, 83, 15, 69, 66, 29, 79, 28, 57, 48, 7, 26, 47, 11, 51, 38, 60, 13, 57, 17, 28, 45, 9, 40, 17, 6, 29, 0)
s = 145: (0, 87, 14, 47, 21, 49, 29, 74, 11, 17, 20, 25, 16, 7, 26, 11, 7, 12, 43, 33, 39, 7, 8, 22, 5, 7, 14, 16, 34, 37, 73, 12, 70, 51, 23, 80, 19, 77, 43, 22, 48, 19, 41, 40, 11, 36, 37, 18, 44, 65, 31, 15, 98, 17, 16, 99, 11, 53, 22, 5, 34, 0)
s = 146: (0, 99, 23, 29, 34, 31, 23, 87, 15, 11, 25, 23, 18, 6, 53, 21, 7, 15, 55, 28, 57, 8, 8, 24, 4, 11, 17, 19, 52, 39, 50, 18, 67, 38, 11, 46, 24, 46, 60, 44, 72, 18, 39, 36, 6, 38, 31, 11, 59, 79, 71, 13, 85, 18, 17, 99, 17, 47, 15, 7, 46, 0)
s = 147: (0, 97, 18, 69, 29, 63, 22, 93, 12, 16, 29, 38, 13, 7, 54, 14, 6, 12, 60, 22, 91, 8, 6, 23, 5, 5, 13, 23, 41, 30, 63, 14, 84, 70, 15, 99, 19, 75, 76, 18, 65, 19, 35, 25, 6, 23, 37, 9, 58, 93, 42, 24, 68, 19, 17, 59, 11, 57, 25, 9, 29, 0)
s = 148: (0, 78, 15, 31, 12, 25, 26, 52, 11, 13, 19, 39, 13, 5, 53, 30, 10, 14, 40, 51, 73, 4, 6, 25, 3, 8, 7, 25, 57, 31, 52, 21, 42, 28, 11, 57, 12, 129, 70, 33, 87, 40, 44, 44, 5, 25, 39, 12, 37, 61, 34, 14, 57, 21, 18, 57, 11, 41, 20, 6, 28, 0)
s = 149: (0, 53, 17, 47, 19, 32, 36, 45, 7, 15, 19, 27, 13, 9, 41, 21, 7, 15, 32, 36, 64, 8, 5, 24, 5, 6, 9, 16, 34, 20, 95, 16, 37, 30, 20, 51, 12, 66, 51, 25, 41, 18, 32, 47, 12, 23, 35, 14, 58, 81, 59, 18, 74, 14, 10, 55, 7, 37, 18, 10, 30, 0)
s = 150: (0, 71, 27, 76, 15, 50, 24, 101, 9, 13, 29, 34, 20, 5, 40, 16, 5, 19, 59, 33, 33, 4, 4, 30, 5, 5, 10, 16, 28, 19, 70, 19, 41, 28, 12, 56, 21, 72, 62, 38, 60, 23, 38, 43, 6, 39, 41, 12, 54, 65, 98, 15, 150, 9, 20, 77, 11, 39, 11, 5, 32, 0)
s = 151: (0, 67, 17, 44, 19, 60, 46, 94, 14, 11, 22, 32, 20, 5, 47, 13, 8, 20, 80, 18, 54, 10, 4, 16, 5, 6, 11, 10, 34, 31, 57, 12, 72, 55, 11, 54, 23, 77, 60, 46, 53, 23, 54, 29, 9, 42, 43, 10, 37, 56, 77, 16, 71, 10, 31, 70, 13, 52, 32, 8, 49, 0)
s = 152: (0, 70, 17, 53, 18, 33, 27, 73, 14, 15, 28, 35, 16, 4, 71, 18, 7, 19, 48, 23, 66, 6, 7, 31, 3, 6, 11, 9, 27, 44, 49, 24, 60, 33, 20, 52, 15, 83, 48, 44, 77, 30, 29, 26, 6, 30, 57, 18, 56, 64, 65, 14, 87, 17, 15, 70, 14, 73, 12, 7, 29, 0)
s = 153: (0, 99, 19, 54, 26, 27, 34, 85, 14, 9, 21, 36, 21, 8, 59, 16, 4, 20, 78, 26, 47, 6, 4, 29, 4, 4, 9, 21, 28, 22, 73, 13, 57, 47, 18, 66, 19, 77, 71, 42, 74, 34, 32, 41, 12, 51, 52, 12, 39, 47, 39, 15, 69, 16, 18, 101, 16, 31, 18, 5, 35, 0)
s = 154: (0, 50, 17, 39, 24, 35, 42, 55, 7, 18, 27, 22, 16, 6, 49, 25, 6, 15, 35, 26, 47, 7, 5, 22, 6, 4, 9, 15, 55, 31, 82, 29, 79, 28, 19, 42, 17, 72, 42, 52, 101, 27, 31, 35, 13, 46, 27, 13, 56, 77, 56, 12, 117, 17, 13, 45, 15, 49, 20, 5, 28, 0)
s = 155: (0, 120, 33, 44, 27, 32, 25, 55, 13, 8, 23, 30, 23, 3, 33, 19, 4, 10, 40, 17, 49, 6, 7, 29, 6, 8, 15, 18, 28, 22, 70, 20, 46, 30, 21, 36, 23, 106, 36, 30, 57, 29, 30, 35, 11, 23, 36, 15, 72, 54, 65, 12, 97, 10, 23, 51, 13, 43, 24, 6, 35, 0)
s = 156: (0, 72, 27, 36, 13, 27, 41, 44, 10, 12, 18, 29, 18, 7, 47, 20, 6, 17, 84, 23, 52, 8, 4, 38, 3, 4, 11, 18, 42, 17, 82, 24, 48, 34, 11, 96, 20, 72, 38, 36, 78, 27, 35, 45, 8, 22, 54, 8, 56, 51, 70, 23, 66, 17, 15, 57, 12, 55, 11, 7, 40, 0)
s = 157: (0, 112, 32, 36, 24, 34, 27, 53, 12, 16, 14, 33, 12, 4, 79, 26, 6, 19, 42, 21, 46, 6, 4, 25, 5, 7, 7, 19, 53, 24, 45, 23, 74, 39, 13, 85, 22, 96, 78, 39, 76, 22, 20, 29, 9, 61, 36, 17, 64, 78, 69, 12, 83, 12, 26, 61, 15, 58, 21, 7, 43, 0)
s = 158: (0, 61, 41, 81, 23, 27, 40, 52, 8, 11, 31, 38, 19, 7, 40, 39, 6, 21, 76, 32, 54, 7, 5, 17, 4, 6, 11, 13, 43, 21, 45, 12, 42, 51, 18, 63, 16, 79, 34, 18, 40, 22, 36, 42, 5, 26, 23, 19, 42, 58, 47, 15, 54, 20, 13, 68, 12, 25, 18, 5, 62, 0)
s = 159: (0, 72, 27, 50, 30, 30, 29, 38, 18, 12, 31, 24, 20, 5, 48, 31, 6, 14, 46, 19, 57, 7, 7, 27, 4, 10, 14, 16, 31, 23, 52, 24, 57, 39, 24, 61, 20, 73, 56, 22, 46, 23, 43, 46, 7, 41, 38, 9, 33, 45, 41, 15, 125, 11, 14, 54, 19, 54, 24, 7, 44, 0)
s = 160: (0, 78, 21, 44, 11, 45, 38, 101, 10, 12, 20, 21, 18, 9, 33, 18, 5, 12, 36, 43, 32, 7, 5, 26, 4, 5, 6, 14, 52, 19, 94, 27, 49, 57, 17, 83, 25, 62, 76, 40, 69, 34, 34, 25, 6, 46, 34, 13, 42, 71, 67, 20, 55, 18, 19, 92, 8, 43, 21, 6, 40, 0)
s = 161: (0, 86, 24, 62, 25, 25, 26, 78, 14, 9, 23, 48, 18, 8, 62, 21, 5, 15, 74, 23, 46, 5, 4, 20, 4, 5, 8, 11, 63, 28, 68, 16, 101, 50, 16, 58, 17, 108, 36, 28, 85, 35, 41, 70, 8, 40, 29, 14, 63, 38, 83, 9, 94, 12, 23, 42, 8, 49, 17, 9, 49, 0)
s = 162: (0, 83, 26, 39, 15, 41, 23, 52, 8, 12, 26, 29, 29, 5, 30, 31, 10, 20, 74, 29, 48, 4, 8, 41, 5, 6, 15, 13, 33, 40, 98, 12, 65, 26, 17, 39, 24, 89, 38, 38, 34, 29, 38, 28, 11, 49, 25, 20, 35, 63, 62, 23, 140, 20, 16, 95, 10, 33, 18, 10, 36, 0)
s = 163: (0, 118, 19, 46, 33, 55, 31, 48, 11, 8, 29, 20, 18, 4, 41, 13, 5, 14, 41, 28, 42, 7, 6, 19, 3, 6, 9, 15, 44, 32, 59, 29, 69, 38, 15, 54, 30, 104, 79, 44, 49, 16, 25, 38, 11, 56, 30, 21, 71, 86, 52, 10, 60, 20, 24, 75, 10, 52, 18, 8, 26, 0)
s = 164: (0, 72, 24, 33, 19, 53, 22, 48, 11, 8, 31, 50, 11, 6, 34, 24, 6, 26, 39, 23, 72, 7, 5, 17, 5, 10, 15, 16, 45, 26, 74, 19, 99, 31, 15, 74, 16, 56, 35, 30, 48, 25, 37, 27, 7, 26, 31, 12, 56, 65, 71, 14, 65, 14, 23, 54, 10, 37, 21, 7, 55, 0)
s = 165: (0, 68, 23, 70, 31, 60, 30, 59, 7, 11, 24, 37, 20, 5, 45, 20, 6, 16, 58, 17, 36, 4, 5, 19, 7, 6, 12, 16, 53, 18, 67, 17, 60, 29, 13, 66, 13, 133, 51, 35, 71, 25, 28, 41, 10, 28, 53, 8, 50, 49, 66, 14, 59, 14, 13, 121, 18, 59, 20, 7, 39, 0)
s = 166: (0, 72, 17, 62, 24, 35, 27, 87, 6, 22, 14, 30, 18, 5, 45, 12, 5, 19, 70, 18, 36, 5, 4, 13, 4, 9, 8, 12, 49, 29, 39, 14, 43, 40, 11, 60, 18, 65, 44, 28, 39, 19, 24, 25, 7, 27, 67, 12, 36, 41, 41, 21, 62, 15, 25, 65, 12, 43, 15, 5, 25, 0)
s = 167: (0, 86, 29, 31, 13, 31, 19, 72, 15, 10, 15, 27, 23, 6, 34, 14, 5, 15, 41, 26, 41, 9, 3, 26, 4, 8, 7, 14, 54, 16, 43, 13, 85, 42, 17, 70, 24, 55, 56, 35, 73, 30, 51, 39, 6, 39, 30, 11, 38, 46, 50, 8, 122, 12, 15, 48, 12, 39, 15, 5, 50, 0)
s = 168: (0, 121, 27, 38, 12, 35, 28, 57, 15, 8, 23, 22, 21, 5, 52, 18, 5, 17, 60, 34, 78, 6, 5, 18, 5, 4, 8, 18, 42, 29, 59, 19, 36, 51, 21, 71, 13, 122, 41, 24, 78, 45, 38, 40, 7, 31, 47, 14, 26, 69, 52, 23, 82, 16, 24, 114, 10, 40, 14, 5, 38, 0)
s = 169: (0, 79, 20, 83, 22, 30, 35, 49, 7, 9, 17, 23, 19, 6, 36, 17, 6, 16, 47, 38, 63, 5, 5, 28, 3, 5, 11, 16, 48, 41, 68, 19, 50, 51, 25, 64, 15, 79, 72, 37, 52, 26, 30, 44, 11, 31, 28, 17, 66, 49, 73, 10, 88, 13, 13, 83, 17, 43, 18, 6, 70, 0)
s = 170: (0, 66, 42, 50, 24, 42, 44, 75, 15, 16, 20, 19, 22, 5, 79, 13, 8, 18, 75, 19, 34, 7, 4, 23, 3, 5, 11, 14, 25, 24, 74, 17, 32, 39, 19, 54, 20, 79, 58, 46, 78, 22, 53, 20, 9, 20, 52, 17, 50, 66, 30, 22, 56, 14, 14, 69, 16, 50, 12, 6, 24, 0)
s = 171: (0, 92, 36, 50, 20, 30, 24, 85, 10, 8, 33, 31, 20, 7, 59, 18, 6, 14, 51, 19, 73, 6, 5, 24, 7, 9, 12, 16, 38, 39, 69, 13, 81, 45, 23, 66, 25, 84, 73, 29, 54, 20, 33, 38, 7, 31, 24, 16, 31, 48, 61, 9, 78, 12, 14, 72, 14, 39, 19, 6, 74, 0)
s = 172: (0, 62, 21, 31, 28, 50, 27, 53, 10, 13, 26, 26, 14, 4, 46, 23, 5, 18, 51, 17, 71, 8, 4, 24, 3, 5, 7, 9, 45, 23, 61, 13, 46, 31, 23, 66, 15, 55, 67, 28, 68, 37, 26, 50, 7, 27, 35, 11, 55, 63, 40, 18, 50, 11, 20, 59, 9, 31, 18, 5, 42, 0)
s = 173: (0, 99, 19, 46, 23, 83, 20, 99, 16, 10, 16, 43, 12, 5, 65, 22, 8, 10, 45, 31, 45, 5, 8, 24, 4, 7, 9, 14, 33, 39, 51, 30, 41, 30, 11, 39, 11, 83, 82, 51, 52, 21, 25, 38, 7, 37, 46, 15, 61, 50, 85, 13, 47, 11, 25, 52, 7, 60, 25, 9, 27, 0)
s = 174: (0, 65, 23, 57, 21, 30, 17, 90, 7, 17, 16, 26, 15, 9, 73, 13, 7, 18, 78, 37, 87, 5, 6, 24, 5, 7, 10, 18, 34, 34, 65, 17, 70, 54, 19, 59, 18, 73, 52, 31, 74, 28, 26, 35, 8, 25, 64, 15, 35, 72, 47, 15, 60, 18, 15, 45, 21, 59, 19, 4, 45, 0)
s = 175: (0, 97, 31, 44, 28, 36, 22, 55, 6, 12, 43, 30, 24, 7, 53, 20, 6, 13, 70, 46, 60, 5, 6, 24, 4, 6, 9, 16, 33, 22, 38, 17, 45, 44, 10, 56, 20, 92, 43, 26, 47, 37, 32, 37, 11, 34, 53, 11, 35, 44, 70, 17, 93, 26, 23, 63, 13, 53, 18, 6, 49, 0)
s = 176: (0, 128, 30, 50, 18, 39, 32, 41, 13, 13, 25, 32, 18, 5, 60, 20, 6, 15, 40, 20, 69, 7, 8, 14, 8, 6, 10, 19, 44, 16, 39, 11, 65, 55, 22, 71, 17, 119, 68, 39, 74, 20, 32, 24, 10, 28, 35, 7, 72, 48, 52, 17, 93, 18, 15, 61, 16, 42, 29, 4, 28, 0)
s = 177: (0, 44, 29, 31, 24, 25, 25, 54, 9, 13, 28, 25, 16, 5, 30, 25, 8, 12, 37, 48, 42, 6, 5, 14, 3, 8, 8, 16, 30, 24, 64, 24, 44, 35, 12, 65, 12, 52, 30, 23, 53, 22, 26, 29, 5, 46, 51, 9, 57, 68, 43, 10, 78, 19, 13, 58, 16, 50, 14, 6, 28, 0)
s = 178: (0, 108, 35, 74, 23, 44, 43, 50, 9, 11, 19, 21, 18, 4, 48, 19, 10, 17, 53, 22, 52, 6, 5, 14, 5, 7, 11, 14, 37, 37, 47, 11, 32, 31, 21, 118, 25, 80, 43, 19, 56, 24, 46, 37, 10, 31, 52, 14, 37, 83, 45, 13, 103, 12, 12, 44, 10, 39, 22, 5, 38, 0)
s = 179: (0, 61, 36, 44, 32, 24, 18, 70, 8, 12, 35, 36, 25, 4, 49, 31, 5, 11, 44, 38, 45, 7, 5, 15, 3, 7, 10, 14, 32, 26, 70, 18, 103, 55, 21, 41, 20, 69, 44, 20, 83, 18, 30, 40, 12, 55, 34, 8, 83, 43, 45, 11, 71, 11, 15, 54, 12, 55, 20, 6, 32, 0)
s = 180: (0, 89, 25, 51, 19, 54, 44, 88, 8, 16, 22, 23, 10, 4, 66, 15, 6, 11, 54, 30, 36, 5, 7, 37, 5, 8, 9, 21, 54, 29, 65, 27, 78, 64, 17, 79, 24, 106, 36, 28, 48, 39, 35, 25, 9, 44, 34, 7, 35, 36, 46, 15, 79, 14, 18, 63, 10, 40, 15, 6, 49, 0)
s = 181: (0, 62, 13, 44, 18, 38, 23, 70, 7, 14, 16, 32, 16, 5, 43, 19, 5, 12, 65, 29, 62, 5, 6, 24, 5, 5, 8, 15, 52, 23, 101, 15, 80, 39, 26, 52, 27, 88, 48, 24, 63, 20, 19, 47, 9, 21, 28, 9, 39, 46, 57, 18, 85, 15, 16, 48, 9, 54, 27, 5, 33, 0)
s = 182: (0, 64, 30, 70, 17, 57, 37, 60, 11, 21, 28, 30, 16, 4, 43, 19, 10, 12, 65, 27, 71, 5, 6, 24, 5, 6, 12, 21, 58, 42, 49, 16, 49, 69, 16, 47, 18, 82, 65, 51, 68, 25, 22, 34, 8, 43, 38, 10, 46, 82, 45, 15, 145, 20, 15, 90, 17, 41, 14, 6, 29, 0)
s = 183: (0, 42, 13, 27, 31, 40, 24, 54, 12, 13, 16, 29, 17, 7, 53, 24, 5, 15, 61, 32, 46, 7, 5, 23, 6, 6, 13, 13, 38, 20, 42, 17, 45, 52, 23, 49, 22, 70, 41, 21, 48, 27, 34, 58, 8, 27, 41, 9, 47, 39, 51, 13, 58, 23, 12, 71, 17, 32, 23, 7, 42, 0)
s = 184: (0, 115, 22, 68, 23, 49, 37, 64, 9, 12, 17, 37, 24, 4, 42, 19, 9, 24, 39, 28, 55, 4, 5, 28, 3, 7, 11, 11, 42, 30, 54, 12, 46, 24, 18, 59, 14, 88, 40, 30, 89, 17, 25, 27, 7, 37, 35, 10, 55, 56, 48, 13, 63, 17, 11, 57, 15, 43, 14, 5, 33, 0)
s = 185: (0, 87, 25, 52, 22, 27, 34, 77, 13, 14, 13, 30, 29, 4, 54, 22, 9, 29, 70, 16, 46, 8, 8, 22, 3, 6, 9, 25, 36, 18, 71, 16, 64, 49, 31, 55, 17, 49, 55, 18, 35, 34, 39, 42, 10, 51, 37, 11, 39, 33, 50, 16, 63, 25, 14, 57, 15, 28, 16, 7, 30, 0)
s = 186: (0, 59, 17, 46, 14, 27, 31, 98, 9, 11, 21, 17, 22, 6, 49, 11, 5, 22, 32, 28, 37, 6, 5, 17, 4, 7, 8, 10, 38, 31, 59, 11, 102, 45, 30, 34, 13, 114, 61, 37, 60, 21, 37, 31, 6, 67, 53, 9, 40, 29, 43, 23, 72, 12, 20, 57, 12, 33, 17, 7, 33, 0)
s = 187: (0, 70, 26, 61, 23, 34, 40, 93, 13, 10, 23, 26, 26, 3, 27, 16, 9, 18, 52, 28, 37, 6, 5, 24, 4, 4, 12, 12, 30, 28, 61, 19, 45, 43, 11, 54, 19, 55, 79, 40, 59, 32, 27, 31, 5, 57, 43, 9, 52, 51, 47, 10, 85, 11, 14, 57, 18, 61, 25, 7, 24, 0)
s = 188: (0, 97, 19, 49, 24, 26, 27, 64, 15, 10, 18, 19, 21, 6, 58, 12, 6, 23, 41, 42, 64, 5, 5, 18, 5, 9, 12, 14, 61, 37, 56, 16, 70, 35, 19, 62, 18, 62, 51, 22, 36, 39, 57, 23, 5, 32, 28, 12, 53, 59, 54, 15, 103, 19, 13, 66, 13, 31, 21, 5, 31, 0)
s = 189: (0, 86, 22, 46, 15, 58, 28, 98, 8, 13, 16, 43, 22, 6, 46, 20, 6, 11, 42, 30, 65, 6, 6, 29, 3, 6, 9, 13, 56, 21, 90, 21, 73, 36, 17, 93, 28, 89, 51, 27, 46, 22, 36, 23, 9, 41, 27, 18, 44, 69, 78, 9, 69, 12, 16, 102, 9, 49, 12, 6, 49, 0)
s = 190: (0, 123, 21, 53, 21, 48, 23, 67, 14, 10, 20, 42, 24, 7, 30, 13, 7, 18, 33, 24, 64, 8, 6, 29, 7, 7, 10, 11, 41, 21, 62, 26, 46, 37, 17, 33, 14, 81, 82, 20, 35, 25, 40, 45, 12, 20, 38, 16, 54, 62, 36, 10, 72, 12, 14, 121, 10, 59, 16, 5, 37, 0)
s = 191: (0, 79, 20, 36, 22, 48, 27, 66, 17, 22, 21, 23, 15, 5, 38, 14, 6, 13, 45, 44, 49, 10, 6, 21, 4, 9, 7, 18, 71, 43, 84, 20, 73, 38, 11, 64, 24, 129, 39, 46, 49, 30, 25, 29, 6, 25, 51, 10, 67, 45, 50, 21, 60, 14, 11, 91, 21, 43, 25, 9, 54, 0)
s = 192: (0, 66, 18, 41, 16, 46, 57, 77, 12, 8, 25, 22, 32, 6, 33, 19, 5, 18, 45, 24, 36, 8, 8, 33, 6, 8, 13, 17, 38, 19, 67, 29, 49, 64, 15, 68, 29, 105, 32, 19, 65, 36, 44, 36, 9, 41, 52, 16, 47, 41, 57, 9, 61, 13, 17, 76, 11, 32, 10, 6, 41, 0)
s = 193: (0, 48, 28, 43, 20, 51, 45, 55, 9, 14, 22, 32, 15, 5, 91, 17, 8, 17, 50, 51, 60, 8, 5, 34, 7, 5, 8, 20, 75, 27, 38, 16, 33, 40, 12, 63, 19, 110, 37, 27, 83, 32, 28, 34, 6, 40, 28, 16, 58, 86, 41, 21, 63, 13, 18, 73, 13, 66, 18, 8, 23, 0)
s = 194: (0, 82, 37, 44, 13, 61, 38, 50, 8, 19, 15, 35, 15, 6, 78, 27, 6, 11, 48, 22, 71, 5, 4, 32, 4, 6, 13, 16, 30, 52, 65, 20, 61, 73, 29, 47, 14, 90, 49, 35, 89, 35, 45, 24, 9, 59, 25, 12, 43, 32, 61, 17, 45, 17, 16, 45, 12, 35, 14, 7, 53, 0)
s = 195: (0, 139, 25, 83, 22, 41, 30, 77, 7, 10, 19, 29, 13, 4, 54, 20, 5, 9, 52, 42, 39, 6, 6, 29, 4, 5, 8, 12, 36, 32, 42, 15, 53, 31, 23, 70, 15, 71, 53, 29, 102, 31, 32, 35, 7, 19, 31, 17, 25, 61, 71, 16, 110, 19, 10, 79, 18, 54, 32, 7, 33, 0)
s = 196: (0, 52, 31, 36, 22, 63, 35, 60, 15, 11, 13, 29, 15, 5, 63, 20, 7, 15, 62, 31, 61, 9, 7, 21, 5, 5, 8, 15, 33, 27, 98, 16, 41, 30, 15, 64, 19, 48, 42, 25, 89, 28, 26, 25, 11, 26, 25, 14, 54, 75, 52, 13, 74, 19, 13, 60, 11, 33, 26, 11, 40, 0)
s = 197: (0, 73, 14, 46, 14, 35, 28, 127, 8, 9, 30, 20, 13, 7, 58, 29, 5, 16, 51, 24, 55, 7, 5, 20, 6, 11, 11, 16, 54, 32, 100, 26, 35, 29, 15, 76, 14, 71, 76, 23, 65, 43, 31, 27, 8, 28, 29, 9, 47, 66, 93, 12, 84, 12, 22, 57, 14, 31, 17, 6, 45, 0)
s = 198: (0, 48, 32, 50, 23, 58, 27, 52, 10, 18, 27, 19, 20, 7, 49, 28, 5, 10, 73, 40, 53, 11, 6, 20, 4, 10, 8, 13, 25, 25, 62, 16, 56, 34, 18, 89, 22, 92, 48, 42, 69, 29, 45, 44, 10, 27, 36, 12, 43, 52, 71, 15, 150, 20, 18, 100, 9, 42, 16, 5, 38, 0)
s = 199: (0, 63, 32, 43, 20, 33, 16, 41, 7, 9, 17, 23, 15, 6, 45, 16, 6, 10, 48, 18, 53, 7, 6, 25, 5, 6, 8, 15, 29, 19, 76, 18, 50, 31, 15, 52, 19, 77, 88, 26, 73, 16, 40, 28, 9, 22, 37, 15, 45, 47, 63, 19, 88, 13, 17, 68, 16, 39, 16, 5, 48, 0)
s = 200: (0, 112, 28, 55, 15, 33, 38, 120, 12, 8, 17, 44, 17, 4, 30, 33, 9, 18, 100, 47, 68, 5, 5, 17, 7, 8, 9, 10, 71, 28, 71, 15, 61, 34, 25, 68, 14, 73, 45, 17, 97, 32, 43, 37, 7, 27, 37, 21, 27, 40, 37, 12, 71, 16, 20, 51, 13, 68, 24, 6, 44, 0)
************************************************************************
ES/LS-VALUES:
jobnr.   ES(i)    LS(i)
------------------------------------------------------------------------
  0        0        0
  1        0       244
  2        0       218
  3        0       259
  4       14       232
  5       31       249
  6       18       263
  7       51       270
  8       51       283
  9       31       273
 10       18       266
 11       31       276
 12       24       296
 13       52       330
 14       18       296
 15       14       315
 16       27       273
 17       52       285
 18       14       323
 19       40       330
 20       67       287
 21       24       273
 22       42       301
 23       14       274
 24       54       332
 25       33       345
 26       79       299
 27       87       308
 28       96       324
 29       42       284
 30       32       310
 31       29       323
 32       53       344
 33       46       325
 34       38       351
 35       40       313
 36       96       318
 37       25       286
 38       60       340
 39       24       352
 40       59       302
 41       79       330
 42       32       279
 43       67       303
 44       106       335
 45       66       300
 46       84       336
 47       113       343
 48       41       355
 49       40       288
 50       59       308
 51       101       323
 52       82       317
 53       32       317
 54       110       332
 55       123       354
 56       113       336
 57       116       340
 58       59       355
 59       137       369
 60       133       358
 61       147       373
************************************************************************
BIG-M-VALUES:
M1 = 42, M2 = 150
************************************************************************
