************************************************************************
file with basedata            : j30_39.bas
initial value random generator: 227656398
************************************************************************
projects                      :  1
jobs (incl. supersource/sink ):  32
horizon                       :  160
RESOURCES
  - renewable                 :  4   R
  - nonrenewable              :  0   N
  - doubly constrained        :  0   D
************************************************************************
PROJECT INFORMATION:
pronr.  #jobs rel.date duedate tardcost  MPM-Time
    1     30      0       58       28       58
************************************************************************
PRECEDENCE RELATIONS:
jobnr.    #modes  #successors   successors
   0        1          3           1   2   3
   1        1          1           4
   2        1          3           5  22  30
   3        1          3          19  21  26
   4        1          3           7  11  17
   5        1          3           6   8  20
   6        1          3           9  10  12
   7        1          1          14
   8        1          2          10  19
   9        1          3          11  16  26
  10        1          3          13  15  25
  11        1          1          18
  12        1          3          16  17  21
  13        1          3          17  21  27
  14        1          3          15  18  23
  15        1          2          16  27
  16        1          1          29
  17        1          1          26
  18        1          1          19
  19        1          1          24
  20        1          1          25
  21        1          1          28
  22        1          2          24  28
  23        1          2          24  30
  24        1          1          25
  25        1          1          27
  26        1          2          28  29
  27        1          1          29
  28        1          1          31
  29        1          1          31
  30        1          1          31
  31        1          0        
************************************************************************
REQUESTS/DURATIONS:
jobnr. mode duration  R 1  R 2  R 3  R 4  E(W 1)  E(W 2)  E(W 3)
------------------------------------------------------------------------
  0      1     0       0    0    0    0     0       0       0
  1      1     2       9    4    0    0    26       0       0
  2      1    10      10    0    0    4    100       0      40
  3      1     4       0    0    0    7     0       0      28
  4      1     2       3    0    9    0     6      18       0
  5      1     1       8    0    8    1     8       8       2
  6      1     4       0    4    7    5    16      28      20
  7      1     1       0    4    9    0     4       9       0
  8      1    10       0    0    8    9     0      80      90
  9      1    10       0    0    3    0     0      30       0
 10      1     6       0    4    0    0    24       0       0
 11      1     6       0    0    4    1     0      24      12
 12      1     1       0    0    3    7     0       3       7
 13      1     3       4    7    0    8    33       0      24
 14      1     3       6    0    9    4    18      27      12
 15      1     7       0    0    9    0     0      63       0
 16      1     7       8    2    2    0    70      14       0
 17      1     9       8    9    0    0    153       0       0
 18      1     1       1    2    0    7     4       0       7
 19      1     9       0    0    0    5     0       0      45
 20      1     3       9    1    0    0    33       0       0
 21      1     2       1    0    1    7     4       4      14
 22      1     7       6    2    0    0    56       0       0
 23      1     9       0    0    4    9     0      36      81
 24      1     1       0    2    7    0     2       7       0
 25      1     5       3    0    0    4    15       0      20
 26      1     9       7    2    0    0    81       0       0
 27      1     7       3    0    0    7    21       0      49
 28      1    10       3    0    0    7    30       0      70
 29      1     3       0    7    0    0    21       0       0
 30      1     8       2    0    0   10    16       0      80
 31      1     0       0    0    0    0     0       0       0
************************************************************************
RESOURCEAVAILABILITIES:
  R 1  R 2  R 3
   26   16   21
************************************************************************
RESOURCE LIMITS:
jobnr.  l(R 1)  u(R 1)  l(R 2)  u(R 2)  l(R 3)  u(R 3)
------------------------------------------------------------------------
  0        0       0       0       0       0       0
  1        7      13       0       0       0       0
  2        5      10       0       0       2       4
  3        0       0       0       0       4       7
  4        2       3       5       9       0       0
  5        4       8       4       8       1       2
  6        2       4       4       7       3       5
  7        2       4       5       9       0       0
  8        0       0       4       8       5       9
  9        0       0       2       3       0       0
 10        2       4       0       0       0       0
 11        0       0       2       4       1       2
 12        0       0       2       3       4       7
 13        6      11       0       0       4       8
 14        3       6       5       9       2       4
 15        0       0       5       9       0       0
 16        5      10       1       2       0       0
 17        9      17       0       0       0       0
 18        2       4       0       0       4       7
 19        0       0       0       0       3       5
 20        6      11       0       0       0       0
 21        1       2       1       2       4       7
 22        4       8       0       0       0       0
 23        0       0       2       4       5       9
 24        1       2       4       7       0       0
 25        2       3       0       0       2       4
 26        5       9       0       0       0       0
 27        2       3       0       0       4       7
 28        2       3       0       0       4       7
 29        4       7       0       0       0       0
 30        1       2       0       0       5      10
 31        0       0       0       0       0       0
************************************************************************
SCENARIOS:
------------------------------------------------------------------------
RESOURCE k = 1
s = 1: (0, 37, 79, 0, 5, 9, 17, 7, 0, 0, 22, 0, 0, 26, 18, 0, 60, 181, 5, 0, 45, 7, 41, 0, 2, 11, 75, 28, 38, 30, 14, 0)
s = 2: (0, 17, 74, 0, 6, 7, 15, 4, 0, 0, 31, 0, 0, 30, 23, 0, 66, 144, 4, 0, 37, 6, 40, 0, 3, 8, 57, 19, 29, 14, 13, 0)
s = 3: (0, 34, 139, 0, 4, 10, 18, 5, 0, 0, 19, 0, 0, 53, 23, 0, 78, 173, 7, 0, 36, 5, 56, 0, 2, 11, 71, 21, 29, 14, 17, 0)
s = 4: (0, 33, 85, 0, 6, 7, 16, 5, 0, 0, 27, 0, 0, 30, 19, 0, 78, 114, 3, 0, 43, 3, 48, 0, 2, 22, 94, 27, 28, 17, 21, 0)
s = 5: (0, 38, 72, 0, 5, 6, 24, 5, 0, 0, 25, 0, 0, 25, 13, 0, 78, 146, 4, 0, 31, 5, 60, 0, 2, 20, 65, 14, 47, 22, 12, 0)
s = 6: (0, 23, 148, 0, 7, 6, 16, 3, 0, 0, 30, 0, 0, 20, 17, 0, 53, 180, 5, 0, 36, 4, 55, 0, 2, 12, 100, 27, 39, 27, 12, 0)
s = 7: (0, 21, 67, 0, 7, 10, 21, 5, 0, 0, 40, 0, 0, 23, 23, 0, 62, 124, 4, 0, 27, 5, 60, 0, 3, 12, 123, 22, 27, 18, 11, 0)
s = 8: (0, 20, 111, 0, 7, 6, 13, 7, 0, 0, 21, 0, 0, 46, 23, 0, 78, 167, 5, 0, 30, 3, 60, 0, 3, 25, 93, 28, 35, 20, 11, 0)
s = 9: (0, 16, 84, 0, 8, 11, 17, 6, 0, 0, 28, 0, 0, 51, 13, 0, 123, 156, 3, 0, 18, 3, 45, 0, 2, 12, 60, 26, 37, 24, 13, 0)
s = 10: (0, 23, 85, 0, 7, 10, 20, 5, 0, 0, 18, 0, 0, 32, 14, 0, 71, 119, 3, 0, 29, 3, 76, 0, 3, 12, 115, 32, 27, 28, 10, 0)
s = 11: (0, 15, 86, 0, 11, 7, 10, 5, 0, 0, 27, 0, 0, 30, 15, 0, 83, 130, 5, 0, 43, 4, 82, 0, 2, 12, 72, 12, 34, 14, 16, 0)
s = 12: (0, 25, 119, 0, 8, 7, 10, 5, 0, 0, 20, 0, 0, 31, 32, 0, 77, 98, 3, 0, 36, 3, 61, 0, 3, 15, 74, 36, 43, 20, 17, 0)
s = 13: (0, 30, 108, 0, 8, 5, 12, 3, 0, 0, 28, 0, 0, 29, 21, 0, 81, 164, 4, 0, 24, 3, 33, 0, 2, 15, 50, 14, 44, 35, 18, 0)
s = 14: (0, 41, 107, 0, 5, 5, 11, 5, 0, 0, 18, 0, 0, 34, 16, 0, 78, 93, 5, 0, 24, 3, 44, 0, 3, 14, 69, 19, 20, 21, 27, 0)
s = 15: (0, 50, 119, 0, 8, 9, 26, 4, 0, 0, 20, 0, 0, 26, 14, 0, 60, 98, 4, 0, 40, 5, 92, 0, 2, 20, 86, 22, 27, 13, 25, 0)
s = 16: (0, 28, 96, 0, 5, 8, 13, 3, 0, 0, 21, 0, 0, 31, 26, 0, 102, 140, 7, 0, 33, 5, 67, 0, 3, 10, 95, 20, 20, 19, 23, 0)
s = 17: (0, 35, 105, 0, 6, 6, 18, 4, 0, 0, 29, 0, 0, 24, 28, 0, 73, 138, 3, 0, 23, 4, 57, 0, 3, 13, 54, 25, 31, 12, 18, 0)
s = 18: (0, 35, 144, 0, 9, 6, 24, 6, 0, 0, 35, 0, 0, 35, 11, 0, 48, 101, 4, 0, 43, 5, 38, 0, 3, 22, 48, 19, 21, 24, 13, 0)
s = 19: (0, 24, 110, 0, 5, 7, 21, 5, 0, 0, 21, 0, 0, 23, 26, 0, 71, 101, 4, 0, 32, 4, 39, 0, 2, 14, 78, 18, 29, 32, 20, 0)
s = 20: (0, 19, 87, 0, 5, 5, 13, 4, 0, 0, 15, 0, 0, 39, 30, 0, 70, 144, 4, 0, 21, 4, 47, 0, 2, 18, 98, 17, 25, 30, 17, 0)
s = 21: (0, 33, 135, 0, 4, 6, 22, 7, 0, 0, 17, 0, 0, 23, 24, 0, 50, 129, 8, 0, 18, 7, 45, 0, 3, 10, 107, 27, 25, 24, 18, 0)
s = 22: (0, 22, 132, 0, 5, 7, 13, 5, 0, 0, 31, 0, 0, 31, 23, 0, 43, 94, 4, 0, 41, 4, 83, 0, 2, 15, 80, 19, 21, 17, 19, 0)
s = 23: (0, 32, 101, 0, 7, 8, 10, 7, 0, 0, 21, 0, 0, 36, 29, 0, 45, 113, 5, 0, 26, 7, 59, 0, 4, 15, 61, 18, 30, 23, 15, 0)
s = 24: (0, 36, 113, 0, 8, 11, 16, 6, 0, 0, 20, 0, 0, 32, 18, 0, 37, 160, 4, 0, 50, 4, 98, 0, 2, 10, 98, 12, 38, 21, 16, 0)
s = 25: (0, 27, 104, 0, 5, 8, 15, 3, 0, 0, 15, 0, 0, 33, 17, 0, 115, 132, 4, 0, 24, 3, 38, 0, 2, 11, 54, 14, 20, 25, 17, 0)
s = 26: (0, 35, 104, 0, 8, 7, 12, 4, 0, 0, 17, 0, 0, 36, 20, 0, 52, 139, 4, 0, 27, 4, 39, 0, 3, 13, 113, 14, 37, 39, 12, 0)
s = 27: (0, 39, 74, 0, 6, 14, 20, 4, 0, 0, 32, 0, 0, 54, 16, 0, 68, 269, 4, 0, 18, 4, 42, 0, 3, 12, 85, 21, 25, 21, 14, 0)
s = 28: (0, 20, 111, 0, 6, 8, 10, 4, 0, 0, 17, 0, 0, 33, 12, 0, 61, 129, 5, 0, 27, 6, 35, 0, 2, 17, 80, 28, 33, 26, 19, 0)
s = 29: (0, 31, 85, 0, 4, 13, 13, 4, 0, 0, 46, 0, 0, 31, 26, 0, 65, 197, 4, 0, 36, 3, 32, 0, 2, 15, 97, 22, 30, 17, 21, 0)
s = 30: (0, 14, 136, 0, 4, 9, 14, 3, 0, 0, 17, 0, 0, 29, 15, 0, 67, 229, 4, 0, 25, 5, 89, 0, 2, 13, 54, 25, 29, 24, 12, 0)
s = 31: (0, 21, 117, 0, 8, 10, 15, 5, 0, 0, 36, 0, 0, 40, 20, 0, 61, 205, 4, 0, 41, 6, 68, 0, 2, 17, 59, 12, 40, 17, 21, 0)
s = 32: (0, 18, 174, 0, 8, 10, 20, 4, 0, 0, 34, 0, 0, 23, 24, 0, 96, 128, 4, 0, 29, 4, 49, 0, 2, 12, 105, 24, 23, 16, 21, 0)
s = 33: (0, 21, 70, 0, 4, 6, 16, 3, 0, 0, 34, 0, 0, 21, 18, 0, 106, 161, 4, 0, 36, 5, 64, 0, 3, 12, 89, 19, 29, 17, 14, 0)
s = 34: (0, 33, 166, 0, 9, 8, 13, 5, 0, 0, 43, 0, 0, 36, 12, 0, 58, 84, 6, 0, 21, 3, 61, 0, 3, 10, 108, 12, 17, 21, 16, 0)
s = 35: (0, 46, 64, 0, 9, 5, 20, 6, 0, 0, 20, 0, 0, 22, 21, 0, 50, 146, 5, 0, 35, 4, 48, 0, 3, 16, 109, 17, 51, 21, 17, 0)
s = 36: (0, 17, 58, 0, 9, 6, 16, 6, 0, 0, 14, 0, 0, 52, 14, 0, 70, 182, 4, 0, 33, 5, 61, 0, 3, 14, 101, 19, 28, 29, 17, 0)
s = 37: (0, 18, 103, 0, 9, 10, 9, 8, 0, 0, 25, 0, 0, 24, 19, 0, 108, 108, 5, 0, 45, 5, 35, 0, 3, 16, 100, 20, 32, 21, 17, 0)
s = 38: (0, 28, 114, 0, 5, 6, 17, 4, 0, 0, 20, 0, 0, 34, 25, 0, 68, 120, 6, 0, 26, 4, 42, 0, 2, 19, 150, 20, 27, 24, 21, 0)
s = 39: (0, 36, 64, 0, 7, 6, 17, 4, 0, 0, 15, 0, 0, 58, 17, 0, 81, 204, 3, 0, 21, 4, 52, 0, 4, 16, 55, 15, 25, 39, 19, 0)
s = 40: (0, 17, 69, 0, 7, 14, 13, 4, 0, 0, 32, 0, 0, 50, 23, 0, 59, 149, 3, 0, 49, 5, 33, 0, 2, 22, 55, 26, 28, 18, 16, 0)
s = 41: (0, 39, 70, 0, 8, 9, 13, 5, 0, 0, 24, 0, 0, 52, 26, 0, 55, 219, 5, 0, 28, 5, 48, 0, 3, 24, 119, 31, 19, 31, 12, 0)
s = 42: (0, 36, 89, 0, 7, 6, 22, 5, 0, 0, 28, 0, 0, 28, 14, 0, 59, 145, 4, 0, 39, 3, 40, 0, 2, 11, 42, 20, 35, 16, 13, 0)
s = 43: (0, 16, 103, 0, 8, 7, 20, 3, 0, 0, 28, 0, 0, 36, 20, 0, 45, 156, 4, 0, 23, 4, 52, 0, 3, 17, 67, 18, 31, 28, 10, 0)
s = 44: (0, 23, 94, 0, 9, 7, 15, 4, 0, 0, 34, 0, 0, 21, 23, 0, 48, 99, 4, 0, 30, 4, 76, 0, 2, 20, 114, 30, 20, 25, 16, 0)
s = 45: (0, 23, 80, 0, 6, 7, 25, 5, 0, 0, 19, 0, 0, 22, 29, 0, 61, 150, 5, 0, 37, 6, 67, 0, 3, 28, 89, 26, 25, 16, 13, 0)
s = 46: (0, 18, 152, 0, 6, 14, 12, 4, 0, 0, 27, 0, 0, 49, 21, 0, 114, 252, 5, 0, 34, 4, 59, 0, 4, 12, 61, 14, 38, 17, 10, 0)
s = 47: (0, 32, 101, 0, 7, 11, 12, 5, 0, 0, 18, 0, 0, 31, 27, 0, 90, 202, 4, 0, 39, 5, 55, 0, 3, 11, 113, 15, 23, 21, 13, 0)
s = 48: (0, 30, 69, 0, 6, 10, 19, 3, 0, 0, 28, 0, 0, 63, 20, 0, 79, 205, 5, 0, 46, 6, 74, 0, 2, 14, 85, 13, 38, 18, 22, 0)
s = 49: (0, 21, 127, 0, 7, 9, 19, 5, 0, 0, 24, 0, 0, 20, 18, 0, 79, 233, 3, 0, 19, 5, 67, 0, 4, 18, 106, 30, 26, 15, 10, 0)
s = 50: (0, 17, 141, 0, 4, 9, 16, 3, 0, 0, 19, 0, 0, 54, 14, 0, 49, 188, 4, 0, 44, 5, 40, 0, 2, 14, 125, 33, 34, 23, 12, 0)
s = 51: (0, 24, 86, 0, 5, 7, 21, 3, 0, 0, 34, 0, 0, 20, 33, 0, 82, 158, 6, 0, 44, 4, 80, 0, 2, 12, 118, 18, 25, 23, 21, 0)
s = 52: (0, 30, 124, 0, 4, 9, 19, 6, 0, 0, 24, 0, 0, 43, 14, 0, 87, 219, 6, 0, 30, 3, 65, 0, 2, 17, 76, 23, 40, 27, 15, 0)
s = 53: (0, 31, 105, 0, 7, 9, 17, 4, 0, 0, 34, 0, 0, 20, 33, 0, 56, 175, 6, 0, 53, 5, 68, 0, 2, 24, 55, 24, 29, 25, 13, 0)
s = 54: (0, 24, 116, 0, 6, 7, 16, 5, 0, 0, 24, 0, 0, 41, 10, 0, 71, 135, 3, 0, 28, 5, 72, 0, 2, 18, 85, 16, 23, 29, 14, 0)
s = 55: (0, 25, 118, 0, 5, 7, 18, 7, 0, 0, 19, 0, 0, 43, 11, 0, 103, 137, 4, 0, 44, 6, 30, 0, 2, 12, 76, 22, 20, 24, 14, 0)
s = 56: (0, 26, 104, 0, 6, 11, 10, 5, 0, 0, 28, 0, 0, 22, 23, 0, 88, 132, 4, 0, 41, 5, 44, 0, 3, 22, 110, 32, 27, 21, 13, 0)
s = 57: (0, 42, 99, 0, 6, 11, 14, 3, 0, 0, 16, 0, 0, 29, 13, 0, 76, 212, 5, 0, 20, 4, 55, 0, 3, 15, 110, 27, 29, 13, 14, 0)
s = 58: (0, 20, 123, 0, 7, 6, 13, 4, 0, 0, 17, 0, 0, 35, 24, 0, 110, 179, 5, 0, 22, 5, 43, 0, 3, 16, 52, 27, 21, 18, 19, 0)
s = 59: (0, 23, 115, 0, 5, 8, 16, 5, 0, 0, 22, 0, 0, 28, 24, 0, 50, 252, 4, 0, 40, 7, 77, 0, 3, 20, 70, 29, 33, 29, 15, 0)
s = 60: (0, 19, 98, 0, 10, 6, 24, 3, 0, 0, 26, 0, 0, 27, 18, 0, 69, 95, 5, 0, 25, 4, 86, 0, 3, 11, 95, 24, 36, 23, 28, 0)
s = 61: (0, 33, 113, 0, 5, 10, 18, 6, 0, 0, 19, 0, 0, 45, 15, 0, 49, 109, 5, 0, 38, 4, 98, 0, 3, 15, 67, 19, 34, 22, 13, 0)
s = 62: (0, 33, 99, 0, 9, 7, 22, 6, 0, 0, 27, 0, 0, 22, 30, 0, 62, 180, 5, 0, 44, 7, 42, 0, 2, 17, 117, 31, 29, 26, 25, 0)
s = 63: (0, 30, 68, 0, 6, 11, 19, 3, 0, 0, 19, 0, 0, 22, 16, 0, 64, 179, 4, 0, 20, 4, 71, 0, 2, 12, 62, 27, 21, 21, 22, 0)
s = 64: (0, 36, 106, 0, 6, 9, 33, 5, 0, 0, 15, 0, 0, 27, 18, 0, 62, 148, 4, 0, 19, 3, 40, 0, 2, 21, 70, 18, 29, 27, 19, 0)
s = 65: (0, 24, 55, 0, 6, 12, 10, 4, 0, 0, 21, 0, 0, 46, 19, 0, 41, 246, 6, 0, 22, 4, 73, 0, 3, 17, 59, 16, 25, 25, 12, 0)
s = 66: (0, 30, 68, 0, 6, 10, 20, 3, 0, 0, 16, 0, 0, 25, 21, 0, 79, 128, 5, 0, 30, 4, 81, 0, 2, 16, 106, 29, 23, 18, 15, 0)
s = 67: (0, 23, 84, 0, 7, 8, 23, 5, 0, 0, 35, 0, 0, 30, 16, 0, 79, 101, 5, 0, 28, 3, 59, 0, 4, 13, 84, 24, 28, 37, 25, 0)
s = 68: (0, 29, 90, 0, 5, 10, 17, 4, 0, 0, 26, 0, 0, 42, 17, 0, 93, 156, 6, 0, 27, 3, 65, 0, 3, 19, 84, 15, 20, 18, 17, 0)
s = 69: (0, 21, 134, 0, 10, 5, 11, 4, 0, 0, 21, 0, 0, 26, 15, 0, 38, 120, 4, 0, 17, 4, 43, 0, 2, 23, 96, 29, 29, 12, 12, 0)
s = 70: (0, 21, 158, 0, 9, 10, 17, 5, 0, 0, 33, 0, 0, 24, 21, 0, 51, 87, 7, 0, 45, 4, 87, 0, 3, 16, 112, 23, 29, 37, 10, 0)
s = 71: (0, 47, 68, 0, 6, 7, 15, 4, 0, 0, 28, 0, 0, 28, 20, 0, 56, 112, 4, 0, 23, 5, 40, 0, 3, 14, 102, 14, 17, 18, 10, 0)
s = 72: (0, 42, 102, 0, 6, 10, 16, 3, 0, 0, 25, 0, 0, 48, 11, 0, 49, 128, 6, 0, 24, 4, 59, 0, 2, 14, 89, 16, 32, 25, 14, 0)
s = 73: (0, 17, 98, 0, 7, 8, 14, 5, 0, 0, 19, 0, 0, 42, 20, 0, 45, 140, 4, 0, 32, 4, 55, 0, 3, 17, 46, 24, 34, 28, 17, 0)
s = 74: (0, 15, 80, 0, 4, 6, 11, 6, 0, 0, 17, 0, 0, 24, 14, 0, 69, 148, 3, 0, 40, 3, 33, 0, 2, 15, 56, 18, 23, 14, 14, 0)
s = 75: (0, 24, 89, 0, 6, 5, 11, 4, 0, 0, 17, 0, 0, 47, 15, 0, 45, 197, 8, 0, 46, 4, 56, 0, 2, 20, 86, 27, 23, 16, 23, 0)
s = 76: (0, 18, 91, 0, 6, 6, 22, 5, 0, 0, 21, 0, 0, 42, 13, 0, 61, 125, 5, 0, 51, 4, 63, 0, 2, 16, 80, 25, 22, 20, 10, 0)
s = 77: (0, 29, 64, 0, 8, 5, 16, 5, 0, 0, 26, 0, 0, 22, 14, 0, 102, 144, 7, 0, 23, 4, 46, 0, 3, 11, 119, 14, 27, 12, 11, 0)
s = 78: (0, 26, 88, 0, 6, 8, 9, 3, 0, 0, 36, 0, 0, 28, 18, 0, 126, 94, 5, 0, 46, 3, 73, 0, 2, 11, 79, 18, 18, 32, 14, 0)
s = 79: (0, 25, 64, 0, 7, 10, 15, 5, 0, 0, 20, 0, 0, 45, 24, 0, 62, 183, 3, 0, 33, 5, 65, 0, 3, 13, 88, 18, 23, 28, 12, 0)
s = 80: (0, 41, 89, 0, 6, 10, 14, 5, 0, 0, 16, 0, 0, 39, 18, 0, 89, 141, 5, 0, 47, 6, 30, 0, 3, 26, 67, 24, 38, 19, 15, 0)
s = 81: (0, 26, 81, 0, 5, 8, 13, 4, 0, 0, 38, 0, 0, 42, 11, 0, 43, 268, 6, 0, 42, 4, 75, 0, 4, 13, 68, 22, 32, 20, 19, 0)
s = 82: (0, 32, 120, 0, 6, 6, 24, 5, 0, 0, 16, 0, 0, 37, 16, 0, 78, 253, 6, 0, 35, 6, 38, 0, 2, 16, 72, 23, 26, 20, 13, 0)
s = 83: (0, 22, 109, 0, 6, 10, 26, 3, 0, 0, 29, 0, 0, 23, 22, 0, 54, 190, 4, 0, 42, 3, 54, 0, 2, 14, 71, 15, 18, 14, 15, 0)
s = 84: (0, 17, 75, 0, 5, 7, 24, 3, 0, 0, 25, 0, 0, 35, 12, 0, 79, 159, 3, 0, 30, 6, 45, 0, 2, 12, 83, 14, 42, 19, 27, 0)
s = 85: (0, 18, 78, 0, 5, 6, 21, 4, 0, 0, 32, 0, 0, 19, 16, 0, 86, 204, 3, 0, 32, 3, 70, 0, 2, 13, 82, 25, 24, 28, 27, 0)
s = 86: (0, 36, 115, 0, 6, 6, 14, 3, 0, 0, 23, 0, 0, 46, 24, 0, 48, 157, 4, 0, 48, 5, 66, 0, 2, 18, 94, 15, 32, 27, 14, 0)
s = 87: (0, 39, 182, 0, 9, 8, 24, 6, 0, 0, 24, 0, 0, 27, 15, 0, 71, 127, 5, 0, 21, 4, 55, 0, 3, 13, 97, 15, 30, 20, 11, 0)
s = 88: (0, 21, 126, 0, 10, 9, 13, 6, 0, 0, 32, 0, 0, 28, 11, 0, 54, 135, 5, 0, 49, 5, 64, 0, 3, 17, 54, 24, 24, 35, 12, 0)
s = 89: (0, 26, 115, 0, 8, 6, 9, 3, 0, 0, 18, 0, 0, 47, 13, 0, 93, 101, 4, 0, 23, 5, 38, 0, 2, 12, 86, 16, 26, 20, 14, 0)
s = 90: (0, 20, 88, 0, 7, 9, 19, 5, 0, 0, 37, 0, 0, 21, 11, 0, 83, 165, 4, 0, 40, 3, 69, 0, 2, 17, 69, 24, 38, 20, 23, 0)
s = 91: (0, 36, 115, 0, 6, 9, 11, 4, 0, 0, 23, 0, 0, 21, 20, 0, 48, 199, 3, 0, 29, 4, 34, 0, 3, 13, 48, 20, 35, 26, 15, 0)
s = 92: (0, 30, 80, 0, 7, 13, 22, 5, 0, 0, 27, 0, 0, 39, 25, 0, 55, 133, 3, 0, 31, 4, 69, 0, 2, 13, 90, 16, 28, 25, 11, 0)
s = 93: (0, 23, 122, 0, 6, 7, 15, 4, 0, 0, 37, 0, 0, 37, 18, 0, 96, 145, 4, 0, 35, 7, 74, 0, 2, 16, 79, 21, 51, 21, 15, 0)
s = 94: (0, 20, 88, 0, 9, 9, 10, 4, 0, 0, 17, 0, 0, 20, 20, 0, 41, 132, 4, 0, 36, 3, 63, 0, 3, 15, 130, 28, 39, 27, 11, 0)
s = 95: (0, 31, 98, 0, 7, 7, 15, 4, 0, 0, 17, 0, 0, 45, 17, 0, 81, 105, 3, 0, 51, 7, 39, 0, 2, 13, 50, 20, 28, 15, 16, 0)
s = 96: (0, 16, 78, 0, 8, 6, 10, 4, 0, 0, 18, 0, 0, 35, 13, 0, 64, 135, 6, 0, 36, 3, 35, 0, 3, 15, 93, 20, 27, 22, 18, 0)
s = 97: (0, 28, 90, 0, 4, 7, 14, 5, 0, 0, 22, 0, 0, 49, 30, 0, 80, 122, 3, 0, 35, 3, 52, 0, 2, 18, 116, 15, 24, 18, 27, 0)
s = 98: (0, 22, 69, 0, 6, 10, 9, 3, 0, 0, 22, 0, 0, 26, 13, 0, 59, 139, 4, 0, 31, 3, 35, 0, 2, 14, 67, 35, 21, 23, 15, 0)
s = 99: (0, 34, 127, 0, 7, 10, 16, 4, 0, 0, 15, 0, 0, 30, 13, 0, 37, 177, 4, 0, 27, 4, 47, 0, 3, 11, 66, 26, 54, 25, 28, 0)
s = 100: (0, 32, 115, 0, 6, 5, 15, 5, 0, 0, 30, 0, 0, 36, 20, 0, 72, 146, 3, 0, 42, 4, 29, 0, 3, 13, 68, 19, 41, 15, 29, 0)
s = 101: (0, 31, 59, 0, 11, 10, 20, 5, 0, 0, 25, 0, 0, 40, 20, 0, 61, 119, 3, 0, 48, 7, 36, 0, 2, 9, 80, 29, 27, 28, 16, 0)
s = 102: (0, 34, 93, 0, 5, 9, 13, 5, 0, 0, 20, 0, 0, 18, 16, 0, 46, 155, 5, 0, 27, 5, 76, 0, 3, 15, 57, 18, 18, 23, 9, 0)
s = 103: (0, 30, 120, 0, 5, 8, 18, 3, 0, 0, 19, 0, 0, 27, 18, 0, 41, 170, 4, 0, 50, 4, 42, 0, 3, 16, 78, 13, 20, 21, 9, 0)
s = 104: (0, 19, 85, 0, 5, 13, 13, 6, 0, 0, 25, 0, 0, 46, 19, 0, 55, 135, 5, 0, 27, 6, 50, 0, 2, 10, 61, 20, 22, 16, 15, 0)
s = 105: (0, 49, 121, 0, 7, 8, 30, 4, 0, 0, 16, 0, 0, 53, 22, 0, 71, 119, 5, 0, 37, 5, 32, 0, 2, 27, 69, 24, 37, 27, 10, 0)
s = 106: (0, 23, 137, 0, 5, 13, 18, 3, 0, 0, 36, 0, 0, 27, 24, 0, 57, 213, 5, 0, 25, 5, 64, 0, 3, 15, 103, 25, 31, 27, 23, 0)
s = 107: (0, 32, 115, 0, 5, 6, 19, 4, 0, 0, 30, 0, 0, 34, 14, 0, 82, 224, 4, 0, 40, 4, 44, 0, 2, 17, 87, 20, 34, 19, 16, 0)
s = 108: (0, 20, 143, 0, 5, 5, 17, 3, 0, 0, 29, 0, 0, 59, 21, 0, 80, 153, 5, 0, 31, 7, 47, 0, 4, 17, 84, 27, 25, 14, 13, 0)
s = 109: (0, 21, 74, 0, 11, 8, 12, 6, 0, 0, 23, 0, 0, 26, 12, 0, 85, 168, 4, 0, 30, 6, 66, 0, 3, 17, 123, 28, 28, 19, 17, 0)
s = 110: (0, 32, 73, 0, 9, 6, 22, 3, 0, 0, 29, 0, 0, 31, 20, 0, 83, 138, 4, 0, 39, 5, 58, 0, 3, 14, 55, 17, 39, 18, 21, 0)
s = 111: (0, 32, 87, 0, 6, 13, 15, 4, 0, 0, 17, 0, 0, 55, 13, 0, 54, 177, 4, 0, 27, 4, 56, 0, 2, 20, 98, 24, 31, 34, 17, 0)
s = 112: (0, 18, 85, 0, 6, 6, 20, 4, 0, 0, 21, 0, 0, 21, 19, 0, 105, 118, 5, 0, 27, 5, 39, 0, 2, 11, 91, 15, 29, 22, 26, 0)
s = 113: (0, 20, 170, 0, 11, 7, 14, 5, 0, 0, 30, 0, 0, 31, 14, 0, 47, 206, 4, 0, 29, 3, 39, 0, 3, 17, 80, 30, 32, 24, 10, 0)
s = 114: (0, 29, 105, 0, 5, 10, 20, 3, 0, 0, 26, 0, 0, 39, 21, 0, 71, 167, 3, 0, 28, 6, 55, 0, 2, 14, 99, 25, 20, 17, 21, 0)
s = 115: (0, 27, 136, 0, 4, 13, 15, 7, 0, 0, 45, 0, 0, 32, 23, 0, 41, 255, 5, 0, 28, 5, 62, 0, 2, 12, 75, 17, 33, 29, 23, 0)
s = 116: (0, 27, 109, 0, 6, 7, 11, 7, 0, 0, 33, 0, 0, 33, 16, 0, 81, 130, 5, 0, 32, 3, 45, 0, 2, 9, 57, 13, 35, 28, 24, 0)
s = 117: (0, 24, 76, 0, 4, 10, 22, 6, 0, 0, 26, 0, 0, 37, 13, 0, 76, 142, 5, 0, 33, 3, 55, 0, 2, 17, 87, 17, 40, 16, 15, 0)
s = 118: (0, 24, 115, 0, 7, 7, 16, 5, 0, 0, 20, 0, 0, 21, 27, 0, 96, 134, 7, 0, 31, 5, 38, 0, 2, 16, 78, 14, 31, 15, 18, 0)
s = 119: (0, 22, 152, 0, 6, 12, 21, 4, 0, 0, 21, 0, 0, 23, 21, 0, 52, 127, 4, 0, 27, 3, 48, 0, 3, 11, 46, 22, 23, 29, 17, 0)
s = 120: (0, 25, 64, 0, 5, 9, 19, 4, 0, 0, 22, 0, 0, 23, 20, 0, 64, 194, 5, 0, 39, 4, 47, 0, 3, 23, 109, 31, 28, 20, 12, 0)
s = 121: (0, 21, 106, 0, 6, 11, 22, 6, 0, 0, 27, 0, 0, 40, 23, 0, 73, 115, 4, 0, 38, 4, 51, 0, 2, 13, 97, 14, 24, 21, 21, 0)
s = 122: (0, 27, 105, 0, 7, 11, 11, 4, 0, 0, 34, 0, 0, 25, 18, 0, 76, 182, 5, 0, 40, 3, 59, 0, 3, 14, 119, 23, 35, 24, 13, 0)
s = 123: (0, 36, 114, 0, 5, 11, 21, 4, 0, 0, 21, 0, 0, 22, 16, 0, 62, 248, 3, 0, 32, 5, 84, 0, 3, 16, 112, 21, 31, 26, 24, 0)
s = 124: (0, 29, 65, 0, 7, 9, 22, 5, 0, 0, 22, 0, 0, 35, 25, 0, 88, 146, 7, 0, 26, 4, 76, 0, 2, 15, 88, 24, 44, 19, 14, 0)
s = 125: (0, 27, 162, 0, 6, 7, 14, 4, 0, 0, 34, 0, 0, 32, 12, 0, 60, 135, 6, 0, 30, 4, 51, 0, 2, 14, 51, 15, 36, 27, 21, 0)
s = 126: (0, 18, 68, 0, 5, 6, 17, 5, 0, 0, 15, 0, 0, 32, 19, 0, 45, 160, 4, 0, 28, 5, 44, 0, 3, 13, 48, 17, 34, 13, 13, 0)
s = 127: (0, 21, 112, 0, 5, 9, 22, 3, 0, 0, 29, 0, 0, 27, 16, 0, 90, 198, 4, 0, 21, 7, 39, 0, 3, 21, 80, 12, 36, 19, 15, 0)
s = 128: (0, 26, 121, 0, 5, 6, 16, 6, 0, 0, 29, 0, 0, 37, 12, 0, 54, 223, 5, 0, 46, 6, 54, 0, 2, 17, 50, 14, 35, 25, 16, 0)
s = 129: (0, 29, 134, 0, 6, 10, 19, 5, 0, 0, 27, 0, 0, 52, 15, 0, 77, 143, 3, 0, 39, 4, 40, 0, 2, 18, 85, 20, 26, 20, 11, 0)
s = 130: (0, 25, 122, 0, 5, 9, 13, 3, 0, 0, 35, 0, 0, 27, 18, 0, 56, 155, 7, 0, 22, 5, 68, 0, 2, 19, 75, 16, 36, 17, 21, 0)
s = 131: (0, 16, 82, 0, 10, 8, 12, 7, 0, 0, 44, 0, 0, 48, 14, 0, 74, 104, 5, 0, 26, 3, 71, 0, 2, 14, 48, 18, 35, 21, 21, 0)
s = 132: (0, 31, 64, 0, 5, 11, 17, 5, 0, 0, 24, 0, 0, 34, 26, 0, 100, 181, 5, 0, 23, 4, 43, 0, 2, 11, 96, 27, 30, 21, 21, 0)
s = 133: (0, 38, 168, 0, 7, 7, 10, 4, 0, 0, 37, 0, 0, 44, 29, 0, 66, 118, 5, 0, 36, 4, 82, 0, 2, 20, 67, 23, 47, 25, 16, 0)
s = 134: (0, 25, 117, 0, 4, 8, 12, 5, 0, 0, 25, 0, 0, 38, 14, 0, 51, 106, 4, 0, 47, 3, 72, 0, 3, 9, 113, 20, 47, 15, 17, 0)
s = 135: (0, 22, 152, 0, 10, 9, 28, 3, 0, 0, 16, 0, 0, 22, 13, 0, 51, 93, 4, 0, 40, 3, 77, 0, 2, 20, 101, 25, 17, 24, 16, 0)
s = 136: (0, 16, 113, 0, 5, 13, 14, 5, 0, 0, 26, 0, 0, 25, 14, 0, 65, 211, 6, 0, 25, 4, 45, 0, 2, 17, 103, 28, 20, 14, 19, 0)
s = 137: (0, 32, 145, 0, 7, 10, 14, 4, 0, 0, 19, 0, 0, 46, 10, 0, 44, 314, 4, 0, 50, 5, 32, 0, 2, 19, 48, 21, 32, 22, 13, 0)
s = 138: (0, 39, 64, 0, 6, 9, 19, 5, 0, 0, 21, 0, 0, 27, 20, 0, 60, 264, 4, 0, 25, 5, 49, 0, 3, 11, 53, 19, 30, 16, 16, 0)
s = 139: (0, 27, 114, 0, 6, 7, 16, 4, 0, 0, 28, 0, 0, 30, 17, 0, 41, 200, 6, 0, 22, 5, 41, 0, 2, 19, 84, 17, 32, 17, 17, 0)
s = 140: (0, 32, 83, 0, 5, 6, 12, 3, 0, 0, 38, 0, 0, 28, 22, 0, 59, 128, 6, 0, 37, 6, 56, 0, 3, 9, 54, 16, 33, 15, 18, 0)
s = 141: (0, 36, 140, 0, 9, 7, 15, 3, 0, 0, 20, 0, 0, 27, 14, 0, 57, 154, 6, 0, 35, 5, 84, 0, 4, 16, 67, 21, 39, 24, 15, 0)
s = 142: (0, 29, 69, 0, 6, 5, 14, 4, 0, 0, 23, 0, 0, 31, 21, 0, 79, 232, 6, 0, 30, 5, 66, 0, 2, 9, 56, 25, 38, 27, 16, 0)
s = 143: (0, 22, 101, 0, 6, 7, 17, 4, 0, 0, 27, 0, 0, 25, 23, 0, 57, 111, 4, 0, 33, 5, 80, 0, 3, 12, 67, 22, 24, 24, 27, 0)
s = 144: (0, 17, 74, 0, 6, 14, 14, 6, 0, 0, 17, 0, 0, 34, 26, 0, 79, 143, 4, 0, 22, 6, 60, 0, 3, 16, 84, 11, 39, 16, 14, 0)
s = 145: (0, 27, 124, 0, 8, 11, 31, 5, 0, 0, 19, 0, 0, 58, 18, 0, 71, 101, 6, 0, 38, 4, 47, 0, 2, 15, 52, 34, 34, 30, 12, 0)
s = 146: (0, 24, 73, 0, 7, 7, 15, 4, 0, 0, 31, 0, 0, 58, 14, 0, 104, 118, 5, 0, 28, 6, 42, 0, 3, 11, 47, 18, 35, 23, 22, 0)
s = 147: (0, 24, 107, 0, 7, 9, 13, 3, 0, 0, 32, 0, 0, 32, 15, 0, 83, 166, 4, 0, 40, 4, 55, 0, 3, 10, 58, 20, 43, 17, 18, 0)
s = 148: (0, 18, 82, 0, 4, 11, 10, 5, 0, 0, 28, 0, 0, 23, 13, 0, 88, 202, 4, 0, 27, 5, 46, 0, 2, 14, 105, 24, 21, 23, 16, 0)
s = 149: (0, 25, 123, 0, 5, 8, 14, 4, 0, 0, 21, 0, 0, 35, 15, 0, 57, 129, 4, 0, 26, 7, 54, 0, 2, 11, 99, 22, 23, 12, 11, 0)
s = 150: (0, 20, 73, 0, 6, 7, 12, 5, 0, 0, 20, 0, 0, 22, 23, 0, 56, 164, 4, 0, 29, 3, 45, 0, 2, 14, 77, 17, 23, 25, 22, 0)
s = 151: (0, 25, 121, 0, 7, 15, 15, 3, 0, 0, 33, 0, 0, 46, 18, 0, 84, 154, 3, 0, 33, 5, 50, 0, 2, 13, 101, 12, 24, 23, 18, 0)
s = 152: (0, 28, 118, 0, 9, 11, 19, 4, 0, 0, 23, 0, 0, 46, 16, 0, 65, 135, 3, 0, 23, 5, 48, 0, 2, 10, 61, 15, 25, 25, 12, 0)
s = 153: (0, 15, 95, 0, 6, 9, 19, 6, 0, 0, 24, 0, 0, 29, 21, 0, 71, 90, 3, 0, 38, 3, 51, 0, 3, 12, 87, 15, 32, 29, 20, 0)
s = 154: (0, 34, 87, 0, 6, 7, 17, 5, 0, 0, 16, 0, 0, 48, 26, 0, 52, 124, 4, 0, 29, 3, 66, 0, 2, 23, 96, 18, 45, 11, 26, 0)
s = 155: (0, 44, 63, 0, 9, 7, 16, 3, 0, 0, 28, 0, 0, 43, 25, 0, 69, 116, 5, 0, 33, 5, 76, 0, 3, 19, 81, 16, 19, 36, 22, 0)
s = 156: (0, 30, 78, 0, 4, 5, 23, 5, 0, 0, 29, 0, 0, 31, 13, 0, 50, 120, 4, 0, 23, 4, 58, 0, 2, 23, 94, 31, 37, 19, 16, 0)
s = 157: (0, 34, 71, 0, 7, 8, 25, 4, 0, 0, 34, 0, 0, 32, 21, 0, 80, 267, 7, 0, 25, 5, 71, 0, 2, 11, 55, 24, 27, 21, 27, 0)
s = 158: (0, 23, 127, 0, 4, 7, 15, 5, 0, 0, 27, 0, 0, 22, 24, 0, 62, 108, 5, 0, 40, 5, 76, 0, 3, 25, 104, 18, 48, 22, 12, 0)
s = 159: (0, 19, 74, 0, 5, 8, 14, 5, 0, 0, 31, 0, 0, 27, 18, 0, 67, 135, 7, 0, 34, 5, 87, 0, 2, 16, 86, 39, 41, 17, 17, 0)
s = 160: (0, 19, 59, 0, 8, 7, 18, 3, 0, 0, 17, 0, 0, 36, 17, 0, 79, 147, 3, 0, 25, 5, 58, 0, 3, 14, 100, 17, 19, 21, 15, 0)
s = 161: (0, 31, 75, 0, 7, 6, 13, 3, 0, 0, 29, 0, 0, 20, 24, 0, 60, 112, 4, 0, 35, 4, 77, 0, 2, 17, 140, 34, 31, 13, 17, 0)
s = 162: (0, 31, 105, 0, 5, 6, 15, 5, 0, 0, 39, 0, 0, 48, 15, 0, 49, 172, 3, 0, 29, 4, 66, 0, 3, 10, 142, 25, 30, 17, 10, 0)
s = 163: (0, 29, 118, 0, 7, 11, 19, 5, 0, 0, 22, 0, 0, 29, 24, 0, 100, 138, 9, 0, 40, 5, 86, 0, 2, 19, 65, 13, 20, 21, 13, 0)
s = 164: (0, 18, 122, 0, 6, 12, 11, 3, 0, 0, 35, 0, 0, 52, 30, 0, 77, 167, 3, 0, 25, 5, 69, 0, 2, 20, 85, 38, 30, 24, 12, 0)
s = 165: (0, 24, 130, 0, 8, 7, 15, 3, 0, 0, 19, 0, 0, 22, 15, 0, 76, 210, 3, 0, 21, 5, 57, 0, 3, 20, 121, 16, 29, 21, 11, 0)
s = 166: (0, 16, 138, 0, 8, 8, 15, 5, 0, 0, 29, 0, 0, 39, 16, 0, 71, 140, 4, 0, 51, 4, 36, 0, 3, 11, 101, 19, 28, 31, 11, 0)
s = 167: (0, 22, 79, 0, 9, 12, 17, 4, 0, 0, 21, 0, 0, 34, 10, 0, 110, 122, 3, 0, 36, 4, 61, 0, 2, 19, 76, 28, 32, 31, 11, 0)
s = 168: (0, 33, 116, 0, 7, 5, 24, 3, 0, 0, 33, 0, 0, 23, 23, 0, 45, 140, 4, 0, 34, 6, 72, 0, 3, 16, 118, 20, 30, 18, 14, 0)
s = 169: (0, 34, 116, 0, 10, 8, 17, 6, 0, 0, 32, 0, 0, 19, 17, 0, 76, 134, 6, 0, 31, 6, 62, 0, 2, 19, 90, 18, 23, 23, 19, 0)
s = 170: (0, 37, 117, 0, 5, 6, 12, 6, 0, 0, 22, 0, 0, 19, 18, 0, 46, 184, 4, 0, 29, 5, 49, 0, 2, 16, 109, 17, 24, 28, 23, 0)
s = 171: (0, 28, 108, 0, 6, 6, 12, 4, 0, 0, 17, 0, 0, 38, 13, 0, 60, 121, 6, 0, 30, 3, 65, 0, 2, 13, 65, 35, 31, 26, 21, 0)
s = 172: (0, 18, 91, 0, 4, 8, 15, 3, 0, 0, 28, 0, 0, 47, 20, 0, 54, 134, 7, 0, 38, 3, 35, 0, 2, 25, 95, 22, 33, 23, 11, 0)
s = 173: (0, 19, 105, 0, 5, 6, 14, 6, 0, 0, 23, 0, 0, 33, 13, 0, 45, 156, 8, 0, 22, 5, 45, 0, 3, 19, 125, 22, 35, 25, 22, 0)
s = 174: (0, 21, 173, 0, 6, 8, 20, 5, 0, 0, 24, 0, 0, 30, 32, 0, 84, 135, 5, 0, 33, 5, 38, 0, 3, 10, 90, 23, 34, 18, 14, 0)
s = 175: (0, 16, 153, 0, 5, 6, 19, 4, 0, 0, 30, 0, 0, 53, 14, 0, 82, 145, 4, 0, 44, 4, 44, 0, 3, 13, 71, 17, 36, 34, 14, 0)
s = 176: (0, 22, 98, 0, 7, 10, 17, 4, 0, 0, 26, 0, 0, 33, 20, 0, 57, 82, 5, 0, 31, 5, 54, 0, 3, 16, 51, 17, 35, 12, 11, 0)
s = 177: (0, 39, 94, 0, 8, 9, 14, 4, 0, 0, 25, 0, 0, 20, 23, 0, 74, 185, 6, 0, 47, 4, 68, 0, 2, 17, 114, 17, 42, 18, 22, 0)
s = 178: (0, 41, 64, 0, 5, 10, 12, 4, 0, 0, 16, 0, 0, 30, 15, 0, 47, 107, 6, 0, 29, 4, 57, 0, 2, 15, 67, 28, 18, 19, 17, 0)
s = 179: (0, 38, 81, 0, 5, 8, 20, 3, 0, 0, 21, 0, 0, 22, 13, 0, 89, 214, 6, 0, 48, 3, 51, 0, 2, 12, 71, 25, 46, 14, 14, 0)
s = 180: (0, 29, 127, 0, 11, 8, 15, 5, 0, 0, 33, 0, 0, 25, 24, 0, 66, 148, 4, 0, 42, 4, 49, 0, 2, 10, 58, 26, 26, 16, 9, 0)
s = 181: (0, 20, 172, 0, 4, 6, 20, 5, 0, 0, 32, 0, 0, 25, 23, 0, 75, 100, 3, 0, 27, 4, 52, 0, 2, 25, 106, 15, 54, 23, 21, 0)
s = 182: (0, 29, 128, 0, 9, 10, 19, 3, 0, 0, 28, 0, 0, 19, 16, 0, 125, 158, 4, 0, 46, 5, 67, 0, 3, 9, 55, 19, 30, 25, 17, 0)
s = 183: (0, 19, 54, 0, 7, 13, 20, 5, 0, 0, 27, 0, 0, 38, 24, 0, 61, 113, 3, 0, 23, 5, 59, 0, 2, 11, 48, 19, 41, 22, 14, 0)
s = 184: (0, 29, 92, 0, 5, 7, 15, 4, 0, 0, 30, 0, 0, 22, 19, 0, 81, 168, 7, 0, 44, 4, 75, 0, 2, 11, 52, 14, 31, 22, 19, 0)
s = 185: (0, 28, 91, 0, 9, 6, 15, 4, 0, 0, 21, 0, 0, 34, 16, 0, 65, 125, 4, 0, 36, 3, 38, 0, 2, 20, 53, 23, 41, 24, 11, 0)
s = 186: (0, 28, 64, 0, 12, 6, 17, 3, 0, 0, 14, 0, 0, 24, 14, 0, 90, 168, 6, 0, 48, 3, 87, 0, 2, 12, 106, 18, 44, 13, 20, 0)
s = 187: (0, 37, 95, 0, 6, 8, 10, 5, 0, 0, 24, 0, 0, 36, 15, 0, 49, 208, 5, 0, 48, 5, 62, 0, 2, 16, 70, 20, 27, 17, 15, 0)
s = 188: (0, 22, 75, 0, 6, 12, 21, 6, 0, 0, 27, 0, 0, 24, 15, 0, 110, 115, 4, 0, 31, 5, 91, 0, 2, 15, 101, 18, 18, 13, 11, 0)
s = 189: (0, 20, 80, 0, 5, 7, 11, 5, 0, 0, 15, 0, 0, 22, 27, 0, 66, 123, 3, 0, 45, 3, 59, 0, 2, 14, 72, 17, 21, 27, 21, 0)
s = 190: (0, 31, 123, 0, 8, 10, 19, 4, 0, 0, 30, 0, 0, 35, 20, 0, 59, 145, 4, 0, 20, 6, 43, 0, 3, 10, 77, 23, 36, 30, 25, 0)
s = 191: (0, 29, 69, 0, 5, 8, 16, 4, 0, 0, 32, 0, 0, 30, 15, 0, 70, 125, 5, 0, 42, 3, 37, 0, 3, 16, 79, 38, 32, 19, 13, 0)
s = 192: (0, 37, 62, 0, 5, 5, 16, 5, 0, 0, 19, 0, 0, 36, 14, 0, 89, 160, 5, 0, 22, 5, 49, 0, 3, 15, 51, 21, 42, 26, 19, 0)
s = 193: (0, 30, 110, 0, 7, 7, 16, 4, 0, 0, 34, 0, 0, 30, 12, 0, 69, 175, 4, 0, 31, 5, 96, 0, 2, 13, 63, 13, 45, 20, 15, 0)
s = 194: (0, 27, 97, 0, 7, 8, 12, 5, 0, 0, 31, 0, 0, 26, 19, 0, 82, 175, 3, 0, 25, 4, 47, 0, 2, 10, 64, 20, 43, 24, 16, 0)
s = 195: (0, 23, 115, 0, 8, 8, 27, 4, 0, 0, 19, 0, 0, 46, 30, 0, 73, 111, 3, 0, 26, 5, 49, 0, 2, 13, 59, 23, 49, 22, 27, 0)
s = 196: (0, 30, 83, 0, 8, 8, 11, 4, 0, 0, 19, 0, 0, 41, 14, 0, 51, 186, 4, 0, 32, 6, 73, 0, 2, 12, 86, 15, 33, 25, 13, 0)
s = 197: (0, 21, 113, 0, 10, 6, 14, 4, 0, 0, 24, 0, 0, 31, 16, 0, 93, 139, 4, 0, 25, 4, 84, 0, 3, 15, 137, 28, 20, 17, 19, 0)
s = 198: (0, 30, 79, 0, 9, 6, 17, 4, 0, 0, 27, 0, 0, 47, 22, 0, 45, 157, 6, 0, 30, 5, 51, 0, 2, 20, 60, 27, 30, 13, 16, 0)
s = 199: (0, 20, 159, 0, 5, 7, 22, 3, 0, 0, 32, 0, 0, 22, 35, 0, 80, 183, 4, 0, 36, 6, 59, 0, 2, 21, 59, 16, 18, 23, 19, 0)
s = 200: (0, 17, 101, 0, 5, 8, 21, 8, 0, 0, 16, 0, 0, 60, 12, 0, 68, 178, 3, 0, 21, 3, 35, 0, 3, 15, 74, 24, 35, 13, 17, 0)
------------------------------------------------------------------------
RESOURCE k = 2
s = 1: (0, 0, 0, 0, 13, 9, 29, 15, 87, 22, 0, 16, 3, 0, 26, 48, 12, 0, 0, 0, 0, 7, 0, 33, 7, 0, 0, 0, 0, 0, 0, 0)
s = 2: (0, 0, 0, 0, 18, 7, 26, 9, 91, 21, 0, 31, 5, 0, 35, 50, 14, 0, 0, 0, 0, 6, 0, 52, 8, 0, 0, 0, 0, 0, 0, 0)
s = 3: (0, 0, 0, 0, 12, 10, 31, 11, 68, 32, 0, 26, 3, 0, 35, 67, 16, 0, 0, 0, 0, 5, 0, 29, 5, 0, 0, 0, 0, 0, 0, 0)
s = 4: (0, 0, 0, 0, 17, 7, 28, 10, 94, 26, 0, 20, 2, 0, 29, 84, 16, 0, 0, 0, 0, 3, 0, 38, 5, 0, 0, 0, 0, 0, 0, 0)
s = 5: (0, 0, 0, 0, 14, 6, 42, 12, 82, 30, 0, 21, 3, 0, 20, 44, 16, 0, 0, 0, 0, 5, 0, 31, 6, 0, 0, 0, 0, 0, 0, 0)
s = 6: (0, 0, 0, 0, 19, 6, 28, 7, 104, 27, 0, 17, 3, 0, 25, 93, 11, 0, 0, 0, 0, 4, 0, 42, 7, 0, 0, 0, 0, 0, 0, 0)
s = 7: (0, 0, 0, 0, 19, 10, 37, 11, 85, 36, 0, 26, 4, 0, 35, 40, 13, 0, 0, 0, 0, 5, 0, 40, 8, 0, 0, 0, 0, 0, 0, 0)
s = 8: (0, 0, 0, 0, 20, 6, 22, 14, 80, 24, 0, 30, 3, 0, 34, 47, 16, 0, 0, 0, 0, 3, 0, 46, 10, 0, 0, 0, 0, 0, 0, 0)
s = 9: (0, 0, 0, 0, 24, 11, 29, 13, 57, 31, 0, 18, 5, 0, 19, 57, 25, 0, 0, 0, 0, 3, 0, 26, 6, 0, 0, 0, 0, 0, 0, 0)
s = 10: (0, 0, 0, 0, 19, 10, 34, 11, 69, 27, 0, 21, 4, 0, 21, 50, 15, 0, 0, 0, 0, 3, 0, 22, 9, 0, 0, 0, 0, 0, 0, 0)
s = 11: (0, 0, 0, 0, 31, 7, 18, 11, 73, 26, 0, 36, 4, 0, 22, 80, 17, 0, 0, 0, 0, 4, 0, 37, 5, 0, 0, 0, 0, 0, 0, 0)
s = 12: (0, 0, 0, 0, 23, 7, 18, 11, 57, 20, 0, 30, 2, 0, 47, 41, 16, 0, 0, 0, 0, 3, 0, 33, 9, 0, 0, 0, 0, 0, 0, 0)
s = 13: (0, 0, 0, 0, 22, 5, 20, 6, 78, 35, 0, 22, 4, 0, 31, 59, 17, 0, 0, 0, 0, 3, 0, 29, 6, 0, 0, 0, 0, 0, 0, 0)
s = 14: (0, 0, 0, 0, 13, 5, 20, 11, 89, 22, 0, 25, 2, 0, 24, 49, 16, 0, 0, 0, 0, 3, 0, 24, 8, 0, 0, 0, 0, 0, 0, 0)
s = 15: (0, 0, 0, 0, 23, 9, 45, 8, 53, 53, 0, 24, 5, 0, 20, 49, 12, 0, 0, 0, 0, 5, 0, 41, 4, 0, 0, 0, 0, 0, 0, 0)
s = 16: (0, 0, 0, 0, 13, 8, 22, 6, 84, 36, 0, 16, 3, 0, 39, 82, 21, 0, 0, 0, 0, 5, 0, 29, 8, 0, 0, 0, 0, 0, 0, 0)
s = 17: (0, 0, 0, 0, 18, 6, 31, 8, 81, 30, 0, 20, 3, 0, 42, 73, 15, 0, 0, 0, 0, 4, 0, 36, 10, 0, 0, 0, 0, 0, 0, 0)
s = 18: (0, 0, 0, 0, 25, 6, 42, 13, 83, 45, 0, 27, 6, 0, 16, 58, 10, 0, 0, 0, 0, 5, 0, 22, 9, 0, 0, 0, 0, 0, 0, 0)
s = 19: (0, 0, 0, 0, 14, 7, 36, 10, 56, 28, 0, 18, 3, 0, 39, 71, 15, 0, 0, 0, 0, 4, 0, 37, 5, 0, 0, 0, 0, 0, 0, 0)
s = 20: (0, 0, 0, 0, 13, 5, 22, 9, 66, 23, 0, 30, 3, 0, 45, 77, 14, 0, 0, 0, 0, 4, 0, 27, 6, 0, 0, 0, 0, 0, 0, 0)
s = 21: (0, 0, 0, 0, 12, 6, 39, 16, 114, 28, 0, 18, 2, 0, 36, 71, 10, 0, 0, 0, 0, 7, 0, 38, 11, 0, 0, 0, 0, 0, 0, 0)
s = 22: (0, 0, 0, 0, 15, 7, 23, 10, 47, 44, 0, 36, 3, 0, 34, 93, 9, 0, 0, 0, 0, 4, 0, 26, 5, 0, 0, 0, 0, 0, 0, 0)
s = 23: (0, 0, 0, 0, 19, 8, 18, 16, 77, 36, 0, 18, 3, 0, 43, 44, 9, 0, 0, 0, 0, 7, 0, 21, 14, 0, 0, 0, 0, 0, 0, 0)
s = 24: (0, 0, 0, 0, 23, 11, 27, 13, 113, 49, 0, 25, 4, 0, 26, 102, 8, 0, 0, 0, 0, 4, 0, 34, 6, 0, 0, 0, 0, 0, 0, 0)
s = 25: (0, 0, 0, 0, 13, 8, 26, 7, 90, 36, 0, 16, 3, 0, 26, 33, 23, 0, 0, 0, 0, 3, 0, 55, 5, 0, 0, 0, 0, 0, 0, 0)
s = 26: (0, 0, 0, 0, 23, 7, 20, 9, 88, 37, 0, 21, 3, 0, 30, 78, 11, 0, 0, 0, 0, 4, 0, 34, 8, 0, 0, 0, 0, 0, 0, 0)
s = 27: (0, 0, 0, 0, 17, 14, 35, 8, 66, 50, 0, 20, 2, 0, 23, 36, 14, 0, 0, 0, 0, 4, 0, 35, 9, 0, 0, 0, 0, 0, 0, 0)
s = 28: (0, 0, 0, 0, 17, 8, 17, 9, 62, 32, 0, 39, 5, 0, 18, 63, 13, 0, 0, 0, 0, 6, 0, 32, 6, 0, 0, 0, 0, 0, 0, 0)
s = 29: (0, 0, 0, 0, 11, 13, 23, 8, 79, 21, 0, 17, 4, 0, 39, 75, 13, 0, 0, 0, 0, 3, 0, 38, 5, 0, 0, 0, 0, 0, 0, 0)
s = 30: (0, 0, 0, 0, 12, 9, 24, 7, 85, 43, 0, 18, 3, 0, 22, 49, 14, 0, 0, 0, 0, 5, 0, 26, 6, 0, 0, 0, 0, 0, 0, 0)
s = 31: (0, 0, 0, 0, 22, 10, 26, 11, 64, 26, 0, 25, 3, 0, 29, 48, 13, 0, 0, 0, 0, 6, 0, 26, 7, 0, 0, 0, 0, 0, 0, 0)
s = 32: (0, 0, 0, 0, 24, 10, 34, 8, 52, 24, 0, 13, 4, 0, 36, 76, 20, 0, 0, 0, 0, 4, 0, 25, 5, 0, 0, 0, 0, 0, 0, 0)
s = 33: (0, 0, 0, 0, 12, 6, 28, 6, 65, 21, 0, 13, 3, 0, 27, 46, 22, 0, 0, 0, 0, 5, 0, 29, 8, 0, 0, 0, 0, 0, 0, 0)
s = 34: (0, 0, 0, 0, 26, 8, 23, 10, 89, 32, 0, 17, 3, 0, 18, 90, 12, 0, 0, 0, 0, 3, 0, 45, 8, 0, 0, 0, 0, 0, 0, 0)
s = 35: (0, 0, 0, 0, 26, 5, 35, 12, 64, 39, 0, 27, 4, 0, 31, 105, 10, 0, 0, 0, 0, 4, 0, 44, 10, 0, 0, 0, 0, 0, 0, 0)
s = 36: (0, 0, 0, 0, 26, 6, 27, 12, 90, 41, 0, 25, 3, 0, 20, 63, 14, 0, 0, 0, 0, 5, 0, 42, 9, 0, 0, 0, 0, 0, 0, 0)
s = 37: (0, 0, 0, 0, 25, 10, 16, 17, 83, 26, 0, 15, 3, 0, 29, 84, 22, 0, 0, 0, 0, 5, 0, 23, 9, 0, 0, 0, 0, 0, 0, 0)
s = 38: (0, 0, 0, 0, 13, 6, 30, 8, 74, 21, 0, 32, 2, 0, 37, 72, 14, 0, 0, 0, 0, 4, 0, 30, 7, 0, 0, 0, 0, 0, 0, 0)
s = 39: (0, 0, 0, 0, 21, 6, 30, 7, 79, 36, 0, 27, 4, 0, 26, 60, 17, 0, 0, 0, 0, 4, 0, 28, 12, 0, 0, 0, 0, 0, 0, 0)
s = 40: (0, 0, 0, 0, 19, 14, 22, 9, 85, 33, 0, 25, 5, 0, 34, 53, 12, 0, 0, 0, 0, 5, 0, 49, 6, 0, 0, 0, 0, 0, 0, 0)
s = 41: (0, 0, 0, 0, 22, 9, 22, 10, 97, 21, 0, 35, 3, 0, 39, 45, 11, 0, 0, 0, 0, 5, 0, 50, 10, 0, 0, 0, 0, 0, 0, 0)
s = 42: (0, 0, 0, 0, 20, 6, 38, 11, 49, 26, 0, 18, 5, 0, 20, 50, 12, 0, 0, 0, 0, 3, 0, 41, 6, 0, 0, 0, 0, 0, 0, 0)
s = 43: (0, 0, 0, 0, 24, 7, 34, 7, 57, 26, 0, 34, 3, 0, 30, 53, 9, 0, 0, 0, 0, 4, 0, 31, 9, 0, 0, 0, 0, 0, 0, 0)
s = 44: (0, 0, 0, 0, 27, 7, 26, 8, 48, 27, 0, 33, 5, 0, 34, 66, 10, 0, 0, 0, 0, 4, 0, 43, 6, 0, 0, 0, 0, 0, 0, 0)
s = 45: (0, 0, 0, 0, 17, 7, 43, 11, 83, 23, 0, 31, 2, 0, 43, 47, 13, 0, 0, 0, 0, 6, 0, 26, 8, 0, 0, 0, 0, 0, 0, 0)
s = 46: (0, 0, 0, 0, 17, 14, 20, 8, 44, 43, 0, 18, 5, 0, 31, 92, 23, 0, 0, 0, 0, 4, 0, 50, 12, 0, 0, 0, 0, 0, 0, 0)
s = 47: (0, 0, 0, 0, 19, 11, 21, 10, 73, 24, 0, 23, 5, 0, 41, 79, 18, 0, 0, 0, 0, 5, 0, 39, 9, 0, 0, 0, 0, 0, 0, 0)
s = 48: (0, 0, 0, 0, 16, 10, 33, 7, 80, 30, 0, 28, 5, 0, 30, 52, 16, 0, 0, 0, 0, 6, 0, 32, 7, 0, 0, 0, 0, 0, 0, 0)
s = 49: (0, 0, 0, 0, 21, 9, 34, 10, 77, 42, 0, 35, 3, 0, 26, 37, 16, 0, 0, 0, 0, 5, 0, 59, 12, 0, 0, 0, 0, 0, 0, 0)
s = 50: (0, 0, 0, 0, 12, 9, 27, 7, 70, 29, 0, 19, 6, 0, 21, 38, 10, 0, 0, 0, 0, 5, 0, 45, 4, 0, 0, 0, 0, 0, 0, 0)
s = 51: (0, 0, 0, 0, 13, 7, 37, 6, 91, 43, 0, 22, 2, 0, 49, 108, 17, 0, 0, 0, 0, 4, 0, 40, 6, 0, 0, 0, 0, 0, 0, 0)
s = 52: (0, 0, 0, 0, 12, 9, 32, 12, 124, 35, 0, 35, 4, 0, 21, 84, 18, 0, 0, 0, 0, 3, 0, 30, 7, 0, 0, 0, 0, 0, 0, 0)
s = 53: (0, 0, 0, 0, 21, 9, 29, 8, 65, 53, 0, 30, 3, 0, 49, 42, 12, 0, 0, 0, 0, 5, 0, 39, 5, 0, 0, 0, 0, 0, 0, 0)
s = 54: (0, 0, 0, 0, 16, 7, 27, 11, 71, 27, 0, 20, 3, 0, 15, 67, 15, 0, 0, 0, 0, 5, 0, 34, 7, 0, 0, 0, 0, 0, 0, 0)
s = 55: (0, 0, 0, 0, 15, 7, 32, 15, 63, 26, 0, 20, 3, 0, 16, 84, 21, 0, 0, 0, 0, 6, 0, 27, 7, 0, 0, 0, 0, 0, 0, 0)
s = 56: (0, 0, 0, 0, 18, 11, 18, 10, 74, 20, 0, 26, 3, 0, 35, 77, 18, 0, 0, 0, 0, 5, 0, 41, 8, 0, 0, 0, 0, 0, 0, 0)
s = 57: (0, 0, 0, 0, 18, 11, 25, 5, 86, 47, 0, 15, 3, 0, 19, 37, 16, 0, 0, 0, 0, 4, 0, 42, 9, 0, 0, 0, 0, 0, 0, 0)
s = 58: (0, 0, 0, 0, 21, 6, 23, 8, 62, 29, 0, 24, 4, 0, 36, 50, 22, 0, 0, 0, 0, 5, 0, 40, 9, 0, 0, 0, 0, 0, 0, 0)
s = 59: (0, 0, 0, 0, 14, 8, 28, 11, 52, 24, 0, 29, 3, 0, 35, 62, 10, 0, 0, 0, 0, 7, 0, 38, 9, 0, 0, 0, 0, 0, 0, 0)
s = 60: (0, 0, 0, 0, 28, 6, 42, 6, 54, 34, 0, 30, 3, 0, 27, 60, 14, 0, 0, 0, 0, 4, 0, 31, 8, 0, 0, 0, 0, 0, 0, 0)
s = 61: (0, 0, 0, 0, 14, 10, 31, 13, 78, 44, 0, 39, 3, 0, 22, 58, 10, 0, 0, 0, 0, 4, 0, 38, 9, 0, 0, 0, 0, 0, 0, 0)
s = 62: (0, 0, 0, 0, 25, 7, 39, 12, 73, 42, 0, 25, 4, 0, 45, 51, 13, 0, 0, 0, 0, 7, 0, 47, 7, 0, 0, 0, 0, 0, 0, 0)
s = 63: (0, 0, 0, 0, 18, 11, 33, 7, 67, 26, 0, 28, 3, 0, 23, 73, 13, 0, 0, 0, 0, 4, 0, 35, 4, 0, 0, 0, 0, 0, 0, 0)
s = 64: (0, 0, 0, 0, 18, 9, 58, 11, 102, 47, 0, 24, 3, 0, 27, 65, 13, 0, 0, 0, 0, 3, 0, 32, 7, 0, 0, 0, 0, 0, 0, 0)
s = 65: (0, 0, 0, 0, 17, 12, 16, 9, 110, 39, 0, 19, 4, 0, 28, 52, 9, 0, 0, 0, 0, 4, 0, 34, 8, 0, 0, 0, 0, 0, 0, 0)
s = 66: (0, 0, 0, 0, 18, 10, 35, 7, 46, 29, 0, 20, 5, 0, 32, 74, 16, 0, 0, 0, 0, 4, 0, 33, 5, 0, 0, 0, 0, 0, 0, 0)
s = 67: (0, 0, 0, 0, 20, 8, 40, 11, 46, 31, 0, 18, 4, 0, 24, 49, 16, 0, 0, 0, 0, 3, 0, 30, 13, 0, 0, 0, 0, 0, 0, 0)
s = 68: (0, 0, 0, 0, 13, 10, 29, 8, 104, 37, 0, 15, 3, 0, 25, 70, 19, 0, 0, 0, 0, 3, 0, 25, 9, 0, 0, 0, 0, 0, 0, 0)
s = 69: (0, 0, 0, 0, 28, 5, 20, 8, 75, 26, 0, 21, 3, 0, 22, 89, 8, 0, 0, 0, 0, 4, 0, 28, 5, 0, 0, 0, 0, 0, 0, 0)
s = 70: (0, 0, 0, 0, 27, 10, 29, 12, 45, 20, 0, 18, 5, 0, 32, 98, 11, 0, 0, 0, 0, 4, 0, 39, 10, 0, 0, 0, 0, 0, 0, 0)
s = 71: (0, 0, 0, 0, 17, 7, 26, 9, 59, 35, 0, 15, 4, 0, 30, 58, 12, 0, 0, 0, 0, 5, 0, 39, 9, 0, 0, 0, 0, 0, 0, 0)
s = 72: (0, 0, 0, 0, 17, 10, 28, 7, 72, 20, 0, 28, 3, 0, 16, 58, 10, 0, 0, 0, 0, 4, 0, 35, 4, 0, 0, 0, 0, 0, 0, 0)
s = 73: (0, 0, 0, 0, 20, 8, 24, 10, 55, 33, 0, 20, 3, 0, 30, 65, 9, 0, 0, 0, 0, 4, 0, 39, 9, 0, 0, 0, 0, 0, 0, 0)
s = 74: (0, 0, 0, 0, 11, 6, 19, 14, 97, 27, 0, 18, 3, 0, 21, 42, 14, 0, 0, 0, 0, 3, 0, 36, 6, 0, 0, 0, 0, 0, 0, 0)
s = 75: (0, 0, 0, 0, 18, 5, 19, 8, 75, 27, 0, 17, 3, 0, 22, 98, 9, 0, 0, 0, 0, 4, 0, 52, 7, 0, 0, 0, 0, 0, 0, 0)
s = 76: (0, 0, 0, 0, 16, 6, 38, 10, 47, 43, 0, 23, 3, 0, 19, 88, 13, 0, 0, 0, 0, 4, 0, 31, 7, 0, 0, 0, 0, 0, 0, 0)
s = 77: (0, 0, 0, 0, 23, 5, 27, 11, 103, 31, 0, 25, 4, 0, 21, 42, 21, 0, 0, 0, 0, 4, 0, 40, 9, 0, 0, 0, 0, 0, 0, 0)
s = 78: (0, 0, 0, 0, 18, 8, 16, 6, 62, 21, 0, 14, 5, 0, 27, 57, 26, 0, 0, 0, 0, 3, 0, 36, 6, 0, 0, 0, 0, 0, 0, 0)
s = 79: (0, 0, 0, 0, 21, 10, 26, 12, 80, 16, 0, 18, 4, 0, 35, 43, 13, 0, 0, 0, 0, 5, 0, 33, 8, 0, 0, 0, 0, 0, 0, 0)
s = 80: (0, 0, 0, 0, 16, 10, 24, 10, 57, 27, 0, 26, 4, 0, 26, 39, 18, 0, 0, 0, 0, 6, 0, 37, 9, 0, 0, 0, 0, 0, 0, 0)
s = 81: (0, 0, 0, 0, 14, 8, 22, 8, 102, 24, 0, 14, 4, 0, 16, 39, 9, 0, 0, 0, 0, 4, 0, 22, 12, 0, 0, 0, 0, 0, 0, 0)
s = 82: (0, 0, 0, 0, 16, 6, 42, 10, 65, 30, 0, 21, 5, 0, 24, 41, 16, 0, 0, 0, 0, 6, 0, 63, 6, 0, 0, 0, 0, 0, 0, 0)
s = 83: (0, 0, 0, 0, 17, 10, 45, 6, 67, 25, 0, 18, 3, 0, 33, 54, 11, 0, 0, 0, 0, 3, 0, 21, 5, 0, 0, 0, 0, 0, 0, 0)
s = 84: (0, 0, 0, 0, 15, 7, 42, 7, 48, 23, 0, 26, 4, 0, 17, 45, 16, 0, 0, 0, 0, 6, 0, 43, 6, 0, 0, 0, 0, 0, 0, 0)
s = 85: (0, 0, 0, 0, 14, 6, 36, 9, 90, 24, 0, 33, 4, 0, 23, 41, 18, 0, 0, 0, 0, 3, 0, 29, 6, 0, 0, 0, 0, 0, 0, 0)
s = 86: (0, 0, 0, 0, 17, 6, 25, 6, 132, 24, 0, 38, 4, 0, 35, 41, 10, 0, 0, 0, 0, 5, 0, 32, 6, 0, 0, 0, 0, 0, 0, 0)
s = 87: (0, 0, 0, 0, 26, 8, 41, 13, 61, 48, 0, 38, 3, 0, 23, 61, 15, 0, 0, 0, 0, 4, 0, 25, 8, 0, 0, 0, 0, 0, 0, 0)
s = 88: (0, 0, 0, 0, 28, 9, 22, 12, 85, 44, 0, 30, 5, 0, 17, 47, 11, 0, 0, 0, 0, 5, 0, 41, 8, 0, 0, 0, 0, 0, 0, 0)
s = 89: (0, 0, 0, 0, 23, 6, 16, 7, 63, 41, 0, 25, 4, 0, 19, 61, 19, 0, 0, 0, 0, 5, 0, 26, 6, 0, 0, 0, 0, 0, 0, 0)
s = 90: (0, 0, 0, 0, 21, 9, 33, 10, 59, 28, 0, 22, 4, 0, 16, 41, 17, 0, 0, 0, 0, 3, 0, 47, 4, 0, 0, 0, 0, 0, 0, 0)
s = 91: (0, 0, 0, 0, 18, 9, 19, 9, 66, 36, 0, 20, 3, 0, 30, 80, 10, 0, 0, 0, 0, 4, 0, 28, 8, 0, 0, 0, 0, 0, 0, 0)
s = 92: (0, 0, 0, 0, 19, 13, 38, 11, 63, 25, 0, 24, 3, 0, 37, 40, 11, 0, 0, 0, 0, 4, 0, 42, 7, 0, 0, 0, 0, 0, 0, 0)
s = 93: (0, 0, 0, 0, 16, 7, 27, 8, 122, 32, 0, 28, 4, 0, 27, 65, 20, 0, 0, 0, 0, 7, 0, 33, 6, 0, 0, 0, 0, 0, 0, 0)
s = 94: (0, 0, 0, 0, 26, 9, 18, 9, 66, 32, 0, 24, 4, 0, 30, 40, 9, 0, 0, 0, 0, 3, 0, 25, 10, 0, 0, 0, 0, 0, 0, 0)
s = 95: (0, 0, 0, 0, 19, 7, 26, 7, 98, 47, 0, 30, 3, 0, 25, 53, 17, 0, 0, 0, 0, 7, 0, 23, 5, 0, 0, 0, 0, 0, 0, 0)
s = 96: (0, 0, 0, 0, 22, 6, 18, 9, 48, 47, 0, 14, 3, 0, 19, 48, 13, 0, 0, 0, 0, 3, 0, 37, 9, 0, 0, 0, 0, 0, 0, 0)
s = 97: (0, 0, 0, 0, 11, 7, 23, 11, 84, 28, 0, 26, 4, 0, 45, 113, 16, 0, 0, 0, 0, 3, 0, 21, 6, 0, 0, 0, 0, 0, 0, 0)
s = 98: (0, 0, 0, 0, 18, 10, 16, 6, 52, 25, 0, 19, 4, 0, 19, 80, 12, 0, 0, 0, 0, 3, 0, 41, 6, 0, 0, 0, 0, 0, 0, 0)
s = 99: (0, 0, 0, 0, 21, 10, 28, 9, 87, 20, 0, 26, 4, 0, 19, 83, 8, 0, 0, 0, 0, 4, 0, 33, 9, 0, 0, 0, 0, 0, 0, 0)
s = 100: (0, 0, 0, 0, 18, 5, 26, 11, 46, 34, 0, 24, 3, 0, 29, 83, 15, 0, 0, 0, 0, 4, 0, 59, 8, 0, 0, 0, 0, 0, 0, 0)
s = 101: (0, 0, 0, 0, 32, 10, 34, 10, 76, 37, 0, 41, 3, 0, 29, 39, 13, 0, 0, 0, 0, 7, 0, 21, 7, 0, 0, 0, 0, 0, 0, 0)
s = 102: (0, 0, 0, 0, 14, 9, 23, 11, 80, 33, 0, 26, 2, 0, 23, 59, 10, 0, 0, 0, 0, 5, 0, 26, 8, 0, 0, 0, 0, 0, 0, 0)
s = 103: (0, 0, 0, 0, 14, 8, 31, 7, 75, 25, 0, 27, 4, 0, 26, 46, 9, 0, 0, 0, 0, 4, 0, 47, 8, 0, 0, 0, 0, 0, 0, 0)
s = 104: (0, 0, 0, 0, 15, 13, 23, 12, 107, 32, 0, 26, 3, 0, 28, 33, 11, 0, 0, 0, 0, 6, 0, 23, 7, 0, 0, 0, 0, 0, 0, 0)
s = 105: (0, 0, 0, 0, 20, 8, 53, 8, 112, 36, 0, 23, 4, 0, 33, 40, 15, 0, 0, 0, 0, 5, 0, 26, 5, 0, 0, 0, 0, 0, 0, 0)
s = 106: (0, 0, 0, 0, 14, 13, 31, 7, 46, 28, 0, 17, 4, 0, 36, 71, 12, 0, 0, 0, 0, 5, 0, 24, 11, 0, 0, 0, 0, 0, 0, 0)
s = 107: (0, 0, 0, 0, 13, 6, 32, 9, 119, 23, 0, 27, 3, 0, 20, 68, 17, 0, 0, 0, 0, 4, 0, 23, 7, 0, 0, 0, 0, 0, 0, 0)
s = 108: (0, 0, 0, 0, 14, 5, 30, 6, 71, 23, 0, 20, 3, 0, 31, 83, 16, 0, 0, 0, 0, 7, 0, 29, 12, 0, 0, 0, 0, 0, 0, 0)
s = 109: (0, 0, 0, 0, 31, 8, 21, 12, 50, 26, 0, 20, 4, 0, 17, 52, 17, 0, 0, 0, 0, 6, 0, 46, 10, 0, 0, 0, 0, 0, 0, 0)
s = 110: (0, 0, 0, 0, 26, 6, 38, 7, 97, 33, 0, 29, 3, 0, 30, 114, 17, 0, 0, 0, 0, 5, 0, 32, 9, 0, 0, 0, 0, 0, 0, 0)
s = 111: (0, 0, 0, 0, 18, 13, 26, 9, 61, 22, 0, 17, 3, 0, 19, 67, 11, 0, 0, 0, 0, 4, 0, 40, 5, 0, 0, 0, 0, 0, 0, 0)
s = 112: (0, 0, 0, 0, 16, 6, 35, 7, 92, 27, 0, 21, 3, 0, 28, 68, 21, 0, 0, 0, 0, 5, 0, 27, 6, 0, 0, 0, 0, 0, 0, 0)
s = 113: (0, 0, 0, 0, 31, 7, 24, 11, 64, 29, 0, 25, 3, 0, 21, 85, 10, 0, 0, 0, 0, 3, 0, 26, 10, 0, 0, 0, 0, 0, 0, 0)
s = 114: (0, 0, 0, 0, 13, 10, 35, 7, 71, 27, 0, 36, 4, 0, 32, 78, 15, 0, 0, 0, 0, 6, 0, 52, 6, 0, 0, 0, 0, 0, 0, 0)
s = 115: (0, 0, 0, 0, 12, 13, 26, 15, 66, 45, 0, 30, 3, 0, 34, 44, 9, 0, 0, 0, 0, 5, 0, 36, 5, 0, 0, 0, 0, 0, 0, 0)
s = 116: (0, 0, 0, 0, 16, 7, 19, 15, 109, 31, 0, 23, 4, 0, 23, 59, 17, 0, 0, 0, 0, 3, 0, 38, 6, 0, 0, 0, 0, 0, 0, 0)
s = 117: (0, 0, 0, 0, 11, 10, 38, 12, 61, 29, 0, 29, 4, 0, 19, 80, 16, 0, 0, 0, 0, 3, 0, 29, 6, 0, 0, 0, 0, 0, 0, 0)
s = 118: (0, 0, 0, 0, 21, 7, 28, 10, 121, 26, 0, 17, 4, 0, 41, 34, 20, 0, 0, 0, 0, 5, 0, 21, 5, 0, 0, 0, 0, 0, 0, 0)
s = 119: (0, 0, 0, 0, 16, 12, 37, 9, 69, 53, 0, 22, 5, 0, 31, 75, 11, 0, 0, 0, 0, 3, 0, 56, 11, 0, 0, 0, 0, 0, 0, 0)
s = 120: (0, 0, 0, 0, 15, 9, 33, 8, 61, 37, 0, 25, 2, 0, 29, 45, 13, 0, 0, 0, 0, 4, 0, 35, 8, 0, 0, 0, 0, 0, 0, 0)
s = 121: (0, 0, 0, 0, 16, 11, 39, 13, 127, 36, 0, 32, 2, 0, 34, 67, 15, 0, 0, 0, 0, 4, 0, 28, 7, 0, 0, 0, 0, 0, 0, 0)
s = 122: (0, 0, 0, 0, 21, 11, 19, 9, 51, 37, 0, 18, 5, 0, 27, 62, 16, 0, 0, 0, 0, 3, 0, 30, 9, 0, 0, 0, 0, 0, 0, 0)
s = 123: (0, 0, 0, 0, 15, 11, 36, 8, 101, 30, 0, 25, 3, 0, 24, 55, 13, 0, 0, 0, 0, 5, 0, 51, 8, 0, 0, 0, 0, 0, 0, 0)
s = 124: (0, 0, 0, 0, 20, 9, 39, 10, 59, 20, 0, 29, 4, 0, 37, 52, 18, 0, 0, 0, 0, 4, 0, 32, 6, 0, 0, 0, 0, 0, 0, 0)
s = 125: (0, 0, 0, 0, 18, 7, 25, 8, 90, 24, 0, 14, 3, 0, 18, 53, 12, 0, 0, 0, 0, 4, 0, 25, 6, 0, 0, 0, 0, 0, 0, 0)
s = 126: (0, 0, 0, 0, 14, 6, 29, 11, 88, 30, 0, 29, 4, 0, 29, 63, 9, 0, 0, 0, 0, 5, 0, 31, 9, 0, 0, 0, 0, 0, 0, 0)
s = 127: (0, 0, 0, 0, 15, 9, 38, 7, 103, 19, 0, 29, 4, 0, 24, 60, 18, 0, 0, 0, 0, 7, 0, 50, 8, 0, 0, 0, 0, 0, 0, 0)
s = 128: (0, 0, 0, 0, 15, 6, 27, 13, 124, 19, 0, 17, 3, 0, 18, 62, 11, 0, 0, 0, 0, 6, 0, 36, 6, 0, 0, 0, 0, 0, 0, 0)
s = 129: (0, 0, 0, 0, 17, 10, 33, 10, 90, 18, 0, 41, 4, 0, 23, 51, 16, 0, 0, 0, 0, 4, 0, 54, 7, 0, 0, 0, 0, 0, 0, 0)
s = 130: (0, 0, 0, 0, 15, 9, 22, 6, 88, 25, 0, 28, 3, 0, 27, 43, 12, 0, 0, 0, 0, 5, 0, 32, 5, 0, 0, 0, 0, 0, 0, 0)
s = 131: (0, 0, 0, 0, 29, 8, 21, 16, 83, 20, 0, 22, 4, 0, 21, 36, 15, 0, 0, 0, 0, 3, 0, 38, 7, 0, 0, 0, 0, 0, 0, 0)
s = 132: (0, 0, 0, 0, 15, 11, 29, 11, 49, 31, 0, 19, 3, 0, 38, 50, 20, 0, 0, 0, 0, 4, 0, 33, 5, 0, 0, 0, 0, 0, 0, 0)
s = 133: (0, 0, 0, 0, 20, 7, 18, 8, 74, 30, 0, 44, 6, 0, 43, 47, 14, 0, 0, 0, 0, 4, 0, 43, 5, 0, 0, 0, 0, 0, 0, 0)
s = 134: (0, 0, 0, 0, 11, 8, 21, 10, 110, 21, 0, 34, 4, 0, 20, 45, 11, 0, 0, 0, 0, 3, 0, 30, 9, 0, 0, 0, 0, 0, 0, 0)
s = 135: (0, 0, 0, 0, 28, 9, 49, 7, 104, 37, 0, 20, 3, 0, 19, 38, 11, 0, 0, 0, 0, 3, 0, 35, 4, 0, 0, 0, 0, 0, 0, 0)
s = 136: (0, 0, 0, 0, 14, 13, 24, 10, 65, 30, 0, 22, 3, 0, 21, 55, 13, 0, 0, 0, 0, 4, 0, 20, 7, 0, 0, 0, 0, 0, 0, 0)
s = 137: (0, 0, 0, 0, 19, 10, 24, 8, 90, 30, 0, 31, 2, 0, 15, 87, 9, 0, 0, 0, 0, 5, 0, 32, 7, 0, 0, 0, 0, 0, 0, 0)
s = 138: (0, 0, 0, 0, 18, 9, 33, 10, 81, 20, 0, 23, 3, 0, 30, 57, 12, 0, 0, 0, 0, 5, 0, 25, 11, 0, 0, 0, 0, 0, 0, 0)
s = 139: (0, 0, 0, 0, 16, 7, 28, 8, 79, 30, 0, 19, 4, 0, 25, 97, 9, 0, 0, 0, 0, 5, 0, 59, 6, 0, 0, 0, 0, 0, 0, 0)
s = 140: (0, 0, 0, 0, 13, 6, 21, 7, 108, 25, 0, 28, 4, 0, 33, 57, 12, 0, 0, 0, 0, 6, 0, 40, 8, 0, 0, 0, 0, 0, 0, 0)
s = 141: (0, 0, 0, 0, 27, 7, 25, 7, 77, 54, 0, 13, 3, 0, 21, 52, 12, 0, 0, 0, 0, 5, 0, 26, 11, 0, 0, 0, 0, 0, 0, 0)
s = 142: (0, 0, 0, 0, 17, 5, 23, 8, 136, 26, 0, 21, 5, 0, 31, 53, 16, 0, 0, 0, 0, 5, 0, 33, 7, 0, 0, 0, 0, 0, 0, 0)
s = 143: (0, 0, 0, 0, 16, 7, 30, 8, 114, 23, 0, 17, 3, 0, 34, 78, 12, 0, 0, 0, 0, 5, 0, 40, 10, 0, 0, 0, 0, 0, 0, 0)
s = 144: (0, 0, 0, 0, 16, 14, 25, 12, 79, 21, 0, 24, 4, 0, 39, 74, 16, 0, 0, 0, 0, 6, 0, 26, 9, 0, 0, 0, 0, 0, 0, 0)
s = 145: (0, 0, 0, 0, 23, 11, 54, 11, 94, 41, 0, 20, 3, 0, 26, 58, 15, 0, 0, 0, 0, 4, 0, 29, 4, 0, 0, 0, 0, 0, 0, 0)
s = 146: (0, 0, 0, 0, 20, 7, 26, 9, 87, 24, 0, 21, 3, 0, 21, 76, 21, 0, 0, 0, 0, 6, 0, 24, 8, 0, 0, 0, 0, 0, 0, 0)
s = 147: (0, 0, 0, 0, 21, 9, 23, 7, 64, 36, 0, 24, 5, 0, 23, 68, 17, 0, 0, 0, 0, 4, 0, 25, 8, 0, 0, 0, 0, 0, 0, 0)
s = 148: (0, 0, 0, 0, 12, 11, 16, 10, 105, 20, 0, 17, 4, 0, 19, 46, 18, 0, 0, 0, 0, 5, 0, 27, 6, 0, 0, 0, 0, 0, 0, 0)
s = 149: (0, 0, 0, 0, 15, 8, 24, 8, 72, 22, 0, 21, 3, 0, 22, 40, 12, 0, 0, 0, 0, 7, 0, 38, 6, 0, 0, 0, 0, 0, 0, 0)
s = 150: (0, 0, 0, 0, 17, 7, 20, 11, 125, 38, 0, 21, 3, 0, 34, 61, 12, 0, 0, 0, 0, 3, 0, 41, 6, 0, 0, 0, 0, 0, 0, 0)
s = 151: (0, 0, 0, 0, 21, 15, 26, 7, 102, 30, 0, 34, 3, 0, 27, 62, 17, 0, 0, 0, 0, 5, 0, 41, 5, 0, 0, 0, 0, 0, 0, 0)
s = 152: (0, 0, 0, 0, 26, 11, 32, 9, 60, 28, 0, 26, 4, 0, 24, 68, 13, 0, 0, 0, 0, 5, 0, 52, 7, 0, 0, 0, 0, 0, 0, 0)
s = 153: (0, 0, 0, 0, 16, 9, 33, 12, 72, 28, 0, 15, 4, 0, 31, 47, 15, 0, 0, 0, 0, 3, 0, 55, 8, 0, 0, 0, 0, 0, 0, 0)
s = 154: (0, 0, 0, 0, 16, 7, 29, 10, 76, 26, 0, 23, 3, 0, 39, 71, 11, 0, 0, 0, 0, 3, 0, 36, 6, 0, 0, 0, 0, 0, 0, 0)
s = 155: (0, 0, 0, 0, 27, 7, 27, 6, 63, 33, 0, 22, 3, 0, 37, 36, 14, 0, 0, 0, 0, 5, 0, 24, 11, 0, 0, 0, 0, 0, 0, 0)
s = 156: (0, 0, 0, 0, 12, 5, 39, 10, 95, 42, 0, 17, 4, 0, 19, 62, 10, 0, 0, 0, 0, 4, 0, 61, 5, 0, 0, 0, 0, 0, 0, 0)
s = 157: (0, 0, 0, 0, 20, 8, 44, 8, 82, 31, 0, 34, 4, 0, 31, 67, 16, 0, 0, 0, 0, 5, 0, 29, 5, 0, 0, 0, 0, 0, 0, 0)
s = 158: (0, 0, 0, 0, 11, 7, 26, 11, 125, 30, 0, 17, 3, 0, 36, 63, 13, 0, 0, 0, 0, 5, 0, 24, 8, 0, 0, 0, 0, 0, 0, 0)
s = 159: (0, 0, 0, 0, 15, 8, 25, 10, 63, 21, 0, 27, 2, 0, 27, 46, 14, 0, 0, 0, 0, 5, 0, 30, 5, 0, 0, 0, 0, 0, 0, 0)
s = 160: (0, 0, 0, 0, 24, 7, 31, 6, 60, 17, 0, 34, 3, 0, 25, 75, 16, 0, 0, 0, 0, 5, 0, 28, 9, 0, 0, 0, 0, 0, 0, 0)
s = 161: (0, 0, 0, 0, 21, 6, 23, 7, 124, 33, 0, 17, 3, 0, 36, 44, 12, 0, 0, 0, 0, 4, 0, 33, 6, 0, 0, 0, 0, 0, 0, 0)
s = 162: (0, 0, 0, 0, 15, 6, 25, 11, 85, 20, 0, 27, 4, 0, 22, 47, 10, 0, 0, 0, 0, 4, 0, 24, 9, 0, 0, 0, 0, 0, 0, 0)
s = 163: (0, 0, 0, 0, 19, 11, 32, 10, 94, 31, 0, 38, 3, 0, 36, 100, 20, 0, 0, 0, 0, 5, 0, 35, 7, 0, 0, 0, 0, 0, 0, 0)
s = 164: (0, 0, 0, 0, 16, 12, 19, 5, 104, 34, 0, 23, 4, 0, 45, 68, 16, 0, 0, 0, 0, 5, 0, 51, 7, 0, 0, 0, 0, 0, 0, 0)
s = 165: (0, 0, 0, 0, 22, 7, 26, 6, 81, 34, 0, 30, 3, 0, 22, 56, 16, 0, 0, 0, 0, 5, 0, 39, 8, 0, 0, 0, 0, 0, 0, 0)
s = 166: (0, 0, 0, 0, 22, 8, 25, 10, 95, 27, 0, 21, 5, 0, 24, 48, 15, 0, 0, 0, 0, 4, 0, 39, 10, 0, 0, 0, 0, 0, 0, 0)
s = 167: (0, 0, 0, 0, 26, 12, 29, 8, 91, 28, 0, 27, 4, 0, 15, 61, 22, 0, 0, 0, 0, 4, 0, 51, 7, 0, 0, 0, 0, 0, 0, 0)
s = 168: (0, 0, 0, 0, 21, 5, 41, 7, 76, 27, 0, 23, 3, 0, 35, 69, 9, 0, 0, 0, 0, 6, 0, 42, 8, 0, 0, 0, 0, 0, 0, 0)
s = 169: (0, 0, 0, 0, 29, 8, 29, 13, 80, 59, 0, 21, 5, 0, 26, 58, 16, 0, 0, 0, 0, 6, 0, 39, 6, 0, 0, 0, 0, 0, 0, 0)
s = 170: (0, 0, 0, 0, 15, 6, 21, 12, 69, 28, 0, 32, 5, 0, 26, 50, 10, 0, 0, 0, 0, 5, 0, 31, 5, 0, 0, 0, 0, 0, 0, 0)
s = 171: (0, 0, 0, 0, 16, 6, 21, 9, 47, 35, 0, 43, 2, 0, 20, 61, 12, 0, 0, 0, 0, 3, 0, 27, 7, 0, 0, 0, 0, 0, 0, 0)
s = 172: (0, 0, 0, 0, 12, 8, 25, 6, 52, 24, 0, 22, 4, 0, 29, 54, 11, 0, 0, 0, 0, 3, 0, 24, 7, 0, 0, 0, 0, 0, 0, 0)
s = 173: (0, 0, 0, 0, 14, 6, 24, 14, 118, 49, 0, 15, 4, 0, 19, 64, 9, 0, 0, 0, 0, 5, 0, 37, 11, 0, 0, 0, 0, 0, 0, 0)
s = 174: (0, 0, 0, 0, 16, 8, 34, 12, 44, 25, 0, 23, 4, 0, 47, 74, 17, 0, 0, 0, 0, 5, 0, 47, 10, 0, 0, 0, 0, 0, 0, 0)
s = 175: (0, 0, 0, 0, 13, 6, 33, 8, 115, 31, 0, 21, 3, 0, 21, 44, 17, 0, 0, 0, 0, 4, 0, 31, 8, 0, 0, 0, 0, 0, 0, 0)
s = 176: (0, 0, 0, 0, 21, 10, 29, 8, 102, 32, 0, 25, 3, 0, 29, 84, 12, 0, 0, 0, 0, 5, 0, 35, 8, 0, 0, 0, 0, 0, 0, 0)
s = 177: (0, 0, 0, 0, 22, 9, 24, 9, 156, 35, 0, 37, 4, 0, 34, 65, 15, 0, 0, 0, 0, 4, 0, 59, 4, 0, 0, 0, 0, 0, 0, 0)
s = 178: (0, 0, 0, 0, 13, 10, 20, 8, 65, 22, 0, 22, 4, 0, 22, 104, 10, 0, 0, 0, 0, 4, 0, 48, 5, 0, 0, 0, 0, 0, 0, 0)
s = 179: (0, 0, 0, 0, 15, 8, 34, 6, 51, 21, 0, 26, 3, 0, 19, 65, 18, 0, 0, 0, 0, 3, 0, 35, 5, 0, 0, 0, 0, 0, 0, 0)
s = 180: (0, 0, 0, 0, 31, 8, 27, 11, 122, 23, 0, 28, 3, 0, 36, 58, 14, 0, 0, 0, 0, 4, 0, 30, 7, 0, 0, 0, 0, 0, 0, 0)
s = 181: (0, 0, 0, 0, 12, 6, 35, 10, 94, 20, 0, 27, 5, 0, 34, 63, 15, 0, 0, 0, 0, 4, 0, 39, 6, 0, 0, 0, 0, 0, 0, 0)
s = 182: (0, 0, 0, 0, 26, 10, 33, 7, 114, 23, 0, 31, 4, 0, 23, 46, 25, 0, 0, 0, 0, 5, 0, 37, 8, 0, 0, 0, 0, 0, 0, 0)
s = 183: (0, 0, 0, 0, 19, 13, 35, 11, 124, 28, 0, 13, 3, 0, 35, 80, 13, 0, 0, 0, 0, 5, 0, 37, 7, 0, 0, 0, 0, 0, 0, 0)
s = 184: (0, 0, 0, 0, 14, 7, 25, 9, 98, 37, 0, 31, 2, 0, 29, 56, 17, 0, 0, 0, 0, 4, 0, 63, 7, 0, 0, 0, 0, 0, 0, 0)
s = 185: (0, 0, 0, 0, 26, 6, 26, 8, 107, 35, 0, 24, 5, 0, 24, 50, 13, 0, 0, 0, 0, 3, 0, 21, 6, 0, 0, 0, 0, 0, 0, 0)
s = 186: (0, 0, 0, 0, 34, 6, 30, 6, 54, 51, 0, 17, 4, 0, 21, 39, 18, 0, 0, 0, 0, 3, 0, 50, 6, 0, 0, 0, 0, 0, 0, 0)
s = 187: (0, 0, 0, 0, 17, 8, 17, 11, 52, 36, 0, 16, 3, 0, 23, 57, 10, 0, 0, 0, 0, 5, 0, 52, 6, 0, 0, 0, 0, 0, 0, 0)
s = 188: (0, 0, 0, 0, 16, 12, 36, 12, 86, 19, 0, 18, 3, 0, 22, 70, 22, 0, 0, 0, 0, 5, 0, 48, 7, 0, 0, 0, 0, 0, 0, 0)
s = 189: (0, 0, 0, 0, 14, 7, 18, 11, 81, 48, 0, 24, 3, 0, 40, 62, 14, 0, 0, 0, 0, 3, 0, 36, 5, 0, 0, 0, 0, 0, 0, 0)
s = 190: (0, 0, 0, 0, 22, 10, 34, 8, 106, 19, 0, 29, 3, 0, 29, 89, 12, 0, 0, 0, 0, 6, 0, 35, 8, 0, 0, 0, 0, 0, 0, 0)
s = 191: (0, 0, 0, 0, 14, 8, 28, 9, 61, 48, 0, 31, 2, 0, 23, 41, 14, 0, 0, 0, 0, 3, 0, 46, 9, 0, 0, 0, 0, 0, 0, 0)
s = 192: (0, 0, 0, 0, 15, 5, 27, 10, 66, 25, 0, 32, 3, 0, 20, 119, 18, 0, 0, 0, 0, 5, 0, 47, 8, 0, 0, 0, 0, 0, 0, 0)
s = 193: (0, 0, 0, 0, 20, 7, 28, 9, 75, 31, 0, 20, 5, 0, 17, 36, 14, 0, 0, 0, 0, 5, 0, 35, 5, 0, 0, 0, 0, 0, 0, 0)
s = 194: (0, 0, 0, 0, 21, 8, 21, 10, 98, 36, 0, 25, 5, 0, 28, 48, 17, 0, 0, 0, 0, 4, 0, 24, 6, 0, 0, 0, 0, 0, 0, 0)
s = 195: (0, 0, 0, 0, 22, 8, 47, 7, 95, 20, 0, 38, 4, 0, 44, 60, 15, 0, 0, 0, 0, 5, 0, 31, 7, 0, 0, 0, 0, 0, 0, 0)
s = 196: (0, 0, 0, 0, 22, 8, 19, 8, 49, 31, 0, 17, 2, 0, 21, 45, 11, 0, 0, 0, 0, 6, 0, 37, 4, 0, 0, 0, 0, 0, 0, 0)
s = 197: (0, 0, 0, 0, 28, 6, 24, 7, 65, 31, 0, 19, 4, 0, 23, 36, 19, 0, 0, 0, 0, 4, 0, 26, 8, 0, 0, 0, 0, 0, 0, 0)
s = 198: (0, 0, 0, 0, 27, 6, 29, 9, 49, 23, 0, 23, 4, 0, 33, 54, 9, 0, 0, 0, 0, 5, 0, 21, 6, 0, 0, 0, 0, 0, 0, 0)
s = 199: (0, 0, 0, 0, 14, 7, 37, 6, 128, 27, 0, 17, 5, 0, 52, 42, 16, 0, 0, 0, 0, 6, 0, 26, 6, 0, 0, 0, 0, 0, 0, 0)
s = 200: (0, 0, 0, 0, 14, 8, 36, 17, 78, 29, 0, 30, 5, 0, 17, 48, 14, 0, 0, 0, 0, 3, 0, 22, 11, 0, 0, 0, 0, 0, 0, 0)
------------------------------------------------------------------------
RESOURCE k = 3
s = 1: (0, 0, 32, 24, 0, 3, 21, 0, 98, 0, 0, 8, 6, 19, 12, 0, 0, 0, 8, 31, 0, 23, 0, 74, 0, 14, 0, 66, 89, 0, 68, 0)
s = 2: (0, 0, 30, 29, 0, 2, 19, 0, 102, 0, 0, 16, 10, 22, 16, 0, 0, 0, 7, 31, 0, 21, 0, 115, 0, 11, 0, 45, 67, 0, 64, 0)
s = 3: (0, 0, 56, 24, 0, 3, 22, 0, 76, 0, 0, 13, 7, 39, 16, 0, 0, 0, 12, 36, 0, 16, 0, 64, 0, 15, 0, 47, 66, 0, 83, 0)
s = 4: (0, 0, 34, 31, 0, 2, 20, 0, 105, 0, 0, 10, 5, 22, 13, 0, 0, 0, 5, 42, 0, 11, 0, 85, 0, 29, 0, 61, 64, 0, 104, 0)
s = 5: (0, 0, 29, 41, 0, 2, 30, 0, 92, 0, 0, 11, 7, 19, 9, 0, 0, 0, 6, 28, 0, 15, 0, 68, 0, 27, 0, 31, 110, 0, 58, 0)
s = 6: (0, 0, 60, 39, 0, 2, 20, 0, 117, 0, 0, 9, 6, 15, 11, 0, 0, 0, 9, 45, 0, 14, 0, 93, 0, 15, 0, 61, 90, 0, 57, 0)
s = 7: (0, 0, 27, 51, 0, 3, 27, 0, 95, 0, 0, 13, 9, 17, 16, 0, 0, 0, 7, 42, 0, 15, 0, 90, 0, 16, 0, 51, 63, 0, 53, 0)
s = 8: (0, 0, 45, 30, 0, 2, 16, 0, 90, 0, 0, 15, 7, 33, 16, 0, 0, 0, 9, 56, 0, 11, 0, 103, 0, 33, 0, 66, 82, 0, 51, 0)
s = 9: (0, 0, 34, 23, 0, 3, 21, 0, 64, 0, 0, 9, 10, 38, 9, 0, 0, 0, 5, 33, 0, 8, 0, 58, 0, 15, 0, 59, 86, 0, 64, 0)
s = 10: (0, 0, 34, 17, 0, 3, 24, 0, 77, 0, 0, 11, 9, 23, 10, 0, 0, 0, 5, 40, 0, 11, 0, 48, 0, 16, 0, 74, 62, 0, 47, 0)
s = 11: (0, 0, 35, 22, 0, 2, 13, 0, 82, 0, 0, 18, 9, 22, 10, 0, 0, 0, 9, 53, 0, 12, 0, 82, 0, 16, 0, 27, 78, 0, 79, 0)
s = 12: (0, 0, 48, 55, 0, 2, 13, 0, 64, 0, 0, 15, 5, 23, 21, 0, 0, 0, 6, 47, 0, 8, 0, 74, 0, 20, 0, 83, 99, 0, 83, 0)
s = 13: (0, 0, 44, 19, 0, 2, 14, 0, 87, 0, 0, 11, 10, 21, 14, 0, 0, 0, 7, 81, 0, 10, 0, 64, 0, 20, 0, 32, 103, 0, 87, 0)
s = 14: (0, 0, 43, 26, 0, 2, 14, 0, 100, 0, 0, 13, 5, 25, 11, 0, 0, 0, 9, 66, 0, 10, 0, 54, 0, 19, 0, 44, 45, 0, 134, 0)
s = 15: (0, 0, 48, 26, 0, 3, 32, 0, 59, 0, 0, 12, 10, 19, 9, 0, 0, 0, 7, 37, 0, 15, 0, 93, 0, 27, 0, 50, 63, 0, 125, 0)
s = 16: (0, 0, 39, 24, 0, 2, 16, 0, 95, 0, 0, 8, 7, 23, 17, 0, 0, 0, 11, 26, 0, 15, 0, 64, 0, 13, 0, 46, 47, 0, 111, 0)
s = 17: (0, 0, 42, 26, 0, 2, 22, 0, 92, 0, 0, 10, 6, 18, 19, 0, 0, 0, 5, 59, 0, 14, 0, 81, 0, 17, 0, 58, 73, 0, 88, 0)
s = 18: (0, 0, 58, 18, 0, 2, 30, 0, 93, 0, 0, 14, 13, 25, 8, 0, 0, 0, 7, 27, 0, 15, 0, 48, 0, 29, 0, 43, 48, 0, 63, 0)
s = 19: (0, 0, 44, 30, 0, 2, 26, 0, 63, 0, 0, 9, 7, 17, 17, 0, 0, 0, 7, 39, 0, 11, 0, 82, 0, 19, 0, 41, 66, 0, 99, 0)
s = 20: (0, 0, 35, 53, 0, 2, 16, 0, 74, 0, 0, 15, 6, 29, 20, 0, 0, 0, 7, 53, 0, 11, 0, 60, 0, 24, 0, 38, 57, 0, 82, 0)
s = 21: (0, 0, 54, 17, 0, 2, 28, 0, 128, 0, 0, 9, 5, 17, 16, 0, 0, 0, 13, 40, 0, 22, 0, 86, 0, 13, 0, 63, 58, 0, 89, 0)
s = 22: (0, 0, 53, 26, 0, 2, 17, 0, 53, 0, 0, 18, 6, 22, 15, 0, 0, 0, 7, 38, 0, 12, 0, 59, 0, 20, 0, 44, 49, 0, 93, 0)
s = 23: (0, 0, 41, 47, 0, 2, 13, 0, 87, 0, 0, 9, 7, 26, 19, 0, 0, 0, 8, 33, 0, 24, 0, 47, 0, 20, 0, 41, 69, 0, 72, 0)
s = 24: (0, 0, 45, 28, 0, 3, 20, 0, 127, 0, 0, 13, 8, 23, 12, 0, 0, 0, 6, 33, 0, 13, 0, 75, 0, 14, 0, 28, 89, 0, 77, 0)
s = 25: (0, 0, 42, 39, 0, 2, 18, 0, 101, 0, 0, 8, 7, 24, 12, 0, 0, 0, 7, 42, 0, 9, 0, 123, 0, 15, 0, 33, 46, 0, 82, 0)
s = 26: (0, 0, 42, 25, 0, 2, 14, 0, 99, 0, 0, 11, 7, 26, 14, 0, 0, 0, 6, 31, 0, 13, 0, 75, 0, 17, 0, 33, 86, 0, 56, 0)
s = 27: (0, 0, 30, 44, 0, 4, 25, 0, 75, 0, 0, 10, 5, 39, 11, 0, 0, 0, 7, 58, 0, 14, 0, 78, 0, 16, 0, 49, 57, 0, 67, 0)
s = 28: (0, 0, 45, 18, 0, 2, 13, 0, 69, 0, 0, 20, 11, 24, 8, 0, 0, 0, 8, 51, 0, 20, 0, 71, 0, 22, 0, 64, 76, 0, 94, 0)
s = 29: (0, 0, 34, 19, 0, 4, 17, 0, 89, 0, 0, 9, 8, 23, 18, 0, 0, 0, 7, 57, 0, 10, 0, 85, 0, 20, 0, 50, 70, 0, 103, 0)
s = 30: (0, 0, 55, 17, 0, 3, 17, 0, 96, 0, 0, 9, 7, 21, 10, 0, 0, 0, 7, 52, 0, 15, 0, 59, 0, 17, 0, 59, 67, 0, 56, 0)
s = 31: (0, 0, 47, 26, 0, 3, 19, 0, 72, 0, 0, 13, 6, 29, 13, 0, 0, 0, 6, 42, 0, 19, 0, 58, 0, 23, 0, 27, 93, 0, 102, 0)
s = 32: (0, 0, 70, 20, 0, 3, 24, 0, 58, 0, 0, 7, 9, 17, 16, 0, 0, 0, 6, 44, 0, 13, 0, 56, 0, 16, 0, 56, 53, 0, 102, 0)
s = 33: (0, 0, 28, 34, 0, 2, 20, 0, 73, 0, 0, 7, 6, 15, 12, 0, 0, 0, 6, 42, 0, 15, 0, 64, 0, 16, 0, 45, 66, 0, 67, 0)
s = 34: (0, 0, 67, 21, 0, 2, 17, 0, 100, 0, 0, 9, 7, 26, 8, 0, 0, 0, 11, 27, 0, 9, 0, 100, 0, 14, 0, 26, 39, 0, 77, 0)
s = 35: (0, 0, 26, 21, 0, 2, 25, 0, 72, 0, 0, 14, 9, 16, 14, 0, 0, 0, 8, 53, 0, 13, 0, 97, 0, 21, 0, 39, 119, 0, 82, 0)
s = 36: (0, 0, 23, 22, 0, 2, 20, 0, 102, 0, 0, 13, 6, 38, 9, 0, 0, 0, 6, 29, 0, 15, 0, 94, 0, 18, 0, 43, 65, 0, 81, 0)
s = 37: (0, 0, 41, 30, 0, 3, 11, 0, 93, 0, 0, 8, 6, 18, 13, 0, 0, 0, 8, 45, 0, 15, 0, 51, 0, 21, 0, 45, 74, 0, 81, 0)
s = 38: (0, 0, 46, 27, 0, 2, 22, 0, 83, 0, 0, 16, 4, 25, 17, 0, 0, 0, 9, 54, 0, 14, 0, 66, 0, 25, 0, 47, 63, 0, 103, 0)
s = 39: (0, 0, 26, 25, 0, 2, 21, 0, 89, 0, 0, 14, 8, 42, 12, 0, 0, 0, 6, 38, 0, 11, 0, 61, 0, 21, 0, 35, 58, 0, 92, 0)
s = 40: (0, 0, 28, 37, 0, 4, 16, 0, 95, 0, 0, 13, 10, 36, 15, 0, 0, 0, 5, 59, 0, 16, 0, 109, 0, 29, 0, 60, 64, 0, 76, 0)
s = 41: (0, 0, 28, 31, 0, 3, 16, 0, 109, 0, 0, 18, 6, 38, 18, 0, 0, 0, 9, 42, 0, 17, 0, 113, 0, 31, 0, 72, 44, 0, 57, 0)
s = 42: (0, 0, 36, 34, 0, 2, 27, 0, 56, 0, 0, 9, 10, 21, 9, 0, 0, 0, 7, 35, 0, 10, 0, 92, 0, 14, 0, 47, 81, 0, 63, 0)
s = 43: (0, 0, 41, 24, 0, 2, 25, 0, 65, 0, 0, 17, 7, 26, 13, 0, 0, 0, 7, 47, 0, 13, 0, 69, 0, 22, 0, 41, 71, 0, 49, 0)
s = 44: (0, 0, 38, 34, 0, 2, 19, 0, 54, 0, 0, 17, 10, 16, 16, 0, 0, 0, 7, 41, 0, 12, 0, 96, 0, 27, 0, 70, 47, 0, 77, 0)
s = 45: (0, 0, 32, 41, 0, 2, 31, 0, 94, 0, 0, 16, 5, 16, 19, 0, 0, 0, 8, 49, 0, 19, 0, 57, 0, 37, 0, 61, 57, 0, 63, 0)
s = 46: (0, 0, 61, 19, 0, 4, 15, 0, 49, 0, 0, 9, 11, 36, 14, 0, 0, 0, 8, 58, 0, 11, 0, 112, 0, 16, 0, 32, 89, 0, 50, 0)
s = 47: (0, 0, 41, 19, 0, 3, 15, 0, 82, 0, 0, 12, 10, 23, 18, 0, 0, 0, 7, 76, 0, 15, 0, 87, 0, 15, 0, 33, 53, 0, 63, 0)
s = 48: (0, 0, 28, 42, 0, 3, 24, 0, 90, 0, 0, 14, 11, 46, 14, 0, 0, 0, 8, 40, 0, 21, 0, 71, 0, 18, 0, 29, 87, 0, 107, 0)
s = 49: (0, 0, 51, 22, 0, 3, 24, 0, 87, 0, 0, 18, 7, 14, 12, 0, 0, 0, 5, 38, 0, 18, 0, 133, 0, 24, 0, 68, 59, 0, 48, 0)
s = 50: (0, 0, 57, 22, 0, 3, 19, 0, 79, 0, 0, 10, 13, 39, 9, 0, 0, 0, 6, 35, 0, 16, 0, 100, 0, 19, 0, 76, 78, 0, 56, 0)
s = 51: (0, 0, 35, 22, 0, 2, 27, 0, 102, 0, 0, 11, 4, 15, 22, 0, 0, 0, 11, 54, 0, 11, 0, 88, 0, 15, 0, 41, 58, 0, 103, 0)
s = 52: (0, 0, 50, 35, 0, 3, 23, 0, 139, 0, 0, 18, 8, 31, 10, 0, 0, 0, 11, 42, 0, 11, 0, 66, 0, 22, 0, 53, 93, 0, 75, 0)
s = 53: (0, 0, 42, 24, 0, 3, 21, 0, 73, 0, 0, 15, 6, 15, 22, 0, 0, 0, 9, 40, 0, 15, 0, 86, 0, 32, 0, 56, 68, 0, 65, 0)
s = 54: (0, 0, 47, 17, 0, 2, 20, 0, 80, 0, 0, 10, 7, 30, 7, 0, 0, 0, 5, 41, 0, 15, 0, 76, 0, 23, 0, 37, 52, 0, 66, 0)
s = 55: (0, 0, 48, 28, 0, 2, 23, 0, 70, 0, 0, 10, 6, 31, 7, 0, 0, 0, 7, 30, 0, 21, 0, 61, 0, 16, 0, 50, 45, 0, 66, 0)
s = 56: (0, 0, 42, 28, 0, 3, 13, 0, 83, 0, 0, 13, 7, 16, 16, 0, 0, 0, 6, 34, 0, 16, 0, 91, 0, 30, 0, 75, 63, 0, 63, 0)
s = 57: (0, 0, 40, 28, 0, 3, 18, 0, 97, 0, 0, 8, 6, 21, 9, 0, 0, 0, 8, 51, 0, 12, 0, 95, 0, 20, 0, 62, 67, 0, 68, 0)
s = 58: (0, 0, 50, 40, 0, 2, 16, 0, 70, 0, 0, 12, 8, 26, 16, 0, 0, 0, 8, 30, 0, 15, 0, 90, 0, 21, 0, 62, 48, 0, 93, 0)
s = 59: (0, 0, 46, 20, 0, 2, 20, 0, 59, 0, 0, 15, 7, 20, 16, 0, 0, 0, 7, 67, 0, 24, 0, 84, 0, 26, 0, 67, 77, 0, 75, 0)
s = 60: (0, 0, 39, 24, 0, 2, 30, 0, 61, 0, 0, 15, 7, 20, 12, 0, 0, 0, 9, 48, 0, 11, 0, 68, 0, 14, 0, 55, 83, 0, 140, 0)
s = 61: (0, 0, 46, 20, 0, 3, 22, 0, 87, 0, 0, 20, 6, 33, 10, 0, 0, 0, 8, 49, 0, 14, 0, 84, 0, 19, 0, 44, 78, 0, 65, 0)
s = 62: (0, 0, 40, 19, 0, 2, 28, 0, 82, 0, 0, 13, 8, 16, 20, 0, 0, 0, 8, 65, 0, 25, 0, 105, 0, 22, 0, 72, 67, 0, 121, 0)
s = 63: (0, 0, 28, 31, 0, 3, 23, 0, 76, 0, 0, 14, 6, 16, 11, 0, 0, 0, 6, 43, 0, 11, 0, 77, 0, 15, 0, 61, 47, 0, 109, 0)
s = 64: (0, 0, 43, 22, 0, 3, 41, 0, 114, 0, 0, 12, 6, 19, 12, 0, 0, 0, 7, 34, 0, 11, 0, 71, 0, 28, 0, 41, 67, 0, 92, 0)
s = 65: (0, 0, 22, 21, 0, 3, 12, 0, 124, 0, 0, 10, 8, 34, 13, 0, 0, 0, 10, 42, 0, 14, 0, 76, 0, 23, 0, 37, 59, 0, 58, 0)
s = 66: (0, 0, 28, 46, 0, 3, 25, 0, 51, 0, 0, 10, 11, 18, 14, 0, 0, 0, 9, 54, 0, 12, 0, 73, 0, 21, 0, 67, 53, 0, 72, 0)
s = 67: (0, 0, 34, 25, 0, 2, 29, 0, 52, 0, 0, 9, 9, 22, 11, 0, 0, 0, 9, 45, 0, 11, 0, 68, 0, 17, 0, 55, 64, 0, 125, 0)
s = 68: (0, 0, 36, 17, 0, 3, 21, 0, 117, 0, 0, 8, 7, 31, 11, 0, 0, 0, 9, 35, 0, 11, 0, 56, 0, 25, 0, 35, 47, 0, 82, 0)
s = 69: (0, 0, 54, 18, 0, 2, 14, 0, 84, 0, 0, 11, 7, 19, 10, 0, 0, 0, 6, 44, 0, 13, 0, 61, 0, 31, 0, 66, 66, 0, 57, 0)
s = 70: (0, 0, 64, 16, 0, 3, 21, 0, 51, 0, 0, 9, 11, 18, 14, 0, 0, 0, 12, 52, 0, 11, 0, 88, 0, 21, 0, 54, 68, 0, 49, 0)
s = 71: (0, 0, 28, 19, 0, 2, 18, 0, 66, 0, 0, 8, 9, 21, 13, 0, 0, 0, 6, 32, 0, 15, 0, 88, 0, 19, 0, 33, 39, 0, 50, 0)
s = 72: (0, 0, 41, 17, 0, 3, 20, 0, 80, 0, 0, 14, 6, 35, 7, 0, 0, 0, 10, 60, 0, 14, 0, 79, 0, 19, 0, 37, 74, 0, 66, 0)
s = 73: (0, 0, 40, 30, 0, 2, 18, 0, 62, 0, 0, 10, 6, 30, 13, 0, 0, 0, 7, 46, 0, 14, 0, 88, 0, 22, 0, 55, 79, 0, 81, 0)
s = 74: (0, 0, 32, 26, 0, 2, 14, 0, 109, 0, 0, 9, 7, 18, 10, 0, 0, 0, 5, 51, 0, 11, 0, 80, 0, 20, 0, 41, 53, 0, 68, 0)
s = 75: (0, 0, 36, 38, 0, 2, 14, 0, 85, 0, 0, 9, 5, 34, 10, 0, 0, 0, 13, 38, 0, 13, 0, 116, 0, 26, 0, 61, 52, 0, 115, 0)
s = 76: (0, 0, 37, 25, 0, 2, 27, 0, 53, 0, 0, 12, 7, 30, 9, 0, 0, 0, 8, 24, 0, 13, 0, 70, 0, 21, 0, 58, 50, 0, 47, 0)
s = 77: (0, 0, 26, 36, 0, 2, 20, 0, 116, 0, 0, 13, 8, 16, 9, 0, 0, 0, 11, 29, 0, 12, 0, 90, 0, 14, 0, 31, 61, 0, 51, 0)
s = 78: (0, 0, 36, 27, 0, 2, 12, 0, 70, 0, 0, 7, 11, 21, 12, 0, 0, 0, 9, 33, 0, 11, 0, 81, 0, 14, 0, 42, 40, 0, 70, 0)
s = 79: (0, 0, 26, 39, 0, 3, 19, 0, 90, 0, 0, 9, 8, 33, 16, 0, 0, 0, 5, 38, 0, 16, 0, 74, 0, 17, 0, 41, 52, 0, 56, 0)
s = 80: (0, 0, 36, 54, 0, 3, 17, 0, 64, 0, 0, 13, 9, 29, 12, 0, 0, 0, 8, 38, 0, 19, 0, 82, 0, 34, 0, 56, 88, 0, 75, 0)
s = 81: (0, 0, 33, 30, 0, 2, 16, 0, 115, 0, 0, 7, 8, 31, 7, 0, 0, 0, 10, 37, 0, 13, 0, 49, 0, 17, 0, 50, 75, 0, 95, 0)
s = 82: (0, 0, 48, 44, 0, 2, 30, 0, 73, 0, 0, 11, 10, 27, 11, 0, 0, 0, 10, 39, 0, 19, 0, 141, 0, 22, 0, 52, 61, 0, 65, 0)
s = 83: (0, 0, 44, 25, 0, 3, 32, 0, 75, 0, 0, 9, 6, 17, 15, 0, 0, 0, 6, 41, 0, 9, 0, 47, 0, 18, 0, 34, 42, 0, 73, 0)
s = 84: (0, 0, 30, 42, 0, 2, 30, 0, 54, 0, 0, 13, 9, 25, 8, 0, 0, 0, 5, 51, 0, 21, 0, 97, 0, 16, 0, 33, 98, 0, 135, 0)
s = 85: (0, 0, 31, 20, 0, 2, 26, 0, 101, 0, 0, 17, 8, 14, 11, 0, 0, 0, 5, 59, 0, 10, 0, 66, 0, 17, 0, 57, 55, 0, 133, 0)
s = 86: (0, 0, 46, 27, 0, 2, 18, 0, 148, 0, 0, 19, 9, 34, 16, 0, 0, 0, 6, 31, 0, 15, 0, 72, 0, 23, 0, 35, 74, 0, 66, 0)
s = 87: (0, 0, 73, 22, 0, 2, 29, 0, 69, 0, 0, 19, 6, 20, 10, 0, 0, 0, 8, 36, 0, 14, 0, 56, 0, 17, 0, 33, 70, 0, 52, 0)
s = 88: (0, 0, 51, 27, 0, 3, 16, 0, 96, 0, 0, 15, 10, 21, 8, 0, 0, 0, 8, 56, 0, 16, 0, 91, 0, 23, 0, 55, 55, 0, 56, 0)
s = 89: (0, 0, 46, 33, 0, 2, 12, 0, 71, 0, 0, 13, 8, 34, 9, 0, 0, 0, 6, 46, 0, 16, 0, 58, 0, 15, 0, 36, 60, 0, 69, 0)
s = 90: (0, 0, 35, 30, 0, 3, 24, 0, 66, 0, 0, 11, 10, 15, 7, 0, 0, 0, 6, 31, 0, 9, 0, 106, 0, 23, 0, 55, 88, 0, 115, 0)
s = 91: (0, 0, 46, 32, 0, 3, 14, 0, 74, 0, 0, 10, 7, 15, 14, 0, 0, 0, 5, 34, 0, 13, 0, 62, 0, 17, 0, 46, 82, 0, 71, 0)
s = 92: (0, 0, 32, 28, 0, 4, 27, 0, 71, 0, 0, 12, 7, 28, 17, 0, 0, 0, 5, 46, 0, 12, 0, 94, 0, 17, 0, 36, 65, 0, 52, 0)
s = 93: (0, 0, 49, 22, 0, 2, 19, 0, 137, 0, 0, 14, 10, 27, 12, 0, 0, 0, 6, 55, 0, 23, 0, 73, 0, 21, 0, 48, 119, 0, 74, 0)
s = 94: (0, 0, 35, 30, 0, 3, 13, 0, 74, 0, 0, 12, 8, 14, 14, 0, 0, 0, 6, 25, 0, 10, 0, 56, 0, 19, 0, 65, 91, 0, 55, 0)
s = 95: (0, 0, 40, 29, 0, 2, 19, 0, 110, 0, 0, 15, 6, 33, 12, 0, 0, 0, 5, 72, 0, 22, 0, 50, 0, 17, 0, 46, 65, 0, 80, 0)
s = 96: (0, 0, 32, 17, 0, 2, 13, 0, 54, 0, 0, 7, 7, 26, 9, 0, 0, 0, 10, 46, 0, 10, 0, 82, 0, 20, 0, 47, 63, 0, 89, 0)
s = 97: (0, 0, 36, 26, 0, 2, 17, 0, 95, 0, 0, 13, 8, 36, 20, 0, 0, 0, 5, 40, 0, 8, 0, 46, 0, 24, 0, 33, 56, 0, 131, 0)
s = 98: (0, 0, 28, 29, 0, 3, 12, 0, 58, 0, 0, 10, 8, 19, 9, 0, 0, 0, 6, 42, 0, 10, 0, 91, 0, 18, 0, 81, 49, 0, 72, 0)
s = 99: (0, 0, 51, 37, 0, 3, 20, 0, 98, 0, 0, 13, 9, 22, 9, 0, 0, 0, 6, 39, 0, 12, 0, 75, 0, 14, 0, 61, 126, 0, 140, 0)
s = 100: (0, 0, 46, 27, 0, 2, 19, 0, 52, 0, 0, 12, 7, 26, 13, 0, 0, 0, 5, 32, 0, 14, 0, 131, 0, 17, 0, 43, 95, 0, 141, 0)
s = 101: (0, 0, 24, 30, 0, 3, 24, 0, 85, 0, 0, 21, 7, 29, 13, 0, 0, 0, 5, 36, 0, 22, 0, 46, 0, 12, 0, 68, 62, 0, 79, 0)
s = 102: (0, 0, 37, 33, 0, 3, 16, 0, 90, 0, 0, 13, 4, 13, 11, 0, 0, 0, 9, 37, 0, 15, 0, 58, 0, 20, 0, 42, 41, 0, 42, 0)
s = 103: (0, 0, 48, 19, 0, 2, 22, 0, 84, 0, 0, 14, 9, 20, 12, 0, 0, 0, 7, 56, 0, 13, 0, 106, 0, 22, 0, 30, 45, 0, 44, 0)
s = 104: (0, 0, 34, 35, 0, 4, 17, 0, 121, 0, 0, 13, 6, 34, 13, 0, 0, 0, 8, 59, 0, 19, 0, 51, 0, 13, 0, 45, 51, 0, 71, 0)
s = 105: (0, 0, 49, 28, 0, 2, 38, 0, 126, 0, 0, 12, 8, 38, 15, 0, 0, 0, 8, 28, 0, 15, 0, 57, 0, 36, 0, 55, 85, 0, 50, 0)
s = 106: (0, 0, 55, 19, 0, 4, 22, 0, 52, 0, 0, 9, 9, 19, 16, 0, 0, 0, 9, 25, 0, 17, 0, 54, 0, 20, 0, 58, 71, 0, 114, 0)
s = 107: (0, 0, 46, 21, 0, 2, 23, 0, 134, 0, 0, 14, 7, 25, 9, 0, 0, 0, 7, 37, 0, 13, 0, 51, 0, 22, 0, 47, 79, 0, 78, 0)
s = 108: (0, 0, 57, 29, 0, 2, 22, 0, 79, 0, 0, 10, 7, 43, 14, 0, 0, 0, 8, 56, 0, 22, 0, 64, 0, 22, 0, 63, 57, 0, 65, 0)
s = 109: (0, 0, 30, 34, 0, 2, 15, 0, 56, 0, 0, 10, 9, 19, 8, 0, 0, 0, 7, 34, 0, 20, 0, 102, 0, 22, 0, 64, 65, 0, 84, 0)
s = 110: (0, 0, 29, 20, 0, 2, 27, 0, 109, 0, 0, 15, 7, 22, 13, 0, 0, 0, 6, 54, 0, 15, 0, 71, 0, 19, 0, 38, 90, 0, 103, 0)
s = 111: (0, 0, 35, 37, 0, 4, 19, 0, 69, 0, 0, 9, 6, 40, 9, 0, 0, 0, 7, 37, 0, 14, 0, 90, 0, 27, 0, 56, 71, 0, 81, 0)
s = 112: (0, 0, 34, 25, 0, 2, 25, 0, 103, 0, 0, 11, 7, 15, 13, 0, 0, 0, 8, 25, 0, 15, 0, 61, 0, 15, 0, 34, 67, 0, 126, 0)
s = 113: (0, 0, 68, 42, 0, 2, 18, 0, 71, 0, 0, 13, 6, 23, 10, 0, 0, 0, 7, 36, 0, 9, 0, 58, 0, 22, 0, 69, 73, 0, 50, 0)
s = 114: (0, 0, 42, 34, 0, 3, 25, 0, 79, 0, 0, 18, 8, 29, 14, 0, 0, 0, 5, 64, 0, 18, 0, 116, 0, 18, 0, 58, 46, 0, 103, 0)
s = 115: (0, 0, 55, 34, 0, 4, 19, 0, 74, 0, 0, 15, 5, 23, 15, 0, 0, 0, 8, 35, 0, 16, 0, 80, 0, 15, 0, 38, 77, 0, 113, 0)
s = 116: (0, 0, 44, 27, 0, 2, 14, 0, 123, 0, 0, 12, 8, 24, 11, 0, 0, 0, 9, 52, 0, 10, 0, 85, 0, 12, 0, 30, 82, 0, 119, 0)
s = 117: (0, 0, 31, 31, 0, 3, 27, 0, 69, 0, 0, 15, 8, 27, 9, 0, 0, 0, 8, 32, 0, 11, 0, 65, 0, 22, 0, 39, 93, 0, 75, 0)
s = 118: (0, 0, 46, 24, 0, 2, 20, 0, 136, 0, 0, 9, 9, 15, 18, 0, 0, 0, 11, 50, 0, 17, 0, 47, 0, 21, 0, 33, 72, 0, 90, 0)
s = 119: (0, 0, 61, 22, 0, 3, 27, 0, 78, 0, 0, 11, 10, 17, 14, 0, 0, 0, 7, 37, 0, 11, 0, 125, 0, 14, 0, 51, 53, 0, 81, 0)
s = 120: (0, 0, 26, 23, 0, 3, 24, 0, 68, 0, 0, 13, 5, 17, 13, 0, 0, 0, 8, 34, 0, 12, 0, 78, 0, 31, 0, 71, 65, 0, 59, 0)
s = 121: (0, 0, 43, 22, 0, 3, 28, 0, 143, 0, 0, 16, 5, 30, 15, 0, 0, 0, 7, 27, 0, 13, 0, 61, 0, 17, 0, 33, 55, 0, 104, 0)
s = 122: (0, 0, 42, 31, 0, 3, 14, 0, 57, 0, 0, 9, 11, 18, 12, 0, 0, 0, 8, 53, 0, 11, 0, 67, 0, 19, 0, 54, 81, 0, 63, 0)
s = 123: (0, 0, 46, 31, 0, 3, 26, 0, 114, 0, 0, 13, 6, 16, 11, 0, 0, 0, 4, 45, 0, 15, 0, 113, 0, 22, 0, 49, 73, 0, 118, 0)
s = 124: (0, 0, 26, 30, 0, 3, 28, 0, 66, 0, 0, 15, 8, 25, 17, 0, 0, 0, 13, 24, 0, 14, 0, 71, 0, 20, 0, 55, 103, 0, 70, 0)
s = 125: (0, 0, 65, 31, 0, 2, 18, 0, 102, 0, 0, 7, 7, 24, 8, 0, 0, 0, 10, 39, 0, 14, 0, 55, 0, 18, 0, 35, 83, 0, 101, 0)
s = 126: (0, 0, 27, 43, 0, 2, 21, 0, 99, 0, 0, 15, 9, 24, 13, 0, 0, 0, 7, 39, 0, 16, 0, 68, 0, 18, 0, 39, 79, 0, 61, 0)
s = 127: (0, 0, 45, 32, 0, 3, 27, 0, 115, 0, 0, 15, 9, 20, 11, 0, 0, 0, 7, 63, 0, 25, 0, 111, 0, 28, 0, 28, 84, 0, 72, 0)
s = 128: (0, 0, 49, 24, 0, 2, 20, 0, 140, 0, 0, 9, 7, 27, 8, 0, 0, 0, 8, 43, 0, 20, 0, 81, 0, 23, 0, 32, 80, 0, 78, 0)
s = 129: (0, 0, 54, 33, 0, 3, 23, 0, 102, 0, 0, 21, 8, 38, 10, 0, 0, 0, 5, 33, 0, 13, 0, 120, 0, 23, 0, 46, 60, 0, 51, 0)
s = 130: (0, 0, 49, 19, 0, 3, 16, 0, 99, 0, 0, 14, 5, 20, 12, 0, 0, 0, 12, 28, 0, 15, 0, 71, 0, 26, 0, 37, 84, 0, 104, 0)
s = 131: (0, 0, 33, 40, 0, 2, 15, 0, 94, 0, 0, 11, 9, 35, 10, 0, 0, 0, 8, 39, 0, 9, 0, 86, 0, 19, 0, 41, 82, 0, 104, 0)
s = 132: (0, 0, 26, 35, 0, 3, 21, 0, 55, 0, 0, 10, 5, 25, 17, 0, 0, 0, 9, 66, 0, 13, 0, 73, 0, 15, 0, 62, 70, 0, 105, 0)
s = 133: (0, 0, 68, 31, 0, 2, 13, 0, 83, 0, 0, 22, 13, 32, 19, 0, 0, 0, 9, 55, 0, 12, 0, 96, 0, 27, 0, 53, 110, 0, 77, 0)
s = 134: (0, 0, 47, 42, 0, 2, 15, 0, 124, 0, 0, 17, 9, 28, 9, 0, 0, 0, 7, 44, 0, 9, 0, 67, 0, 12, 0, 45, 110, 0, 81, 0)
s = 135: (0, 0, 61, 23, 0, 3, 35, 0, 117, 0, 0, 10, 6, 16, 9, 0, 0, 0, 7, 43, 0, 10, 0, 78, 0, 27, 0, 57, 40, 0, 80, 0)
s = 136: (0, 0, 46, 33, 0, 4, 17, 0, 73, 0, 0, 11, 7, 18, 10, 0, 0, 0, 9, 42, 0, 14, 0, 44, 0, 23, 0, 66, 45, 0, 91, 0)
s = 137: (0, 0, 58, 25, 0, 3, 17, 0, 101, 0, 0, 16, 5, 33, 7, 0, 0, 0, 6, 39, 0, 16, 0, 72, 0, 25, 0, 49, 73, 0, 65, 0)
s = 138: (0, 0, 26, 17, 0, 3, 24, 0, 91, 0, 0, 12, 7, 20, 14, 0, 0, 0, 6, 42, 0, 15, 0, 56, 0, 14, 0, 43, 70, 0, 79, 0)
s = 139: (0, 0, 46, 37, 0, 2, 20, 0, 89, 0, 0, 10, 8, 22, 11, 0, 0, 0, 10, 47, 0, 15, 0, 133, 0, 25, 0, 38, 75, 0, 81, 0)
s = 140: (0, 0, 33, 31, 0, 2, 15, 0, 121, 0, 0, 14, 8, 20, 15, 0, 0, 0, 10, 45, 0, 19, 0, 88, 0, 12, 0, 36, 75, 0, 88, 0)
s = 141: (0, 0, 56, 25, 0, 2, 18, 0, 86, 0, 0, 7, 7, 20, 9, 0, 0, 0, 11, 62, 0, 16, 0, 59, 0, 21, 0, 48, 90, 0, 74, 0)
s = 142: (0, 0, 28, 40, 0, 2, 17, 0, 153, 0, 0, 11, 11, 23, 14, 0, 0, 0, 9, 61, 0, 17, 0, 74, 0, 12, 0, 57, 88, 0, 79, 0)
s = 143: (0, 0, 41, 38, 0, 2, 21, 0, 129, 0, 0, 9, 7, 19, 16, 0, 0, 0, 6, 29, 0, 18, 0, 90, 0, 15, 0, 51, 56, 0, 131, 0)
s = 144: (0, 0, 30, 24, 0, 4, 18, 0, 89, 0, 0, 12, 8, 25, 18, 0, 0, 0, 7, 56, 0, 18, 0, 57, 0, 21, 0, 26, 91, 0, 66, 0)
s = 145: (0, 0, 50, 22, 0, 3, 39, 0, 106, 0, 0, 10, 7, 42, 12, 0, 0, 0, 9, 65, 0, 13, 0, 64, 0, 20, 0, 78, 79, 0, 60, 0)
s = 146: (0, 0, 29, 29, 0, 2, 18, 0, 98, 0, 0, 11, 7, 42, 10, 0, 0, 0, 9, 69, 0, 20, 0, 54, 0, 14, 0, 41, 82, 0, 110, 0)
s = 147: (0, 0, 43, 33, 0, 3, 17, 0, 72, 0, 0, 12, 11, 24, 10, 0, 0, 0, 6, 53, 0, 13, 0, 56, 0, 13, 0, 45, 100, 0, 86, 0)
s = 148: (0, 0, 33, 39, 0, 3, 12, 0, 119, 0, 0, 9, 8, 17, 9, 0, 0, 0, 7, 35, 0, 16, 0, 60, 0, 19, 0, 55, 48, 0, 80, 0)
s = 149: (0, 0, 49, 34, 0, 2, 17, 0, 81, 0, 0, 11, 6, 26, 10, 0, 0, 0, 6, 70, 0, 25, 0, 86, 0, 14, 0, 50, 53, 0, 55, 0)
s = 150: (0, 0, 30, 22, 0, 2, 15, 0, 140, 0, 0, 11, 6, 16, 15, 0, 0, 0, 6, 52, 0, 9, 0, 91, 0, 19, 0, 39, 53, 0, 106, 0)
s = 151: (0, 0, 49, 34, 0, 4, 19, 0, 115, 0, 0, 17, 6, 34, 12, 0, 0, 0, 5, 25, 0, 15, 0, 92, 0, 17, 0, 27, 55, 0, 90, 0)
s = 152: (0, 0, 47, 20, 0, 3, 23, 0, 68, 0, 0, 13, 9, 34, 11, 0, 0, 0, 5, 45, 0, 15, 0, 117, 0, 13, 0, 34, 57, 0, 59, 0)
s = 153: (0, 0, 38, 31, 0, 3, 24, 0, 81, 0, 0, 8, 9, 21, 14, 0, 0, 0, 5, 63, 0, 10, 0, 123, 0, 16, 0, 35, 74, 0, 96, 0)
s = 154: (0, 0, 35, 28, 0, 2, 21, 0, 86, 0, 0, 12, 6, 35, 17, 0, 0, 0, 7, 59, 0, 10, 0, 81, 0, 31, 0, 41, 104, 0, 128, 0)
s = 155: (0, 0, 25, 29, 0, 2, 20, 0, 71, 0, 0, 11, 6, 31, 17, 0, 0, 0, 8, 36, 0, 17, 0, 54, 0, 26, 0, 37, 43, 0, 108, 0)
s = 156: (0, 0, 32, 21, 0, 2, 28, 0, 107, 0, 0, 9, 9, 23, 9, 0, 0, 0, 7, 27, 0, 12, 0, 137, 0, 31, 0, 73, 85, 0, 80, 0)
s = 157: (0, 0, 29, 22, 0, 2, 32, 0, 93, 0, 0, 17, 8, 23, 14, 0, 0, 0, 12, 57, 0, 15, 0, 64, 0, 14, 0, 54, 62, 0, 132, 0)
s = 158: (0, 0, 51, 33, 0, 2, 19, 0, 141, 0, 0, 9, 5, 16, 16, 0, 0, 0, 8, 62, 0, 16, 0, 54, 0, 34, 0, 40, 112, 0, 56, 0)
s = 159: (0, 0, 30, 31, 0, 2, 18, 0, 71, 0, 0, 14, 5, 20, 12, 0, 0, 0, 11, 30, 0, 17, 0, 68, 0, 22, 0, 91, 94, 0, 83, 0)
s = 160: (0, 0, 24, 17, 0, 2, 23, 0, 67, 0, 0, 17, 7, 26, 11, 0, 0, 0, 5, 30, 0, 18, 0, 61, 0, 18, 0, 40, 43, 0, 73, 0)
s = 161: (0, 0, 30, 22, 0, 2, 16, 0, 139, 0, 0, 9, 6, 15, 16, 0, 0, 0, 7, 31, 0, 11, 0, 73, 0, 22, 0, 79, 71, 0, 81, 0)
s = 162: (0, 0, 42, 41, 0, 2, 18, 0, 96, 0, 0, 14, 9, 35, 10, 0, 0, 0, 6, 40, 0, 13, 0, 54, 0, 13, 0, 58, 69, 0, 50, 0)
s = 163: (0, 0, 47, 30, 0, 3, 23, 0, 106, 0, 0, 19, 7, 21, 16, 0, 0, 0, 15, 48, 0, 17, 0, 77, 0, 26, 0, 29, 46, 0, 64, 0)
s = 164: (0, 0, 49, 21, 0, 3, 14, 0, 117, 0, 0, 12, 8, 38, 20, 0, 0, 0, 5, 42, 0, 18, 0, 114, 0, 27, 0, 87, 69, 0, 60, 0)
s = 165: (0, 0, 52, 36, 0, 2, 19, 0, 91, 0, 0, 15, 6, 16, 10, 0, 0, 0, 5, 35, 0, 15, 0, 87, 0, 27, 0, 37, 68, 0, 54, 0)
s = 166: (0, 0, 55, 27, 0, 2, 18, 0, 107, 0, 0, 11, 10, 29, 11, 0, 0, 0, 7, 65, 0, 12, 0, 88, 0, 14, 0, 43, 64, 0, 53, 0)
s = 167: (0, 0, 32, 23, 0, 3, 21, 0, 102, 0, 0, 14, 9, 25, 7, 0, 0, 0, 6, 56, 0, 12, 0, 115, 0, 25, 0, 64, 74, 0, 54, 0)
s = 168: (0, 0, 47, 37, 0, 2, 30, 0, 86, 0, 0, 12, 6, 17, 16, 0, 0, 0, 7, 46, 0, 21, 0, 94, 0, 21, 0, 46, 69, 0, 69, 0)
s = 169: (0, 0, 47, 33, 0, 2, 21, 0, 90, 0, 0, 11, 10, 14, 12, 0, 0, 0, 10, 53, 0, 19, 0, 87, 0, 25, 0, 41, 54, 0, 94, 0)
s = 170: (0, 0, 47, 23, 0, 2, 15, 0, 77, 0, 0, 16, 10, 14, 12, 0, 0, 0, 6, 50, 0, 17, 0, 68, 0, 21, 0, 38, 54, 0, 111, 0)
s = 171: (0, 0, 43, 33, 0, 2, 15, 0, 53, 0, 0, 22, 5, 28, 9, 0, 0, 0, 10, 33, 0, 10, 0, 59, 0, 17, 0, 80, 73, 0, 103, 0)
s = 172: (0, 0, 37, 36, 0, 2, 18, 0, 58, 0, 0, 11, 8, 35, 13, 0, 0, 0, 12, 33, 0, 10, 0, 52, 0, 34, 0, 51, 76, 0, 51, 0)
s = 173: (0, 0, 42, 23, 0, 2, 17, 0, 133, 0, 0, 8, 9, 24, 9, 0, 0, 0, 14, 70, 0, 16, 0, 82, 0, 25, 0, 50, 80, 0, 106, 0)
s = 174: (0, 0, 70, 22, 0, 2, 25, 0, 50, 0, 0, 12, 8, 22, 21, 0, 0, 0, 9, 48, 0, 16, 0, 104, 0, 13, 0, 53, 79, 0, 67, 0)
s = 175: (0, 0, 62, 28, 0, 2, 23, 0, 129, 0, 0, 11, 6, 39, 10, 0, 0, 0, 6, 34, 0, 13, 0, 69, 0, 18, 0, 39, 83, 0, 67, 0)
s = 176: (0, 0, 39, 32, 0, 3, 21, 0, 115, 0, 0, 13, 6, 24, 13, 0, 0, 0, 8, 41, 0, 15, 0, 77, 0, 21, 0, 39, 81, 0, 52, 0)
s = 177: (0, 0, 38, 31, 0, 3, 17, 0, 175, 0, 0, 19, 8, 15, 15, 0, 0, 0, 10, 52, 0, 12, 0, 132, 0, 23, 0, 38, 97, 0, 106, 0)
s = 178: (0, 0, 26, 16, 0, 3, 15, 0, 73, 0, 0, 11, 9, 22, 10, 0, 0, 0, 10, 42, 0, 12, 0, 108, 0, 20, 0, 64, 41, 0, 82, 0)
s = 179: (0, 0, 33, 25, 0, 2, 25, 0, 58, 0, 0, 13, 7, 16, 9, 0, 0, 0, 11, 54, 0, 10, 0, 78, 0, 15, 0, 57, 106, 0, 67, 0)
s = 180: (0, 0, 51, 37, 0, 2, 19, 0, 137, 0, 0, 14, 5, 18, 16, 0, 0, 0, 7, 43, 0, 14, 0, 68, 0, 13, 0, 59, 60, 0, 45, 0)
s = 181: (0, 0, 69, 30, 0, 2, 25, 0, 105, 0, 0, 14, 11, 18, 15, 0, 0, 0, 5, 61, 0, 14, 0, 88, 0, 33, 0, 35, 125, 0, 101, 0)
s = 182: (0, 0, 51, 23, 0, 3, 24, 0, 128, 0, 0, 16, 10, 14, 11, 0, 0, 0, 6, 46, 0, 15, 0, 82, 0, 12, 0, 43, 70, 0, 83, 0)
s = 183: (0, 0, 22, 32, 0, 4, 25, 0, 140, 0, 0, 7, 6, 28, 16, 0, 0, 0, 5, 53, 0, 18, 0, 84, 0, 15, 0, 43, 94, 0, 68, 0)
s = 184: (0, 0, 37, 30, 0, 2, 18, 0, 110, 0, 0, 16, 5, 16, 13, 0, 0, 0, 12, 39, 0, 13, 0, 141, 0, 15, 0, 32, 72, 0, 92, 0)
s = 185: (0, 0, 37, 27, 0, 2, 19, 0, 121, 0, 0, 12, 10, 25, 11, 0, 0, 0, 6, 38, 0, 9, 0, 46, 0, 26, 0, 54, 95, 0, 53, 0)
s = 186: (0, 0, 26, 29, 0, 2, 21, 0, 60, 0, 0, 9, 9, 17, 10, 0, 0, 0, 10, 34, 0, 10, 0, 112, 0, 16, 0, 42, 103, 0, 99, 0)
s = 187: (0, 0, 38, 28, 0, 2, 12, 0, 58, 0, 0, 8, 5, 26, 10, 0, 0, 0, 9, 35, 0, 17, 0, 117, 0, 22, 0, 47, 63, 0, 71, 0)
s = 188: (0, 0, 30, 31, 0, 3, 26, 0, 97, 0, 0, 9, 6, 17, 10, 0, 0, 0, 6, 70, 0, 17, 0, 106, 0, 20, 0, 41, 42, 0, 53, 0)
s = 189: (0, 0, 32, 38, 0, 2, 13, 0, 91, 0, 0, 12, 5, 16, 18, 0, 0, 0, 5, 59, 0, 11, 0, 80, 0, 19, 0, 39, 47, 0, 101, 0)
s = 190: (0, 0, 49, 24, 0, 3, 24, 0, 119, 0, 0, 15, 6, 25, 13, 0, 0, 0, 6, 63, 0, 19, 0, 78, 0, 14, 0, 53, 83, 0, 122, 0)
s = 191: (0, 0, 28, 26, 0, 2, 20, 0, 68, 0, 0, 16, 4, 22, 10, 0, 0, 0, 8, 52, 0, 9, 0, 104, 0, 21, 0, 89, 75, 0, 63, 0)
s = 192: (0, 0, 25, 26, 0, 2, 20, 0, 74, 0, 0, 16, 6, 26, 9, 0, 0, 0, 9, 49, 0, 17, 0, 105, 0, 20, 0, 48, 98, 0, 93, 0)
s = 193: (0, 0, 44, 24, 0, 2, 20, 0, 84, 0, 0, 10, 11, 22, 8, 0, 0, 0, 6, 52, 0, 17, 0, 79, 0, 17, 0, 30, 105, 0, 72, 0)
s = 194: (0, 0, 39, 35, 0, 2, 15, 0, 110, 0, 0, 13, 11, 19, 13, 0, 0, 0, 5, 45, 0, 14, 0, 52, 0, 13, 0, 47, 99, 0, 76, 0)
s = 195: (0, 0, 46, 29, 0, 2, 34, 0, 106, 0, 0, 19, 8, 34, 20, 0, 0, 0, 4, 41, 0, 16, 0, 68, 0, 17, 0, 54, 113, 0, 135, 0)
s = 196: (0, 0, 33, 30, 0, 2, 13, 0, 56, 0, 0, 9, 4, 30, 9, 0, 0, 0, 6, 34, 0, 19, 0, 84, 0, 16, 0, 35, 77, 0, 65, 0)
s = 197: (0, 0, 45, 24, 0, 2, 17, 0, 73, 0, 0, 10, 9, 23, 11, 0, 0, 0, 6, 44, 0, 14, 0, 59, 0, 19, 0, 65, 45, 0, 95, 0)
s = 198: (0, 0, 32, 22, 0, 2, 21, 0, 55, 0, 0, 12, 9, 34, 15, 0, 0, 0, 10, 48, 0, 17, 0, 47, 0, 27, 0, 62, 69, 0, 76, 0)
s = 199: (0, 0, 64, 36, 0, 2, 27, 0, 144, 0, 0, 9, 11, 16, 24, 0, 0, 0, 6, 50, 0, 18, 0, 57, 0, 28, 0, 36, 41, 0, 91, 0)
s = 200: (0, 0, 41, 34, 0, 2, 26, 0, 87, 0, 0, 15, 12, 44, 8, 0, 0, 0, 5, 47, 0, 9, 0, 49, 0, 19, 0, 54, 81, 0, 85, 0)
************************************************************************
ES/LS-VALUES:
jobnr.   ES(i)    LS(i)
------------------------------------------------------------------------
  0        0        0
  1        0       90
  2        0       47
  3        0       104
  4        3       94
  5       18       66
  6       20       69
  7        7       101
  8       20       68
  9       28       78
 10       39       88
 11       47       98
 12       28       104
 13       50       100
 14        9       103
 15       50       127
 16       63       141
 17       55       106
 18       58       109
 19       60       112
 20       20       126
 21       55       138
 22       18       116
 23       15       113
 24       76       129
 25       78       131
 26       73       125
 27       87       141
 28       89       142
 29       100       154
 30       30       145
 31       107       160
************************************************************************
BIG-M-VALUES:
M1 = 98, M2 = 521
************************************************************************
