************************************************************************
file with basedata            : j30_45.bas
initial value random generator: 1566187183
************************************************************************
projects                      :  1
jobs (incl. supersource/sink ):  32
horizon                       :  180
RESOURCES
  - renewable                 :  4   R
  - nonrenewable              :  0   N
  - doubly constrained        :  0   D
************************************************************************
PROJECT INFORMATION:
pronr.  #jobs rel.date duedate tardcost  MPM-Time
    1     30      0       55        0       55
************************************************************************
PRECEDENCE RELATIONS:
jobnr.    #modes  #successors   successors
   0        1          3           1   2   3
   1        1          3           4   7   9
   2        1          2          16  28
   3        1          3           5   6  16
   4        1          3           6  17  21
   5        1          3          10  11  12
   6        1          1           8
   7        1          3          13  24  28
   8        1          2          10  18
   9        1          3          15  19  25
  10        1          1          19
  11        1          3          20  22  26
  12        1          3          13  14  23
  13        1          2          19  30
  14        1          2          24  29
  15        1          2          22  26
  16        1          1          20
  17        1          1          18
  18        1          1          23
  19        1          1          22
  20        1          3          21  23  24
  21        1          1          27
  22        1          1          27
  23        1          1          27
  24        1          1          30
  25        1          2          26  28
  26        1          2          29  30
  27        1          1          29
  28        1          1          31
  29        1          1          31
  30        1          1          31
  31        1          0        
************************************************************************
REQUESTS/DURATIONS:
jobnr. mode duration  R 1  R 2  R 3  R 4  E(W 1)
------------------------------------------------------------------------
  0      1     0       0    0    0    0     0
  1      1     6       1    6    8    6    132
  2      1     7       4    7    7    4    154
  3      1     6       5    4    1    7    108
  4      1     4       6   10    3    9    112
  5      1     7       4    9    8    3    168
  6      1     6      10    2    2    5    114
  7      1     7       3    6    1    5    112
  8      1     8       2    9    1    2    120
  9      1     7       4    3    2    3    84
 10      1     9       3   10    3    8    216
 11      1     5       3    2    1    4    55
 12      1     9       2    6    1    1    108
 13      1     7       4    1    6   10    154
 14      1     1       2    3    3    9    17
 15      1    10       9    1    7   10    280
 16      1     2       6    4    3    1    30
 17      1     6       2    3   10    9    144
 18      1    10       7    6   10    5    280
 19      1    10      10    5    4    4    230
 20      1     3       6    8    8    9    93
 21      1     5       3    6   10    2    105
 22      1     1       1    1    4    6    14
 23      1     3       7    5    1    3    51
 24      1     9       4    9    8    4    225
 25      1     2       8    5    1    7    44
 26      1     8      10    4    7    2    184
 27      1     6       1   10    6    9    162
 28      1     3       6    6    6   10    84
 29      1     5       6    6   10   10    160
 30      1     8       9    5    4    9    216
 31      1     0       0    0    0    0     0
************************************************************************
RESOURCEAVAILABILITIES:
  R 1
   63
************************************************************************
RESOURCE LIMITS:
jobnr.  l(R 1)  u(R 1)
------------------------------------------------------------------------
  0        0       0
  1       11      22
  2       12      22
  3       10      18
  4       15      28
  5       13      24
  6       10      19
  7        9      16
  8        8      15
  9        7      12
 10       13      24
 11        6      11
 12        6      12
 13       11      22
 14       10      17
 15       15      28
 16        8      15
 17       13      24
 18       15      28
 19       12      23
 20       16      31
 21       11      21
 22        7      14
 23       10      17
 24       13      25
 25       12      22
 26       12      23
 27       14      27
 28       14      28
 29       16      32
 30       15      27
 31        0       0
************************************************************************
SCENARIOS:
------------------------------------------------------------------------
RESOURCE k = 1
s = 1: (0, 137, 154, 145, 127, 279, 160, 196, 103, 86, 208, 85, 107, 177, 27, 331, 25, 82, 315, 315, 83, 160, 15, 56, 202, 32, 125, 131, 127, 203, 159, 0)
s = 2: (0, 176, 215, 110, 66, 274, 68, 179, 80, 100, 277, 58, 101, 110, 19, 385, 19, 135, 451, 154, 66, 139, 11, 35, 212, 38, 119, 115, 74, 241, 321, 0)
s = 3: (0, 126, 90, 123, 146, 220, 101, 137, 89, 57, 178, 67, 112, 169, 23, 200, 34, 116, 183, 411, 99, 126, 11, 60, 380, 31, 150, 107, 66, 112, 161, 0)
s = 4: (0, 118, 90, 63, 174, 205, 107, 137, 96, 143, 371, 69, 112, 184, 10, 266, 24, 156, 209, 198, 108, 95, 17, 28, 259, 40, 127, 130, 99, 116, 290, 0)
s = 5: (0, 194, 149, 122, 99, 118, 120, 79, 136, 80, 233, 88, 134, 132, 16, 368, 21, 186, 232, 306, 113, 94, 11, 37, 190, 48, 143, 235, 72, 190, 265, 0)
s = 6: (0, 128, 110, 181, 90, 271, 116, 131, 108, 84, 201, 97, 90, 195, 11, 298, 45, 167, 194, 253, 58, 99, 16, 52, 199, 33, 242, 158, 72, 189, 310, 0)
s = 7: (0, 94, 164, 82, 103, 167, 74, 60, 144, 77, 185, 64, 73, 134, 12, 260, 25, 87, 363, 309, 126, 74, 17, 43, 191, 80, 209, 126, 58, 194, 157, 0)
s = 8: (0, 127, 220, 98, 105, 181, 76, 125, 103, 69, 134, 34, 122, 136, 19, 284, 20, 118, 266, 294, 81, 59, 11, 53, 147, 34, 150, 171, 99, 217, 215, 0)
s = 9: (0, 151, 130, 69, 133, 91, 116, 127, 91, 59, 229, 39, 140, 176, 22, 354, 27, 230, 342, 214, 122, 131, 10, 68, 222, 50, 144, 138, 66, 188, 170, 0)
s = 10: (0, 160, 103, 74, 93, 153, 78, 161, 151, 109, 196, 53, 104, 166, 16, 460, 33, 224, 193, 301, 65, 155, 13, 69, 142, 35, 209, 117, 57, 193, 277, 0)
s = 11: (0, 118, 263, 129, 72, 96, 108, 104, 78, 68, 135, 62, 82, 145, 13, 368, 40, 119, 187, 243, 134, 113, 15, 39, 403, 48, 158, 160, 78, 95, 182, 0)
s = 12: (0, 152, 94, 150, 140, 198, 90, 82, 135, 95, 255, 49, 97, 102, 14, 308, 21, 123, 265, 190, 96, 67, 11, 46, 193, 46, 180, 96, 58, 206, 271, 0)
s = 13: (0, 115, 85, 156, 77, 238, 97, 75, 85, 59, 218, 94, 75, 108, 22, 161, 30, 142, 387, 257, 77, 101, 15, 79, 253, 67, 197, 218, 81, 126, 166, 0)
s = 14: (0, 180, 166, 63, 103, 185, 177, 105, 82, 64, 165, 31, 172, 173, 23, 248, 36, 84, 199, 209, 80, 68, 8, 41, 229, 38, 200, 183, 58, 173, 267, 0)
s = 15: (0, 119, 188, 102, 80, 179, 118, 90, 206, 127, 259, 79, 63, 119, 14, 335, 27, 105, 370, 258, 103, 77, 17, 27, 173, 48, 99, 146, 96, 136, 192, 0)
s = 16: (0, 98, 130, 123, 125, 112, 168, 95, 130, 125, 180, 48, 105, 207, 14, 176, 37, 87, 277, 156, 166, 149, 10, 47, 282, 56, 249, 142, 99, 146, 294, 0)
s = 17: (0, 133, 185, 88, 137, 185, 138, 98, 91, 71, 213, 56, 64, 200, 19, 306, 32, 135, 238, 199, 83, 104, 11, 32, 190, 52, 136, 117, 141, 147, 155, 0)
s = 18: (0, 100, 165, 101, 82, 255, 109, 118, 78, 49, 149, 49, 140, 150, 17, 340, 40, 191, 212, 301, 104, 110, 12, 69, 142, 46, 261, 148, 51, 148, 251, 0)
s = 19: (0, 103, 156, 84, 138, 176, 102, 74, 166, 132, 290, 41, 148, 156, 14, 285, 32, 107, 251, 308, 115, 66, 16, 40, 184, 34, 246, 144, 119, 122, 269, 0)
s = 20: (0, 122, 125, 90, 82, 225, 133, 154, 120, 92, 223, 52, 171, 187, 27, 393, 29, 122, 326, 159, 125, 115, 12, 45, 250, 43, 154, 122, 81, 167, 166, 0)
s = 21: (0, 72, 200, 155, 74, 124, 150, 72, 76, 61, 189, 56, 180, 101, 15, 212, 22, 82, 269, 251, 99, 114, 15, 86, 187, 31, 222, 254, 60, 190, 307, 0)
s = 22: (0, 103, 128, 99, 85, 152, 143, 78, 99, 75, 156, 58, 76, 141, 19, 210, 28, 140, 191, 379, 132, 91, 9, 67, 123, 25, 206, 113, 130, 160, 181, 0)
s = 23: (0, 113, 190, 84, 98, 166, 106, 112, 124, 90, 251, 50, 118, 104, 17, 372, 40, 116, 246, 193, 97, 69, 15, 68, 227, 47, 128, 197, 65, 170, 253, 0)
s = 24: (0, 118, 124, 146, 84, 127, 186, 130, 130, 53, 173, 66, 115, 191, 21, 361, 33, 127, 236, 195, 100, 147, 21, 30, 156, 50, 170, 123, 97, 94, 257, 0)
s = 25: (0, 157, 142, 133, 66, 104, 111, 110, 88, 80, 192, 40, 93, 92, 22, 175, 25, 112, 259, 309, 101, 160, 11, 42, 208, 64, 196, 131, 90, 154, 151, 0)
s = 26: (0, 91, 136, 133, 81, 257, 109, 94, 113, 47, 120, 50, 139, 140, 21, 223, 29, 107, 220, 206, 86, 98, 12, 34, 201, 41, 204, 201, 96, 151, 346, 0)
s = 27: (0, 110, 119, 69, 87, 197, 129, 99, 105, 50, 327, 89, 104, 181, 16, 266, 25, 99, 435, 172, 146, 109, 16, 58, 262, 42, 152, 137, 82, 114, 131, 0)
s = 28: (0, 166, 249, 115, 119, 122, 115, 95, 86, 117, 156, 72, 140, 135, 22, 179, 21, 162, 321, 132, 92, 104, 19, 52, 299, 71, 179, 145, 94, 166, 166, 0)
s = 29: (0, 102, 122, 80, 158, 243, 140, 97, 118, 84, 256, 89, 95, 144, 14, 210, 17, 182, 247, 145, 90, 65, 14, 64, 267, 28, 197, 173, 67, 162, 208, 0)
s = 30: (0, 107, 120, 74, 123, 136, 154, 62, 151, 77, 160, 48, 119, 147, 18, 195, 22, 218, 296, 136, 85, 116, 13, 60, 259, 36, 129, 124, 102, 130, 179, 0)
s = 31: (0, 174, 99, 108, 100, 154, 85, 63, 130, 60, 132, 29, 99, 167, 12, 310, 30, 93, 162, 237, 119, 130, 16, 27, 308, 39, 136, 134, 97, 171, 298, 0)
s = 32: (0, 145, 264, 118, 66, 113, 120, 130, 141, 53, 249, 49, 147, 190, 14, 202, 19, 256, 282, 315, 75, 117, 13, 34, 210, 25, 235, 161, 61, 198, 180, 0)
s = 33: (0, 133, 230, 65, 158, 91, 69, 74, 93, 83, 328, 66, 87, 127, 14, 246, 17, 99, 421, 231, 64, 102, 11, 54, 187, 48, 152, 180, 70, 134, 264, 0)
s = 34: (0, 108, 133, 131, 90, 162, 62, 175, 116, 83, 175, 32, 101, 86, 18, 347, 32, 110, 441, 169, 84, 88, 10, 86, 174, 32, 159, 226, 122, 180, 248, 0)
s = 35: (0, 85, 150, 74, 173, 168, 93, 74, 124, 85, 196, 44, 93, 166, 14, 462, 28, 180, 218, 202, 137, 105, 13, 30, 214, 69, 236, 232, 92, 137, 416, 0)
s = 36: (0, 179, 153, 111, 141, 152, 145, 74, 79, 66, 304, 42, 141, 161, 18, 165, 31, 104, 406, 292, 83, 182, 20, 62, 204, 73, 252, 132, 44, 256, 350, 0)
s = 37: (0, 113, 220, 136, 131, 236, 72, 115, 144, 60, 161, 33, 143, 179, 25, 206, 20, 110, 213, 125, 100, 108, 20, 42, 196, 27, 192, 148, 78, 133, 263, 0)
s = 38: (0, 158, 206, 162, 78, 157, 99, 112, 97, 88, 175, 58, 93, 178, 14, 298, 35, 174, 286, 312, 86, 64, 20, 30, 203, 39, 260, 207, 106, 118, 171, 0)
s = 39: (0, 126, 117, 78, 178, 173, 127, 86, 126, 73, 223, 70, 128, 167, 16, 367, 32, 155, 223, 178, 130, 67, 15, 38, 215, 32, 206, 237, 64, 119, 274, 0)
s = 40: (0, 116, 166, 67, 122, 146, 90, 116, 73, 92, 145, 44, 191, 221, 19, 248, 32, 135, 210, 209, 99, 117, 17, 48, 190, 41, 274, 132, 96, 173, 280, 0)
s = 41: (0, 178, 85, 66, 184, 149, 109, 98, 104, 63, 178, 45, 92, 120, 15, 304, 30, 201, 246, 316, 168, 81, 14, 72, 332, 57, 172, 186, 93, 121, 191, 0)
s = 42: (0, 127, 186, 129, 101, 175, 89, 110, 135, 85, 229, 48, 128, 163, 17, 333, 23, 143, 215, 137, 106, 152, 15, 54, 191, 35, 185, 200, 127, 109, 175, 0)
s = 43: (0, 92, 253, 82, 80, 231, 174, 148, 200, 97, 141, 38, 185, 138, 15, 220, 33, 151, 267, 342, 62, 98, 16, 41, 253, 40, 274, 193, 140, 163, 197, 0)
s = 44: (0, 90, 168, 172, 88, 123, 103, 106, 75, 109, 270, 74, 102, 174, 21, 359, 32, 166, 270, 263, 71, 101, 10, 42, 245, 78, 149, 114, 64, 104, 327, 0)
s = 45: (0, 86, 90, 153, 93, 135, 115, 127, 112, 105, 207, 76, 131, 174, 23, 232, 26, 99, 180, 187, 78, 182, 12, 33, 190, 38, 143, 120, 138, 185, 145, 0)
s = 46: (0, 132, 168, 167, 66, 144, 105, 112, 117, 99, 202, 94, 70, 94, 16, 272, 22, 100, 312, 239, 88, 56, 16, 51, 272, 49, 255, 146, 107, 167, 141, 0)
s = 47: (0, 140, 143, 77, 155, 99, 72, 128, 138, 61, 143, 31, 148, 136, 20, 352, 23, 98, 504, 173, 96, 63, 18, 47, 272, 47, 166, 132, 96, 198, 148, 0)
s = 48: (0, 113, 95, 83, 59, 239, 78, 187, 201, 104, 268, 81, 79, 123, 18, 358, 26, 131, 227, 178, 126, 77, 19, 37, 223, 38, 176, 141, 88, 116, 279, 0)
s = 49: (0, 103, 98, 93, 70, 198, 139, 95, 65, 68, 173, 47, 140, 117, 15, 327, 25, 129, 284, 209, 83, 82, 12, 66, 155, 49, 197, 102, 125, 92, 262, 0)
s = 50: (0, 139, 230, 105, 129, 275, 105, 71, 136, 53, 162, 43, 125, 105, 22, 303, 30, 122, 202, 208, 105, 70, 14, 32, 174, 40, 141, 170, 68, 248, 216, 0)
s = 51: (0, 86, 256, 123, 103, 160, 92, 100, 106, 85, 138, 41, 101, 200, 17, 193, 43, 123, 302, 223, 130, 91, 14, 54, 196, 57, 200, 292, 108, 123, 276, 0)
s = 52: (0, 123, 137, 113, 107, 144, 117, 107, 150, 58, 144, 41, 71, 179, 12, 340, 26, 130, 162, 198, 89, 128, 10, 69, 161, 43, 225, 113, 52, 261, 215, 0)
s = 53: (0, 130, 131, 65, 81, 128, 163, 119, 85, 108, 283, 53, 212, 153, 14, 239, 25, 173, 381, 346, 103, 82, 16, 62, 431, 48, 235, 207, 125, 117, 215, 0)
s = 54: (0, 153, 87, 59, 82, 185, 89, 80, 149, 93, 280, 41, 160, 114, 18, 336, 29, 125, 435, 233, 83, 68, 13, 94, 276, 55, 106, 242, 83, 294, 150, 0)
s = 55: (0, 141, 147, 102, 75, 116, 160, 75, 103, 77, 239, 57, 81, 108, 13, 236, 36, 179, 188, 148, 66, 119, 17, 54, 210, 37, 312, 118, 77, 106, 168, 0)
s = 56: (0, 132, 152, 112, 125, 127, 79, 92, 100, 54, 251, 48, 119, 110, 27, 186, 23, 183, 276, 162, 85, 93, 14, 45, 369, 38, 176, 226, 67, 165, 219, 0)
s = 57: (0, 169, 264, 166, 120, 148, 73, 103, 151, 81, 226, 72, 129, 274, 22, 203, 26, 178, 237, 387, 108, 81, 12, 39, 359, 40, 111, 140, 111, 195, 250, 0)
s = 58: (0, 175, 155, 95, 130, 113, 86, 201, 107, 105, 229, 59, 113, 204, 18, 242, 20, 187, 285, 348, 97, 96, 18, 46, 232, 27, 159, 95, 87, 108, 174, 0)
s = 59: (0, 188, 131, 95, 114, 115, 105, 99, 125, 49, 244, 58, 82, 217, 17, 335, 25, 137, 298, 153, 108, 99, 18, 46, 121, 41, 236, 130, 46, 98, 234, 0)
s = 60: (0, 166, 92, 63, 81, 252, 91, 94, 99, 90, 233, 36, 160, 91, 18, 179, 28, 91, 166, 260, 85, 188, 16, 51, 313, 47, 231, 228, 86, 108, 211, 0)
s = 61: (0, 121, 108, 118, 150, 212, 65, 92, 76, 52, 234, 49, 107, 88, 19, 269, 18, 192, 311, 145, 141, 93, 17, 46, 279, 44, 187, 197, 132, 126, 136, 0)
s = 62: (0, 180, 121, 99, 173, 96, 118, 94, 114, 57, 334, 39, 79, 88, 12, 315, 32, 185, 224, 223, 78, 93, 15, 59, 251, 24, 118, 230, 79, 98, 174, 0)
s = 63: (0, 90, 200, 86, 114, 162, 102, 138, 151, 52, 218, 70, 138, 243, 16, 334, 50, 201, 224, 203, 121, 115, 20, 52, 184, 35, 221, 228, 144, 253, 160, 0)
s = 64: (0, 94, 206, 108, 159, 117, 69, 149, 153, 45, 150, 52, 76, 96, 21, 254, 43, 78, 320, 192, 82, 77, 12, 42, 249, 42, 147, 107, 53, 192, 169, 0)
s = 65: (0, 199, 114, 59, 113, 112, 120, 88, 110, 83, 191, 35, 77, 125, 12, 321, 19, 192, 266, 279, 65, 82, 10, 30, 140, 46, 271, 117, 67, 179, 173, 0)
s = 66: (0, 104, 210, 114, 136, 214, 158, 144, 102, 102, 264, 28, 133, 90, 14, 405, 27, 187, 267, 332, 153, 178, 14, 43, 254, 52, 296, 151, 91, 187, 157, 0)
s = 67: (0, 162, 223, 147, 88, 144, 176, 97, 176, 55, 202, 36, 106, 118, 14, 155, 35, 231, 485, 249, 84, 90, 8, 43, 291, 33, 204, 147, 66, 237, 328, 0)
s = 68: (0, 121, 128, 102, 88, 111, 99, 96, 123, 58, 237, 68, 92, 99, 17, 235, 30, 215, 212, 213, 87, 103, 17, 46, 137, 70, 247, 148, 95, 141, 256, 0)
s = 69: (0, 119, 110, 66, 144, 162, 121, 119, 77, 68, 167, 87, 97, 142, 18, 219, 19, 145, 505, 231, 117, 65, 19, 52, 305, 46, 162, 245, 83, 217, 144, 0)
s = 70: (0, 130, 171, 58, 87, 147, 138, 64, 113, 77, 176, 58, 104, 97, 20, 274, 39, 84, 369, 233, 87, 65, 24, 42, 184, 50, 221, 221, 90, 97, 282, 0)
s = 71: (0, 114, 125, 98, 136, 161, 70, 74, 90, 122, 200, 74, 127, 197, 15, 204, 23, 156, 281, 208, 85, 84, 9, 61, 251, 30, 117, 217, 57, 157, 223, 0)
s = 72: (0, 171, 236, 68, 125, 192, 87, 102, 113, 94, 246, 65, 93, 213, 18, 278, 28, 130, 536, 236, 98, 68, 9, 93, 230, 35, 105, 108, 81, 120, 177, 0)
s = 73: (0, 92, 121, 88, 121, 125, 111, 119, 110, 54, 219, 60, 92, 200, 14, 207, 33, 90, 256, 191, 56, 123, 19, 65, 291, 48, 222, 143, 68, 226, 234, 0)
s = 74: (0, 126, 101, 70, 71, 160, 106, 143, 82, 76, 145, 82, 165, 227, 24, 204, 44, 184, 234, 175, 81, 80, 9, 66, 130, 55, 251, 207, 78, 128, 217, 0)
s = 75: (0, 200, 134, 94, 134, 160, 79, 152, 100, 62, 273, 63, 114, 196, 22, 254, 33, 181, 324, 277, 123, 121, 15, 51, 248, 48, 168, 162, 89, 191, 202, 0)
s = 76: (0, 146, 202, 80, 146, 168, 138, 117, 74, 96, 128, 69, 98, 136, 15, 145, 45, 112, 324, 347, 84, 146, 17, 63, 256, 30, 116, 195, 64, 137, 159, 0)
s = 77: (0, 107, 85, 162, 145, 227, 99, 118, 105, 64, 204, 66, 104, 93, 15, 443, 42, 104, 282, 176, 57, 81, 12, 28, 235, 37, 148, 261, 102, 135, 229, 0)
s = 78: (0, 103, 228, 100, 74, 162, 126, 120, 137, 79, 133, 52, 139, 254, 15, 279, 27, 88, 258, 250, 67, 60, 18, 40, 264, 34, 142, 148, 60, 160, 152, 0)
s = 79: (0, 165, 107, 96, 78, 125, 94, 124, 110, 45, 187, 87, 105, 201, 17, 288, 27, 119, 231, 251, 95, 94, 15, 53, 215, 57, 243, 175, 70, 130, 224, 0)
s = 80: (0, 78, 117, 102, 160, 110, 128, 142, 93, 68, 300, 31, 69, 198, 30, 330, 41, 126, 253, 174, 93, 118, 9, 47, 264, 52, 152, 133, 109, 119, 199, 0)
s = 81: (0, 160, 122, 57, 111, 198, 87, 143, 123, 63, 168, 64, 114, 141, 19, 237, 30, 98, 254, 241, 90, 126, 18, 57, 203, 38, 150, 139, 96, 264, 199, 0)
s = 82: (0, 95, 182, 96, 94, 173, 212, 109, 109, 64, 171, 41, 160, 169, 14, 323, 40, 154, 219, 241, 105, 125, 15, 68, 239, 36, 139, 180, 68, 213, 217, 0)
s = 83: (0, 159, 102, 70, 126, 126, 176, 92, 91, 69, 126, 80, 134, 183, 18, 274, 22, 101, 393, 267, 86, 150, 13, 47, 164, 56, 111, 156, 70, 261, 179, 0)
s = 84: (0, 119, 218, 74, 120, 160, 124, 110, 107, 56, 200, 46, 119, 147, 12, 310, 39, 114, 299, 218, 97, 68, 13, 41, 160, 42, 253, 98, 79, 108, 137, 0)
s = 85: (0, 160, 145, 133, 113, 99, 86, 108, 115, 89, 162, 36, 75, 183, 13, 259, 42, 119, 217, 198, 99, 93, 25, 78, 272, 49, 146, 117, 77, 210, 142, 0)
s = 86: (0, 86, 272, 137, 91, 144, 142, 100, 167, 77, 328, 60, 95, 229, 15, 151, 17, 153, 250, 215, 56, 97, 12, 47, 372, 49, 210, 156, 108, 89, 152, 0)
s = 87: (0, 95, 97, 74, 116, 176, 103, 161, 105, 64, 199, 75, 90, 182, 14, 336, 46, 219, 229, 202, 78, 100, 23, 32, 244, 42, 196, 100, 111, 146, 133, 0)
s = 88: (0, 149, 182, 127, 111, 123, 158, 72, 86, 79, 175, 47, 93, 167, 12, 282, 35, 145, 188, 288, 67, 105, 19, 71, 338, 39, 197, 187, 77, 109, 161, 0)
s = 89: (0, 101, 178, 150, 135, 128, 92, 113, 130, 51, 331, 44, 131, 213, 14, 361, 25, 83, 402, 183, 143, 116, 16, 38, 154, 42, 196, 183, 86, 186, 257, 0)
s = 90: (0, 89, 107, 110, 117, 209, 106, 116, 105, 83, 207, 42, 121, 112, 17, 215, 41, 178, 170, 167, 81, 68, 14, 51, 404, 38, 173, 129, 117, 84, 264, 0)
s = 91: (0, 83, 159, 147, 72, 119, 115, 91, 169, 91, 182, 74, 100, 95, 15, 206, 26, 134, 209, 191, 50, 97, 14, 50, 144, 55, 142, 136, 64, 160, 242, 0)
s = 92: (0, 135, 107, 68, 159, 227, 126, 140, 84, 102, 183, 47, 114, 163, 11, 443, 37, 120, 378, 168, 105, 72, 11, 41, 438, 42, 124, 90, 92, 125, 182, 0)
s = 93: (0, 108, 194, 80, 133, 169, 112, 77, 95, 91, 196, 58, 128, 150, 13, 281, 21, 182, 348, 214, 78, 92, 13, 46, 174, 44, 170, 143, 61, 147, 241, 0)
s = 94: (0, 179, 203, 75, 153, 153, 121, 151, 91, 76, 179, 62, 109, 172, 14, 288, 28, 175, 241, 234, 59, 192, 18, 44, 163, 33, 228, 168, 79, 286, 195, 0)
s = 95: (0, 97, 150, 94, 66, 231, 146, 70, 85, 94, 232, 50, 83, 156, 22, 225, 28, 113, 246, 284, 105, 120, 16, 66, 182, 37, 141, 136, 63, 93, 178, 0)
s = 96: (0, 183, 123, 121, 169, 172, 81, 161, 130, 71, 147, 60, 89, 204, 19, 247, 28, 212, 338, 334, 123, 63, 18, 61, 137, 34, 137, 150, 61, 166, 261, 0)
s = 97: (0, 112, 161, 143, 134, 187, 181, 118, 159, 69, 262, 40, 117, 104, 20, 192, 19, 190, 209, 196, 77, 107, 18, 62, 306, 44, 269, 187, 101, 197, 288, 0)
s = 98: (0, 155, 138, 136, 111, 90, 104, 96, 123, 72, 176, 46, 180, 298, 14, 435, 34, 221, 151, 280, 69, 111, 9, 37, 194, 61, 209, 164, 74, 157, 171, 0)
s = 99: (0, 109, 191, 103, 108, 226, 91, 66, 145, 72, 259, 44, 87, 105, 25, 385, 18, 143, 360, 315, 58, 78, 9, 37, 156, 62, 169, 109, 118, 102, 415, 0)
s = 100: (0, 136, 163, 116, 90, 137, 124, 64, 99, 93, 249, 42, 113, 129, 14, 327, 24, 106, 279, 170, 96, 70, 24, 69, 261, 32, 225, 158, 115, 138, 328, 0)
s = 101: (0, 82, 170, 152, 64, 130, 73, 108, 231, 93, 310, 53, 136, 157, 22, 376, 21, 149, 415, 232, 98, 129, 13, 30, 256, 54, 243, 130, 87, 300, 160, 0)
s = 102: (0, 124, 96, 106, 137, 142, 83, 87, 105, 81, 246, 67, 148, 146, 24, 151, 32, 96, 294, 216, 99, 87, 9, 28, 169, 56, 208, 188, 104, 117, 374, 0)
s = 103: (0, 77, 209, 80, 121, 217, 66, 97, 142, 57, 127, 68, 75, 150, 16, 242, 45, 82, 217, 137, 84, 160, 20, 67, 295, 47, 143, 146, 64, 187, 295, 0)
s = 104: (0, 118, 172, 89, 131, 203, 125, 90, 87, 114, 142, 66, 98, 168, 21, 193, 23, 84, 200, 251, 71, 89, 12, 67, 212, 25, 105, 232, 51, 115, 232, 0)
s = 105: (0, 179, 111, 95, 156, 271, 81, 82, 146, 64, 208, 86, 107, 86, 19, 182, 40, 96, 267, 157, 110, 131, 12, 62, 148, 31, 177, 264, 94, 102, 152, 0)
s = 106: (0, 87, 143, 84, 86, 145, 134, 99, 131, 74, 198, 66, 97, 199, 13, 303, 49, 187, 228, 238, 68, 85, 13, 50, 392, 47, 187, 215, 99, 93, 199, 0)
s = 107: (0, 151, 132, 116, 63, 156, 136, 136, 183, 92, 224, 41, 170, 195, 13, 236, 22, 118, 183, 277, 83, 80, 8, 44, 251, 53, 226, 102, 71, 143, 236, 0)
s = 108: (0, 93, 114, 107, 98, 103, 84, 116, 217, 74, 314, 97, 91, 138, 17, 240, 55, 135, 287, 159, 123, 68, 20, 32, 203, 38, 156, 113, 75, 166, 206, 0)
s = 109: (0, 118, 161, 137, 181, 163, 104, 121, 108, 139, 292, 40, 100, 144, 21, 285, 33, 135, 377, 180, 80, 125, 11, 37, 233, 38, 124, 158, 120, 108, 167, 0)
s = 110: (0, 84, 172, 88, 84, 163, 144, 108, 93, 88, 364, 48, 105, 178, 21, 275, 31, 171, 309, 202, 139, 144, 11, 48, 180, 29, 182, 113, 124, 225, 146, 0)
s = 111: (0, 203, 233, 125, 84, 162, 89, 94, 108, 110, 192, 51, 93, 181, 10, 301, 24, 146, 242, 249, 55, 57, 9, 88, 177, 37, 142, 144, 70, 166, 178, 0)
s = 112: (0, 111, 127, 139, 92, 167, 116, 137, 70, 111, 292, 49, 129, 187, 15, 242, 48, 192, 206, 233, 119, 176, 12, 37, 144, 39, 130, 163, 74, 114, 233, 0)
s = 113: (0, 156, 168, 168, 79, 165, 98, 115, 100, 83, 253, 61, 75, 131, 14, 197, 37, 216, 245, 146, 85, 114, 8, 35, 219, 56, 150, 188, 124, 211, 160, 0)
s = 114: (0, 119, 194, 91, 99, 124, 131, 100, 132, 94, 299, 54, 96, 149, 25, 223, 37, 141, 369, 199, 137, 135, 11, 41, 269, 36, 196, 198, 67, 248, 255, 0)
s = 115: (0, 142, 117, 91, 103, 151, 105, 70, 109, 87, 159, 80, 73, 131, 13, 170, 25, 105, 211, 388, 80, 77, 9, 36, 204, 53, 108, 168, 105, 115, 148, 0)
s = 116: (0, 143, 111, 83, 68, 310, 80, 133, 101, 69, 266, 50, 160, 143, 21, 268, 29, 148, 434, 249, 100, 108, 15, 60, 178, 42, 196, 124, 81, 257, 391, 0)
s = 117: (0, 102, 136, 116, 89, 142, 158, 72, 95, 66, 187, 41, 112, 122, 17, 175, 56, 172, 197, 230, 156, 130, 18, 67, 238, 29, 224, 173, 64, 108, 141, 0)
s = 118: (0, 186, 103, 82, 160, 283, 80, 154, 173, 124, 244, 35, 80, 125, 16, 364, 23, 173, 230, 320, 127, 131, 14, 37, 208, 45, 106, 200, 59, 137, 234, 0)
s = 119: (0, 191, 141, 85, 77, 118, 146, 149, 125, 71, 225, 34, 157, 125, 29, 329, 30, 136, 151, 188, 92, 65, 10, 66, 256, 31, 135, 176, 69, 205, 149, 0)
s = 120: (0, 217, 132, 81, 116, 136, 106, 127, 106, 80, 151, 52, 117, 95, 29, 232, 24, 181, 229, 231, 98, 85, 11, 39, 196, 34, 135, 134, 87, 146, 157, 0)
s = 121: (0, 143, 116, 125, 83, 167, 177, 147, 119, 111, 221, 50, 84, 106, 17, 194, 20, 233, 205, 212, 73, 131, 10, 57, 235, 46, 198, 103, 94, 132, 244, 0)
s = 122: (0, 164, 112, 119, 120, 284, 222, 92, 127, 88, 228, 65, 130, 193, 13, 546, 30, 109, 176, 266, 107, 60, 20, 55, 220, 44, 127, 123, 71, 104, 227, 0)
s = 123: (0, 91, 227, 78, 124, 93, 97, 118, 95, 63, 213, 80, 95, 125, 14, 408, 19, 136, 235, 254, 136, 92, 20, 52, 146, 51, 302, 130, 87, 177, 227, 0)
s = 124: (0, 171, 207, 142, 169, 240, 153, 114, 115, 64, 205, 42, 74, 144, 18, 366, 44, 123, 370, 306, 71, 132, 9, 53, 328, 37, 249, 107, 62, 221, 140, 0)
s = 125: (0, 241, 142, 94, 61, 165, 86, 181, 89, 61, 345, 74, 173, 177, 20, 219, 32, 112, 312, 221, 84, 84, 13, 39, 161, 34, 168, 131, 115, 146, 170, 0)
s = 126: (0, 121, 167, 70, 122, 196, 180, 128, 102, 99, 280, 45, 123, 168, 22, 180, 29, 121, 325, 217, 127, 72, 17, 68, 176, 61, 252, 226, 136, 214, 117, 0)
s = 127: (0, 147, 201, 119, 146, 199, 82, 137, 187, 61, 182, 51, 108, 226, 17, 153, 23, 165, 257, 195, 99, 119, 16, 34, 243, 49, 225, 239, 76, 147, 315, 0)
s = 128: (0, 99, 79, 59, 104, 205, 94, 112, 122, 67, 218, 60, 69, 138, 19, 206, 47, 121, 234, 202, 145, 117, 14, 52, 135, 34, 145, 180, 88, 119, 148, 0)
s = 129: (0, 184, 161, 128, 70, 210, 157, 129, 85, 105, 174, 67, 82, 166, 24, 179, 20, 157, 222, 229, 95, 65, 17, 60, 217, 37, 114, 243, 47, 170, 176, 0)
s = 130: (0, 127, 134, 114, 105, 195, 70, 65, 86, 134, 226, 44, 74, 248, 15, 173, 29, 140, 215, 209, 69, 102, 11, 72, 144, 33, 233, 237, 88, 122, 189, 0)
s = 131: (0, 86, 233, 84, 90, 165, 137, 124, 109, 88, 145, 54, 113, 173, 25, 232, 37, 111, 272, 142, 112, 78, 10, 70, 245, 33, 208, 193, 62, 163, 138, 0)
s = 132: (0, 216, 126, 144, 94, 160, 170, 130, 166, 68, 208, 61, 124, 137, 16, 283, 19, 147, 527, 333, 67, 147, 15, 45, 330, 39, 111, 229, 77, 149, 375, 0)
s = 133: (0, 88, 179, 82, 106, 178, 164, 125, 94, 69, 150, 56, 65, 169, 25, 218, 28, 105, 279, 461, 98, 127, 15, 39, 167, 65, 222, 148, 114, 212, 179, 0)
s = 134: (0, 138, 131, 120, 83, 136, 100, 137, 113, 63, 144, 31, 110, 120, 22, 261, 22, 93, 260, 237, 108, 134, 12, 50, 159, 54, 250, 179, 68, 209, 275, 0)
s = 135: (0, 101, 194, 134, 74, 174, 150, 98, 209, 61, 291, 58, 57, 104, 13, 252, 27, 176, 182, 193, 77, 86, 24, 31, 223, 74, 245, 139, 55, 125, 152, 0)
s = 136: (0, 115, 112, 117, 106, 186, 130, 128, 117, 96, 200, 33, 173, 198, 14, 237, 28, 189, 294, 153, 130, 103, 21, 48, 166, 31, 212, 217, 97, 180, 213, 0)
s = 137: (0, 155, 180, 62, 163, 163, 98, 121, 107, 109, 145, 48, 80, 150, 17, 239, 37, 84, 207, 217, 112, 100, 15, 62, 285, 56, 251, 139, 60, 105, 302, 0)
s = 138: (0, 126, 114, 108, 80, 148, 86, 94, 81, 73, 147, 32, 160, 86, 26, 370, 20, 128, 372, 371, 61, 100, 13, 57, 326, 62, 159, 206, 74, 190, 151, 0)
s = 139: (0, 74, 198, 126, 92, 227, 104, 95, 88, 95, 145, 73, 114, 233, 13, 283, 23, 97, 279, 362, 86, 114, 21, 44, 255, 34, 149, 114, 99, 204, 223, 0)
s = 140: (0, 117, 168, 119, 98, 200, 93, 69, 105, 115, 349, 75, 104, 175, 18, 297, 27, 136, 226, 347, 82, 85, 17, 48, 263, 56, 166, 183, 85, 128, 232, 0)
s = 141: (0, 139, 105, 140, 103, 168, 86, 95, 130, 61, 208, 56, 120, 111, 18, 223, 36, 209, 319, 165, 140, 120, 19, 53, 281, 35, 213, 104, 73, 154, 237, 0)
s = 142: (0, 115, 101, 72, 96, 153, 149, 142, 77, 80, 157, 84, 77, 101, 15, 248, 47, 148, 252, 199, 55, 96, 9, 56, 404, 50, 253, 124, 104, 209, 165, 0)
s = 143: (0, 113, 104, 80, 161, 240, 172, 156, 88, 55, 177, 73, 129, 144, 20, 267, 26, 132, 264, 299, 120, 157, 10, 78, 259, 45, 166, 146, 77, 280, 271, 0)
s = 144: (0, 236, 145, 95, 96, 145, 121, 180, 185, 69, 194, 43, 80, 196, 23, 416, 17, 82, 356, 266, 74, 120, 17, 54, 247, 57, 108, 128, 129, 131, 201, 0)
s = 145: (0, 94, 176, 68, 181, 103, 140, 109, 102, 68, 227, 46, 167, 110, 21, 277, 40, 88, 389, 245, 98, 83, 16, 71, 211, 43, 104, 142, 69, 196, 164, 0)
s = 146: (0, 111, 170, 70, 92, 214, 95, 120, 160, 118, 189, 85, 88, 140, 12, 191, 21, 234, 243, 358, 156, 71, 13, 36, 169, 44, 142, 89, 108, 180, 126, 0)
s = 147: (0, 94, 148, 155, 88, 125, 82, 68, 214, 61, 269, 73, 89, 193, 12, 225, 18, 211, 349, 264, 75, 123, 10, 58, 198, 33, 165, 265, 66, 215, 307, 0)
s = 148: (0, 113, 93, 92, 113, 151, 97, 92, 131, 55, 288, 37, 121, 132, 19, 215, 29, 100, 207, 140, 81, 130, 12, 40, 191, 33, 237, 214, 65, 135, 113, 0)
s = 149: (0, 193, 168, 73, 134, 191, 116, 204, 128, 84, 239, 56, 161, 150, 10, 160, 35, 94, 372, 319, 107, 130, 20, 33, 161, 59, 185, 107, 79, 187, 220, 0)
s = 150: (0, 100, 238, 81, 108, 150, 190, 133, 179, 88, 226, 38, 110, 130, 13, 281, 27, 129, 193, 255, 165, 131, 18, 55, 172, 50, 197, 239, 54, 176, 385, 0)
s = 151: (0, 162, 109, 157, 135, 113, 98, 124, 149, 49, 188, 67, 80, 106, 13, 395, 29, 81, 201, 303, 140, 158, 12, 38, 286, 33, 209, 191, 70, 204, 246, 0)
s = 152: (0, 128, 93, 165, 154, 142, 114, 162, 151, 81, 266, 30, 116, 137, 22, 208, 28, 139, 259, 322, 62, 125, 16, 41, 240, 65, 236, 182, 51, 112, 155, 0)
s = 153: (0, 113, 219, 103, 135, 129, 106, 126, 165, 120, 141, 78, 61, 97, 15, 371, 35, 131, 287, 263, 88, 109, 15, 61, 331, 59, 201, 231, 70, 97, 285, 0)
s = 154: (0, 109, 189, 161, 125, 132, 148, 98, 106, 55, 416, 51, 64, 168, 14, 192, 26, 141, 296, 177, 123, 88, 18, 61, 190, 53, 265, 133, 71, 162, 127, 0)
s = 155: (0, 103, 172, 104, 148, 146, 108, 224, 100, 76, 236, 37, 80, 147, 22, 254, 36, 165, 213, 289, 82, 127, 14, 34, 126, 41, 185, 185, 76, 137, 167, 0)
s = 156: (0, 154, 127, 140, 126, 201, 82, 132, 101, 66, 335, 76, 91, 171, 22, 344, 41, 126, 388, 231, 94, 115, 18, 55, 234, 30, 293, 150, 138, 93, 293, 0)
s = 157: (0, 89, 135, 96, 85, 109, 119, 93, 97, 65, 345, 49, 127, 130, 17, 302, 37, 144, 249, 234, 86, 124, 18, 32, 330, 34, 120, 180, 74, 112, 330, 0)
s = 158: (0, 185, 87, 88, 75, 228, 122, 143, 75, 89, 192, 35, 171, 124, 15, 257, 25, 165, 183, 224, 111, 142, 20, 30, 128, 51, 180, 167, 57, 155, 238, 0)
s = 159: (0, 133, 193, 148, 166, 175, 95, 116, 97, 121, 231, 63, 118, 218, 21, 325, 32, 125, 198, 330, 97, 82, 9, 52, 250, 65, 129, 171, 53, 148, 239, 0)
s = 160: (0, 157, 184, 145, 136, 123, 76, 90, 117, 117, 286, 50, 185, 112, 18, 292, 26, 190, 324, 247, 88, 76, 18, 52, 303, 53, 176, 180, 96, 179, 322, 0)
s = 161: (0, 107, 155, 75, 131, 159, 116, 63, 115, 97, 299, 76, 175, 104, 19, 252, 30, 127, 160, 145, 63, 103, 19, 32, 152, 53, 168, 186, 90, 290, 135, 0)
s = 162: (0, 104, 118, 157, 87, 237, 116, 70, 143, 100, 288, 65, 151, 148, 17, 315, 35, 150, 314, 145, 96, 148, 15, 56, 225, 42, 176, 141, 51, 120, 124, 0)
s = 163: (0, 123, 205, 139, 99, 137, 102, 155, 144, 58, 295, 59, 93, 87, 17, 224, 19, 139, 273, 252, 55, 116, 16, 45, 280, 41, 174, 143, 70, 89, 263, 0)
s = 164: (0, 161, 176, 76, 105, 165, 109, 87, 159, 73, 129, 86, 107, 160, 16, 283, 26, 123, 206, 269, 70, 163, 14, 38, 182, 66, 246, 161, 64, 214, 322, 0)
s = 165: (0, 104, 215, 76, 192, 130, 190, 108, 132, 130, 150, 51, 124, 217, 21, 189, 32, 126, 282, 283, 116, 113, 13, 40, 265, 39, 141, 160, 73, 160, 234, 0)
s = 166: (0, 151, 165, 103, 79, 193, 140, 123, 132, 63, 356, 30, 82, 153, 25, 164, 33, 192, 172, 288, 86, 89, 14, 32, 214, 41, 296, 203, 80, 223, 130, 0)
s = 167: (0, 106, 181, 109, 98, 240, 119, 108, 169, 88, 255, 78, 70, 144, 22, 233, 24, 143, 212, 375, 54, 73, 9, 35, 206, 28, 159, 125, 59, 239, 180, 0)
s = 168: (0, 97, 181, 107, 79, 208, 90, 116, 96, 66, 232, 71, 150, 84, 20, 192, 56, 185, 369, 342, 82, 80, 17, 62, 195, 29, 126, 170, 91, 237, 196, 0)
s = 169: (0, 158, 172, 176, 80, 155, 124, 111, 87, 48, 177, 53, 159, 97, 17, 252, 25, 134, 238, 326, 137, 116, 14, 47, 261, 59, 159, 135, 91, 159, 204, 0)
s = 170: (0, 132, 220, 103, 117, 121, 98, 129, 201, 94, 205, 72, 87, 91, 17, 258, 23, 118, 330, 275, 117, 119, 17, 38, 308, 33, 145, 116, 78, 144, 229, 0)
s = 171: (0, 84, 106, 149, 120, 214, 167, 82, 96, 88, 118, 57, 120, 149, 22, 258, 24, 110, 246, 239, 90, 108, 9, 46, 352, 26, 249, 238, 118, 164, 228, 0)
s = 172: (0, 97, 171, 90, 104, 231, 83, 95, 125, 45, 202, 44, 66, 159, 22, 301, 45, 281, 331, 263, 81, 96, 14, 31, 212, 49, 209, 226, 116, 119, 301, 0)
s = 173: (0, 99, 163, 107, 88, 167, 137, 147, 80, 159, 251, 71, 130, 177, 12, 448, 25, 142, 369, 257, 92, 89, 16, 37, 258, 76, 171, 186, 66, 92, 170, 0)
s = 174: (0, 190, 256, 115, 106, 131, 85, 66, 120, 60, 165, 80, 66, 148, 20, 453, 21, 167, 390, 233, 92, 92, 9, 49, 185, 52, 204, 159, 73, 165, 236, 0)
s = 175: (0, 164, 94, 124, 68, 256, 99, 93, 104, 143, 181, 56, 105, 93, 17, 218, 32, 149, 169, 160, 63, 98, 16, 61, 404, 56, 175, 166, 119, 202, 230, 0)
s = 176: (0, 160, 136, 155, 71, 109, 108, 97, 92, 125, 189, 46, 97, 94, 11, 278, 24, 142, 304, 154, 102, 142, 12, 39, 254, 39, 194, 116, 99, 123, 132, 0)
s = 177: (0, 152, 170, 154, 115, 138, 150, 76, 137, 79, 347, 36, 72, 205, 14, 231, 21, 128, 215, 214, 107, 182, 15, 41, 161, 30, 197, 155, 72, 137, 283, 0)
s = 178: (0, 138, 210, 146, 148, 110, 124, 134, 89, 116, 188, 39, 92, 238, 15, 272, 25, 172, 193, 154, 123, 70, 15, 33, 258, 35, 135, 112, 132, 154, 212, 0)
s = 179: (0, 108, 126, 128, 79, 205, 119, 131, 96, 64, 256, 73, 74, 224, 14, 324, 21, 247, 321, 353, 105, 59, 14, 54, 165, 40, 222, 195, 100, 132, 236, 0)
s = 180: (0, 134, 155, 133, 144, 240, 121, 94, 78, 85, 317, 52, 149, 157, 14, 256, 19, 110, 266, 264, 98, 75, 11, 61, 269, 47, 134, 191, 74, 95, 347, 0)
s = 181: (0, 125, 95, 110, 72, 249, 173, 128, 80, 85, 212, 70, 144, 197, 11, 189, 50, 102, 196, 255, 55, 153, 13, 68, 134, 65, 112, 116, 48, 181, 174, 0)
s = 182: (0, 145, 156, 105, 156, 146, 78, 94, 133, 150, 211, 68, 83, 117, 14, 194, 38, 151, 156, 151, 112, 74, 25, 41, 297, 42, 195, 216, 72, 181, 197, 0)
s = 183: (0, 98, 113, 101, 117, 198, 105, 110, 120, 88, 329, 44, 79, 135, 26, 289, 29, 78, 156, 140, 78, 150, 16, 34, 152, 59, 289, 188, 91, 89, 162, 0)
s = 184: (0, 92, 151, 147, 82, 164, 80, 83, 76, 95, 270, 67, 71, 151, 11, 222, 36, 158, 342, 243, 72, 103, 16, 75, 160, 36, 135, 184, 82, 107, 260, 0)
s = 185: (0, 138, 134, 118, 95, 137, 113, 120, 151, 84, 141, 38, 149, 144, 20, 206, 47, 180, 284, 226, 97, 110, 16, 36, 201, 43, 238, 179, 89, 201, 306, 0)
s = 186: (0, 119, 179, 84, 79, 129, 111, 135, 141, 85, 195, 32, 75, 156, 15, 258, 22, 106, 303, 183, 83, 132, 11, 82, 179, 49, 157, 181, 125, 223, 170, 0)
s = 187: (0, 79, 113, 121, 142, 206, 116, 82, 146, 100, 229, 38, 113, 102, 14, 216, 18, 158, 240, 128, 80, 108, 15, 34, 312, 34, 154, 196, 120, 122, 156, 0)
s = 188: (0, 118, 246, 135, 99, 184, 100, 94, 119, 51, 133, 52, 118, 147, 22, 280, 32, 147, 198, 277, 74, 127, 13, 44, 214, 40, 210, 256, 155, 233, 204, 0)
s = 189: (0, 129, 243, 101, 151, 154, 119, 123, 110, 51, 150, 34, 106, 128, 18, 178, 27, 102, 292, 189, 67, 128, 16, 58, 256, 42, 143, 138, 104, 113, 164, 0)
s = 190: (0, 132, 164, 127, 95, 106, 119, 66, 132, 49, 226, 74, 127, 111, 25, 273, 34, 170, 278, 191, 74, 120, 25, 46, 274, 42, 113, 182, 54, 159, 265, 0)
s = 191: (0, 109, 231, 145, 101, 191, 141, 108, 136, 126, 198, 43, 101, 83, 19, 393, 21, 205, 364, 236, 90, 157, 11, 31, 201, 54, 127, 178, 107, 177, 246, 0)
s = 192: (0, 135, 159, 83, 103, 213, 86, 131, 115, 69, 213, 57, 112, 248, 19, 253, 27, 86, 246, 188, 83, 125, 15, 58, 268, 40, 256, 119, 83, 155, 170, 0)
s = 193: (0, 173, 106, 110, 152, 114, 111, 119, 91, 100, 195, 74, 121, 154, 16, 389, 39, 209, 299, 218, 66, 104, 19, 40, 163, 59, 210, 95, 97, 102, 119, 0)
s = 194: (0, 139, 111, 57, 81, 195, 114, 122, 140, 65, 243, 55, 84, 137, 19, 242, 43, 161, 157, 252, 96, 74, 20, 65, 137, 71, 102, 103, 120, 174, 149, 0)
s = 195: (0, 136, 167, 142, 70, 242, 89, 77, 131, 75, 261, 62, 127, 146, 19, 307, 25, 119, 217, 204, 75, 117, 13, 34, 249, 55, 185, 137, 89, 134, 326, 0)
s = 196: (0, 159, 136, 66, 91, 156, 93, 182, 137, 74, 218, 93, 154, 101, 17, 358, 30, 98, 173, 240, 104, 168, 18, 78, 182, 42, 127, 157, 114, 105, 150, 0)
s = 197: (0, 153, 191, 119, 94, 192, 75, 132, 96, 70, 270, 58, 96, 115, 14, 170, 34, 120, 335, 340, 107, 185, 11, 57, 178, 35, 220, 274, 65, 151, 164, 0)
s = 198: (0, 79, 233, 86, 117, 204, 134, 123, 113, 92, 208, 89, 123, 137, 10, 234, 41, 134, 203, 132, 89, 142, 18, 51, 301, 74, 159, 92, 103, 121, 263, 0)
s = 199: (0, 195, 194, 107, 71, 138, 146, 114, 147, 79, 242, 71, 116, 173, 20, 166, 56, 169, 320, 179, 115, 77, 21, 27, 170, 45, 174, 121, 133, 205, 122, 0)
s = 200: (0, 168, 234, 106, 162, 162, 162, 91, 68, 104, 145, 37, 132, 86, 18, 180, 22, 88, 332, 224, 60, 93, 11, 56, 268, 52, 158, 181, 81, 95, 245, 0)
************************************************************************
ES/LS-VALUES:
jobnr.   ES(i)    LS(i)
------------------------------------------------------------------------
  0        0        0
  1        0       72
  2        0       123
  3        0       79
  4       10       83
  5       10       91
  6       16       90
  7       10       108
  8       27       102
  9       10       116
 10       42       118
 11       22       131
 12       22       104
 13       39       122
 14       39       144
 15       23       130
 16       12       136
 17       16       121
 18       42       133
 19       59       136
 20       30       140
 21       35       149
 22       79       157
 23       61       153
 24       40       146
 25       23       146
 26       42       150
 27       80       159
 28       26       174
 29       90       170
 30       57       164
 31       99       180
************************************************************************
BIG-M-VALUES:
M1 = 39, M2 = 546
************************************************************************
