************************************************************************
file with basedata            : j30_44.bas
initial value random generator: 302558512
************************************************************************
projects                      :  1
jobs (incl. supersource/sink ):  32
horizon                       :  191
RESOURCES
  - renewable                 :  4   R
  - nonrenewable              :  0   N
  - doubly constrained        :  0   D
************************************************************************
PROJECT INFORMATION:
pronr.  #jobs rel.date duedate tardcost  MPM-Time
    1     30      0       62       28       62
************************************************************************
PRECEDENCE RELATIONS:
jobnr.    #modes  #successors   successors
   0        1          3           1   2   3
   1        1          2           4  14
   2        1          3           5   8  10
   3        1          2           6  18
   4        1          2           7   9
   5        1          3           7  20  28
   6        1          2           7   8
   7        1          1          25
   8        1          3          11  12  13
   9        1          3          11  17  22
  10        1          2          15  16
  11        1          2          19  21
  12        1          2          26  27
  13        1          1          22
  14        1          1          29
  15        1          2          19  22
  16        1          2          17  21
  17        1          2          20  24
  18        1          1          29
  19        1          3          20  23  25
  20        1          1          29
  21        1          3          23  24  25
  22        1          3          24  26  28
  23        1          1          28
  24        1          1          27
  25        1          2          26  27
  26        1          1          30
  27        1          1          30
  28        1          1          31
  29        1          1          31
  30        1          1          31
  31        1          0        
************************************************************************
REQUESTS/DURATIONS:
jobnr. mode duration  R 1  R 2  R 3  R 4  E(W 1)  E(W 2)
------------------------------------------------------------------------
  0      1     0       0    0    0    0     0       0
  1      1     6       2    0    8    5    12      78
  2      1     8       2   10    3    0    96      24
  3      1     7       2    0    4    2    14      42
  4      1     4       1    3    2    9    20      44
  5      1     4       0    0    7    0     0      28
  6      1     8       7    0    3    3    56      48
  7      1    10       5   10    8    8    150      160
  8      1    10       5    0    0    4    50      40
  9      1     4       9    9   10    8    72      72
 10      1     9       0   10    8    2    90      90
 11      1     3       1    7    9    2    27      33
 12      1     9       7    1    9    9    81      162
 13      1     8       3    0    4    0    24      32
 14      1     7       0   10    0   10    70      70
 15      1     1       0    1    9    4     2      13
 16      1     1       5    0    9    4     5      13
 17      1     6      10    8    0    7    108      42
 18      1     6       0    5    1    7    30      54
 19      1     5      10    0   10    8    50      90
 20      1     6       4    0    8    0    24      48
 21      1     4       0    5    2    9    20      44
 22      1     6       6    2    4    7    48      66
 23      1    10       3    5    2    9    80      110
 24      1     6       7    7    4    7    84      66
 25      1     8       0    4    2    0    32      16
 26      1     4       2    7    0    0    36       0
 27      1     9       9   10   10    0    171      90
 28      1     4       3    4   10   10    28      80
 29      1    10       7    9    0    9    160      90
 30      1     8       0   10    3    2    80      40
 31      1     0       0    0    0    0     0       0
************************************************************************
RESOURCEAVAILABILITIES:
  R 1  R 2
   54   60
************************************************************************
RESOURCE LIMITS:
jobnr.  l(R 1)  u(R 1)  l(R 2)  u(R 2)
------------------------------------------------------------------------
  0        0       0       0       0
  1        1       2       7      13
  2        6      12       2       3
  3        1       2       3       6
  4        3       5       6      11
  5        0       0       4       7
  6        4       7       4       6
  7        8      15       8      16
  8        3       5       2       4
  9       10      18       9      18
 10        5      10       5      10
 11        5       9       6      11
 12        5       9      10      18
 13        2       3       2       4
 14        5      10       5      10
 15        1       2       7      13
 16        3       5       7      13
 17        9      18       4       7
 18        3       5       5       9
 19        5      10       9      18
 20        2       4       4       8
 21        3       5       6      11
 22        4       8       6      11
 23        5       8       6      11
 24        8      14       6      11
 25        2       4       1       2
 26        5       9       0       0
 27       10      19       5      10
 28        4       7      10      20
 29        9      16       5       9
 30        5      10       3       5
 31        0       0       0       0
************************************************************************
SCENARIOS:
------------------------------------------------------------------------
RESOURCE k = 1
s = 1: (0, 8, 141, 15, 32, 0, 43, 224, 33, 86, 80, 20, 60, 27, 45, 2, 4, 89, 33, 49, 17, 23, 37, 63, 67, 28, 43, 114, 34, 121, 69, 0)
s = 2: (0, 7, 59, 14, 26, 0, 51, 165, 62, 47, 80, 37, 85, 24, 41, 2, 5, 111, 34, 37, 31, 28, 63, 70, 53, 39, 58, 212, 17, 181, 78, 0)
s = 3: (0, 8, 58, 17, 27, 0, 44, 100, 38, 91, 115, 22, 80, 34, 76, 2, 6, 106, 37, 68, 33, 14, 53, 91, 76, 24, 29, 144, 35, 119, 113, 0)
s = 4: (0, 9, 77, 14, 15, 0, 45, 263, 52, 83, 80, 26, 109, 28, 86, 3, 6, 145, 22, 39, 20, 18, 49, 58, 59, 29, 56, 90, 25, 180, 79, 0)
s = 5: (0, 10, 121, 16, 16, 0, 53, 233, 34, 46, 132, 22, 116, 29, 107, 2, 9, 97, 23, 75, 20, 28, 70, 84, 59, 43, 54, 164, 33, 152, 59, 0)
s = 6: (0, 12, 83, 20, 22, 0, 59, 99, 43, 62, 83, 27, 89, 23, 65, 3, 5, 90, 29, 38, 19, 23, 59, 91, 98, 44, 33, 171, 37, 112, 70, 0)
s = 7: (0, 9, 132, 16, 24, 0, 94, 188, 54, 50, 72, 24, 49, 25, 108, 2, 7, 128, 29, 51, 34, 24, 44, 124, 87, 28, 33, 253, 43, 135, 61, 0)
s = 8: (0, 14, 125, 15, 20, 0, 40, 238, 51, 85, 70, 30, 90, 18, 113, 3, 7, 119, 33, 65, 21, 19, 32, 91, 99, 30, 38, 169, 17, 179, 144, 0)
s = 9: (0, 14, 107, 11, 22, 0, 69, 104, 48, 114, 82, 32, 68, 19, 100, 2, 5, 124, 24, 30, 36, 23, 38, 64, 89, 29, 62, 153, 21, 156, 97, 0)
s = 10: (0, 10, 78, 14, 19, 0, 83, 101, 36, 117, 86, 37, 77, 40, 84, 2, 8, 94, 41, 30, 25, 18, 80, 65, 100, 26, 36, 208, 23, 178, 77, 0)
s = 11: (0, 13, 133, 17, 16, 0, 35, 92, 40, 47, 129, 31, 71, 24, 90, 3, 4, 125, 33, 38, 21, 18, 39, 144, 94, 34, 38, 112, 31, 101, 70, 0)
s = 12: (0, 9, 102, 11, 21, 0, 52, 155, 91, 62, 78, 21, 89, 24, 117, 3, 8, 102, 21, 45, 19, 13, 45, 119, 61, 21, 24, 142, 18, 202, 82, 0)
s = 13: (0, 10, 66, 21, 20, 0, 44, 110, 55, 114, 74, 30, 59, 14, 102, 2, 5, 169, 30, 43, 14, 16, 35, 68, 78, 35, 32, 173, 24, 182, 78, 0)
s = 14: (0, 15, 78, 10, 30, 0, 55, 115, 58, 78, 105, 19, 52, 28, 100, 2, 6, 69, 38, 55, 20, 15, 76, 75, 74, 45, 33, 128, 25, 194, 99, 0)
s = 15: (0, 11, 140, 13, 29, 0, 51, 115, 35, 89, 133, 25, 87, 20, 80, 3, 7, 154, 27, 36, 35, 33, 32, 58, 64, 29, 26, 114, 22, 115, 93, 0)
s = 16: (0, 14, 95, 13, 18, 0, 45, 134, 43, 68, 97, 28, 50, 31, 92, 3, 7, 76, 19, 40, 17, 24, 35, 70, 48, 29, 22, 210, 25, 190, 47, 0)
s = 17: (0, 10, 131, 15, 29, 0, 48, 179, 46, 91, 67, 22, 80, 18, 115, 2, 6, 100, 36, 40, 33, 19, 40, 126, 54, 29, 41, 106, 18, 126, 126, 0)
s = 18: (0, 8, 104, 11, 13, 0, 56, 130, 50, 81, 67, 21, 63, 23, 44, 2, 7, 98, 21, 38, 23, 20, 65, 68, 92, 35, 32, 169, 22, 201, 120, 0)
s = 19: (0, 11, 125, 20, 21, 0, 67, 203, 36, 93, 81, 23, 56, 38, 55, 3, 3, 135, 22, 45, 32, 23, 73, 65, 127, 30, 40, 130, 23, 146, 64, 0)
s = 20: (0, 10, 162, 14, 20, 0, 64, 107, 59, 41, 105, 20, 58, 17, 47, 2, 6, 135, 38, 53, 22, 15, 42, 104, 75, 18, 66, 147, 16, 125, 103, 0)
s = 21: (0, 9, 80, 19, 32, 0, 73, 126, 54, 82, 66, 21, 54, 20, 94, 2, 5, 109, 47, 48, 43, 33, 44, 88, 57, 40, 44, 187, 32, 147, 90, 0)
s = 22: (0, 10, 140, 15, 14, 0, 71, 189, 62, 83, 69, 22, 90, 17, 74, 3, 7, 112, 40, 30, 29, 21, 27, 73, 73, 23, 24, 199, 32, 155, 86, 0)
s = 23: (0, 11, 83, 9, 27, 0, 65, 103, 82, 59, 140, 28, 64, 30, 69, 2, 6, 125, 33, 43, 30, 28, 36, 117, 102, 27, 31, 222, 47, 139, 77, 0)
s = 24: (0, 12, 63, 19, 17, 0, 98, 125, 53, 82, 68, 29, 69, 23, 66, 2, 6, 149, 23, 48, 19, 21, 57, 53, 98, 23, 42, 175, 28, 148, 117, 0)
s = 25: (0, 13, 109, 18, 14, 0, 51, 167, 54, 93, 80, 29, 94, 24, 70, 2, 4, 131, 24, 45, 31, 14, 44, 91, 49, 47, 32, 146, 39, 196, 62, 0)
s = 26: (0, 11, 80, 16, 22, 0, 37, 195, 61, 52, 78, 22, 69, 23, 63, 3, 6, 85, 38, 65, 35, 25, 43, 80, 52, 42, 57, 132, 25, 131, 61, 0)
s = 27: (0, 10, 65, 21, 21, 0, 43, 100, 51, 49, 72, 25, 87, 19, 64, 3, 4, 77, 32, 76, 40, 14, 74, 63, 102, 52, 20, 301, 31, 84, 65, 0)
s = 28: (0, 9, 97, 15, 16, 0, 40, 124, 41, 83, 105, 31, 102, 29, 48, 4, 5, 97, 34, 33, 41, 20, 40, 79, 49, 29, 36, 212, 39, 108, 73, 0)
s = 29: (0, 9, 138, 16, 17, 0, 45, 105, 72, 64, 68, 17, 119, 33, 81, 3, 6, 110, 46, 58, 22, 28, 55, 95, 89, 27, 36, 186, 24, 132, 53, 0)
s = 30: (0, 13, 78, 18, 18, 0, 58, 234, 35, 96, 92, 22, 69, 23, 68, 2, 6, 92, 29, 82, 31, 19, 40, 96, 133, 27, 37, 195, 22, 124, 48, 0)
s = 31: (0, 12, 111, 17, 18, 0, 38, 184, 68, 108, 64, 37, 93, 38, 73, 3, 5, 105, 38, 76, 21, 15, 71, 66, 59, 44, 21, 145, 29, 130, 60, 0)
s = 32: (0, 8, 107, 13, 20, 0, 67, 132, 37, 79, 67, 29, 85, 26, 82, 3, 6, 98, 41, 58, 26, 20, 51, 76, 102, 37, 38, 125, 24, 106, 134, 0)
s = 33: (0, 9, 112, 13, 13, 0, 46, 168, 81, 95, 107, 27, 77, 23, 48, 2, 4, 147, 22, 82, 18, 21, 36, 91, 69, 41, 45, 193, 28, 153, 45, 0)
s = 34: (0, 9, 94, 17, 17, 0, 45, 195, 43, 81, 77, 36, 75, 22, 75, 2, 4, 143, 40, 33, 19, 21, 86, 74, 61, 24, 28, 118, 19, 220, 53, 0)
s = 35: (0, 19, 151, 14, 26, 0, 47, 94, 32, 66, 79, 29, 50, 19, 80, 4, 5, 183, 27, 40, 19, 17, 53, 106, 80, 36, 56, 189, 43, 110, 93, 0)
s = 36: (0, 12, 75, 10, 18, 0, 39, 277, 55, 61, 56, 38, 66, 16, 73, 2, 6, 133, 29, 45, 19, 27, 42, 56, 93, 30, 34, 218, 20, 111, 50, 0)
s = 37: (0, 14, 69, 13, 22, 0, 102, 143, 54, 74, 135, 25, 94, 29, 81, 2, 7, 133, 47, 45, 23, 14, 50, 73, 101, 31, 44, 120, 32, 209, 86, 0)
s = 38: (0, 11, 86, 14, 19, 0, 67, 91, 52, 57, 112, 41, 52, 16, 60, 2, 6, 208, 18, 53, 20, 14, 38, 65, 92, 36, 49, 170, 31, 254, 89, 0)
s = 39: (0, 13, 107, 19, 29, 0, 40, 152, 44, 66, 62, 38, 48, 35, 60, 2, 6, 120, 18, 40, 21, 26, 56, 92, 97, 22, 39, 170, 36, 187, 73, 0)
s = 40: (0, 16, 79, 15, 14, 0, 36, 198, 53, 49, 97, 31, 86, 39, 64, 2, 6, 119, 32, 33, 24, 17, 40, 70, 79, 25, 25, 128, 25, 122, 94, 0)
s = 41: (0, 10, 66, 22, 31, 0, 64, 87, 42, 69, 91, 21, 91, 19, 65, 3, 5, 83, 35, 34, 18, 11, 59, 56, 63, 30, 35, 192, 50, 154, 68, 0)
s = 42: (0, 12, 107, 18, 24, 0, 77, 169, 65, 71, 105, 34, 117, 19, 66, 3, 4, 60, 36, 50, 29, 21, 49, 116, 104, 25, 24, 193, 28, 206, 101, 0)
s = 43: (0, 11, 82, 14, 14, 0, 54, 173, 56, 68, 89, 25, 95, 28, 40, 3, 5, 150, 37, 32, 18, 17, 35, 110, 92, 25, 45, 152, 31, 183, 65, 0)
s = 44: (0, 10, 131, 10, 15, 0, 43, 241, 73, 83, 74, 31, 84, 29, 44, 3, 5, 65, 18, 61, 32, 14, 38, 81, 84, 39, 26, 154, 27, 221, 81, 0)
s = 45: (0, 14, 128, 10, 23, 0, 64, 210, 51, 71, 56, 25, 81, 16, 94, 2, 5, 73, 34, 68, 36, 13, 32, 86, 74, 28, 48, 236, 23, 275, 103, 0)
s = 46: (0, 15, 88, 12, 28, 0, 69, 155, 34, 62, 68, 22, 100, 20, 84, 2, 7, 78, 32, 47, 31, 13, 63, 89, 72, 33, 43, 292, 29, 161, 56, 0)
s = 47: (0, 9, 57, 21, 22, 0, 57, 87, 44, 81, 102, 25, 55, 22, 46, 2, 6, 124, 27, 65, 25, 23, 43, 79, 95, 32, 31, 189, 21, 104, 120, 0)
s = 48: (0, 18, 110, 8, 16, 0, 36, 188, 74, 69, 133, 35, 78, 32, 41, 2, 4, 91, 40, 38, 25, 18, 59, 99, 94, 26, 41, 129, 25, 266, 61, 0)
s = 49: (0, 7, 57, 18, 30, 0, 52, 190, 32, 105, 103, 22, 71, 24, 55, 3, 5, 91, 35, 40, 23, 16, 80, 45, 49, 42, 52, 163, 28, 120, 96, 0)
s = 50: (0, 15, 119, 10, 24, 0, 63, 182, 47, 86, 132, 16, 98, 16, 49, 3, 6, 73, 38, 41, 31, 30, 51, 83, 82, 45, 60, 254, 30, 198, 66, 0)
s = 51: (0, 12, 142, 12, 12, 0, 65, 134, 81, 82, 73, 31, 93, 19, 37, 4, 4, 94, 25, 34, 35, 24, 52, 80, 77, 32, 41, 261, 23, 194, 59, 0)
s = 52: (0, 12, 71, 15, 14, 0, 79, 113, 70, 74, 60, 25, 81, 21, 113, 3, 7, 141, 24, 47, 32, 22, 44, 68, 84, 31, 36, 172, 34, 233, 62, 0)
s = 53: (0, 9, 111, 8, 29, 0, 42, 214, 55, 82, 104, 41, 47, 33, 82, 2, 6, 84, 37, 38, 27, 26, 47, 61, 92, 31, 45, 217, 19, 179, 72, 0)
s = 54: (0, 14, 85, 17, 13, 0, 36, 162, 57, 58, 93, 27, 50, 18, 67, 3, 5, 66, 34, 28, 25, 19, 55, 69, 56, 25, 21, 109, 23, 257, 137, 0)
s = 55: (0, 16, 75, 11, 18, 0, 67, 145, 53, 77, 67, 20, 126, 34, 43, 2, 4, 96, 39, 39, 27, 26, 45, 53, 73, 45, 31, 121, 29, 189, 55, 0)
s = 56: (0, 9, 71, 14, 30, 0, 33, 176, 61, 102, 68, 28, 94, 32, 60, 2, 4, 94, 34, 41, 28, 16, 36, 108, 48, 31, 48, 131, 27, 160, 126, 0)
s = 57: (0, 11, 113, 10, 26, 0, 69, 128, 68, 57, 99, 37, 76, 26, 85, 3, 5, 136, 40, 33, 22, 19, 45, 57, 76, 25, 51, 138, 31, 86, 63, 0)
s = 58: (0, 8, 109, 11, 13, 0, 34, 230, 66, 100, 105, 33, 58, 18, 87, 3, 4, 89, 21, 37, 26, 31, 58, 112, 74, 30, 62, 217, 23, 210, 60, 0)
s = 59: (0, 20, 122, 11, 35, 0, 64, 99, 51, 88, 87, 21, 97, 31, 38, 2, 3, 94, 32, 44, 18, 25, 44, 53, 76, 28, 28, 160, 20, 149, 50, 0)
s = 60: (0, 15, 121, 16, 17, 0, 74, 108, 28, 39, 115, 23, 52, 21, 51, 2, 7, 118, 23, 63, 20, 34, 61, 87, 88, 37, 36, 229, 27, 132, 53, 0)
s = 61: (0, 18, 141, 13, 21, 0, 73, 113, 66, 48, 54, 18, 65, 18, 78, 3, 4, 106, 49, 42, 22, 17, 47, 70, 140, 19, 26, 190, 28, 144, 79, 0)
s = 62: (0, 13, 129, 12, 19, 0, 51, 99, 47, 85, 91, 49, 101, 29, 59, 2, 6, 71, 26, 57, 29, 16, 52, 90, 54, 53, 39, 131, 28, 173, 53, 0)
s = 63: (0, 13, 83, 10, 17, 0, 33, 151, 39, 84, 118, 15, 48, 34, 42, 3, 4, 148, 28, 72, 14, 21, 60, 91, 72, 35, 57, 175, 31, 256, 86, 0)
s = 64: (0, 12, 99, 12, 27, 0, 55, 121, 33, 96, 50, 30, 104, 29, 106, 2, 6, 141, 26, 28, 21, 29, 35, 103, 100, 24, 47, 259, 20, 156, 58, 0)
s = 65: (0, 11, 73, 19, 15, 0, 36, 124, 52, 75, 144, 27, 62, 21, 46, 2, 7, 99, 24, 33, 21, 16, 66, 133, 75, 30, 30, 122, 40, 163, 100, 0)
s = 66: (0, 10, 156, 15, 23, 0, 78, 91, 51, 113, 90, 23, 72, 25, 85, 3, 5, 113, 30, 58, 27, 23, 65, 57, 79, 47, 43, 179, 19, 139, 58, 0)
s = 67: (0, 20, 60, 13, 16, 0, 37, 182, 57, 44, 65, 21, 93, 31, 52, 3, 5, 104, 24, 57, 24, 28, 70, 73, 92, 38, 33, 196, 16, 147, 64, 0)
s = 68: (0, 12, 80, 12, 28, 0, 54, 123, 56, 52, 147, 31, 68, 26, 58, 2, 5, 66, 19, 36, 21, 16, 41, 100, 110, 39, 30, 159, 31, 131, 68, 0)
s = 69: (0, 11, 76, 10, 23, 0, 70, 111, 40, 48, 81, 20, 56, 17, 113, 2, 8, 139, 28, 54, 18, 33, 66, 96, 138, 46, 64, 168, 18, 98, 64, 0)
s = 70: (0, 13, 70, 10, 23, 0, 44, 166, 40, 89, 105, 26, 84, 26, 80, 2, 4, 114, 24, 85, 42, 24, 53, 65, 104, 31, 30, 114, 24, 160, 71, 0)
s = 71: (0, 12, 86, 13, 15, 0, 60, 157, 42, 65, 73, 35, 73, 35, 81, 2, 4, 148, 36, 41, 32, 26, 47, 118, 68, 28, 30, 289, 30, 189, 112, 0)
s = 72: (0, 11, 125, 18, 15, 0, 46, 138, 63, 48, 54, 25, 74, 18, 102, 2, 5, 152, 28, 31, 17, 19, 44, 62, 73, 30, 31, 171, 33, 159, 101, 0)
s = 73: (0, 17, 96, 13, 31, 0, 58, 277, 67, 47, 121, 21, 72, 25, 57, 3, 4, 84, 22, 57, 13, 19, 42, 85, 112, 36, 31, 113, 25, 116, 71, 0)
s = 74: (0, 13, 91, 9, 16, 0, 69, 90, 51, 96, 86, 23, 81, 25, 52, 3, 8, 94, 29, 27, 23, 18, 52, 98, 97, 26, 57, 160, 37, 150, 133, 0)
s = 75: (0, 13, 101, 11, 18, 0, 67, 126, 35, 53, 73, 26, 56, 33, 47, 4, 4, 137, 44, 58, 24, 17, 75, 88, 84, 31, 65, 135, 34, 128, 73, 0)
s = 76: (0, 10, 70, 13, 25, 0, 83, 96, 62, 78, 63, 16, 95, 24, 65, 2, 5, 123, 25, 39, 24, 24, 38, 82, 59, 22, 22, 240, 29, 125, 72, 0)
s = 77: (0, 12, 94, 16, 24, 0, 50, 203, 58, 54, 105, 39, 122, 18, 56, 2, 8, 77, 31, 46, 21, 25, 30, 71, 88, 21, 30, 288, 42, 188, 78, 0)
s = 78: (0, 11, 73, 22, 22, 0, 37, 169, 66, 64, 105, 18, 44, 16, 48, 3, 4, 120, 58, 46, 22, 21, 36, 72, 80, 37, 28, 171, 37, 164, 76, 0)
s = 79: (0, 9, 133, 10, 22, 0, 38, 135, 60, 96, 50, 22, 92, 17, 69, 2, 5, 108, 17, 43, 23, 11, 53, 71, 107, 25, 36, 149, 27, 146, 105, 0)
s = 80: (0, 14, 113, 15, 22, 0, 57, 162, 34, 78, 83, 23, 107, 23, 43, 2, 7, 105, 34, 74, 24, 21, 59, 46, 129, 44, 23, 95, 29, 183, 67, 0)
s = 81: (0, 8, 101, 12, 32, 0, 71, 114, 30, 68, 110, 19, 83, 22, 76, 2, 6, 68, 25, 43, 23, 17, 41, 104, 94, 30, 41, 257, 24, 111, 98, 0)
s = 82: (0, 14, 70, 17, 19, 0, 49, 149, 49, 68, 90, 35, 87, 18, 73, 2, 3, 112, 33, 38, 22, 16, 43, 75, 76, 24, 26, 119, 42, 136, 68, 0)
s = 83: (0, 12, 70, 11, 27, 0, 85, 244, 78, 47, 85, 25, 50, 20, 60, 2, 6, 113, 49, 44, 18, 21, 32, 86, 81, 30, 41, 122, 35, 194, 76, 0)
s = 84: (0, 15, 106, 9, 15, 0, 36, 207, 58, 78, 104, 35, 62, 29, 43, 2, 5, 92, 32, 66, 20, 17, 34, 68, 91, 25, 32, 202, 26, 149, 51, 0)
s = 85: (0, 12, 91, 13, 18, 0, 62, 186, 45, 55, 85, 34, 74, 27, 66, 3, 5, 95, 17, 59, 21, 20, 66, 69, 114, 57, 37, 120, 21, 221, 90, 0)
s = 86: (0, 8, 78, 13, 14, 0, 57, 140, 35, 77, 149, 24, 102, 20, 77, 3, 4, 71, 52, 70, 21, 34, 35, 60, 67, 18, 52, 127, 18, 255, 91, 0)
s = 87: (0, 18, 90, 16, 23, 0, 44, 207, 31, 58, 70, 21, 56, 23, 70, 3, 4, 128, 36, 65, 35, 18, 44, 89, 113, 31, 28, 142, 28, 166, 100, 0)
s = 88: (0, 13, 61, 20, 29, 0, 48, 145, 38, 57, 108, 33, 86, 32, 66, 2, 5, 86, 40, 53, 24, 25, 35, 81, 100, 30, 22, 174, 24, 251, 121, 0)
s = 89: (0, 10, 66, 17, 28, 0, 96, 122, 37, 45, 103, 25, 53, 14, 41, 4, 4, 105, 24, 40, 15, 25, 58, 100, 90, 30, 40, 207, 18, 147, 96, 0)
s = 90: (0, 8, 108, 12, 28, 0, 46, 119, 56, 120, 123, 34, 94, 32, 79, 2, 7, 134, 32, 55, 18, 20, 29, 125, 73, 45, 31, 164, 28, 152, 78, 0)
s = 91: (0, 8, 162, 23, 18, 0, 39, 138, 52, 56, 78, 25, 53, 17, 70, 2, 4, 71, 20, 39, 20, 20, 45, 84, 58, 23, 36, 127, 43, 150, 63, 0)
s = 92: (0, 16, 57, 12, 23, 0, 43, 139, 32, 100, 127, 45, 49, 14, 77, 3, 5, 67, 28, 60, 35, 14, 41, 61, 63, 41, 36, 137, 35, 147, 86, 0)
s = 93: (0, 8, 114, 13, 20, 0, 35, 186, 83, 68, 82, 22, 51, 25, 49, 2, 8, 143, 29, 30, 27, 17, 55, 58, 81, 23, 32, 190, 35, 173, 124, 0)
s = 94: (0, 17, 112, 10, 25, 0, 69, 117, 57, 100, 96, 27, 51, 23, 64, 2, 5, 87, 31, 40, 16, 33, 76, 62, 126, 27, 39, 221, 22, 176, 126, 0)
s = 95: (0, 14, 103, 13, 38, 0, 45, 116, 72, 95, 70, 45, 67, 23, 56, 2, 6, 139, 48, 65, 26, 25, 51, 72, 57, 18, 27, 130, 26, 123, 111, 0)
s = 96: (0, 9, 68, 9, 25, 0, 56, 177, 80, 103, 109, 23, 58, 28, 62, 3, 7, 109, 38, 57, 20, 21, 45, 104, 62, 26, 31, 201, 48, 148, 74, 0)
s = 97: (0, 12, 86, 17, 17, 0, 82, 228, 40, 103, 93, 19, 120, 42, 91, 2, 7, 116, 36, 36, 19, 28, 32, 71, 71, 21, 42, 164, 24, 155, 73, 0)
s = 98: (0, 14, 85, 8, 19, 0, 66, 141, 85, 48, 104, 28, 79, 31, 69, 3, 4, 85, 21, 62, 19, 22, 49, 91, 124, 49, 37, 216, 23, 177, 124, 0)
s = 99: (0, 19, 63, 14, 32, 0, 64, 145, 53, 54, 66, 30, 72, 28, 79, 2, 6, 120, 32, 58, 22, 16, 46, 125, 57, 37, 36, 120, 19, 150, 115, 0)
s = 100: (0, 10, 137, 10, 32, 0, 56, 135, 66, 108, 87, 25, 103, 19, 100, 2, 6, 67, 24, 39, 28, 29, 52, 113, 105, 23, 35, 172, 25, 159, 69, 0)
s = 101: (0, 12, 81, 15, 21, 0, 50, 121, 52, 76, 62, 22, 89, 16, 56, 2, 3, 131, 35, 53, 15, 19, 32, 132, 62, 25, 39, 231, 20, 201, 89, 0)
s = 102: (0, 12, 112, 16, 26, 0, 39, 142, 52, 46, 126, 33, 85, 21, 49, 2, 5, 137, 33, 65, 16, 19, 58, 78, 125, 21, 42, 230, 20, 179, 50, 0)
s = 103: (0, 11, 65, 12, 23, 0, 52, 200, 36, 59, 119, 42, 73, 34, 56, 2, 7, 129, 22, 44, 22, 11, 66, 60, 87, 25, 23, 315, 42, 170, 121, 0)
s = 104: (0, 13, 98, 19, 29, 0, 35, 135, 35, 64, 66, 25, 100, 22, 61, 2, 5, 59, 28, 32, 26, 14, 42, 103, 106, 36, 35, 96, 36, 139, 64, 0)
s = 105: (0, 19, 139, 14, 19, 0, 44, 230, 33, 72, 134, 37, 123, 23, 67, 3, 5, 175, 38, 60, 18, 25, 31, 74, 68, 26, 42, 154, 29, 146, 75, 0)
s = 106: (0, 15, 84, 19, 19, 0, 64, 152, 69, 88, 107, 27, 88, 17, 61, 4, 4, 90, 22, 55, 33, 13, 41, 107, 102, 32, 30, 145, 27, 224, 77, 0)
s = 107: (0, 11, 77, 11, 20, 0, 51, 128, 33, 78, 95, 17, 71, 22, 89, 2, 4, 90, 36, 67, 14, 21, 86, 94, 87, 42, 46, 209, 21, 112, 94, 0)
s = 108: (0, 10, 129, 8, 20, 0, 91, 240, 50, 78, 63, 32, 57, 36, 58, 2, 4, 83, 28, 86, 27, 21, 50, 74, 73, 48, 28, 159, 34, 164, 65, 0)
s = 109: (0, 8, 91, 12, 27, 0, 55, 181, 53, 93, 123, 15, 79, 36, 94, 2, 7, 105, 37, 76, 35, 17, 41, 57, 93, 23, 43, 237, 36, 189, 56, 0)
s = 110: (0, 20, 87, 9, 16, 0, 79, 118, 56, 67, 122, 23, 66, 39, 58, 2, 5, 74, 21, 43, 20, 17, 49, 121, 92, 26, 51, 130, 32, 189, 76, 0)
s = 111: (0, 12, 91, 15, 29, 0, 46, 175, 40, 80, 61, 33, 51, 16, 102, 2, 5, 99, 32, 31, 14, 18, 84, 74, 133, 42, 36, 103, 29, 269, 84, 0)
s = 112: (0, 9, 71, 10, 15, 0, 58, 185, 45, 86, 67, 25, 115, 26, 47, 2, 5, 71, 23, 64, 16, 12, 47, 72, 46, 31, 39, 153, 29, 105, 90, 0)
s = 113: (0, 17, 109, 17, 13, 0, 72, 171, 51, 58, 58, 34, 69, 23, 97, 3, 4, 99, 32, 77, 23, 28, 36, 95, 75, 18, 38, 230, 29, 159, 130, 0)
s = 114: (0, 15, 93, 12, 14, 0, 47, 191, 33, 68, 96, 24, 106, 31, 48, 2, 6, 81, 28, 43, 30, 13, 33, 145, 60, 21, 46, 186, 27, 155, 73, 0)
s = 115: (0, 9, 68, 21, 17, 0, 55, 85, 52, 100, 101, 18, 92, 20, 54, 2, 4, 113, 35, 65, 13, 23, 33, 69, 96, 33, 38, 207, 33, 141, 64, 0)
s = 116: (0, 13, 76, 12, 21, 0, 42, 93, 47, 49, 63, 23, 94, 15, 90, 3, 6, 102, 32, 44, 23, 14, 55, 50, 117, 49, 40, 147, 17, 260, 83, 0)
s = 117: (0, 12, 123, 13, 15, 0, 32, 117, 65, 54, 97, 38, 60, 21, 65, 2, 6, 106, 27, 53, 19, 18, 53, 58, 105, 32, 49, 168, 24, 162, 65, 0)
s = 118: (0, 9, 115, 19, 13, 0, 43, 144, 44, 51, 66, 28, 53, 21, 59, 4, 8, 161, 36, 58, 22, 26, 63, 51, 82, 28, 22, 175, 22, 139, 83, 0)
s = 119: (0, 14, 126, 20, 36, 0, 57, 195, 37, 81, 86, 23, 82, 36, 56, 2, 4, 73, 30, 30, 17, 16, 34, 55, 74, 24, 37, 135, 40, 182, 88, 0)
s = 120: (0, 10, 92, 16, 29, 0, 78, 149, 40, 74, 121, 25, 66, 14, 54, 2, 5, 106, 29, 46, 26, 24, 33, 92, 44, 19, 23, 244, 20, 148, 50, 0)
s = 121: (0, 10, 78, 12, 19, 0, 50, 205, 71, 123, 85, 23, 94, 20, 52, 2, 3, 89, 17, 73, 24, 27, 45, 82, 141, 29, 49, 146, 23, 136, 110, 0)
s = 122: (0, 10, 72, 14, 23, 0, 40, 138, 41, 55, 119, 27, 82, 24, 66, 2, 3, 115, 36, 63, 25, 24, 58, 88, 72, 24, 57, 130, 24, 116, 136, 0)
s = 123: (0, 20, 104, 11, 28, 0, 50, 201, 35, 102, 92, 29, 84, 22, 67, 2, 4, 126, 35, 82, 16, 26, 50, 64, 63, 19, 34, 259, 17, 269, 42, 0)
s = 124: (0, 14, 96, 22, 26, 0, 76, 212, 40, 98, 80, 16, 90, 23, 58, 2, 5, 111, 39, 60, 29, 14, 67, 54, 134, 23, 30, 116, 23, 246, 61, 0)
s = 125: (0, 14, 127, 13, 30, 0, 62, 209, 69, 91, 87, 31, 74, 21, 82, 3, 5, 111, 24, 47, 20, 25, 85, 122, 104, 40, 31, 215, 44, 132, 53, 0)
s = 126: (0, 9, 99, 18, 13, 0, 38, 111, 78, 46, 129, 25, 109, 19, 73, 2, 4, 130, 41, 70, 24, 20, 39, 103, 73, 37, 40, 199, 16, 105, 104, 0)
s = 127: (0, 10, 106, 17, 22, 0, 39, 121, 33, 47, 147, 22, 81, 38, 111, 4, 5, 98, 37, 52, 25, 32, 71, 91, 94, 41, 34, 146, 25, 112, 64, 0)
s = 128: (0, 10, 114, 8, 28, 0, 47, 215, 57, 118, 145, 30, 118, 28, 77, 3, 4, 106, 21, 72, 24, 17, 60, 89, 72, 40, 42, 126, 29, 153, 86, 0)
s = 129: (0, 12, 104, 13, 20, 0, 60, 130, 32, 57, 121, 24, 44, 35, 52, 2, 5, 108, 40, 60, 40, 32, 76, 46, 129, 41, 34, 150, 17, 162, 111, 0)
s = 130: (0, 23, 74, 18, 16, 0, 34, 101, 65, 72, 58, 24, 74, 34, 86, 3, 5, 83, 33, 59, 16, 13, 31, 73, 89, 33, 38, 212, 32, 224, 85, 0)
s = 131: (0, 9, 56, 9, 19, 0, 52, 117, 34, 47, 58, 32, 65, 23, 42, 2, 5, 88, 39, 45, 28, 17, 51, 71, 110, 28, 45, 125, 24, 214, 86, 0)
s = 132: (0, 9, 90, 10, 22, 0, 57, 129, 72, 46, 85, 27, 108, 29, 87, 3, 7, 98, 41, 35, 29, 15, 82, 52, 53, 26, 33, 153, 20, 187, 91, 0)
s = 133: (0, 16, 77, 15, 20, 0, 34, 122, 51, 49, 62, 45, 50, 29, 45, 2, 6, 96, 28, 34, 21, 34, 55, 81, 117, 47, 25, 134, 30, 216, 59, 0)
s = 134: (0, 9, 64, 20, 25, 0, 55, 173, 51, 92, 122, 29, 75, 22, 48, 2, 5, 99, 28, 46, 20, 17, 52, 43, 101, 29, 51, 142, 31, 247, 58, 0)
s = 135: (0, 8, 108, 11, 16, 0, 57, 157, 31, 56, 60, 28, 114, 25, 89, 3, 4, 86, 32, 57, 23, 22, 27, 70, 58, 22, 26, 130, 33, 125, 77, 0)
s = 136: (0, 13, 110, 12, 17, 0, 35, 116, 71, 83, 95, 41, 68, 19, 59, 3, 5, 129, 38, 30, 33, 27, 49, 77, 63, 21, 46, 157, 29, 216, 84, 0)
s = 137: (0, 13, 77, 15, 16, 0, 40, 110, 41, 92, 110, 32, 98, 15, 67, 3, 6, 113, 16, 54, 38, 26, 55, 75, 86, 30, 47, 126, 29, 120, 44, 0)
s = 138: (0, 15, 78, 15, 16, 0, 74, 135, 49, 63, 105, 26, 109, 35, 75, 3, 5, 171, 42, 30, 22, 18, 50, 50, 55, 33, 26, 139, 31, 126, 44, 0)
s = 139: (0, 11, 76, 19, 19, 0, 61, 127, 52, 61, 75, 22, 58, 26, 85, 2, 5, 157, 37, 31, 18, 15, 40, 78, 47, 43, 45, 173, 37, 194, 74, 0)
s = 140: (0, 9, 88, 10, 18, 0, 68, 148, 36, 72, 82, 30, 92, 16, 44, 3, 4, 101, 20, 75, 30, 25, 67, 75, 67, 34, 21, 180, 20, 103, 64, 0)
s = 141: (0, 18, 85, 15, 14, 0, 47, 196, 39, 64, 108, 46, 76, 19, 84, 2, 5, 101, 37, 45, 19, 20, 59, 72, 109, 20, 37, 138, 21, 90, 139, 0)
s = 142: (0, 13, 94, 10, 16, 0, 73, 81, 45, 45, 93, 21, 92, 23, 89, 2, 5, 157, 27, 72, 35, 20, 56, 111, 114, 19, 30, 122, 26, 105, 62, 0)
s = 143: (0, 13, 139, 8, 18, 0, 53, 146, 84, 94, 70, 28, 52, 37, 60, 3, 4, 146, 43, 55, 15, 20, 36, 67, 119, 29, 34, 238, 34, 172, 117, 0)
s = 144: (0, 10, 72, 18, 24, 0, 41, 216, 56, 51, 81, 21, 105, 37, 89, 2, 4, 116, 17, 56, 34, 38, 66, 101, 72, 43, 63, 102, 39, 174, 92, 0)
s = 145: (0, 10, 68, 12, 30, 0, 84, 122, 44, 98, 126, 37, 62, 27, 39, 4, 10, 133, 33, 56, 18, 20, 48, 94, 90, 41, 22, 114, 24, 94, 87, 0)
s = 146: (0, 11, 102, 19, 25, 0, 39, 225, 52, 81, 118, 36, 102, 15, 63, 3, 4, 170, 23, 42, 21, 28, 59, 64, 73, 33, 61, 117, 37, 207, 87, 0)
s = 147: (0, 14, 114, 10, 18, 0, 59, 228, 40, 86, 102, 21, 46, 27, 52, 2, 7, 172, 29, 33, 20, 14, 32, 82, 112, 34, 28, 143, 34, 125, 59, 0)
s = 148: (0, 12, 64, 12, 19, 0, 81, 88, 81, 43, 57, 17, 100, 22, 81, 3, 4, 96, 43, 57, 35, 16, 76, 78, 88, 29, 33, 169, 22, 150, 94, 0)
s = 149: (0, 8, 98, 10, 22, 0, 56, 147, 65, 60, 98, 21, 88, 30, 85, 2, 7, 85, 25, 64, 23, 24, 50, 78, 94, 32, 39, 195, 32, 146, 62, 0)
s = 150: (0, 14, 108, 17, 17, 0, 82, 185, 29, 91, 113, 17, 65, 21, 132, 3, 5, 133, 32, 50, 31, 20, 31, 133, 76, 32, 46, 186, 21, 233, 62, 0)
s = 151: (0, 9, 56, 12, 18, 0, 63, 169, 28, 87, 104, 18, 81, 29, 75, 2, 8, 153, 31, 55, 26, 23, 32, 122, 108, 40, 35, 168, 23, 224, 97, 0)
s = 152: (0, 9, 85, 21, 34, 0, 67, 150, 45, 63, 73, 36, 79, 18, 77, 2, 4, 81, 22, 45, 27, 29, 51, 51, 105, 54, 25, 132, 27, 107, 101, 0)
s = 153: (0, 12, 131, 16, 24, 0, 57, 163, 42, 52, 120, 20, 62, 18, 95, 3, 5, 156, 28, 61, 16, 19, 66, 104, 73, 30, 19, 213, 30, 132, 46, 0)
s = 154: (0, 11, 75, 15, 20, 0, 75, 150, 61, 106, 78, 18, 106, 28, 54, 2, 7, 176, 22, 50, 21, 14, 40, 71, 94, 35, 44, 95, 27, 114, 115, 0)
s = 155: (0, 16, 110, 8, 20, 0, 43, 152, 48, 84, 96, 43, 89, 18, 81, 2, 5, 105, 43, 77, 30, 28, 75, 72, 86, 37, 26, 166, 31, 146, 66, 0)
s = 156: (0, 14, 100, 17, 22, 0, 99, 124, 45, 52, 75, 28, 91, 34, 100, 2, 8, 162, 23, 46, 26, 16, 34, 89, 59, 39, 58, 200, 17, 119, 73, 0)
s = 157: (0, 8, 103, 15, 27, 0, 71, 158, 42, 85, 87, 38, 64, 29, 65, 4, 6, 142, 32, 73, 22, 19, 63, 55, 94, 29, 45, 284, 32, 137, 74, 0)
s = 158: (0, 13, 76, 10, 16, 0, 49, 207, 56, 109, 75, 33, 110, 14, 93, 3, 5, 67, 49, 38, 18, 28, 54, 126, 89, 39, 35, 226, 17, 189, 66, 0)
s = 159: (0, 8, 73, 13, 25, 0, 76, 186, 36, 97, 72, 29, 46, 18, 82, 3, 5, 118, 24, 59, 34, 23, 68, 55, 101, 42, 38, 160, 43, 149, 83, 0)
s = 160: (0, 11, 103, 12, 33, 0, 78, 172, 44, 74, 97, 19, 71, 16, 61, 2, 5, 168, 23, 58, 31, 24, 53, 83, 112, 41, 40, 162, 20, 85, 58, 0)
s = 161: (0, 16, 60, 9, 17, 0, 40, 77, 49, 44, 74, 22, 56, 33, 65, 4, 5, 149, 42, 54, 18, 24, 41, 110, 83, 35, 27, 263, 20, 150, 109, 0)
s = 162: (0, 17, 66, 13, 20, 0, 40, 123, 68, 59, 94, 33, 62, 43, 61, 3, 6, 95, 38, 54, 39, 21, 42, 44, 113, 27, 45, 197, 23, 112, 50, 0)
s = 163: (0, 22, 134, 19, 18, 0, 89, 149, 64, 67, 91, 23, 56, 25, 52, 2, 6, 180, 32, 68, 16, 24, 78, 133, 78, 47, 29, 160, 39, 205, 100, 0)
s = 164: (0, 9, 104, 10, 16, 0, 48, 166, 47, 81, 119, 25, 105, 37, 85, 2, 7, 81, 27, 63, 24, 18, 54, 103, 61, 33, 24, 159, 21, 221, 88, 0)
s = 165: (0, 9, 86, 11, 27, 0, 64, 127, 34, 76, 82, 38, 66, 14, 57, 2, 6, 95, 29, 37, 25, 11, 60, 117, 99, 40, 28, 170, 37, 203, 72, 0)
s = 166: (0, 15, 91, 17, 15, 0, 64, 141, 51, 74, 72, 30, 98, 25, 92, 3, 7, 85, 38, 83, 27, 18, 36, 74, 106, 30, 31, 139, 38, 93, 113, 0)
s = 167: (0, 14, 148, 18, 18, 0, 68, 143, 73, 47, 74, 23, 65, 28, 91, 4, 4, 108, 25, 62, 33, 26, 33, 48, 54, 36, 49, 171, 39, 95, 56, 0)
s = 168: (0, 13, 107, 20, 13, 0, 67, 126, 47, 39, 88, 19, 70, 17, 80, 3, 6, 148, 20, 55, 23, 26, 55, 83, 71, 36, 55, 223, 23, 176, 89, 0)
s = 169: (0, 18, 90, 18, 17, 0, 52, 238, 73, 77, 101, 32, 89, 19, 53, 3, 5, 95, 25, 81, 29, 23, 77, 88, 101, 29, 24, 113, 16, 153, 44, 0)
s = 170: (0, 10, 89, 20, 21, 0, 54, 144, 41, 75, 115, 39, 78, 36, 74, 3, 5, 155, 32, 42, 23, 29, 51, 132, 93, 33, 30, 157, 32, 177, 98, 0)
s = 171: (0, 14, 175, 10, 14, 0, 36, 210, 43, 85, 63, 41, 53, 25, 63, 3, 4, 99, 51, 36, 29, 17, 49, 102, 65, 37, 53, 109, 23, 111, 65, 0)
s = 172: (0, 13, 121, 9, 21, 0, 72, 188, 58, 64, 52, 36, 89, 16, 63, 3, 3, 134, 26, 55, 20, 15, 66, 122, 92, 43, 35, 189, 42, 195, 117, 0)
s = 173: (0, 11, 87, 11, 25, 0, 68, 247, 29, 94, 86, 14, 92, 18, 56, 2, 4, 79, 44, 44, 36, 25, 53, 58, 71, 33, 42, 151, 38, 160, 110, 0)
s = 174: (0, 7, 68, 14, 25, 0, 47, 191, 45, 57, 104, 32, 108, 23, 38, 3, 7, 101, 51, 43, 27, 21, 89, 71, 147, 40, 26, 190, 27, 156, 106, 0)
s = 175: (0, 14, 88, 12, 13, 0, 51, 153, 54, 73, 107, 30, 64, 33, 102, 2, 10, 157, 27, 49, 28, 27, 61, 84, 74, 43, 30, 133, 49, 168, 65, 0)
s = 176: (0, 8, 117, 10, 24, 0, 74, 126, 33, 89, 66, 37, 100, 21, 94, 2, 6, 109, 33, 44, 23, 15, 52, 69, 122, 36, 36, 210, 32, 135, 87, 0)
s = 177: (0, 13, 103, 14, 22, 0, 66, 183, 46, 69, 78, 23, 85, 23, 68, 2, 5, 114, 25, 61, 26, 17, 43, 41, 81, 29, 33, 113, 38, 90, 85, 0)
s = 178: (0, 13, 99, 14, 14, 0, 81, 184, 43, 65, 67, 20, 57, 31, 67, 3, 11, 70, 34, 51, 37, 39, 64, 111, 103, 45, 34, 158, 37, 102, 60, 0)
s = 179: (0, 14, 91, 13, 12, 0, 51, 175, 67, 46, 140, 28, 115, 21, 73, 2, 5, 57, 25, 58, 22, 29, 49, 78, 83, 26, 36, 209, 26, 110, 66, 0)
s = 180: (0, 11, 120, 18, 15, 0, 47, 223, 40, 93, 58, 16, 59, 25, 70, 3, 6, 156, 19, 50, 18, 24, 38, 88, 90, 49, 28, 174, 23, 222, 101, 0)
s = 181: (0, 14, 85, 24, 24, 0, 39, 171, 50, 126, 103, 25, 75, 19, 85, 2, 7, 133, 40, 76, 22, 18, 29, 129, 64, 39, 43, 155, 25, 104, 73, 0)
s = 182: (0, 14, 122, 14, 24, 0, 54, 211, 57, 109, 77, 20, 89, 20, 62, 2, 4, 105, 36, 47, 19, 20, 42, 112, 98, 46, 52, 188, 21, 161, 62, 0)
s = 183: (0, 16, 67, 12, 26, 0, 51, 208, 41, 43, 126, 24, 96, 20, 52, 3, 4, 69, 23, 45, 37, 14, 44, 74, 105, 54, 24, 289, 33, 144, 69, 0)
s = 184: (0, 10, 96, 19, 14, 0, 84, 156, 31, 96, 54, 28, 56, 33, 50, 2, 7, 88, 24, 48, 27, 32, 41, 75, 86, 35, 36, 132, 41, 150, 69, 0)
s = 185: (0, 16, 107, 19, 12, 0, 48, 193, 38, 52, 112, 23, 63, 26, 59, 2, 6, 89, 29, 62, 30, 14, 63, 102, 45, 27, 37, 124, 26, 182, 79, 0)
s = 186: (0, 17, 101, 11, 13, 0, 54, 106, 53, 86, 108, 20, 126, 19, 67, 3, 4, 69, 39, 58, 30, 15, 51, 88, 104, 38, 50, 122, 31, 161, 54, 0)
s = 187: (0, 11, 67, 15, 21, 0, 61, 117, 37, 76, 61, 30, 71, 35, 63, 2, 8, 176, 25, 33, 19, 21, 38, 75, 127, 44, 42, 153, 33, 121, 79, 0)
s = 188: (0, 12, 66, 23, 14, 0, 46, 168, 50, 52, 57, 22, 63, 18, 59, 3, 4, 135, 32, 41, 30, 17, 50, 50, 52, 28, 46, 147, 30, 239, 59, 0)
s = 189: (0, 8, 81, 12, 20, 0, 54, 180, 52, 67, 80, 24, 79, 17, 78, 3, 6, 101, 40, 38, 21, 14, 31, 81, 58, 23, 33, 222, 38, 196, 105, 0)
s = 190: (0, 13, 81, 13, 21, 0, 39, 105, 40, 59, 69, 16, 92, 35, 49, 2, 5, 98, 34, 47, 25, 21, 63, 91, 52, 24, 27, 169, 26, 176, 71, 0)
s = 191: (0, 9, 77, 12, 22, 0, 54, 120, 72, 95, 80, 20, 64, 20, 92, 3, 6, 66, 33, 57, 18, 16, 80, 120, 66, 42, 24, 243, 35, 114, 128, 0)
s = 192: (0, 10, 75, 16, 36, 0, 45, 147, 47, 59, 85, 33, 113, 28, 86, 2, 4, 87, 22, 40, 29, 14, 54, 63, 88, 31, 24, 239, 24, 162, 106, 0)
s = 193: (0, 15, 96, 14, 17, 0, 57, 169, 60, 53, 81, 21, 67, 16, 75, 3, 5, 109, 31, 33, 24, 12, 46, 95, 66, 17, 35, 225, 39, 101, 92, 0)
s = 194: (0, 12, 68, 12, 32, 0, 61, 107, 55, 60, 82, 21, 79, 23, 53, 2, 4, 102, 47, 76, 24, 24, 39, 55, 76, 18, 32, 277, 28, 197, 71, 0)
s = 195: (0, 9, 83, 12, 13, 0, 36, 118, 65, 78, 83, 36, 68, 38, 94, 3, 4, 156, 30, 38, 29, 14, 61, 105, 85, 44, 28, 146, 34, 141, 62, 0)
s = 196: (0, 8, 106, 9, 20, 0, 51, 160, 40, 64, 73, 34, 66, 20, 54, 3, 8, 63, 18, 61, 26, 29, 44, 44, 70, 38, 50, 153, 22, 111, 45, 0)
s = 197: (0, 15, 87, 18, 20, 0, 61, 141, 28, 94, 90, 26, 49, 24, 88, 2, 6, 136, 38, 39, 19, 23, 39, 75, 94, 41, 34, 162, 40, 125, 68, 0)
s = 198: (0, 15, 93, 19, 16, 0, 55, 146, 31, 101, 96, 32, 107, 16, 80, 2, 6, 87, 33, 41, 41, 19, 72, 82, 80, 44, 58, 130, 50, 151, 98, 0)
s = 199: (0, 16, 101, 10, 31, 0, 42, 167, 45, 103, 82, 15, 78, 22, 43, 3, 6, 76, 22, 49, 25, 14, 48, 92, 52, 26, 45, 234, 30, 179, 88, 0)
s = 200: (0, 13, 70, 15, 19, 0, 68, 83, 75, 110, 65, 33, 117, 20, 110, 2, 5, 145, 37, 26, 15, 23, 45, 81, 89, 31, 27, 211, 29, 150, 55, 0)
------------------------------------------------------------------------
RESOURCE k = 2
s = 1: (0, 48, 36, 44, 70, 20, 37, 239, 26, 86, 80, 24, 119, 36, 45, 13, 9, 35, 59, 87, 33, 50, 51, 86, 53, 14, 0, 60, 95, 69, 35, 0)
s = 2: (0, 44, 15, 41, 56, 39, 43, 176, 50, 47, 80, 45, 169, 31, 41, 11, 13, 43, 60, 66, 62, 60, 86, 96, 42, 20, 0, 112, 47, 102, 39, 0)
s = 3: (0, 50, 15, 49, 58, 28, 38, 107, 30, 91, 115, 27, 160, 45, 76, 8, 14, 41, 67, 122, 65, 30, 73, 125, 60, 12, 0, 76, 99, 67, 57, 0)
s = 4: (0, 53, 20, 42, 32, 44, 39, 280, 42, 83, 80, 31, 217, 37, 86, 15, 14, 57, 39, 69, 39, 39, 68, 79, 47, 15, 0, 47, 72, 101, 40, 0)
s = 5: (0, 61, 31, 48, 35, 25, 46, 249, 27, 46, 132, 27, 232, 38, 107, 8, 22, 38, 40, 135, 39, 61, 96, 115, 46, 22, 0, 87, 92, 86, 30, 0)
s = 6: (0, 78, 21, 59, 49, 19, 51, 105, 35, 62, 83, 33, 177, 30, 65, 17, 12, 35, 51, 67, 38, 51, 81, 125, 77, 22, 0, 90, 105, 63, 35, 0)
s = 7: (0, 58, 33, 46, 51, 31, 80, 201, 44, 50, 72, 29, 98, 33, 108, 12, 17, 50, 51, 91, 67, 51, 60, 170, 68, 14, 0, 133, 123, 76, 31, 0)
s = 8: (0, 88, 32, 44, 43, 20, 35, 253, 41, 85, 70, 37, 180, 23, 113, 16, 18, 46, 58, 116, 42, 41, 44, 124, 78, 15, 0, 89, 47, 101, 72, 0)
s = 9: (0, 88, 27, 33, 48, 42, 59, 111, 38, 114, 82, 39, 136, 25, 100, 12, 12, 49, 43, 53, 71, 51, 52, 88, 70, 15, 0, 81, 58, 88, 49, 0)
s = 10: (0, 60, 20, 40, 42, 31, 71, 108, 29, 117, 86, 46, 153, 53, 84, 13, 19, 37, 73, 54, 50, 40, 110, 89, 78, 13, 0, 110, 64, 100, 39, 0)
s = 11: (0, 80, 34, 50, 34, 22, 30, 99, 32, 47, 129, 38, 142, 31, 90, 15, 9, 49, 59, 68, 42, 40, 53, 198, 74, 17, 0, 59, 89, 57, 35, 0)
s = 12: (0, 56, 26, 31, 45, 18, 44, 165, 73, 62, 78, 26, 178, 32, 117, 17, 19, 40, 38, 81, 37, 29, 62, 163, 48, 11, 0, 75, 51, 114, 41, 0)
s = 13: (0, 65, 17, 62, 42, 30, 38, 118, 44, 114, 74, 37, 118, 19, 102, 10, 12, 66, 53, 78, 28, 35, 48, 93, 61, 18, 0, 91, 66, 102, 39, 0)
s = 14: (0, 93, 20, 30, 65, 19, 47, 123, 47, 78, 105, 23, 103, 37, 100, 9, 14, 27, 67, 99, 39, 32, 105, 103, 58, 23, 0, 68, 70, 109, 50, 0)
s = 15: (0, 69, 35, 38, 64, 33, 44, 122, 28, 89, 133, 30, 173, 27, 80, 17, 17, 60, 49, 65, 69, 73, 43, 79, 50, 15, 0, 60, 61, 65, 47, 0)
s = 16: (0, 86, 24, 38, 38, 24, 39, 143, 34, 68, 97, 34, 100, 41, 92, 15, 18, 30, 34, 72, 34, 52, 47, 95, 38, 15, 0, 111, 71, 107, 24, 0)
s = 17: (0, 60, 33, 45, 64, 17, 41, 191, 37, 91, 67, 26, 160, 24, 115, 11, 14, 39, 65, 71, 65, 42, 55, 173, 43, 15, 0, 56, 51, 71, 63, 0)
s = 18: (0, 51, 26, 31, 28, 21, 48, 139, 40, 81, 67, 26, 126, 30, 44, 12, 18, 38, 38, 67, 45, 44, 89, 93, 72, 18, 0, 89, 63, 113, 60, 0)
s = 19: (0, 66, 32, 60, 45, 37, 57, 217, 29, 93, 81, 27, 111, 51, 55, 18, 8, 53, 39, 80, 63, 50, 100, 89, 100, 15, 0, 69, 66, 83, 32, 0)
s = 20: (0, 62, 41, 41, 44, 29, 55, 114, 48, 41, 105, 24, 116, 22, 47, 13, 15, 53, 68, 94, 44, 33, 58, 142, 59, 9, 0, 78, 45, 71, 52, 0)
s = 21: (0, 56, 20, 56, 70, 31, 62, 134, 44, 82, 66, 26, 108, 26, 94, 11, 12, 43, 84, 85, 85, 73, 60, 121, 45, 20, 0, 98, 89, 83, 45, 0)
s = 22: (0, 62, 35, 44, 31, 37, 61, 201, 50, 83, 69, 27, 179, 22, 74, 14, 16, 44, 72, 53, 58, 46, 36, 100, 57, 12, 0, 105, 92, 87, 43, 0)
s = 23: (0, 70, 21, 26, 58, 33, 56, 110, 65, 59, 140, 34, 127, 40, 69, 9, 14, 49, 58, 78, 59, 61, 49, 161, 80, 14, 0, 117, 134, 78, 39, 0)
s = 24: (0, 77, 16, 56, 37, 24, 84, 133, 42, 82, 68, 35, 138, 31, 66, 11, 16, 58, 41, 86, 37, 46, 78, 73, 77, 12, 0, 92, 78, 83, 59, 0)
s = 25: (0, 85, 28, 54, 30, 21, 44, 178, 44, 93, 80, 35, 187, 32, 70, 13, 10, 51, 43, 80, 62, 30, 60, 125, 38, 24, 0, 77, 110, 111, 31, 0)
s = 26: (0, 71, 20, 47, 47, 23, 31, 208, 49, 52, 78, 26, 138, 31, 63, 16, 15, 33, 67, 116, 69, 55, 59, 110, 41, 21, 0, 70, 71, 74, 31, 0)
s = 27: (0, 63, 17, 63, 46, 39, 37, 107, 41, 49, 72, 30, 174, 25, 64, 14, 11, 30, 56, 137, 79, 30, 101, 86, 81, 26, 0, 159, 87, 48, 33, 0)
s = 28: (0, 55, 25, 43, 35, 40, 34, 133, 33, 83, 105, 38, 204, 39, 48, 21, 12, 38, 60, 59, 81, 44, 54, 108, 39, 15, 0, 112, 111, 61, 37, 0)
s = 29: (0, 58, 35, 46, 38, 37, 39, 112, 58, 64, 68, 21, 238, 44, 81, 17, 14, 43, 82, 104, 43, 61, 75, 131, 70, 14, 0, 98, 69, 75, 27, 0)
s = 30: (0, 82, 20, 52, 40, 17, 50, 250, 28, 96, 92, 27, 138, 30, 68, 13, 16, 36, 52, 147, 62, 42, 55, 132, 105, 14, 0, 103, 61, 70, 24, 0)
s = 31: (0, 75, 28, 50, 38, 19, 33, 196, 55, 108, 64, 45, 186, 50, 73, 14, 13, 41, 69, 136, 42, 32, 98, 91, 47, 22, 0, 76, 82, 74, 30, 0)
s = 32: (0, 52, 27, 39, 44, 26, 58, 140, 29, 79, 67, 36, 169, 35, 82, 14, 15, 39, 73, 103, 51, 43, 69, 105, 80, 19, 0, 66, 67, 60, 67, 0)
s = 33: (0, 53, 28, 38, 29, 27, 39, 180, 65, 95, 107, 33, 154, 30, 48, 8, 9, 57, 38, 148, 35, 46, 49, 125, 54, 21, 0, 102, 78, 86, 23, 0)
s = 34: (0, 55, 24, 51, 36, 34, 39, 208, 34, 81, 77, 44, 149, 30, 75, 12, 8, 56, 71, 59, 37, 46, 118, 102, 48, 12, 0, 62, 55, 124, 27, 0)
s = 35: (0, 119, 38, 42, 56, 49, 40, 101, 26, 66, 79, 35, 99, 25, 80, 20, 12, 71, 48, 71, 37, 38, 73, 145, 63, 18, 0, 100, 121, 62, 47, 0)
s = 36: (0, 77, 19, 29, 38, 21, 33, 295, 44, 61, 56, 47, 131, 21, 73, 12, 15, 52, 52, 80, 37, 58, 58, 77, 74, 15, 0, 115, 55, 63, 25, 0)
s = 37: (0, 90, 18, 38, 47, 28, 87, 152, 43, 74, 135, 30, 187, 39, 81, 11, 17, 52, 84, 81, 45, 29, 69, 100, 80, 16, 0, 63, 91, 118, 43, 0)
s = 38: (0, 69, 22, 42, 40, 26, 57, 97, 42, 57, 112, 50, 104, 22, 60, 13, 14, 81, 32, 95, 39, 31, 53, 89, 73, 18, 0, 89, 88, 143, 45, 0)
s = 39: (0, 84, 27, 57, 63, 17, 35, 162, 35, 66, 62, 47, 95, 47, 60, 8, 16, 47, 32, 72, 41, 57, 77, 126, 77, 11, 0, 89, 101, 105, 37, 0)
s = 40: (0, 101, 20, 44, 30, 26, 31, 211, 43, 49, 97, 38, 171, 52, 64, 12, 15, 46, 57, 59, 47, 36, 55, 96, 62, 13, 0, 68, 71, 69, 47, 0)
s = 41: (0, 62, 17, 66, 68, 40, 55, 92, 34, 69, 91, 25, 181, 26, 65, 14, 13, 33, 62, 61, 36, 24, 81, 77, 50, 15, 0, 101, 141, 87, 34, 0)
s = 42: (0, 76, 27, 52, 52, 18, 66, 181, 52, 71, 105, 42, 234, 25, 66, 16, 9, 24, 64, 90, 58, 46, 67, 160, 82, 13, 0, 102, 78, 116, 51, 0)
s = 43: (0, 70, 21, 42, 31, 27, 46, 184, 45, 68, 89, 31, 190, 37, 40, 18, 11, 59, 67, 57, 35, 38, 48, 151, 72, 13, 0, 80, 88, 103, 33, 0)
s = 44: (0, 61, 33, 29, 32, 37, 37, 257, 58, 83, 74, 37, 167, 39, 44, 19, 12, 25, 32, 109, 64, 29, 53, 112, 66, 20, 0, 81, 77, 125, 41, 0)
s = 45: (0, 90, 32, 28, 49, 24, 55, 224, 41, 71, 56, 30, 162, 21, 94, 10, 11, 29, 61, 121, 72, 27, 44, 118, 58, 14, 0, 125, 65, 155, 52, 0)
s = 46: (0, 92, 22, 35, 61, 20, 59, 166, 28, 62, 68, 27, 199, 26, 84, 10, 17, 31, 58, 83, 62, 29, 87, 123, 56, 17, 0, 154, 83, 91, 28, 0)
s = 47: (0, 57, 15, 63, 48, 35, 49, 92, 35, 81, 102, 30, 110, 29, 46, 13, 15, 49, 49, 116, 49, 50, 59, 108, 75, 16, 0, 100, 59, 59, 60, 0)
s = 48: (0, 116, 28, 22, 34, 20, 31, 200, 60, 69, 133, 43, 155, 42, 41, 8, 10, 36, 71, 67, 50, 38, 81, 136, 74, 13, 0, 68, 71, 150, 31, 0)
s = 49: (0, 44, 15, 54, 66, 20, 45, 202, 26, 105, 103, 27, 141, 32, 55, 14, 13, 36, 63, 72, 45, 35, 110, 61, 39, 21, 0, 86, 79, 67, 48, 0)
s = 50: (0, 97, 30, 28, 53, 46, 54, 194, 38, 86, 132, 20, 195, 21, 49, 14, 16, 29, 68, 74, 61, 65, 70, 113, 65, 23, 0, 134, 84, 112, 33, 0)
s = 51: (0, 76, 36, 35, 25, 20, 56, 143, 65, 82, 73, 38, 186, 25, 37, 21, 11, 37, 45, 62, 69, 52, 71, 110, 61, 16, 0, 138, 66, 109, 30, 0)
s = 52: (0, 72, 18, 44, 31, 33, 68, 121, 56, 74, 60, 30, 161, 27, 113, 17, 17, 55, 42, 84, 64, 49, 60, 94, 66, 16, 0, 91, 97, 131, 31, 0)
s = 53: (0, 57, 28, 24, 64, 23, 36, 228, 44, 82, 104, 50, 94, 44, 82, 9, 15, 33, 65, 67, 54, 56, 64, 84, 73, 16, 0, 114, 53, 101, 36, 0)
s = 54: (0, 87, 22, 49, 29, 32, 31, 173, 46, 58, 93, 32, 99, 24, 67, 16, 12, 26, 62, 51, 49, 42, 76, 95, 44, 13, 0, 57, 66, 145, 69, 0)
s = 55: (0, 104, 19, 33, 39, 18, 58, 155, 42, 77, 67, 25, 251, 45, 43, 11, 9, 38, 70, 70, 53, 57, 62, 73, 58, 23, 0, 64, 83, 106, 28, 0)
s = 56: (0, 58, 18, 41, 65, 16, 29, 188, 49, 102, 68, 34, 188, 42, 60, 9, 10, 37, 61, 74, 55, 36, 49, 148, 37, 16, 0, 69, 75, 90, 63, 0)
s = 57: (0, 68, 29, 29, 56, 36, 59, 137, 54, 57, 99, 45, 152, 34, 85, 18, 13, 53, 72, 60, 44, 42, 61, 78, 60, 13, 0, 73, 86, 48, 32, 0)
s = 58: (0, 47, 28, 33, 28, 23, 30, 245, 53, 100, 105, 40, 115, 23, 87, 16, 8, 35, 37, 66, 52, 68, 80, 154, 58, 15, 0, 115, 65, 118, 30, 0)
s = 59: (0, 125, 31, 32, 76, 27, 55, 106, 41, 88, 87, 26, 194, 41, 38, 10, 7, 37, 57, 79, 35, 54, 60, 72, 60, 14, 0, 84, 55, 84, 25, 0)
s = 60: (0, 95, 31, 47, 37, 18, 64, 115, 23, 39, 115, 28, 103, 28, 51, 11, 18, 46, 41, 113, 40, 74, 84, 120, 69, 19, 0, 121, 75, 74, 27, 0)
s = 61: (0, 117, 36, 37, 46, 19, 63, 120, 53, 48, 54, 21, 130, 24, 78, 15, 10, 41, 87, 75, 43, 36, 65, 96, 110, 10, 0, 100, 79, 81, 40, 0)
s = 62: (0, 83, 33, 34, 42, 19, 44, 105, 38, 85, 91, 60, 201, 38, 59, 12, 15, 28, 46, 103, 58, 35, 72, 123, 43, 27, 0, 69, 79, 98, 27, 0)
s = 63: (0, 83, 21, 29, 36, 17, 28, 161, 31, 84, 118, 18, 96, 45, 42, 15, 9, 58, 49, 129, 28, 45, 82, 124, 57, 18, 0, 92, 88, 144, 43, 0)
s = 64: (0, 75, 25, 35, 60, 37, 47, 129, 27, 96, 50, 37, 207, 38, 106, 9, 15, 55, 47, 50, 42, 63, 49, 142, 79, 12, 0, 137, 57, 88, 29, 0)
s = 65: (0, 70, 19, 56, 32, 19, 31, 132, 42, 75, 144, 33, 124, 28, 46, 10, 18, 39, 42, 59, 42, 35, 91, 182, 59, 15, 0, 65, 113, 92, 50, 0)
s = 66: (0, 62, 39, 44, 50, 23, 67, 97, 41, 113, 90, 28, 143, 33, 85, 16, 12, 44, 53, 104, 54, 50, 90, 79, 62, 24, 0, 94, 53, 78, 29, 0)
s = 67: (0, 125, 15, 37, 34, 21, 31, 194, 46, 44, 65, 25, 185, 41, 52, 16, 13, 41, 43, 102, 47, 62, 96, 101, 72, 19, 0, 103, 45, 83, 32, 0)
s = 68: (0, 76, 20, 34, 60, 23, 46, 131, 45, 52, 147, 38, 136, 34, 58, 13, 13, 26, 33, 64, 42, 35, 57, 137, 87, 20, 0, 84, 88, 74, 34, 0)
s = 69: (0, 68, 19, 28, 51, 25, 60, 119, 32, 48, 81, 24, 112, 23, 113, 13, 19, 54, 51, 97, 35, 72, 90, 132, 108, 23, 0, 89, 51, 56, 32, 0)
s = 70: (0, 81, 18, 29, 50, 23, 38, 178, 32, 89, 105, 32, 167, 35, 80, 12, 11, 45, 43, 152, 83, 52, 72, 89, 82, 16, 0, 60, 69, 90, 36, 0)
s = 71: (0, 78, 22, 37, 32, 22, 52, 167, 33, 65, 73, 43, 145, 47, 81, 11, 9, 58, 65, 73, 64, 56, 64, 162, 54, 14, 0, 152, 84, 107, 56, 0)
s = 72: (0, 72, 32, 53, 32, 16, 39, 148, 51, 48, 54, 31, 148, 24, 102, 12, 12, 60, 50, 56, 33, 41, 61, 85, 58, 15, 0, 90, 94, 90, 51, 0)
s = 73: (0, 105, 24, 37, 68, 31, 50, 295, 53, 47, 121, 25, 143, 33, 57, 20, 10, 33, 40, 103, 26, 42, 58, 117, 88, 18, 0, 60, 71, 65, 36, 0)
s = 74: (0, 83, 23, 26, 35, 28, 59, 96, 41, 96, 86, 28, 161, 33, 52, 18, 19, 37, 52, 47, 46, 39, 71, 134, 76, 13, 0, 85, 104, 85, 67, 0)
s = 75: (0, 81, 26, 32, 39, 26, 57, 134, 28, 53, 73, 31, 112, 44, 47, 22, 11, 54, 79, 104, 47, 37, 104, 121, 66, 16, 0, 71, 96, 72, 37, 0)
s = 76: (0, 62, 18, 39, 55, 28, 71, 103, 50, 78, 63, 20, 189, 32, 65, 13, 12, 48, 44, 69, 47, 52, 52, 112, 46, 11, 0, 126, 82, 70, 36, 0)
s = 77: (0, 75, 24, 47, 51, 38, 43, 217, 47, 54, 105, 47, 243, 24, 56, 12, 20, 30, 55, 82, 41, 55, 41, 97, 69, 11, 0, 152, 119, 106, 39, 0)
s = 78: (0, 69, 19, 64, 47, 17, 32, 180, 53, 64, 105, 22, 88, 21, 48, 15, 8, 47, 103, 82, 43, 45, 50, 98, 63, 19, 0, 90, 105, 93, 38, 0)
s = 79: (0, 59, 34, 30, 48, 22, 33, 144, 48, 96, 50, 27, 184, 23, 69, 13, 13, 42, 31, 76, 45, 24, 73, 97, 84, 13, 0, 79, 76, 82, 53, 0)
s = 80: (0, 85, 29, 43, 48, 24, 49, 173, 27, 78, 83, 28, 214, 30, 43, 13, 16, 41, 61, 133, 47, 46, 81, 64, 102, 22, 0, 50, 83, 103, 34, 0)
s = 81: (0, 52, 26, 34, 71, 28, 61, 121, 24, 68, 110, 23, 166, 29, 76, 12, 14, 27, 45, 76, 45, 38, 57, 143, 74, 15, 0, 136, 67, 63, 49, 0)
s = 82: (0, 88, 18, 51, 42, 44, 42, 159, 39, 68, 90, 43, 173, 24, 73, 13, 8, 44, 60, 68, 44, 34, 58, 103, 60, 12, 0, 63, 120, 77, 34, 0)
s = 83: (0, 78, 18, 33, 58, 20, 73, 260, 62, 47, 85, 31, 99, 27, 60, 12, 15, 44, 89, 79, 36, 47, 44, 118, 63, 15, 0, 65, 100, 109, 38, 0)
s = 84: (0, 95, 27, 25, 33, 18, 31, 221, 47, 78, 104, 43, 124, 38, 43, 8, 13, 36, 56, 118, 40, 36, 46, 94, 71, 13, 0, 107, 75, 84, 26, 0)
s = 85: (0, 76, 23, 37, 40, 31, 53, 199, 36, 55, 85, 41, 148, 36, 66, 14, 12, 37, 31, 106, 42, 44, 91, 95, 90, 29, 0, 63, 60, 125, 45, 0)
s = 86: (0, 49, 20, 39, 31, 25, 49, 149, 28, 77, 149, 29, 203, 26, 77, 15, 8, 28, 94, 126, 42, 75, 48, 82, 53, 9, 0, 67, 50, 144, 46, 0)
s = 87: (0, 116, 23, 48, 50, 28, 38, 221, 25, 58, 70, 25, 111, 31, 70, 15, 9, 50, 64, 116, 70, 39, 61, 122, 89, 16, 0, 75, 78, 93, 50, 0)
s = 88: (0, 82, 16, 58, 64, 20, 41, 154, 31, 57, 108, 40, 172, 42, 66, 11, 13, 34, 72, 94, 48, 55, 48, 111, 79, 15, 0, 92, 67, 142, 61, 0)
s = 89: (0, 61, 17, 51, 62, 17, 83, 131, 30, 45, 103, 30, 105, 19, 41, 21, 10, 41, 43, 71, 29, 54, 79, 137, 71, 15, 0, 109, 51, 83, 48, 0)
s = 90: (0, 51, 27, 36, 61, 23, 39, 127, 45, 120, 123, 42, 188, 42, 79, 12, 18, 52, 57, 98, 35, 44, 39, 171, 57, 23, 0, 87, 80, 86, 39, 0)
s = 91: (0, 49, 41, 67, 39, 30, 33, 147, 42, 56, 78, 30, 105, 23, 70, 12, 9, 28, 36, 70, 40, 44, 61, 115, 46, 12, 0, 67, 122, 85, 32, 0)
s = 92: (0, 100, 15, 35, 49, 35, 37, 148, 26, 100, 127, 55, 98, 18, 77, 16, 12, 26, 50, 108, 69, 31, 56, 83, 50, 21, 0, 72, 99, 83, 43, 0)
s = 93: (0, 47, 29, 37, 43, 30, 30, 199, 66, 68, 82, 27, 101, 34, 49, 13, 21, 56, 51, 53, 53, 36, 75, 79, 63, 12, 0, 100, 99, 98, 62, 0)
s = 94: (0, 105, 28, 28, 55, 46, 59, 125, 46, 100, 96, 33, 102, 30, 64, 12, 12, 34, 56, 72, 31, 73, 104, 86, 99, 14, 0, 116, 61, 99, 63, 0)
s = 95: (0, 91, 26, 38, 83, 38, 39, 124, 58, 95, 70, 55, 134, 30, 56, 8, 15, 54, 85, 116, 52, 53, 70, 99, 45, 9, 0, 69, 74, 69, 56, 0)
s = 96: (0, 54, 17, 26, 55, 34, 48, 189, 64, 103, 109, 28, 115, 38, 62, 20, 17, 43, 68, 102, 39, 45, 62, 143, 49, 13, 0, 106, 136, 84, 37, 0)
s = 97: (0, 78, 22, 49, 38, 21, 71, 243, 32, 103, 93, 23, 240, 55, 91, 12, 17, 45, 64, 64, 37, 61, 44, 98, 56, 11, 0, 86, 68, 87, 37, 0)
s = 98: (0, 87, 22, 24, 41, 33, 57, 151, 68, 48, 104, 34, 158, 42, 69, 19, 10, 33, 38, 112, 38, 49, 68, 125, 97, 25, 0, 114, 64, 100, 62, 0)
s = 99: (0, 121, 16, 40, 71, 22, 55, 155, 43, 54, 66, 37, 143, 37, 79, 10, 16, 47, 58, 103, 44, 35, 63, 171, 45, 19, 0, 64, 55, 84, 58, 0)
s = 100: (0, 59, 35, 28, 69, 22, 48, 144, 53, 108, 87, 30, 205, 25, 100, 13, 14, 26, 44, 70, 55, 64, 71, 156, 83, 12, 0, 91, 71, 90, 35, 0)
s = 101: (0, 75, 21, 44, 45, 47, 43, 129, 42, 76, 62, 27, 177, 22, 56, 9, 8, 51, 63, 96, 30, 41, 44, 181, 49, 13, 0, 122, 56, 114, 45, 0)
s = 102: (0, 73, 28, 48, 57, 34, 33, 152, 41, 46, 126, 41, 169, 28, 49, 12, 11, 54, 58, 116, 31, 41, 80, 106, 98, 11, 0, 121, 57, 101, 25, 0)
s = 103: (0, 68, 17, 36, 50, 28, 45, 214, 29, 59, 119, 51, 145, 45, 56, 13, 17, 50, 40, 79, 43, 25, 91, 82, 68, 13, 0, 166, 119, 96, 61, 0)
s = 104: (0, 79, 25, 56, 64, 21, 30, 144, 28, 64, 66, 30, 200, 29, 61, 13, 12, 23, 50, 57, 52, 31, 57, 141, 83, 18, 0, 51, 102, 78, 32, 0)
s = 105: (0, 124, 35, 42, 41, 33, 38, 245, 27, 72, 134, 45, 246, 30, 67, 16, 13, 68, 69, 108, 36, 55, 43, 101, 53, 13, 0, 81, 81, 82, 38, 0)
s = 106: (0, 96, 21, 57, 42, 21, 55, 162, 55, 88, 107, 33, 175, 23, 61, 21, 10, 35, 39, 99, 66, 27, 57, 147, 80, 16, 0, 77, 77, 126, 39, 0)
s = 107: (0, 70, 20, 31, 44, 30, 44, 136, 26, 78, 95, 20, 142, 30, 89, 12, 10, 35, 64, 120, 28, 45, 118, 129, 69, 21, 0, 110, 58, 63, 47, 0)
s = 108: (0, 65, 33, 23, 44, 27, 78, 256, 40, 78, 63, 38, 113, 48, 58, 12, 10, 33, 50, 155, 54, 47, 68, 101, 58, 24, 0, 84, 96, 92, 33, 0)
s = 109: (0, 46, 23, 34, 59, 42, 48, 194, 43, 93, 123, 19, 157, 48, 94, 10, 18, 41, 66, 136, 69, 36, 56, 78, 74, 12, 0, 125, 102, 107, 28, 0)
s = 110: (0, 125, 22, 25, 35, 35, 68, 126, 45, 67, 122, 28, 131, 52, 58, 8, 12, 29, 38, 76, 39, 37, 68, 166, 72, 13, 0, 69, 89, 107, 38, 0)
s = 111: (0, 77, 23, 45, 64, 23, 40, 187, 32, 80, 61, 40, 101, 21, 102, 11, 13, 39, 57, 56, 28, 40, 116, 101, 104, 21, 0, 54, 81, 152, 42, 0)
s = 112: (0, 53, 18, 28, 33, 44, 50, 197, 36, 86, 67, 30, 230, 35, 47, 10, 12, 28, 42, 114, 32, 25, 65, 99, 36, 16, 0, 81, 81, 59, 45, 0)
s = 113: (0, 105, 28, 49, 28, 41, 62, 183, 41, 58, 58, 42, 138, 30, 97, 16, 10, 39, 58, 139, 45, 61, 49, 130, 59, 9, 0, 121, 81, 89, 65, 0)
s = 114: (0, 92, 24, 36, 30, 35, 41, 204, 26, 68, 96, 29, 211, 41, 48, 9, 16, 32, 50, 77, 59, 27, 45, 199, 47, 11, 0, 98, 76, 87, 37, 0)
s = 115: (0, 57, 17, 61, 38, 21, 48, 90, 41, 100, 101, 21, 183, 26, 54, 9, 10, 44, 63, 116, 25, 49, 45, 95, 76, 17, 0, 109, 94, 80, 32, 0)
s = 116: (0, 84, 19, 36, 45, 38, 36, 99, 38, 49, 63, 29, 187, 20, 90, 17, 15, 40, 56, 78, 45, 31, 76, 69, 92, 25, 0, 78, 49, 146, 42, 0)
s = 117: (0, 76, 31, 37, 31, 29, 28, 125, 52, 54, 97, 46, 119, 28, 65, 13, 14, 42, 47, 96, 38, 40, 73, 79, 83, 16, 0, 88, 68, 91, 33, 0)
s = 118: (0, 56, 29, 57, 29, 37, 37, 154, 35, 51, 66, 34, 105, 28, 59, 20, 19, 63, 64, 104, 43, 57, 86, 70, 64, 14, 0, 93, 62, 79, 42, 0)
s = 119: (0, 89, 32, 60, 78, 26, 49, 208, 30, 81, 86, 28, 163, 47, 56, 13, 10, 29, 54, 53, 34, 35, 46, 76, 59, 12, 0, 71, 113, 103, 44, 0)
s = 120: (0, 60, 23, 48, 62, 23, 67, 159, 32, 74, 121, 30, 131, 18, 54, 11, 13, 42, 52, 83, 51, 53, 45, 126, 35, 10, 0, 129, 57, 84, 25, 0)
s = 121: (0, 65, 20, 36, 41, 19, 43, 218, 57, 123, 85, 28, 188, 26, 52, 9, 8, 35, 30, 130, 48, 59, 61, 113, 111, 15, 0, 77, 63, 77, 55, 0)
s = 122: (0, 62, 18, 41, 49, 16, 34, 147, 33, 55, 119, 33, 164, 32, 66, 9, 8, 45, 65, 113, 49, 52, 79, 121, 57, 12, 0, 68, 67, 66, 68, 0)
s = 123: (0, 130, 26, 31, 61, 27, 43, 215, 28, 102, 92, 36, 168, 30, 67, 13, 11, 49, 63, 147, 31, 58, 69, 88, 50, 10, 0, 136, 48, 152, 21, 0)
s = 124: (0, 88, 24, 65, 57, 21, 65, 226, 32, 98, 80, 19, 180, 31, 58, 8, 11, 44, 70, 107, 57, 29, 92, 74, 105, 12, 0, 61, 66, 139, 31, 0)
s = 125: (0, 91, 32, 38, 66, 25, 54, 223, 56, 91, 87, 37, 148, 28, 82, 14, 11, 43, 44, 84, 40, 54, 116, 168, 82, 20, 0, 113, 125, 74, 27, 0)
s = 126: (0, 53, 25, 54, 27, 44, 33, 118, 62, 46, 129, 30, 218, 25, 73, 12, 10, 51, 74, 125, 48, 44, 54, 141, 57, 19, 0, 105, 46, 60, 52, 0)
s = 127: (0, 59, 27, 49, 48, 52, 34, 129, 26, 47, 147, 27, 162, 50, 111, 23, 13, 38, 66, 94, 49, 69, 97, 125, 74, 21, 0, 77, 70, 63, 32, 0)
s = 128: (0, 63, 29, 23, 61, 31, 40, 229, 45, 118, 145, 36, 235, 37, 77, 15, 10, 41, 38, 129, 47, 36, 83, 122, 56, 20, 0, 67, 82, 86, 43, 0)
s = 129: (0, 78, 26, 37, 43, 25, 52, 138, 26, 57, 121, 30, 88, 46, 52, 9, 13, 42, 72, 108, 79, 70, 104, 62, 101, 21, 0, 79, 47, 91, 56, 0)
s = 130: (0, 144, 19, 54, 34, 44, 29, 107, 52, 72, 58, 29, 147, 45, 86, 16, 13, 32, 60, 106, 32, 28, 42, 101, 70, 17, 0, 112, 91, 126, 43, 0)
s = 131: (0, 53, 14, 27, 41, 34, 44, 125, 27, 47, 58, 39, 129, 30, 42, 11, 13, 35, 70, 80, 56, 38, 70, 97, 87, 14, 0, 66, 69, 121, 43, 0)
s = 132: (0, 53, 23, 29, 48, 17, 49, 138, 58, 46, 85, 32, 215, 39, 87, 15, 17, 39, 74, 62, 57, 32, 113, 71, 41, 13, 0, 81, 55, 105, 46, 0)
s = 133: (0, 103, 20, 45, 43, 23, 29, 130, 41, 49, 62, 55, 99, 38, 45, 12, 14, 38, 50, 61, 42, 74, 76, 112, 92, 24, 0, 71, 85, 122, 30, 0)
s = 134: (0, 54, 16, 60, 54, 34, 47, 185, 41, 92, 122, 35, 150, 29, 48, 11, 13, 39, 49, 83, 40, 37, 71, 58, 80, 15, 0, 75, 88, 139, 29, 0)
s = 135: (0, 50, 27, 33, 34, 27, 49, 167, 25, 56, 60, 34, 227, 34, 89, 18, 9, 34, 58, 102, 46, 47, 38, 96, 46, 11, 0, 69, 94, 71, 39, 0)
s = 136: (0, 82, 28, 36, 37, 23, 30, 123, 57, 83, 95, 49, 136, 25, 59, 14, 12, 50, 68, 54, 65, 58, 67, 106, 50, 11, 0, 83, 83, 122, 42, 0)
s = 137: (0, 85, 20, 45, 34, 22, 34, 117, 33, 92, 110, 39, 196, 20, 67, 16, 14, 44, 29, 96, 75, 56, 76, 104, 68, 15, 0, 66, 81, 68, 22, 0)
s = 138: (0, 92, 20, 43, 35, 24, 64, 143, 39, 63, 105, 32, 218, 47, 75, 16, 13, 67, 76, 54, 44, 38, 68, 69, 43, 17, 0, 74, 87, 71, 22, 0)
s = 139: (0, 69, 19, 55, 41, 31, 52, 135, 42, 61, 75, 27, 116, 34, 85, 13, 11, 62, 66, 55, 35, 32, 55, 107, 37, 22, 0, 91, 105, 110, 37, 0)
s = 140: (0, 55, 22, 28, 38, 27, 58, 158, 29, 72, 82, 37, 183, 21, 44, 17, 10, 40, 36, 135, 60, 53, 92, 102, 53, 17, 0, 95, 58, 58, 32, 0)
s = 141: (0, 117, 22, 43, 30, 21, 40, 209, 31, 64, 108, 56, 151, 25, 84, 10, 13, 40, 66, 81, 38, 44, 81, 99, 85, 10, 0, 73, 60, 51, 70, 0)
s = 142: (0, 84, 24, 28, 35, 37, 63, 86, 36, 45, 93, 26, 184, 31, 89, 9, 11, 61, 48, 129, 69, 43, 76, 152, 90, 10, 0, 64, 75, 59, 31, 0)
s = 143: (0, 81, 35, 24, 40, 31, 46, 156, 67, 94, 70, 34, 103, 50, 60, 18, 10, 57, 76, 98, 29, 43, 49, 92, 94, 15, 0, 125, 96, 97, 59, 0)
s = 144: (0, 63, 18, 52, 52, 27, 35, 230, 45, 51, 81, 25, 210, 49, 89, 12, 9, 45, 31, 101, 67, 84, 90, 139, 57, 22, 0, 54, 109, 98, 46, 0)
s = 145: (0, 64, 17, 35, 64, 27, 72, 130, 35, 98, 126, 46, 123, 36, 39, 22, 26, 52, 59, 100, 36, 43, 66, 128, 71, 21, 0, 60, 67, 53, 44, 0)
s = 146: (0, 69, 26, 56, 55, 18, 34, 240, 42, 81, 118, 43, 203, 20, 63, 15, 11, 66, 41, 74, 41, 61, 80, 87, 58, 17, 0, 62, 105, 117, 44, 0)
s = 147: (0, 85, 29, 30, 39, 25, 51, 243, 32, 86, 102, 26, 92, 36, 52, 9, 18, 67, 52, 59, 39, 30, 43, 113, 88, 17, 0, 75, 96, 70, 30, 0)
s = 148: (0, 76, 16, 36, 42, 32, 69, 94, 65, 43, 57, 21, 200, 29, 81, 14, 10, 38, 78, 103, 70, 35, 105, 107, 69, 15, 0, 89, 62, 85, 47, 0)
s = 149: (0, 48, 25, 29, 49, 38, 48, 156, 52, 60, 98, 26, 176, 39, 85, 8, 18, 33, 45, 115, 45, 53, 68, 108, 74, 16, 0, 103, 91, 82, 31, 0)
s = 150: (0, 86, 27, 51, 37, 30, 70, 197, 23, 91, 113, 21, 129, 27, 132, 16, 13, 52, 58, 90, 61, 43, 42, 183, 60, 16, 0, 98, 60, 132, 31, 0)
s = 151: (0, 54, 14, 36, 40, 22, 54, 180, 22, 87, 104, 22, 161, 38, 75, 13, 20, 60, 55, 99, 52, 49, 43, 168, 85, 20, 0, 88, 65, 126, 49, 0)
s = 152: (0, 55, 22, 63, 75, 34, 57, 160, 36, 63, 73, 43, 158, 24, 77, 9, 9, 32, 39, 81, 53, 62, 69, 70, 83, 27, 0, 70, 77, 60, 51, 0)
s = 153: (0, 73, 33, 48, 52, 27, 49, 174, 33, 52, 120, 24, 124, 23, 95, 18, 11, 61, 51, 109, 32, 42, 91, 142, 58, 15, 0, 112, 86, 74, 23, 0)
s = 154: (0, 69, 19, 43, 43, 21, 64, 160, 49, 106, 78, 22, 211, 37, 54, 12, 17, 69, 40, 89, 41, 29, 55, 98, 74, 18, 0, 50, 76, 64, 58, 0)
s = 155: (0, 101, 28, 22, 44, 23, 37, 162, 39, 84, 96, 53, 177, 24, 81, 13, 12, 41, 77, 138, 59, 62, 103, 99, 67, 19, 0, 88, 87, 83, 33, 0)
s = 156: (0, 87, 25, 51, 48, 21, 85, 132, 36, 52, 75, 34, 182, 45, 100, 9, 21, 63, 41, 82, 52, 34, 47, 122, 46, 20, 0, 106, 49, 67, 37, 0)
s = 157: (0, 49, 26, 45, 58, 28, 61, 169, 34, 85, 87, 47, 127, 39, 65, 22, 14, 56, 58, 131, 43, 40, 86, 76, 74, 15, 0, 150, 91, 77, 37, 0)
s = 158: (0, 85, 19, 29, 35, 23, 42, 221, 45, 109, 75, 41, 220, 18, 93, 15, 12, 27, 88, 68, 35, 62, 74, 173, 70, 20, 0, 119, 48, 106, 33, 0)
s = 159: (0, 49, 19, 37, 54, 24, 65, 198, 29, 97, 72, 35, 91, 24, 82, 17, 11, 46, 42, 105, 67, 51, 94, 75, 79, 21, 0, 84, 121, 84, 42, 0)
s = 160: (0, 67, 26, 36, 72, 29, 67, 184, 35, 74, 97, 23, 142, 21, 61, 10, 11, 66, 41, 104, 61, 52, 73, 114, 88, 21, 0, 85, 57, 48, 29, 0)
s = 161: (0, 101, 15, 26, 36, 19, 34, 82, 39, 44, 74, 27, 111, 43, 65, 20, 12, 58, 75, 96, 35, 52, 56, 151, 65, 18, 0, 139, 55, 85, 55, 0)
s = 162: (0, 105, 17, 38, 43, 35, 34, 132, 54, 59, 94, 40, 124, 57, 61, 15, 16, 37, 68, 97, 78, 46, 58, 60, 89, 14, 0, 104, 65, 63, 25, 0)
s = 163: (0, 138, 34, 55, 40, 40, 76, 158, 52, 67, 91, 28, 111, 33, 52, 9, 15, 70, 58, 122, 31, 52, 107, 182, 62, 24, 0, 84, 110, 116, 50, 0)
s = 164: (0, 55, 26, 30, 34, 28, 41, 178, 38, 81, 119, 31, 209, 49, 85, 9, 17, 32, 48, 112, 47, 39, 73, 141, 48, 17, 0, 84, 59, 124, 44, 0)
s = 165: (0, 56, 22, 33, 59, 38, 55, 136, 27, 76, 82, 46, 132, 18, 57, 12, 14, 37, 52, 66, 49, 24, 83, 160, 78, 20, 0, 90, 104, 114, 36, 0)
s = 166: (0, 92, 23, 50, 32, 33, 55, 150, 41, 74, 72, 37, 196, 33, 92, 15, 17, 33, 67, 149, 53, 39, 49, 101, 84, 15, 0, 73, 108, 52, 57, 0)
s = 167: (0, 86, 37, 54, 40, 42, 59, 153, 59, 47, 74, 28, 129, 37, 91, 20, 10, 42, 44, 111, 65, 56, 45, 66, 42, 18, 0, 90, 110, 54, 28, 0)
s = 168: (0, 80, 27, 59, 28, 34, 58, 134, 38, 39, 88, 23, 140, 23, 80, 18, 14, 58, 36, 99, 45, 57, 76, 113, 56, 18, 0, 117, 66, 99, 45, 0)
s = 169: (0, 116, 23, 52, 36, 27, 45, 254, 59, 77, 101, 39, 177, 25, 53, 16, 11, 37, 45, 146, 58, 50, 105, 121, 80, 15, 0, 60, 44, 87, 22, 0)
s = 170: (0, 62, 23, 59, 45, 25, 46, 154, 33, 75, 115, 47, 155, 48, 74, 19, 13, 61, 58, 75, 46, 63, 70, 182, 73, 17, 0, 83, 90, 100, 49, 0)
s = 171: (0, 91, 44, 28, 29, 22, 31, 224, 35, 85, 63, 50, 105, 33, 63, 19, 10, 39, 91, 65, 57, 38, 67, 140, 51, 19, 0, 58, 66, 63, 33, 0)
s = 172: (0, 82, 31, 26, 46, 17, 62, 200, 47, 64, 52, 44, 177, 21, 63, 19, 7, 52, 46, 98, 40, 31, 91, 167, 72, 22, 0, 100, 119, 110, 59, 0)
s = 173: (0, 71, 22, 33, 54, 18, 58, 263, 23, 94, 86, 17, 183, 24, 56, 11, 9, 31, 78, 79, 72, 54, 73, 80, 56, 17, 0, 80, 108, 90, 55, 0)
s = 174: (0, 46, 17, 40, 55, 17, 40, 204, 36, 57, 104, 40, 216, 31, 38, 16, 18, 40, 91, 76, 53, 45, 122, 97, 115, 20, 0, 100, 77, 88, 53, 0)
s = 175: (0, 89, 22, 35, 28, 41, 43, 163, 43, 73, 107, 37, 128, 44, 102, 9, 24, 61, 49, 88, 55, 60, 84, 116, 59, 22, 0, 70, 138, 95, 33, 0)
s = 176: (0, 47, 30, 29, 53, 31, 63, 134, 26, 89, 66, 45, 200, 28, 94, 11, 16, 43, 59, 79, 46, 33, 72, 94, 96, 18, 0, 111, 92, 76, 44, 0)
s = 177: (0, 82, 26, 40, 47, 29, 57, 195, 37, 69, 78, 28, 169, 31, 68, 9, 13, 45, 44, 109, 51, 37, 59, 56, 64, 15, 0, 60, 107, 51, 43, 0)
s = 178: (0, 81, 25, 41, 29, 17, 69, 197, 35, 65, 67, 25, 113, 41, 67, 17, 27, 27, 61, 91, 73, 84, 87, 152, 81, 23, 0, 83, 104, 58, 30, 0)
s = 179: (0, 88, 23, 39, 26, 29, 44, 187, 54, 46, 140, 34, 229, 28, 73, 8, 13, 22, 44, 104, 44, 63, 67, 108, 66, 13, 0, 110, 73, 62, 33, 0)
s = 180: (0, 70, 30, 52, 33, 25, 40, 238, 32, 93, 58, 20, 118, 33, 70, 14, 16, 61, 35, 90, 35, 53, 52, 121, 71, 25, 0, 92, 64, 125, 51, 0)
s = 181: (0, 90, 22, 70, 51, 22, 33, 182, 40, 126, 103, 30, 150, 25, 85, 11, 17, 52, 71, 137, 43, 39, 39, 177, 50, 20, 0, 82, 71, 59, 37, 0)
s = 182: (0, 85, 31, 40, 52, 37, 46, 225, 46, 109, 77, 24, 178, 27, 62, 9, 9, 41, 65, 85, 37, 43, 58, 154, 77, 23, 0, 99, 60, 91, 31, 0)
s = 183: (0, 100, 17, 34, 56, 36, 44, 222, 33, 43, 126, 29, 192, 26, 52, 14, 10, 27, 40, 81, 73, 31, 61, 102, 83, 27, 0, 152, 94, 81, 35, 0)
s = 184: (0, 59, 24, 57, 29, 33, 72, 166, 25, 96, 54, 34, 112, 44, 50, 12, 18, 34, 43, 86, 53, 69, 56, 103, 68, 18, 0, 70, 117, 84, 35, 0)
s = 185: (0, 101, 27, 56, 25, 40, 41, 206, 31, 52, 112, 27, 126, 35, 59, 11, 15, 35, 53, 111, 59, 31, 87, 140, 36, 14, 0, 66, 73, 102, 40, 0)
s = 186: (0, 110, 26, 33, 27, 18, 47, 113, 42, 86, 108, 25, 251, 26, 67, 16, 9, 27, 70, 103, 59, 33, 70, 120, 82, 19, 0, 65, 88, 91, 27, 0)
s = 187: (0, 71, 17, 43, 45, 26, 52, 125, 30, 76, 61, 36, 141, 46, 63, 13, 19, 69, 44, 59, 38, 45, 53, 102, 100, 22, 0, 81, 94, 68, 40, 0)
s = 188: (0, 73, 17, 69, 31, 35, 39, 180, 40, 52, 57, 26, 126, 23, 59, 14, 9, 53, 56, 74, 60, 36, 68, 69, 41, 14, 0, 78, 85, 135, 30, 0)
s = 189: (0, 51, 21, 36, 44, 20, 47, 192, 42, 67, 80, 29, 158, 23, 78, 19, 15, 40, 72, 68, 41, 31, 42, 111, 45, 12, 0, 117, 107, 111, 53, 0)
s = 190: (0, 83, 21, 38, 46, 22, 34, 112, 32, 59, 69, 19, 184, 46, 49, 9, 12, 38, 62, 84, 49, 45, 86, 125, 41, 12, 0, 89, 74, 99, 36, 0)
s = 191: (0, 56, 20, 35, 49, 31, 47, 128, 57, 95, 80, 24, 128, 27, 92, 16, 16, 26, 59, 102, 35, 34, 109, 165, 52, 21, 0, 128, 99, 65, 64, 0)
s = 192: (0, 63, 19, 48, 79, 20, 39, 156, 37, 59, 85, 41, 225, 37, 86, 9, 8, 34, 39, 72, 57, 30, 74, 87, 69, 16, 0, 126, 67, 91, 53, 0)
s = 193: (0, 94, 24, 41, 36, 26, 49, 180, 48, 53, 81, 25, 134, 21, 75, 17, 13, 43, 56, 59, 47, 26, 63, 130, 52, 9, 0, 118, 110, 57, 46, 0)
s = 194: (0, 76, 17, 34, 70, 20, 52, 114, 44, 60, 82, 25, 157, 31, 53, 10, 11, 40, 84, 137, 48, 52, 54, 76, 59, 9, 0, 146, 80, 111, 36, 0)
s = 195: (0, 59, 21, 34, 27, 16, 31, 126, 52, 78, 83, 44, 136, 50, 94, 18, 10, 61, 54, 68, 58, 29, 83, 144, 67, 22, 0, 77, 97, 80, 31, 0)
s = 196: (0, 47, 27, 25, 44, 26, 44, 170, 32, 64, 73, 42, 132, 27, 54, 15, 21, 25, 32, 110, 52, 62, 61, 60, 55, 19, 0, 81, 63, 63, 23, 0)
s = 197: (0, 96, 22, 54, 43, 26, 52, 150, 23, 94, 90, 31, 98, 32, 88, 9, 14, 53, 68, 69, 37, 51, 53, 102, 74, 21, 0, 85, 114, 71, 34, 0)
s = 198: (0, 93, 24, 57, 35, 21, 47, 156, 25, 101, 96, 40, 214, 21, 80, 9, 15, 34, 59, 73, 81, 41, 99, 113, 63, 22, 0, 68, 141, 85, 49, 0)
s = 199: (0, 98, 26, 28, 67, 25, 36, 178, 36, 103, 82, 19, 156, 29, 43, 14, 14, 30, 39, 89, 49, 31, 65, 126, 41, 13, 0, 123, 84, 101, 44, 0)
s = 200: (0, 82, 18, 45, 40, 22, 58, 88, 60, 110, 65, 40, 233, 27, 110, 11, 12, 57, 66, 47, 30, 49, 61, 111, 70, 16, 0, 111, 83, 84, 28, 0)
************************************************************************
ES/LS-VALUES:
jobnr.   ES(i)    LS(i)
------------------------------------------------------------------------
  0        0        0
  1        0       102
  2        0       87
  3        0       75
  4       11       114
  5       14       117
  6       12       87
  7       26       125
  8       26       102
  9       18       122
 10       14       118
 11       44       129
 12       44       145
 13       44       121
 14       11       159
 15       28       133
 16       28       133
 17       30       136
 18       12       161
 19       49       135
 20       57       162
 21       49       136
 22       58       136
 23       57       164
 24       69       148
 25       57       144
 26       71       168
 27       79       159
 28       75       183
 29       67       173
 30       95       176
 31       109       191
************************************************************************
BIG-M-VALUES:
M1 = 72, M2 = 572
************************************************************************
