************************************************************************
file with basedata            : j60_58.bas
initial value random generator: 493036402
************************************************************************
projects                      :  1
jobs (incl. supersource/sink ):  62
horizon                       :  328
RESOURCES
  - renewable                 :  4   R
  - nonrenewable              :  0   N
  - doubly constrained        :  0   D
************************************************************************
PROJECT INFORMATION:
pronr.  #jobs rel.date duedate tardcost  MPM-Time
    1     60      0       73       23       73
************************************************************************
PRECEDENCE RELATIONS:
jobnr.    #modes  #successors   successors
   0        1          3           1   2   3
   1        1          3          10  13  38
   2        1          3           5   7  23
   3        1          3           4  16  20
   4        1          3           9  12  54
   5        1          3           6   8  17
   6        1          2          14  22
   7        1          2          17  18
   8        1          2          32  33
   9        1          3          11  44  47
  10        1          3          19  21  26
  11        1          3          29  30  49
  12        1          3          15  18  27
  13        1          3          16  17  36
  14        1          1          20
  15        1          3          32  37  49
  16        1          3          26  31  51
  17        1          2          20  30
  18        1          3          33  39  42
  19        1          2          23  25
  20        1          1          29
  21        1          3          23  24  30
  22        1          3          24  28  39
  23        1          3          28  31  33
  24        1          2          27  31
  25        1          3          35  40  41
  26        1          3          28  37  46
  27        1          3          34  36  42
  28        1          3          44  45  54
  29        1          2          34  48
  30        1          2          35  53
  31        1          3          35  54  56
  32        1          2          34  38
  33        1          3          49  53  55
  34        1          2          50  58
  35        1          1          48
  36        1          2          37  47
  37        1          3          48  57  59
  38        1          2          41  55
  39        1          3          41  45  46
  40        1          3          42  43  45
  41        1          2          44  53
  42        1          1          58
  43        1          3          46  50  51
  44        1          1          50
  45        1          1          57
  46        1          2          47  55
  47        1          2          52  57
  48        1          1          58
  49        1          2          51  56
  50        1          1          52
  51        1          1          52
  52        1          1          59
  53        1          1          56
  54        1          1          59
  55        1          1          60
  56        1          1          60
  57        1          1          60
  58        1          1          61
  59        1          1          61
  60        1          1          61
  61        1          0        
************************************************************************
REQUESTS/DURATIONS:
jobnr. mode duration  R 1  R 2  R 3  R 4  E(W 1)
------------------------------------------------------------------------
  0      1     0       0    0    0    0     0
  1      1     5       7    1    7    0    80
  2      1     4       0    0    4    0    16
  3      1     3       0    5    9    6    60
  4      1    10       7    2    5    6    200
  5      1     5      10    2    0    4    80
  6      1     1       0    0    6    7    13
  7      1     3       6    9    8    9    96
  8      1     1       1    4    0    7    13
  9      1     7       9    6    6   10    217
 10      1     7      10    3   10    1    175
 11      1     4       2    7    0   10    76
 12      1     9       8    0    4    1    126
 13      1     1       0    5    1    4    11
 14      1     1       4    0    0    0     4
 15      1     9       9    3   10    3    225
 16      1     5       0    0    7    6    65
 17      1     8       0    0    0    7    56
 18      1     9       0   10    0    2    108
 19      1     4       0    9    1    4    60
 20      1     3       0    9    3    5    51
 21      1     5       7   10    9    8    170
 22      1     3       0    4    9    6    57
 23      1     6       3    7    6    4    120
 24      1     5       9    4    0    0    65
 25      1    10       7    1    2    0    110
 26      1     8       4    9    7    6    208
 27      1     2       1    2    5    0    18
 28      1     8       5    0    3   10    144
 29      1     5       4    8    1    5    95
 30      1     5       6    0    1    3    55
 31      1     1       8    0    4    0    12
 32      1     7       4    0    5    6    105
 33      1     6       4    6   10    6    156
 34      1     7       0    0    7    4    77
 35      1     5       8    7    9    8    160
 36      1     2       6    2    0    8    32
 37      1     6       1    2    4    4    72
 38      1     8       3    0    4    6    104
 39      1     7       6   10    8    0    168
 40      1     7      10    6    0    1    126
 41      1     7      10    9    0    0    133
 42      1     2       1    2    1    3    18
 43      1     5       8    9    0    0    85
 44      1     4       7    1    7    8    96
 45      1     6       3    4    9    7    138
 46      1    10       0   10    8    2    200
 47      1     7      10    0    0    0    70
 48      1     8       3    5    6    0    112
 49      1     6       0    5    6    6    102
 50      1     2       0    8    9    7    48
 51      1     2       4    7    2    7    40
 52      1     4       5    7    2    9    92
 53      1     3       8    8    7   10    99
 54      1    10       9    1    0    1    130
 55      1     9       3    9    0    4    144
 56      1     4       7    0    5    1    56
 57      1    10       8    4   10    2    240
 58      1     5       7    5    0    0    60
 59      1    10       5    0    0    6    110
 60      1     2       9    5    4    0    36
 61      1     0       0    0    0    0     0
************************************************************************
RESOURCEAVAILABILITIES:
  R 1
   99
************************************************************************
RESOURCE LIMITS:
jobnr.  l(R 1)  u(R 1)
------------------------------------------------------------------------
  0        0       0
  1        9      16
  2        2       4
  3       11      20
  4       11      20
  5        8      16
  6        7      13
  7       17      32
  8        7      13
  9       16      31
 10       13      25
 11       10      19
 12        7      14
 13        6      11
 14        2       4
 15       14      25
 16        7      13
 17        4       7
 18        6      12
 19        8      15
 20       10      17
 21       18      34
 22       10      19
 23       11      20
 24        7      13
 25        6      11
 26       14      26
 27        5       9
 28       10      18
 29       10      19
 30        6      11
 31        6      12
 32        8      15
 33       13      26
 34        6      11
 35       17      32
 36        8      16
 37        6      12
 38        7      13
 39       12      24
 40        9      18
 41       10      19
 42        5       9
 43        9      17
 44       13      24
 45       13      23
 46       10      20
 47        5      10
 48        8      14
 49        9      17
 50       13      24
 51       11      20
 52       13      23
 53       17      33
 54        7      13
 55        9      16
 56        8      14
 57       12      24
 58        7      12
 59        6      11
 60       10      18
 61        0       0
************************************************************************
SCENARIOS:
------------------------------------------------------------------------
RESOURCE k = 1
s = 1: (0, 87, 22, 58, 130, 73, 12, 144, 7, 158, 160, 80, 121, 11, 5, 219, 83, 42, 108, 50, 47, 172, 58, 119, 47, 133, 189, 12, 102, 63, 41, 9, 103, 160, 78, 204, 40, 89, 122, 115, 147, 110, 22, 73, 70, 226, 203, 55, 66, 86, 49, 32, 85, 129, 116, 124, 62, 245, 67, 93, 33, 0)
s = 2: (0, 44, 21, 97, 127, 71, 11, 77, 18, 280, 226, 53, 88, 8, 5, 213, 47, 64, 130, 98, 49, 148, 56, 124, 38, 89, 120, 16, 115, 86, 63, 12, 65, 130, 100, 112, 26, 90, 122, 148, 168, 99, 10, 73, 72, 132, 147, 77, 124, 112, 30, 38, 53, 70, 175, 169, 92, 286, 63, 146, 43, 0)
s = 3: (0, 93, 14, 56, 202, 64, 11, 131, 18, 281, 228, 106, 151, 7, 4, 195, 68, 57, 73, 38, 52, 145, 49, 103, 69, 99, 157, 22, 110, 97, 63, 17, 62, 166, 55, 127, 39, 97, 125, 165, 90, 137, 13, 75, 66, 131, 184, 91, 79, 114, 73, 38, 81, 110, 126, 226, 48, 193, 69, 159, 21, 0)
s = 4: (0, 109, 12, 63, 153, 67, 11, 72, 18, 249, 221, 102, 104, 11, 4, 130, 68, 50, 121, 67, 60, 190, 32, 67, 71, 94, 230, 18, 118, 61, 75, 19, 80, 141, 45, 197, 38, 68, 193, 288, 155, 90, 26, 113, 114, 122, 170, 78, 94, 136, 51, 47, 94, 79, 66, 165, 53, 363, 49, 87, 31, 0)
s = 5: (0, 84, 15, 64, 300, 117, 14, 88, 17, 316, 97, 113, 113, 11, 6, 261, 56, 33, 190, 41, 51, 160, 58, 152, 80, 109, 325, 13, 153, 108, 68, 18, 75, 202, 77, 157, 38, 62, 65, 187, 158, 192, 17, 67, 95, 124, 160, 67, 160, 118, 62, 30, 70, 91, 206, 151, 65, 214, 80, 111, 37, 0)
s = 6: (0, 65, 15, 68, 235, 133, 15, 108, 12, 294, 152, 93, 161, 7, 4, 245, 67, 41, 105, 50, 46, 177, 68, 76, 76, 130, 192, 13, 211, 54, 68, 13, 176, 169, 107, 196, 19, 60, 93, 151, 146, 101, 17, 58, 135, 151, 168, 89, 90, 86, 55, 48, 67, 91, 156, 159, 57, 415, 49, 123, 42, 0)
s = 7: (0, 72, 19, 33, 210, 85, 9, 54, 13, 263, 143, 103, 154, 7, 6, 268, 89, 79, 107, 96, 39, 129, 96, 127, 69, 114, 318, 17, 114, 66, 60, 13, 120, 178, 63, 253, 20, 71, 171, 125, 110, 109, 14, 92, 105, 120, 114, 103, 70, 58, 71, 49, 84, 89, 92, 185, 65, 255, 55, 136, 46, 0)
s = 8: (0, 103, 12, 59, 124, 98, 15, 104, 13, 252, 158, 46, 109, 7, 4, 230, 51, 78, 82, 38, 53, 214, 30, 125, 86, 72, 141, 29, 106, 125, 77, 14, 130, 166, 70, 112, 35, 67, 82, 239, 115, 148, 16, 75, 119, 123, 284, 100, 126, 99, 42, 37, 115, 93, 112, 172, 45, 214, 63, 137, 27, 0)
s = 9: (0, 54, 20, 69, 302, 56, 14, 82, 11, 198, 211, 55, 113, 8, 5, 167, 82, 47, 131, 86, 72, 194, 45, 115, 71, 170, 199, 16, 105, 103, 74, 14, 138, 192, 116, 202, 21, 63, 117, 132, 105, 85, 14, 67, 86, 116, 218, 43, 78, 101, 53, 69, 105, 152, 199, 108, 42, 323, 56, 115, 28, 0)
s = 10: (0, 67, 13, 39, 183, 68, 17, 82, 17, 264, 136, 67, 132, 10, 4, 197, 63, 53, 128, 62, 68, 149, 47, 115, 35, 80, 227, 20, 163, 95, 44, 11, 97, 218, 65, 124, 33, 47, 111, 138, 107, 125, 22, 93, 55, 126, 289, 43, 80, 153, 39, 23, 52, 109, 160, 175, 43, 335, 43, 96, 30, 0)
s = 11: (0, 64, 16, 49, 151, 74, 12, 60, 16, 220, 205, 42, 127, 13, 5, 340, 77, 60, 139, 54, 60, 174, 47, 75, 57, 129, 205, 14, 112, 117, 39, 8, 85, 132, 44, 200, 38, 58, 60, 185, 205, 104, 17, 78, 65, 185, 133, 55, 74, 70, 45, 30, 109, 78, 108, 125, 55, 338, 80, 82, 40, 0)
s = 12: (0, 67, 26, 50, 188, 162, 19, 98, 11, 170, 276, 94, 113, 11, 4, 244, 55, 37, 86, 42, 51, 177, 61, 79, 49, 117, 176, 30, 213, 76, 50, 9, 126, 111, 49, 133, 33, 63, 109, 178, 129, 140, 10, 117, 80, 176, 129, 91, 145, 83, 43, 45, 123, 103, 121, 188, 46, 160, 32, 81, 23, 0)
s = 13: (0, 86, 26, 41, 127, 55, 12, 64, 8, 229, 208, 47, 90, 8, 5, 133, 45, 65, 84, 41, 70, 148, 66, 130, 41, 69, 165, 23, 132, 133, 78, 9, 134, 168, 77, 131, 33, 66, 145, 172, 144, 128, 27, 66, 62, 96, 210, 86, 154, 163, 48, 35, 132, 71, 162, 139, 63, 196, 52, 115, 40, 0)
s = 14: (0, 107, 11, 48, 166, 56, 14, 157, 24, 143, 125, 73, 137, 15, 5, 171, 39, 76, 104, 40, 60, 263, 43, 97, 58, 94, 268, 18, 89, 171, 61, 13, 101, 113, 104, 95, 49, 104, 140, 242, 103, 139, 18, 132, 72, 225, 173, 74, 131, 66, 73, 43, 63, 73, 86, 116, 40, 188, 39, 107, 27, 0)
s = 15: (0, 51, 12, 44, 223, 80, 12, 110, 16, 242, 158, 67, 106, 17, 4, 284, 53, 67, 158, 51, 35, 176, 43, 97, 78, 94, 251, 22, 97, 90, 91, 8, 88, 169, 70, 181, 21, 62, 140, 249, 177, 197, 11, 97, 89, 179, 109, 85, 97, 111, 34, 35, 79, 74, 80, 214, 51, 377, 44, 92, 29, 0)
s = 16: (0, 148, 25, 55, 149, 76, 17, 59, 10, 223, 131, 69, 72, 13, 3, 252, 71, 40, 60, 79, 70, 165, 54, 105, 59, 83, 177, 22, 235, 122, 59, 14, 88, 207, 127, 248, 38, 101, 104, 173, 94, 129, 25, 99, 100, 130, 173, 44, 77, 75, 50, 26, 96, 111, 154, 151, 45, 211, 90, 64, 35, 0)
s = 17: (0, 83, 16, 52, 190, 72, 12, 96, 13, 162, 99, 62, 139, 15, 5, 247, 69, 50, 101, 82, 63, 140, 56, 214, 73, 151, 188, 12, 185, 61, 55, 12, 173, 110, 42, 123, 24, 63, 172, 176, 77, 117, 26, 89, 122, 89, 206, 67, 100, 122, 43, 50, 80, 99, 134, 178, 93, 207, 63, 131, 40, 0)
s = 18: (0, 68, 18, 37, 334, 87, 11, 84, 18, 159, 121, 82, 73, 16, 3, 195, 92, 56, 122, 64, 44, 134, 47, 161, 57, 158, 223, 17, 130, 57, 60, 14, 135, 88, 58, 296, 25, 51, 119, 135, 84, 122, 20, 63, 61, 163, 233, 92, 110, 80, 59, 60, 107, 161, 142, 85, 82, 191, 62, 89, 29, 0)
s = 19: (0, 45, 17, 54, 267, 75, 15, 117, 12, 307, 185, 58, 228, 8, 4, 157, 50, 63, 118, 53, 45, 132, 67, 102, 45, 111, 244, 24, 132, 95, 47, 10, 93, 99, 93, 144, 25, 61, 123, 219, 111, 137, 10, 73, 60, 106, 146, 65, 94, 100, 46, 31, 128, 169, 85, 116, 62, 216, 64, 88, 42, 0)
s = 20: (0, 67, 16, 42, 208, 64, 17, 94, 15, 280, 211, 53, 139, 16, 6, 188, 40, 56, 136, 44, 49, 93, 60, 120, 63, 94, 186, 18, 217, 111, 42, 16, 86, 130, 66, 114, 42, 72, 88, 136, 162, 207, 16, 71, 87, 122, 147, 71, 106, 76, 59, 36, 94, 68, 137, 198, 37, 258, 44, 142, 32, 0)
s = 21: (0, 90, 18, 53, 261, 94, 18, 61, 13, 154, 92, 75, 95, 11, 4, 206, 63, 54, 107, 93, 32, 116, 41, 115, 67, 134, 255, 18, 112, 84, 49, 11, 79, 184, 71, 177, 34, 112, 88, 163, 173, 93, 15, 82, 77, 131, 149, 71, 122, 66, 50, 53, 80, 60, 168, 111, 44, 306, 56, 159, 49, 0)
s = 22: (0, 72, 12, 43, 283, 70, 13, 65, 17, 177, 95, 53, 136, 8, 4, 162, 64, 37, 114, 48, 70, 240, 44, 116, 75, 128, 217, 22, 120, 129, 37, 18, 72, 177, 96, 292, 31, 86, 113, 190, 152, 145, 11, 164, 127, 153, 201, 48, 113, 98, 59, 55, 110, 109, 120, 140, 44, 274, 73, 169, 52, 0)
s = 23: (0, 50, 14, 35, 161, 47, 16, 76, 9, 123, 216, 50, 143, 13, 6, 391, 71, 57, 109, 75, 56, 214, 63, 160, 115, 72, 241, 15, 206, 102, 72, 13, 71, 156, 58, 164, 27, 64, 86, 271, 94, 120, 12, 52, 72, 135, 157, 61, 94, 117, 61, 40, 66, 72, 104, 215, 57, 274, 60, 122, 24, 0)
s = 24: (0, 76, 15, 52, 139, 70, 12, 105, 13, 134, 104, 93, 206, 11, 7, 291, 68, 51, 75, 60, 93, 162, 38, 85, 76, 137, 204, 12, 151, 66, 43, 10, 115, 137, 95, 193, 23, 53, 126, 185, 203, 97, 19, 107, 65, 126, 393, 47, 109, 119, 38, 52, 96, 75, 137, 147, 63, 241, 45, 131, 36, 0)
s = 25: (0, 50, 11, 45, 161, 67, 19, 153, 17, 318, 173, 73, 115, 11, 5, 170, 55, 42, 93, 65, 36, 127, 34, 104, 91, 82, 215, 18, 213, 78, 52, 19, 107, 195, 120, 164, 34, 40, 86, 158, 102, 193, 12, 62, 144, 127, 211, 84, 113, 117, 76, 37, 89, 143, 114, 182, 52, 245, 95, 99, 51, 0)
s = 26: (0, 61, 15, 46, 195, 68, 18, 62, 9, 338, 251, 47, 151, 11, 8, 168, 44, 73, 147, 47, 46, 155, 61, 128, 94, 109, 135, 14, 84, 100, 32, 15, 116, 137, 74, 107, 30, 98, 73, 152, 210, 194, 17, 91, 140, 177, 289, 102, 82, 104, 66, 49, 73, 97, 138, 89, 55, 260, 80, 75, 26, 0)
s = 27: (0, 83, 25, 47, 154, 116, 10, 112, 11, 122, 119, 49, 84, 9, 4, 146, 58, 57, 66, 89, 80, 119, 74, 90, 49, 116, 142, 15, 165, 99, 74, 8, 102, 184, 83, 167, 38, 46, 105, 230, 90, 156, 30, 108, 139, 144, 191, 67, 137, 123, 42, 41, 60, 96, 100, 100, 42, 226, 53, 96, 40, 0)
s = 28: (0, 67, 18, 59, 149, 89, 12, 93, 19, 237, 303, 64, 119, 11, 3, 176, 58, 36, 161, 68, 58, 205, 74, 159, 63, 88, 204, 19, 122, 101, 35, 11, 89, 179, 133, 231, 23, 95, 135, 126, 103, 125, 12, 91, 143, 127, 239, 86, 67, 88, 33, 39, 102, 83, 207, 149, 68, 189, 69, 141, 28, 0)
s = 29: (0, 106, 25, 60, 121, 75, 13, 109, 21, 172, 169, 62, 117, 10, 4, 173, 44, 59, 130, 43, 43, 91, 36, 104, 51, 85, 218, 21, 139, 69, 50, 15, 81, 170, 71, 167, 31, 80, 89, 159, 142, 187, 12, 62, 63, 168, 104, 85, 86, 66, 41, 76, 54, 105, 107, 126, 78, 187, 66, 152, 30, 0)
s = 30: (0, 100, 17, 55, 131, 126, 13, 85, 14, 191, 228, 79, 147, 16, 4, 225, 71, 81, 114, 57, 52, 117, 64, 126, 50, 113, 219, 25, 143, 71, 45, 10, 135, 145, 61, 148, 21, 114, 70, 208, 81, 106, 23, 144, 86, 156, 156, 120, 115, 104, 34, 26, 53, 107, 80, 126, 79, 179, 68, 160, 20, 0)
s = 31: (0, 45, 32, 41, 260, 95, 12, 54, 11, 384, 119, 102, 83, 9, 4, 223, 65, 62, 127, 46, 37, 178, 79, 99, 75, 94, 216, 23, 147, 64, 64, 8, 77, 222, 58, 183, 20, 84, 133, 158, 175, 114, 20, 111, 118, 152, 166, 85, 82, 104, 44, 34, 120, 124, 94, 172, 56, 391, 33, 70, 26, 0)
s = 32: (0, 57, 24, 48, 168, 69, 17, 63, 13, 258, 184, 74, 119, 9, 5, 368, 92, 79, 189, 67, 57, 118, 40, 125, 82, 133, 144, 19, 201, 150, 48, 14, 100, 131, 72, 149, 30, 44, 94, 174, 129, 82, 13, 90, 128, 189, 188, 93, 73, 155, 35, 41, 89, 127, 110, 138, 36, 381, 81, 88, 41, 0)
s = 33: (0, 60, 18, 46, 265, 83, 14, 143, 22, 267, 116, 101, 102, 13, 3, 293, 63, 41, 122, 57, 73, 133, 49, 169, 40, 130, 241, 19, 157, 71, 52, 8, 114, 188, 53, 174, 25, 96, 83, 245, 117, 134, 28, 83, 157, 110, 228, 45, 159, 93, 47, 26, 48, 124, 128, 116, 37, 294, 52, 106, 72, 0)
s = 34: (0, 94, 19, 35, 153, 81, 8, 141, 9, 273, 213, 53, 110, 9, 4, 189, 63, 37, 71, 33, 58, 142, 59, 111, 112, 72, 248, 16, 170, 57, 57, 19, 76, 142, 65, 134, 24, 50, 182, 215, 130, 115, 12, 56, 82, 124, 127, 46, 140, 59, 31, 65, 85, 73, 171, 130, 45, 248, 40, 167, 52, 0)
s = 35: (0, 65, 18, 56, 290, 64, 13, 121, 17, 201, 280, 102, 204, 12, 3, 197, 57, 64, 74, 64, 56, 150, 66, 159, 85, 116, 243, 18, 156, 108, 97, 11, 109, 150, 45, 200, 25, 47, 71, 136, 76, 163, 24, 91, 57, 137, 376, 75, 171, 91, 56, 31, 102, 107, 121, 94, 46, 302, 39, 106, 26, 0)
s = 36: (0, 58, 23, 45, 261, 79, 11, 108, 14, 335, 167, 75, 106, 8, 3, 180, 63, 44, 85, 54, 38, 127, 42, 135, 97, 98, 148, 19, 279, 98, 60, 11, 99, 205, 62, 118, 41, 53, 97, 159, 116, 110, 32, 116, 123, 126, 261, 81, 155, 100, 51, 45, 56, 141, 136, 83, 44, 345, 87, 95, 38, 0)
s = 37: (0, 90, 15, 41, 163, 92, 8, 65, 13, 163, 287, 82, 206, 12, 6, 221, 72, 67, 102, 69, 49, 157, 44, 150, 117, 108, 307, 19, 220, 101, 50, 13, 88, 204, 67, 137, 20, 86, 154, 138, 182, 145, 22, 104, 86, 146, 178, 97, 94, 81, 67, 62, 54, 115, 115, 150, 68, 413, 46, 104, 23, 0)
s = 38: (0, 102, 23, 43, 272, 78, 16, 135, 13, 182, 146, 85, 120, 13, 5, 245, 47, 36, 96, 34, 54, 107, 40, 200, 58, 141, 181, 23, 159, 90, 90, 13, 65, 115, 64, 184, 43, 84, 133, 147, 175, 68, 11, 70, 95, 147, 391, 94, 121, 66, 67, 27, 139, 76, 172, 139, 69, 148, 70, 67, 28, 0)
s = 39: (0, 80, 18, 45, 175, 109, 12, 118, 14, 162, 255, 65, 119, 10, 4, 193, 64, 61, 121, 79, 37, 220, 58, 91, 52, 113, 112, 14, 147, 81, 61, 9, 150, 198, 83, 110, 30, 74, 90, 143, 169, 166, 19, 79, 139, 150, 248, 58, 173, 77, 65, 34, 88, 111, 113, 130, 57, 339, 114, 104, 36, 0)
s = 40: (0, 43, 17, 43, 192, 54, 14, 82, 19, 137, 245, 72, 106, 11, 4, 173, 68, 67, 139, 73, 47, 172, 81, 76, 100, 120, 171, 17, 144, 87, 51, 8, 64, 190, 63, 111, 32, 90, 143, 121, 131, 91, 14, 122, 68, 77, 146, 39, 151, 84, 61, 47, 79, 105, 117, 121, 50, 180, 39, 85, 47, 0)
s = 41: (0, 84, 21, 54, 249, 81, 13, 117, 15, 230, 184, 82, 94, 9, 5, 435, 53, 79, 178, 48, 60, 144, 55, 100, 43, 122, 258, 16, 84, 58, 45, 9, 85, 131, 82, 213, 24, 116, 74, 164, 157, 109, 14, 62, 67, 100, 292, 58, 71, 77, 55, 41, 80, 77, 143, 189, 60, 273, 63, 181, 39, 0)
s = 42: (0, 48, 11, 89, 229, 81, 16, 112, 17, 178, 184, 122, 119, 11, 4, 192, 53, 61, 126, 58, 44, 172, 46, 137, 98, 100, 287, 18, 95, 86, 62, 11, 130, 122, 63, 211, 33, 43, 143, 94, 83, 211, 12, 74, 84, 103, 125, 51, 157, 116, 51, 37, 66, 78, 180, 97, 41, 154, 97, 104, 22, 0)
s = 43: (0, 72, 15, 85, 104, 78, 21, 110, 16, 117, 239, 50, 129, 9, 6, 217, 111, 59, 68, 77, 29, 170, 37, 112, 67, 73, 198, 15, 173, 95, 46, 19, 56, 160, 74, 231, 24, 67, 88, 239, 148, 207, 24, 120, 141, 195, 156, 60, 170, 102, 39, 26, 117, 96, 138, 145, 56, 226, 90, 82, 39, 0)
s = 44: (0, 65, 12, 96, 228, 85, 10, 77, 11, 309, 181, 63, 79, 23, 4, 179, 89, 56, 131, 72, 44, 185, 59, 90, 77, 78, 235, 20, 95, 127, 66, 9, 58, 185, 59, 171, 19, 100, 72, 148, 110, 114, 16, 117, 109, 113, 219, 59, 88, 119, 33, 47, 129, 112, 116, 111, 64, 144, 54, 132, 34, 0)
s = 45: (0, 70, 11, 47, 223, 46, 12, 64, 13, 119, 134, 84, 133, 12, 3, 195, 45, 34, 117, 66, 36, 183, 39, 141, 60, 89, 297, 12, 204, 63, 50, 16, 76, 143, 55, 153, 30, 54, 128, 251, 132, 220, 27, 78, 117, 140, 161, 84, 89, 86, 35, 34, 139, 177, 135, 157, 73, 194, 62, 125, 36, 0)
s = 46: (0, 60, 10, 48, 142, 84, 18, 69, 12, 186, 150, 54, 92, 10, 4, 359, 92, 39, 130, 77, 58, 161, 38, 99, 70, 139, 181, 14, 88, 79, 96, 9, 95, 115, 67, 225, 26, 129, 122, 136, 186, 109, 30, 83, 64, 109, 181, 61, 134, 117, 55, 38, 59, 69, 144, 136, 88, 307, 50, 127, 36, 0)
s = 47: (0, 84, 18, 54, 242, 65, 22, 77, 10, 204, 145, 56, 102, 6, 4, 397, 71, 38, 87, 64, 34, 181, 42, 110, 49, 77, 258, 20, 118, 77, 68, 11, 69, 204, 101, 103, 33, 101, 63, 278, 181, 147, 24, 59, 112, 84, 158, 88, 95, 110, 38, 36, 106, 81, 157, 130, 47, 279, 44, 89, 28, 0)
s = 48: (0, 48, 12, 93, 184, 77, 11, 64, 11, 156, 110, 115, 74, 15, 4, 141, 67, 85, 124, 60, 53, 158, 77, 88, 45, 160, 173, 11, 183, 73, 38, 12, 172, 155, 61, 107, 37, 79, 131, 179, 142, 145, 13, 88, 63, 130, 134, 92, 111, 152, 58, 30, 109, 86, 116, 174, 56, 165, 51, 153, 20, 0)
s = 49: (0, 68, 14, 59, 205, 81, 15, 91, 14, 337, 211, 121, 101, 8, 4, 188, 65, 73, 123, 59, 41, 208, 36, 94, 73, 99, 153, 20, 149, 117, 61, 15, 99, 99, 77, 218, 29, 67, 115, 273, 152, 137, 18, 54, 128, 192, 128, 60, 129, 95, 36, 35, 90, 81, 170, 214, 34, 201, 57, 87, 60, 0)
s = 50: (0, 80, 15, 51, 206, 91, 19, 129, 10, 318, 163, 75, 128, 12, 4, 162, 70, 85, 88, 79, 58, 231, 53, 91, 61, 101, 195, 23, 168, 86, 76, 25, 93, 159, 60, 179, 28, 64, 87, 149, 147, 128, 13, 137, 65, 93, 266, 55, 166, 82, 26, 30, 124, 77, 102, 98, 87, 143, 43, 172, 47, 0)
s = 51: (0, 88, 10, 80, 206, 57, 16, 87, 19, 280, 116, 86, 212, 16, 7, 318, 84, 41, 77, 85, 62, 136, 73, 103, 51, 85, 175, 23, 156, 108, 72, 12, 108, 189, 122, 145, 28, 84, 72, 150, 130, 156, 17, 102, 166, 192, 210, 84, 175, 78, 35, 24, 76, 110, 162, 117, 70, 402, 41, 182, 54, 0)
s = 52: (0, 60, 19, 66, 204, 78, 14, 69, 25, 190, 127, 59, 134, 11, 4, 164, 64, 55, 78, 50, 46, 207, 59, 123, 81, 171, 181, 22, 138, 70, 65, 11, 128, 111, 53, 153, 24, 82, 116, 220, 165, 99, 12, 104, 75, 105, 202, 80, 157, 91, 64, 49, 112, 82, 220, 89, 52, 259, 46, 123, 39, 0)
s = 53: (0, 67, 19, 67, 170, 108, 9, 94, 13, 136, 114, 95, 128, 13, 3, 160, 60, 39, 161, 41, 29, 194, 71, 74, 60, 148, 173, 20, 142, 129, 31, 17, 141, 165, 46, 201, 17, 77, 68, 184, 90, 179, 14, 65, 96, 155, 146, 108, 100, 144, 31, 35, 120, 122, 92, 138, 55, 146, 53, 116, 49, 0)
s = 54: (0, 101, 10, 67, 183, 79, 19, 83, 13, 131, 161, 92, 125, 8, 4, 131, 44, 80, 102, 63, 46, 259, 42, 118, 53, 90, 131, 13, 124, 87, 35, 19, 122, 159, 79, 97, 36, 74, 77, 137, 75, 147, 14, 66, 147, 139, 143, 95, 151, 88, 56, 36, 129, 63, 168, 204, 44, 167, 40, 133, 20, 0)
s = 55: (0, 54, 23, 61, 205, 61, 14, 64, 13, 213, 190, 119, 111, 12, 4, 275, 70, 57, 125, 83, 51, 101, 40, 76, 76, 131, 115, 26, 123, 63, 80, 13, 89, 194, 66, 146, 26, 84, 92, 224, 159, 146, 16, 64, 88, 120, 250, 62, 109, 94, 28, 35, 63, 121, 114, 125, 71, 302, 64, 94, 36, 0)
s = 56: (0, 53, 13, 83, 163, 98, 15, 64, 10, 243, 296, 88, 145, 16, 6, 359, 40, 82, 111, 44, 38, 158, 66, 148, 92, 128, 186, 13, 103, 59, 83, 8, 102, 244, 51, 115, 18, 92, 85, 153, 95, 94, 23, 133, 63, 201, 144, 61, 143, 79, 50, 53, 93, 79, 105, 146, 72, 249, 77, 138, 28, 0)
s = 57: (0, 95, 13, 48, 165, 84, 21, 78, 9, 179, 179, 70, 186, 9, 3, 223, 62, 84, 121, 47, 83, 296, 64, 152, 61, 135, 206, 17, 156, 114, 40, 7, 68, 104, 66, 194, 20, 59, 97, 240, 98, 143, 13, 105, 88, 131, 156, 87, 114, 76, 53, 33, 65, 132, 178, 152, 53, 298, 76, 96, 37, 0)
s = 58: (0, 61, 15, 61, 135, 111, 12, 124, 9, 150, 213, 103, 116, 15, 3, 210, 35, 47, 118, 80, 48, 162, 86, 168, 65, 98, 324, 12, 145, 62, 55, 13, 79, 223, 113, 161, 42, 41, 85, 117, 117, 125, 17, 88, 100, 104, 128, 82, 107, 80, 65, 44, 108, 55, 86, 116, 58, 212, 63, 85, 54, 0)
s = 59: (0, 64, 16, 63, 166, 80, 11, 59, 14, 229, 198, 92, 92, 9, 5, 223, 37, 39, 97, 63, 47, 110, 108, 101, 69, 112, 156, 14, 131, 96, 35, 20, 65, 250, 71, 255, 22, 118, 131, 125, 108, 141, 27, 91, 75, 123, 275, 83, 118, 124, 64, 43, 59, 133, 197, 220, 36, 131, 43, 78, 41, 0)
s = 60: (0, 59, 16, 83, 190, 93, 12, 101, 12, 308, 192, 82, 148, 7, 4, 203, 49, 81, 102, 43, 49, 109, 53, 98, 72, 69, 363, 18, 131, 49, 49, 18, 102, 151, 100, 94, 29, 60, 86, 116, 138, 124, 16, 60, 69, 107, 286, 92, 161, 82, 51, 29, 68, 73, 110, 92, 35, 299, 58, 109, 60, 0)
s = 61: (0, 90, 17, 50, 336, 93, 9, 138, 10, 260, 133, 100, 130, 11, 4, 160, 66, 31, 146, 56, 61, 174, 46, 125, 75, 216, 213, 12, 95, 70, 88, 13, 157, 162, 77, 112, 21, 72, 92, 183, 174, 87, 18, 104, 82, 154, 247, 45, 103, 77, 28, 38, 115, 82, 159, 164, 45, 262, 66, 70, 22, 0)
s = 62: (0, 61, 15, 66, 268, 80, 12, 116, 10, 197, 114, 54, 156, 17, 3, 272, 65, 94, 93, 60, 54, 157, 41, 128, 65, 165, 281, 18, 192, 79, 64, 16, 164, 100, 81, 179, 35, 89, 80, 281, 229, 93, 20, 52, 85, 135, 159, 69, 133, 83, 43, 64, 140, 64, 144, 183, 50, 212, 82, 152, 32, 0)
s = 63: (0, 75, 19, 41, 253, 63, 14, 128, 14, 256, 251, 61, 166, 13, 3, 155, 45, 76, 137, 48, 54, 222, 59, 154, 63, 74, 259, 15, 201, 111, 36, 13, 122, 109, 104, 230, 26, 48, 149, 122, 118, 185, 16, 56, 151, 102, 246, 113, 162, 96, 41, 39, 69, 83, 146, 134, 80, 175, 58, 161, 33, 0)
s = 64: (0, 52, 21, 69, 194, 75, 17, 100, 18, 169, 115, 96, 154, 10, 5, 153, 59, 46, 126, 68, 54, 115, 89, 81, 63, 108, 248, 13, 98, 103, 35, 18, 130, 145, 43, 163, 35, 49, 115, 211, 229, 220, 21, 86, 137, 136, 203, 105, 154, 88, 41, 35, 130, 74, 172, 139, 62, 128, 63, 129, 37, 0)
s = 65: (0, 64, 13, 47, 189, 43, 24, 111, 16, 194, 122, 65, 69, 11, 4, 231, 103, 66, 92, 68, 55, 152, 69, 104, 48, 134, 242, 13, 114, 64, 37, 13, 132, 100, 52, 176, 21, 61, 80, 172, 77, 96, 15, 99, 113, 178, 116, 62, 111, 95, 56, 36, 130, 139, 112, 118, 47, 195, 97, 127, 36, 0)
s = 66: (0, 51, 13, 90, 190, 70, 14, 126, 12, 239, 152, 82, 185, 7, 3, 177, 65, 54, 80, 51, 30, 134, 80, 104, 64, 150, 196, 13, 129, 83, 53, 13, 98, 147, 100, 143, 24, 38, 94, 232, 235, 164, 16, 110, 81, 164, 156, 79, 211, 139, 58, 50, 124, 96, 123, 172, 52, 121, 42, 82, 22, 0)
s = 67: (0, 68, 10, 50, 114, 85, 22, 58, 13, 222, 163, 80, 88, 9, 5, 235, 56, 33, 110, 54, 47, 113, 40, 127, 58, 96, 246, 18, 132, 58, 60, 13, 63, 205, 90, 138, 41, 43, 83, 101, 159, 121, 15, 123, 127, 73, 186, 86, 112, 85, 25, 45, 60, 84, 213, 154, 47, 253, 100, 96, 59, 0)
s = 68: (0, 141, 16, 96, 195, 84, 10, 114, 10, 167, 133, 58, 99, 14, 4, 192, 81, 39, 140, 45, 54, 174, 50, 126, 63, 137, 240, 15, 138, 92, 64, 12, 70, 157, 86, 253, 44, 63, 123, 213, 140, 116, 20, 68, 81, 151, 312, 46, 114, 113, 45, 40, 70, 136, 95, 126, 102, 223, 46, 153, 44, 0)
s = 69: (0, 72, 22, 56, 238, 56, 19, 142, 10, 161, 203, 63, 152, 11, 5, 215, 54, 38, 145, 38, 44, 219, 40, 169, 94, 98, 226, 17, 87, 117, 43, 18, 110, 175, 53, 210, 56, 59, 123, 124, 114, 150, 30, 83, 57, 105, 259, 86, 174, 141, 40, 22, 112, 131, 110, 95, 94, 166, 48, 60, 44, 0)
s = 70: (0, 95, 16, 76, 186, 55, 9, 138, 9, 247, 94, 56, 214, 10, 5, 140, 45, 51, 70, 36, 43, 219, 41, 144, 112, 145, 322, 11, 111, 129, 53, 16, 63, 245, 69, 90, 28, 101, 113, 146, 145, 129, 15, 62, 67, 143, 184, 97, 153, 78, 52, 53, 57, 154, 140, 132, 46, 441, 72, 130, 51, 0)
s = 71: (0, 99, 15, 46, 229, 79, 16, 120, 11, 205, 112, 57, 172, 8, 5, 162, 57, 76, 87, 46, 36, 279, 68, 65, 55, 147, 207, 24, 105, 100, 39, 14, 94, 182, 72, 169, 45, 45, 98, 115, 115, 130, 19, 69, 97, 72, 147, 44, 166, 116, 47, 47, 88, 111, 81, 91, 55, 200, 70, 73, 24, 0)
s = 72: (0, 133, 16, 55, 161, 54, 11, 72, 14, 265, 221, 67, 95, 11, 5, 250, 60, 89, 148, 34, 56, 145, 68, 97, 72, 201, 234, 19, 131, 78, 67, 7, 114, 148, 59, 121, 18, 93, 102, 168, 130, 144, 28, 62, 115, 100, 176, 68, 188, 60, 76, 28, 64, 99, 185, 173, 75, 201, 57, 142, 43, 0)
s = 73: (0, 104, 14, 68, 159, 75, 8, 81, 13, 232, 273, 96, 157, 11, 6, 203, 85, 64, 147, 52, 45, 176, 62, 98, 36, 167, 141, 16, 225, 64, 62, 16, 79, 147, 88, 185, 29, 107, 87, 89, 124, 134, 22, 59, 56, 198, 298, 48, 112, 92, 49, 57, 71, 133, 138, 142, 62, 214, 82, 57, 43, 0)
s = 74: (0, 117, 16, 67, 303, 74, 12, 91, 9, 192, 110, 72, 136, 8, 5, 305, 49, 48, 141, 51, 61, 230, 63, 115, 64, 67, 182, 24, 100, 106, 50, 10, 180, 212, 74, 139, 53, 59, 144, 102, 151, 99, 14, 82, 131, 160, 133, 83, 110, 95, 37, 50, 150, 72, 110, 89, 53, 155, 39, 127, 28, 0)
s = 75: (0, 66, 10, 60, 251, 98, 8, 102, 14, 260, 207, 64, 108, 14, 4, 272, 84, 57, 112, 43, 41, 165, 46, 129, 58, 98, 296, 16, 85, 104, 51, 17, 124, 125, 129, 149, 18, 57, 146, 190, 181, 90, 27, 54, 98, 135, 176, 88, 134, 96, 40, 34, 89, 59, 176, 111, 78, 139, 52, 78, 57, 0)
s = 76: (0, 76, 26, 47, 324, 74, 12, 62, 18, 240, 254, 89, 106, 17, 3, 187, 73, 49, 140, 44, 76, 184, 43, 187, 107, 116, 241, 12, 97, 59, 49, 14, 153, 223, 69, 200, 26, 41, 91, 116, 117, 138, 15, 75, 133, 88, 150, 66, 86, 85, 65, 55, 79, 100, 125, 118, 40, 235, 70, 85, 41, 0)
s = 77: (0, 121, 17, 65, 187, 72, 22, 105, 18, 289, 178, 82, 124, 16, 6, 337, 51, 38, 95, 46, 82, 117, 53, 140, 59, 172, 166, 26, 230, 136, 52, 13, 93, 119, 71, 162, 31, 55, 141, 180, 136, 131, 19, 86, 79, 114, 185, 58, 67, 80, 27, 42, 113, 70, 94, 130, 46, 301, 61, 89, 42, 0)
s = 78: (0, 53, 16, 68, 229, 53, 13, 116, 17, 164, 173, 70, 161, 10, 5, 286, 48, 50, 83, 45, 39, 154, 53, 134, 52, 78, 269, 14, 191, 103, 65, 9, 103, 214, 73, 125, 20, 82, 89, 212, 145, 129, 21, 77, 96, 190, 252, 50, 74, 182, 64, 42, 105, 114, 96, 119, 33, 203, 63, 66, 33, 0)
s = 79: (0, 125, 14, 59, 130, 57, 17, 64, 21, 233, 244, 61, 114, 12, 4, 141, 67, 49, 73, 77, 35, 194, 40, 81, 94, 103, 194, 17, 244, 106, 57, 12, 133, 121, 92, 87, 42, 63, 131, 292, 155, 141, 24, 64, 90, 143, 180, 70, 69, 79, 39, 39, 85, 68, 78, 195, 67, 337, 65, 103, 34, 0)
s = 80: (0, 60, 24, 39, 187, 89, 10, 85, 14, 138, 198, 58, 224, 11, 5, 166, 103, 92, 114, 60, 66, 235, 56, 123, 48, 102, 310, 24, 152, 62, 52, 19, 72, 113, 90, 118, 29, 45, 98, 249, 106, 111, 17, 82, 66, 125, 177, 79, 126, 112, 75, 51, 126, 84, 141, 173, 36, 193, 49, 168, 39, 0)
s = 81: (0, 97, 14, 55, 113, 96, 19, 74, 13, 306, 118, 63, 144, 7, 7, 143, 53, 36, 113, 98, 49, 253, 67, 109, 38, 107, 182, 24, 96, 91, 55, 13, 106, 178, 64, 107, 43, 94, 88, 193, 78, 180, 18, 59, 121, 93, 229, 76, 84, 115, 34, 27, 96, 84, 159, 176, 56, 214, 103, 157, 38, 0)
s = 82: (0, 143, 17, 53, 193, 82, 10, 123, 15, 245, 154, 121, 127, 13, 7, 191, 45, 53, 72, 46, 62, 228, 35, 102, 46, 106, 262, 33, 190, 89, 45, 10, 100, 150, 73, 229, 31, 78, 58, 160, 122, 134, 13, 102, 69, 103, 217, 49, 92, 121, 33, 39, 51, 92, 110, 156, 40, 266, 97, 88, 27, 0)
s = 83: (0, 91, 12, 63, 179, 67, 11, 83, 21, 199, 137, 61, 112, 11, 4, 326, 72, 64, 87, 96, 48, 227, 50, 72, 63, 110, 124, 18, 153, 93, 74, 13, 113, 133, 59, 153, 25, 81, 112, 164, 136, 118, 17, 50, 76, 121, 134, 50, 77, 109, 48, 30, 94, 132, 133, 133, 87, 140, 65, 118, 36, 0)
s = 84: (0, 56, 13, 94, 171, 81, 19, 71, 15, 184, 252, 69, 111, 11, 5, 201, 41, 41, 144, 37, 82, 152, 76, 103, 69, 138, 133, 16, 147, 146, 73, 11, 140, 203, 81, 155, 28, 56, 147, 244, 241, 161, 23, 92, 84, 137, 115, 78, 107, 68, 40, 50, 117, 115, 92, 172, 50, 257, 37, 125, 28, 0)
s = 85: (0, 110, 15, 37, 164, 95, 11, 134, 17, 202, 195, 56, 87, 9, 4, 177, 84, 69, 111, 53, 32, 156, 45, 106, 52, 96, 308, 14, 89, 147, 77, 9, 112, 108, 76, 146, 31, 88, 109, 157, 105, 226, 16, 49, 81, 145, 364, 68, 66, 128, 64, 52, 67, 64, 92, 171, 59, 252, 78, 143, 26, 0)
s = 86: (0, 56, 21, 36, 255, 67, 7, 100, 11, 325, 160, 47, 132, 10, 5, 138, 93, 38, 71, 55, 58, 173, 77, 209, 85, 86, 263, 16, 102, 92, 53, 12, 112, 181, 82, 110, 28, 60, 100, 178, 142, 133, 12, 89, 128, 91, 313, 46, 125, 86, 36, 37, 53, 81, 103, 129, 58, 269, 43, 58, 32, 0)
s = 87: (0, 69, 13, 41, 161, 99, 12, 77, 10, 209, 130, 50, 140, 18, 4, 282, 60, 84, 154, 34, 62, 157, 54, 129, 57, 97, 185, 16, 107, 56, 43, 9, 105, 118, 75, 110, 31, 59, 109, 147, 128, 161, 23, 62, 94, 80, 275, 66, 169, 139, 35, 38, 93, 97, 142, 108, 81, 160, 45, 114, 27, 0)
s = 88: (0, 92, 23, 86, 237, 119, 8, 89, 18, 238, 150, 75, 118, 10, 4, 206, 54, 64, 160, 55, 77, 235, 54, 125, 74, 99, 208, 11, 106, 74, 52, 19, 169, 124, 67, 90, 29, 123, 148, 116, 135, 135, 26, 95, 130, 203, 193, 41, 101, 76, 40, 33, 97, 64, 95, 186, 55, 429, 60, 139, 28, 0)
s = 89: (0, 61, 13, 73, 158, 78, 13, 134, 14, 227, 167, 75, 133, 13, 6, 231, 69, 70, 91, 45, 56, 219, 53, 132, 51, 95, 197, 25, 141, 129, 53, 13, 166, 148, 82, 158, 29, 136, 124, 116, 82, 192, 16, 49, 178, 127, 167, 44, 197, 85, 41, 26, 109, 71, 128, 187, 30, 310, 104, 66, 39, 0)
s = 90: (0, 62, 13, 70, 156, 111, 13, 95, 9, 222, 139, 54, 122, 18, 5, 133, 82, 64, 107, 73, 33, 117, 76, 84, 67, 109, 192, 15, 228, 128, 45, 8, 90, 176, 70, 115, 47, 68, 65, 140, 192, 95, 16, 93, 100, 120, 218, 63, 77, 59, 51, 47, 77, 108, 210, 173, 81, 185, 70, 133, 25, 0)
s = 91: (0, 100, 20, 49, 217, 68, 13, 118, 8, 209, 165, 72, 88, 8, 5, 215, 58, 66, 101, 84, 35, 130, 73, 96, 47, 59, 192, 17, 147, 72, 41, 9, 81, 136, 134, 304, 36, 45, 167, 166, 137, 168, 19, 75, 144, 149, 130, 74, 128, 81, 51, 44, 66, 75, 120, 137, 92, 195, 83, 111, 39, 0)
s = 92: (0, 66, 17, 41, 123, 102, 13, 56, 13, 282, 160, 57, 143, 11, 4, 184, 55, 39, 60, 57, 40, 190, 68, 101, 84, 155, 132, 24, 189, 118, 70, 15, 125, 103, 49, 108, 32, 67, 63, 164, 74, 100, 21, 91, 69, 102, 278, 107, 141, 95, 49, 33, 66, 139, 176, 151, 40, 245, 38, 63, 19, 0)
s = 93: (0, 114, 10, 49, 129, 98, 14, 91, 18, 351, 182, 78, 145, 16, 5, 178, 58, 61, 139, 54, 58, 135, 75, 112, 101, 139, 156, 18, 123, 76, 66, 13, 155, 118, 59, 141, 32, 83, 115, 122, 125, 126, 17, 88, 91, 118, 129, 76, 89, 123, 48, 30, 84, 121, 113, 196, 44, 206, 108, 112, 28, 0)
s = 94: (0, 76, 29, 50, 145, 53, 8, 156, 14, 134, 242, 79, 181, 7, 3, 159, 63, 56, 170, 67, 37, 132, 53, 83, 59, 78, 163, 15, 159, 122, 61, 7, 72, 210, 127, 122, 42, 59, 79, 261, 126, 128, 21, 66, 73, 189, 171, 124, 140, 89, 40, 51, 102, 116, 172, 164, 34, 369, 54, 104, 33, 0)
s = 95: (0, 85, 22, 77, 316, 105, 10, 84, 16, 229, 169, 75, 151, 15, 5, 362, 90, 54, 107, 68, 34, 183, 70, 118, 51, 103, 243, 25, 140, 122, 68, 16, 86, 223, 94, 145, 32, 73, 144, 144, 89, 130, 10, 54, 90, 107, 198, 45, 154, 126, 87, 42, 112, 129, 105, 166, 52, 371, 75, 119, 30, 0)
s = 96: (0, 70, 14, 60, 287, 79, 11, 134, 14, 219, 147, 91, 83, 9, 3, 239, 77, 44, 62, 62, 33, 127, 39, 98, 72, 82, 220, 17, 103, 64, 41, 18, 83, 171, 61, 174, 24, 89, 84, 190, 76, 170, 20, 108, 114, 139, 181, 70, 94, 111, 56, 38, 60, 93, 210, 124, 63, 182, 68, 72, 36, 0)
s = 97: (0, 68, 20, 57, 146, 95, 10, 153, 14, 279, 149, 103, 120, 9, 4, 296, 58, 38, 168, 65, 70, 117, 68, 165, 80, 112, 162, 11, 134, 83, 39, 14, 152, 186, 67, 161, 33, 89, 100, 153, 146, 107, 15, 101, 116, 122, 255, 42, 84, 97, 50, 57, 82, 91, 94, 186, 35, 240, 60, 139, 44, 0)
s = 98: (0, 66, 14, 75, 223, 97, 18, 87, 21, 254, 115, 49, 97, 11, 3, 263, 73, 72, 90, 89, 47, 184, 66, 210, 58, 140, 152, 16, 155, 90, 52, 14, 130, 98, 74, 202, 24, 42, 109, 142, 109, 146, 18, 82, 76, 155, 137, 53, 73, 107, 36, 61, 122, 114, 110, 91, 37, 182, 78, 94, 39, 0)
s = 99: (0, 99, 14, 52, 340, 82, 11, 77, 15, 204, 113, 82, 104, 13, 4, 188, 58, 49, 86, 56, 76, 125, 61, 65, 62, 129, 364, 12, 153, 97, 41, 15, 66, 180, 104, 205, 30, 128, 106, 206, 151, 101, 23, 101, 58, 170, 321, 86, 101, 143, 70, 55, 124, 54, 141, 122, 56, 213, 54, 71, 33, 0)
s = 100: (0, 95, 16, 63, 249, 49, 20, 96, 10, 217, 167, 84, 175, 12, 5, 284, 39, 42, 96, 54, 58, 147, 48, 128, 104, 140, 143, 17, 84, 84, 51, 11, 81, 117, 81, 155, 29, 59, 90, 97, 149, 99, 19, 139, 86, 210, 310, 70, 130, 113, 38, 28, 66, 71, 99, 102, 46, 165, 43, 99, 31, 0)
s = 101: (0, 117, 15, 43, 260, 59, 11, 88, 17, 187, 176, 95, 91, 9, 6, 232, 40, 62, 90, 77, 78, 115, 59, 83, 39, 97, 239, 30, 126, 118, 89, 12, 103, 149, 64, 113, 39, 86, 148, 168, 92, 130, 23, 83, 87, 249, 262, 64, 80, 115, 73, 39, 110, 64, 100, 125, 38, 273, 75, 108, 53, 0)
s = 102: (0, 94, 22, 38, 140, 97, 17, 83, 20, 322, 201, 75, 100, 9, 4, 273, 55, 57, 78, 63, 29, 179, 52, 110, 62, 122, 315, 13, 130, 75, 36, 8, 110, 133, 71, 175, 27, 76, 104, 245, 207, 121, 23, 98, 68, 71, 152, 106, 98, 89, 57, 29, 119, 139, 90, 104, 46, 229, 43, 178, 37, 0)
s = 103: (0, 61, 20, 43, 145, 65, 17, 113, 15, 243, 192, 77, 116, 12, 5, 187, 57, 41, 83, 58, 57, 151, 45, 65, 47, 119, 269, 28, 103, 97, 50, 10, 73, 114, 69, 222, 22, 81, 110, 176, 86, 86, 19, 76, 76, 81, 190, 53, 94, 89, 33, 27, 150, 90, 84, 111, 90, 286, 63, 100, 25, 0)
s = 104: (0, 78, 16, 46, 205, 99, 14, 106, 11, 175, 122, 84, 219, 7, 4, 196, 55, 44, 87, 50, 55, 188, 39, 103, 49, 67, 220, 14, 179, 113, 79, 12, 111, 147, 76, 177, 37, 51, 130, 125, 168, 102, 17, 144, 67, 189, 260, 79, 101, 117, 62, 30, 74, 57, 103, 253, 34, 199, 39, 98, 33, 0)
s = 105: (0, 63, 23, 38, 223, 50, 23, 96, 21, 193, 156, 80, 91, 8, 4, 163, 37, 58, 63, 89, 86, 196, 53, 104, 55, 146, 298, 13, 137, 52, 58, 10, 108, 159, 69, 145, 28, 54, 67, 113, 87, 126, 16, 153, 102, 99, 165, 104, 173, 71, 41, 26, 107, 87, 170, 145, 62, 200, 38, 88, 29, 0)
s = 106: (0, 82, 19, 77, 324, 129, 18, 70, 10, 234, 221, 60, 184, 14, 6, 187, 56, 32, 94, 49, 84, 155, 64, 167, 55, 111, 179, 29, 105, 120, 41, 19, 117, 140, 107, 118, 29, 60, 134, 186, 121, 112, 26, 65, 66, 184, 175, 61, 141, 110, 59, 33, 113, 101, 76, 119, 44, 213, 69, 149, 44, 0)
s = 107: (0, 65, 15, 42, 124, 80, 10, 92, 11, 159, 127, 54, 139, 10, 6, 218, 84, 52, 99, 47, 64, 207, 43, 105, 78, 135, 157, 15, 215, 77, 73, 11, 98, 115, 76, 134, 23, 64, 123, 154, 81, 156, 15, 63, 127, 98, 125, 59, 108, 117, 52, 48, 62, 67, 83, 195, 79, 169, 33, 162, 36, 0)
s = 108: (0, 63, 27, 76, 177, 68, 14, 133, 19, 255, 170, 128, 86, 8, 5, 247, 77, 59, 74, 71, 65, 168, 40, 148, 67, 102, 170, 23, 114, 98, 77, 15, 109, 102, 86, 130, 21, 50, 84, 135, 158, 79, 30, 132, 103, 180, 141, 96, 75, 71, 35, 43, 90, 146, 183, 96, 34, 350, 101, 124, 26, 0)
s = 109: (0, 83, 20, 88, 120, 95, 21, 102, 13, 197, 259, 71, 94, 16, 4, 186, 82, 63, 71, 52, 40, 86, 80, 138, 55, 78, 159, 20, 149, 136, 67, 14, 130, 207, 90, 172, 34, 116, 116, 150, 126, 110, 15, 132, 127, 103, 323, 51, 99, 116, 91, 45, 73, 111, 116, 113, 53, 240, 67, 80, 29, 0)
s = 110: (0, 54, 11, 37, 204, 60, 11, 159, 11, 154, 163, 115, 73, 12, 4, 141, 56, 45, 69, 54, 67, 143, 60, 97, 36, 148, 220, 18, 102, 109, 52, 16, 184, 181, 71, 159, 33, 103, 69, 192, 88, 124, 17, 64, 63, 142, 187, 118, 127, 58, 29, 40, 63, 135, 107, 202, 100, 216, 67, 137, 23, 0)
s = 111: (0, 85, 17, 65, 137, 106, 13, 122, 20, 259, 267, 77, 80, 16, 5, 212, 85, 52, 154, 52, 48, 182, 81, 123, 100, 102, 325, 26, 134, 75, 37, 8, 105, 113, 71, 173, 23, 89, 106, 143, 146, 97, 23, 99, 88, 100, 150, 63, 103, 127, 36, 31, 124, 75, 168, 187, 46, 217, 50, 126, 28, 0)
s = 112: (0, 95, 14, 61, 266, 52, 11, 105, 9, 279, 259, 61, 203, 15, 4, 245, 52, 31, 103, 40, 31, 144, 63, 90, 63, 153, 249, 18, 181, 69, 81, 10, 130, 115, 64, 145, 41, 72, 61, 201, 126, 118, 16, 97, 95, 147, 177, 54, 84, 132, 32, 45, 134, 78, 126, 90, 49, 257, 38, 88, 41, 0)
s = 113: (0, 99, 14, 48, 296, 64, 11, 71, 11, 172, 155, 61, 120, 12, 5, 258, 62, 56, 132, 47, 47, 184, 39, 92, 52, 65, 222, 30, 186, 71, 50, 13, 107, 118, 86, 114, 30, 88, 161, 141, 80, 103, 13, 74, 66, 104, 287, 95, 103, 68, 34, 44, 82, 129, 143, 105, 45, 299, 72, 132, 32, 0)
s = 114: (0, 70, 10, 47, 229, 74, 9, 63, 13, 158, 251, 93, 89, 8, 5, 304, 55, 68, 133, 60, 81, 143, 58, 110, 56, 125, 175, 20, 111, 72, 47, 10, 62, 141, 60, 189, 21, 64, 112, 179, 168, 115, 12, 94, 126, 128, 250, 68, 106, 63, 68, 39, 54, 79, 106, 194, 76, 169, 58, 204, 52, 0)
s = 115: (0, 76, 15, 74, 269, 55, 17, 73, 13, 243, 148, 72, 195, 7, 3, 336, 78, 60, 126, 50, 83, 113, 102, 153, 60, 120, 179, 29, 169, 101, 61, 19, 59, 142, 108, 148, 25, 76, 173, 162, 138, 146, 17, 134, 128, 224, 149, 64, 113, 80, 32, 36, 59, 80, 107, 88, 72, 227, 41, 160, 49, 0)
s = 116: (0, 67, 12, 41, 292, 74, 13, 94, 10, 236, 249, 71, 110, 11, 4, 153, 77, 74, 116, 34, 29, 132, 34, 142, 62, 61, 159, 15, 166, 107, 42, 7, 107, 237, 88, 154, 24, 56, 170, 236, 146, 163, 27, 75, 106, 129, 196, 60, 77, 139, 48, 48, 94, 105, 108, 245, 39, 181, 43, 89, 43, 0)
s = 117: (0, 91, 10, 67, 224, 44, 13, 72, 15, 324, 145, 103, 81, 16, 4, 145, 69, 44, 65, 37, 48, 110, 43, 120, 72, 116, 241, 16, 164, 53, 54, 10, 145, 233, 81, 115, 29, 80, 59, 132, 93, 121, 11, 66, 77, 236, 203, 55, 121, 113, 53, 48, 96, 82, 124, 159, 76, 189, 50, 144, 34, 0)
s = 118: (0, 56, 11, 58, 319, 64, 12, 108, 25, 159, 185, 87, 119, 11, 4, 186, 89, 41, 118, 47, 28, 150, 33, 86, 49, 118, 257, 29, 114, 88, 72, 10, 110, 154, 120, 188, 63, 93, 92, 206, 155, 188, 15, 81, 103, 94, 167, 92, 81, 99, 35, 48, 93, 56, 116, 156, 51, 191, 50, 69, 27, 0)
s = 119: (0, 81, 18, 78, 165, 100, 12, 133, 12, 137, 162, 108, 148, 12, 3, 161, 87, 75, 102, 72, 63, 182, 48, 131, 57, 59, 253, 20, 191, 93, 52, 16, 98, 137, 122, 173, 46, 120, 70, 175, 126, 180, 13, 58, 81, 246, 141, 99, 131, 108, 54, 31, 125, 75, 135, 131, 56, 209, 73, 163, 36, 0)
s = 120: (0, 87, 10, 59, 200, 85, 16, 60, 7, 316, 149, 53, 92, 16, 5, 349, 60, 57, 103, 59, 55, 199, 67, 106, 85, 115, 234, 15, 124, 96, 66, 17, 103, 195, 77, 141, 17, 85, 111, 209, 93, 114, 14, 67, 126, 137, 230, 72, 126, 60, 31, 64, 116, 67, 114, 148, 70, 249, 69, 137, 33, 0)
s = 121: (0, 74, 11, 54, 152, 85, 12, 64, 13, 249, 226, 64, 129, 13, 4, 296, 81, 37, 173, 54, 50, 151, 59, 96, 89, 71, 209, 24, 122, 96, 69, 9, 58, 155, 97, 195, 39, 94, 98, 133, 175, 191, 22, 79, 92, 146, 292, 64, 105, 62, 32, 42, 103, 114, 103, 129, 56, 204, 74, 93, 63, 0)
s = 122: (0, 57, 19, 48, 203, 48, 8, 108, 11, 172, 146, 67, 129, 11, 5, 195, 45, 56, 96, 37, 72, 218, 55, 86, 47, 112, 193, 21, 125, 76, 51, 14, 84, 140, 88, 149, 38, 52, 61, 170, 83, 89, 14, 93, 121, 76, 201, 45, 119, 145, 78, 37, 111, 144, 90, 89, 36, 287, 60, 78, 42, 0)
s = 123: (0, 88, 19, 59, 208, 56, 9, 106, 15, 273, 128, 87, 72, 9, 5, 272, 81, 72, 72, 77, 43, 168, 39, 125, 88, 93, 180, 25, 188, 91, 51, 10, 101, 199, 76, 116, 23, 65, 104, 204, 154, 162, 30, 102, 89, 211, 155, 106, 92, 98, 61, 42, 85, 113, 90, 81, 32, 342, 43, 77, 37, 0)
s = 124: (0, 88, 20, 77, 180, 51, 12, 68, 9, 319, 208, 64, 118, 14, 3, 238, 43, 60, 97, 71, 61, 110, 64, 127, 82, 124, 271, 21, 107, 89, 34, 21, 79, 128, 58, 198, 53, 73, 116, 208, 131, 83, 24, 57, 106, 111, 113, 52, 149, 108, 58, 27, 119, 158, 107, 163, 45, 263, 36, 73, 24, 0)
s = 125: (0, 94, 12, 64, 181, 91, 11, 67, 14, 197, 129, 120, 163, 8, 4, 161, 72, 38, 82, 46, 32, 194, 55, 168, 54, 88, 191, 14, 89, 82, 64, 17, 59, 150, 47, 129, 28, 54, 118, 251, 100, 127, 12, 70, 68, 125, 173, 79, 201, 87, 50, 31, 60, 109, 119, 110, 52, 358, 42, 67, 38, 0)
s = 126: (0, 65, 17, 59, 164, 77, 24, 52, 11, 158, 197, 88, 152, 15, 6, 143, 86, 68, 82, 80, 50, 190, 41, 82, 68, 91, 172, 21, 128, 86, 44, 8, 113, 177, 58, 256, 32, 111, 78, 138, 109, 135, 19, 72, 149, 118, 171, 86, 74, 101, 37, 68, 72, 143, 135, 89, 85, 278, 53, 110, 53, 0)
s = 127: (0, 92, 12, 47, 194, 59, 12, 71, 9, 137, 175, 92, 123, 7, 6, 268, 49, 77, 121, 49, 66, 127, 58, 124, 53, 168, 240, 13, 145, 103, 56, 9, 124, 107, 92, 133, 39, 93, 89, 184, 210, 155, 20, 55, 66, 112, 185, 65, 126, 117, 43, 27, 67, 121, 94, 179, 55, 191, 62, 164, 38, 0)
s = 128: (0, 108, 11, 44, 323, 51, 24, 64, 12, 219, 98, 69, 101, 20, 3, 204, 94, 66, 158, 67, 42, 134, 54, 84, 66, 121, 125, 28, 118, 102, 56, 9, 202, 134, 48, 220, 39, 104, 91, 186, 108, 151, 18, 106, 139, 169, 115, 61, 79, 68, 29, 47, 103, 116, 167, 164, 73, 198, 47, 91, 49, 0)
s = 129: (0, 101, 21, 66, 162, 51, 15, 52, 10, 144, 221, 74, 77, 9, 5, 312, 47, 52, 84, 52, 35, 134, 38, 146, 73, 77, 193, 21, 104, 76, 72, 15, 174, 153, 66, 209, 24, 64, 96, 194, 167, 104, 22, 87, 97, 188, 170, 43, 130, 115, 75, 26, 77, 106, 92, 188, 53, 196, 60, 141, 26, 0)
s = 130: (0, 75, 23, 55, 173, 61, 10, 66, 16, 255, 142, 96, 118, 8, 4, 221, 52, 42, 111, 35, 63, 131, 66, 145, 112, 86, 227, 16, 137, 83, 52, 10, 61, 145, 120, 223, 31, 133, 156, 120, 82, 165, 20, 87, 124, 119, 179, 65, 86, 127, 43, 50, 60, 102, 73, 214, 50, 209, 54, 67, 50, 0)
s = 131: (0, 110, 11, 62, 206, 49, 9, 97, 12, 200, 155, 65, 75, 11, 4, 153, 83, 44, 118, 39, 40, 200, 46, 131, 63, 151, 205, 17, 128, 101, 50, 16, 179, 171, 58, 220, 22, 106, 119, 158, 96, 98, 21, 85, 109, 166, 244, 60, 153, 75, 49, 63, 86, 67, 154, 140, 37, 144, 79, 150, 63, 0)
s = 132: (0, 47, 13, 54, 132, 89, 11, 139, 12, 173, 218, 55, 98, 9, 4, 202, 73, 57, 93, 68, 41, 156, 67, 127, 78, 138, 158, 14, 183, 78, 53, 11, 83, 170, 81, 109, 33, 82, 126, 156, 185, 99, 15, 80, 83, 96, 264, 97, 98, 62, 36, 26, 82, 99, 132, 207, 49, 312, 57, 74, 32, 0)
s = 133: (0, 131, 14, 54, 173, 77, 14, 92, 7, 180, 149, 79, 85, 13, 4, 192, 59, 44, 135, 89, 42, 203, 42, 102, 91, 109, 172, 23, 114, 73, 79, 10, 160, 201, 54, 91, 33, 92, 98, 122, 148, 119, 25, 49, 80, 87, 161, 57, 73, 113, 43, 53, 73, 180, 107, 156, 37, 247, 71, 117, 53, 0)
s = 134: (0, 48, 15, 34, 283, 78, 10, 106, 12, 173, 134, 91, 128, 8, 6, 277, 58, 83, 112, 59, 38, 134, 68, 185, 61, 98, 238, 23, 147, 62, 38, 17, 85, 209, 45, 147, 31, 66, 109, 134, 150, 150, 18, 153, 92, 177, 303, 54, 138, 148, 44, 48, 112, 120, 177, 201, 37, 204, 33, 64, 20, 0)
s = 135: (0, 45, 18, 66, 223, 82, 9, 93, 16, 203, 162, 86, 134, 13, 5, 190, 59, 39, 127, 61, 61, 97, 44, 88, 80, 181, 172, 18, 254, 78, 46, 11, 107, 80, 63, 156, 25, 59, 101, 113, 128, 101, 19, 88, 95, 149, 158, 54, 109, 71, 55, 40, 59, 98, 131, 115, 66, 342, 62, 87, 42, 0)
s = 136: (0, 56, 25, 50, 271, 55, 24, 59, 14, 220, 177, 60, 193, 12, 4, 169, 66, 67, 68, 51, 43, 232, 42, 122, 49, 115, 326, 25, 177, 101, 59, 12, 122, 158, 75, 164, 43, 45, 111, 114, 116, 101, 18, 93, 74, 83, 185, 58, 140, 165, 51, 45, 105, 100, 228, 91, 55, 151, 52, 80, 51, 0)
s = 137: (0, 75, 12, 66, 112, 123, 9, 81, 15, 225, 170, 76, 89, 11, 3, 187, 72, 63, 123, 42, 31, 224, 32, 148, 68, 75, 302, 12, 121, 105, 41, 10, 71, 165, 103, 95, 45, 67, 147, 178, 116, 97, 18, 55, 96, 125, 244, 54, 114, 109, 46, 32, 84, 118, 139, 186, 69, 236, 62, 92, 21, 0)
s = 138: (0, 69, 20, 66, 253, 58, 11, 67, 8, 161, 220, 96, 83, 11, 5, 320, 84, 88, 150, 60, 61, 257, 63, 140, 79, 107, 167, 20, 242, 117, 65, 9, 150, 184, 116, 269, 44, 61, 101, 199, 102, 166, 14, 61, 135, 272, 179, 72, 86, 79, 30, 50, 74, 91, 95, 142, 59, 200, 65, 66, 50, 0)
s = 139: (0, 73, 19, 73, 165, 67, 12, 73, 17, 258, 242, 63, 178, 7, 4, 265, 71, 44, 110, 45, 48, 235, 67, 86, 84, 71, 162, 12, 120, 99, 41, 18, 140, 265, 87, 285, 43, 64, 121, 165, 80, 188, 10, 107, 134, 135, 297, 112, 83, 92, 47, 24, 94, 77, 108, 131, 59, 231, 62, 84, 42, 0)
s = 140: (0, 94, 20, 69, 210, 66, 11, 95, 13, 146, 123, 43, 88, 11, 6, 227, 59, 79, 59, 39, 46, 196, 85, 180, 42, 137, 203, 23, 134, 117, 36, 12, 74, 161, 115, 235, 39, 65, 105, 159, 143, 111, 13, 80, 89, 112, 189, 57, 87, 103, 29, 28, 136, 76, 126, 135, 38, 138, 61, 86, 38, 0)
s = 141: (0, 74, 23, 37, 129, 84, 22, 99, 15, 283, 161, 74, 193, 10, 4, 254, 47, 57, 100, 53, 52, 145, 62, 161, 99, 118, 174, 19, 136, 74, 56, 8, 82, 130, 46, 86, 29, 39, 95, 178, 183, 173, 14, 87, 130, 96, 169, 75, 92, 97, 48, 30, 115, 79, 88, 149, 38, 240, 51, 68, 40, 0)
s = 142: (0, 80, 11, 69, 172, 74, 22, 56, 14, 318, 212, 71, 136, 14, 3, 226, 78, 72, 130, 60, 68, 162, 45, 129, 36, 126, 108, 17, 151, 75, 69, 18, 146, 134, 52, 122, 22, 43, 103, 158, 145, 80, 17, 88, 101, 143, 155, 40, 78, 149, 49, 33, 65, 100, 99, 206, 34, 190, 70, 97, 30, 0)
s = 143: (0, 81, 14, 59, 273, 133, 18, 89, 17, 200, 114, 50, 166, 12, 5, 262, 77, 50, 109, 48, 56, 107, 59, 120, 71, 84, 169, 15, 78, 73, 48, 8, 136, 129, 73, 205, 18, 47, 118, 165, 134, 89, 16, 59, 83, 151, 228, 60, 115, 76, 40, 33, 138, 142, 118, 174, 47, 241, 39, 79, 51, 0)
s = 144: (0, 134, 15, 57, 200, 48, 16, 101, 11, 227, 234, 90, 195, 14, 3, 288, 101, 67, 156, 49, 64, 103, 63, 80, 70, 93, 196, 21, 190, 63, 42, 15, 160, 219, 63, 213, 27, 61, 101, 165, 137, 122, 28, 123, 123, 87, 198, 54, 104, 100, 65, 58, 92, 142, 213, 114, 65, 284, 56, 100, 32, 0)
s = 145: (0, 74, 17, 50, 122, 49, 11, 94, 13, 153, 116, 135, 138, 12, 8, 226, 67, 94, 104, 52, 66, 227, 39, 100, 38, 84, 334, 27, 203, 128, 54, 9, 118, 103, 112, 128, 38, 130, 55, 201, 162, 111, 20, 81, 90, 96, 237, 89, 87, 112, 57, 32, 70, 137, 113, 113, 67, 180, 59, 107, 33, 0)
s = 146: (0, 105, 20, 50, 221, 88, 14, 62, 12, 183, 142, 44, 170, 12, 6, 252, 107, 62, 111, 38, 33, 151, 84, 189, 45, 63, 117, 16, 179, 132, 29, 16, 134, 197, 126, 156, 30, 48, 117, 262, 181, 115, 19, 49, 103, 170, 307, 53, 117, 130, 59, 31, 53, 103, 118, 128, 48, 149, 48, 140, 32, 0)
s = 147: (0, 82, 12, 45, 193, 120, 18, 65, 14, 163, 146, 125, 114, 10, 4, 258, 75, 40, 99, 63, 84, 171, 47, 115, 37, 95, 183, 18, 87, 103, 52, 15, 64, 140, 65, 231, 33, 109, 99, 224, 95, 82, 15, 56, 84, 216, 249, 64, 84, 104, 57, 33, 105, 104, 199, 88, 45, 223, 45, 63, 54, 0)
s = 148: (0, 43, 17, 81, 171, 50, 12, 151, 9, 120, 203, 107, 171, 7, 4, 182, 66, 68, 103, 56, 40, 263, 83, 152, 78, 70, 394, 14, 102, 94, 47, 10, 85, 173, 81, 127, 26, 52, 83, 170, 91, 158, 17, 75, 73, 90, 129, 80, 92, 80, 55, 48, 116, 89, 142, 194, 52, 273, 88, 156, 42, 0)
s = 149: (0, 85, 18, 35, 188, 132, 12, 111, 10, 199, 125, 74, 85, 8, 4, 124, 41, 73, 118, 64, 39, 148, 33, 129, 73, 143, 302, 30, 102, 90, 45, 7, 86, 168, 75, 206, 29, 60, 110, 170, 158, 136, 19, 59, 80, 142, 307, 129, 96, 106, 60, 61, 59, 93, 93, 103, 35, 327, 47, 161, 31, 0)
s = 150: (0, 130, 20, 53, 175, 102, 13, 144, 8, 211, 253, 64, 78, 14, 3, 381, 61, 50, 182, 84, 34, 210, 34, 130, 107, 148, 150, 10, 229, 103, 50, 9, 79, 216, 41, 106, 42, 63, 78, 105, 75, 99, 25, 74, 68, 135, 133, 70, 120, 118, 38, 40, 91, 60, 122, 94, 78, 281, 81, 85, 24, 0)
s = 151: (0, 104, 16, 47, 156, 59, 11, 72, 14, 212, 129, 100, 121, 10, 3, 252, 73, 66, 176, 45, 51, 109, 83, 97, 54, 133, 161, 10, 145, 54, 40, 19, 75, 199, 113, 113, 37, 63, 68, 142, 83, 176, 19, 91, 106, 105, 254, 109, 121, 87, 49, 46, 79, 84, 124, 155, 42, 238, 81, 100, 29, 0)
s = 152: (0, 83, 11, 59, 261, 89, 14, 49, 16, 235, 140, 80, 171, 12, 6, 206, 107, 41, 72, 45, 34, 156, 52, 168, 84, 68, 323, 21, 147, 112, 73, 10, 97, 132, 70, 155, 25, 67, 124, 176, 83, 114, 15, 110, 68, 130, 355, 51, 78, 57, 55, 28, 147, 87, 167, 159, 61, 199, 36, 117, 27, 0)
s = 153: (0, 88, 25, 52, 248, 76, 16, 82, 13, 141, 114, 119, 99, 9, 5, 251, 81, 59, 75, 63, 48, 140, 37, 69, 65, 102, 128, 29, 104, 64, 47, 13, 96, 134, 90, 246, 28, 84, 81, 192, 163, 115, 16, 71, 141, 124, 216, 69, 87, 78, 28, 51, 108, 57, 114, 174, 47, 177, 33, 90, 48, 0)
s = 154: (0, 70, 18, 55, 162, 81, 16, 93, 15, 143, 159, 88, 122, 10, 3, 150, 59, 49, 83, 51, 51, 132, 62, 158, 59, 188, 172, 17, 167, 84, 101, 11, 75, 117, 69, 139, 20, 81, 146, 136, 108, 110, 26, 118, 84, 133, 167, 59, 65, 86, 43, 51, 72, 110, 130, 167, 68, 155, 68, 151, 41, 0)
s = 155: (0, 53, 18, 55, 279, 77, 9, 100, 19, 256, 132, 123, 135, 18, 5, 259, 49, 71, 88, 68, 53, 168, 37, 103, 57, 95, 160, 17, 147, 98, 56, 12, 114, 97, 69, 109, 21, 58, 72, 111, 156, 111, 22, 80, 68, 148, 255, 58, 110, 61, 47, 39, 66, 78, 87, 122, 47, 223, 44, 134, 29, 0)
s = 156: (0, 87, 22, 56, 247, 109, 11, 104, 13, 153, 138, 76, 107, 6, 6, 185, 58, 52, 94, 89, 46, 111, 101, 154, 49, 157, 259, 15, 142, 102, 34, 8, 68, 152, 125, 232, 55, 50, 122, 127, 87, 97, 18, 56, 117, 87, 122, 39, 101, 83, 26, 26, 77, 92, 106, 107, 41, 287, 57, 111, 28, 0)
s = 157: (0, 64, 14, 70, 178, 80, 21, 94, 13, 144, 313, 62, 111, 14, 3, 205, 57, 60, 158, 55, 44, 200, 48, 177, 63, 69, 277, 19, 129, 97, 82, 10, 99, 122, 107, 131, 25, 77, 87, 113, 165, 115, 10, 48, 97, 167, 343, 67, 75, 62, 32, 46, 104, 58, 119, 112, 85, 305, 79, 140, 36, 0)
s = 158: (0, 52, 17, 59, 306, 56, 10, 83, 10, 157, 200, 71, 196, 8, 4, 161, 100, 38, 105, 95, 41, 125, 29, 152, 89, 75, 200, 20, 122, 96, 92, 14, 124, 143, 103, 125, 36, 57, 114, 147, 84, 218, 11, 74, 111, 148, 207, 50, 96, 108, 54, 22, 131, 89, 191, 150, 59, 175, 43, 80, 33, 0)
s = 159: (0, 62, 14, 57, 255, 109, 10, 75, 11, 248, 140, 68, 132, 10, 6, 173, 75, 58, 117, 105, 81, 247, 56, 95, 40, 83, 275, 19, 123, 85, 40, 14, 120, 161, 62, 209, 37, 77, 82, 85, 90, 148, 18, 96, 55, 207, 193, 64, 144, 115, 42, 62, 87, 100, 153, 217, 50, 254, 55, 122, 26, 0)
s = 160: (0, 50, 18, 54, 136, 75, 17, 73, 9, 221, 176, 65, 100, 16, 4, 292, 81, 37, 143, 62, 38, 137, 68, 76, 57, 96, 252, 23, 127, 89, 65, 10, 74, 199, 54, 256, 28, 68, 71, 150, 132, 139, 24, 54, 62, 105, 279, 65, 87, 71, 36, 49, 154, 115, 106, 243, 90, 191, 74, 89, 29, 0)
s = 161: (0, 62, 19, 52, 185, 98, 12, 145, 13, 260, 143, 121, 144, 11, 4, 298, 84, 58, 143, 49, 36, 119, 47, 87, 76, 110, 182, 16, 194, 87, 88, 14, 123, 119, 74, 153, 28, 73, 119, 176, 92, 88, 13, 100, 70, 178, 225, 63, 134, 124, 45, 64, 141, 116, 95, 179, 38, 303, 62, 86, 25, 0)
s = 162: (0, 65, 13, 99, 167, 53, 12, 100, 9, 160, 211, 88, 168, 10, 4, 226, 57, 66, 102, 50, 45, 124, 44, 104, 76, 56, 258, 17, 124, 143, 39, 10, 148, 237, 99, 123, 36, 43, 95, 183, 132, 117, 13, 111, 149, 127, 226, 84, 66, 131, 43, 32, 78, 103, 165, 148, 79, 268, 62, 93, 30, 0)
s = 163: (0, 76, 17, 38, 203, 80, 13, 139, 14, 222, 192, 89, 98, 15, 3, 382, 59, 63, 123, 76, 55, 162, 78, 126, 67, 105, 128, 19, 198, 68, 53, 11, 101, 143, 66, 251, 33, 66, 78, 180, 160, 125, 12, 79, 93, 108, 117, 102, 93, 104, 33, 30, 102, 67, 210, 131, 59, 340, 38, 100, 39, 0)
s = 164: (0, 87, 18, 55, 218, 42, 22, 63, 10, 190, 229, 102, 174, 11, 5, 256, 77, 63, 126, 87, 53, 178, 47, 87, 63, 110, 196, 27, 165, 116, 89, 10, 87, 200, 69, 256, 52, 102, 56, 161, 141, 122, 16, 88, 74, 97, 174, 78, 120, 59, 42, 33, 93, 62, 165, 84, 50, 255, 41, 156, 42, 0)
s = 165: (0, 59, 11, 93, 145, 135, 11, 69, 9, 241, 274, 89, 155, 18, 4, 186, 38, 75, 128, 72, 37, 137, 75, 81, 71, 84, 241, 14, 104, 88, 94, 11, 72, 108, 84, 224, 38, 56, 144, 136, 126, 229, 15, 68, 151, 199, 304, 41, 85, 100, 62, 59, 64, 160, 78, 181, 41, 131, 76, 155, 33, 0)
s = 166: (0, 74, 11, 69, 296, 69, 17, 181, 13, 175, 150, 70, 111, 12, 6, 305, 50, 36, 131, 46, 32, 124, 64, 124, 80, 157, 186, 19, 155, 129, 41, 10, 93, 157, 65, 124, 25, 76, 80, 165, 168, 104, 12, 80, 134, 192, 251, 120, 95, 90, 74, 47, 133, 60, 163, 252, 89, 179, 64, 172, 32, 0)
s = 167: (0, 54, 19, 52, 201, 92, 14, 56, 14, 224, 153, 49, 202, 13, 4, 132, 95, 61, 103, 80, 71, 198, 56, 115, 51, 108, 215, 17, 243, 132, 45, 9, 77, 125, 66, 144, 33, 61, 88, 150, 106, 218, 15, 79, 95, 181, 286, 71, 176, 81, 55, 36, 112, 102, 124, 125, 35, 236, 69, 86, 31, 0)
s = 168: (0, 83, 23, 70, 120, 86, 15, 104, 21, 136, 195, 77, 145, 12, 5, 203, 90, 78, 89, 78, 70, 167, 51, 159, 60, 148, 302, 23, 75, 86, 60, 14, 94, 105, 84, 237, 24, 82, 105, 156, 81, 178, 27, 114, 99, 145, 310, 64, 74, 138, 39, 43, 84, 120, 95, 138, 56, 202, 55, 105, 54, 0)
s = 169: (0, 90, 15, 59, 187, 67, 17, 67, 15, 240, 133, 106, 116, 14, 6, 164, 53, 69, 120, 41, 93, 110, 50, 99, 52, 129, 202, 15, 160, 83, 65, 8, 75, 160, 105, 191, 34, 96, 78, 121, 109, 156, 12, 70, 133, 188, 273, 110, 113, 75, 34, 26, 100, 68, 188, 206, 61, 326, 37, 71, 47, 0)
s = 170: (0, 133, 21, 36, 150, 87, 14, 68, 15, 224, 188, 54, 91, 12, 4, 214, 81, 64, 179, 70, 57, 261, 44, 129, 49, 85, 113, 22, 90, 133, 49, 12, 83, 157, 55, 158, 35, 98, 94, 107, 118, 159, 19, 58, 160, 128, 153, 61, 116, 90, 75, 42, 63, 80, 152, 159, 66, 199, 37, 174, 30, 0)
s = 171: (0, 91, 19, 56, 172, 68, 11, 130, 9, 218, 213, 58, 124, 10, 3, 260, 46, 45, 74, 57, 77, 206, 63, 95, 76, 147, 198, 26, 183, 92, 45, 13, 164, 146, 53, 184, 33, 112, 75, 279, 86, 99, 18, 130, 76, 223, 132, 73, 127, 128, 45, 33, 62, 134, 109, 164, 54, 163, 83, 130, 34, 0)
s = 172: (0, 135, 22, 50, 155, 142, 12, 70, 23, 182, 154, 51, 150, 12, 3, 162, 77, 35, 123, 74, 40, 107, 42, 153, 81, 86, 260, 23, 106, 76, 67, 14, 114, 116, 58, 173, 32, 80, 101, 178, 125, 80, 12, 127, 61, 170, 220, 91, 155, 83, 31, 30, 94, 100, 196, 97, 37, 178, 61, 113, 25, 0)
s = 173: (0, 117, 11, 50, 115, 63, 18, 66, 13, 128, 221, 58, 98, 7, 3, 213, 72, 64, 66, 42, 66, 226, 71, 124, 60, 131, 312, 15, 185, 97, 51, 14, 88, 231, 50, 161, 29, 101, 65, 122, 143, 120, 24, 124, 83, 135, 244, 44, 143, 128, 53, 65, 117, 97, 113, 86, 37, 186, 45, 89, 35, 0)
s = 174: (0, 72, 15, 43, 250, 118, 10, 125, 19, 193, 114, 45, 156, 7, 6, 182, 53, 41, 95, 47, 33, 186, 68, 143, 49, 92, 173, 14, 204, 61, 69, 11, 113, 191, 108, 140, 37, 52, 193, 163, 128, 116, 23, 91, 92, 91, 351, 75, 107, 85, 40, 29, 133, 127, 114, 141, 45, 153, 52, 187, 28, 0)
s = 175: (0, 50, 19, 41, 202, 128, 15, 60, 19, 301, 139, 50, 92, 10, 5, 265, 41, 80, 163, 46, 68, 165, 71, 102, 65, 104, 220, 18, 161, 91, 36, 12, 138, 218, 59, 197, 26, 66, 88, 202, 74, 129, 19, 63, 142, 133, 211, 77, 159, 114, 30, 25, 108, 103, 141, 90, 66, 203, 64, 116, 29, 0)
s = 176: (0, 95, 16, 61, 209, 121, 15, 80, 9, 296, 150, 57, 140, 10, 6, 118, 61, 51, 87, 57, 78, 187, 52, 79, 87, 67, 171, 11, 146, 91, 47, 13, 168, 190, 72, 152, 23, 105, 169, 180, 118, 108, 16, 88, 144, 127, 136, 98, 68, 80, 30, 47, 100, 77, 143, 181, 81, 178, 85, 153, 57, 0)
s = 177: (0, 95, 27, 64, 200, 72, 14, 142, 14, 216, 192, 80, 86, 11, 3, 354, 40, 56, 75, 96, 48, 134, 46, 162, 65, 67, 251, 17, 87, 79, 84, 9, 173, 108, 108, 94, 32, 49, 91, 185, 117, 81, 12, 93, 73, 151, 143, 44, 189, 79, 57, 24, 93, 151, 140, 170, 84, 155, 67, 114, 31, 0)
s = 178: (0, 67, 14, 58, 264, 56, 12, 110, 16, 294, 106, 80, 121, 8, 5, 133, 39, 65, 203, 83, 63, 138, 56, 190, 91, 73, 134, 24, 205, 96, 48, 11, 75, 124, 59, 111, 31, 82, 143, 209, 178, 97, 13, 52, 73, 197, 182, 75, 96, 108, 44, 28, 111, 145, 81, 145, 41, 150, 64, 126, 47, 0)
s = 179: (0, 49, 12, 53, 201, 94, 12, 78, 10, 171, 119, 87, 143, 16, 5, 178, 74, 39, 84, 42, 49, 254, 63, 97, 46, 111, 187, 36, 178, 85, 56, 13, 125, 239, 83, 90, 24, 72, 104, 176, 134, 129, 24, 97, 120, 113, 328, 43, 147, 89, 55, 34, 58, 67, 186, 145, 39, 182, 53, 90, 28, 0)
s = 180: (0, 70, 21, 36, 163, 117, 14, 62, 9, 214, 159, 66, 138, 15, 5, 167, 110, 58, 86, 39, 65, 105, 53, 142, 80, 159, 129, 13, 161, 98, 73, 13, 70, 104, 48, 175, 56, 91, 112, 117, 157, 106, 11, 58, 116, 91, 172, 57, 100, 155, 29, 48, 101, 84, 205, 129, 77, 316, 56, 74, 41, 0)
s = 181: (0, 59, 11, 95, 207, 67, 15, 90, 10, 150, 199, 61, 157, 17, 5, 263, 79, 58, 107, 39, 35, 131, 48, 73, 58, 74, 213, 17, 147, 109, 51, 12, 102, 154, 56, 97, 43, 42, 102, 119, 103, 105, 17, 117, 88, 113, 167, 77, 88, 135, 31, 28, 131, 106, 97, 204, 41, 405, 51, 83, 33, 0)
s = 182: (0, 48, 20, 72, 188, 91, 15, 84, 11, 296, 208, 87, 126, 7, 5, 348, 56, 37, 117, 68, 49, 129, 54, 77, 71, 92, 194, 14, 146, 109, 50, 19, 141, 89, 70, 157, 45, 62, 141, 153, 126, 108, 19, 107, 93, 184, 152, 73, 80, 161, 77, 45, 77, 81, 138, 178, 64, 319, 49, 137, 22, 0)
s = 183: (0, 46, 17, 80, 119, 81, 20, 104, 14, 198, 173, 76, 114, 16, 6, 174, 84, 52, 125, 38, 43, 281, 88, 155, 50, 68, 132, 17, 196, 129, 63, 11, 93, 151, 87, 228, 27, 60, 130, 175, 74, 131, 25, 86, 111, 94, 226, 39, 80, 90, 58, 40, 181, 97, 197, 93, 52, 272, 58, 97, 38, 0)
s = 184: (0, 83, 16, 64, 234, 96, 15, 154, 11, 231, 166, 77, 140, 16, 3, 209, 87, 38, 186, 55, 38, 183, 79, 108, 43, 102, 171, 18, 95, 69, 30, 13, 101, 158, 85, 171, 30, 115, 96, 212, 98, 151, 15, 106, 74, 153, 197, 41, 105, 78, 45, 36, 120, 94, 162, 185, 55, 164, 61, 73, 34, 0)
s = 185: (0, 126, 24, 52, 192, 80, 19, 93, 14, 113, 159, 69, 149, 13, 7, 175, 39, 46, 85, 61, 38, 147, 67, 155, 44, 87, 268, 11, 182, 65, 41, 19, 113, 201, 108, 178, 29, 48, 142, 147, 110, 212, 16, 68, 88, 207, 152, 74, 137, 95, 53, 26, 94, 102, 155, 166, 103, 300, 87, 73, 37, 0)
s = 186: (0, 93, 12, 65, 179, 47, 14, 69, 16, 186, 202, 53, 180, 8, 5, 296, 54, 48, 83, 62, 44, 150, 66, 123, 81, 136, 173, 22, 129, 85, 43, 14, 91, 169, 64, 195, 44, 78, 115, 110, 109, 127, 20, 139, 78, 175, 120, 70, 88, 95, 70, 41, 140, 63, 166, 120, 44, 386, 45, 102, 47, 0)
s = 187: (0, 65, 14, 52, 225, 110, 10, 77, 17, 329, 192, 121, 162, 12, 4, 279, 44, 61, 110, 51, 47, 143, 62, 89, 110, 96, 164, 16, 90, 55, 30, 15, 60, 151, 106, 191, 22, 46, 109, 139, 213, 135, 18, 90, 115, 121, 153, 76, 84, 79, 57, 41, 93, 76, 111, 163, 63, 172, 72, 76, 35, 0)
s = 188: (0, 79, 18, 59, 143, 78, 9, 124, 12, 207, 199, 43, 121, 7, 5, 263, 41, 79, 104, 44, 39, 193, 43, 88, 108, 143, 253, 22, 81, 103, 77, 10, 85, 138, 64, 142, 24, 64, 131, 117, 177, 152, 13, 74, 80, 109, 162, 93, 129, 67, 37, 26, 100, 69, 179, 113, 40, 380, 35, 81, 21, 0)
s = 189: (0, 103, 24, 54, 236, 55, 11, 71, 15, 136, 205, 85, 86, 18, 5, 181, 77, 59, 72, 60, 59, 172, 49, 143, 80, 96, 196, 13, 151, 124, 63, 13, 87, 214, 115, 111, 34, 66, 84, 121, 107, 138, 23, 81, 92, 167, 230, 70, 152, 66, 49, 42, 162, 123, 150, 132, 45, 233, 65, 92, 38, 0)
s = 190: (0, 72, 11, 67, 236, 55, 11, 127, 15, 235, 196, 87, 126, 9, 6, 312, 44, 66, 129, 69, 61, 252, 61, 115, 52, 83, 206, 18, 174, 62, 58, 14, 118, 151, 60, 140, 37, 57, 76, 254, 119, 161, 15, 66, 137, 142, 130, 79, 92, 113, 40, 34, 116, 167, 154, 103, 41, 307, 61, 127, 42, 0)
s = 191: (0, 80, 16, 52, 178, 55, 9, 71, 13, 195, 140, 70, 149, 12, 6, 184, 49, 61, 99, 65, 63, 129, 60, 141, 64, 102, 274, 21, 189, 132, 56, 14, 111, 87, 109, 213, 31, 43, 134, 135, 115, 183, 16, 47, 163, 231, 182, 65, 150, 64, 78, 31, 100, 92, 118, 78, 63, 195, 60, 59, 37, 0)
s = 192: (0, 104, 19, 67, 224, 118, 15, 73, 19, 200, 237, 50, 130, 14, 6, 192, 62, 38, 83, 45, 62, 133, 43, 119, 76, 123, 129, 21, 93, 59, 36, 15, 75, 115, 87, 181, 34, 76, 157, 202, 98, 134, 22, 146, 143, 116, 239, 36, 93, 100, 52, 36, 92, 92, 129, 102, 45, 270, 55, 70, 57, 0)
s = 193: (0, 85, 21, 38, 328, 118, 11, 101, 14, 116, 270, 75, 105, 11, 5, 240, 92, 69, 178, 58, 38, 242, 71, 133, 60, 78, 223, 17, 172, 134, 42, 10, 187, 194, 103, 146, 43, 62, 73, 177, 129, 129, 17, 50, 80, 148, 224, 68, 119, 131, 49, 57, 81, 59, 108, 177, 70, 238, 69, 117, 44, 0)
s = 194: (0, 78, 11, 45, 211, 102, 17, 66, 20, 296, 191, 55, 109, 11, 4, 159, 77, 38, 114, 62, 31, 190, 40, 140, 104, 111, 156, 17, 100, 53, 54, 7, 70, 107, 91, 116, 23, 95, 101, 161, 186, 145, 32, 45, 117, 107, 238, 66, 91, 68, 60, 36, 120, 124, 164, 158, 47, 288, 63, 101, 23, 0)
s = 195: (0, 83, 13, 82, 106, 86, 12, 137, 10, 201, 150, 87, 81, 18, 5, 227, 59, 37, 66, 70, 42, 146, 39, 154, 74, 116, 312, 17, 121, 65, 47, 14, 137, 129, 62, 136, 18, 69, 78, 115, 179, 96, 14, 107, 97, 108, 270, 76, 85, 77, 63, 38, 60, 67, 105, 96, 58, 149, 63, 65, 22, 0)
s = 196: (0, 97, 26, 58, 206, 90, 15, 135, 12, 195, 174, 115, 115, 11, 3, 183, 52, 50, 140, 71, 48, 138, 52, 188, 56, 115, 117, 15, 153, 65, 31, 10, 116, 112, 105, 141, 28, 91, 110, 225, 110, 138, 13, 136, 73, 153, 137, 69, 110, 68, 65, 52, 105, 75, 156, 122, 46, 130, 50, 96, 50, 0)
s = 197: (0, 51, 20, 32, 172, 58, 12, 101, 16, 263, 161, 97, 162, 8, 3, 255, 119, 83, 103, 61, 38, 190, 54, 83, 68, 131, 228, 19, 156, 91, 43, 12, 117, 102, 85, 110, 42, 105, 86, 132, 160, 226, 14, 67, 61, 131, 184, 114, 64, 80, 56, 75, 104, 83, 103, 136, 78, 157, 61, 86, 49, 0)
s = 198: (0, 64, 12, 43, 146, 89, 15, 113, 11, 126, 195, 47, 106, 11, 5, 331, 84, 81, 102, 39, 45, 225, 34, 90, 63, 129, 184, 17, 225, 68, 60, 14, 108, 175, 51, 118, 53, 72, 80, 124, 126, 140, 20, 78, 147, 84, 155, 108, 124, 88, 48, 27, 118, 57, 92, 95, 88, 183, 41, 86, 43, 0)
s = 199: (0, 115, 18, 80, 190, 68, 19, 80, 14, 211, 136, 60, 146, 13, 3, 203, 86, 40, 106, 54, 33, 126, 55, 120, 96, 65, 175, 21, 148, 138, 72, 12, 102, 188, 122, 92, 25, 88, 113, 155, 207, 144, 19, 74, 76, 127, 168, 48, 112, 142, 30, 43, 66, 73, 179, 180, 63, 347, 42, 85, 29, 0)
s = 200: (0, 73, 15, 114, 197, 62, 10, 68, 22, 180, 142, 45, 109, 7, 3, 224, 62, 32, 88, 63, 42, 159, 62, 104, 50, 77, 234, 20, 114, 57, 56, 11, 136, 114, 107, 196, 32, 62, 81, 127, 167, 150, 12, 73, 119, 140, 226, 67, 117, 106, 28, 37, 78, 97, 170, 103, 58, 235, 105, 68, 26, 0)
************************************************************************
ES/LS-VALUES:
jobnr.   ES(i)    LS(i)
------------------------------------------------------------------------
  0        0        0
  1        0       194
  2        0       224
  3        0       189
  4        5       195
  5        8       234
  6       18       247
  7        8       232
  8       18       245
  9       22       254
 10        9       204
 11       34       267
 12       22       212
 13        9       239
 14       19       267
 15       38       229
 16       11       242
 17       18       255
 18       38       238
 19       21       217
 20       31       269
 21       21       253
 22       19       249
 23       29       262
 24       29       271
 25       28       224
 26       21       252
 27       38       280
 28       39       273
 29       41       275
 30       41       282
 31       39       288
 32       55       247
 33       54       275
 34       68       284
 35       50       292
 36       42       284
 37       55       290
 38       68       261
 39       54       255
 40       47       244
 41       82       276
 42       60       314
 43       60       258
 44       94       289
 45       66       293
 46       69       268
 47       88       288
 48       66       302
 49       64       286
 50       101       297
 51       74       297
 52       104       301
 53       94       310
 54       54       291
 55       88       308
 56       99       316
 57       100       305
 58       81       318
 59       111       309
 60       118       324
 61       129       328
************************************************************************
BIG-M-VALUES:
M1 = 40, M2 = 441
************************************************************************
