************************************************************************
file with basedata            : mm13_.bas
initial value random generator: 1383355508
************************************************************************
projects                      :  1
jobs (incl. supersource/sink ):  12
horizon                       :  69
RESOURCES
  - renewable                 :  2   R
  - nonrenewable              :  2   N
  - doubly constrained        :  0   D
************************************************************************
PROJECT INFORMATION:
pronr.  #jobs rel.date duedate tardcost  MPM-Time
    1     10      0       19        3       19
************************************************************************
PRECEDENCE RELATIONS:
jobnr.    #modes  #successors   successors
   0        1          3           1   2   3
   1        3          2           8   9
   2        3          1           4
   3        3          2           5   7
   4        3          3           5   7   8
   5        3          2           6  10
   6        3          1           9
   7        3          1          10
   8        3          1          11
   9        3          1          11
  10        3          1          11
  11        1          0        
************************************************************************
REQUESTS/DURATIONS:
jobnr. mode duration  R 1  R 2  R 3  R 4  E(W 1)  E(W 2)  E(W 3)  E(W 4)
------------------------------------------------------------------------
  0      1     0       0    0    0    0     0       0       0       0
  1      1     3       0    3    5    6     0       9      15      18
  2      1     3       0    6    8    6     0      18      24      18
  3      1     1       0    2    6    7     0       2       6       7
  4      1     3       7    0    8    4    21       0      24      12
  5      1     7       8    0    9   10    56       0      63      70
  6      1     3       0    7    8    7     0      21      24      21
  7      1     4       4    0    8    6    16       0      32      24
  8      1     1       0    6    6    6     0       6       6       6
  9      1     1       0    8    5   10     0       8       5      10
 10      1     6       5    0    6   10    30       0      36      60
 11      1     0       0    0    0    0     0       0       0       0
************************************************************************
RESOURCEAVAILABILITIES:
  R 1  R 2  R 3  R 4
    9   13   47   53
************************************************************************
RESOURCE LIMITS:
jobnr.  l(R 1)  u(R 1)  l(R 2)  u(R 2)  l(R 3)  u(R 3)  l(R 4)  u(R 4)
------------------------------------------------------------------------
  0        0       0       0       0       0       0       0       0
  1        0       0       2       3       3       5       3       6
  2        0       0       3       6       4       8       3       6
  3        0       0       1       2       3       6       4       7
  4        4       7       0       0       4       8       2       4
  5        4       8       0       0       5       9       5      10
  6        0       0       4       7       4       8       4       7
  7        2       4       0       0       4       8       3       6
  8        0       0       3       6       3       6       3       6
  9        0       0       4       8       3       5       5      10
 10        3       5       0       0       3       6       5      10
 11        0       0       0       0       0       0       0       0
************************************************************************
SCENARIOS:
------------------------------------------------------------------------
RESOURCE k = 1
s = 1: (0, 0, 0, 0, 12, 44, 0, 20, 0, 0, 23, 0)
s = 2: (0, 0, 0, 0, 13, 88, 0, 10, 0, 0, 25, 0)
s = 3: (0, 0, 0, 0, 17, 34, 0, 14, 0, 0, 32, 0)
s = 4: (0, 0, 0, 0, 18, 63, 0, 17, 0, 0, 45, 0)
s = 5: (0, 0, 0, 0, 30, 68, 0, 18, 0, 0, 24, 0)
s = 6: (0, 0, 0, 0, 19, 71, 0, 16, 0, 0, 31, 0)
s = 7: (0, 0, 0, 0, 17, 56, 0, 11, 0, 0, 32, 0)
s = 8: (0, 0, 0, 0, 16, 45, 0, 10, 0, 0, 19, 0)
s = 9: (0, 0, 0, 0, 15, 80, 0, 29, 0, 0, 28, 0)
s = 10: (0, 0, 0, 0, 19, 32, 0, 15, 0, 0, 30, 0)
s = 11: (0, 0, 0, 0, 21, 38, 0, 17, 0, 0, 31, 0)
s = 12: (0, 0, 0, 0, 17, 50, 0, 17, 0, 0, 18, 0)
s = 13: (0, 0, 0, 0, 23, 47, 0, 21, 0, 0, 28, 0)
s = 14: (0, 0, 0, 0, 16, 54, 0, 15, 0, 0, 32, 0)
s = 15: (0, 0, 0, 0, 15, 83, 0, 14, 0, 0, 28, 0)
s = 16: (0, 0, 0, 0, 29, 87, 0, 12, 0, 0, 29, 0)
s = 17: (0, 0, 0, 0, 19, 45, 0, 13, 0, 0, 42, 0)
s = 18: (0, 0, 0, 0, 18, 68, 0, 13, 0, 0, 26, 0)
s = 19: (0, 0, 0, 0, 37, 59, 0, 25, 0, 0, 30, 0)
s = 20: (0, 0, 0, 0, 21, 57, 0, 17, 0, 0, 27, 0)
s = 21: (0, 0, 0, 0, 31, 66, 0, 19, 0, 0, 22, 0)
s = 22: (0, 0, 0, 0, 12, 37, 0, 24, 0, 0, 22, 0)
s = 23: (0, 0, 0, 0, 17, 50, 0, 17, 0, 0, 29, 0)
s = 24: (0, 0, 0, 0, 22, 72, 0, 19, 0, 0, 26, 0)
s = 25: (0, 0, 0, 0, 18, 64, 0, 14, 0, 0, 42, 0)
s = 26: (0, 0, 0, 0, 13, 47, 0, 11, 0, 0, 22, 0)
s = 27: (0, 0, 0, 0, 20, 73, 0, 21, 0, 0, 23, 0)
s = 28: (0, 0, 0, 0, 19, 66, 0, 23, 0, 0, 35, 0)
s = 29: (0, 0, 0, 0, 25, 37, 0, 19, 0, 0, 19, 0)
s = 30: (0, 0, 0, 0, 26, 72, 0, 11, 0, 0, 19, 0)
s = 31: (0, 0, 0, 0, 31, 54, 0, 11, 0, 0, 39, 0)
s = 32: (0, 0, 0, 0, 26, 52, 0, 20, 0, 0, 28, 0)
s = 33: (0, 0, 0, 0, 23, 68, 0, 15, 0, 0, 17, 0)
s = 34: (0, 0, 0, 0, 20, 70, 0, 10, 0, 0, 44, 0)
s = 35: (0, 0, 0, 0, 13, 68, 0, 24, 0, 0, 35, 0)
s = 36: (0, 0, 0, 0, 24, 75, 0, 13, 0, 0, 23, 0)
s = 37: (0, 0, 0, 0, 26, 60, 0, 12, 0, 0, 33, 0)
s = 38: (0, 0, 0, 0, 19, 90, 0, 10, 0, 0, 21, 0)
s = 39: (0, 0, 0, 0, 25, 54, 0, 13, 0, 0, 36, 0)
s = 40: (0, 0, 0, 0, 20, 72, 0, 18, 0, 0, 30, 0)
s = 41: (0, 0, 0, 0, 25, 64, 0, 23, 0, 0, 21, 0)
s = 42: (0, 0, 0, 0, 23, 63, 0, 13, 0, 0, 30, 0)
s = 43: (0, 0, 0, 0, 16, 88, 0, 24, 0, 0, 28, 0)
s = 44: (0, 0, 0, 0, 27, 37, 0, 17, 0, 0, 28, 0)
s = 45: (0, 0, 0, 0, 15, 54, 0, 15, 0, 0, 26, 0)
s = 46: (0, 0, 0, 0, 16, 83, 0, 13, 0, 0, 27, 0)
s = 47: (0, 0, 0, 0, 12, 51, 0, 21, 0, 0, 40, 0)
s = 48: (0, 0, 0, 0, 20, 50, 0, 17, 0, 0, 42, 0)
s = 49: (0, 0, 0, 0, 26, 54, 0, 16, 0, 0, 18, 0)
s = 50: (0, 0, 0, 0, 31, 63, 0, 20, 0, 0, 27, 0)
s = 51: (0, 0, 0, 0, 28, 61, 0, 12, 0, 0, 24, 0)
s = 52: (0, 0, 0, 0, 32, 60, 0, 15, 0, 0, 33, 0)
s = 53: (0, 0, 0, 0, 16, 45, 0, 23, 0, 0, 20, 0)
s = 54: (0, 0, 0, 0, 18, 40, 0, 10, 0, 0, 22, 0)
s = 55: (0, 0, 0, 0, 15, 49, 0, 15, 0, 0, 34, 0)
s = 56: (0, 0, 0, 0, 31, 78, 0, 22, 0, 0, 20, 0)
s = 57: (0, 0, 0, 0, 19, 47, 0, 13, 0, 0, 31, 0)
s = 58: (0, 0, 0, 0, 22, 38, 0, 12, 0, 0, 35, 0)
s = 59: (0, 0, 0, 0, 16, 35, 0, 14, 0, 0, 24, 0)
s = 60: (0, 0, 0, 0, 12, 78, 0, 16, 0, 0, 34, 0)
s = 61: (0, 0, 0, 0, 18, 39, 0, 10, 0, 0, 18, 0)
s = 62: (0, 0, 0, 0, 23, 40, 0, 13, 0, 0, 33, 0)
s = 63: (0, 0, 0, 0, 21, 35, 0, 11, 0, 0, 25, 0)
s = 64: (0, 0, 0, 0, 29, 54, 0, 20, 0, 0, 37, 0)
s = 65: (0, 0, 0, 0, 16, 44, 0, 13, 0, 0, 30, 0)
s = 66: (0, 0, 0, 0, 32, 51, 0, 13, 0, 0, 34, 0)
s = 67: (0, 0, 0, 0, 22, 75, 0, 21, 0, 0, 25, 0)
s = 68: (0, 0, 0, 0, 19, 42, 0, 18, 0, 0, 21, 0)
s = 69: (0, 0, 0, 0, 27, 90, 0, 17, 0, 0, 22, 0)
s = 70: (0, 0, 0, 0, 16, 77, 0, 11, 0, 0, 38, 0)
s = 71: (0, 0, 0, 0, 25, 95, 0, 23, 0, 0, 24, 0)
s = 72: (0, 0, 0, 0, 17, 46, 0, 13, 0, 0, 22, 0)
s = 73: (0, 0, 0, 0, 18, 36, 0, 15, 0, 0, 33, 0)
s = 74: (0, 0, 0, 0, 14, 62, 0, 15, 0, 0, 52, 0)
s = 75: (0, 0, 0, 0, 27, 82, 0, 15, 0, 0, 38, 0)
s = 76: (0, 0, 0, 0, 31, 34, 0, 18, 0, 0, 28, 0)
s = 77: (0, 0, 0, 0, 36, 53, 0, 15, 0, 0, 33, 0)
s = 78: (0, 0, 0, 0, 27, 55, 0, 23, 0, 0, 32, 0)
s = 79: (0, 0, 0, 0, 14, 78, 0, 25, 0, 0, 31, 0)
s = 80: (0, 0, 0, 0, 12, 42, 0, 14, 0, 0, 41, 0)
s = 81: (0, 0, 0, 0, 26, 88, 0, 16, 0, 0, 22, 0)
s = 82: (0, 0, 0, 0, 24, 35, 0, 9, 0, 0, 28, 0)
s = 83: (0, 0, 0, 0, 19, 54, 0, 11, 0, 0, 31, 0)
s = 84: (0, 0, 0, 0, 18, 37, 0, 13, 0, 0, 28, 0)
s = 85: (0, 0, 0, 0, 20, 61, 0, 15, 0, 0, 27, 0)
s = 86: (0, 0, 0, 0, 23, 65, 0, 19, 0, 0, 29, 0)
s = 87: (0, 0, 0, 0, 17, 40, 0, 17, 0, 0, 32, 0)
s = 88: (0, 0, 0, 0, 15, 66, 0, 18, 0, 0, 25, 0)
s = 89: (0, 0, 0, 0, 37, 63, 0, 20, 0, 0, 29, 0)
s = 90: (0, 0, 0, 0, 16, 64, 0, 26, 0, 0, 41, 0)
s = 91: (0, 0, 0, 0, 22, 57, 0, 11, 0, 0, 42, 0)
s = 92: (0, 0, 0, 0, 21, 73, 0, 13, 0, 0, 26, 0)
s = 93: (0, 0, 0, 0, 22, 41, 0, 18, 0, 0, 20, 0)
s = 94: (0, 0, 0, 0, 26, 32, 0, 23, 0, 0, 53, 0)
s = 95: (0, 0, 0, 0, 27, 44, 0, 10, 0, 0, 20, 0)
s = 96: (0, 0, 0, 0, 14, 47, 0, 12, 0, 0, 33, 0)
s = 97: (0, 0, 0, 0, 26, 82, 0, 17, 0, 0, 17, 0)
s = 98: (0, 0, 0, 0, 21, 46, 0, 17, 0, 0, 51, 0)
s = 99: (0, 0, 0, 0, 29, 75, 0, 16, 0, 0, 26, 0)
s = 100: (0, 0, 0, 0, 18, 46, 0, 22, 0, 0, 20, 0)
s = 101: (0, 0, 0, 0, 23, 72, 0, 26, 0, 0, 36, 0)
s = 102: (0, 0, 0, 0, 14, 32, 0, 20, 0, 0, 41, 0)
s = 103: (0, 0, 0, 0, 26, 52, 0, 12, 0, 0, 24, 0)
s = 104: (0, 0, 0, 0, 21, 77, 0, 17, 0, 0, 35, 0)
s = 105: (0, 0, 0, 0, 19, 61, 0, 22, 0, 0, 34, 0)
s = 106: (0, 0, 0, 0, 17, 46, 0, 19, 0, 0, 28, 0)
s = 107: (0, 0, 0, 0, 31, 39, 0, 11, 0, 0, 42, 0)
s = 108: (0, 0, 0, 0, 22, 52, 0, 12, 0, 0, 32, 0)
s = 109: (0, 0, 0, 0, 16, 36, 0, 9, 0, 0, 40, 0)
s = 110: (0, 0, 0, 0, 20, 37, 0, 16, 0, 0, 19, 0)
s = 111: (0, 0, 0, 0, 24, 38, 0, 12, 0, 0, 28, 0)
s = 112: (0, 0, 0, 0, 23, 74, 0, 26, 0, 0, 23, 0)
s = 113: (0, 0, 0, 0, 26, 53, 0, 25, 0, 0, 25, 0)
s = 114: (0, 0, 0, 0, 17, 54, 0, 10, 0, 0, 16, 0)
s = 115: (0, 0, 0, 0, 25, 66, 0, 15, 0, 0, 19, 0)
s = 116: (0, 0, 0, 0, 22, 74, 0, 15, 0, 0, 39, 0)
s = 117: (0, 0, 0, 0, 19, 63, 0, 16, 0, 0, 23, 0)
s = 118: (0, 0, 0, 0, 24, 78, 0, 14, 0, 0, 31, 0)
s = 119: (0, 0, 0, 0, 14, 43, 0, 19, 0, 0, 42, 0)
s = 120: (0, 0, 0, 0, 25, 77, 0, 17, 0, 0, 31, 0)
s = 121: (0, 0, 0, 0, 30, 81, 0, 14, 0, 0, 22, 0)
s = 122: (0, 0, 0, 0, 18, 85, 0, 14, 0, 0, 46, 0)
s = 123: (0, 0, 0, 0, 28, 84, 0, 12, 0, 0, 26, 0)
s = 124: (0, 0, 0, 0, 22, 56, 0, 11, 0, 0, 35, 0)
s = 125: (0, 0, 0, 0, 13, 58, 0, 17, 0, 0, 18, 0)
s = 126: (0, 0, 0, 0, 21, 60, 0, 15, 0, 0, 23, 0)
s = 127: (0, 0, 0, 0, 32, 92, 0, 16, 0, 0, 32, 0)
s = 128: (0, 0, 0, 0, 24, 54, 0, 12, 0, 0, 21, 0)
s = 129: (0, 0, 0, 0, 20, 42, 0, 23, 0, 0, 23, 0)
s = 130: (0, 0, 0, 0, 18, 44, 0, 17, 0, 0, 33, 0)
s = 131: (0, 0, 0, 0, 36, 50, 0, 19, 0, 0, 21, 0)
s = 132: (0, 0, 0, 0, 19, 66, 0, 10, 0, 0, 26, 0)
s = 133: (0, 0, 0, 0, 15, 43, 0, 15, 0, 0, 21, 0)
s = 134: (0, 0, 0, 0, 23, 42, 0, 20, 0, 0, 27, 0)
s = 135: (0, 0, 0, 0, 18, 92, 0, 12, 0, 0, 25, 0)
s = 136: (0, 0, 0, 0, 24, 52, 0, 26, 0, 0, 41, 0)
s = 137: (0, 0, 0, 0, 21, 54, 0, 16, 0, 0, 25, 0)
s = 138: (0, 0, 0, 0, 25, 67, 0, 15, 0, 0, 30, 0)
s = 139: (0, 0, 0, 0, 12, 52, 0, 18, 0, 0, 27, 0)
s = 140: (0, 0, 0, 0, 29, 50, 0, 12, 0, 0, 27, 0)
s = 141: (0, 0, 0, 0, 18, 47, 0, 24, 0, 0, 31, 0)
s = 142: (0, 0, 0, 0, 15, 39, 0, 12, 0, 0, 37, 0)
s = 143: (0, 0, 0, 0, 18, 52, 0, 10, 0, 0, 36, 0)
s = 144: (0, 0, 0, 0, 25, 52, 0, 21, 0, 0, 20, 0)
s = 145: (0, 0, 0, 0, 28, 72, 0, 15, 0, 0, 27, 0)
s = 146: (0, 0, 0, 0, 24, 34, 0, 18, 0, 0, 53, 0)
s = 147: (0, 0, 0, 0, 20, 56, 0, 29, 0, 0, 34, 0)
s = 148: (0, 0, 0, 0, 26, 60, 0, 15, 0, 0, 39, 0)
s = 149: (0, 0, 0, 0, 23, 83, 0, 29, 0, 0, 30, 0)
s = 150: (0, 0, 0, 0, 14, 56, 0, 17, 0, 0, 31, 0)
s = 151: (0, 0, 0, 0, 16, 58, 0, 11, 0, 0, 27, 0)
s = 152: (0, 0, 0, 0, 23, 53, 0, 24, 0, 0, 37, 0)
s = 153: (0, 0, 0, 0, 14, 38, 0, 25, 0, 0, 22, 0)
s = 154: (0, 0, 0, 0, 20, 46, 0, 14, 0, 0, 30, 0)
s = 155: (0, 0, 0, 0, 15, 63, 0, 20, 0, 0, 38, 0)
s = 156: (0, 0, 0, 0, 32, 55, 0, 23, 0, 0, 29, 0)
s = 157: (0, 0, 0, 0, 24, 39, 0, 23, 0, 0, 34, 0)
s = 158: (0, 0, 0, 0, 18, 72, 0, 15, 0, 0, 43, 0)
s = 159: (0, 0, 0, 0, 14, 54, 0, 18, 0, 0, 38, 0)
s = 160: (0, 0, 0, 0, 20, 59, 0, 22, 0, 0, 26, 0)
s = 161: (0, 0, 0, 0, 31, 34, 0, 15, 0, 0, 38, 0)
s = 162: (0, 0, 0, 0, 27, 55, 0, 14, 0, 0, 22, 0)
s = 163: (0, 0, 0, 0, 17, 48, 0, 15, 0, 0, 31, 0)
s = 164: (0, 0, 0, 0, 19, 46, 0, 15, 0, 0, 43, 0)
s = 165: (0, 0, 0, 0, 15, 66, 0, 19, 0, 0, 30, 0)
s = 166: (0, 0, 0, 0, 31, 55, 0, 26, 0, 0, 48, 0)
s = 167: (0, 0, 0, 0, 21, 48, 0, 14, 0, 0, 17, 0)
s = 168: (0, 0, 0, 0, 19, 54, 0, 12, 0, 0, 23, 0)
s = 169: (0, 0, 0, 0, 12, 37, 0, 16, 0, 0, 20, 0)
s = 170: (0, 0, 0, 0, 19, 48, 0, 21, 0, 0, 28, 0)
s = 171: (0, 0, 0, 0, 17, 84, 0, 12, 0, 0, 19, 0)
s = 172: (0, 0, 0, 0, 23, 75, 0, 23, 0, 0, 30, 0)
s = 173: (0, 0, 0, 0, 17, 76, 0, 11, 0, 0, 42, 0)
s = 174: (0, 0, 0, 0, 13, 78, 0, 18, 0, 0, 26, 0)
s = 175: (0, 0, 0, 0, 29, 42, 0, 13, 0, 0, 17, 0)
s = 176: (0, 0, 0, 0, 18, 44, 0, 19, 0, 0, 32, 0)
s = 177: (0, 0, 0, 0, 19, 69, 0, 13, 0, 0, 34, 0)
s = 178: (0, 0, 0, 0, 18, 84, 0, 26, 0, 0, 36, 0)
s = 179: (0, 0, 0, 0, 31, 45, 0, 14, 0, 0, 19, 0)
s = 180: (0, 0, 0, 0, 23, 47, 0, 17, 0, 0, 31, 0)
s = 181: (0, 0, 0, 0, 18, 46, 0, 15, 0, 0, 26, 0)
s = 182: (0, 0, 0, 0, 27, 44, 0, 14, 0, 0, 20, 0)
s = 183: (0, 0, 0, 0, 21, 59, 0, 16, 0, 0, 24, 0)
s = 184: (0, 0, 0, 0, 20, 62, 0, 18, 0, 0, 33, 0)
s = 185: (0, 0, 0, 0, 25, 71, 0, 15, 0, 0, 32, 0)
s = 186: (0, 0, 0, 0, 20, 48, 0, 15, 0, 0, 32, 0)
s = 187: (0, 0, 0, 0, 14, 47, 0, 12, 0, 0, 31, 0)
s = 188: (0, 0, 0, 0, 27, 47, 0, 12, 0, 0, 36, 0)
s = 189: (0, 0, 0, 0, 14, 67, 0, 12, 0, 0, 51, 0)
s = 190: (0, 0, 0, 0, 25, 69, 0, 25, 0, 0, 34, 0)
s = 191: (0, 0, 0, 0, 20, 45, 0, 12, 0, 0, 27, 0)
s = 192: (0, 0, 0, 0, 31, 52, 0, 15, 0, 0, 27, 0)
s = 193: (0, 0, 0, 0, 25, 64, 0, 21, 0, 0, 29, 0)
s = 194: (0, 0, 0, 0, 24, 32, 0, 17, 0, 0, 39, 0)
s = 195: (0, 0, 0, 0, 31, 67, 0, 18, 0, 0, 42, 0)
s = 196: (0, 0, 0, 0, 28, 57, 0, 12, 0, 0, 37, 0)
s = 197: (0, 0, 0, 0, 36, 83, 0, 25, 0, 0, 21, 0)
s = 198: (0, 0, 0, 0, 13, 51, 0, 15, 0, 0, 26, 0)
s = 199: (0, 0, 0, 0, 21, 52, 0, 20, 0, 0, 20, 0)
s = 200: (0, 0, 0, 0, 17, 45, 0, 16, 0, 0, 32, 0)
------------------------------------------------------------------------
RESOURCE k = 2
s = 1: (0, 5, 21, 2, 0, 0, 30, 0, 6, 7, 0, 0)
s = 2: (0, 11, 18, 2, 0, 0, 23, 0, 5, 6, 0, 0)
s = 3: (0, 7, 16, 3, 0, 0, 24, 0, 6, 6, 0, 0)
s = 4: (0, 7, 13, 2, 0, 0, 14, 0, 4, 12, 0, 0)
s = 5: (0, 8, 18, 2, 0, 0, 17, 0, 8, 8, 0, 0)
s = 6: (0, 15, 15, 2, 0, 0, 15, 0, 8, 6, 0, 0)
s = 7: (0, 7, 22, 3, 0, 0, 34, 0, 5, 12, 0, 0)
s = 8: (0, 9, 16, 2, 0, 0, 21, 0, 6, 7, 0, 0)
s = 9: (0, 6, 17, 2, 0, 0, 15, 0, 9, 6, 0, 0)
s = 10: (0, 8, 30, 3, 0, 0, 20, 0, 6, 8, 0, 0)
s = 11: (0, 11, 26, 3, 0, 0, 28, 0, 7, 12, 0, 0)
s = 12: (0, 7, 21, 2, 0, 0, 20, 0, 5, 9, 0, 0)
s = 13: (0, 9, 22, 3, 0, 0, 25, 0, 7, 8, 0, 0)
s = 14: (0, 13, 21, 2, 0, 0, 17, 0, 8, 7, 0, 0)
s = 15: (0, 8, 13, 2, 0, 0, 21, 0, 6, 10, 0, 0)
s = 16: (0, 15, 20, 3, 0, 0, 17, 0, 8, 10, 0, 0)
s = 17: (0, 7, 18, 3, 0, 0, 20, 0, 8, 6, 0, 0)
s = 18: (0, 6, 21, 3, 0, 0, 30, 0, 7, 8, 0, 0)
s = 19: (0, 10, 18, 2, 0, 0, 27, 0, 7, 6, 0, 0)
s = 20: (0, 11, 13, 2, 0, 0, 21, 0, 5, 7, 0, 0)
s = 21: (0, 6, 11, 2, 0, 0, 17, 0, 8, 11, 0, 0)
s = 22: (0, 9, 15, 3, 0, 0, 38, 0, 8, 11, 0, 0)
s = 23: (0, 9, 17, 2, 0, 0, 18, 0, 5, 8, 0, 0)
s = 24: (0, 12, 22, 2, 0, 0, 15, 0, 7, 9, 0, 0)
s = 25: (0, 12, 15, 3, 0, 0, 27, 0, 7, 10, 0, 0)
s = 26: (0, 9, 23, 2, 0, 0, 16, 0, 7, 8, 0, 0)
s = 27: (0, 12, 15, 2, 0, 0, 31, 0, 6, 10, 0, 0)
s = 28: (0, 11, 21, 3, 0, 0, 15, 0, 5, 8, 0, 0)
s = 29: (0, 7, 17, 2, 0, 0, 13, 0, 6, 7, 0, 0)
s = 30: (0, 16, 19, 2, 0, 0, 21, 0, 8, 10, 0, 0)
s = 31: (0, 7, 22, 3, 0, 0, 28, 0, 6, 8, 0, 0)
s = 32: (0, 8, 22, 2, 0, 0, 21, 0, 6, 7, 0, 0)
s = 33: (0, 10, 19, 2, 0, 0, 20, 0, 4, 11, 0, 0)
s = 34: (0, 14, 16, 3, 0, 0, 18, 0, 5, 10, 0, 0)
s = 35: (0, 8, 16, 2, 0, 0, 34, 0, 5, 7, 0, 0)
s = 36: (0, 11, 14, 2, 0, 0, 12, 0, 5, 6, 0, 0)
s = 37: (0, 10, 13, 2, 0, 0, 18, 0, 7, 9, 0, 0)
s = 38: (0, 8, 27, 3, 0, 0, 30, 0, 6, 9, 0, 0)
s = 39: (0, 16, 19, 3, 0, 0, 17, 0, 7, 10, 0, 0)
s = 40: (0, 12, 18, 3, 0, 0, 20, 0, 8, 9, 0, 0)
s = 41: (0, 6, 28, 2, 0, 0, 16, 0, 6, 11, 0, 0)
s = 42: (0, 11, 26, 2, 0, 0, 22, 0, 6, 6, 0, 0)
s = 43: (0, 8, 27, 3, 0, 0, 18, 0, 5, 7, 0, 0)
s = 44: (0, 8, 12, 4, 0, 0, 20, 0, 7, 6, 0, 0)
s = 45: (0, 6, 11, 3, 0, 0, 23, 0, 6, 8, 0, 0)
s = 46: (0, 6, 20, 2, 0, 0, 25, 0, 5, 12, 0, 0)
s = 47: (0, 8, 15, 2, 0, 0, 15, 0, 11, 8, 0, 0)
s = 48: (0, 9, 15, 3, 0, 0, 12, 0, 9, 10, 0, 0)
s = 49: (0, 11, 25, 2, 0, 0, 20, 0, 5, 8, 0, 0)
s = 50: (0, 6, 18, 4, 0, 0, 23, 0, 8, 7, 0, 0)
s = 51: (0, 8, 18, 2, 0, 0, 37, 0, 6, 7, 0, 0)
s = 52: (0, 5, 27, 3, 0, 0, 15, 0, 6, 8, 0, 0)
s = 53: (0, 12, 18, 3, 0, 0, 19, 0, 4, 7, 0, 0)
s = 54: (0, 12, 27, 2, 0, 0, 18, 0, 8, 6, 0, 0)
s = 55: (0, 9, 14, 3, 0, 0, 25, 0, 4, 6, 0, 0)
s = 56: (0, 9, 22, 2, 0, 0, 27, 0, 6, 10, 0, 0)
s = 57: (0, 7, 15, 2, 0, 0, 19, 0, 7, 11, 0, 0)
s = 58: (0, 6, 24, 2, 0, 0, 16, 0, 4, 8, 0, 0)
s = 59: (0, 7, 33, 2, 0, 0, 28, 0, 10, 7, 0, 0)
s = 60: (0, 7, 24, 3, 0, 0, 20, 0, 5, 6, 0, 0)
s = 61: (0, 10, 19, 2, 0, 0, 27, 0, 5, 9, 0, 0)
s = 62: (0, 8, 16, 3, 0, 0, 24, 0, 4, 8, 0, 0)
s = 63: (0, 6, 17, 3, 0, 0, 19, 0, 7, 10, 0, 0)
s = 64: (0, 11, 15, 2, 0, 0, 15, 0, 7, 8, 0, 0)
s = 65: (0, 6, 15, 3, 0, 0, 20, 0, 9, 8, 0, 0)
s = 66: (0, 9, 27, 2, 0, 0, 21, 0, 6, 10, 0, 0)
s = 67: (0, 16, 21, 2, 0, 0, 19, 0, 5, 6, 0, 0)
s = 68: (0, 10, 21, 2, 0, 0, 21, 0, 5, 8, 0, 0)
s = 69: (0, 11, 13, 2, 0, 0, 19, 0, 4, 5, 0, 0)
s = 70: (0, 7, 26, 3, 0, 0, 27, 0, 7, 7, 0, 0)
s = 71: (0, 8, 23, 2, 0, 0, 24, 0, 5, 9, 0, 0)
s = 72: (0, 8, 12, 2, 0, 0, 26, 0, 9, 7, 0, 0)
s = 73: (0, 11, 22, 3, 0, 0, 21, 0, 8, 11, 0, 0)
s = 74: (0, 11, 20, 3, 0, 0, 22, 0, 4, 11, 0, 0)
s = 75: (0, 16, 22, 2, 0, 0, 27, 0, 9, 11, 0, 0)
s = 76: (0, 11, 15, 2, 0, 0, 15, 0, 4, 8, 0, 0)
s = 77: (0, 8, 15, 3, 0, 0, 26, 0, 5, 9, 0, 0)
s = 78: (0, 8, 19, 3, 0, 0, 19, 0, 8, 5, 0, 0)
s = 79: (0, 7, 24, 2, 0, 0, 20, 0, 9, 9, 0, 0)
s = 80: (0, 11, 19, 2, 0, 0, 16, 0, 7, 9, 0, 0)
s = 81: (0, 9, 15, 3, 0, 0, 25, 0, 5, 9, 0, 0)
s = 82: (0, 9, 16, 2, 0, 0, 19, 0, 7, 9, 0, 0)
s = 83: (0, 7, 17, 3, 0, 0, 15, 0, 5, 7, 0, 0)
s = 84: (0, 10, 22, 3, 0, 0, 18, 0, 4, 8, 0, 0)
s = 85: (0, 6, 24, 3, 0, 0, 22, 0, 6, 9, 0, 0)
s = 86: (0, 9, 21, 3, 0, 0, 22, 0, 6, 11, 0, 0)
s = 87: (0, 9, 18, 2, 0, 0, 25, 0, 5, 7, 0, 0)
s = 88: (0, 12, 10, 3, 0, 0, 21, 0, 11, 7, 0, 0)
s = 89: (0, 12, 18, 2, 0, 0, 25, 0, 4, 9, 0, 0)
s = 90: (0, 12, 17, 3, 0, 0, 26, 0, 7, 5, 0, 0)
s = 91: (0, 7, 17, 2, 0, 0, 26, 0, 5, 8, 0, 0)
s = 92: (0, 7, 18, 2, 0, 0, 33, 0, 6, 11, 0, 0)
s = 93: (0, 6, 17, 3, 0, 0, 22, 0, 5, 7, 0, 0)
s = 94: (0, 10, 17, 3, 0, 0, 14, 0, 8, 8, 0, 0)
s = 95: (0, 10, 16, 2, 0, 0, 26, 0, 8, 8, 0, 0)
s = 96: (0, 11, 21, 3, 0, 0, 21, 0, 6, 7, 0, 0)
s = 97: (0, 16, 19, 2, 0, 0, 14, 0, 8, 10, 0, 0)
s = 98: (0, 7, 15, 2, 0, 0, 15, 0, 6, 10, 0, 0)
s = 99: (0, 9, 27, 3, 0, 0, 21, 0, 6, 9, 0, 0)
s = 100: (0, 10, 16, 3, 0, 0, 19, 0, 6, 9, 0, 0)
s = 101: (0, 10, 18, 3, 0, 0, 19, 0, 4, 8, 0, 0)
s = 102: (0, 6, 22, 2, 0, 0, 23, 0, 7, 6, 0, 0)
s = 103: (0, 14, 11, 3, 0, 0, 21, 0, 9, 10, 0, 0)
s = 104: (0, 11, 20, 3, 0, 0, 17, 0, 9, 9, 0, 0)
s = 105: (0, 7, 23, 2, 0, 0, 23, 0, 7, 8, 0, 0)
s = 106: (0, 6, 15, 3, 0, 0, 16, 0, 7, 7, 0, 0)
s = 107: (0, 8, 24, 2, 0, 0, 17, 0, 8, 7, 0, 0)
s = 108: (0, 9, 35, 2, 0, 0, 12, 0, 9, 6, 0, 0)
s = 109: (0, 7, 16, 2, 0, 0, 20, 0, 7, 7, 0, 0)
s = 110: (0, 11, 22, 3, 0, 0, 26, 0, 7, 8, 0, 0)
s = 111: (0, 14, 16, 3, 0, 0, 29, 0, 5, 8, 0, 0)
s = 112: (0, 8, 29, 2, 0, 0, 28, 0, 5, 8, 0, 0)
s = 113: (0, 7, 24, 3, 0, 0, 22, 0, 5, 9, 0, 0)
s = 114: (0, 15, 16, 3, 0, 0, 12, 0, 6, 11, 0, 0)
s = 115: (0, 9, 20, 3, 0, 0, 28, 0, 7, 11, 0, 0)
s = 116: (0, 9, 18, 3, 0, 0, 36, 0, 7, 6, 0, 0)
s = 117: (0, 7, 18, 3, 0, 0, 16, 0, 5, 8, 0, 0)
s = 118: (0, 9, 15, 2, 0, 0, 16, 0, 9, 10, 0, 0)
s = 119: (0, 9, 12, 2, 0, 0, 22, 0, 7, 9, 0, 0)
s = 120: (0, 13, 14, 3, 0, 0, 15, 0, 5, 9, 0, 0)
s = 121: (0, 8, 18, 3, 0, 0, 20, 0, 5, 10, 0, 0)
s = 122: (0, 6, 13, 2, 0, 0, 14, 0, 6, 7, 0, 0)
s = 123: (0, 7, 11, 2, 0, 0, 30, 0, 5, 8, 0, 0)
s = 124: (0, 10, 17, 4, 0, 0, 23, 0, 5, 8, 0, 0)
s = 125: (0, 6, 16, 3, 0, 0, 24, 0, 5, 9, 0, 0)
s = 126: (0, 9, 21, 3, 0, 0, 24, 0, 6, 11, 0, 0)
s = 127: (0, 8, 30, 2, 0, 0, 16, 0, 5, 7, 0, 0)
s = 128: (0, 9, 14, 2, 0, 0, 35, 0, 9, 8, 0, 0)
s = 129: (0, 8, 19, 2, 0, 0, 27, 0, 7, 7, 0, 0)
s = 130: (0, 7, 15, 2, 0, 0, 21, 0, 4, 6, 0, 0)
s = 131: (0, 8, 29, 2, 0, 0, 16, 0, 5, 7, 0, 0)
s = 132: (0, 15, 19, 3, 0, 0, 23, 0, 8, 9, 0, 0)
s = 133: (0, 9, 27, 3, 0, 0, 20, 0, 4, 6, 0, 0)
s = 134: (0, 8, 17, 2, 0, 0, 16, 0, 5, 6, 0, 0)
s = 135: (0, 7, 22, 2, 0, 0, 29, 0, 7, 8, 0, 0)
s = 136: (0, 13, 18, 2, 0, 0, 31, 0, 5, 8, 0, 0)
s = 137: (0, 10, 15, 3, 0, 0, 23, 0, 9, 8, 0, 0)
s = 138: (0, 7, 22, 3, 0, 0, 17, 0, 5, 7, 0, 0)
s = 139: (0, 12, 13, 2, 0, 0, 20, 0, 6, 13, 0, 0)
s = 140: (0, 7, 31, 3, 0, 0, 24, 0, 4, 12, 0, 0)
s = 141: (0, 9, 22, 2, 0, 0, 17, 0, 7, 8, 0, 0)
s = 142: (0, 17, 22, 3, 0, 0, 15, 0, 6, 5, 0, 0)
s = 143: (0, 6, 14, 2, 0, 0, 19, 0, 4, 8, 0, 0)
s = 144: (0, 8, 14, 4, 0, 0, 16, 0, 4, 9, 0, 0)
s = 145: (0, 13, 28, 2, 0, 0, 18, 0, 6, 9, 0, 0)
s = 146: (0, 6, 19, 2, 0, 0, 27, 0, 8, 7, 0, 0)
s = 147: (0, 7, 14, 2, 0, 0, 28, 0, 6, 7, 0, 0)
s = 148: (0, 11, 15, 3, 0, 0, 25, 0, 4, 7, 0, 0)
s = 149: (0, 10, 15, 3, 0, 0, 26, 0, 5, 6, 0, 0)
s = 150: (0, 5, 23, 3, 0, 0, 30, 0, 10, 6, 0, 0)
s = 151: (0, 18, 20, 2, 0, 0, 20, 0, 5, 9, 0, 0)
s = 152: (0, 12, 12, 3, 0, 0, 17, 0, 5, 6, 0, 0)
s = 153: (0, 11, 25, 2, 0, 0, 20, 0, 11, 8, 0, 0)
s = 154: (0, 13, 25, 3, 0, 0, 23, 0, 6, 10, 0, 0)
s = 155: (0, 11, 16, 3, 0, 0, 17, 0, 8, 9, 0, 0)
s = 156: (0, 7, 23, 3, 0, 0, 17, 0, 6, 8, 0, 0)
s = 157: (0, 11, 22, 2, 0, 0, 18, 0, 7, 8, 0, 0)
s = 158: (0, 10, 13, 4, 0, 0, 28, 0, 7, 10, 0, 0)
s = 159: (0, 8, 15, 2, 0, 0, 26, 0, 11, 11, 0, 0)
s = 160: (0, 12, 13, 2, 0, 0, 13, 0, 6, 6, 0, 0)
s = 161: (0, 7, 20, 3, 0, 0, 22, 0, 4, 7, 0, 0)
s = 162: (0, 9, 21, 2, 0, 0, 38, 0, 5, 8, 0, 0)
s = 163: (0, 6, 26, 3, 0, 0, 18, 0, 6, 8, 0, 0)
s = 164: (0, 10, 14, 2, 0, 0, 23, 0, 7, 5, 0, 0)
s = 165: (0, 8, 14, 2, 0, 0, 25, 0, 7, 7, 0, 0)
s = 166: (0, 7, 17, 4, 0, 0, 18, 0, 6, 8, 0, 0)
s = 167: (0, 9, 29, 2, 0, 0, 29, 0, 7, 9, 0, 0)
s = 168: (0, 9, 19, 3, 0, 0, 17, 0, 7, 10, 0, 0)
s = 169: (0, 13, 11, 3, 0, 0, 36, 0, 4, 6, 0, 0)
s = 170: (0, 9, 22, 2, 0, 0, 27, 0, 8, 6, 0, 0)
s = 171: (0, 10, 17, 2, 0, 0, 24, 0, 7, 5, 0, 0)
s = 172: (0, 10, 15, 3, 0, 0, 22, 0, 5, 6, 0, 0)
s = 173: (0, 9, 27, 2, 0, 0, 21, 0, 6, 10, 0, 0)
s = 174: (0, 7, 12, 2, 0, 0, 23, 0, 5, 9, 0, 0)
s = 175: (0, 6, 12, 2, 0, 0, 26, 0, 4, 12, 0, 0)
s = 176: (0, 8, 19, 2, 0, 0, 35, 0, 5, 7, 0, 0)
s = 177: (0, 9, 23, 3, 0, 0, 23, 0, 5, 8, 0, 0)
s = 178: (0, 9, 19, 3, 0, 0, 17, 0, 9, 10, 0, 0)
s = 179: (0, 12, 23, 3, 0, 0, 21, 0, 8, 5, 0, 0)
s = 180: (0, 6, 16, 2, 0, 0, 13, 0, 9, 6, 0, 0)
s = 181: (0, 16, 20, 2, 0, 0, 22, 0, 8, 10, 0, 0)
s = 182: (0, 9, 22, 2, 0, 0, 25, 0, 8, 8, 0, 0)
s = 183: (0, 13, 16, 2, 0, 0, 30, 0, 6, 7, 0, 0)
s = 184: (0, 9, 26, 3, 0, 0, 15, 0, 6, 12, 0, 0)
s = 185: (0, 7, 17, 2, 0, 0, 27, 0, 6, 5, 0, 0)
s = 186: (0, 14, 17, 3, 0, 0, 17, 0, 10, 8, 0, 0)
s = 187: (0, 7, 13, 4, 0, 0, 21, 0, 5, 8, 0, 0)
s = 188: (0, 8, 15, 2, 0, 0, 16, 0, 7, 6, 0, 0)
s = 189: (0, 6, 23, 3, 0, 0, 25, 0, 8, 8, 0, 0)
s = 190: (0, 6, 17, 2, 0, 0, 23, 0, 5, 6, 0, 0)
s = 191: (0, 7, 12, 3, 0, 0, 25, 0, 6, 8, 0, 0)
s = 192: (0, 8, 19, 2, 0, 0, 20, 0, 7, 9, 0, 0)
s = 193: (0, 12, 11, 2, 0, 0, 25, 0, 6, 14, 0, 0)
s = 194: (0, 13, 12, 3, 0, 0, 18, 0, 10, 7, 0, 0)
s = 195: (0, 9, 23, 2, 0, 0, 19, 0, 6, 6, 0, 0)
s = 196: (0, 10, 12, 2, 0, 0, 16, 0, 6, 9, 0, 0)
s = 197: (0, 9, 18, 3, 0, 0, 29, 0, 5, 10, 0, 0)
s = 198: (0, 8, 18, 2, 0, 0, 16, 0, 5, 8, 0, 0)
s = 199: (0, 8, 30, 3, 0, 0, 28, 0, 11, 11, 0, 0)
s = 200: (0, 14, 18, 2, 0, 0, 33, 0, 11, 10, 0, 0)
------------------------------------------------------------------------
RESOURCE k = 3
s = 1: (0, 8, 27, 5, 14, 50, 35, 40, 6, 5, 28, 0)
s = 2: (0, 18, 23, 6, 15, 99, 26, 20, 5, 4, 30, 0)
s = 3: (0, 11, 21, 7, 20, 38, 28, 28, 6, 4, 38, 0)
s = 4: (0, 11, 17, 6, 21, 71, 16, 33, 4, 8, 53, 0)
s = 5: (0, 14, 23, 6, 34, 76, 20, 36, 8, 5, 29, 0)
s = 6: (0, 25, 20, 6, 22, 80, 17, 31, 8, 4, 37, 0)
s = 7: (0, 12, 29, 9, 20, 63, 39, 21, 5, 8, 38, 0)
s = 8: (0, 14, 21, 5, 19, 51, 24, 20, 6, 5, 23, 0)
s = 9: (0, 10, 23, 6, 17, 90, 17, 57, 9, 4, 33, 0)
s = 10: (0, 13, 40, 8, 21, 36, 22, 30, 6, 5, 36, 0)
s = 11: (0, 18, 34, 7, 24, 42, 32, 33, 7, 8, 37, 0)
s = 12: (0, 11, 28, 6, 19, 56, 22, 33, 5, 6, 21, 0)
s = 13: (0, 15, 29, 7, 26, 53, 28, 41, 7, 5, 33, 0)
s = 14: (0, 22, 27, 5, 19, 60, 20, 29, 8, 4, 39, 0)
s = 15: (0, 13, 17, 6, 17, 94, 24, 28, 6, 7, 33, 0)
s = 16: (0, 24, 27, 8, 33, 98, 20, 23, 8, 6, 34, 0)
s = 17: (0, 11, 24, 8, 21, 50, 22, 25, 8, 4, 50, 0)
s = 18: (0, 10, 28, 7, 20, 77, 34, 26, 7, 5, 32, 0)
s = 19: (0, 17, 23, 6, 42, 66, 30, 50, 7, 4, 36, 0)
s = 20: (0, 18, 17, 4, 24, 64, 24, 34, 5, 4, 32, 0)
s = 21: (0, 9, 14, 6, 35, 74, 20, 38, 8, 7, 27, 0)
s = 22: (0, 14, 20, 8, 14, 41, 43, 48, 8, 7, 27, 0)
s = 23: (0, 14, 23, 4, 19, 56, 21, 33, 5, 5, 35, 0)
s = 24: (0, 20, 29, 5, 25, 81, 17, 37, 7, 6, 31, 0)
s = 25: (0, 20, 20, 7, 20, 72, 31, 28, 7, 7, 50, 0)
s = 26: (0, 14, 30, 6, 15, 53, 18, 22, 7, 5, 26, 0)
s = 27: (0, 19, 19, 6, 23, 82, 36, 41, 6, 7, 28, 0)
s = 28: (0, 18, 28, 8, 22, 74, 17, 46, 5, 5, 42, 0)
s = 29: (0, 11, 23, 6, 29, 41, 15, 37, 6, 4, 22, 0)
s = 30: (0, 27, 25, 5, 29, 81, 24, 21, 8, 6, 23, 0)
s = 31: (0, 11, 29, 7, 36, 61, 32, 21, 6, 5, 46, 0)
s = 32: (0, 14, 30, 5, 29, 59, 24, 39, 6, 5, 34, 0)
s = 33: (0, 16, 25, 6, 26, 77, 23, 30, 4, 7, 20, 0)
s = 34: (0, 22, 21, 8, 23, 78, 20, 20, 5, 6, 52, 0)
s = 35: (0, 12, 21, 6, 15, 76, 39, 47, 5, 5, 42, 0)
s = 36: (0, 18, 18, 6, 27, 85, 14, 26, 5, 4, 27, 0)
s = 37: (0, 17, 18, 5, 29, 68, 20, 24, 7, 6, 39, 0)
s = 38: (0, 12, 36, 7, 22, 101, 34, 19, 6, 6, 25, 0)
s = 39: (0, 26, 26, 8, 28, 61, 19, 25, 7, 6, 44, 0)
s = 40: (0, 20, 23, 9, 23, 80, 23, 36, 8, 6, 35, 0)
s = 41: (0, 10, 37, 5, 29, 72, 18, 45, 6, 7, 25, 0)
s = 42: (0, 19, 34, 4, 27, 71, 25, 26, 6, 4, 36, 0)
s = 43: (0, 13, 35, 7, 18, 99, 21, 47, 5, 5, 34, 0)
s = 44: (0, 13, 15, 10, 30, 41, 22, 34, 7, 4, 34, 0)
s = 45: (0, 10, 15, 9, 17, 61, 27, 29, 6, 5, 32, 0)
s = 46: (0, 10, 26, 6, 18, 94, 29, 25, 5, 8, 32, 0)
s = 47: (0, 14, 19, 4, 14, 57, 17, 42, 11, 5, 48, 0)
s = 48: (0, 15, 20, 9, 23, 56, 14, 33, 9, 6, 51, 0)
s = 49: (0, 18, 33, 6, 30, 61, 22, 32, 5, 5, 21, 0)
s = 50: (0, 10, 23, 11, 36, 71, 27, 39, 8, 5, 32, 0)
s = 51: (0, 14, 24, 5, 32, 69, 42, 24, 6, 5, 29, 0)
s = 52: (0, 8, 36, 9, 36, 68, 17, 29, 6, 5, 40, 0)
s = 53: (0, 19, 23, 7, 18, 51, 22, 46, 4, 5, 24, 0)
s = 54: (0, 19, 36, 6, 21, 45, 20, 20, 8, 4, 26, 0)
s = 55: (0, 15, 18, 8, 17, 55, 28, 30, 4, 4, 41, 0)
s = 56: (0, 15, 29, 6, 35, 87, 31, 43, 6, 7, 24, 0)
s = 57: (0, 12, 20, 5, 22, 53, 22, 26, 7, 7, 37, 0)
s = 58: (0, 10, 32, 6, 25, 43, 19, 24, 4, 5, 41, 0)
s = 59: (0, 11, 43, 4, 18, 40, 32, 28, 10, 5, 28, 0)
s = 60: (0, 11, 32, 8, 14, 87, 23, 32, 5, 4, 41, 0)
s = 61: (0, 16, 25, 6, 20, 43, 30, 19, 5, 6, 21, 0)
s = 62: (0, 13, 21, 8, 26, 44, 27, 26, 4, 5, 39, 0)
s = 63: (0, 10, 23, 7, 23, 39, 22, 22, 7, 7, 30, 0)
s = 64: (0, 18, 20, 6, 34, 61, 17, 39, 7, 5, 45, 0)
s = 65: (0, 10, 19, 7, 18, 50, 23, 25, 9, 5, 36, 0)
s = 66: (0, 14, 35, 4, 37, 57, 24, 26, 6, 6, 41, 0)
s = 67: (0, 26, 28, 5, 25, 84, 22, 42, 5, 4, 30, 0)
s = 68: (0, 16, 28, 6, 22, 47, 24, 35, 5, 5, 25, 0)
s = 69: (0, 18, 17, 5, 30, 101, 22, 34, 4, 4, 27, 0)
s = 70: (0, 12, 35, 8, 18, 86, 31, 22, 7, 5, 46, 0)
s = 71: (0, 13, 30, 6, 29, 107, 27, 46, 5, 6, 29, 0)
s = 72: (0, 14, 15, 5, 19, 52, 30, 25, 9, 4, 26, 0)
s = 73: (0, 17, 29, 8, 20, 41, 24, 30, 8, 7, 39, 0)
s = 74: (0, 17, 26, 7, 16, 70, 26, 29, 4, 7, 62, 0)
s = 75: (0, 26, 29, 5, 31, 92, 31, 29, 9, 7, 45, 0)
s = 76: (0, 19, 19, 5, 36, 38, 17, 35, 4, 5, 33, 0)
s = 77: (0, 12, 19, 7, 41, 60, 29, 29, 5, 6, 40, 0)
s = 78: (0, 13, 25, 7, 31, 61, 21, 45, 8, 3, 38, 0)
s = 79: (0, 12, 32, 5, 16, 87, 23, 49, 9, 6, 37, 0)
s = 80: (0, 18, 25, 6, 14, 47, 18, 27, 7, 6, 50, 0)
s = 81: (0, 15, 20, 7, 29, 99, 28, 31, 5, 6, 27, 0)
s = 82: (0, 15, 22, 6, 28, 40, 22, 17, 7, 6, 34, 0)
s = 83: (0, 11, 22, 9, 21, 61, 18, 22, 5, 4, 37, 0)
s = 84: (0, 16, 29, 7, 21, 41, 21, 25, 4, 5, 34, 0)
s = 85: (0, 10, 31, 8, 23, 69, 25, 29, 6, 6, 32, 0)
s = 86: (0, 14, 27, 8, 27, 73, 25, 38, 6, 7, 35, 0)
s = 87: (0, 15, 24, 6, 19, 45, 28, 33, 5, 5, 38, 0)
s = 88: (0, 20, 14, 8, 18, 74, 24, 36, 11, 4, 30, 0)
s = 89: (0, 20, 24, 5, 42, 71, 28, 39, 4, 6, 35, 0)
s = 90: (0, 20, 23, 9, 18, 72, 30, 52, 7, 3, 49, 0)
s = 91: (0, 12, 23, 5, 26, 64, 30, 21, 5, 5, 51, 0)
s = 92: (0, 11, 24, 5, 24, 82, 38, 26, 6, 7, 31, 0)
s = 93: (0, 10, 23, 7, 25, 46, 25, 35, 5, 5, 23, 0)
s = 94: (0, 16, 23, 7, 30, 35, 15, 45, 8, 5, 63, 0)
s = 95: (0, 17, 22, 5, 31, 49, 29, 20, 8, 5, 24, 0)
s = 96: (0, 17, 28, 8, 16, 53, 24, 24, 6, 5, 40, 0)
s = 97: (0, 26, 25, 6, 30, 92, 16, 34, 8, 6, 20, 0)
s = 98: (0, 12, 19, 5, 23, 52, 17, 34, 6, 6, 61, 0)
s = 99: (0, 14, 36, 9, 33, 85, 24, 31, 6, 6, 31, 0)
s = 100: (0, 17, 21, 7, 20, 51, 22, 44, 6, 6, 24, 0)
s = 101: (0, 17, 24, 8, 26, 81, 22, 52, 4, 5, 44, 0)
s = 102: (0, 10, 30, 5, 16, 36, 27, 40, 7, 4, 49, 0)
s = 103: (0, 23, 15, 8, 29, 59, 24, 24, 9, 6, 28, 0)
s = 104: (0, 17, 26, 7, 24, 87, 19, 33, 9, 6, 42, 0)
s = 105: (0, 11, 31, 6, 21, 68, 27, 43, 7, 5, 41, 0)
s = 106: (0, 10, 20, 8, 20, 51, 19, 37, 7, 4, 33, 0)
s = 107: (0, 13, 32, 4, 36, 44, 19, 22, 8, 4, 51, 0)
s = 108: (0, 15, 46, 6, 25, 59, 14, 24, 9, 4, 39, 0)
s = 109: (0, 12, 21, 5, 18, 40, 23, 17, 7, 5, 48, 0)
s = 110: (0, 17, 29, 8, 22, 42, 30, 32, 7, 5, 23, 0)
s = 111: (0, 23, 21, 7, 28, 42, 34, 24, 5, 5, 34, 0)
s = 112: (0, 14, 38, 5, 26, 83, 32, 52, 5, 5, 28, 0)
s = 113: (0, 11, 31, 7, 30, 59, 25, 49, 5, 6, 30, 0)
s = 114: (0, 25, 21, 7, 20, 61, 14, 20, 6, 7, 20, 0)
s = 115: (0, 15, 27, 9, 29, 75, 32, 29, 7, 7, 23, 0)
s = 116: (0, 15, 24, 7, 25, 83, 41, 29, 7, 4, 47, 0)
s = 117: (0, 12, 23, 8, 22, 70, 18, 31, 5, 5, 28, 0)
s = 118: (0, 15, 20, 5, 27, 87, 19, 27, 9, 6, 37, 0)
s = 119: (0, 14, 16, 4, 16, 49, 26, 38, 7, 6, 51, 0)
s = 120: (0, 21, 19, 8, 28, 87, 17, 33, 5, 6, 37, 0)
s = 121: (0, 13, 24, 7, 35, 91, 23, 27, 5, 6, 26, 0)
s = 122: (0, 10, 17, 6, 20, 96, 16, 28, 6, 4, 55, 0)
s = 123: (0, 11, 15, 5, 32, 94, 35, 24, 5, 5, 31, 0)
s = 124: (0, 16, 23, 10, 25, 63, 26, 22, 5, 5, 42, 0)
s = 125: (0, 10, 21, 8, 15, 65, 27, 33, 5, 6, 22, 0)
s = 126: (0, 15, 28, 8, 24, 68, 27, 29, 6, 7, 28, 0)
s = 127: (0, 13, 39, 6, 36, 103, 18, 31, 5, 4, 38, 0)
s = 128: (0, 15, 18, 5, 28, 61, 40, 24, 9, 5, 25, 0)
s = 129: (0, 13, 25, 6, 23, 47, 31, 45, 7, 4, 28, 0)
s = 130: (0, 11, 19, 6, 20, 50, 24, 34, 4, 4, 39, 0)
s = 131: (0, 13, 39, 5, 41, 56, 19, 38, 5, 4, 25, 0)
s = 132: (0, 24, 26, 7, 21, 74, 26, 19, 8, 6, 31, 0)
s = 133: (0, 15, 36, 7, 17, 48, 22, 30, 4, 4, 25, 0)
s = 134: (0, 13, 22, 6, 27, 47, 18, 39, 5, 4, 33, 0)
s = 135: (0, 12, 29, 6, 21, 103, 33, 24, 7, 5, 30, 0)
s = 136: (0, 22, 24, 5, 27, 58, 36, 51, 5, 5, 50, 0)
s = 137: (0, 16, 20, 8, 24, 61, 27, 32, 9, 5, 30, 0)
s = 138: (0, 12, 29, 7, 28, 75, 20, 29, 5, 5, 36, 0)
s = 139: (0, 20, 17, 6, 14, 58, 23, 36, 6, 8, 33, 0)
s = 140: (0, 11, 41, 7, 33, 56, 27, 24, 4, 8, 32, 0)
s = 141: (0, 14, 30, 5, 20, 53, 20, 47, 7, 5, 37, 0)
s = 142: (0, 28, 30, 8, 17, 43, 17, 23, 6, 3, 44, 0)
s = 143: (0, 10, 19, 6, 20, 59, 22, 20, 4, 5, 43, 0)
s = 144: (0, 13, 19, 10, 28, 58, 19, 41, 4, 6, 24, 0)
s = 145: (0, 22, 37, 5, 32, 81, 21, 29, 6, 6, 32, 0)
s = 146: (0, 9, 25, 5, 27, 38, 30, 36, 8, 4, 64, 0)
s = 147: (0, 11, 18, 6, 23, 63, 32, 57, 6, 5, 40, 0)
s = 148: (0, 18, 20, 7, 29, 68, 28, 29, 4, 4, 47, 0)
s = 149: (0, 17, 20, 8, 27, 93, 30, 57, 5, 4, 36, 0)
s = 150: (0, 8, 31, 7, 16, 63, 34, 33, 10, 4, 37, 0)
s = 151: (0, 29, 26, 6, 18, 65, 23, 21, 5, 6, 33, 0)
s = 152: (0, 20, 15, 8, 26, 59, 19, 47, 5, 4, 44, 0)
s = 153: (0, 18, 33, 5, 16, 43, 23, 50, 11, 5, 26, 0)
s = 154: (0, 22, 34, 8, 23, 52, 26, 28, 6, 7, 36, 0)
s = 155: (0, 18, 22, 8, 17, 71, 20, 39, 8, 6, 45, 0)
s = 156: (0, 12, 31, 9, 37, 61, 20, 45, 6, 5, 35, 0)
s = 157: (0, 18, 29, 6, 28, 43, 20, 46, 7, 5, 41, 0)
s = 158: (0, 17, 17, 10, 21, 81, 32, 29, 7, 7, 52, 0)
s = 159: (0, 13, 19, 5, 15, 61, 30, 35, 11, 7, 45, 0)
s = 160: (0, 20, 17, 5, 23, 66, 14, 43, 6, 4, 31, 0)
s = 161: (0, 11, 27, 7, 35, 38, 25, 30, 4, 5, 45, 0)
s = 162: (0, 15, 28, 5, 31, 62, 44, 28, 5, 5, 26, 0)
s = 163: (0, 9, 34, 8, 19, 54, 20, 30, 6, 5, 37, 0)
s = 164: (0, 17, 18, 5, 22, 52, 26, 29, 7, 3, 52, 0)
s = 165: (0, 13, 19, 6, 17, 74, 28, 37, 7, 5, 36, 0)
s = 166: (0, 12, 22, 10, 35, 61, 21, 51, 6, 5, 57, 0)
s = 167: (0, 15, 38, 6, 24, 54, 34, 28, 7, 6, 21, 0)
s = 168: (0, 15, 26, 7, 22, 61, 19, 24, 7, 6, 27, 0)
s = 169: (0, 22, 15, 7, 13, 42, 42, 32, 4, 4, 24, 0)
s = 170: (0, 15, 29, 4, 22, 53, 31, 42, 8, 4, 34, 0)
s = 171: (0, 16, 22, 4, 20, 95, 27, 24, 7, 3, 23, 0)
s = 172: (0, 16, 19, 7, 26, 84, 25, 45, 5, 4, 36, 0)
s = 173: (0, 15, 36, 5, 19, 85, 24, 21, 6, 6, 51, 0)
s = 174: (0, 11, 16, 6, 14, 88, 26, 35, 5, 6, 31, 0)
s = 175: (0, 10, 16, 4, 33, 47, 29, 25, 4, 8, 20, 0)
s = 176: (0, 13, 25, 6, 21, 49, 40, 38, 5, 5, 39, 0)
s = 177: (0, 15, 31, 7, 22, 77, 27, 26, 5, 5, 41, 0)
s = 178: (0, 15, 25, 8, 21, 94, 20, 51, 9, 7, 43, 0)
s = 179: (0, 20, 30, 8, 36, 50, 24, 27, 8, 4, 23, 0)
s = 180: (0, 9, 21, 5, 26, 53, 15, 33, 9, 4, 37, 0)
s = 181: (0, 26, 26, 6, 21, 52, 25, 29, 8, 7, 31, 0)
s = 182: (0, 15, 30, 4, 31, 49, 29, 27, 8, 5, 24, 0)
s = 183: (0, 21, 21, 5, 24, 66, 34, 32, 6, 4, 28, 0)
s = 184: (0, 14, 35, 7, 23, 69, 17, 36, 6, 8, 40, 0)
s = 185: (0, 11, 23, 5, 29, 79, 30, 30, 6, 3, 38, 0)
s = 186: (0, 24, 22, 7, 23, 54, 19, 30, 10, 5, 38, 0)
s = 187: (0, 12, 17, 11, 16, 53, 24, 24, 5, 5, 38, 0)
s = 188: (0, 12, 20, 5, 31, 53, 18, 24, 7, 4, 43, 0)
s = 189: (0, 9, 31, 9, 16, 75, 28, 24, 8, 5, 62, 0)
s = 190: (0, 9, 22, 5, 28, 78, 26, 50, 5, 4, 41, 0)
s = 191: (0, 11, 16, 7, 22, 51, 28, 23, 6, 5, 33, 0)
s = 192: (0, 14, 26, 5, 36, 59, 23, 29, 7, 6, 32, 0)
s = 193: (0, 19, 14, 5, 29, 72, 29, 41, 6, 9, 35, 0)
s = 194: (0, 21, 16, 7, 27, 36, 21, 33, 10, 5, 47, 0)
s = 195: (0, 15, 31, 5, 35, 75, 22, 35, 6, 4, 50, 0)
s = 196: (0, 16, 15, 6, 32, 64, 18, 24, 6, 6, 44, 0)
s = 197: (0, 14, 24, 7, 41, 93, 33, 49, 5, 6, 25, 0)
s = 198: (0, 13, 24, 6, 14, 58, 18, 30, 5, 5, 32, 0)
s = 199: (0, 13, 40, 8, 24, 58, 32, 39, 11, 7, 24, 0)
s = 200: (0, 23, 24, 5, 19, 51, 37, 31, 11, 6, 38, 0)
------------------------------------------------------------------------
RESOURCE k = 4
s = 1: (0, 10, 21, 6, 7, 55, 30, 30, 6, 9, 46, 0)
s = 2: (0, 21, 18, 7, 8, 110, 23, 15, 5, 7, 50, 0)
s = 3: (0, 13, 16, 8, 10, 42, 24, 21, 6, 7, 64, 0)
s = 4: (0, 13, 13, 7, 11, 79, 14, 25, 4, 15, 89, 0)
s = 5: (0, 16, 18, 7, 17, 85, 17, 27, 8, 9, 48, 0)
s = 6: (0, 30, 15, 7, 11, 89, 15, 23, 8, 7, 61, 0)
s = 7: (0, 14, 22, 11, 10, 70, 34, 16, 5, 15, 64, 0)
s = 8: (0, 17, 16, 6, 10, 57, 21, 15, 6, 9, 38, 0)
s = 9: (0, 12, 17, 7, 9, 99, 15, 43, 9, 7, 55, 0)
s = 10: (0, 16, 30, 9, 11, 40, 20, 23, 6, 10, 60, 0)
s = 11: (0, 22, 26, 8, 12, 47, 28, 25, 7, 15, 62, 0)
s = 12: (0, 13, 21, 7, 10, 62, 20, 25, 5, 11, 35, 0)
s = 13: (0, 18, 22, 8, 13, 59, 25, 31, 7, 10, 55, 0)
s = 14: (0, 26, 21, 6, 10, 67, 17, 22, 8, 8, 64, 0)
s = 15: (0, 15, 13, 7, 9, 104, 21, 21, 6, 13, 55, 0)
s = 16: (0, 29, 20, 9, 17, 109, 17, 17, 8, 12, 57, 0)
s = 17: (0, 13, 18, 9, 11, 56, 20, 19, 8, 8, 83, 0)
s = 18: (0, 12, 21, 8, 10, 85, 30, 20, 7, 10, 52, 0)
s = 19: (0, 20, 18, 7, 21, 73, 27, 38, 7, 8, 59, 0)
s = 20: (0, 21, 13, 5, 12, 72, 21, 26, 5, 8, 54, 0)
s = 21: (0, 11, 11, 7, 18, 83, 17, 29, 8, 13, 44, 0)
s = 22: (0, 17, 15, 10, 7, 46, 38, 36, 8, 14, 44, 0)
s = 23: (0, 17, 17, 5, 10, 62, 18, 25, 5, 10, 58, 0)
s = 24: (0, 24, 22, 6, 13, 90, 15, 28, 7, 11, 51, 0)
s = 25: (0, 24, 15, 8, 10, 80, 27, 21, 7, 13, 84, 0)
s = 26: (0, 17, 23, 7, 8, 59, 16, 17, 7, 10, 44, 0)
s = 27: (0, 23, 15, 7, 12, 91, 31, 31, 6, 13, 46, 0)
s = 28: (0, 22, 21, 9, 11, 82, 15, 35, 5, 9, 70, 0)
s = 29: (0, 13, 17, 6, 15, 46, 13, 28, 6, 8, 37, 0)
s = 30: (0, 32, 19, 5, 15, 90, 21, 16, 8, 12, 38, 0)
s = 31: (0, 13, 22, 8, 18, 67, 28, 16, 6, 10, 77, 0)
s = 32: (0, 16, 22, 5, 15, 65, 21, 29, 6, 9, 56, 0)
s = 33: (0, 19, 19, 7, 13, 85, 20, 23, 4, 13, 33, 0)
s = 34: (0, 27, 16, 9, 12, 87, 18, 15, 5, 12, 87, 0)
s = 35: (0, 15, 16, 6, 8, 84, 34, 35, 5, 9, 70, 0)
s = 36: (0, 21, 14, 7, 14, 94, 12, 19, 5, 8, 45, 0)
s = 37: (0, 20, 13, 6, 15, 75, 18, 18, 7, 11, 65, 0)
s = 38: (0, 15, 27, 8, 11, 113, 30, 15, 6, 12, 41, 0)
s = 39: (0, 31, 19, 9, 14, 68, 17, 19, 7, 12, 72, 0)
s = 40: (0, 23, 18, 10, 12, 89, 20, 27, 8, 12, 59, 0)
s = 41: (0, 12, 28, 5, 15, 80, 16, 34, 6, 14, 41, 0)
s = 42: (0, 22, 26, 5, 14, 79, 22, 20, 6, 7, 59, 0)
s = 43: (0, 16, 27, 8, 9, 110, 18, 36, 5, 9, 56, 0)
s = 44: (0, 15, 12, 11, 15, 46, 20, 26, 7, 8, 56, 0)
s = 45: (0, 12, 11, 10, 9, 68, 23, 22, 6, 9, 52, 0)
s = 46: (0, 12, 20, 7, 9, 104, 25, 19, 5, 15, 54, 0)
s = 47: (0, 16, 15, 5, 7, 63, 15, 32, 11, 10, 80, 0)
s = 48: (0, 18, 15, 10, 12, 63, 12, 25, 9, 12, 84, 0)
s = 49: (0, 21, 25, 7, 15, 67, 20, 24, 5, 10, 35, 0)
s = 50: (0, 12, 18, 13, 18, 78, 23, 29, 8, 9, 53, 0)
s = 51: (0, 16, 18, 6, 16, 76, 37, 18, 6, 9, 47, 0)
s = 52: (0, 10, 27, 10, 18, 75, 15, 22, 6, 10, 66, 0)
s = 53: (0, 23, 18, 8, 9, 56, 19, 34, 4, 9, 40, 0)
s = 54: (0, 23, 27, 7, 11, 50, 18, 15, 8, 8, 43, 0)
s = 55: (0, 18, 14, 9, 9, 61, 25, 22, 4, 7, 68, 0)
s = 56: (0, 18, 22, 7, 18, 97, 27, 33, 6, 13, 40, 0)
s = 57: (0, 14, 15, 5, 11, 59, 19, 20, 7, 14, 61, 0)
s = 58: (0, 12, 24, 7, 13, 48, 16, 18, 4, 9, 69, 0)
s = 59: (0, 13, 33, 5, 9, 44, 28, 21, 10, 9, 47, 0)
s = 60: (0, 13, 24, 9, 7, 97, 20, 24, 5, 7, 68, 0)
s = 61: (0, 19, 19, 7, 10, 48, 27, 15, 5, 11, 35, 0)
s = 62: (0, 15, 16, 10, 13, 49, 24, 20, 4, 10, 65, 0)
s = 63: (0, 12, 17, 8, 12, 43, 19, 17, 7, 13, 49, 0)
s = 64: (0, 22, 15, 7, 17, 68, 15, 29, 7, 10, 74, 0)
s = 65: (0, 12, 15, 9, 9, 55, 20, 19, 9, 10, 59, 0)
s = 66: (0, 17, 27, 5, 19, 63, 21, 20, 6, 12, 67, 0)
s = 67: (0, 31, 21, 6, 13, 94, 19, 31, 5, 7, 50, 0)
s = 68: (0, 19, 21, 7, 11, 53, 21, 26, 5, 9, 41, 0)
s = 69: (0, 22, 13, 6, 15, 113, 19, 26, 4, 7, 44, 0)
s = 70: (0, 14, 26, 9, 9, 96, 27, 17, 7, 9, 76, 0)
s = 71: (0, 16, 23, 7, 15, 119, 24, 35, 5, 11, 48, 0)
s = 72: (0, 16, 12, 6, 10, 58, 26, 19, 9, 8, 44, 0)
s = 73: (0, 21, 22, 9, 10, 45, 21, 23, 8, 14, 65, 0)
s = 74: (0, 21, 20, 8, 8, 78, 22, 22, 4, 14, 103, 0)
s = 75: (0, 31, 22, 5, 16, 102, 27, 22, 9, 14, 75, 0)
s = 76: (0, 22, 15, 6, 18, 42, 15, 26, 4, 10, 55, 0)
s = 77: (0, 15, 15, 9, 21, 66, 26, 22, 5, 11, 66, 0)
s = 78: (0, 16, 19, 8, 16, 68, 19, 34, 8, 6, 63, 0)
s = 79: (0, 14, 24, 6, 8, 97, 20, 37, 9, 11, 62, 0)
s = 80: (0, 22, 19, 7, 7, 52, 16, 20, 7, 11, 82, 0)
s = 81: (0, 18, 15, 8, 15, 110, 25, 24, 5, 12, 44, 0)
s = 82: (0, 18, 16, 7, 14, 44, 19, 13, 7, 11, 56, 0)
s = 83: (0, 13, 17, 10, 11, 68, 15, 17, 5, 8, 61, 0)
s = 84: (0, 19, 22, 9, 11, 46, 18, 19, 4, 9, 56, 0)
s = 85: (0, 12, 24, 10, 12, 76, 22, 22, 6, 11, 53, 0)
s = 86: (0, 17, 21, 9, 14, 81, 22, 29, 6, 14, 57, 0)
s = 87: (0, 18, 18, 6, 10, 49, 25, 25, 5, 9, 63, 0)
s = 88: (0, 24, 10, 10, 9, 83, 21, 27, 11, 8, 50, 0)
s = 89: (0, 24, 18, 6, 21, 79, 25, 29, 4, 11, 58, 0)
s = 90: (0, 24, 17, 10, 9, 80, 26, 39, 7, 6, 81, 0)
s = 91: (0, 14, 17, 6, 13, 71, 26, 16, 5, 10, 84, 0)
s = 92: (0, 13, 18, 6, 12, 91, 33, 20, 6, 14, 51, 0)
s = 93: (0, 12, 17, 8, 13, 51, 22, 27, 5, 9, 39, 0)
s = 94: (0, 20, 17, 8, 15, 39, 14, 34, 8, 10, 105, 0)
s = 95: (0, 20, 16, 6, 16, 54, 26, 15, 8, 10, 40, 0)
s = 96: (0, 21, 21, 10, 8, 59, 21, 18, 6, 9, 66, 0)
s = 97: (0, 31, 19, 7, 15, 102, 14, 26, 8, 12, 33, 0)
s = 98: (0, 14, 15, 6, 12, 57, 15, 26, 6, 12, 101, 0)
s = 99: (0, 17, 27, 11, 17, 94, 21, 23, 6, 11, 52, 0)
s = 100: (0, 20, 16, 8, 10, 57, 19, 33, 6, 11, 39, 0)
s = 101: (0, 20, 18, 9, 13, 90, 19, 39, 4, 10, 72, 0)
s = 102: (0, 12, 22, 6, 8, 40, 23, 30, 7, 7, 82, 0)
s = 103: (0, 28, 11, 10, 15, 65, 21, 18, 9, 12, 47, 0)
s = 104: (0, 21, 20, 8, 12, 96, 17, 25, 9, 11, 69, 0)
s = 105: (0, 13, 23, 7, 11, 76, 23, 33, 7, 10, 68, 0)
s = 106: (0, 12, 15, 10, 10, 57, 16, 28, 7, 8, 55, 0)
s = 107: (0, 16, 24, 5, 18, 48, 17, 17, 8, 8, 84, 0)
s = 108: (0, 18, 35, 7, 13, 65, 12, 18, 9, 8, 64, 0)
s = 109: (0, 14, 16, 6, 9, 45, 20, 13, 7, 9, 80, 0)
s = 110: (0, 21, 22, 9, 11, 46, 26, 24, 7, 10, 38, 0)
s = 111: (0, 28, 16, 8, 14, 47, 29, 18, 5, 10, 56, 0)
s = 112: (0, 16, 29, 5, 13, 92, 28, 39, 5, 10, 46, 0)
s = 113: (0, 13, 24, 9, 15, 66, 22, 37, 5, 12, 49, 0)
s = 114: (0, 30, 16, 8, 10, 68, 12, 15, 6, 13, 32, 0)
s = 115: (0, 17, 20, 11, 15, 83, 28, 22, 7, 13, 38, 0)
s = 116: (0, 18, 18, 8, 13, 93, 36, 22, 7, 8, 77, 0)
s = 117: (0, 14, 18, 10, 11, 78, 16, 24, 5, 10, 46, 0)
s = 118: (0, 18, 15, 6, 14, 97, 16, 21, 9, 12, 62, 0)
s = 119: (0, 17, 12, 5, 8, 54, 22, 29, 7, 11, 84, 0)
s = 120: (0, 25, 14, 10, 14, 96, 15, 25, 5, 12, 61, 0)
s = 121: (0, 15, 18, 8, 18, 101, 20, 20, 5, 12, 43, 0)
s = 122: (0, 12, 13, 6, 10, 106, 14, 21, 6, 8, 91, 0)
s = 123: (0, 13, 11, 6, 16, 104, 30, 18, 5, 10, 51, 0)
s = 124: (0, 19, 17, 12, 13, 70, 23, 16, 5, 9, 70, 0)
s = 125: (0, 12, 16, 10, 8, 73, 24, 25, 5, 11, 36, 0)
s = 126: (0, 17, 21, 9, 12, 75, 24, 22, 6, 14, 46, 0)
s = 127: (0, 15, 30, 7, 18, 115, 16, 24, 5, 8, 63, 0)
s = 128: (0, 18, 14, 6, 14, 67, 35, 18, 9, 10, 42, 0)
s = 129: (0, 15, 19, 7, 12, 53, 27, 34, 7, 8, 46, 0)
s = 130: (0, 14, 15, 7, 10, 55, 21, 26, 4, 7, 65, 0)
s = 131: (0, 15, 29, 6, 21, 63, 16, 29, 5, 8, 42, 0)
s = 132: (0, 29, 19, 8, 11, 82, 23, 15, 8, 11, 52, 0)
s = 133: (0, 18, 27, 8, 9, 53, 20, 23, 4, 8, 41, 0)
s = 134: (0, 16, 17, 7, 14, 52, 16, 29, 5, 8, 54, 0)
s = 135: (0, 14, 22, 6, 11, 114, 29, 18, 7, 10, 50, 0)
s = 136: (0, 26, 18, 6, 14, 65, 31, 38, 5, 9, 82, 0)
s = 137: (0, 20, 15, 9, 12, 68, 23, 24, 9, 9, 49, 0)
s = 138: (0, 14, 22, 8, 14, 83, 17, 22, 5, 9, 60, 0)
s = 139: (0, 24, 13, 7, 7, 65, 20, 27, 6, 16, 54, 0)
s = 140: (0, 13, 31, 8, 17, 63, 24, 18, 4, 15, 53, 0)
s = 141: (0, 17, 22, 5, 10, 59, 17, 36, 7, 10, 61, 0)
s = 142: (0, 33, 22, 9, 9, 48, 15, 17, 6, 6, 73, 0)
s = 143: (0, 12, 14, 7, 10, 65, 19, 15, 4, 10, 71, 0)
s = 144: (0, 16, 14, 11, 14, 65, 16, 31, 4, 11, 40, 0)
s = 145: (0, 26, 28, 6, 16, 89, 18, 22, 6, 12, 53, 0)
s = 146: (0, 11, 19, 6, 14, 43, 27, 27, 8, 8, 106, 0)
s = 147: (0, 13, 14, 7, 12, 69, 28, 43, 6, 9, 67, 0)
s = 148: (0, 21, 15, 9, 15, 75, 25, 22, 4, 8, 78, 0)
s = 149: (0, 20, 15, 10, 14, 103, 26, 43, 5, 8, 60, 0)
s = 150: (0, 10, 23, 8, 8, 70, 30, 25, 10, 8, 61, 0)
s = 151: (0, 35, 20, 7, 9, 72, 20, 16, 5, 11, 54, 0)
s = 152: (0, 24, 12, 9, 13, 66, 17, 35, 5, 8, 73, 0)
s = 153: (0, 22, 25, 5, 8, 47, 20, 38, 11, 10, 43, 0)
s = 154: (0, 26, 25, 9, 12, 58, 23, 21, 6, 13, 59, 0)
s = 155: (0, 21, 16, 10, 9, 79, 17, 29, 8, 11, 75, 0)
s = 156: (0, 14, 23, 10, 19, 68, 17, 34, 6, 10, 58, 0)
s = 157: (0, 21, 22, 7, 14, 48, 18, 34, 7, 9, 68, 0)
s = 158: (0, 20, 13, 11, 11, 90, 28, 22, 7, 13, 86, 0)
s = 159: (0, 15, 15, 6, 8, 68, 26, 26, 11, 14, 75, 0)
s = 160: (0, 24, 13, 6, 12, 73, 13, 33, 6, 8, 51, 0)
s = 161: (0, 13, 20, 8, 18, 42, 22, 23, 4, 9, 75, 0)
s = 162: (0, 18, 21, 6, 16, 68, 38, 21, 5, 10, 43, 0)
s = 163: (0, 11, 26, 10, 10, 60, 18, 23, 6, 10, 61, 0)
s = 164: (0, 20, 14, 6, 11, 58, 23, 22, 7, 6, 86, 0)
s = 165: (0, 15, 14, 7, 9, 82, 25, 28, 7, 9, 59, 0)
s = 166: (0, 14, 17, 12, 18, 68, 18, 39, 6, 10, 95, 0)
s = 167: (0, 18, 29, 6, 12, 60, 29, 21, 7, 11, 34, 0)
s = 168: (0, 18, 19, 8, 11, 68, 17, 18, 7, 12, 45, 0)
s = 169: (0, 26, 11, 8, 7, 46, 36, 24, 4, 7, 40, 0)
s = 170: (0, 18, 22, 5, 11, 59, 27, 32, 8, 8, 56, 0)
s = 171: (0, 19, 17, 5, 10, 105, 24, 18, 7, 6, 37, 0)
s = 172: (0, 19, 15, 8, 13, 93, 22, 34, 5, 7, 60, 0)
s = 173: (0, 18, 27, 6, 10, 95, 21, 16, 6, 12, 84, 0)
s = 174: (0, 14, 12, 7, 7, 97, 23, 26, 5, 11, 52, 0)
s = 175: (0, 12, 12, 5, 17, 52, 26, 19, 4, 15, 33, 0)
s = 176: (0, 15, 19, 7, 11, 54, 35, 29, 5, 9, 64, 0)
s = 177: (0, 18, 23, 9, 11, 86, 23, 20, 5, 9, 68, 0)
s = 178: (0, 18, 19, 10, 11, 104, 17, 39, 9, 13, 71, 0)
s = 179: (0, 24, 23, 9, 18, 56, 21, 20, 8, 7, 38, 0)
s = 180: (0, 11, 16, 6, 13, 59, 13, 25, 9, 7, 62, 0)
s = 181: (0, 31, 20, 6, 11, 57, 22, 22, 8, 13, 51, 0)
s = 182: (0, 18, 22, 5, 16, 54, 25, 20, 8, 10, 40, 0)
s = 183: (0, 25, 16, 6, 12, 74, 30, 24, 6, 8, 47, 0)
s = 184: (0, 17, 26, 8, 12, 77, 15, 27, 6, 15, 66, 0)
s = 185: (0, 13, 17, 6, 15, 88, 27, 23, 6, 6, 63, 0)
s = 186: (0, 28, 17, 8, 12, 60, 17, 22, 10, 9, 63, 0)
s = 187: (0, 14, 13, 13, 8, 59, 21, 18, 5, 10, 62, 0)
s = 188: (0, 15, 15, 6, 16, 59, 16, 18, 7, 8, 72, 0)
s = 189: (0, 11, 23, 10, 8, 83, 25, 18, 8, 10, 102, 0)
s = 190: (0, 11, 17, 6, 14, 86, 23, 37, 5, 7, 67, 0)
s = 191: (0, 13, 12, 8, 11, 57, 25, 17, 6, 10, 54, 0)
s = 192: (0, 16, 19, 6, 18, 65, 20, 22, 7, 11, 53, 0)
s = 193: (0, 23, 11, 6, 15, 80, 25, 31, 6, 17, 57, 0)
s = 194: (0, 25, 12, 8, 14, 40, 18, 25, 10, 9, 78, 0)
s = 195: (0, 17, 23, 5, 18, 83, 19, 27, 6, 7, 83, 0)
s = 196: (0, 19, 12, 7, 16, 71, 16, 18, 6, 11, 73, 0)
s = 197: (0, 17, 18, 8, 21, 104, 29, 37, 5, 12, 42, 0)
s = 198: (0, 15, 18, 7, 7, 64, 16, 23, 5, 9, 52, 0)
s = 199: (0, 15, 30, 10, 12, 65, 28, 29, 11, 14, 39, 0)
s = 200: (0, 27, 18, 6, 10, 57, 33, 24, 11, 12, 63, 0)
************************************************************************
ES/LS-VALUES:
jobnr.   ES(i)    LS(i)
------------------------------------------------------------------------
  0        0        0
  1        0       61
  2        0       34
  3        0       44
  4        5       40
  5       10       46
  6       21       61
  7       10       50
  8       10       67
  9       26       67
 10       21       58
 11       31       69
************************************************************************
BIG-M-VALUES:
M1 = 78, M2 = 345
************************************************************************
