************************************************************************
file with basedata            : mm13_.bas
initial value random generator: 1378115193
************************************************************************
projects                      :  1
jobs (incl. supersource/sink ):  12
horizon                       :  79
RESOURCES
  - renewable                 :  2   R
  - nonrenewable              :  2   N
  - doubly constrained        :  0   D
************************************************************************
PROJECT INFORMATION:
pronr.  #jobs rel.date duedate tardcost  MPM-Time
    1     10      0       10        4       10
************************************************************************
PRECEDENCE RELATIONS:
jobnr.    #modes  #successors   successors
   0        1          3           1   2   3
   1        3          2           4   5
   2        3          1           8
   3        3          3           6   7   9
   4        3          1           9
   5        3          2           8   9
   6        3          2           8  10
   7        3          1          10
   8        3          1          11
   9        3          1          11
  10        3          1          11
  11        1          0        
************************************************************************
REQUESTS/DURATIONS:
jobnr. mode duration  R 1  R 2  R 3  R 4  E(W 1)  E(W 2)  E(W 3)  E(W 4)
------------------------------------------------------------------------
  0      1     0       0    0    0    0     0       0       0       0
  1      1     4       0    2    5    8     0       8      20      32
  2      1     4       0    7    7    6     0      28      28      24
  3      1     2       7    0   10    4    14       0      20       8
  4      1     1       0    4    8    7     0       4       8       7
  5      1     1       7    0    5    9     7       0       5       9
  6      1     4       0    6    8    7     0      24      32      28
  7      1     1       8    0    7    7     8       0       7       7
  8      1     1       6    0    8    7     6       0       8       7
  9      1     4       0    4    8    4     0      16      32      16
 10      1     4       6    0    5    9    24       0      20      36
 11      1     0       0    0    0    0     0       0       0       0
************************************************************************
RESOURCEAVAILABILITIES:
  R 1  R 2  R 3  R 4
   14   13   45   46
************************************************************************
RESOURCE LIMITS:
jobnr.  l(R 1)  u(R 1)  l(R 2)  u(R 2)  l(R 3)  u(R 3)  l(R 4)  u(R 4)
------------------------------------------------------------------------
  0        0       0       0       0       0       0       0       0
  1        0       0       1       2       3       5       4       8
  2        0       0       4       7       4       7       3       6
  3        4       7       0       0       5      10       2       4
  4        0       0       2       4       4       8       4       7
  5        4       7       0       0       3       5       5       9
  6        0       0       3       6       4       8       4       7
  7        4       8       0       0       4       7       4       7
  8        3       6       0       0       4       8       4       7
  9        0       0       2       4       4       8       2       4
 10        3       6       0       0       3       5       5       9
 11        0       0       0       0       0       0       0       0
************************************************************************
SCENARIOS:
------------------------------------------------------------------------
RESOURCE k = 1
s = 1: (0, 0, 0, 13, 0, 7, 0, 8, 6, 0, 25, 0)
s = 2: (0, 0, 0, 10, 0, 6, 0, 11, 6, 0, 18, 0)
s = 3: (0, 0, 0, 8, 0, 8, 0, 5, 9, 0, 32, 0)
s = 4: (0, 0, 0, 16, 0, 6, 0, 13, 6, 0, 15, 0)
s = 5: (0, 0, 0, 18, 0, 11, 0, 9, 5, 0, 34, 0)
s = 6: (0, 0, 0, 12, 0, 11, 0, 6, 4, 0, 26, 0)
s = 7: (0, 0, 0, 13, 0, 8, 0, 8, 6, 0, 21, 0)
s = 8: (0, 0, 0, 16, 0, 9, 0, 7, 4, 0, 26, 0)
s = 9: (0, 0, 0, 15, 0, 6, 0, 9, 7, 0, 29, 0)
s = 10: (0, 0, 0, 13, 0, 6, 0, 9, 5, 0, 34, 0)
s = 11: (0, 0, 0, 10, 0, 6, 0, 9, 8, 0, 38, 0)
s = 12: (0, 0, 0, 17, 0, 7, 0, 10, 6, 0, 24, 0)
s = 13: (0, 0, 0, 12, 0, 11, 0, 9, 6, 0, 19, 0)
s = 14: (0, 0, 0, 10, 0, 6, 0, 6, 5, 0, 22, 0)
s = 15: (0, 0, 0, 15, 0, 5, 0, 13, 4, 0, 23, 0)
s = 16: (0, 0, 0, 9, 0, 6, 0, 10, 7, 0, 14, 0)
s = 17: (0, 0, 0, 14, 0, 6, 0, 8, 10, 0, 29, 0)
s = 18: (0, 0, 0, 8, 0, 8, 0, 13, 5, 0, 24, 0)
s = 19: (0, 0, 0, 16, 0, 8, 0, 7, 6, 0, 22, 0)
s = 20: (0, 0, 0, 13, 0, 6, 0, 13, 5, 0, 28, 0)
s = 21: (0, 0, 0, 16, 0, 7, 0, 5, 9, 0, 16, 0)
s = 22: (0, 0, 0, 16, 0, 9, 0, 8, 8, 0, 21, 0)
s = 23: (0, 0, 0, 11, 0, 5, 0, 8, 6, 0, 23, 0)
s = 24: (0, 0, 0, 12, 0, 5, 0, 12, 4, 0, 21, 0)
s = 25: (0, 0, 0, 12, 0, 7, 0, 8, 6, 0, 22, 0)
s = 26: (0, 0, 0, 18, 0, 5, 0, 9, 4, 0, 28, 0)
s = 27: (0, 0, 0, 14, 0, 7, 0, 6, 5, 0, 21, 0)
s = 28: (0, 0, 0, 8, 0, 9, 0, 10, 4, 0, 14, 0)
s = 29: (0, 0, 0, 17, 0, 8, 0, 8, 5, 0, 35, 0)
s = 30: (0, 0, 0, 15, 0, 6, 0, 7, 7, 0, 24, 0)
s = 31: (0, 0, 0, 18, 0, 6, 0, 11, 6, 0, 38, 0)
s = 32: (0, 0, 0, 18, 0, 7, 0, 12, 5, 0, 30, 0)
s = 33: (0, 0, 0, 14, 0, 8, 0, 7, 8, 0, 22, 0)
s = 34: (0, 0, 0, 10, 0, 6, 0, 10, 5, 0, 31, 0)
s = 35: (0, 0, 0, 13, 0, 8, 0, 11, 7, 0, 17, 0)
s = 36: (0, 0, 0, 20, 0, 10, 0, 14, 7, 0, 38, 0)
s = 37: (0, 0, 0, 12, 0, 8, 0, 10, 5, 0, 27, 0)
s = 38: (0, 0, 0, 10, 0, 7, 0, 6, 7, 0, 16, 0)
s = 39: (0, 0, 0, 17, 0, 10, 0, 5, 8, 0, 18, 0)
s = 40: (0, 0, 0, 12, 0, 6, 0, 6, 10, 0, 40, 0)
s = 41: (0, 0, 0, 14, 0, 8, 0, 11, 4, 0, 20, 0)
s = 42: (0, 0, 0, 24, 0, 8, 0, 5, 5, 0, 16, 0)
s = 43: (0, 0, 0, 10, 0, 7, 0, 11, 6, 0, 35, 0)
s = 44: (0, 0, 0, 19, 0, 5, 0, 6, 6, 0, 14, 0)
s = 45: (0, 0, 0, 14, 0, 8, 0, 8, 9, 0, 24, 0)
s = 46: (0, 0, 0, 18, 0, 7, 0, 5, 7, 0, 21, 0)
s = 47: (0, 0, 0, 16, 0, 9, 0, 13, 4, 0, 29, 0)
s = 48: (0, 0, 0, 13, 0, 5, 0, 7, 5, 0, 26, 0)
s = 49: (0, 0, 0, 17, 0, 9, 0, 8, 5, 0, 15, 0)
s = 50: (0, 0, 0, 15, 0, 7, 0, 12, 5, 0, 24, 0)
s = 51: (0, 0, 0, 9, 0, 9, 0, 14, 8, 0, 27, 0)
s = 52: (0, 0, 0, 8, 0, 9, 0, 5, 9, 0, 24, 0)
s = 53: (0, 0, 0, 14, 0, 8, 0, 8, 8, 0, 30, 0)
s = 54: (0, 0, 0, 17, 0, 5, 0, 8, 6, 0, 23, 0)
s = 55: (0, 0, 0, 20, 0, 5, 0, 7, 6, 0, 24, 0)
s = 56: (0, 0, 0, 11, 0, 12, 0, 10, 5, 0, 31, 0)
s = 57: (0, 0, 0, 14, 0, 7, 0, 6, 5, 0, 18, 0)
s = 58: (0, 0, 0, 13, 0, 5, 0, 11, 7, 0, 15, 0)
s = 59: (0, 0, 0, 10, 0, 8, 0, 7, 6, 0, 36, 0)
s = 60: (0, 0, 0, 20, 0, 9, 0, 6, 5, 0, 16, 0)
s = 61: (0, 0, 0, 9, 0, 7, 0, 8, 5, 0, 21, 0)
s = 62: (0, 0, 0, 11, 0, 8, 0, 10, 4, 0, 34, 0)
s = 63: (0, 0, 0, 19, 0, 4, 0, 10, 9, 0, 24, 0)
s = 64: (0, 0, 0, 15, 0, 6, 0, 12, 9, 0, 29, 0)
s = 65: (0, 0, 0, 11, 0, 5, 0, 5, 9, 0, 28, 0)
s = 66: (0, 0, 0, 18, 0, 6, 0, 8, 12, 0, 20, 0)
s = 67: (0, 0, 0, 17, 0, 6, 0, 7, 6, 0, 27, 0)
s = 68: (0, 0, 0, 14, 0, 9, 0, 10, 7, 0, 22, 0)
s = 69: (0, 0, 0, 10, 0, 9, 0, 8, 6, 0, 15, 0)
s = 70: (0, 0, 0, 11, 0, 9, 0, 10, 5, 0, 18, 0)
s = 71: (0, 0, 0, 13, 0, 5, 0, 9, 6, 0, 19, 0)
s = 72: (0, 0, 0, 13, 0, 7, 0, 11, 6, 0, 40, 0)
s = 73: (0, 0, 0, 17, 0, 6, 0, 8, 7, 0, 34, 0)
s = 74: (0, 0, 0, 15, 0, 6, 0, 5, 4, 0, 27, 0)
s = 75: (0, 0, 0, 14, 0, 8, 0, 10, 9, 0, 18, 0)
s = 76: (0, 0, 0, 12, 0, 8, 0, 8, 6, 0, 31, 0)
s = 77: (0, 0, 0, 21, 0, 8, 0, 10, 7, 0, 21, 0)
s = 78: (0, 0, 0, 13, 0, 7, 0, 9, 6, 0, 29, 0)
s = 79: (0, 0, 0, 15, 0, 8, 0, 10, 9, 0, 27, 0)
s = 80: (0, 0, 0, 13, 0, 4, 0, 7, 10, 0, 17, 0)
s = 81: (0, 0, 0, 13, 0, 7, 0, 7, 7, 0, 31, 0)
s = 82: (0, 0, 0, 15, 0, 9, 0, 9, 8, 0, 17, 0)
s = 83: (0, 0, 0, 24, 0, 7, 0, 7, 6, 0, 21, 0)
s = 84: (0, 0, 0, 12, 0, 5, 0, 12, 8, 0, 33, 0)
s = 85: (0, 0, 0, 18, 0, 8, 0, 8, 5, 0, 30, 0)
s = 86: (0, 0, 0, 23, 0, 5, 0, 9, 7, 0, 28, 0)
s = 87: (0, 0, 0, 19, 0, 9, 0, 6, 9, 0, 40, 0)
s = 88: (0, 0, 0, 17, 0, 10, 0, 11, 6, 0, 25, 0)
s = 89: (0, 0, 0, 17, 0, 10, 0, 11, 4, 0, 19, 0)
s = 90: (0, 0, 0, 14, 0, 9, 0, 8, 5, 0, 22, 0)
s = 91: (0, 0, 0, 16, 0, 7, 0, 7, 9, 0, 20, 0)
s = 92: (0, 0, 0, 12, 0, 5, 0, 9, 6, 0, 27, 0)
s = 93: (0, 0, 0, 16, 0, 5, 0, 10, 5, 0, 35, 0)
s = 94: (0, 0, 0, 12, 0, 7, 0, 11, 8, 0, 15, 0)
s = 95: (0, 0, 0, 17, 0, 7, 0, 8, 6, 0, 21, 0)
s = 96: (0, 0, 0, 13, 0, 12, 0, 5, 7, 0, 19, 0)
s = 97: (0, 0, 0, 14, 0, 5, 0, 9, 8, 0, 25, 0)
s = 98: (0, 0, 0, 20, 0, 6, 0, 5, 5, 0, 24, 0)
s = 99: (0, 0, 0, 15, 0, 8, 0, 9, 5, 0, 42, 0)
s = 100: (0, 0, 0, 13, 0, 6, 0, 9, 6, 0, 22, 0)
s = 101: (0, 0, 0, 11, 0, 5, 0, 10, 9, 0, 30, 0)
s = 102: (0, 0, 0, 10, 0, 11, 0, 10, 4, 0, 27, 0)
s = 103: (0, 0, 0, 9, 0, 11, 0, 9, 6, 0, 26, 0)
s = 104: (0, 0, 0, 13, 0, 6, 0, 8, 5, 0, 31, 0)
s = 105: (0, 0, 0, 18, 0, 6, 0, 13, 9, 0, 38, 0)
s = 106: (0, 0, 0, 16, 0, 7, 0, 9, 7, 0, 21, 0)
s = 107: (0, 0, 0, 16, 0, 6, 0, 8, 7, 0, 27, 0)
s = 108: (0, 0, 0, 10, 0, 8, 0, 9, 7, 0, 28, 0)
s = 109: (0, 0, 0, 15, 0, 5, 0, 9, 9, 0, 25, 0)
s = 110: (0, 0, 0, 15, 0, 9, 0, 10, 6, 0, 36, 0)
s = 111: (0, 0, 0, 14, 0, 5, 0, 5, 9, 0, 14, 0)
s = 112: (0, 0, 0, 9, 0, 9, 0, 6, 8, 0, 17, 0)
s = 113: (0, 0, 0, 17, 0, 7, 0, 6, 4, 0, 36, 0)
s = 114: (0, 0, 0, 9, 0, 7, 0, 11, 6, 0, 31, 0)
s = 115: (0, 0, 0, 19, 0, 7, 0, 8, 9, 0, 36, 0)
s = 116: (0, 0, 0, 20, 0, 8, 0, 8, 5, 0, 31, 0)
s = 117: (0, 0, 0, 16, 0, 4, 0, 13, 9, 0, 15, 0)
s = 118: (0, 0, 0, 25, 0, 6, 0, 7, 6, 0, 33, 0)
s = 119: (0, 0, 0, 17, 0, 7, 0, 7, 8, 0, 28, 0)
s = 120: (0, 0, 0, 10, 0, 7, 0, 9, 4, 0, 18, 0)
s = 121: (0, 0, 0, 16, 0, 4, 0, 6, 5, 0, 37, 0)
s = 122: (0, 0, 0, 15, 0, 9, 0, 10, 4, 0, 24, 0)
s = 123: (0, 0, 0, 20, 0, 6, 0, 9, 8, 0, 19, 0)
s = 124: (0, 0, 0, 17, 0, 6, 0, 8, 6, 0, 25, 0)
s = 125: (0, 0, 0, 10, 0, 10, 0, 10, 4, 0, 34, 0)
s = 126: (0, 0, 0, 16, 0, 10, 0, 8, 9, 0, 16, 0)
s = 127: (0, 0, 0, 10, 0, 6, 0, 7, 5, 0, 28, 0)
s = 128: (0, 0, 0, 21, 0, 5, 0, 10, 8, 0, 29, 0)
s = 129: (0, 0, 0, 17, 0, 8, 0, 7, 6, 0, 22, 0)
s = 130: (0, 0, 0, 11, 0, 6, 0, 7, 8, 0, 18, 0)
s = 131: (0, 0, 0, 14, 0, 12, 0, 9, 4, 0, 40, 0)
s = 132: (0, 0, 0, 9, 0, 8, 0, 14, 8, 0, 43, 0)
s = 133: (0, 0, 0, 12, 0, 8, 0, 7, 7, 0, 26, 0)
s = 134: (0, 0, 0, 19, 0, 6, 0, 9, 4, 0, 22, 0)
s = 135: (0, 0, 0, 15, 0, 5, 0, 9, 8, 0, 17, 0)
s = 136: (0, 0, 0, 13, 0, 6, 0, 7, 8, 0, 23, 0)
s = 137: (0, 0, 0, 11, 0, 9, 0, 8, 4, 0, 34, 0)
s = 138: (0, 0, 0, 14, 0, 5, 0, 7, 9, 0, 21, 0)
s = 139: (0, 0, 0, 21, 0, 8, 0, 10, 7, 0, 15, 0)
s = 140: (0, 0, 0, 10, 0, 7, 0, 9, 6, 0, 18, 0)
s = 141: (0, 0, 0, 10, 0, 5, 0, 11, 8, 0, 16, 0)
s = 142: (0, 0, 0, 13, 0, 7, 0, 12, 5, 0, 24, 0)
s = 143: (0, 0, 0, 9, 0, 9, 0, 8, 8, 0, 25, 0)
s = 144: (0, 0, 0, 13, 0, 12, 0, 8, 9, 0, 20, 0)
s = 145: (0, 0, 0, 8, 0, 8, 0, 7, 10, 0, 14, 0)
s = 146: (0, 0, 0, 21, 0, 5, 0, 10, 6, 0, 24, 0)
s = 147: (0, 0, 0, 15, 0, 4, 0, 8, 5, 0, 32, 0)
s = 148: (0, 0, 0, 17, 0, 10, 0, 5, 6, 0, 27, 0)
s = 149: (0, 0, 0, 16, 0, 9, 0, 13, 10, 0, 18, 0)
s = 150: (0, 0, 0, 10, 0, 6, 0, 5, 4, 0, 24, 0)
s = 151: (0, 0, 0, 15, 0, 5, 0, 5, 5, 0, 31, 0)
s = 152: (0, 0, 0, 24, 0, 9, 0, 7, 6, 0, 25, 0)
s = 153: (0, 0, 0, 13, 0, 7, 0, 9, 6, 0, 20, 0)
s = 154: (0, 0, 0, 21, 0, 7, 0, 5, 4, 0, 27, 0)
s = 155: (0, 0, 0, 16, 0, 7, 0, 10, 6, 0, 23, 0)
s = 156: (0, 0, 0, 16, 0, 10, 0, 9, 5, 0, 31, 0)
s = 157: (0, 0, 0, 18, 0, 7, 0, 9, 6, 0, 35, 0)
s = 158: (0, 0, 0, 18, 0, 5, 0, 12, 7, 0, 24, 0)
s = 159: (0, 0, 0, 13, 0, 7, 0, 10, 6, 0, 29, 0)
s = 160: (0, 0, 0, 20, 0, 9, 0, 9, 4, 0, 28, 0)
s = 161: (0, 0, 0, 25, 0, 10, 0, 7, 10, 0, 19, 0)
s = 162: (0, 0, 0, 18, 0, 7, 0, 11, 5, 0, 23, 0)
s = 163: (0, 0, 0, 16, 0, 8, 0, 10, 7, 0, 24, 0)
s = 164: (0, 0, 0, 17, 0, 7, 0, 6, 7, 0, 16, 0)
s = 165: (0, 0, 0, 14, 0, 7, 0, 11, 8, 0, 22, 0)
s = 166: (0, 0, 0, 13, 0, 7, 0, 5, 8, 0, 18, 0)
s = 167: (0, 0, 0, 12, 0, 8, 0, 7, 5, 0, 33, 0)
s = 168: (0, 0, 0, 13, 0, 9, 0, 7, 7, 0, 38, 0)
s = 169: (0, 0, 0, 15, 0, 12, 0, 5, 5, 0, 23, 0)
s = 170: (0, 0, 0, 24, 0, 10, 0, 6, 4, 0, 40, 0)
s = 171: (0, 0, 0, 14, 0, 5, 0, 6, 8, 0, 17, 0)
s = 172: (0, 0, 0, 21, 0, 8, 0, 11, 6, 0, 21, 0)
s = 173: (0, 0, 0, 20, 0, 8, 0, 8, 5, 0, 18, 0)
s = 174: (0, 0, 0, 10, 0, 10, 0, 13, 9, 0, 25, 0)
s = 175: (0, 0, 0, 21, 0, 10, 0, 8, 7, 0, 20, 0)
s = 176: (0, 0, 0, 10, 0, 9, 0, 8, 8, 0, 16, 0)
s = 177: (0, 0, 0, 20, 0, 9, 0, 7, 7, 0, 24, 0)
s = 178: (0, 0, 0, 18, 0, 8, 0, 12, 7, 0, 18, 0)
s = 179: (0, 0, 0, 20, 0, 12, 0, 6, 5, 0, 27, 0)
s = 180: (0, 0, 0, 11, 0, 7, 0, 6, 7, 0, 15, 0)
s = 181: (0, 0, 0, 19, 0, 10, 0, 12, 6, 0, 22, 0)
s = 182: (0, 0, 0, 12, 0, 9, 0, 6, 4, 0, 28, 0)
s = 183: (0, 0, 0, 17, 0, 10, 0, 8, 7, 0, 23, 0)
s = 184: (0, 0, 0, 13, 0, 7, 0, 6, 5, 0, 27, 0)
s = 185: (0, 0, 0, 14, 0, 12, 0, 8, 10, 0, 16, 0)
s = 186: (0, 0, 0, 14, 0, 5, 0, 6, 5, 0, 29, 0)
s = 187: (0, 0, 0, 17, 0, 10, 0, 8, 12, 0, 25, 0)
s = 188: (0, 0, 0, 12, 0, 9, 0, 8, 5, 0, 20, 0)
s = 189: (0, 0, 0, 22, 0, 5, 0, 9, 8, 0, 24, 0)
s = 190: (0, 0, 0, 9, 0, 7, 0, 13, 5, 0, 25, 0)
s = 191: (0, 0, 0, 18, 0, 9, 0, 6, 5, 0, 27, 0)
s = 192: (0, 0, 0, 23, 0, 10, 0, 9, 7, 0, 34, 0)
s = 193: (0, 0, 0, 10, 0, 6, 0, 13, 6, 0, 21, 0)
s = 194: (0, 0, 0, 12, 0, 6, 0, 8, 5, 0, 19, 0)
s = 195: (0, 0, 0, 13, 0, 7, 0, 8, 5, 0, 22, 0)
s = 196: (0, 0, 0, 11, 0, 7, 0, 6, 9, 0, 27, 0)
s = 197: (0, 0, 0, 19, 0, 5, 0, 8, 6, 0, 29, 0)
s = 198: (0, 0, 0, 14, 0, 6, 0, 6, 7, 0, 24, 0)
s = 199: (0, 0, 0, 9, 0, 7, 0, 9, 7, 0, 30, 0)
s = 200: (0, 0, 0, 10, 0, 6, 0, 12, 5, 0, 19, 0)
------------------------------------------------------------------------
RESOURCE k = 2
s = 1: (0, 9, 32, 0, 4, 0, 27, 0, 0, 15, 0, 0)
s = 2: (0, 11, 18, 0, 4, 0, 30, 0, 0, 19, 0, 0)
s = 3: (0, 7, 31, 0, 4, 0, 22, 0, 0, 19, 0, 0)
s = 4: (0, 9, 22, 0, 5, 0, 14, 0, 0, 14, 0, 0)
s = 5: (0, 5, 39, 0, 5, 0, 18, 0, 0, 19, 0, 0)
s = 6: (0, 9, 31, 0, 6, 0, 25, 0, 0, 15, 0, 0)
s = 7: (0, 7, 40, 0, 4, 0, 14, 0, 0, 14, 0, 0)
s = 8: (0, 13, 32, 0, 5, 0, 18, 0, 0, 16, 0, 0)
s = 9: (0, 8, 24, 0, 6, 0, 34, 0, 0, 15, 0, 0)
s = 10: (0, 8, 22, 0, 4, 0, 23, 0, 0, 17, 0, 0)
s = 11: (0, 7, 29, 0, 6, 0, 21, 0, 0, 12, 0, 0)
s = 12: (0, 6, 33, 0, 3, 0, 29, 0, 0, 15, 0, 0)
s = 13: (0, 12, 36, 0, 4, 0, 35, 0, 0, 27, 0, 0)
s = 14: (0, 8, 38, 0, 3, 0, 29, 0, 0, 16, 0, 0)
s = 15: (0, 6, 34, 0, 6, 0, 17, 0, 0, 14, 0, 0)
s = 16: (0, 8, 30, 0, 4, 0, 22, 0, 0, 19, 0, 0)
s = 17: (0, 8, 30, 0, 6, 0, 23, 0, 0, 14, 0, 0)
s = 18: (0, 5, 25, 0, 6, 0, 24, 0, 0, 16, 0, 0)
s = 19: (0, 7, 21, 0, 4, 0, 24, 0, 0, 14, 0, 0)
s = 20: (0, 7, 22, 0, 6, 0, 26, 0, 0, 19, 0, 0)
s = 21: (0, 12, 34, 0, 5, 0, 15, 0, 0, 17, 0, 0)
s = 22: (0, 8, 34, 0, 5, 0, 24, 0, 0, 19, 0, 0)
s = 23: (0, 8, 23, 0, 4, 0, 18, 0, 0, 17, 0, 0)
s = 24: (0, 12, 40, 0, 6, 0, 29, 0, 0, 16, 0, 0)
s = 25: (0, 10, 27, 0, 5, 0, 31, 0, 0, 14, 0, 0)
s = 26: (0, 13, 25, 0, 4, 0, 17, 0, 0, 17, 0, 0)
s = 27: (0, 11, 41, 0, 5, 0, 18, 0, 0, 9, 0, 0)
s = 28: (0, 7, 32, 0, 5, 0, 24, 0, 0, 20, 0, 0)
s = 29: (0, 8, 23, 0, 4, 0, 34, 0, 0, 22, 0, 0)
s = 30: (0, 6, 29, 0, 4, 0, 28, 0, 0, 11, 0, 0)
s = 31: (0, 9, 24, 0, 4, 0, 24, 0, 0, 15, 0, 0)
s = 32: (0, 7, 25, 0, 5, 0, 15, 0, 0, 13, 0, 0)
s = 33: (0, 8, 44, 0, 4, 0, 17, 0, 0, 21, 0, 0)
s = 34: (0, 6, 38, 0, 5, 0, 35, 0, 0, 11, 0, 0)
s = 35: (0, 10, 22, 0, 6, 0, 20, 0, 0, 26, 0, 0)
s = 36: (0, 7, 23, 0, 4, 0, 20, 0, 0, 11, 0, 0)
s = 37: (0, 6, 30, 0, 4, 0, 36, 0, 0, 25, 0, 0)
s = 38: (0, 7, 26, 0, 5, 0, 19, 0, 0, 18, 0, 0)
s = 39: (0, 6, 28, 0, 3, 0, 24, 0, 0, 15, 0, 0)
s = 40: (0, 5, 21, 0, 3, 0, 22, 0, 0, 14, 0, 0)
s = 41: (0, 13, 29, 0, 3, 0, 39, 0, 0, 11, 0, 0)
s = 42: (0, 6, 23, 0, 3, 0, 27, 0, 0, 16, 0, 0)
s = 43: (0, 10, 19, 0, 5, 0, 26, 0, 0, 18, 0, 0)
s = 44: (0, 8, 20, 0, 3, 0, 14, 0, 0, 22, 0, 0)
s = 45: (0, 12, 34, 0, 4, 0, 18, 0, 0, 17, 0, 0)
s = 46: (0, 10, 22, 0, 4, 0, 26, 0, 0, 17, 0, 0)
s = 47: (0, 9, 24, 0, 4, 0, 19, 0, 0, 15, 0, 0)
s = 48: (0, 6, 25, 0, 3, 0, 32, 0, 0, 24, 0, 0)
s = 49: (0, 7, 21, 0, 6, 0, 20, 0, 0, 24, 0, 0)
s = 50: (0, 14, 18, 0, 3, 0, 26, 0, 0, 9, 0, 0)
s = 51: (0, 6, 27, 0, 6, 0, 35, 0, 0, 12, 0, 0)
s = 52: (0, 12, 20, 0, 4, 0, 15, 0, 0, 14, 0, 0)
s = 53: (0, 10, 22, 0, 4, 0, 19, 0, 0, 18, 0, 0)
s = 54: (0, 13, 34, 0, 3, 0, 24, 0, 0, 10, 0, 0)
s = 55: (0, 6, 40, 0, 4, 0, 22, 0, 0, 18, 0, 0)
s = 56: (0, 8, 37, 0, 3, 0, 27, 0, 0, 11, 0, 0)
s = 57: (0, 9, 20, 0, 5, 0, 17, 0, 0, 9, 0, 0)
s = 58: (0, 11, 22, 0, 4, 0, 19, 0, 0, 14, 0, 0)
s = 59: (0, 7, 45, 0, 5, 0, 22, 0, 0, 18, 0, 0)
s = 60: (0, 6, 29, 0, 5, 0, 16, 0, 0, 15, 0, 0)
s = 61: (0, 5, 38, 0, 4, 0, 33, 0, 0, 22, 0, 0)
s = 62: (0, 8, 31, 0, 4, 0, 24, 0, 0, 18, 0, 0)
s = 63: (0, 8, 29, 0, 5, 0, 26, 0, 0, 16, 0, 0)
s = 64: (0, 9, 25, 0, 3, 0, 17, 0, 0, 15, 0, 0)
s = 65: (0, 9, 22, 0, 5, 0, 19, 0, 0, 11, 0, 0)
s = 66: (0, 9, 25, 0, 3, 0, 22, 0, 0, 23, 0, 0)
s = 67: (0, 7, 21, 0, 4, 0, 18, 0, 0, 18, 0, 0)
s = 68: (0, 9, 23, 0, 4, 0, 35, 0, 0, 13, 0, 0)
s = 69: (0, 8, 20, 0, 4, 0, 38, 0, 0, 24, 0, 0)
s = 70: (0, 9, 30, 0, 6, 0, 41, 0, 0, 17, 0, 0)
s = 71: (0, 8, 27, 0, 4, 0, 35, 0, 0, 15, 0, 0)
s = 72: (0, 12, 40, 0, 4, 0, 22, 0, 0, 13, 0, 0)
s = 73: (0, 6, 25, 0, 4, 0, 36, 0, 0, 16, 0, 0)
s = 74: (0, 10, 20, 0, 3, 0, 17, 0, 0, 19, 0, 0)
s = 75: (0, 13, 26, 0, 3, 0, 18, 0, 0, 11, 0, 0)
s = 76: (0, 6, 25, 0, 6, 0, 21, 0, 0, 17, 0, 0)
s = 77: (0, 12, 24, 0, 4, 0, 18, 0, 0, 20, 0, 0)
s = 78: (0, 13, 24, 0, 3, 0, 24, 0, 0, 21, 0, 0)
s = 79: (0, 8, 27, 0, 5, 0, 26, 0, 0, 11, 0, 0)
s = 80: (0, 10, 24, 0, 7, 0, 21, 0, 0, 14, 0, 0)
s = 81: (0, 11, 42, 0, 5, 0, 17, 0, 0, 14, 0, 0)
s = 82: (0, 6, 25, 0, 4, 0, 28, 0, 0, 12, 0, 0)
s = 83: (0, 13, 16, 0, 6, 0, 27, 0, 0, 15, 0, 0)
s = 84: (0, 15, 35, 0, 3, 0, 28, 0, 0, 20, 0, 0)
s = 85: (0, 5, 35, 0, 5, 0, 35, 0, 0, 22, 0, 0)
s = 86: (0, 7, 42, 0, 5, 0, 30, 0, 0, 21, 0, 0)
s = 87: (0, 10, 21, 0, 5, 0, 29, 0, 0, 11, 0, 0)
s = 88: (0, 7, 28, 0, 5, 0, 15, 0, 0, 27, 0, 0)
s = 89: (0, 8, 19, 0, 5, 0, 29, 0, 0, 13, 0, 0)
s = 90: (0, 10, 16, 0, 4, 0, 27, 0, 0, 12, 0, 0)
s = 91: (0, 5, 21, 0, 4, 0, 20, 0, 0, 13, 0, 0)
s = 92: (0, 8, 19, 0, 4, 0, 32, 0, 0, 14, 0, 0)
s = 93: (0, 9, 22, 0, 3, 0, 27, 0, 0, 12, 0, 0)
s = 94: (0, 8, 27, 0, 5, 0, 44, 0, 0, 13, 0, 0)
s = 95: (0, 8, 24, 0, 4, 0, 18, 0, 0, 16, 0, 0)
s = 96: (0, 10, 30, 0, 4, 0, 21, 0, 0, 12, 0, 0)
s = 97: (0, 6, 18, 0, 8, 0, 30, 0, 0, 21, 0, 0)
s = 98: (0, 8, 38, 0, 4, 0, 20, 0, 0, 12, 0, 0)
s = 99: (0, 7, 31, 0, 4, 0, 21, 0, 0, 24, 0, 0)
s = 100: (0, 9, 40, 0, 3, 0, 23, 0, 0, 21, 0, 0)
s = 101: (0, 6, 30, 0, 5, 0, 29, 0, 0, 23, 0, 0)
s = 102: (0, 8, 27, 0, 4, 0, 30, 0, 0, 12, 0, 0)
s = 103: (0, 8, 24, 0, 6, 0, 27, 0, 0, 13, 0, 0)
s = 104: (0, 10, 31, 0, 4, 0, 21, 0, 0, 10, 0, 0)
s = 105: (0, 8, 25, 0, 3, 0, 18, 0, 0, 21, 0, 0)
s = 106: (0, 6, 23, 0, 6, 0, 27, 0, 0, 21, 0, 0)
s = 107: (0, 8, 37, 0, 6, 0, 22, 0, 0, 11, 0, 0)
s = 108: (0, 7, 29, 0, 7, 0, 20, 0, 0, 9, 0, 0)
s = 109: (0, 10, 17, 0, 3, 0, 13, 0, 0, 17, 0, 0)
s = 110: (0, 11, 28, 0, 3, 0, 21, 0, 0, 16, 0, 0)
s = 111: (0, 11, 17, 0, 4, 0, 18, 0, 0, 12, 0, 0)
s = 112: (0, 12, 27, 0, 5, 0, 22, 0, 0, 24, 0, 0)
s = 113: (0, 8, 26, 0, 4, 0, 43, 0, 0, 14, 0, 0)
s = 114: (0, 9, 44, 0, 4, 0, 20, 0, 0, 15, 0, 0)
s = 115: (0, 8, 53, 0, 4, 0, 17, 0, 0, 19, 0, 0)
s = 116: (0, 9, 26, 0, 3, 0, 21, 0, 0, 12, 0, 0)
s = 117: (0, 5, 23, 0, 5, 0, 28, 0, 0, 13, 0, 0)
s = 118: (0, 7, 20, 0, 6, 0, 28, 0, 0, 12, 0, 0)
s = 119: (0, 9, 20, 0, 3, 0, 27, 0, 0, 20, 0, 0)
s = 120: (0, 7, 24, 0, 5, 0, 32, 0, 0, 11, 0, 0)
s = 121: (0, 10, 22, 0, 5, 0, 27, 0, 0, 17, 0, 0)
s = 122: (0, 9, 15, 0, 5, 0, 22, 0, 0, 17, 0, 0)
s = 123: (0, 7, 24, 0, 5, 0, 25, 0, 0, 28, 0, 0)
s = 124: (0, 11, 21, 0, 3, 0, 21, 0, 0, 13, 0, 0)
s = 125: (0, 11, 30, 0, 4, 0, 21, 0, 0, 10, 0, 0)
s = 126: (0, 5, 21, 0, 4, 0, 30, 0, 0, 15, 0, 0)
s = 127: (0, 9, 24, 0, 5, 0, 18, 0, 0, 17, 0, 0)
s = 128: (0, 6, 31, 0, 4, 0, 24, 0, 0, 12, 0, 0)
s = 129: (0, 8, 49, 0, 3, 0, 19, 0, 0, 14, 0, 0)
s = 130: (0, 9, 25, 0, 4, 0, 17, 0, 0, 20, 0, 0)
s = 131: (0, 7, 28, 0, 7, 0, 18, 0, 0, 20, 0, 0)
s = 132: (0, 8, 28, 0, 4, 0, 20, 0, 0, 19, 0, 0)
s = 133: (0, 13, 48, 0, 7, 0, 20, 0, 0, 12, 0, 0)
s = 134: (0, 8, 31, 0, 4, 0, 19, 0, 0, 11, 0, 0)
s = 135: (0, 12, 17, 0, 5, 0, 20, 0, 0, 23, 0, 0)
s = 136: (0, 10, 21, 0, 3, 0, 14, 0, 0, 28, 0, 0)
s = 137: (0, 12, 40, 0, 4, 0, 20, 0, 0, 21, 0, 0)
s = 138: (0, 7, 19, 0, 3, 0, 17, 0, 0, 17, 0, 0)
s = 139: (0, 7, 35, 0, 5, 0, 29, 0, 0, 10, 0, 0)
s = 140: (0, 6, 27, 0, 6, 0, 21, 0, 0, 24, 0, 0)
s = 141: (0, 8, 25, 0, 4, 0, 34, 0, 0, 15, 0, 0)
s = 142: (0, 9, 44, 0, 3, 0, 16, 0, 0, 14, 0, 0)
s = 143: (0, 9, 23, 0, 3, 0, 20, 0, 0, 16, 0, 0)
s = 144: (0, 9, 24, 0, 5, 0, 26, 0, 0, 14, 0, 0)
s = 145: (0, 7, 31, 0, 5, 0, 18, 0, 0, 14, 0, 0)
s = 146: (0, 8, 22, 0, 5, 0, 21, 0, 0, 12, 0, 0)
s = 147: (0, 7, 36, 0, 3, 0, 28, 0, 0, 12, 0, 0)
s = 148: (0, 7, 15, 0, 5, 0, 22, 0, 0, 17, 0, 0)
s = 149: (0, 12, 17, 0, 4, 0, 25, 0, 0, 15, 0, 0)
s = 150: (0, 5, 38, 0, 6, 0, 22, 0, 0, 19, 0, 0)
s = 151: (0, 9, 39, 0, 4, 0, 25, 0, 0, 15, 0, 0)
s = 152: (0, 8, 34, 0, 5, 0, 33, 0, 0, 20, 0, 0)
s = 153: (0, 6, 21, 0, 5, 0, 32, 0, 0, 21, 0, 0)
s = 154: (0, 7, 35, 0, 4, 0, 20, 0, 0, 26, 0, 0)
s = 155: (0, 8, 41, 0, 5, 0, 17, 0, 0, 16, 0, 0)
s = 156: (0, 10, 26, 0, 4, 0, 18, 0, 0, 13, 0, 0)
s = 157: (0, 8, 26, 0, 6, 0, 16, 0, 0, 19, 0, 0)
s = 158: (0, 8, 35, 0, 6, 0, 19, 0, 0, 11, 0, 0)
s = 159: (0, 5, 19, 0, 4, 0, 27, 0, 0, 17, 0, 0)
s = 160: (0, 8, 37, 0, 4, 0, 20, 0, 0, 12, 0, 0)
s = 161: (0, 12, 24, 0, 5, 0, 17, 0, 0, 10, 0, 0)
s = 162: (0, 7, 26, 0, 5, 0, 26, 0, 0, 12, 0, 0)
s = 163: (0, 9, 44, 0, 4, 0, 30, 0, 0, 15, 0, 0)
s = 164: (0, 9, 34, 0, 5, 0, 25, 0, 0, 13, 0, 0)
s = 165: (0, 7, 24, 0, 4, 0, 33, 0, 0, 14, 0, 0)
s = 166: (0, 5, 48, 0, 7, 0, 18, 0, 0, 13, 0, 0)
s = 167: (0, 7, 21, 0, 4, 0, 13, 0, 0, 21, 0, 0)
s = 168: (0, 10, 31, 0, 4, 0, 22, 0, 0, 14, 0, 0)
s = 169: (0, 8, 35, 0, 3, 0, 32, 0, 0, 30, 0, 0)
s = 170: (0, 9, 27, 0, 3, 0, 26, 0, 0, 16, 0, 0)
s = 171: (0, 6, 32, 0, 5, 0, 39, 0, 0, 25, 0, 0)
s = 172: (0, 10, 18, 0, 4, 0, 13, 0, 0, 16, 0, 0)
s = 173: (0, 15, 26, 0, 5, 0, 16, 0, 0, 18, 0, 0)
s = 174: (0, 14, 25, 0, 4, 0, 26, 0, 0, 13, 0, 0)
s = 175: (0, 6, 30, 0, 4, 0, 28, 0, 0, 18, 0, 0)
s = 176: (0, 5, 21, 0, 3, 0, 33, 0, 0, 22, 0, 0)
s = 177: (0, 8, 30, 0, 6, 0, 22, 0, 0, 16, 0, 0)
s = 178: (0, 7, 23, 0, 5, 0, 29, 0, 0, 13, 0, 0)
s = 179: (0, 6, 42, 0, 5, 0, 34, 0, 0, 19, 0, 0)
s = 180: (0, 7, 23, 0, 4, 0, 32, 0, 0, 18, 0, 0)
s = 181: (0, 11, 42, 0, 5, 0, 22, 0, 0, 11, 0, 0)
s = 182: (0, 10, 34, 0, 3, 0, 21, 0, 0, 25, 0, 0)
s = 183: (0, 13, 24, 0, 6, 0, 16, 0, 0, 14, 0, 0)
s = 184: (0, 7, 35, 0, 7, 0, 16, 0, 0, 9, 0, 0)
s = 185: (0, 9, 24, 0, 4, 0, 26, 0, 0, 27, 0, 0)
s = 186: (0, 13, 19, 0, 3, 0, 24, 0, 0, 10, 0, 0)
s = 187: (0, 9, 38, 0, 4, 0, 24, 0, 0, 12, 0, 0)
s = 188: (0, 5, 25, 0, 3, 0, 27, 0, 0, 18, 0, 0)
s = 189: (0, 8, 43, 0, 5, 0, 26, 0, 0, 13, 0, 0)
s = 190: (0, 12, 41, 0, 4, 0, 30, 0, 0, 10, 0, 0)
s = 191: (0, 8, 40, 0, 5, 0, 26, 0, 0, 17, 0, 0)
s = 192: (0, 12, 21, 0, 4, 0, 28, 0, 0, 12, 0, 0)
s = 193: (0, 6, 37, 0, 3, 0, 24, 0, 0, 21, 0, 0)
s = 194: (0, 6, 32, 0, 3, 0, 32, 0, 0, 24, 0, 0)
s = 195: (0, 11, 27, 0, 3, 0, 19, 0, 0, 14, 0, 0)
s = 196: (0, 11, 45, 0, 5, 0, 23, 0, 0, 19, 0, 0)
s = 197: (0, 15, 43, 0, 5, 0, 14, 0, 0, 13, 0, 0)
s = 198: (0, 9, 25, 0, 6, 0, 19, 0, 0, 19, 0, 0)
s = 199: (0, 9, 19, 0, 4, 0, 24, 0, 0, 19, 0, 0)
s = 200: (0, 8, 15, 0, 6, 0, 20, 0, 0, 22, 0, 0)
------------------------------------------------------------------------
RESOURCE k = 3
s = 1: (0, 22, 32, 18, 8, 5, 36, 7, 8, 29, 21, 0)
s = 2: (0, 28, 18, 15, 7, 5, 40, 10, 8, 37, 15, 0)
s = 3: (0, 16, 31, 12, 7, 6, 29, 4, 12, 38, 27, 0)
s = 4: (0, 21, 22, 23, 9, 4, 18, 11, 8, 28, 13, 0)
s = 5: (0, 12, 39, 26, 9, 8, 23, 8, 7, 37, 28, 0)
s = 6: (0, 21, 31, 17, 12, 8, 33, 5, 5, 29, 22, 0)
s = 7: (0, 16, 40, 18, 8, 6, 18, 7, 7, 28, 17, 0)
s = 8: (0, 31, 32, 22, 10, 7, 24, 7, 6, 32, 22, 0)
s = 9: (0, 20, 24, 21, 11, 5, 45, 8, 9, 30, 25, 0)
s = 10: (0, 18, 22, 18, 7, 4, 31, 8, 6, 34, 28, 0)
s = 11: (0, 17, 29, 15, 12, 5, 27, 8, 11, 24, 32, 0)
s = 12: (0, 15, 33, 24, 5, 5, 39, 9, 7, 30, 20, 0)
s = 13: (0, 29, 36, 16, 8, 8, 47, 8, 8, 54, 16, 0)
s = 14: (0, 19, 38, 14, 6, 5, 39, 6, 6, 32, 19, 0)
s = 15: (0, 13, 34, 22, 12, 4, 23, 11, 5, 27, 19, 0)
s = 16: (0, 19, 30, 13, 7, 5, 30, 9, 9, 38, 12, 0)
s = 17: (0, 18, 30, 19, 11, 4, 31, 7, 14, 27, 24, 0)
s = 18: (0, 12, 25, 11, 12, 6, 31, 12, 6, 31, 20, 0)
s = 19: (0, 17, 21, 22, 8, 6, 32, 6, 8, 27, 18, 0)
s = 20: (0, 17, 22, 19, 11, 5, 35, 11, 7, 38, 23, 0)
s = 21: (0, 29, 34, 23, 9, 5, 20, 5, 11, 33, 13, 0)
s = 22: (0, 20, 34, 23, 10, 6, 32, 7, 11, 37, 17, 0)
s = 23: (0, 19, 23, 15, 7, 4, 23, 7, 8, 33, 19, 0)
s = 24: (0, 30, 40, 17, 11, 4, 39, 11, 6, 31, 18, 0)
s = 25: (0, 25, 27, 17, 10, 5, 41, 7, 8, 28, 18, 0)
s = 26: (0, 31, 25, 25, 8, 4, 22, 8, 6, 33, 23, 0)
s = 27: (0, 26, 41, 19, 9, 5, 24, 6, 7, 18, 17, 0)
s = 28: (0, 18, 32, 11, 9, 7, 31, 9, 5, 39, 12, 0)
s = 29: (0, 19, 23, 24, 7, 6, 45, 7, 6, 43, 29, 0)
s = 30: (0, 14, 29, 21, 7, 4, 37, 6, 9, 22, 20, 0)
s = 31: (0, 22, 24, 26, 8, 5, 32, 10, 8, 30, 32, 0)
s = 32: (0, 16, 25, 25, 9, 5, 20, 11, 7, 25, 25, 0)
s = 33: (0, 20, 44, 20, 7, 6, 22, 6, 11, 42, 18, 0)
s = 34: (0, 14, 38, 14, 9, 4, 47, 9, 7, 22, 26, 0)
s = 35: (0, 25, 22, 19, 11, 6, 27, 10, 9, 52, 14, 0)
s = 36: (0, 17, 23, 29, 7, 8, 26, 12, 10, 22, 32, 0)
s = 37: (0, 14, 30, 16, 8, 6, 47, 9, 7, 49, 22, 0)
s = 38: (0, 17, 26, 14, 10, 5, 25, 5, 9, 36, 14, 0)
s = 39: (0, 14, 28, 24, 6, 7, 31, 5, 10, 29, 15, 0)
s = 40: (0, 12, 21, 17, 6, 4, 29, 5, 13, 28, 33, 0)
s = 41: (0, 32, 29, 20, 6, 6, 52, 9, 6, 22, 17, 0)
s = 42: (0, 15, 23, 34, 5, 6, 35, 4, 7, 31, 14, 0)
s = 43: (0, 23, 19, 13, 10, 5, 34, 10, 7, 36, 30, 0)
s = 44: (0, 18, 20, 27, 6, 4, 18, 5, 8, 44, 12, 0)
s = 45: (0, 30, 34, 20, 8, 6, 24, 7, 11, 33, 20, 0)
s = 46: (0, 25, 22, 26, 8, 5, 34, 4, 9, 33, 18, 0)
s = 47: (0, 22, 24, 23, 7, 6, 26, 11, 5, 29, 24, 0)
s = 48: (0, 13, 25, 19, 6, 4, 42, 6, 7, 48, 22, 0)
s = 49: (0, 16, 21, 25, 11, 7, 26, 7, 7, 48, 13, 0)
s = 50: (0, 33, 18, 22, 6, 5, 35, 11, 6, 18, 20, 0)
s = 51: (0, 14, 27, 12, 12, 6, 46, 13, 10, 24, 23, 0)
s = 52: (0, 28, 20, 12, 8, 6, 20, 4, 12, 27, 20, 0)
s = 53: (0, 24, 22, 20, 8, 6, 26, 7, 10, 36, 25, 0)
s = 54: (0, 33, 34, 24, 6, 4, 32, 7, 7, 19, 19, 0)
s = 55: (0, 14, 40, 29, 8, 4, 29, 6, 8, 36, 20, 0)
s = 56: (0, 20, 37, 15, 5, 9, 36, 8, 6, 21, 26, 0)
s = 57: (0, 21, 20, 20, 9, 5, 22, 5, 7, 18, 15, 0)
s = 58: (0, 27, 22, 19, 7, 3, 25, 10, 9, 28, 13, 0)
s = 59: (0, 16, 45, 15, 9, 6, 29, 6, 8, 36, 30, 0)
s = 60: (0, 15, 29, 28, 9, 7, 21, 5, 6, 30, 13, 0)
s = 61: (0, 12, 38, 13, 7, 5, 44, 7, 6, 44, 18, 0)
s = 62: (0, 19, 31, 16, 8, 6, 32, 9, 5, 35, 29, 0)
s = 63: (0, 18, 29, 27, 10, 3, 35, 9, 11, 31, 20, 0)
s = 64: (0, 23, 25, 21, 5, 4, 23, 10, 11, 29, 24, 0)
s = 65: (0, 22, 22, 15, 9, 3, 26, 4, 11, 22, 23, 0)
s = 66: (0, 22, 25, 25, 5, 4, 29, 7, 16, 45, 16, 0)
s = 67: (0, 18, 21, 25, 7, 5, 23, 6, 8, 36, 22, 0)
s = 68: (0, 21, 23, 20, 7, 7, 46, 9, 10, 25, 19, 0)
s = 69: (0, 20, 20, 14, 7, 6, 51, 7, 7, 48, 12, 0)
s = 70: (0, 23, 30, 16, 12, 7, 55, 8, 6, 34, 15, 0)
s = 71: (0, 18, 27, 18, 8, 4, 47, 8, 7, 29, 16, 0)
s = 72: (0, 29, 40, 18, 7, 5, 30, 10, 8, 25, 33, 0)
s = 73: (0, 14, 25, 24, 7, 4, 48, 7, 9, 32, 29, 0)
s = 74: (0, 24, 20, 22, 6, 4, 22, 4, 6, 38, 23, 0)
s = 75: (0, 31, 26, 20, 6, 6, 24, 8, 11, 21, 15, 0)
s = 76: (0, 15, 25, 17, 11, 6, 27, 7, 8, 34, 26, 0)
s = 77: (0, 28, 24, 30, 7, 6, 24, 9, 10, 39, 18, 0)
s = 78: (0, 32, 24, 18, 5, 5, 32, 8, 8, 42, 24, 0)
s = 79: (0, 19, 27, 22, 10, 6, 34, 8, 11, 22, 23, 0)
s = 80: (0, 23, 24, 18, 13, 3, 28, 6, 13, 27, 15, 0)
s = 81: (0, 26, 42, 19, 9, 5, 23, 7, 9, 27, 26, 0)
s = 82: (0, 15, 25, 22, 7, 7, 37, 8, 10, 24, 14, 0)
s = 83: (0, 31, 16, 35, 12, 5, 36, 6, 8, 30, 18, 0)
s = 84: (0, 37, 35, 18, 5, 4, 37, 11, 11, 39, 27, 0)
s = 85: (0, 13, 35, 26, 9, 6, 46, 7, 7, 43, 25, 0)
s = 86: (0, 16, 42, 33, 9, 4, 40, 8, 9, 42, 24, 0)
s = 87: (0, 25, 21, 27, 10, 7, 39, 5, 12, 21, 34, 0)
s = 88: (0, 16, 28, 24, 9, 7, 20, 9, 8, 53, 21, 0)
s = 89: (0, 19, 19, 24, 9, 7, 39, 10, 5, 25, 16, 0)
s = 90: (0, 25, 16, 20, 8, 7, 35, 7, 6, 23, 19, 0)
s = 91: (0, 12, 21, 23, 7, 5, 26, 6, 11, 25, 17, 0)
s = 92: (0, 18, 19, 17, 7, 4, 43, 8, 8, 27, 23, 0)
s = 93: (0, 22, 22, 22, 6, 3, 36, 9, 7, 24, 30, 0)
s = 94: (0, 19, 27, 16, 9, 5, 58, 10, 10, 25, 13, 0)
s = 95: (0, 19, 24, 24, 7, 5, 24, 7, 7, 31, 17, 0)
s = 96: (0, 23, 30, 18, 7, 9, 27, 5, 9, 24, 16, 0)
s = 97: (0, 15, 18, 20, 15, 4, 40, 8, 11, 41, 21, 0)
s = 98: (0, 19, 38, 28, 8, 4, 26, 5, 6, 23, 20, 0)
s = 99: (0, 16, 31, 21, 8, 6, 28, 8, 7, 48, 35, 0)
s = 100: (0, 22, 40, 19, 5, 5, 30, 8, 7, 41, 18, 0)
s = 101: (0, 14, 30, 15, 10, 4, 38, 9, 12, 45, 25, 0)
s = 102: (0, 19, 27, 14, 8, 8, 40, 8, 6, 24, 23, 0)
s = 103: (0, 18, 24, 13, 11, 8, 36, 8, 7, 25, 21, 0)
s = 104: (0, 25, 31, 19, 8, 4, 28, 7, 7, 20, 26, 0)
s = 105: (0, 18, 25, 25, 5, 5, 24, 12, 11, 42, 32, 0)
s = 106: (0, 14, 23, 23, 11, 5, 36, 8, 9, 42, 18, 0)
s = 107: (0, 18, 37, 22, 12, 5, 30, 7, 10, 22, 22, 0)
s = 108: (0, 16, 29, 14, 13, 6, 27, 8, 9, 18, 23, 0)
s = 109: (0, 25, 17, 22, 6, 3, 17, 8, 12, 33, 21, 0)
s = 110: (0, 28, 28, 21, 5, 7, 28, 9, 8, 32, 30, 0)
s = 111: (0, 27, 17, 20, 7, 4, 23, 4, 12, 23, 12, 0)
s = 112: (0, 30, 27, 13, 9, 7, 30, 5, 10, 47, 15, 0)
s = 113: (0, 20, 26, 24, 8, 5, 58, 6, 5, 27, 30, 0)
s = 114: (0, 22, 44, 12, 7, 5, 26, 9, 8, 29, 26, 0)
s = 115: (0, 19, 53, 27, 7, 5, 23, 7, 12, 37, 30, 0)
s = 116: (0, 23, 26, 28, 6, 6, 28, 7, 6, 24, 26, 0)
s = 117: (0, 13, 23, 22, 9, 3, 38, 12, 12, 25, 12, 0)
s = 118: (0, 18, 20, 35, 12, 4, 37, 6, 7, 24, 27, 0)
s = 119: (0, 23, 20, 25, 6, 5, 35, 6, 10, 39, 24, 0)
s = 120: (0, 16, 24, 14, 9, 5, 43, 8, 6, 21, 15, 0)
s = 121: (0, 25, 22, 23, 9, 3, 36, 5, 7, 34, 31, 0)
s = 122: (0, 21, 15, 22, 9, 6, 30, 9, 6, 33, 20, 0)
s = 123: (0, 18, 24, 28, 10, 4, 33, 8, 11, 55, 16, 0)
s = 124: (0, 26, 21, 24, 6, 4, 28, 7, 8, 26, 21, 0)
s = 125: (0, 27, 30, 14, 7, 7, 28, 9, 6, 20, 28, 0)
s = 126: (0, 11, 21, 23, 7, 7, 40, 7, 12, 30, 13, 0)
s = 127: (0, 21, 24, 15, 9, 4, 23, 6, 6, 33, 24, 0)
s = 128: (0, 15, 31, 30, 7, 4, 31, 9, 11, 23, 24, 0)
s = 129: (0, 19, 49, 24, 6, 6, 25, 7, 8, 27, 19, 0)
s = 130: (0, 21, 25, 15, 8, 4, 23, 6, 11, 40, 15, 0)
s = 131: (0, 16, 28, 19, 13, 9, 23, 8, 6, 40, 33, 0)
s = 132: (0, 19, 28, 12, 7, 6, 27, 12, 11, 37, 36, 0)
s = 133: (0, 31, 48, 17, 14, 6, 27, 6, 10, 23, 21, 0)
s = 134: (0, 20, 31, 27, 7, 4, 26, 8, 6, 21, 19, 0)
s = 135: (0, 29, 17, 21, 9, 3, 27, 8, 10, 45, 14, 0)
s = 136: (0, 24, 21, 19, 6, 5, 19, 6, 10, 55, 19, 0)
s = 137: (0, 28, 40, 16, 7, 6, 26, 7, 5, 42, 29, 0)
s = 138: (0, 18, 19, 19, 6, 4, 22, 6, 12, 33, 18, 0)
s = 139: (0, 17, 35, 30, 9, 6, 38, 9, 9, 20, 12, 0)
s = 140: (0, 13, 27, 13, 12, 5, 27, 8, 7, 47, 15, 0)
s = 141: (0, 19, 25, 15, 8, 4, 45, 10, 11, 30, 13, 0)
s = 142: (0, 23, 44, 18, 5, 5, 22, 11, 7, 27, 20, 0)
s = 143: (0, 22, 23, 13, 6, 7, 26, 7, 10, 31, 21, 0)
s = 144: (0, 23, 24, 18, 9, 8, 34, 7, 12, 27, 17, 0)
s = 145: (0, 17, 31, 12, 10, 6, 24, 6, 13, 28, 12, 0)
s = 146: (0, 20, 22, 29, 10, 4, 28, 9, 8, 24, 20, 0)
s = 147: (0, 17, 36, 21, 5, 3, 37, 7, 6, 24, 27, 0)
s = 148: (0, 17, 15, 24, 10, 7, 29, 4, 8, 33, 23, 0)
s = 149: (0, 29, 17, 22, 7, 6, 33, 12, 14, 29, 15, 0)
s = 150: (0, 13, 38, 14, 12, 5, 29, 4, 5, 38, 20, 0)
s = 151: (0, 21, 39, 21, 8, 4, 33, 5, 7, 30, 26, 0)
s = 152: (0, 18, 34, 34, 10, 7, 44, 6, 8, 40, 21, 0)
s = 153: (0, 15, 21, 18, 10, 5, 42, 8, 8, 42, 16, 0)
s = 154: (0, 16, 35, 30, 7, 5, 26, 4, 5, 51, 22, 0)
s = 155: (0, 19, 41, 23, 10, 5, 23, 9, 7, 31, 19, 0)
s = 156: (0, 25, 26, 23, 8, 7, 24, 8, 7, 26, 26, 0)
s = 157: (0, 19, 26, 25, 11, 5, 21, 8, 7, 37, 30, 0)
s = 158: (0, 20, 35, 26, 11, 4, 25, 11, 9, 22, 20, 0)
s = 159: (0, 11, 19, 18, 7, 5, 36, 9, 8, 34, 24, 0)
s = 160: (0, 18, 37, 29, 7, 6, 26, 8, 5, 23, 23, 0)
s = 161: (0, 30, 24, 35, 10, 7, 23, 6, 13, 20, 16, 0)
s = 162: (0, 17, 26, 25, 9, 5, 35, 9, 7, 24, 19, 0)
s = 163: (0, 21, 44, 23, 8, 6, 40, 9, 9, 30, 20, 0)
s = 164: (0, 23, 34, 24, 9, 5, 33, 5, 9, 26, 13, 0)
s = 165: (0, 18, 24, 19, 7, 5, 43, 10, 10, 27, 18, 0)
s = 166: (0, 12, 48, 18, 13, 5, 24, 5, 11, 25, 15, 0)
s = 167: (0, 17, 21, 17, 7, 6, 17, 7, 6, 41, 27, 0)
s = 168: (0, 25, 31, 18, 8, 6, 30, 7, 9, 27, 32, 0)
s = 169: (0, 20, 35, 22, 6, 9, 43, 4, 7, 60, 19, 0)
s = 170: (0, 23, 27, 34, 5, 7, 34, 5, 6, 31, 33, 0)
s = 171: (0, 13, 32, 20, 9, 4, 51, 5, 10, 49, 14, 0)
s = 172: (0, 23, 18, 30, 8, 6, 18, 9, 8, 32, 17, 0)
s = 173: (0, 36, 26, 28, 10, 6, 21, 7, 7, 36, 15, 0)
s = 174: (0, 33, 25, 14, 7, 7, 35, 11, 12, 25, 21, 0)
s = 175: (0, 15, 30, 29, 7, 7, 37, 7, 10, 35, 16, 0)
s = 176: (0, 13, 21, 14, 6, 6, 43, 7, 10, 43, 13, 0)
s = 177: (0, 19, 30, 28, 12, 7, 29, 6, 10, 31, 20, 0)
s = 178: (0, 16, 23, 25, 9, 6, 39, 10, 9, 26, 15, 0)
s = 179: (0, 15, 42, 29, 9, 9, 46, 5, 7, 37, 23, 0)
s = 180: (0, 16, 23, 16, 8, 5, 43, 5, 9, 35, 13, 0)
s = 181: (0, 27, 42, 27, 10, 7, 29, 10, 8, 21, 19, 0)
s = 182: (0, 23, 34, 17, 5, 7, 28, 6, 5, 49, 24, 0)
s = 183: (0, 31, 24, 25, 11, 7, 21, 7, 9, 28, 19, 0)
s = 184: (0, 16, 35, 18, 13, 5, 21, 5, 6, 18, 23, 0)
s = 185: (0, 22, 24, 20, 8, 9, 35, 7, 13, 54, 14, 0)
s = 186: (0, 31, 19, 19, 5, 4, 32, 5, 7, 20, 25, 0)
s = 187: (0, 22, 38, 24, 7, 7, 31, 7, 16, 23, 21, 0)
s = 188: (0, 12, 25, 17, 6, 6, 36, 7, 7, 35, 16, 0)
s = 189: (0, 18, 43, 32, 10, 4, 34, 8, 10, 26, 20, 0)
s = 190: (0, 30, 41, 13, 7, 5, 40, 12, 7, 19, 21, 0)
s = 191: (0, 19, 40, 26, 10, 6, 35, 6, 6, 33, 23, 0)
s = 192: (0, 29, 21, 33, 8, 7, 37, 8, 9, 23, 29, 0)
s = 193: (0, 15, 37, 14, 6, 5, 31, 11, 8, 41, 17, 0)
s = 194: (0, 14, 32, 17, 6, 4, 43, 7, 7, 47, 16, 0)
s = 195: (0, 26, 27, 18, 6, 5, 26, 7, 7, 27, 18, 0)
s = 196: (0, 27, 45, 15, 10, 5, 31, 5, 11, 37, 22, 0)
s = 197: (0, 37, 43, 27, 10, 4, 18, 7, 8, 26, 24, 0)
s = 198: (0, 21, 25, 20, 12, 5, 25, 6, 10, 37, 20, 0)
s = 199: (0, 21, 19, 13, 7, 5, 32, 8, 9, 38, 25, 0)
s = 200: (0, 19, 15, 14, 11, 4, 26, 11, 7, 44, 16, 0)
------------------------------------------------------------------------
RESOURCE k = 4
s = 1: (0, 34, 27, 8, 7, 9, 31, 7, 7, 15, 37, 0)
s = 2: (0, 44, 15, 6, 6, 8, 35, 10, 7, 19, 27, 0)
s = 3: (0, 26, 27, 5, 6, 10, 25, 4, 11, 19, 48, 0)
s = 4: (0, 33, 19, 9, 8, 7, 16, 11, 7, 14, 23, 0)
s = 5: (0, 19, 33, 11, 8, 14, 21, 8, 6, 19, 51, 0)
s = 6: (0, 33, 27, 7, 11, 15, 29, 5, 4, 15, 39, 0)
s = 7: (0, 25, 35, 7, 7, 10, 16, 7, 6, 14, 31, 0)
s = 8: (0, 50, 27, 9, 9, 12, 21, 7, 5, 16, 38, 0)
s = 9: (0, 32, 20, 9, 10, 8, 40, 8, 8, 15, 44, 0)
s = 10: (0, 29, 19, 7, 6, 8, 27, 8, 6, 17, 50, 0)
s = 11: (0, 27, 25, 6, 10, 8, 24, 8, 10, 12, 57, 0)
s = 12: (0, 24, 28, 10, 4, 9, 34, 9, 7, 15, 35, 0)
s = 13: (0, 46, 31, 7, 7, 14, 41, 8, 7, 27, 29, 0)
s = 14: (0, 31, 33, 6, 5, 8, 34, 6, 5, 16, 33, 0)
s = 15: (0, 21, 29, 9, 10, 7, 20, 11, 5, 14, 34, 0)
s = 16: (0, 30, 26, 5, 7, 8, 26, 9, 8, 19, 21, 0)
s = 17: (0, 29, 25, 8, 10, 7, 27, 7, 12, 14, 43, 0)
s = 18: (0, 19, 22, 5, 11, 11, 27, 12, 6, 16, 35, 0)
s = 19: (0, 27, 18, 9, 7, 11, 28, 6, 7, 14, 32, 0)
s = 20: (0, 26, 19, 8, 9, 8, 31, 11, 6, 19, 42, 0)
s = 21: (0, 47, 29, 9, 8, 9, 17, 5, 10, 17, 23, 0)
s = 22: (0, 32, 29, 10, 9, 11, 28, 7, 9, 19, 31, 0)
s = 23: (0, 31, 20, 6, 6, 6, 20, 7, 7, 17, 34, 0)
s = 24: (0, 47, 35, 7, 9, 7, 34, 11, 5, 16, 32, 0)
s = 25: (0, 40, 23, 7, 9, 9, 36, 7, 7, 14, 32, 0)
s = 26: (0, 50, 21, 10, 7, 6, 19, 8, 5, 17, 41, 0)
s = 27: (0, 42, 35, 8, 8, 8, 21, 6, 6, 9, 31, 0)
s = 28: (0, 28, 28, 5, 8, 12, 27, 9, 4, 20, 21, 0)
s = 29: (0, 31, 19, 10, 7, 10, 39, 7, 6, 22, 52, 0)
s = 30: (0, 22, 25, 9, 6, 8, 33, 6, 8, 11, 36, 0)
s = 31: (0, 34, 21, 11, 7, 8, 28, 10, 7, 15, 57, 0)
s = 32: (0, 25, 21, 10, 8, 9, 17, 11, 6, 13, 45, 0)
s = 33: (0, 31, 38, 8, 6, 10, 20, 6, 9, 21, 33, 0)
s = 34: (0, 22, 32, 6, 8, 8, 41, 9, 6, 11, 46, 0)
s = 35: (0, 40, 19, 8, 9, 10, 24, 10, 8, 26, 26, 0)
s = 36: (0, 27, 20, 12, 6, 13, 23, 12, 9, 11, 57, 0)
s = 37: (0, 23, 25, 7, 7, 10, 42, 9, 6, 25, 40, 0)
s = 38: (0, 27, 23, 6, 9, 8, 22, 5, 8, 18, 24, 0)
s = 39: (0, 23, 24, 10, 5, 12, 28, 5, 9, 15, 27, 0)
s = 40: (0, 19, 18, 7, 5, 7, 26, 5, 11, 14, 60, 0)
s = 41: (0, 50, 25, 8, 5, 10, 45, 9, 5, 11, 30, 0)
s = 42: (0, 24, 20, 14, 4, 10, 31, 4, 6, 16, 24, 0)
s = 43: (0, 37, 16, 6, 8, 9, 30, 10, 6, 18, 53, 0)
s = 44: (0, 29, 17, 11, 5, 7, 16, 5, 7, 22, 21, 0)
s = 45: (0, 47, 29, 8, 7, 11, 21, 7, 10, 17, 35, 0)
s = 46: (0, 40, 19, 11, 7, 9, 30, 4, 8, 17, 31, 0)
s = 47: (0, 34, 21, 9, 7, 11, 22, 11, 4, 15, 43, 0)
s = 48: (0, 21, 22, 8, 6, 7, 37, 6, 6, 24, 38, 0)
s = 49: (0, 25, 18, 10, 10, 12, 23, 7, 6, 24, 22, 0)
s = 50: (0, 53, 16, 9, 6, 9, 31, 11, 6, 9, 36, 0)
s = 51: (0, 23, 23, 5, 11, 11, 41, 13, 9, 12, 41, 0)
s = 52: (0, 45, 17, 5, 7, 11, 17, 4, 10, 14, 36, 0)
s = 53: (0, 37, 19, 8, 7, 10, 23, 7, 9, 18, 45, 0)
s = 54: (0, 52, 29, 10, 6, 7, 28, 7, 6, 10, 34, 0)
s = 55: (0, 22, 34, 12, 7, 6, 25, 6, 7, 18, 36, 0)
s = 56: (0, 32, 32, 6, 5, 16, 32, 8, 5, 11, 46, 0)
s = 57: (0, 33, 18, 8, 8, 9, 19, 5, 6, 9, 27, 0)
s = 58: (0, 43, 19, 8, 6, 6, 22, 10, 8, 14, 23, 0)
s = 59: (0, 25, 39, 6, 8, 10, 25, 6, 7, 18, 54, 0)
s = 60: (0, 24, 25, 11, 8, 12, 18, 5, 6, 15, 23, 0)
s = 61: (0, 19, 32, 5, 6, 8, 38, 7, 5, 22, 32, 0)
s = 62: (0, 30, 26, 7, 7, 10, 28, 9, 5, 18, 51, 0)
s = 63: (0, 29, 25, 11, 9, 5, 31, 9, 10, 16, 36, 0)
s = 64: (0, 36, 21, 9, 5, 8, 20, 10, 10, 15, 43, 0)
s = 65: (0, 35, 19, 6, 8, 6, 23, 4, 10, 11, 41, 0)
s = 66: (0, 35, 21, 10, 4, 7, 26, 7, 14, 23, 29, 0)
s = 67: (0, 28, 18, 10, 6, 8, 21, 6, 7, 18, 40, 0)
s = 68: (0, 34, 20, 8, 6, 12, 40, 9, 8, 13, 33, 0)
s = 69: (0, 31, 17, 6, 6, 11, 45, 7, 6, 24, 22, 0)
s = 70: (0, 36, 26, 7, 11, 11, 48, 8, 5, 17, 27, 0)
s = 71: (0, 29, 23, 7, 7, 6, 41, 8, 6, 15, 28, 0)
s = 72: (0, 46, 34, 8, 7, 9, 26, 10, 7, 13, 60, 0)
s = 73: (0, 23, 21, 10, 6, 7, 42, 7, 8, 16, 51, 0)
s = 74: (0, 38, 17, 9, 6, 7, 19, 4, 5, 19, 41, 0)
s = 75: (0, 49, 22, 8, 5, 10, 21, 8, 10, 11, 26, 0)
s = 76: (0, 23, 22, 7, 9, 10, 24, 7, 7, 17, 46, 0)
s = 77: (0, 45, 21, 12, 6, 10, 21, 9, 8, 20, 32, 0)
s = 78: (0, 51, 21, 7, 5, 9, 28, 8, 7, 21, 43, 0)
s = 79: (0, 31, 23, 9, 8, 10, 30, 8, 10, 11, 41, 0)
s = 80: (0, 37, 21, 8, 12, 5, 24, 6, 11, 14, 26, 0)
s = 81: (0, 41, 36, 8, 8, 9, 20, 7, 8, 14, 46, 0)
s = 82: (0, 23, 22, 9, 6, 11, 33, 8, 9, 12, 25, 0)
s = 83: (0, 50, 14, 14, 11, 8, 32, 6, 7, 15, 31, 0)
s = 84: (0, 58, 30, 7, 5, 6, 33, 11, 9, 20, 49, 0)
s = 85: (0, 20, 30, 11, 8, 10, 40, 7, 6, 22, 44, 0)
s = 86: (0, 26, 36, 14, 8, 6, 35, 8, 8, 21, 42, 0)
s = 87: (0, 39, 18, 11, 9, 12, 34, 5, 11, 11, 60, 0)
s = 88: (0, 25, 24, 10, 8, 12, 18, 9, 7, 27, 37, 0)
s = 89: (0, 31, 17, 10, 8, 12, 34, 10, 4, 13, 29, 0)
s = 90: (0, 40, 14, 8, 7, 12, 31, 7, 6, 12, 33, 0)
s = 91: (0, 19, 18, 10, 6, 9, 23, 6, 10, 13, 30, 0)
s = 92: (0, 29, 16, 7, 6, 6, 38, 8, 7, 14, 41, 0)
s = 93: (0, 35, 19, 9, 6, 6, 31, 9, 6, 12, 53, 0)
s = 94: (0, 31, 23, 7, 8, 9, 51, 10, 9, 13, 23, 0)
s = 95: (0, 31, 21, 10, 6, 9, 21, 7, 6, 16, 31, 0)
s = 96: (0, 37, 26, 8, 7, 16, 24, 5, 8, 12, 28, 0)
s = 97: (0, 23, 16, 8, 13, 7, 35, 8, 9, 21, 37, 0)
s = 98: (0, 30, 33, 12, 7, 8, 23, 5, 5, 12, 36, 0)
s = 99: (0, 25, 26, 9, 7, 10, 25, 8, 6, 24, 63, 0)
s = 100: (0, 36, 34, 8, 4, 8, 27, 8, 7, 21, 32, 0)
s = 101: (0, 22, 25, 6, 9, 7, 33, 9, 10, 23, 45, 0)
s = 102: (0, 31, 23, 6, 7, 14, 35, 8, 5, 12, 40, 0)
s = 103: (0, 29, 21, 5, 10, 14, 32, 8, 6, 13, 38, 0)
s = 104: (0, 39, 27, 8, 7, 7, 24, 7, 6, 10, 47, 0)
s = 105: (0, 29, 22, 10, 5, 8, 21, 12, 10, 21, 57, 0)
s = 106: (0, 22, 20, 9, 9, 9, 31, 8, 8, 21, 32, 0)
s = 107: (0, 29, 32, 9, 11, 8, 26, 7, 9, 11, 40, 0)
s = 108: (0, 25, 25, 6, 12, 10, 23, 8, 8, 9, 41, 0)
s = 109: (0, 40, 15, 9, 6, 6, 15, 8, 11, 17, 37, 0)
s = 110: (0, 44, 24, 9, 5, 12, 25, 9, 7, 16, 53, 0)
s = 111: (0, 43, 15, 8, 6, 7, 21, 4, 10, 12, 21, 0)
s = 112: (0, 48, 23, 6, 8, 12, 26, 5, 9, 24, 26, 0)
s = 113: (0, 31, 23, 10, 7, 9, 51, 6, 5, 14, 54, 0)
s = 114: (0, 34, 38, 5, 6, 9, 23, 9, 7, 15, 46, 0)
s = 115: (0, 30, 45, 11, 7, 8, 20, 7, 11, 19, 54, 0)
s = 116: (0, 36, 23, 11, 6, 10, 25, 7, 6, 12, 46, 0)
s = 117: (0, 20, 20, 9, 8, 6, 33, 12, 11, 13, 22, 0)
s = 118: (0, 28, 17, 14, 11, 7, 32, 6, 7, 12, 49, 0)
s = 119: (0, 36, 17, 10, 5, 9, 31, 6, 9, 20, 42, 0)
s = 120: (0, 26, 21, 6, 8, 9, 38, 8, 5, 11, 26, 0)
s = 121: (0, 40, 19, 9, 8, 6, 32, 5, 6, 17, 55, 0)
s = 122: (0, 33, 13, 9, 8, 11, 26, 9, 5, 17, 36, 0)
s = 123: (0, 28, 21, 11, 9, 8, 29, 8, 10, 28, 29, 0)
s = 124: (0, 41, 18, 10, 6, 7, 24, 7, 7, 13, 37, 0)
s = 125: (0, 43, 26, 6, 7, 13, 25, 9, 5, 10, 50, 0)
s = 126: (0, 18, 18, 9, 6, 12, 35, 7, 11, 15, 23, 0)
s = 127: (0, 33, 20, 6, 8, 7, 21, 6, 5, 17, 42, 0)
s = 128: (0, 23, 27, 12, 6, 6, 28, 9, 9, 12, 43, 0)
s = 129: (0, 30, 42, 10, 5, 10, 22, 7, 7, 14, 33, 0)
s = 130: (0, 33, 21, 6, 7, 7, 20, 6, 9, 20, 27, 0)
s = 131: (0, 26, 24, 8, 11, 15, 20, 8, 5, 20, 59, 0)
s = 132: (0, 30, 24, 5, 6, 11, 24, 12, 9, 19, 65, 0)
s = 133: (0, 49, 41, 7, 12, 10, 23, 6, 9, 12, 38, 0)
s = 134: (0, 32, 26, 11, 6, 8, 22, 8, 5, 11, 33, 0)
s = 135: (0, 46, 15, 9, 8, 6, 23, 8, 9, 23, 25, 0)
s = 136: (0, 38, 18, 8, 5, 8, 17, 6, 9, 28, 34, 0)
s = 137: (0, 45, 34, 7, 6, 11, 23, 7, 4, 21, 51, 0)
s = 138: (0, 28, 17, 8, 5, 6, 19, 6, 10, 17, 32, 0)
s = 139: (0, 27, 30, 12, 8, 10, 33, 9, 8, 10, 22, 0)
s = 140: (0, 21, 23, 6, 11, 8, 24, 8, 6, 24, 27, 0)
s = 141: (0, 30, 21, 6, 7, 6, 39, 10, 9, 15, 24, 0)
s = 142: (0, 36, 38, 7, 5, 9, 19, 11, 6, 14, 35, 0)
s = 143: (0, 36, 20, 6, 5, 11, 23, 7, 9, 16, 37, 0)
s = 144: (0, 36, 21, 8, 8, 15, 30, 7, 10, 14, 30, 0)
s = 145: (0, 27, 27, 5, 9, 11, 21, 6, 12, 14, 21, 0)
s = 146: (0, 31, 19, 12, 9, 7, 24, 9, 7, 12, 36, 0)
s = 147: (0, 27, 31, 9, 5, 5, 32, 7, 6, 12, 48, 0)
s = 148: (0, 27, 13, 10, 9, 13, 25, 4, 7, 17, 40, 0)
s = 149: (0, 45, 14, 9, 6, 11, 29, 12, 12, 15, 26, 0)
s = 150: (0, 20, 32, 6, 11, 8, 26, 4, 4, 19, 36, 0)
s = 151: (0, 33, 34, 9, 7, 7, 29, 5, 6, 15, 46, 0)
s = 152: (0, 29, 30, 14, 9, 11, 38, 6, 7, 20, 38, 0)
s = 153: (0, 24, 18, 8, 8, 8, 37, 8, 7, 21, 29, 0)
s = 154: (0, 25, 30, 12, 7, 9, 23, 4, 4, 26, 40, 0)
s = 155: (0, 29, 35, 9, 9, 9, 20, 9, 6, 16, 34, 0)
s = 156: (0, 39, 22, 9, 7, 13, 21, 8, 6, 13, 46, 0)
s = 157: (0, 30, 22, 10, 10, 9, 18, 8, 6, 19, 53, 0)
s = 158: (0, 32, 30, 11, 10, 7, 22, 11, 8, 11, 36, 0)
s = 159: (0, 18, 16, 7, 6, 9, 32, 9, 7, 17, 43, 0)
s = 160: (0, 29, 32, 12, 6, 11, 23, 8, 5, 12, 41, 0)
s = 161: (0, 47, 21, 14, 8, 12, 20, 6, 12, 10, 29, 0)
s = 162: (0, 27, 22, 10, 8, 9, 30, 9, 6, 12, 34, 0)
s = 163: (0, 33, 38, 10, 7, 10, 35, 9, 8, 15, 36, 0)
s = 164: (0, 36, 29, 10, 8, 8, 29, 5, 8, 13, 24, 0)
s = 165: (0, 28, 20, 8, 6, 9, 38, 10, 9, 14, 32, 0)
s = 166: (0, 19, 41, 8, 12, 8, 21, 5, 9, 13, 27, 0)
s = 167: (0, 27, 18, 7, 6, 10, 15, 7, 5, 21, 49, 0)
s = 168: (0, 39, 26, 8, 7, 11, 26, 7, 8, 14, 57, 0)
s = 169: (0, 32, 30, 9, 5, 16, 38, 4, 6, 30, 34, 0)
s = 170: (0, 36, 23, 14, 5, 13, 30, 5, 5, 16, 59, 0)
s = 171: (0, 21, 28, 8, 8, 6, 45, 5, 9, 25, 25, 0)
s = 172: (0, 37, 16, 12, 7, 10, 16, 9, 7, 16, 31, 0)
s = 173: (0, 58, 23, 12, 9, 10, 19, 7, 6, 18, 26, 0)
s = 174: (0, 53, 21, 6, 6, 12, 30, 11, 11, 13, 37, 0)
s = 175: (0, 23, 26, 12, 6, 13, 33, 7, 9, 18, 29, 0)
s = 176: (0, 20, 18, 6, 5, 11, 38, 7, 9, 22, 23, 0)
s = 177: (0, 31, 26, 12, 10, 11, 25, 6, 8, 16, 36, 0)
s = 178: (0, 25, 20, 10, 8, 10, 34, 10, 8, 13, 27, 0)
s = 179: (0, 24, 36, 12, 8, 16, 40, 5, 6, 19, 41, 0)
s = 180: (0, 25, 20, 7, 7, 9, 38, 5, 8, 18, 23, 0)
s = 181: (0, 42, 36, 11, 9, 13, 25, 10, 7, 11, 33, 0)
s = 182: (0, 37, 29, 7, 4, 12, 24, 6, 5, 25, 42, 0)
s = 183: (0, 50, 21, 10, 10, 13, 18, 7, 8, 14, 35, 0)
s = 184: (0, 25, 30, 7, 12, 8, 18, 5, 6, 9, 41, 0)
s = 185: (0, 34, 20, 8, 7, 15, 30, 7, 11, 27, 24, 0)
s = 186: (0, 49, 17, 8, 4, 7, 28, 5, 6, 10, 44, 0)
s = 187: (0, 35, 33, 10, 7, 13, 28, 7, 14, 12, 37, 0)
s = 188: (0, 19, 22, 7, 5, 11, 32, 7, 6, 18, 29, 0)
s = 189: (0, 29, 37, 13, 9, 6, 30, 8, 9, 13, 36, 0)
s = 190: (0, 48, 35, 5, 6, 9, 35, 12, 6, 10, 37, 0)
s = 191: (0, 30, 34, 11, 8, 11, 30, 6, 6, 17, 40, 0)
s = 192: (0, 47, 18, 13, 7, 12, 33, 8, 8, 12, 51, 0)
s = 193: (0, 24, 31, 6, 6, 8, 27, 11, 7, 21, 31, 0)
s = 194: (0, 22, 27, 7, 5, 7, 38, 7, 6, 24, 29, 0)
s = 195: (0, 41, 23, 8, 5, 9, 23, 7, 6, 14, 32, 0)
s = 196: (0, 42, 39, 6, 9, 9, 27, 5, 10, 19, 40, 0)
s = 197: (0, 59, 37, 11, 9, 6, 16, 7, 7, 13, 43, 0)
s = 198: (0, 34, 21, 8, 11, 8, 22, 6, 8, 19, 35, 0)
s = 199: (0, 33, 16, 5, 6, 8, 28, 8, 8, 19, 45, 0)
s = 200: (0, 31, 13, 6, 9, 8, 23, 11, 6, 22, 28, 0)
************************************************************************
ES/LS-VALUES:
jobnr.   ES(i)    LS(i)
------------------------------------------------------------------------
  0        0        0
  1        0       61
  2        0       69
  3        0       59
  4        7       69
  5        7       69
  6        3       63
  7        3       69
  8       10       77
  9        9       71
 10       10       71
 11       17       79
************************************************************************
BIG-M-VALUES:
M1 = 55, M2 = 196
************************************************************************
