************************************************************************
file with basedata            : j30_36.bas
initial value random generator: 177668812
************************************************************************
projects                      :  1
jobs (incl. supersource/sink ):  32
horizon                       :  172
RESOURCES
  - renewable                 :  4   R
  - nonrenewable              :  0   N
  - doubly constrained        :  0   D
************************************************************************
PROJECT INFORMATION:
pronr.  #jobs rel.date duedate tardcost  MPM-Time
    1     30      0       51       28       51
************************************************************************
PRECEDENCE RELATIONS:
jobnr.    #modes  #successors   successors
   0        1          3           1   2   3
   1        1          3           7  10  24
   2        1          3           4   8  26
   3        1          3           5   9  11
   4        1          3           6  14  21
   5        1          2          16  22
   6        1          3          12  17  28
   7        1          1          25
   8        1          3          14  19  29
   9        1          3          17  19  20
  10        1          2          11  12
  11        1          2          13  18
  12        1          2          15  18
  13        1          1          23
  14        1          2          17  28
  15        1          3          16  22  25
  16        1          2          19  29
  17        1          1          18
  18        1          1          22
  19        1          1          30
  20        1          1          28
  21        1          2          23  24
  22        1          2          23  27
  23        1          1          30
  24        1          1          25
  25        1          2          27  29
  26        1          1          27
  27        1          1          30
  28        1          1          31
  29        1          1          31
  30        1          1          31
  31        1          0        
************************************************************************
REQUESTS/DURATIONS:
jobnr. mode duration  R 1  R 2  R 3  R 4  E(W 1)  E(W 2)  E(W 3)  E(W 4)
------------------------------------------------------------------------
  0      1     0       0    0    0    0     0       0       0       0
  1      1     8       0    5    0    0     0      40       0       0
  2      1     5       0    2    0    0     0      10       0       0
  3      1     8       0    3    0    0     0      24       0       0
  4      1     9       0    0    2    0     0       0      18       0
  5      1     1       0    0    1    0     0       0       2       0
  6      1     6       0    0    0    1     0       0       0      12
  7      1    10      10    0    0    0    100       0       0       0
  8      1    10       0    0    0    7     0       0       0      70
  9      1     7       0    3    0    0     0      21       0       0
 10      1    10       8    0    0    0    80       0       0       0
 11      1     2       0    0    3    0     0       0       6       0
 12      1    10       0    0    0    2     0       0       0      20
 13      1     3       0    5    0    0     0      15       0       0
 14      1     8       0    0    4    0     0       0      32       0
 15      1     1       5    0    0    0     5       0       0       0
 16      1     5       0    0    9    0     0       0      45       0
 17      1     7       0    0    3    0     0       0      21       0
 18      1     1       0    0    7    0     0       0       7       0
 19      1     3       0    0    0    4     0       0       0      12
 20      1     5       0    8    0    0     0      40       0       0
 21      1     6      10    0    0    0    60       0       0       0
 22      1    10       2    0    0    0    20       0       0       0
 23      1     2       5    0    0    0    10       0       0       0
 24      1     8       6    0    0    0    48       0       0       0
 25      1     5       0    0    0    4     0       0       0      20
 26      1     1       2    0    0    0     2       0       0       0
 27      1     2       0    9    0    0     0      18       0       0
 28      1     4       0    0    6    0     0       0      24       0
 29      1     7       0    0    5    0     0       0      35       0
 30      1     8       0    0    0    1     0       0       0      16
 31      1     0       0    0    0    0     0       0       0       0
************************************************************************
RESOURCEAVAILABILITIES:
  R 1  R 2  R 3  R 4
   28   10    9    8
************************************************************************
RESOURCE LIMITS:
jobnr.  l(R 1)  u(R 1)  l(R 2)  u(R 2)  l(R 3)  u(R 3)  l(R 4)  u(R 4)
------------------------------------------------------------------------
  0        0       0       0       0       0       0       0       0
  1        0       0       3       5       0       0       0       0
  2        0       0       1       2       0       0       0       0
  3        0       0       2       3       0       0       0       0
  4        0       0       0       0       1       2       0       0
  5        0       0       0       0       1       2       0       0
  6        0       0       0       0       0       0       1       2
  7        5      10       0       0       0       0       0       0
  8        0       0       0       0       0       0       4       7
  9        0       0       2       3       0       0       0       0
 10        4       8       0       0       0       0       0       0
 11        0       0       0       0       2       3       0       0
 12        0       0       0       0       0       0       1       2
 13        0       0       3       5       0       0       0       0
 14        0       0       0       0       2       4       0       0
 15        3       5       0       0       0       0       0       0
 16        0       0       0       0       5       9       0       0
 17        0       0       0       0       2       3       0       0
 18        0       0       0       0       4       7       0       0
 19        0       0       0       0       0       0       2       4
 20        0       0       4       8       0       0       0       0
 21        5      10       0       0       0       0       0       0
 22        1       2       0       0       0       0       0       0
 23        3       5       0       0       0       0       0       0
 24        3       6       0       0       0       0       0       0
 25        0       0       0       0       0       0       2       4
 26        1       2       0       0       0       0       0       0
 27        0       0       5       9       0       0       0       0
 28        0       0       0       0       3       6       0       0
 29        0       0       0       0       3       5       0       0
 30        0       0       0       0       0       0       1       2
 31        0       0       0       0       0       0       0       0
************************************************************************
SCENARIOS:
------------------------------------------------------------------------
RESOURCE k = 1
s = 1: (0, 0, 0, 0, 0, 0, 0, 132, 0, 0, 66, 0, 0, 0, 0, 5, 0, 0, 0, 0, 0, 79, 20, 16, 32, 0, 2, 0, 0, 0, 0, 0)
s = 2: (0, 0, 0, 0, 0, 0, 0, 74, 0, 0, 57, 0, 0, 0, 0, 5, 0, 0, 0, 0, 0, 47, 27, 10, 37, 0, 2, 0, 0, 0, 0, 0)
s = 3: (0, 0, 0, 0, 0, 0, 0, 67, 0, 0, 80, 0, 0, 0, 0, 8, 0, 0, 0, 0, 0, 38, 37, 16, 56, 0, 3, 0, 0, 0, 0, 0)
s = 4: (0, 0, 0, 0, 0, 0, 0, 106, 0, 0, 126, 0, 0, 0, 0, 7, 0, 0, 0, 0, 0, 56, 29, 17, 38, 0, 3, 0, 0, 0, 0, 0)
s = 5: (0, 0, 0, 0, 0, 0, 0, 110, 0, 0, 62, 0, 0, 0, 0, 4, 0, 0, 0, 0, 0, 72, 20, 11, 53, 0, 2, 0, 0, 0, 0, 0)
s = 6: (0, 0, 0, 0, 0, 0, 0, 64, 0, 0, 111, 0, 0, 0, 0, 5, 0, 0, 0, 0, 0, 60, 18, 9, 29, 0, 3, 0, 0, 0, 0, 0)
s = 7: (0, 0, 0, 0, 0, 0, 0, 69, 0, 0, 123, 0, 0, 0, 0, 6, 0, 0, 0, 0, 0, 66, 20, 8, 38, 0, 3, 0, 0, 0, 0, 0)
s = 8: (0, 0, 0, 0, 0, 0, 0, 86, 0, 0, 87, 0, 0, 0, 0, 6, 0, 0, 0, 0, 0, 71, 20, 11, 61, 0, 2, 0, 0, 0, 0, 0)
s = 9: (0, 0, 0, 0, 0, 0, 0, 81, 0, 0, 68, 0, 0, 0, 0, 5, 0, 0, 0, 0, 0, 66, 30, 11, 48, 0, 2, 0, 0, 0, 0, 0)
s = 10: (0, 0, 0, 0, 0, 0, 0, 183, 0, 0, 71, 0, 0, 0, 0, 3, 0, 0, 0, 0, 0, 71, 16, 9, 47, 0, 3, 0, 0, 0, 0, 0)
s = 11: (0, 0, 0, 0, 0, 0, 0, 137, 0, 0, 64, 0, 0, 0, 0, 7, 0, 0, 0, 0, 0, 64, 19, 8, 68, 0, 2, 0, 0, 0, 0, 0)
s = 12: (0, 0, 0, 0, 0, 0, 0, 77, 0, 0, 99, 0, 0, 0, 0, 5, 0, 0, 0, 0, 0, 48, 11, 9, 60, 0, 2, 0, 0, 0, 0, 0)
s = 13: (0, 0, 0, 0, 0, 0, 0, 74, 0, 0, 113, 0, 0, 0, 0, 4, 0, 0, 0, 0, 0, 80, 28, 15, 30, 0, 2, 0, 0, 0, 0, 0)
s = 14: (0, 0, 0, 0, 0, 0, 0, 82, 0, 0, 105, 0, 0, 0, 0, 7, 0, 0, 0, 0, 0, 92, 13, 11, 29, 0, 2, 0, 0, 0, 0, 0)
s = 15: (0, 0, 0, 0, 0, 0, 0, 90, 0, 0, 76, 0, 0, 0, 0, 6, 0, 0, 0, 0, 0, 95, 14, 16, 37, 0, 2, 0, 0, 0, 0, 0)
s = 16: (0, 0, 0, 0, 0, 0, 0, 139, 0, 0, 54, 0, 0, 0, 0, 6, 0, 0, 0, 0, 0, 38, 29, 7, 46, 0, 2, 0, 0, 0, 0, 0)
s = 17: (0, 0, 0, 0, 0, 0, 0, 61, 0, 0, 71, 0, 0, 0, 0, 9, 0, 0, 0, 0, 0, 37, 18, 8, 61, 0, 3, 0, 0, 0, 0, 0)
s = 18: (0, 0, 0, 0, 0, 0, 0, 108, 0, 0, 76, 0, 0, 0, 0, 7, 0, 0, 0, 0, 0, 49, 15, 10, 52, 0, 2, 0, 0, 0, 0, 0)
s = 19: (0, 0, 0, 0, 0, 0, 0, 152, 0, 0, 138, 0, 0, 0, 0, 6, 0, 0, 0, 0, 0, 57, 28, 10, 69, 0, 2, 0, 0, 0, 0, 0)
s = 20: (0, 0, 0, 0, 0, 0, 0, 111, 0, 0, 50, 0, 0, 0, 0, 5, 0, 0, 0, 0, 0, 54, 17, 9, 43, 0, 3, 0, 0, 0, 0, 0)
s = 21: (0, 0, 0, 0, 0, 0, 0, 108, 0, 0, 70, 0, 0, 0, 0, 6, 0, 0, 0, 0, 0, 39, 19, 11, 32, 0, 2, 0, 0, 0, 0, 0)
s = 22: (0, 0, 0, 0, 0, 0, 0, 91, 0, 0, 63, 0, 0, 0, 0, 4, 0, 0, 0, 0, 0, 53, 33, 8, 37, 0, 2, 0, 0, 0, 0, 0)
s = 23: (0, 0, 0, 0, 0, 0, 0, 78, 0, 0, 112, 0, 0, 0, 0, 9, 0, 0, 0, 0, 0, 75, 17, 7, 48, 0, 3, 0, 0, 0, 0, 0)
s = 24: (0, 0, 0, 0, 0, 0, 0, 96, 0, 0, 87, 0, 0, 0, 0, 7, 0, 0, 0, 0, 0, 36, 20, 7, 72, 0, 2, 0, 0, 0, 0, 0)
s = 25: (0, 0, 0, 0, 0, 0, 0, 64, 0, 0, 112, 0, 0, 0, 0, 6, 0, 0, 0, 0, 0, 72, 17, 17, 74, 0, 3, 0, 0, 0, 0, 0)
s = 26: (0, 0, 0, 0, 0, 0, 0, 93, 0, 0, 54, 0, 0, 0, 0, 4, 0, 0, 0, 0, 0, 51, 25, 13, 52, 0, 3, 0, 0, 0, 0, 0)
s = 27: (0, 0, 0, 0, 0, 0, 0, 92, 0, 0, 82, 0, 0, 0, 0, 4, 0, 0, 0, 0, 0, 44, 16, 12, 69, 0, 2, 0, 0, 0, 0, 0)
s = 28: (0, 0, 0, 0, 0, 0, 0, 112, 0, 0, 59, 0, 0, 0, 0, 6, 0, 0, 0, 0, 0, 88, 33, 9, 28, 0, 3, 0, 0, 0, 0, 0)
s = 29: (0, 0, 0, 0, 0, 0, 0, 55, 0, 0, 69, 0, 0, 0, 0, 5, 0, 0, 0, 0, 0, 72, 19, 15, 39, 0, 2, 0, 0, 0, 0, 0)
s = 30: (0, 0, 0, 0, 0, 0, 0, 75, 0, 0, 65, 0, 0, 0, 0, 5, 0, 0, 0, 0, 0, 83, 12, 9, 41, 0, 2, 0, 0, 0, 0, 0)
s = 31: (0, 0, 0, 0, 0, 0, 0, 149, 0, 0, 83, 0, 0, 0, 0, 7, 0, 0, 0, 0, 0, 46, 17, 6, 89, 0, 3, 0, 0, 0, 0, 0)
s = 32: (0, 0, 0, 0, 0, 0, 0, 114, 0, 0, 132, 0, 0, 0, 0, 6, 0, 0, 0, 0, 0, 97, 18, 7, 38, 0, 2, 0, 0, 0, 0, 0)
s = 33: (0, 0, 0, 0, 0, 0, 0, 131, 0, 0, 60, 0, 0, 0, 0, 6, 0, 0, 0, 0, 0, 42, 15, 18, 39, 0, 3, 0, 0, 0, 0, 0)
s = 34: (0, 0, 0, 0, 0, 0, 0, 134, 0, 0, 49, 0, 0, 0, 0, 5, 0, 0, 0, 0, 0, 90, 13, 18, 61, 0, 2, 0, 0, 0, 0, 0)
s = 35: (0, 0, 0, 0, 0, 0, 0, 148, 0, 0, 62, 0, 0, 0, 0, 7, 0, 0, 0, 0, 0, 52, 27, 7, 41, 0, 3, 0, 0, 0, 0, 0)
s = 36: (0, 0, 0, 0, 0, 0, 0, 66, 0, 0, 66, 0, 0, 0, 0, 4, 0, 0, 0, 0, 0, 45, 14, 13, 75, 0, 2, 0, 0, 0, 0, 0)
s = 37: (0, 0, 0, 0, 0, 0, 0, 141, 0, 0, 108, 0, 0, 0, 0, 4, 0, 0, 0, 0, 0, 62, 26, 9, 67, 0, 3, 0, 0, 0, 0, 0)
s = 38: (0, 0, 0, 0, 0, 0, 0, 91, 0, 0, 103, 0, 0, 0, 0, 5, 0, 0, 0, 0, 0, 85, 23, 7, 83, 0, 2, 0, 0, 0, 0, 0)
s = 39: (0, 0, 0, 0, 0, 0, 0, 154, 0, 0, 95, 0, 0, 0, 0, 5, 0, 0, 0, 0, 0, 58, 22, 8, 41, 0, 3, 0, 0, 0, 0, 0)
s = 40: (0, 0, 0, 0, 0, 0, 0, 101, 0, 0, 76, 0, 0, 0, 0, 8, 0, 0, 0, 0, 0, 37, 16, 9, 64, 0, 3, 0, 0, 0, 0, 0)
s = 41: (0, 0, 0, 0, 0, 0, 0, 76, 0, 0, 54, 0, 0, 0, 0, 5, 0, 0, 0, 0, 0, 79, 19, 10, 41, 0, 4, 0, 0, 0, 0, 0)
s = 42: (0, 0, 0, 0, 0, 0, 0, 104, 0, 0, 50, 0, 0, 0, 0, 5, 0, 0, 0, 0, 0, 75, 14, 7, 54, 0, 2, 0, 0, 0, 0, 0)
s = 43: (0, 0, 0, 0, 0, 0, 0, 85, 0, 0, 92, 0, 0, 0, 0, 6, 0, 0, 0, 0, 0, 65, 19, 10, 51, 0, 2, 0, 0, 0, 0, 0)
s = 44: (0, 0, 0, 0, 0, 0, 0, 91, 0, 0, 130, 0, 0, 0, 0, 6, 0, 0, 0, 0, 0, 40, 13, 12, 34, 0, 3, 0, 0, 0, 0, 0)
s = 45: (0, 0, 0, 0, 0, 0, 0, 83, 0, 0, 90, 0, 0, 0, 0, 5, 0, 0, 0, 0, 0, 43, 14, 11, 65, 0, 3, 0, 0, 0, 0, 0)
s = 46: (0, 0, 0, 0, 0, 0, 0, 96, 0, 0, 45, 0, 0, 0, 0, 5, 0, 0, 0, 0, 0, 36, 17, 10, 30, 0, 3, 0, 0, 0, 0, 0)
s = 47: (0, 0, 0, 0, 0, 0, 0, 136, 0, 0, 80, 0, 0, 0, 0, 5, 0, 0, 0, 0, 0, 34, 15, 7, 60, 0, 2, 0, 0, 0, 0, 0)
s = 48: (0, 0, 0, 0, 0, 0, 0, 124, 0, 0, 115, 0, 0, 0, 0, 5, 0, 0, 0, 0, 0, 37, 19, 14, 34, 0, 2, 0, 0, 0, 0, 0)
s = 49: (0, 0, 0, 0, 0, 0, 0, 68, 0, 0, 61, 0, 0, 0, 0, 3, 0, 0, 0, 0, 0, 34, 19, 12, 46, 0, 2, 0, 0, 0, 0, 0)
s = 50: (0, 0, 0, 0, 0, 0, 0, 119, 0, 0, 123, 0, 0, 0, 0, 9, 0, 0, 0, 0, 0, 51, 21, 9, 57, 0, 2, 0, 0, 0, 0, 0)
s = 51: (0, 0, 0, 0, 0, 0, 0, 93, 0, 0, 119, 0, 0, 0, 0, 4, 0, 0, 0, 0, 0, 42, 18, 6, 73, 0, 2, 0, 0, 0, 0, 0)
s = 52: (0, 0, 0, 0, 0, 0, 0, 80, 0, 0, 56, 0, 0, 0, 0, 6, 0, 0, 0, 0, 0, 73, 15, 13, 47, 0, 2, 0, 0, 0, 0, 0)
s = 53: (0, 0, 0, 0, 0, 0, 0, 132, 0, 0, 74, 0, 0, 0, 0, 6, 0, 0, 0, 0, 0, 43, 13, 8, 30, 0, 2, 0, 0, 0, 0, 0)
s = 54: (0, 0, 0, 0, 0, 0, 0, 133, 0, 0, 78, 0, 0, 0, 0, 7, 0, 0, 0, 0, 0, 69, 16, 14, 42, 0, 2, 0, 0, 0, 0, 0)
s = 55: (0, 0, 0, 0, 0, 0, 0, 95, 0, 0, 74, 0, 0, 0, 0, 4, 0, 0, 0, 0, 0, 48, 17, 12, 38, 0, 3, 0, 0, 0, 0, 0)
s = 56: (0, 0, 0, 0, 0, 0, 0, 79, 0, 0, 81, 0, 0, 0, 0, 6, 0, 0, 0, 0, 0, 47, 25, 9, 41, 0, 2, 0, 0, 0, 0, 0)
s = 57: (0, 0, 0, 0, 0, 0, 0, 67, 0, 0, 78, 0, 0, 0, 0, 6, 0, 0, 0, 0, 0, 56, 15, 8, 73, 0, 3, 0, 0, 0, 0, 0)
s = 58: (0, 0, 0, 0, 0, 0, 0, 100, 0, 0, 136, 0, 0, 0, 0, 7, 0, 0, 0, 0, 0, 37, 22, 12, 56, 0, 3, 0, 0, 0, 0, 0)
s = 59: (0, 0, 0, 0, 0, 0, 0, 134, 0, 0, 97, 0, 0, 0, 0, 5, 0, 0, 0, 0, 0, 65, 34, 12, 33, 0, 3, 0, 0, 0, 0, 0)
s = 60: (0, 0, 0, 0, 0, 0, 0, 142, 0, 0, 56, 0, 0, 0, 0, 8, 0, 0, 0, 0, 0, 65, 11, 10, 61, 0, 2, 0, 0, 0, 0, 0)
s = 61: (0, 0, 0, 0, 0, 0, 0, 91, 0, 0, 63, 0, 0, 0, 0, 6, 0, 0, 0, 0, 0, 87, 21, 8, 61, 0, 3, 0, 0, 0, 0, 0)
s = 62: (0, 0, 0, 0, 0, 0, 0, 74, 0, 0, 140, 0, 0, 0, 0, 5, 0, 0, 0, 0, 0, 35, 28, 16, 72, 0, 2, 0, 0, 0, 0, 0)
s = 63: (0, 0, 0, 0, 0, 0, 0, 67, 0, 0, 110, 0, 0, 0, 0, 8, 0, 0, 0, 0, 0, 49, 31, 11, 47, 0, 2, 0, 0, 0, 0, 0)
s = 64: (0, 0, 0, 0, 0, 0, 0, 78, 0, 0, 101, 0, 0, 0, 0, 5, 0, 0, 0, 0, 0, 62, 21, 7, 60, 0, 2, 0, 0, 0, 0, 0)
s = 65: (0, 0, 0, 0, 0, 0, 0, 113, 0, 0, 101, 0, 0, 0, 0, 4, 0, 0, 0, 0, 0, 67, 15, 12, 39, 0, 2, 0, 0, 0, 0, 0)
s = 66: (0, 0, 0, 0, 0, 0, 0, 114, 0, 0, 66, 0, 0, 0, 0, 6, 0, 0, 0, 0, 0, 75, 15, 7, 40, 0, 2, 0, 0, 0, 0, 0)
s = 67: (0, 0, 0, 0, 0, 0, 0, 93, 0, 0, 130, 0, 0, 0, 0, 7, 0, 0, 0, 0, 0, 47, 26, 13, 57, 0, 2, 0, 0, 0, 0, 0)
s = 68: (0, 0, 0, 0, 0, 0, 0, 115, 0, 0, 50, 0, 0, 0, 0, 7, 0, 0, 0, 0, 0, 71, 27, 7, 54, 0, 2, 0, 0, 0, 0, 0)
s = 69: (0, 0, 0, 0, 0, 0, 0, 95, 0, 0, 110, 0, 0, 0, 0, 4, 0, 0, 0, 0, 0, 40, 12, 11, 42, 0, 2, 0, 0, 0, 0, 0)
s = 70: (0, 0, 0, 0, 0, 0, 0, 112, 0, 0, 54, 0, 0, 0, 0, 8, 0, 0, 0, 0, 0, 97, 18, 10, 41, 0, 2, 0, 0, 0, 0, 0)
s = 71: (0, 0, 0, 0, 0, 0, 0, 117, 0, 0, 120, 0, 0, 0, 0, 9, 0, 0, 0, 0, 0, 61, 22, 11, 57, 0, 2, 0, 0, 0, 0, 0)
s = 72: (0, 0, 0, 0, 0, 0, 0, 63, 0, 0, 47, 0, 0, 0, 0, 9, 0, 0, 0, 0, 0, 94, 27, 9, 46, 0, 2, 0, 0, 0, 0, 0)
s = 73: (0, 0, 0, 0, 0, 0, 0, 105, 0, 0, 80, 0, 0, 0, 0, 4, 0, 0, 0, 0, 0, 69, 22, 6, 73, 0, 2, 0, 0, 0, 0, 0)
s = 74: (0, 0, 0, 0, 0, 0, 0, 151, 0, 0, 67, 0, 0, 0, 0, 5, 0, 0, 0, 0, 0, 42, 22, 14, 30, 0, 3, 0, 0, 0, 0, 0)
s = 75: (0, 0, 0, 0, 0, 0, 0, 143, 0, 0, 95, 0, 0, 0, 0, 8, 0, 0, 0, 0, 0, 77, 14, 13, 60, 0, 3, 0, 0, 0, 0, 0)
s = 76: (0, 0, 0, 0, 0, 0, 0, 79, 0, 0, 57, 0, 0, 0, 0, 5, 0, 0, 0, 0, 0, 86, 37, 11, 73, 0, 4, 0, 0, 0, 0, 0)
s = 77: (0, 0, 0, 0, 0, 0, 0, 117, 0, 0, 124, 0, 0, 0, 0, 8, 0, 0, 0, 0, 0, 78, 25, 11, 65, 0, 2, 0, 0, 0, 0, 0)
s = 78: (0, 0, 0, 0, 0, 0, 0, 75, 0, 0, 93, 0, 0, 0, 0, 5, 0, 0, 0, 0, 0, 58, 20, 11, 40, 0, 2, 0, 0, 0, 0, 0)
s = 79: (0, 0, 0, 0, 0, 0, 0, 70, 0, 0, 127, 0, 0, 0, 0, 4, 0, 0, 0, 0, 0, 60, 22, 11, 75, 0, 3, 0, 0, 0, 0, 0)
s = 80: (0, 0, 0, 0, 0, 0, 0, 123, 0, 0, 50, 0, 0, 0, 0, 7, 0, 0, 0, 0, 0, 39, 20, 8, 35, 0, 2, 0, 0, 0, 0, 0)
s = 81: (0, 0, 0, 0, 0, 0, 0, 82, 0, 0, 91, 0, 0, 0, 0, 3, 0, 0, 0, 0, 0, 54, 27, 6, 60, 0, 2, 0, 0, 0, 0, 0)
s = 82: (0, 0, 0, 0, 0, 0, 0, 92, 0, 0, 92, 0, 0, 0, 0, 6, 0, 0, 0, 0, 0, 44, 22, 12, 26, 0, 2, 0, 0, 0, 0, 0)
s = 83: (0, 0, 0, 0, 0, 0, 0, 134, 0, 0, 64, 0, 0, 0, 0, 6, 0, 0, 0, 0, 0, 80, 22, 9, 54, 0, 3, 0, 0, 0, 0, 0)
s = 84: (0, 0, 0, 0, 0, 0, 0, 116, 0, 0, 48, 0, 0, 0, 0, 5, 0, 0, 0, 0, 0, 69, 20, 14, 59, 0, 2, 0, 0, 0, 0, 0)
s = 85: (0, 0, 0, 0, 0, 0, 0, 84, 0, 0, 91, 0, 0, 0, 0, 4, 0, 0, 0, 0, 0, 35, 16, 14, 37, 0, 2, 0, 0, 0, 0, 0)
s = 86: (0, 0, 0, 0, 0, 0, 0, 125, 0, 0, 48, 0, 0, 0, 0, 5, 0, 0, 0, 0, 0, 53, 34, 10, 34, 0, 2, 0, 0, 0, 0, 0)
s = 87: (0, 0, 0, 0, 0, 0, 0, 61, 0, 0, 94, 0, 0, 0, 0, 4, 0, 0, 0, 0, 0, 41, 12, 9, 38, 0, 2, 0, 0, 0, 0, 0)
s = 88: (0, 0, 0, 0, 0, 0, 0, 97, 0, 0, 97, 0, 0, 0, 0, 5, 0, 0, 0, 0, 0, 53, 26, 13, 48, 0, 3, 0, 0, 0, 0, 0)
s = 89: (0, 0, 0, 0, 0, 0, 0, 119, 0, 0, 60, 0, 0, 0, 0, 4, 0, 0, 0, 0, 0, 40, 24, 13, 58, 0, 2, 0, 0, 0, 0, 0)
s = 90: (0, 0, 0, 0, 0, 0, 0, 68, 0, 0, 94, 0, 0, 0, 0, 5, 0, 0, 0, 0, 0, 59, 16, 16, 47, 0, 3, 0, 0, 0, 0, 0)
s = 91: (0, 0, 0, 0, 0, 0, 0, 145, 0, 0, 85, 0, 0, 0, 0, 4, 0, 0, 0, 0, 0, 72, 21, 10, 46, 0, 3, 0, 0, 0, 0, 0)
s = 92: (0, 0, 0, 0, 0, 0, 0, 87, 0, 0, 114, 0, 0, 0, 0, 6, 0, 0, 0, 0, 0, 34, 32, 9, 45, 0, 2, 0, 0, 0, 0, 0)
s = 93: (0, 0, 0, 0, 0, 0, 0, 148, 0, 0, 82, 0, 0, 0, 0, 7, 0, 0, 0, 0, 0, 73, 23, 10, 31, 0, 3, 0, 0, 0, 0, 0)
s = 94: (0, 0, 0, 0, 0, 0, 0, 78, 0, 0, 53, 0, 0, 0, 0, 6, 0, 0, 0, 0, 0, 53, 19, 9, 37, 0, 2, 0, 0, 0, 0, 0)
s = 95: (0, 0, 0, 0, 0, 0, 0, 83, 0, 0, 62, 0, 0, 0, 0, 6, 0, 0, 0, 0, 0, 44, 19, 13, 46, 0, 2, 0, 0, 0, 0, 0)
s = 96: (0, 0, 0, 0, 0, 0, 0, 105, 0, 0, 104, 0, 0, 0, 0, 5, 0, 0, 0, 0, 0, 52, 14, 13, 35, 0, 2, 0, 0, 0, 0, 0)
s = 97: (0, 0, 0, 0, 0, 0, 0, 126, 0, 0, 97, 0, 0, 0, 0, 6, 0, 0, 0, 0, 0, 54, 19, 8, 46, 0, 2, 0, 0, 0, 0, 0)
s = 98: (0, 0, 0, 0, 0, 0, 0, 74, 0, 0, 64, 0, 0, 0, 0, 4, 0, 0, 0, 0, 0, 72, 15, 13, 29, 0, 2, 0, 0, 0, 0, 0)
s = 99: (0, 0, 0, 0, 0, 0, 0, 73, 0, 0, 83, 0, 0, 0, 0, 6, 0, 0, 0, 0, 0, 44, 25, 11, 76, 0, 3, 0, 0, 0, 0, 0)
s = 100: (0, 0, 0, 0, 0, 0, 0, 80, 0, 0, 92, 0, 0, 0, 0, 4, 0, 0, 0, 0, 0, 88, 21, 13, 40, 0, 2, 0, 0, 0, 0, 0)
s = 101: (0, 0, 0, 0, 0, 0, 0, 98, 0, 0, 75, 0, 0, 0, 0, 4, 0, 0, 0, 0, 0, 79, 18, 14, 47, 0, 3, 0, 0, 0, 0, 0)
s = 102: (0, 0, 0, 0, 0, 0, 0, 104, 0, 0, 101, 0, 0, 0, 0, 6, 0, 0, 0, 0, 0, 55, 17, 10, 36, 0, 3, 0, 0, 0, 0, 0)
s = 103: (0, 0, 0, 0, 0, 0, 0, 108, 0, 0, 84, 0, 0, 0, 0, 6, 0, 0, 0, 0, 0, 48, 18, 14, 72, 0, 3, 0, 0, 0, 0, 0)
s = 104: (0, 0, 0, 0, 0, 0, 0, 81, 0, 0, 110, 0, 0, 0, 0, 9, 0, 0, 0, 0, 0, 74, 32, 9, 67, 0, 2, 0, 0, 0, 0, 0)
s = 105: (0, 0, 0, 0, 0, 0, 0, 106, 0, 0, 62, 0, 0, 0, 0, 5, 0, 0, 0, 0, 0, 53, 21, 12, 79, 0, 2, 0, 0, 0, 0, 0)
s = 106: (0, 0, 0, 0, 0, 0, 0, 91, 0, 0, 86, 0, 0, 0, 0, 5, 0, 0, 0, 0, 0, 42, 16, 12, 61, 0, 2, 0, 0, 0, 0, 0)
s = 107: (0, 0, 0, 0, 0, 0, 0, 115, 0, 0, 110, 0, 0, 0, 0, 4, 0, 0, 0, 0, 0, 53, 24, 8, 47, 0, 2, 0, 0, 0, 0, 0)
s = 108: (0, 0, 0, 0, 0, 0, 0, 60, 0, 0, 94, 0, 0, 0, 0, 3, 0, 0, 0, 0, 0, 39, 17, 9, 39, 0, 3, 0, 0, 0, 0, 0)
s = 109: (0, 0, 0, 0, 0, 0, 0, 94, 0, 0, 107, 0, 0, 0, 0, 9, 0, 0, 0, 0, 0, 44, 23, 8, 56, 0, 2, 0, 0, 0, 0, 0)
s = 110: (0, 0, 0, 0, 0, 0, 0, 88, 0, 0, 67, 0, 0, 0, 0, 4, 0, 0, 0, 0, 0, 34, 18, 16, 36, 0, 3, 0, 0, 0, 0, 0)
s = 111: (0, 0, 0, 0, 0, 0, 0, 109, 0, 0, 47, 0, 0, 0, 0, 5, 0, 0, 0, 0, 0, 50, 27, 8, 46, 0, 2, 0, 0, 0, 0, 0)
s = 112: (0, 0, 0, 0, 0, 0, 0, 130, 0, 0, 85, 0, 0, 0, 0, 4, 0, 0, 0, 0, 0, 75, 16, 13, 80, 0, 4, 0, 0, 0, 0, 0)
s = 113: (0, 0, 0, 0, 0, 0, 0, 101, 0, 0, 101, 0, 0, 0, 0, 5, 0, 0, 0, 0, 0, 50, 17, 8, 63, 0, 3, 0, 0, 0, 0, 0)
s = 114: (0, 0, 0, 0, 0, 0, 0, 102, 0, 0, 65, 0, 0, 0, 0, 9, 0, 0, 0, 0, 0, 92, 23, 12, 41, 0, 2, 0, 0, 0, 0, 0)
s = 115: (0, 0, 0, 0, 0, 0, 0, 140, 0, 0, 46, 0, 0, 0, 0, 3, 0, 0, 0, 0, 0, 55, 14, 13, 40, 0, 3, 0, 0, 0, 0, 0)
s = 116: (0, 0, 0, 0, 0, 0, 0, 77, 0, 0, 73, 0, 0, 0, 0, 4, 0, 0, 0, 0, 0, 73, 14, 10, 31, 0, 3, 0, 0, 0, 0, 0)
s = 117: (0, 0, 0, 0, 0, 0, 0, 101, 0, 0, 56, 0, 0, 0, 0, 8, 0, 0, 0, 0, 0, 61, 16, 9, 32, 0, 2, 0, 0, 0, 0, 0)
s = 118: (0, 0, 0, 0, 0, 0, 0, 96, 0, 0, 53, 0, 0, 0, 0, 6, 0, 0, 0, 0, 0, 50, 20, 14, 72, 0, 2, 0, 0, 0, 0, 0)
s = 119: (0, 0, 0, 0, 0, 0, 0, 89, 0, 0, 64, 0, 0, 0, 0, 6, 0, 0, 0, 0, 0, 95, 21, 10, 38, 0, 2, 0, 0, 0, 0, 0)
s = 120: (0, 0, 0, 0, 0, 0, 0, 148, 0, 0, 78, 0, 0, 0, 0, 4, 0, 0, 0, 0, 0, 47, 27, 10, 39, 0, 3, 0, 0, 0, 0, 0)
s = 121: (0, 0, 0, 0, 0, 0, 0, 57, 0, 0, 46, 0, 0, 0, 0, 6, 0, 0, 0, 0, 0, 79, 16, 11, 58, 0, 3, 0, 0, 0, 0, 0)
s = 122: (0, 0, 0, 0, 0, 0, 0, 79, 0, 0, 78, 0, 0, 0, 0, 4, 0, 0, 0, 0, 0, 60, 20, 13, 63, 0, 2, 0, 0, 0, 0, 0)
s = 123: (0, 0, 0, 0, 0, 0, 0, 164, 0, 0, 102, 0, 0, 0, 0, 4, 0, 0, 0, 0, 0, 60, 20, 8, 51, 0, 2, 0, 0, 0, 0, 0)
s = 124: (0, 0, 0, 0, 0, 0, 0, 88, 0, 0, 121, 0, 0, 0, 0, 4, 0, 0, 0, 0, 0, 102, 18, 10, 37, 0, 2, 0, 0, 0, 0, 0)
s = 125: (0, 0, 0, 0, 0, 0, 0, 94, 0, 0, 58, 0, 0, 0, 0, 6, 0, 0, 0, 0, 0, 78, 17, 6, 39, 0, 2, 0, 0, 0, 0, 0)
s = 126: (0, 0, 0, 0, 0, 0, 0, 71, 0, 0, 68, 0, 0, 0, 0, 5, 0, 0, 0, 0, 0, 55, 22, 18, 72, 0, 2, 0, 0, 0, 0, 0)
s = 127: (0, 0, 0, 0, 0, 0, 0, 86, 0, 0, 81, 0, 0, 0, 0, 4, 0, 0, 0, 0, 0, 73, 21, 7, 44, 0, 4, 0, 0, 0, 0, 0)
s = 128: (0, 0, 0, 0, 0, 0, 0, 94, 0, 0, 50, 0, 0, 0, 0, 4, 0, 0, 0, 0, 0, 47, 25, 10, 36, 0, 3, 0, 0, 0, 0, 0)
s = 129: (0, 0, 0, 0, 0, 0, 0, 148, 0, 0, 71, 0, 0, 0, 0, 6, 0, 0, 0, 0, 0, 64, 28, 8, 66, 0, 2, 0, 0, 0, 0, 0)
s = 130: (0, 0, 0, 0, 0, 0, 0, 91, 0, 0, 75, 0, 0, 0, 0, 5, 0, 0, 0, 0, 0, 93, 20, 14, 54, 0, 3, 0, 0, 0, 0, 0)
s = 131: (0, 0, 0, 0, 0, 0, 0, 61, 0, 0, 47, 0, 0, 0, 0, 6, 0, 0, 0, 0, 0, 53, 27, 9, 68, 0, 2, 0, 0, 0, 0, 0)
s = 132: (0, 0, 0, 0, 0, 0, 0, 74, 0, 0, 84, 0, 0, 0, 0, 7, 0, 0, 0, 0, 0, 39, 17, 18, 50, 0, 3, 0, 0, 0, 0, 0)
s = 133: (0, 0, 0, 0, 0, 0, 0, 124, 0, 0, 101, 0, 0, 0, 0, 6, 0, 0, 0, 0, 0, 77, 30, 9, 62, 0, 3, 0, 0, 0, 0, 0)
s = 134: (0, 0, 0, 0, 0, 0, 0, 141, 0, 0, 111, 0, 0, 0, 0, 4, 0, 0, 0, 0, 0, 96, 17, 13, 48, 0, 2, 0, 0, 0, 0, 0)
s = 135: (0, 0, 0, 0, 0, 0, 0, 80, 0, 0, 61, 0, 0, 0, 0, 6, 0, 0, 0, 0, 0, 58, 12, 13, 69, 0, 3, 0, 0, 0, 0, 0)
s = 136: (0, 0, 0, 0, 0, 0, 0, 94, 0, 0, 48, 0, 0, 0, 0, 7, 0, 0, 0, 0, 0, 76, 17, 13, 32, 0, 2, 0, 0, 0, 0, 0)
s = 137: (0, 0, 0, 0, 0, 0, 0, 154, 0, 0, 55, 0, 0, 0, 0, 6, 0, 0, 0, 0, 0, 76, 25, 9, 62, 0, 3, 0, 0, 0, 0, 0)
s = 138: (0, 0, 0, 0, 0, 0, 0, 158, 0, 0, 83, 0, 0, 0, 0, 5, 0, 0, 0, 0, 0, 38, 15, 11, 59, 0, 2, 0, 0, 0, 0, 0)
s = 139: (0, 0, 0, 0, 0, 0, 0, 75, 0, 0, 70, 0, 0, 0, 0, 8, 0, 0, 0, 0, 0, 73, 19, 8, 53, 0, 3, 0, 0, 0, 0, 0)
s = 140: (0, 0, 0, 0, 0, 0, 0, 90, 0, 0, 115, 0, 0, 0, 0, 4, 0, 0, 0, 0, 0, 60, 25, 11, 43, 0, 2, 0, 0, 0, 0, 0)
s = 141: (0, 0, 0, 0, 0, 0, 0, 87, 0, 0, 79, 0, 0, 0, 0, 5, 0, 0, 0, 0, 0, 54, 22, 11, 34, 0, 2, 0, 0, 0, 0, 0)
s = 142: (0, 0, 0, 0, 0, 0, 0, 130, 0, 0, 68, 0, 0, 0, 0, 6, 0, 0, 0, 0, 0, 44, 17, 12, 35, 0, 3, 0, 0, 0, 0, 0)
s = 143: (0, 0, 0, 0, 0, 0, 0, 105, 0, 0, 85, 0, 0, 0, 0, 6, 0, 0, 0, 0, 0, 90, 19, 18, 61, 0, 4, 0, 0, 0, 0, 0)
s = 144: (0, 0, 0, 0, 0, 0, 0, 67, 0, 0, 75, 0, 0, 0, 0, 4, 0, 0, 0, 0, 0, 79, 12, 13, 64, 0, 2, 0, 0, 0, 0, 0)
s = 145: (0, 0, 0, 0, 0, 0, 0, 63, 0, 0, 62, 0, 0, 0, 0, 8, 0, 0, 0, 0, 0, 76, 27, 6, 61, 0, 2, 0, 0, 0, 0, 0)
s = 146: (0, 0, 0, 0, 0, 0, 0, 104, 0, 0, 69, 0, 0, 0, 0, 4, 0, 0, 0, 0, 0, 60, 16, 7, 76, 0, 2, 0, 0, 0, 0, 0)
s = 147: (0, 0, 0, 0, 0, 0, 0, 102, 0, 0, 53, 0, 0, 0, 0, 5, 0, 0, 0, 0, 0, 47, 17, 15, 35, 0, 2, 0, 0, 0, 0, 0)
s = 148: (0, 0, 0, 0, 0, 0, 0, 105, 0, 0, 100, 0, 0, 0, 0, 6, 0, 0, 0, 0, 0, 50, 17, 12, 33, 0, 3, 0, 0, 0, 0, 0)
s = 149: (0, 0, 0, 0, 0, 0, 0, 64, 0, 0, 75, 0, 0, 0, 0, 5, 0, 0, 0, 0, 0, 49, 17, 11, 48, 0, 2, 0, 0, 0, 0, 0)
s = 150: (0, 0, 0, 0, 0, 0, 0, 85, 0, 0, 111, 0, 0, 0, 0, 4, 0, 0, 0, 0, 0, 35, 19, 13, 30, 0, 3, 0, 0, 0, 0, 0)
s = 151: (0, 0, 0, 0, 0, 0, 0, 92, 0, 0, 58, 0, 0, 0, 0, 4, 0, 0, 0, 0, 0, 77, 21, 9, 31, 0, 3, 0, 0, 0, 0, 0)
s = 152: (0, 0, 0, 0, 0, 0, 0, 123, 0, 0, 134, 0, 0, 0, 0, 6, 0, 0, 0, 0, 0, 69, 29, 11, 49, 0, 2, 0, 0, 0, 0, 0)
s = 153: (0, 0, 0, 0, 0, 0, 0, 95, 0, 0, 61, 0, 0, 0, 0, 4, 0, 0, 0, 0, 0, 39, 34, 11, 31, 0, 3, 0, 0, 0, 0, 0)
s = 154: (0, 0, 0, 0, 0, 0, 0, 104, 0, 0, 65, 0, 0, 0, 0, 5, 0, 0, 0, 0, 0, 69, 13, 12, 49, 0, 3, 0, 0, 0, 0, 0)
s = 155: (0, 0, 0, 0, 0, 0, 0, 100, 0, 0, 63, 0, 0, 0, 0, 6, 0, 0, 0, 0, 0, 68, 22, 8, 33, 0, 3, 0, 0, 0, 0, 0)
s = 156: (0, 0, 0, 0, 0, 0, 0, 87, 0, 0, 73, 0, 0, 0, 0, 4, 0, 0, 0, 0, 0, 45, 14, 8, 68, 0, 3, 0, 0, 0, 0, 0)
s = 157: (0, 0, 0, 0, 0, 0, 0, 69, 0, 0, 98, 0, 0, 0, 0, 5, 0, 0, 0, 0, 0, 49, 19, 14, 79, 0, 3, 0, 0, 0, 0, 0)
s = 158: (0, 0, 0, 0, 0, 0, 0, 58, 0, 0, 75, 0, 0, 0, 0, 4, 0, 0, 0, 0, 0, 72, 21, 7, 27, 0, 4, 0, 0, 0, 0, 0)
s = 159: (0, 0, 0, 0, 0, 0, 0, 162, 0, 0, 51, 0, 0, 0, 0, 4, 0, 0, 0, 0, 0, 70, 22, 7, 29, 0, 2, 0, 0, 0, 0, 0)
s = 160: (0, 0, 0, 0, 0, 0, 0, 91, 0, 0, 69, 0, 0, 0, 0, 5, 0, 0, 0, 0, 0, 42, 29, 13, 54, 0, 3, 0, 0, 0, 0, 0)
s = 161: (0, 0, 0, 0, 0, 0, 0, 119, 0, 0, 106, 0, 0, 0, 0, 6, 0, 0, 0, 0, 0, 43, 24, 16, 45, 0, 2, 0, 0, 0, 0, 0)
s = 162: (0, 0, 0, 0, 0, 0, 0, 69, 0, 0, 62, 0, 0, 0, 0, 5, 0, 0, 0, 0, 0, 36, 23, 10, 68, 0, 4, 0, 0, 0, 0, 0)
s = 163: (0, 0, 0, 0, 0, 0, 0, 113, 0, 0, 85, 0, 0, 0, 0, 6, 0, 0, 0, 0, 0, 53, 12, 8, 60, 0, 3, 0, 0, 0, 0, 0)
s = 164: (0, 0, 0, 0, 0, 0, 0, 115, 0, 0, 69, 0, 0, 0, 0, 7, 0, 0, 0, 0, 0, 85, 15, 12, 79, 0, 3, 0, 0, 0, 0, 0)
s = 165: (0, 0, 0, 0, 0, 0, 0, 71, 0, 0, 60, 0, 0, 0, 0, 5, 0, 0, 0, 0, 0, 54, 14, 13, 47, 0, 2, 0, 0, 0, 0, 0)
s = 166: (0, 0, 0, 0, 0, 0, 0, 64, 0, 0, 63, 0, 0, 0, 0, 6, 0, 0, 0, 0, 0, 72, 21, 14, 65, 0, 2, 0, 0, 0, 0, 0)
s = 167: (0, 0, 0, 0, 0, 0, 0, 79, 0, 0, 89, 0, 0, 0, 0, 9, 0, 0, 0, 0, 0, 69, 22, 10, 35, 0, 2, 0, 0, 0, 0, 0)
s = 168: (0, 0, 0, 0, 0, 0, 0, 67, 0, 0, 60, 0, 0, 0, 0, 5, 0, 0, 0, 0, 0, 72, 15, 10, 48, 0, 3, 0, 0, 0, 0, 0)
s = 169: (0, 0, 0, 0, 0, 0, 0, 111, 0, 0, 92, 0, 0, 0, 0, 8, 0, 0, 0, 0, 0, 62, 24, 10, 40, 0, 3, 0, 0, 0, 0, 0)
s = 170: (0, 0, 0, 0, 0, 0, 0, 88, 0, 0, 65, 0, 0, 0, 0, 4, 0, 0, 0, 0, 0, 53, 26, 9, 38, 0, 2, 0, 0, 0, 0, 0)
s = 171: (0, 0, 0, 0, 0, 0, 0, 93, 0, 0, 80, 0, 0, 0, 0, 7, 0, 0, 0, 0, 0, 73, 29, 10, 47, 0, 2, 0, 0, 0, 0, 0)
s = 172: (0, 0, 0, 0, 0, 0, 0, 134, 0, 0, 59, 0, 0, 0, 0, 4, 0, 0, 0, 0, 0, 72, 18, 15, 47, 0, 3, 0, 0, 0, 0, 0)
s = 173: (0, 0, 0, 0, 0, 0, 0, 78, 0, 0, 74, 0, 0, 0, 0, 5, 0, 0, 0, 0, 0, 86, 18, 11, 46, 0, 4, 0, 0, 0, 0, 0)
s = 174: (0, 0, 0, 0, 0, 0, 0, 95, 0, 0, 63, 0, 0, 0, 0, 7, 0, 0, 0, 0, 0, 43, 18, 9, 71, 0, 3, 0, 0, 0, 0, 0)
s = 175: (0, 0, 0, 0, 0, 0, 0, 154, 0, 0, 77, 0, 0, 0, 0, 3, 0, 0, 0, 0, 0, 44, 19, 14, 71, 0, 3, 0, 0, 0, 0, 0)
s = 176: (0, 0, 0, 0, 0, 0, 0, 114, 0, 0, 85, 0, 0, 0, 0, 3, 0, 0, 0, 0, 0, 61, 21, 11, 37, 0, 2, 0, 0, 0, 0, 0)
s = 177: (0, 0, 0, 0, 0, 0, 0, 72, 0, 0, 92, 0, 0, 0, 0, 5, 0, 0, 0, 0, 0, 79, 19, 6, 51, 0, 2, 0, 0, 0, 0, 0)
s = 178: (0, 0, 0, 0, 0, 0, 0, 96, 0, 0, 49, 0, 0, 0, 0, 4, 0, 0, 0, 0, 0, 67, 32, 8, 62, 0, 3, 0, 0, 0, 0, 0)
s = 179: (0, 0, 0, 0, 0, 0, 0, 150, 0, 0, 92, 0, 0, 0, 0, 5, 0, 0, 0, 0, 0, 77, 14, 8, 62, 0, 2, 0, 0, 0, 0, 0)
s = 180: (0, 0, 0, 0, 0, 0, 0, 115, 0, 0, 76, 0, 0, 0, 0, 7, 0, 0, 0, 0, 0, 42, 19, 9, 50, 0, 2, 0, 0, 0, 0, 0)
s = 181: (0, 0, 0, 0, 0, 0, 0, 63, 0, 0, 67, 0, 0, 0, 0, 7, 0, 0, 0, 0, 0, 64, 26, 9, 40, 0, 3, 0, 0, 0, 0, 0)
s = 182: (0, 0, 0, 0, 0, 0, 0, 120, 0, 0, 63, 0, 0, 0, 0, 7, 0, 0, 0, 0, 0, 41, 18, 8, 53, 0, 2, 0, 0, 0, 0, 0)
s = 183: (0, 0, 0, 0, 0, 0, 0, 76, 0, 0, 62, 0, 0, 0, 0, 5, 0, 0, 0, 0, 0, 39, 17, 12, 43, 0, 2, 0, 0, 0, 0, 0)
s = 184: (0, 0, 0, 0, 0, 0, 0, 119, 0, 0, 83, 0, 0, 0, 0, 5, 0, 0, 0, 0, 0, 79, 16, 8, 49, 0, 2, 0, 0, 0, 0, 0)
s = 185: (0, 0, 0, 0, 0, 0, 0, 98, 0, 0, 79, 0, 0, 0, 0, 3, 0, 0, 0, 0, 0, 35, 13, 9, 33, 0, 2, 0, 0, 0, 0, 0)
s = 186: (0, 0, 0, 0, 0, 0, 0, 118, 0, 0, 72, 0, 0, 0, 0, 5, 0, 0, 0, 0, 0, 38, 22, 6, 68, 0, 3, 0, 0, 0, 0, 0)
s = 187: (0, 0, 0, 0, 0, 0, 0, 120, 0, 0, 58, 0, 0, 0, 0, 5, 0, 0, 0, 0, 0, 35, 19, 10, 59, 0, 2, 0, 0, 0, 0, 0)
s = 188: (0, 0, 0, 0, 0, 0, 0, 141, 0, 0, 81, 0, 0, 0, 0, 4, 0, 0, 0, 0, 0, 74, 14, 8, 49, 0, 3, 0, 0, 0, 0, 0)
s = 189: (0, 0, 0, 0, 0, 0, 0, 62, 0, 0, 94, 0, 0, 0, 0, 7, 0, 0, 0, 0, 0, 63, 28, 11, 41, 0, 2, 0, 0, 0, 0, 0)
s = 190: (0, 0, 0, 0, 0, 0, 0, 121, 0, 0, 64, 0, 0, 0, 0, 6, 0, 0, 0, 0, 0, 55, 20, 10, 56, 0, 2, 0, 0, 0, 0, 0)
s = 191: (0, 0, 0, 0, 0, 0, 0, 93, 0, 0, 53, 0, 0, 0, 0, 6, 0, 0, 0, 0, 0, 42, 14, 8, 75, 0, 2, 0, 0, 0, 0, 0)
s = 192: (0, 0, 0, 0, 0, 0, 0, 137, 0, 0, 113, 0, 0, 0, 0, 7, 0, 0, 0, 0, 0, 77, 20, 7, 56, 0, 2, 0, 0, 0, 0, 0)
s = 193: (0, 0, 0, 0, 0, 0, 0, 72, 0, 0, 58, 0, 0, 0, 0, 6, 0, 0, 0, 0, 0, 75, 12, 9, 39, 0, 3, 0, 0, 0, 0, 0)
s = 194: (0, 0, 0, 0, 0, 0, 0, 134, 0, 0, 121, 0, 0, 0, 0, 7, 0, 0, 0, 0, 0, 37, 20, 9, 31, 0, 2, 0, 0, 0, 0, 0)
s = 195: (0, 0, 0, 0, 0, 0, 0, 63, 0, 0, 90, 0, 0, 0, 0, 6, 0, 0, 0, 0, 0, 47, 16, 10, 35, 0, 2, 0, 0, 0, 0, 0)
s = 196: (0, 0, 0, 0, 0, 0, 0, 68, 0, 0, 106, 0, 0, 0, 0, 7, 0, 0, 0, 0, 0, 65, 32, 11, 32, 0, 2, 0, 0, 0, 0, 0)
s = 197: (0, 0, 0, 0, 0, 0, 0, 162, 0, 0, 61, 0, 0, 0, 0, 5, 0, 0, 0, 0, 0, 55, 29, 6, 45, 0, 2, 0, 0, 0, 0, 0)
s = 198: (0, 0, 0, 0, 0, 0, 0, 104, 0, 0, 52, 0, 0, 0, 0, 8, 0, 0, 0, 0, 0, 41, 14, 8, 69, 0, 2, 0, 0, 0, 0, 0)
s = 199: (0, 0, 0, 0, 0, 0, 0, 80, 0, 0, 65, 0, 0, 0, 0, 8, 0, 0, 0, 0, 0, 58, 25, 13, 57, 0, 2, 0, 0, 0, 0, 0)
s = 200: (0, 0, 0, 0, 0, 0, 0, 153, 0, 0, 108, 0, 0, 0, 0, 5, 0, 0, 0, 0, 0, 64, 13, 10, 41, 0, 4, 0, 0, 0, 0, 0)
------------------------------------------------------------------------
RESOURCE k = 2
s = 1: (0, 44, 17, 34, 0, 0, 0, 0, 0, 25, 0, 0, 0, 15, 0, 0, 0, 0, 0, 0, 41, 0, 0, 0, 0, 0, 0, 26, 0, 0, 0, 0)
s = 2: (0, 37, 12, 34, 0, 0, 0, 0, 0, 28, 0, 0, 0, 19, 0, 0, 0, 0, 0, 0, 38, 0, 0, 0, 0, 0, 0, 25, 0, 0, 0, 0)
s = 3: (0, 30, 12, 29, 0, 0, 0, 0, 0, 15, 0, 0, 0, 25, 0, 0, 0, 0, 0, 0, 30, 0, 0, 0, 0, 0, 0, 12, 0, 0, 0, 0)
s = 4: (0, 65, 13, 27, 0, 0, 0, 0, 0, 14, 0, 0, 0, 14, 0, 0, 0, 0, 0, 0, 32, 0, 0, 0, 0, 0, 0, 22, 0, 0, 0, 0)
s = 5: (0, 28, 12, 33, 0, 0, 0, 0, 0, 16, 0, 0, 0, 13, 0, 0, 0, 0, 0, 0, 56, 0, 0, 0, 0, 0, 0, 22, 0, 0, 0, 0)
s = 6: (0, 30, 9, 27, 0, 0, 0, 0, 0, 15, 0, 0, 0, 10, 0, 0, 0, 0, 0, 0, 41, 0, 0, 0, 0, 0, 0, 12, 0, 0, 0, 0)
s = 7: (0, 43, 7, 17, 0, 0, 0, 0, 0, 30, 0, 0, 0, 17, 0, 0, 0, 0, 0, 0, 34, 0, 0, 0, 0, 0, 0, 17, 0, 0, 0, 0)
s = 8: (0, 44, 12, 30, 0, 0, 0, 0, 0, 27, 0, 0, 0, 20, 0, 0, 0, 0, 0, 0, 21, 0, 0, 0, 0, 0, 0, 23, 0, 0, 0, 0)
s = 9: (0, 54, 16, 25, 0, 0, 0, 0, 0, 32, 0, 0, 0, 15, 0, 0, 0, 0, 0, 0, 63, 0, 0, 0, 0, 0, 0, 16, 0, 0, 0, 0)
s = 10: (0, 36, 14, 22, 0, 0, 0, 0, 0, 29, 0, 0, 0, 14, 0, 0, 0, 0, 0, 0, 63, 0, 0, 0, 0, 0, 0, 12, 0, 0, 0, 0)
s = 11: (0, 50, 11, 19, 0, 0, 0, 0, 0, 27, 0, 0, 0, 9, 0, 0, 0, 0, 0, 0, 23, 0, 0, 0, 0, 0, 0, 14, 0, 0, 0, 0)
s = 12: (0, 50, 9, 19, 0, 0, 0, 0, 0, 15, 0, 0, 0, 9, 0, 0, 0, 0, 0, 0, 29, 0, 0, 0, 0, 0, 0, 27, 0, 0, 0, 0)
s = 13: (0, 28, 8, 19, 0, 0, 0, 0, 0, 33, 0, 0, 0, 13, 0, 0, 0, 0, 0, 0, 49, 0, 0, 0, 0, 0, 0, 18, 0, 0, 0, 0)
s = 14: (0, 62, 9, 20, 0, 0, 0, 0, 0, 22, 0, 0, 0, 23, 0, 0, 0, 0, 0, 0, 38, 0, 0, 0, 0, 0, 0, 20, 0, 0, 0, 0)
s = 15: (0, 37, 11, 14, 0, 0, 0, 0, 0, 21, 0, 0, 0, 13, 0, 0, 0, 0, 0, 0, 25, 0, 0, 0, 0, 0, 0, 11, 0, 0, 0, 0)
s = 16: (0, 35, 11, 18, 0, 0, 0, 0, 0, 31, 0, 0, 0, 15, 0, 0, 0, 0, 0, 0, 33, 0, 0, 0, 0, 0, 0, 23, 0, 0, 0, 0)
s = 17: (0, 32, 9, 39, 0, 0, 0, 0, 0, 26, 0, 0, 0, 15, 0, 0, 0, 0, 0, 0, 32, 0, 0, 0, 0, 0, 0, 25, 0, 0, 0, 0)
s = 18: (0, 65, 11, 39, 0, 0, 0, 0, 0, 26, 0, 0, 0, 15, 0, 0, 0, 0, 0, 0, 25, 0, 0, 0, 0, 0, 0, 11, 0, 0, 0, 0)
s = 19: (0, 46, 8, 39, 0, 0, 0, 0, 0, 20, 0, 0, 0, 10, 0, 0, 0, 0, 0, 0, 52, 0, 0, 0, 0, 0, 0, 23, 0, 0, 0, 0)
s = 20: (0, 32, 15, 28, 0, 0, 0, 0, 0, 30, 0, 0, 0, 19, 0, 0, 0, 0, 0, 0, 32, 0, 0, 0, 0, 0, 0, 20, 0, 0, 0, 0)
s = 21: (0, 48, 12, 24, 0, 0, 0, 0, 0, 19, 0, 0, 0, 18, 0, 0, 0, 0, 0, 0, 43, 0, 0, 0, 0, 0, 0, 20, 0, 0, 0, 0)
s = 22: (0, 33, 9, 36, 0, 0, 0, 0, 0, 17, 0, 0, 0, 18, 0, 0, 0, 0, 0, 0, 48, 0, 0, 0, 0, 0, 0, 15, 0, 0, 0, 0)
s = 23: (0, 41, 12, 16, 0, 0, 0, 0, 0, 24, 0, 0, 0, 14, 0, 0, 0, 0, 0, 0, 23, 0, 0, 0, 0, 0, 0, 12, 0, 0, 0, 0)
s = 24: (0, 46, 11, 20, 0, 0, 0, 0, 0, 25, 0, 0, 0, 16, 0, 0, 0, 0, 0, 0, 49, 0, 0, 0, 0, 0, 0, 15, 0, 0, 0, 0)
s = 25: (0, 38, 9, 25, 0, 0, 0, 0, 0, 24, 0, 0, 0, 10, 0, 0, 0, 0, 0, 0, 32, 0, 0, 0, 0, 0, 0, 20, 0, 0, 0, 0)
s = 26: (0, 58, 6, 23, 0, 0, 0, 0, 0, 28, 0, 0, 0, 12, 0, 0, 0, 0, 0, 0, 37, 0, 0, 0, 0, 0, 0, 21, 0, 0, 0, 0)
s = 27: (0, 30, 8, 18, 0, 0, 0, 0, 0, 26, 0, 0, 0, 20, 0, 0, 0, 0, 0, 0, 51, 0, 0, 0, 0, 0, 0, 23, 0, 0, 0, 0)
s = 28: (0, 31, 8, 19, 0, 0, 0, 0, 0, 15, 0, 0, 0, 23, 0, 0, 0, 0, 0, 0, 33, 0, 0, 0, 0, 0, 0, 20, 0, 0, 0, 0)
s = 29: (0, 31, 13, 15, 0, 0, 0, 0, 0, 22, 0, 0, 0, 13, 0, 0, 0, 0, 0, 0, 41, 0, 0, 0, 0, 0, 0, 21, 0, 0, 0, 0)
s = 30: (0, 33, 9, 19, 0, 0, 0, 0, 0, 32, 0, 0, 0, 10, 0, 0, 0, 0, 0, 0, 31, 0, 0, 0, 0, 0, 0, 13, 0, 0, 0, 0)
s = 31: (0, 61, 9, 24, 0, 0, 0, 0, 0, 25, 0, 0, 0, 11, 0, 0, 0, 0, 0, 0, 35, 0, 0, 0, 0, 0, 0, 15, 0, 0, 0, 0)
s = 32: (0, 43, 7, 23, 0, 0, 0, 0, 0, 28, 0, 0, 0, 14, 0, 0, 0, 0, 0, 0, 53, 0, 0, 0, 0, 0, 0, 22, 0, 0, 0, 0)
s = 33: (0, 51, 12, 25, 0, 0, 0, 0, 0, 16, 0, 0, 0, 23, 0, 0, 0, 0, 0, 0, 39, 0, 0, 0, 0, 0, 0, 24, 0, 0, 0, 0)
s = 34: (0, 44, 11, 17, 0, 0, 0, 0, 0, 17, 0, 0, 0, 16, 0, 0, 0, 0, 0, 0, 27, 0, 0, 0, 0, 0, 0, 15, 0, 0, 0, 0)
s = 35: (0, 26, 9, 18, 0, 0, 0, 0, 0, 27, 0, 0, 0, 16, 0, 0, 0, 0, 0, 0, 37, 0, 0, 0, 0, 0, 0, 25, 0, 0, 0, 0)
s = 36: (0, 32, 13, 15, 0, 0, 0, 0, 0, 19, 0, 0, 0, 27, 0, 0, 0, 0, 0, 0, 41, 0, 0, 0, 0, 0, 0, 12, 0, 0, 0, 0)
s = 37: (0, 37, 13, 25, 0, 0, 0, 0, 0, 23, 0, 0, 0, 23, 0, 0, 0, 0, 0, 0, 35, 0, 0, 0, 0, 0, 0, 19, 0, 0, 0, 0)
s = 38: (0, 40, 12, 24, 0, 0, 0, 0, 0, 17, 0, 0, 0, 11, 0, 0, 0, 0, 0, 0, 30, 0, 0, 0, 0, 0, 0, 15, 0, 0, 0, 0)
s = 39: (0, 58, 8, 20, 0, 0, 0, 0, 0, 27, 0, 0, 0, 13, 0, 0, 0, 0, 0, 0, 36, 0, 0, 0, 0, 0, 0, 13, 0, 0, 0, 0)
s = 40: (0, 25, 12, 19, 0, 0, 0, 0, 0, 14, 0, 0, 0, 15, 0, 0, 0, 0, 0, 0, 31, 0, 0, 0, 0, 0, 0, 18, 0, 0, 0, 0)
s = 41: (0, 44, 9, 29, 0, 0, 0, 0, 0, 19, 0, 0, 0, 18, 0, 0, 0, 0, 0, 0, 40, 0, 0, 0, 0, 0, 0, 20, 0, 0, 0, 0)
s = 42: (0, 39, 11, 21, 0, 0, 0, 0, 0, 18, 0, 0, 0, 16, 0, 0, 0, 0, 0, 0, 29, 0, 0, 0, 0, 0, 0, 20, 0, 0, 0, 0)
s = 43: (0, 33, 12, 25, 0, 0, 0, 0, 0, 18, 0, 0, 0, 11, 0, 0, 0, 0, 0, 0, 60, 0, 0, 0, 0, 0, 0, 15, 0, 0, 0, 0)
s = 44: (0, 44, 8, 24, 0, 0, 0, 0, 0, 14, 0, 0, 0, 20, 0, 0, 0, 0, 0, 0, 34, 0, 0, 0, 0, 0, 0, 20, 0, 0, 0, 0)
s = 45: (0, 36, 9, 33, 0, 0, 0, 0, 0, 16, 0, 0, 0, 16, 0, 0, 0, 0, 0, 0, 51, 0, 0, 0, 0, 0, 0, 24, 0, 0, 0, 0)
s = 46: (0, 50, 11, 18, 0, 0, 0, 0, 0, 28, 0, 0, 0, 11, 0, 0, 0, 0, 0, 0, 53, 0, 0, 0, 0, 0, 0, 10, 0, 0, 0, 0)
s = 47: (0, 51, 13, 17, 0, 0, 0, 0, 0, 37, 0, 0, 0, 14, 0, 0, 0, 0, 0, 0, 31, 0, 0, 0, 0, 0, 0, 16, 0, 0, 0, 0)
s = 48: (0, 49, 14, 25, 0, 0, 0, 0, 0, 22, 0, 0, 0, 13, 0, 0, 0, 0, 0, 0, 41, 0, 0, 0, 0, 0, 0, 19, 0, 0, 0, 0)
s = 49: (0, 53, 11, 15, 0, 0, 0, 0, 0, 12, 0, 0, 0, 23, 0, 0, 0, 0, 0, 0, 37, 0, 0, 0, 0, 0, 0, 23, 0, 0, 0, 0)
s = 50: (0, 27, 17, 21, 0, 0, 0, 0, 0, 22, 0, 0, 0, 11, 0, 0, 0, 0, 0, 0, 26, 0, 0, 0, 0, 0, 0, 20, 0, 0, 0, 0)
s = 51: (0, 41, 9, 18, 0, 0, 0, 0, 0, 38, 0, 0, 0, 11, 0, 0, 0, 0, 0, 0, 31, 0, 0, 0, 0, 0, 0, 13, 0, 0, 0, 0)
s = 52: (0, 56, 11, 22, 0, 0, 0, 0, 0, 14, 0, 0, 0, 12, 0, 0, 0, 0, 0, 0, 34, 0, 0, 0, 0, 0, 0, 12, 0, 0, 0, 0)
s = 53: (0, 29, 11, 33, 0, 0, 0, 0, 0, 15, 0, 0, 0, 10, 0, 0, 0, 0, 0, 0, 27, 0, 0, 0, 0, 0, 0, 19, 0, 0, 0, 0)
s = 54: (0, 52, 17, 25, 0, 0, 0, 0, 0, 12, 0, 0, 0, 12, 0, 0, 0, 0, 0, 0, 39, 0, 0, 0, 0, 0, 0, 17, 0, 0, 0, 0)
s = 55: (0, 38, 12, 34, 0, 0, 0, 0, 0, 30, 0, 0, 0, 15, 0, 0, 0, 0, 0, 0, 27, 0, 0, 0, 0, 0, 0, 13, 0, 0, 0, 0)
s = 56: (0, 51, 15, 20, 0, 0, 0, 0, 0, 24, 0, 0, 0, 10, 0, 0, 0, 0, 0, 0, 26, 0, 0, 0, 0, 0, 0, 11, 0, 0, 0, 0)
s = 57: (0, 30, 6, 29, 0, 0, 0, 0, 0, 14, 0, 0, 0, 18, 0, 0, 0, 0, 0, 0, 37, 0, 0, 0, 0, 0, 0, 19, 0, 0, 0, 0)
s = 58: (0, 35, 13, 27, 0, 0, 0, 0, 0, 26, 0, 0, 0, 13, 0, 0, 0, 0, 0, 0, 38, 0, 0, 0, 0, 0, 0, 11, 0, 0, 0, 0)
s = 59: (0, 31, 9, 28, 0, 0, 0, 0, 0, 23, 0, 0, 0, 15, 0, 0, 0, 0, 0, 0, 34, 0, 0, 0, 0, 0, 0, 26, 0, 0, 0, 0)
s = 60: (0, 39, 11, 19, 0, 0, 0, 0, 0, 17, 0, 0, 0, 15, 0, 0, 0, 0, 0, 0, 43, 0, 0, 0, 0, 0, 0, 16, 0, 0, 0, 0)
s = 61: (0, 50, 9, 18, 0, 0, 0, 0, 0, 19, 0, 0, 0, 13, 0, 0, 0, 0, 0, 0, 48, 0, 0, 0, 0, 0, 0, 26, 0, 0, 0, 0)
s = 62: (0, 48, 7, 23, 0, 0, 0, 0, 0, 16, 0, 0, 0, 16, 0, 0, 0, 0, 0, 0, 41, 0, 0, 0, 0, 0, 0, 16, 0, 0, 0, 0)
s = 63: (0, 38, 10, 24, 0, 0, 0, 0, 0, 27, 0, 0, 0, 14, 0, 0, 0, 0, 0, 0, 40, 0, 0, 0, 0, 0, 0, 24, 0, 0, 0, 0)
s = 64: (0, 66, 8, 27, 0, 0, 0, 0, 0, 17, 0, 0, 0, 19, 0, 0, 0, 0, 0, 0, 30, 0, 0, 0, 0, 0, 0, 17, 0, 0, 0, 0)
s = 65: (0, 45, 12, 15, 0, 0, 0, 0, 0, 22, 0, 0, 0, 12, 0, 0, 0, 0, 0, 0, 46, 0, 0, 0, 0, 0, 0, 16, 0, 0, 0, 0)
s = 66: (0, 47, 9, 25, 0, 0, 0, 0, 0, 17, 0, 0, 0, 19, 0, 0, 0, 0, 0, 0, 47, 0, 0, 0, 0, 0, 0, 23, 0, 0, 0, 0)
s = 67: (0, 40, 10, 29, 0, 0, 0, 0, 0, 23, 0, 0, 0, 12, 0, 0, 0, 0, 0, 0, 29, 0, 0, 0, 0, 0, 0, 21, 0, 0, 0, 0)
s = 68: (0, 33, 16, 33, 0, 0, 0, 0, 0, 29, 0, 0, 0, 15, 0, 0, 0, 0, 0, 0, 26, 0, 0, 0, 0, 0, 0, 22, 0, 0, 0, 0)
s = 69: (0, 44, 12, 29, 0, 0, 0, 0, 0, 17, 0, 0, 0, 15, 0, 0, 0, 0, 0, 0, 26, 0, 0, 0, 0, 0, 0, 27, 0, 0, 0, 0)
s = 70: (0, 39, 9, 22, 0, 0, 0, 0, 0, 18, 0, 0, 0, 23, 0, 0, 0, 0, 0, 0, 44, 0, 0, 0, 0, 0, 0, 16, 0, 0, 0, 0)
s = 71: (0, 33, 11, 16, 0, 0, 0, 0, 0, 25, 0, 0, 0, 15, 0, 0, 0, 0, 0, 0, 28, 0, 0, 0, 0, 0, 0, 18, 0, 0, 0, 0)
s = 72: (0, 36, 11, 23, 0, 0, 0, 0, 0, 29, 0, 0, 0, 11, 0, 0, 0, 0, 0, 0, 38, 0, 0, 0, 0, 0, 0, 32, 0, 0, 0, 0)
s = 73: (0, 54, 7, 27, 0, 0, 0, 0, 0, 22, 0, 0, 0, 12, 0, 0, 0, 0, 0, 0, 51, 0, 0, 0, 0, 0, 0, 16, 0, 0, 0, 0)
s = 74: (0, 51, 9, 17, 0, 0, 0, 0, 0, 31, 0, 0, 0, 14, 0, 0, 0, 0, 0, 0, 57, 0, 0, 0, 0, 0, 0, 23, 0, 0, 0, 0)
s = 75: (0, 46, 10, 17, 0, 0, 0, 0, 0, 17, 0, 0, 0, 19, 0, 0, 0, 0, 0, 0, 32, 0, 0, 0, 0, 0, 0, 17, 0, 0, 0, 0)
s = 76: (0, 30, 12, 26, 0, 0, 0, 0, 0, 13, 0, 0, 0, 13, 0, 0, 0, 0, 0, 0, 63, 0, 0, 0, 0, 0, 0, 15, 0, 0, 0, 0)
s = 77: (0, 49, 16, 24, 0, 0, 0, 0, 0, 21, 0, 0, 0, 11, 0, 0, 0, 0, 0, 0, 51, 0, 0, 0, 0, 0, 0, 16, 0, 0, 0, 0)
s = 78: (0, 37, 8, 21, 0, 0, 0, 0, 0, 30, 0, 0, 0, 20, 0, 0, 0, 0, 0, 0, 32, 0, 0, 0, 0, 0, 0, 24, 0, 0, 0, 0)
s = 79: (0, 37, 11, 19, 0, 0, 0, 0, 0, 13, 0, 0, 0, 13, 0, 0, 0, 0, 0, 0, 30, 0, 0, 0, 0, 0, 0, 10, 0, 0, 0, 0)
s = 80: (0, 39, 10, 23, 0, 0, 0, 0, 0, 19, 0, 0, 0, 21, 0, 0, 0, 0, 0, 0, 34, 0, 0, 0, 0, 0, 0, 19, 0, 0, 0, 0)
s = 81: (0, 32, 10, 24, 0, 0, 0, 0, 0, 28, 0, 0, 0, 17, 0, 0, 0, 0, 0, 0, 35, 0, 0, 0, 0, 0, 0, 21, 0, 0, 0, 0)
s = 82: (0, 45, 8, 16, 0, 0, 0, 0, 0, 15, 0, 0, 0, 9, 0, 0, 0, 0, 0, 0, 46, 0, 0, 0, 0, 0, 0, 25, 0, 0, 0, 0)
s = 83: (0, 28, 13, 21, 0, 0, 0, 0, 0, 31, 0, 0, 0, 9, 0, 0, 0, 0, 0, 0, 49, 0, 0, 0, 0, 0, 0, 18, 0, 0, 0, 0)
s = 84: (0, 36, 10, 23, 0, 0, 0, 0, 0, 17, 0, 0, 0, 19, 0, 0, 0, 0, 0, 0, 36, 0, 0, 0, 0, 0, 0, 18, 0, 0, 0, 0)
s = 85: (0, 56, 8, 23, 0, 0, 0, 0, 0, 19, 0, 0, 0, 9, 0, 0, 0, 0, 0, 0, 45, 0, 0, 0, 0, 0, 0, 18, 0, 0, 0, 0)
s = 86: (0, 31, 9, 24, 0, 0, 0, 0, 0, 20, 0, 0, 0, 11, 0, 0, 0, 0, 0, 0, 33, 0, 0, 0, 0, 0, 0, 17, 0, 0, 0, 0)
s = 87: (0, 46, 14, 38, 0, 0, 0, 0, 0, 12, 0, 0, 0, 19, 0, 0, 0, 0, 0, 0, 29, 0, 0, 0, 0, 0, 0, 14, 0, 0, 0, 0)
s = 88: (0, 41, 13, 29, 0, 0, 0, 0, 0, 16, 0, 0, 0, 20, 0, 0, 0, 0, 0, 0, 27, 0, 0, 0, 0, 0, 0, 18, 0, 0, 0, 0)
s = 89: (0, 58, 6, 26, 0, 0, 0, 0, 0, 15, 0, 0, 0, 17, 0, 0, 0, 0, 0, 0, 43, 0, 0, 0, 0, 0, 0, 21, 0, 0, 0, 0)
s = 90: (0, 36, 10, 22, 0, 0, 0, 0, 0, 25, 0, 0, 0, 17, 0, 0, 0, 0, 0, 0, 32, 0, 0, 0, 0, 0, 0, 23, 0, 0, 0, 0)
s = 91: (0, 33, 10, 14, 0, 0, 0, 0, 0, 13, 0, 0, 0, 15, 0, 0, 0, 0, 0, 0, 29, 0, 0, 0, 0, 0, 0, 20, 0, 0, 0, 0)
s = 92: (0, 33, 9, 20, 0, 0, 0, 0, 0, 24, 0, 0, 0, 12, 0, 0, 0, 0, 0, 0, 50, 0, 0, 0, 0, 0, 0, 28, 0, 0, 0, 0)
s = 93: (0, 45, 10, 40, 0, 0, 0, 0, 0, 19, 0, 0, 0, 9, 0, 0, 0, 0, 0, 0, 32, 0, 0, 0, 0, 0, 0, 11, 0, 0, 0, 0)
s = 94: (0, 38, 7, 21, 0, 0, 0, 0, 0, 18, 0, 0, 0, 15, 0, 0, 0, 0, 0, 0, 31, 0, 0, 0, 0, 0, 0, 18, 0, 0, 0, 0)
s = 95: (0, 42, 13, 37, 0, 0, 0, 0, 0, 24, 0, 0, 0, 13, 0, 0, 0, 0, 0, 0, 63, 0, 0, 0, 0, 0, 0, 29, 0, 0, 0, 0)
s = 96: (0, 43, 13, 28, 0, 0, 0, 0, 0, 21, 0, 0, 0, 21, 0, 0, 0, 0, 0, 0, 35, 0, 0, 0, 0, 0, 0, 13, 0, 0, 0, 0)
s = 97: (0, 43, 9, 26, 0, 0, 0, 0, 0, 23, 0, 0, 0, 14, 0, 0, 0, 0, 0, 0, 44, 0, 0, 0, 0, 0, 0, 28, 0, 0, 0, 0)
s = 98: (0, 50, 10, 26, 0, 0, 0, 0, 0, 17, 0, 0, 0, 13, 0, 0, 0, 0, 0, 0, 33, 0, 0, 0, 0, 0, 0, 23, 0, 0, 0, 0)
s = 99: (0, 25, 9, 24, 0, 0, 0, 0, 0, 16, 0, 0, 0, 22, 0, 0, 0, 0, 0, 0, 34, 0, 0, 0, 0, 0, 0, 20, 0, 0, 0, 0)
s = 100: (0, 30, 9, 23, 0, 0, 0, 0, 0, 12, 0, 0, 0, 16, 0, 0, 0, 0, 0, 0, 31, 0, 0, 0, 0, 0, 0, 23, 0, 0, 0, 0)
s = 101: (0, 36, 12, 26, 0, 0, 0, 0, 0, 26, 0, 0, 0, 14, 0, 0, 0, 0, 0, 0, 33, 0, 0, 0, 0, 0, 0, 18, 0, 0, 0, 0)
s = 102: (0, 65, 9, 18, 0, 0, 0, 0, 0, 24, 0, 0, 0, 13, 0, 0, 0, 0, 0, 0, 36, 0, 0, 0, 0, 0, 0, 23, 0, 0, 0, 0)
s = 103: (0, 59, 19, 29, 0, 0, 0, 0, 0, 28, 0, 0, 0, 22, 0, 0, 0, 0, 0, 0, 35, 0, 0, 0, 0, 0, 0, 20, 0, 0, 0, 0)
s = 104: (0, 49, 12, 25, 0, 0, 0, 0, 0, 25, 0, 0, 0, 16, 0, 0, 0, 0, 0, 0, 58, 0, 0, 0, 0, 0, 0, 23, 0, 0, 0, 0)
s = 105: (0, 41, 6, 20, 0, 0, 0, 0, 0, 23, 0, 0, 0, 19, 0, 0, 0, 0, 0, 0, 33, 0, 0, 0, 0, 0, 0, 20, 0, 0, 0, 0)
s = 106: (0, 32, 8, 20, 0, 0, 0, 0, 0, 19, 0, 0, 0, 19, 0, 0, 0, 0, 0, 0, 52, 0, 0, 0, 0, 0, 0, 20, 0, 0, 0, 0)
s = 107: (0, 34, 10, 28, 0, 0, 0, 0, 0, 15, 0, 0, 0, 13, 0, 0, 0, 0, 0, 0, 33, 0, 0, 0, 0, 0, 0, 20, 0, 0, 0, 0)
s = 108: (0, 59, 20, 26, 0, 0, 0, 0, 0, 14, 0, 0, 0, 9, 0, 0, 0, 0, 0, 0, 26, 0, 0, 0, 0, 0, 0, 19, 0, 0, 0, 0)
s = 109: (0, 37, 10, 35, 0, 0, 0, 0, 0, 12, 0, 0, 0, 14, 0, 0, 0, 0, 0, 0, 45, 0, 0, 0, 0, 0, 0, 17, 0, 0, 0, 0)
s = 110: (0, 28, 11, 16, 0, 0, 0, 0, 0, 28, 0, 0, 0, 15, 0, 0, 0, 0, 0, 0, 65, 0, 0, 0, 0, 0, 0, 14, 0, 0, 0, 0)
s = 111: (0, 29, 9, 21, 0, 0, 0, 0, 0, 19, 0, 0, 0, 18, 0, 0, 0, 0, 0, 0, 51, 0, 0, 0, 0, 0, 0, 17, 0, 0, 0, 0)
s = 112: (0, 30, 9, 37, 0, 0, 0, 0, 0, 16, 0, 0, 0, 15, 0, 0, 0, 0, 0, 0, 39, 0, 0, 0, 0, 0, 0, 21, 0, 0, 0, 0)
s = 113: (0, 57, 15, 28, 0, 0, 0, 0, 0, 13, 0, 0, 0, 10, 0, 0, 0, 0, 0, 0, 41, 0, 0, 0, 0, 0, 0, 14, 0, 0, 0, 0)
s = 114: (0, 26, 10, 32, 0, 0, 0, 0, 0, 21, 0, 0, 0, 13, 0, 0, 0, 0, 0, 0, 23, 0, 0, 0, 0, 0, 0, 15, 0, 0, 0, 0)
s = 115: (0, 36, 14, 20, 0, 0, 0, 0, 0, 21, 0, 0, 0, 13, 0, 0, 0, 0, 0, 0, 37, 0, 0, 0, 0, 0, 0, 23, 0, 0, 0, 0)
s = 116: (0, 32, 9, 31, 0, 0, 0, 0, 0, 20, 0, 0, 0, 15, 0, 0, 0, 0, 0, 0, 52, 0, 0, 0, 0, 0, 0, 12, 0, 0, 0, 0)
s = 117: (0, 60, 9, 28, 0, 0, 0, 0, 0, 30, 0, 0, 0, 18, 0, 0, 0, 0, 0, 0, 49, 0, 0, 0, 0, 0, 0, 27, 0, 0, 0, 0)
s = 118: (0, 27, 12, 22, 0, 0, 0, 0, 0, 18, 0, 0, 0, 15, 0, 0, 0, 0, 0, 0, 46, 0, 0, 0, 0, 0, 0, 24, 0, 0, 0, 0)
s = 119: (0, 29, 15, 14, 0, 0, 0, 0, 0, 16, 0, 0, 0, 10, 0, 0, 0, 0, 0, 0, 37, 0, 0, 0, 0, 0, 0, 11, 0, 0, 0, 0)
s = 120: (0, 38, 14, 29, 0, 0, 0, 0, 0, 17, 0, 0, 0, 17, 0, 0, 0, 0, 0, 0, 28, 0, 0, 0, 0, 0, 0, 23, 0, 0, 0, 0)
s = 121: (0, 47, 8, 29, 0, 0, 0, 0, 0, 15, 0, 0, 0, 22, 0, 0, 0, 0, 0, 0, 37, 0, 0, 0, 0, 0, 0, 21, 0, 0, 0, 0)
s = 122: (0, 43, 7, 23, 0, 0, 0, 0, 0, 28, 0, 0, 0, 16, 0, 0, 0, 0, 0, 0, 48, 0, 0, 0, 0, 0, 0, 14, 0, 0, 0, 0)
s = 123: (0, 37, 15, 19, 0, 0, 0, 0, 0, 18, 0, 0, 0, 11, 0, 0, 0, 0, 0, 0, 31, 0, 0, 0, 0, 0, 0, 16, 0, 0, 0, 0)
s = 124: (0, 49, 11, 21, 0, 0, 0, 0, 0, 20, 0, 0, 0, 19, 0, 0, 0, 0, 0, 0, 36, 0, 0, 0, 0, 0, 0, 23, 0, 0, 0, 0)
s = 125: (0, 52, 7, 23, 0, 0, 0, 0, 0, 20, 0, 0, 0, 9, 0, 0, 0, 0, 0, 0, 43, 0, 0, 0, 0, 0, 0, 24, 0, 0, 0, 0)
s = 126: (0, 55, 14, 17, 0, 0, 0, 0, 0, 13, 0, 0, 0, 13, 0, 0, 0, 0, 0, 0, 31, 0, 0, 0, 0, 0, 0, 20, 0, 0, 0, 0)
s = 127: (0, 56, 9, 30, 0, 0, 0, 0, 0, 22, 0, 0, 0, 12, 0, 0, 0, 0, 0, 0, 29, 0, 0, 0, 0, 0, 0, 27, 0, 0, 0, 0)
s = 128: (0, 30, 7, 30, 0, 0, 0, 0, 0, 34, 0, 0, 0, 25, 0, 0, 0, 0, 0, 0, 45, 0, 0, 0, 0, 0, 0, 16, 0, 0, 0, 0)
s = 129: (0, 35, 18, 23, 0, 0, 0, 0, 0, 14, 0, 0, 0, 14, 0, 0, 0, 0, 0, 0, 31, 0, 0, 0, 0, 0, 0, 15, 0, 0, 0, 0)
s = 130: (0, 38, 7, 37, 0, 0, 0, 0, 0, 35, 0, 0, 0, 16, 0, 0, 0, 0, 0, 0, 29, 0, 0, 0, 0, 0, 0, 24, 0, 0, 0, 0)
s = 131: (0, 41, 6, 14, 0, 0, 0, 0, 0, 17, 0, 0, 0, 15, 0, 0, 0, 0, 0, 0, 37, 0, 0, 0, 0, 0, 0, 13, 0, 0, 0, 0)
s = 132: (0, 36, 7, 35, 0, 0, 0, 0, 0, 36, 0, 0, 0, 13, 0, 0, 0, 0, 0, 0, 29, 0, 0, 0, 0, 0, 0, 21, 0, 0, 0, 0)
s = 133: (0, 34, 12, 24, 0, 0, 0, 0, 0, 25, 0, 0, 0, 15, 0, 0, 0, 0, 0, 0, 45, 0, 0, 0, 0, 0, 0, 12, 0, 0, 0, 0)
s = 134: (0, 27, 10, 17, 0, 0, 0, 0, 0, 30, 0, 0, 0, 22, 0, 0, 0, 0, 0, 0, 41, 0, 0, 0, 0, 0, 0, 18, 0, 0, 0, 0)
s = 135: (0, 25, 7, 21, 0, 0, 0, 0, 0, 22, 0, 0, 0, 15, 0, 0, 0, 0, 0, 0, 32, 0, 0, 0, 0, 0, 0, 21, 0, 0, 0, 0)
s = 136: (0, 29, 9, 30, 0, 0, 0, 0, 0, 17, 0, 0, 0, 19, 0, 0, 0, 0, 0, 0, 30, 0, 0, 0, 0, 0, 0, 27, 0, 0, 0, 0)
s = 137: (0, 36, 13, 40, 0, 0, 0, 0, 0, 12, 0, 0, 0, 23, 0, 0, 0, 0, 0, 0, 43, 0, 0, 0, 0, 0, 0, 16, 0, 0, 0, 0)
s = 138: (0, 44, 12, 32, 0, 0, 0, 0, 0, 22, 0, 0, 0, 15, 0, 0, 0, 0, 0, 0, 31, 0, 0, 0, 0, 0, 0, 23, 0, 0, 0, 0)
s = 139: (0, 62, 7, 29, 0, 0, 0, 0, 0, 16, 0, 0, 0, 16, 0, 0, 0, 0, 0, 0, 49, 0, 0, 0, 0, 0, 0, 18, 0, 0, 0, 0)
s = 140: (0, 53, 12, 22, 0, 0, 0, 0, 0, 24, 0, 0, 0, 13, 0, 0, 0, 0, 0, 0, 41, 0, 0, 0, 0, 0, 0, 19, 0, 0, 0, 0)
s = 141: (0, 35, 14, 27, 0, 0, 0, 0, 0, 20, 0, 0, 0, 12, 0, 0, 0, 0, 0, 0, 25, 0, 0, 0, 0, 0, 0, 22, 0, 0, 0, 0)
s = 142: (0, 29, 10, 22, 0, 0, 0, 0, 0, 15, 0, 0, 0, 11, 0, 0, 0, 0, 0, 0, 32, 0, 0, 0, 0, 0, 0, 16, 0, 0, 0, 0)
s = 143: (0, 32, 12, 17, 0, 0, 0, 0, 0, 32, 0, 0, 0, 12, 0, 0, 0, 0, 0, 0, 31, 0, 0, 0, 0, 0, 0, 24, 0, 0, 0, 0)
s = 144: (0, 27, 9, 30, 0, 0, 0, 0, 0, 23, 0, 0, 0, 11, 0, 0, 0, 0, 0, 0, 57, 0, 0, 0, 0, 0, 0, 20, 0, 0, 0, 0)
s = 145: (0, 47, 20, 15, 0, 0, 0, 0, 0, 24, 0, 0, 0, 17, 0, 0, 0, 0, 0, 0, 38, 0, 0, 0, 0, 0, 0, 34, 0, 0, 0, 0)
s = 146: (0, 33, 9, 22, 0, 0, 0, 0, 0, 16, 0, 0, 0, 9, 0, 0, 0, 0, 0, 0, 39, 0, 0, 0, 0, 0, 0, 19, 0, 0, 0, 0)
s = 147: (0, 57, 6, 24, 0, 0, 0, 0, 0, 27, 0, 0, 0, 20, 0, 0, 0, 0, 0, 0, 47, 0, 0, 0, 0, 0, 0, 21, 0, 0, 0, 0)
s = 148: (0, 46, 7, 22, 0, 0, 0, 0, 0, 23, 0, 0, 0, 10, 0, 0, 0, 0, 0, 0, 30, 0, 0, 0, 0, 0, 0, 15, 0, 0, 0, 0)
s = 149: (0, 32, 8, 19, 0, 0, 0, 0, 0, 20, 0, 0, 0, 20, 0, 0, 0, 0, 0, 0, 44, 0, 0, 0, 0, 0, 0, 23, 0, 0, 0, 0)
s = 150: (0, 27, 9, 25, 0, 0, 0, 0, 0, 29, 0, 0, 0, 22, 0, 0, 0, 0, 0, 0, 41, 0, 0, 0, 0, 0, 0, 12, 0, 0, 0, 0)
s = 151: (0, 35, 13, 31, 0, 0, 0, 0, 0, 17, 0, 0, 0, 11, 0, 0, 0, 0, 0, 0, 32, 0, 0, 0, 0, 0, 0, 14, 0, 0, 0, 0)
s = 152: (0, 34, 9, 20, 0, 0, 0, 0, 0, 25, 0, 0, 0, 22, 0, 0, 0, 0, 0, 0, 45, 0, 0, 0, 0, 0, 0, 19, 0, 0, 0, 0)
s = 153: (0, 33, 8, 22, 0, 0, 0, 0, 0, 14, 0, 0, 0, 10, 0, 0, 0, 0, 0, 0, 50, 0, 0, 0, 0, 0, 0, 35, 0, 0, 0, 0)
s = 154: (0, 33, 8, 25, 0, 0, 0, 0, 0, 17, 0, 0, 0, 26, 0, 0, 0, 0, 0, 0, 28, 0, 0, 0, 0, 0, 0, 15, 0, 0, 0, 0)
s = 155: (0, 33, 9, 21, 0, 0, 0, 0, 0, 23, 0, 0, 0, 23, 0, 0, 0, 0, 0, 0, 56, 0, 0, 0, 0, 0, 0, 16, 0, 0, 0, 0)
s = 156: (0, 34, 10, 16, 0, 0, 0, 0, 0, 22, 0, 0, 0, 14, 0, 0, 0, 0, 0, 0, 39, 0, 0, 0, 0, 0, 0, 17, 0, 0, 0, 0)
s = 157: (0, 53, 12, 21, 0, 0, 0, 0, 0, 28, 0, 0, 0, 22, 0, 0, 0, 0, 0, 0, 31, 0, 0, 0, 0, 0, 0, 29, 0, 0, 0, 0)
s = 158: (0, 46, 10, 31, 0, 0, 0, 0, 0, 20, 0, 0, 0, 11, 0, 0, 0, 0, 0, 0, 33, 0, 0, 0, 0, 0, 0, 18, 0, 0, 0, 0)
s = 159: (0, 63, 10, 27, 0, 0, 0, 0, 0, 21, 0, 0, 0, 16, 0, 0, 0, 0, 0, 0, 25, 0, 0, 0, 0, 0, 0, 11, 0, 0, 0, 0)
s = 160: (0, 43, 17, 22, 0, 0, 0, 0, 0, 22, 0, 0, 0, 9, 0, 0, 0, 0, 0, 0, 53, 0, 0, 0, 0, 0, 0, 20, 0, 0, 0, 0)
s = 161: (0, 43, 10, 16, 0, 0, 0, 0, 0, 26, 0, 0, 0, 27, 0, 0, 0, 0, 0, 0, 47, 0, 0, 0, 0, 0, 0, 22, 0, 0, 0, 0)
s = 162: (0, 49, 9, 26, 0, 0, 0, 0, 0, 40, 0, 0, 0, 12, 0, 0, 0, 0, 0, 0, 46, 0, 0, 0, 0, 0, 0, 15, 0, 0, 0, 0)
s = 163: (0, 29, 14, 35, 0, 0, 0, 0, 0, 17, 0, 0, 0, 14, 0, 0, 0, 0, 0, 0, 44, 0, 0, 0, 0, 0, 0, 27, 0, 0, 0, 0)
s = 164: (0, 32, 9, 17, 0, 0, 0, 0, 0, 19, 0, 0, 0, 20, 0, 0, 0, 0, 0, 0, 46, 0, 0, 0, 0, 0, 0, 15, 0, 0, 0, 0)
s = 165: (0, 58, 12, 13, 0, 0, 0, 0, 0, 19, 0, 0, 0, 18, 0, 0, 0, 0, 0, 0, 34, 0, 0, 0, 0, 0, 0, 23, 0, 0, 0, 0)
s = 166: (0, 37, 13, 21, 0, 0, 0, 0, 0, 33, 0, 0, 0, 14, 0, 0, 0, 0, 0, 0, 42, 0, 0, 0, 0, 0, 0, 15, 0, 0, 0, 0)
s = 167: (0, 49, 11, 13, 0, 0, 0, 0, 0, 14, 0, 0, 0, 15, 0, 0, 0, 0, 0, 0, 28, 0, 0, 0, 0, 0, 0, 28, 0, 0, 0, 0)
s = 168: (0, 45, 19, 35, 0, 0, 0, 0, 0, 22, 0, 0, 0, 16, 0, 0, 0, 0, 0, 0, 54, 0, 0, 0, 0, 0, 0, 30, 0, 0, 0, 0)
s = 169: (0, 58, 13, 27, 0, 0, 0, 0, 0, 21, 0, 0, 0, 16, 0, 0, 0, 0, 0, 0, 50, 0, 0, 0, 0, 0, 0, 18, 0, 0, 0, 0)
s = 170: (0, 37, 8, 34, 0, 0, 0, 0, 0, 16, 0, 0, 0, 13, 0, 0, 0, 0, 0, 0, 52, 0, 0, 0, 0, 0, 0, 19, 0, 0, 0, 0)
s = 171: (0, 44, 12, 26, 0, 0, 0, 0, 0, 31, 0, 0, 0, 19, 0, 0, 0, 0, 0, 0, 63, 0, 0, 0, 0, 0, 0, 12, 0, 0, 0, 0)
s = 172: (0, 22, 11, 15, 0, 0, 0, 0, 0, 24, 0, 0, 0, 14, 0, 0, 0, 0, 0, 0, 31, 0, 0, 0, 0, 0, 0, 19, 0, 0, 0, 0)
s = 173: (0, 56, 14, 28, 0, 0, 0, 0, 0, 22, 0, 0, 0, 12, 0, 0, 0, 0, 0, 0, 65, 0, 0, 0, 0, 0, 0, 31, 0, 0, 0, 0)
s = 174: (0, 28, 12, 29, 0, 0, 0, 0, 0, 30, 0, 0, 0, 17, 0, 0, 0, 0, 0, 0, 47, 0, 0, 0, 0, 0, 0, 16, 0, 0, 0, 0)
s = 175: (0, 57, 12, 32, 0, 0, 0, 0, 0, 23, 0, 0, 0, 18, 0, 0, 0, 0, 0, 0, 40, 0, 0, 0, 0, 0, 0, 15, 0, 0, 0, 0)
s = 176: (0, 27, 14, 39, 0, 0, 0, 0, 0, 20, 0, 0, 0, 19, 0, 0, 0, 0, 0, 0, 28, 0, 0, 0, 0, 0, 0, 22, 0, 0, 0, 0)
s = 177: (0, 39, 14, 34, 0, 0, 0, 0, 0, 16, 0, 0, 0, 11, 0, 0, 0, 0, 0, 0, 44, 0, 0, 0, 0, 0, 0, 15, 0, 0, 0, 0)
s = 178: (0, 43, 10, 29, 0, 0, 0, 0, 0, 16, 0, 0, 0, 20, 0, 0, 0, 0, 0, 0, 30, 0, 0, 0, 0, 0, 0, 24, 0, 0, 0, 0)
s = 179: (0, 30, 11, 29, 0, 0, 0, 0, 0, 19, 0, 0, 0, 19, 0, 0, 0, 0, 0, 0, 51, 0, 0, 0, 0, 0, 0, 16, 0, 0, 0, 0)
s = 180: (0, 58, 12, 20, 0, 0, 0, 0, 0, 18, 0, 0, 0, 19, 0, 0, 0, 0, 0, 0, 27, 0, 0, 0, 0, 0, 0, 11, 0, 0, 0, 0)
s = 181: (0, 22, 13, 15, 0, 0, 0, 0, 0, 34, 0, 0, 0, 15, 0, 0, 0, 0, 0, 0, 30, 0, 0, 0, 0, 0, 0, 24, 0, 0, 0, 0)
s = 182: (0, 41, 9, 23, 0, 0, 0, 0, 0, 21, 0, 0, 0, 14, 0, 0, 0, 0, 0, 0, 42, 0, 0, 0, 0, 0, 0, 23, 0, 0, 0, 0)
s = 183: (0, 29, 13, 22, 0, 0, 0, 0, 0, 17, 0, 0, 0, 14, 0, 0, 0, 0, 0, 0, 34, 0, 0, 0, 0, 0, 0, 19, 0, 0, 0, 0)
s = 184: (0, 48, 8, 17, 0, 0, 0, 0, 0, 14, 0, 0, 0, 13, 0, 0, 0, 0, 0, 0, 40, 0, 0, 0, 0, 0, 0, 25, 0, 0, 0, 0)
s = 185: (0, 26, 10, 16, 0, 0, 0, 0, 0, 16, 0, 0, 0, 10, 0, 0, 0, 0, 0, 0, 40, 0, 0, 0, 0, 0, 0, 12, 0, 0, 0, 0)
s = 186: (0, 58, 18, 25, 0, 0, 0, 0, 0, 25, 0, 0, 0, 14, 0, 0, 0, 0, 0, 0, 36, 0, 0, 0, 0, 0, 0, 17, 0, 0, 0, 0)
s = 187: (0, 52, 7, 17, 0, 0, 0, 0, 0, 25, 0, 0, 0, 17, 0, 0, 0, 0, 0, 0, 41, 0, 0, 0, 0, 0, 0, 16, 0, 0, 0, 0)
s = 188: (0, 36, 9, 27, 0, 0, 0, 0, 0, 12, 0, 0, 0, 12, 0, 0, 0, 0, 0, 0, 65, 0, 0, 0, 0, 0, 0, 19, 0, 0, 0, 0)
s = 189: (0, 39, 8, 28, 0, 0, 0, 0, 0, 24, 0, 0, 0, 8, 0, 0, 0, 0, 0, 0, 44, 0, 0, 0, 0, 0, 0, 27, 0, 0, 0, 0)
s = 190: (0, 29, 15, 27, 0, 0, 0, 0, 0, 18, 0, 0, 0, 10, 0, 0, 0, 0, 0, 0, 32, 0, 0, 0, 0, 0, 0, 14, 0, 0, 0, 0)
s = 191: (0, 27, 9, 16, 0, 0, 0, 0, 0, 16, 0, 0, 0, 13, 0, 0, 0, 0, 0, 0, 30, 0, 0, 0, 0, 0, 0, 18, 0, 0, 0, 0)
s = 192: (0, 38, 12, 33, 0, 0, 0, 0, 0, 29, 0, 0, 0, 13, 0, 0, 0, 0, 0, 0, 66, 0, 0, 0, 0, 0, 0, 27, 0, 0, 0, 0)
s = 193: (0, 53, 9, 26, 0, 0, 0, 0, 0, 33, 0, 0, 0, 24, 0, 0, 0, 0, 0, 0, 41, 0, 0, 0, 0, 0, 0, 10, 0, 0, 0, 0)
s = 194: (0, 35, 12, 43, 0, 0, 0, 0, 0, 27, 0, 0, 0, 14, 0, 0, 0, 0, 0, 0, 31, 0, 0, 0, 0, 0, 0, 14, 0, 0, 0, 0)
s = 195: (0, 32, 17, 14, 0, 0, 0, 0, 0, 23, 0, 0, 0, 20, 0, 0, 0, 0, 0, 0, 54, 0, 0, 0, 0, 0, 0, 12, 0, 0, 0, 0)
s = 196: (0, 56, 12, 22, 0, 0, 0, 0, 0, 22, 0, 0, 0, 16, 0, 0, 0, 0, 0, 0, 31, 0, 0, 0, 0, 0, 0, 21, 0, 0, 0, 0)
s = 197: (0, 29, 13, 18, 0, 0, 0, 0, 0, 27, 0, 0, 0, 13, 0, 0, 0, 0, 0, 0, 33, 0, 0, 0, 0, 0, 0, 10, 0, 0, 0, 0)
s = 198: (0, 38, 10, 29, 0, 0, 0, 0, 0, 18, 0, 0, 0, 21, 0, 0, 0, 0, 0, 0, 39, 0, 0, 0, 0, 0, 0, 18, 0, 0, 0, 0)
s = 199: (0, 46, 6, 18, 0, 0, 0, 0, 0, 19, 0, 0, 0, 17, 0, 0, 0, 0, 0, 0, 45, 0, 0, 0, 0, 0, 0, 21, 0, 0, 0, 0)
s = 200: (0, 40, 14, 16, 0, 0, 0, 0, 0, 14, 0, 0, 0, 16, 0, 0, 0, 0, 0, 0, 47, 0, 0, 0, 0, 0, 0, 15, 0, 0, 0, 0)
------------------------------------------------------------------------
RESOURCE k = 3
s = 1: (0, 0, 0, 0, 17, 2, 0, 0, 0, 0, 0, 9, 0, 0, 31, 0, 34, 15, 10, 0, 0, 0, 0, 0, 0, 0, 0, 0, 27, 26, 0, 0)
s = 2: (0, 0, 0, 0, 17, 2, 0, 0, 0, 0, 0, 5, 0, 0, 30, 0, 48, 15, 9, 0, 0, 0, 0, 0, 0, 0, 0, 0, 17, 23, 0, 0)
s = 3: (0, 0, 0, 0, 14, 3, 0, 0, 0, 0, 0, 8, 0, 0, 23, 0, 46, 15, 7, 0, 0, 0, 0, 0, 0, 0, 0, 0, 27, 27, 0, 0)
s = 4: (0, 0, 0, 0, 19, 2, 0, 0, 0, 0, 0, 5, 0, 0, 30, 0, 39, 32, 6, 0, 0, 0, 0, 0, 0, 0, 0, 0, 27, 24, 0, 0)
s = 5: (0, 0, 0, 0, 14, 2, 0, 0, 0, 0, 0, 8, 0, 0, 49, 0, 25, 25, 8, 0, 0, 0, 0, 0, 0, 0, 0, 0, 25, 42, 0, 0)
s = 6: (0, 0, 0, 0, 31, 3, 0, 0, 0, 0, 0, 7, 0, 0, 33, 0, 41, 17, 5, 0, 0, 0, 0, 0, 0, 0, 0, 0, 36, 30, 0, 0)
s = 7: (0, 0, 0, 0, 11, 2, 0, 0, 0, 0, 0, 8, 0, 0, 27, 0, 44, 19, 7, 0, 0, 0, 0, 0, 0, 0, 0, 0, 19, 28, 0, 0)
s = 8: (0, 0, 0, 0, 16, 4, 0, 0, 0, 0, 0, 5, 0, 0, 27, 0, 64, 16, 10, 0, 0, 0, 0, 0, 0, 0, 0, 0, 24, 50, 0, 0)
s = 9: (0, 0, 0, 0, 10, 3, 0, 0, 0, 0, 0, 9, 0, 0, 25, 0, 56, 24, 6, 0, 0, 0, 0, 0, 0, 0, 0, 0, 22, 35, 0, 0)
s = 10: (0, 0, 0, 0, 24, 3, 0, 0, 0, 0, 0, 9, 0, 0, 22, 0, 49, 15, 11, 0, 0, 0, 0, 0, 0, 0, 0, 0, 24, 51, 0, 0)
s = 11: (0, 0, 0, 0, 20, 2, 0, 0, 0, 0, 0, 10, 0, 0, 22, 0, 39, 22, 10, 0, 0, 0, 0, 0, 0, 0, 0, 0, 20, 29, 0, 0)
s = 12: (0, 0, 0, 0, 16, 2, 0, 0, 0, 0, 0, 5, 0, 0, 43, 0, 45, 18, 7, 0, 0, 0, 0, 0, 0, 0, 0, 0, 15, 27, 0, 0)
s = 13: (0, 0, 0, 0, 15, 2, 0, 0, 0, 0, 0, 5, 0, 0, 20, 0, 58, 32, 6, 0, 0, 0, 0, 0, 0, 0, 0, 0, 22, 39, 0, 0)
s = 14: (0, 0, 0, 0, 15, 2, 0, 0, 0, 0, 0, 8, 0, 0, 51, 0, 58, 23, 5, 0, 0, 0, 0, 0, 0, 0, 0, 0, 28, 29, 0, 0)
s = 15: (0, 0, 0, 0, 31, 2, 0, 0, 0, 0, 0, 10, 0, 0, 46, 0, 39, 16, 6, 0, 0, 0, 0, 0, 0, 0, 0, 0, 25, 24, 0, 0)
s = 16: (0, 0, 0, 0, 15, 3, 0, 0, 0, 0, 0, 6, 0, 0, 20, 0, 50, 26, 8, 0, 0, 0, 0, 0, 0, 0, 0, 0, 19, 27, 0, 0)
s = 17: (0, 0, 0, 0, 22, 3, 0, 0, 0, 0, 0, 6, 0, 0, 18, 0, 54, 30, 12, 0, 0, 0, 0, 0, 0, 0, 0, 0, 23, 47, 0, 0)
s = 18: (0, 0, 0, 0, 25, 2, 0, 0, 0, 0, 0, 6, 0, 0, 24, 0, 38, 16, 8, 0, 0, 0, 0, 0, 0, 0, 0, 0, 22, 33, 0, 0)
s = 19: (0, 0, 0, 0, 22, 2, 0, 0, 0, 0, 0, 6, 0, 0, 54, 0, 40, 16, 7, 0, 0, 0, 0, 0, 0, 0, 0, 0, 16, 19, 0, 0)
s = 20: (0, 0, 0, 0, 20, 3, 0, 0, 0, 0, 0, 10, 0, 0, 41, 0, 32, 14, 7, 0, 0, 0, 0, 0, 0, 0, 0, 0, 15, 23, 0, 0)
s = 21: (0, 0, 0, 0, 28, 3, 0, 0, 0, 0, 0, 5, 0, 0, 54, 0, 31, 29, 6, 0, 0, 0, 0, 0, 0, 0, 0, 0, 18, 44, 0, 0)
s = 22: (0, 0, 0, 0, 25, 2, 0, 0, 0, 0, 0, 7, 0, 0, 19, 0, 40, 19, 8, 0, 0, 0, 0, 0, 0, 0, 0, 0, 21, 27, 0, 0)
s = 23: (0, 0, 0, 0, 16, 2, 0, 0, 0, 0, 0, 7, 0, 0, 27, 0, 48, 23, 7, 0, 0, 0, 0, 0, 0, 0, 0, 0, 30, 46, 0, 0)
s = 24: (0, 0, 0, 0, 15, 4, 0, 0, 0, 0, 0, 4, 0, 0, 35, 0, 65, 37, 6, 0, 0, 0, 0, 0, 0, 0, 0, 0, 32, 30, 0, 0)
s = 25: (0, 0, 0, 0, 30, 3, 0, 0, 0, 0, 0, 8, 0, 0, 35, 0, 59, 22, 8, 0, 0, 0, 0, 0, 0, 0, 0, 0, 29, 37, 0, 0)
s = 26: (0, 0, 0, 0, 16, 2, 0, 0, 0, 0, 0, 7, 0, 0, 32, 0, 33, 31, 10, 0, 0, 0, 0, 0, 0, 0, 0, 0, 21, 28, 0, 0)
s = 27: (0, 0, 0, 0, 11, 2, 0, 0, 0, 0, 0, 7, 0, 0, 30, 0, 44, 16, 9, 0, 0, 0, 0, 0, 0, 0, 0, 0, 24, 43, 0, 0)
s = 28: (0, 0, 0, 0, 11, 3, 0, 0, 0, 0, 0, 9, 0, 0, 36, 0, 44, 31, 11, 0, 0, 0, 0, 0, 0, 0, 0, 0, 24, 29, 0, 0)
s = 29: (0, 0, 0, 0, 17, 4, 0, 0, 0, 0, 0, 4, 0, 0, 28, 0, 53, 33, 9, 0, 0, 0, 0, 0, 0, 0, 0, 0, 27, 35, 0, 0)
s = 30: (0, 0, 0, 0, 21, 2, 0, 0, 0, 0, 0, 10, 0, 0, 28, 0, 66, 15, 6, 0, 0, 0, 0, 0, 0, 0, 0, 0, 15, 43, 0, 0)
s = 31: (0, 0, 0, 0, 14, 3, 0, 0, 0, 0, 0, 10, 0, 0, 35, 0, 36, 18, 6, 0, 0, 0, 0, 0, 0, 0, 0, 0, 21, 29, 0, 0)
s = 32: (0, 0, 0, 0, 24, 3, 0, 0, 0, 0, 0, 7, 0, 0, 27, 0, 48, 27, 8, 0, 0, 0, 0, 0, 0, 0, 0, 0, 28, 29, 0, 0)
s = 33: (0, 0, 0, 0, 14, 2, 0, 0, 0, 0, 0, 8, 0, 0, 45, 0, 56, 29, 8, 0, 0, 0, 0, 0, 0, 0, 0, 0, 18, 41, 0, 0)
s = 34: (0, 0, 0, 0, 21, 3, 0, 0, 0, 0, 0, 6, 0, 0, 19, 0, 34, 22, 5, 0, 0, 0, 0, 0, 0, 0, 0, 0, 32, 61, 0, 0)
s = 35: (0, 0, 0, 0, 22, 2, 0, 0, 0, 0, 0, 5, 0, 0, 29, 0, 39, 18, 9, 0, 0, 0, 0, 0, 0, 0, 0, 0, 31, 35, 0, 0)
s = 36: (0, 0, 0, 0, 22, 2, 0, 0, 0, 0, 0, 6, 0, 0, 28, 0, 51, 17, 7, 0, 0, 0, 0, 0, 0, 0, 0, 0, 23, 34, 0, 0)
s = 37: (0, 0, 0, 0, 17, 3, 0, 0, 0, 0, 0, 7, 0, 0, 32, 0, 45, 26, 6, 0, 0, 0, 0, 0, 0, 0, 0, 0, 25, 36, 0, 0)
s = 38: (0, 0, 0, 0, 25, 2, 0, 0, 0, 0, 0, 6, 0, 0, 21, 0, 49, 20, 7, 0, 0, 0, 0, 0, 0, 0, 0, 0, 25, 25, 0, 0)
s = 39: (0, 0, 0, 0, 25, 2, 0, 0, 0, 0, 0, 6, 0, 0, 27, 0, 29, 17, 8, 0, 0, 0, 0, 0, 0, 0, 0, 0, 23, 57, 0, 0)
s = 40: (0, 0, 0, 0, 20, 2, 0, 0, 0, 0, 0, 7, 0, 0, 25, 0, 34, 28, 8, 0, 0, 0, 0, 0, 0, 0, 0, 0, 28, 29, 0, 0)
s = 41: (0, 0, 0, 0, 17, 2, 0, 0, 0, 0, 0, 8, 0, 0, 24, 0, 46, 24, 8, 0, 0, 0, 0, 0, 0, 0, 0, 0, 29, 33, 0, 0)
s = 42: (0, 0, 0, 0, 17, 3, 0, 0, 0, 0, 0, 7, 0, 0, 25, 0, 41, 19, 13, 0, 0, 0, 0, 0, 0, 0, 0, 0, 19, 38, 0, 0)
s = 43: (0, 0, 0, 0, 19, 3, 0, 0, 0, 0, 0, 5, 0, 0, 27, 0, 36, 23, 9, 0, 0, 0, 0, 0, 0, 0, 0, 0, 33, 23, 0, 0)
s = 44: (0, 0, 0, 0, 15, 2, 0, 0, 0, 0, 0, 5, 0, 0, 27, 0, 29, 25, 9, 0, 0, 0, 0, 0, 0, 0, 0, 0, 30, 38, 0, 0)
s = 45: (0, 0, 0, 0, 25, 2, 0, 0, 0, 0, 0, 7, 0, 0, 34, 0, 51, 19, 10, 0, 0, 0, 0, 0, 0, 0, 0, 0, 24, 36, 0, 0)
s = 46: (0, 0, 0, 0, 26, 2, 0, 0, 0, 0, 0, 7, 0, 0, 33, 0, 48, 28, 8, 0, 0, 0, 0, 0, 0, 0, 0, 0, 17, 27, 0, 0)
s = 47: (0, 0, 0, 0, 12, 3, 0, 0, 0, 0, 0, 6, 0, 0, 26, 0, 32, 20, 8, 0, 0, 0, 0, 0, 0, 0, 0, 0, 34, 44, 0, 0)
s = 48: (0, 0, 0, 0, 17, 2, 0, 0, 0, 0, 0, 4, 0, 0, 23, 0, 42, 21, 7, 0, 0, 0, 0, 0, 0, 0, 0, 0, 20, 25, 0, 0)
s = 49: (0, 0, 0, 0, 12, 3, 0, 0, 0, 0, 0, 4, 0, 0, 38, 0, 56, 19, 6, 0, 0, 0, 0, 0, 0, 0, 0, 0, 41, 20, 0, 0)
s = 50: (0, 0, 0, 0, 19, 3, 0, 0, 0, 0, 0, 4, 0, 0, 25, 0, 65, 21, 6, 0, 0, 0, 0, 0, 0, 0, 0, 0, 18, 21, 0, 0)
s = 51: (0, 0, 0, 0, 23, 3, 0, 0, 0, 0, 0, 4, 0, 0, 50, 0, 29, 34, 6, 0, 0, 0, 0, 0, 0, 0, 0, 0, 21, 41, 0, 0)
s = 52: (0, 0, 0, 0, 13, 3, 0, 0, 0, 0, 0, 5, 0, 0, 30, 0, 36, 18, 8, 0, 0, 0, 0, 0, 0, 0, 0, 0, 16, 24, 0, 0)
s = 53: (0, 0, 0, 0, 14, 4, 0, 0, 0, 0, 0, 7, 0, 0, 27, 0, 61, 27, 7, 0, 0, 0, 0, 0, 0, 0, 0, 0, 32, 32, 0, 0)
s = 54: (0, 0, 0, 0, 14, 2, 0, 0, 0, 0, 0, 4, 0, 0, 34, 0, 31, 26, 6, 0, 0, 0, 0, 0, 0, 0, 0, 0, 15, 20, 0, 0)
s = 55: (0, 0, 0, 0, 23, 3, 0, 0, 0, 0, 0, 6, 0, 0, 39, 0, 39, 22, 6, 0, 0, 0, 0, 0, 0, 0, 0, 0, 17, 54, 0, 0)
s = 56: (0, 0, 0, 0, 18, 4, 0, 0, 0, 0, 0, 8, 0, 0, 40, 0, 51, 30, 8, 0, 0, 0, 0, 0, 0, 0, 0, 0, 25, 24, 0, 0)
s = 57: (0, 0, 0, 0, 25, 3, 0, 0, 0, 0, 0, 5, 0, 0, 37, 0, 55, 16, 7, 0, 0, 0, 0, 0, 0, 0, 0, 0, 20, 24, 0, 0)
s = 58: (0, 0, 0, 0, 16, 3, 0, 0, 0, 0, 0, 5, 0, 0, 31, 0, 36, 33, 9, 0, 0, 0, 0, 0, 0, 0, 0, 0, 25, 46, 0, 0)
s = 59: (0, 0, 0, 0, 16, 2, 0, 0, 0, 0, 0, 5, 0, 0, 21, 0, 26, 18, 8, 0, 0, 0, 0, 0, 0, 0, 0, 0, 21, 45, 0, 0)
s = 60: (0, 0, 0, 0, 15, 3, 0, 0, 0, 0, 0, 7, 0, 0, 27, 0, 49, 32, 8, 0, 0, 0, 0, 0, 0, 0, 0, 0, 37, 39, 0, 0)
s = 61: (0, 0, 0, 0, 14, 2, 0, 0, 0, 0, 0, 5, 0, 0, 25, 0, 39, 34, 6, 0, 0, 0, 0, 0, 0, 0, 0, 0, 26, 24, 0, 0)
s = 62: (0, 0, 0, 0, 20, 3, 0, 0, 0, 0, 0, 5, 0, 0, 28, 0, 63, 32, 6, 0, 0, 0, 0, 0, 0, 0, 0, 0, 34, 34, 0, 0)
s = 63: (0, 0, 0, 0, 15, 3, 0, 0, 0, 0, 0, 5, 0, 0, 33, 0, 59, 11, 6, 0, 0, 0, 0, 0, 0, 0, 0, 0, 20, 40, 0, 0)
s = 64: (0, 0, 0, 0, 12, 2, 0, 0, 0, 0, 0, 6, 0, 0, 31, 0, 36, 26, 8, 0, 0, 0, 0, 0, 0, 0, 0, 0, 39, 33, 0, 0)
s = 65: (0, 0, 0, 0, 13, 2, 0, 0, 0, 0, 0, 9, 0, 0, 36, 0, 48, 27, 9, 0, 0, 0, 0, 0, 0, 0, 0, 0, 21, 48, 0, 0)
s = 66: (0, 0, 0, 0, 15, 3, 0, 0, 0, 0, 0, 5, 0, 0, 20, 0, 34, 19, 9, 0, 0, 0, 0, 0, 0, 0, 0, 0, 22, 23, 0, 0)
s = 67: (0, 0, 0, 0, 17, 3, 0, 0, 0, 0, 0, 6, 0, 0, 39, 0, 69, 23, 13, 0, 0, 0, 0, 0, 0, 0, 0, 0, 26, 46, 0, 0)
s = 68: (0, 0, 0, 0, 17, 2, 0, 0, 0, 0, 0, 4, 0, 0, 18, 0, 44, 22, 6, 0, 0, 0, 0, 0, 0, 0, 0, 0, 33, 38, 0, 0)
s = 69: (0, 0, 0, 0, 18, 3, 0, 0, 0, 0, 0, 9, 0, 0, 41, 0, 49, 24, 11, 0, 0, 0, 0, 0, 0, 0, 0, 0, 15, 23, 0, 0)
s = 70: (0, 0, 0, 0, 22, 3, 0, 0, 0, 0, 0, 7, 0, 0, 20, 0, 51, 22, 7, 0, 0, 0, 0, 0, 0, 0, 0, 0, 29, 29, 0, 0)
s = 71: (0, 0, 0, 0, 14, 3, 0, 0, 0, 0, 0, 7, 0, 0, 20, 0, 37, 28, 12, 0, 0, 0, 0, 0, 0, 0, 0, 0, 20, 32, 0, 0)
s = 72: (0, 0, 0, 0, 21, 3, 0, 0, 0, 0, 0, 5, 0, 0, 25, 0, 58, 16, 7, 0, 0, 0, 0, 0, 0, 0, 0, 0, 29, 20, 0, 0)
s = 73: (0, 0, 0, 0, 15, 3, 0, 0, 0, 0, 0, 4, 0, 0, 28, 0, 34, 31, 6, 0, 0, 0, 0, 0, 0, 0, 0, 0, 37, 38, 0, 0)
s = 74: (0, 0, 0, 0, 16, 2, 0, 0, 0, 0, 0, 7, 0, 0, 42, 0, 43, 22, 6, 0, 0, 0, 0, 0, 0, 0, 0, 0, 41, 35, 0, 0)
s = 75: (0, 0, 0, 0, 13, 3, 0, 0, 0, 0, 0, 6, 0, 0, 29, 0, 31, 25, 10, 0, 0, 0, 0, 0, 0, 0, 0, 0, 29, 43, 0, 0)
s = 76: (0, 0, 0, 0, 30, 2, 0, 0, 0, 0, 0, 5, 0, 0, 20, 0, 53, 17, 5, 0, 0, 0, 0, 0, 0, 0, 0, 0, 35, 42, 0, 0)
s = 77: (0, 0, 0, 0, 20, 2, 0, 0, 0, 0, 0, 6, 0, 0, 29, 0, 68, 28, 5, 0, 0, 0, 0, 0, 0, 0, 0, 0, 31, 55, 0, 0)
s = 78: (0, 0, 0, 0, 18, 2, 0, 0, 0, 0, 0, 8, 0, 0, 31, 0, 34, 20, 9, 0, 0, 0, 0, 0, 0, 0, 0, 0, 31, 36, 0, 0)
s = 79: (0, 0, 0, 0, 14, 3, 0, 0, 0, 0, 0, 8, 0, 0, 34, 0, 46, 24, 6, 0, 0, 0, 0, 0, 0, 0, 0, 0, 20, 34, 0, 0)
s = 80: (0, 0, 0, 0, 19, 2, 0, 0, 0, 0, 0, 8, 0, 0, 43, 0, 35, 16, 7, 0, 0, 0, 0, 0, 0, 0, 0, 0, 37, 30, 0, 0)
s = 81: (0, 0, 0, 0, 16, 3, 0, 0, 0, 0, 0, 9, 0, 0, 28, 0, 30, 21, 5, 0, 0, 0, 0, 0, 0, 0, 0, 0, 24, 26, 0, 0)
s = 82: (0, 0, 0, 0, 29, 3, 0, 0, 0, 0, 0, 6, 0, 0, 52, 0, 37, 16, 6, 0, 0, 0, 0, 0, 0, 0, 0, 0, 27, 27, 0, 0)
s = 83: (0, 0, 0, 0, 17, 2, 0, 0, 0, 0, 0, 6, 0, 0, 40, 0, 34, 24, 10, 0, 0, 0, 0, 0, 0, 0, 0, 0, 43, 45, 0, 0)
s = 84: (0, 0, 0, 0, 17, 2, 0, 0, 0, 0, 0, 9, 0, 0, 24, 0, 61, 36, 12, 0, 0, 0, 0, 0, 0, 0, 0, 0, 20, 30, 0, 0)
s = 85: (0, 0, 0, 0, 24, 2, 0, 0, 0, 0, 0, 5, 0, 0, 23, 0, 35, 24, 12, 0, 0, 0, 0, 0, 0, 0, 0, 0, 31, 24, 0, 0)
s = 86: (0, 0, 0, 0, 19, 3, 0, 0, 0, 0, 0, 6, 0, 0, 43, 0, 51, 24, 4, 0, 0, 0, 0, 0, 0, 0, 0, 0, 20, 30, 0, 0)
s = 87: (0, 0, 0, 0, 33, 2, 0, 0, 0, 0, 0, 7, 0, 0, 20, 0, 47, 20, 5, 0, 0, 0, 0, 0, 0, 0, 0, 0, 22, 51, 0, 0)
s = 88: (0, 0, 0, 0, 11, 3, 0, 0, 0, 0, 0, 6, 0, 0, 35, 0, 63, 15, 9, 0, 0, 0, 0, 0, 0, 0, 0, 0, 18, 26, 0, 0)
s = 89: (0, 0, 0, 0, 21, 2, 0, 0, 0, 0, 0, 10, 0, 0, 52, 0, 40, 15, 6, 0, 0, 0, 0, 0, 0, 0, 0, 0, 33, 41, 0, 0)
s = 90: (0, 0, 0, 0, 30, 2, 0, 0, 0, 0, 0, 5, 0, 0, 25, 0, 40, 30, 6, 0, 0, 0, 0, 0, 0, 0, 0, 0, 21, 19, 0, 0)
s = 91: (0, 0, 0, 0, 15, 2, 0, 0, 0, 0, 0, 7, 0, 0, 46, 0, 36, 30, 12, 0, 0, 0, 0, 0, 0, 0, 0, 0, 20, 21, 0, 0)
s = 92: (0, 0, 0, 0, 18, 3, 0, 0, 0, 0, 0, 7, 0, 0, 42, 0, 34, 29, 6, 0, 0, 0, 0, 0, 0, 0, 0, 0, 27, 30, 0, 0)
s = 93: (0, 0, 0, 0, 17, 3, 0, 0, 0, 0, 0, 9, 0, 0, 38, 0, 81, 23, 6, 0, 0, 0, 0, 0, 0, 0, 0, 0, 23, 30, 0, 0)
s = 94: (0, 0, 0, 0, 21, 2, 0, 0, 0, 0, 0, 6, 0, 0, 26, 0, 54, 20, 8, 0, 0, 0, 0, 0, 0, 0, 0, 0, 25, 24, 0, 0)
s = 95: (0, 0, 0, 0, 19, 2, 0, 0, 0, 0, 0, 9, 0, 0, 28, 0, 75, 25, 9, 0, 0, 0, 0, 0, 0, 0, 0, 0, 27, 23, 0, 0)
s = 96: (0, 0, 0, 0, 16, 2, 0, 0, 0, 0, 0, 6, 0, 0, 49, 0, 35, 20, 6, 0, 0, 0, 0, 0, 0, 0, 0, 0, 24, 35, 0, 0)
s = 97: (0, 0, 0, 0, 20, 2, 0, 0, 0, 0, 0, 6, 0, 0, 27, 0, 70, 30, 8, 0, 0, 0, 0, 0, 0, 0, 0, 0, 16, 43, 0, 0)
s = 98: (0, 0, 0, 0, 15, 3, 0, 0, 0, 0, 0, 7, 0, 0, 40, 0, 45, 22, 7, 0, 0, 0, 0, 0, 0, 0, 0, 0, 19, 29, 0, 0)
s = 99: (0, 0, 0, 0, 26, 2, 0, 0, 0, 0, 0, 8, 0, 0, 28, 0, 37, 16, 8, 0, 0, 0, 0, 0, 0, 0, 0, 0, 23, 36, 0, 0)
s = 100: (0, 0, 0, 0, 18, 2, 0, 0, 0, 0, 0, 9, 0, 0, 28, 0, 58, 12, 7, 0, 0, 0, 0, 0, 0, 0, 0, 0, 17, 33, 0, 0)
s = 101: (0, 0, 0, 0, 15, 3, 0, 0, 0, 0, 0, 4, 0, 0, 29, 0, 40, 24, 7, 0, 0, 0, 0, 0, 0, 0, 0, 0, 24, 28, 0, 0)
s = 102: (0, 0, 0, 0, 15, 2, 0, 0, 0, 0, 0, 9, 0, 0, 28, 0, 40, 19, 4, 0, 0, 0, 0, 0, 0, 0, 0, 0, 25, 32, 0, 0)
s = 103: (0, 0, 0, 0, 25, 3, 0, 0, 0, 0, 0, 12, 0, 0, 51, 0, 50, 23, 4, 0, 0, 0, 0, 0, 0, 0, 0, 0, 37, 41, 0, 0)
s = 104: (0, 0, 0, 0, 10, 2, 0, 0, 0, 0, 0, 8, 0, 0, 27, 0, 41, 18, 7, 0, 0, 0, 0, 0, 0, 0, 0, 0, 19, 21, 0, 0)
s = 105: (0, 0, 0, 0, 13, 3, 0, 0, 0, 0, 0, 11, 0, 0, 47, 0, 38, 16, 8, 0, 0, 0, 0, 0, 0, 0, 0, 0, 25, 30, 0, 0)
s = 106: (0, 0, 0, 0, 19, 3, 0, 0, 0, 0, 0, 6, 0, 0, 34, 0, 25, 15, 13, 0, 0, 0, 0, 0, 0, 0, 0, 0, 18, 34, 0, 0)
s = 107: (0, 0, 0, 0, 24, 2, 0, 0, 0, 0, 0, 6, 0, 0, 23, 0, 57, 16, 12, 0, 0, 0, 0, 0, 0, 0, 0, 0, 15, 25, 0, 0)
s = 108: (0, 0, 0, 0, 17, 2, 0, 0, 0, 0, 0, 6, 0, 0, 40, 0, 72, 23, 8, 0, 0, 0, 0, 0, 0, 0, 0, 0, 19, 26, 0, 0)
s = 109: (0, 0, 0, 0, 22, 3, 0, 0, 0, 0, 0, 5, 0, 0, 33, 0, 62, 19, 8, 0, 0, 0, 0, 0, 0, 0, 0, 0, 26, 36, 0, 0)
s = 110: (0, 0, 0, 0, 14, 3, 0, 0, 0, 0, 0, 7, 0, 0, 37, 0, 36, 29, 11, 0, 0, 0, 0, 0, 0, 0, 0, 0, 21, 56, 0, 0)
s = 111: (0, 0, 0, 0, 11, 2, 0, 0, 0, 0, 0, 8, 0, 0, 39, 0, 52, 14, 9, 0, 0, 0, 0, 0, 0, 0, 0, 0, 25, 45, 0, 0)
s = 112: (0, 0, 0, 0, 20, 2, 0, 0, 0, 0, 0, 5, 0, 0, 31, 0, 68, 16, 5, 0, 0, 0, 0, 0, 0, 0, 0, 0, 35, 35, 0, 0)
s = 113: (0, 0, 0, 0, 31, 2, 0, 0, 0, 0, 0, 10, 0, 0, 41, 0, 39, 14, 7, 0, 0, 0, 0, 0, 0, 0, 0, 0, 22, 20, 0, 0)
s = 114: (0, 0, 0, 0, 22, 3, 0, 0, 0, 0, 0, 7, 0, 0, 48, 0, 32, 26, 12, 0, 0, 0, 0, 0, 0, 0, 0, 0, 27, 23, 0, 0)
s = 115: (0, 0, 0, 0, 18, 3, 0, 0, 0, 0, 0, 8, 0, 0, 53, 0, 48, 19, 8, 0, 0, 0, 0, 0, 0, 0, 0, 0, 22, 59, 0, 0)
s = 116: (0, 0, 0, 0, 24, 2, 0, 0, 0, 0, 0, 8, 0, 0, 23, 0, 41, 16, 10, 0, 0, 0, 0, 0, 0, 0, 0, 0, 17, 47, 0, 0)
s = 117: (0, 0, 0, 0, 22, 4, 0, 0, 0, 0, 0, 7, 0, 0, 48, 0, 37, 23, 11, 0, 0, 0, 0, 0, 0, 0, 0, 0, 24, 27, 0, 0)
s = 118: (0, 0, 0, 0, 16, 3, 0, 0, 0, 0, 0, 8, 0, 0, 49, 0, 37, 12, 5, 0, 0, 0, 0, 0, 0, 0, 0, 0, 22, 44, 0, 0)
s = 119: (0, 0, 0, 0, 15, 3, 0, 0, 0, 0, 0, 5, 0, 0, 31, 0, 66, 17, 8, 0, 0, 0, 0, 0, 0, 0, 0, 0, 18, 23, 0, 0)
s = 120: (0, 0, 0, 0, 20, 2, 0, 0, 0, 0, 0, 7, 0, 0, 23, 0, 63, 26, 12, 0, 0, 0, 0, 0, 0, 0, 0, 0, 23, 31, 0, 0)
s = 121: (0, 0, 0, 0, 20, 3, 0, 0, 0, 0, 0, 6, 0, 0, 28, 0, 34, 22, 5, 0, 0, 0, 0, 0, 0, 0, 0, 0, 18, 37, 0, 0)
s = 122: (0, 0, 0, 0, 24, 2, 0, 0, 0, 0, 0, 7, 0, 0, 34, 0, 31, 14, 6, 0, 0, 0, 0, 0, 0, 0, 0, 0, 14, 33, 0, 0)
s = 123: (0, 0, 0, 0, 13, 4, 0, 0, 0, 0, 0, 10, 0, 0, 48, 0, 39, 14, 11, 0, 0, 0, 0, 0, 0, 0, 0, 0, 28, 36, 0, 0)
s = 124: (0, 0, 0, 0, 17, 3, 0, 0, 0, 0, 0, 11, 0, 0, 45, 0, 77, 16, 6, 0, 0, 0, 0, 0, 0, 0, 0, 0, 22, 33, 0, 0)
s = 125: (0, 0, 0, 0, 17, 2, 0, 0, 0, 0, 0, 8, 0, 0, 28, 0, 38, 15, 6, 0, 0, 0, 0, 0, 0, 0, 0, 0, 24, 52, 0, 0)
s = 126: (0, 0, 0, 0, 15, 3, 0, 0, 0, 0, 0, 7, 0, 0, 25, 0, 55, 35, 8, 0, 0, 0, 0, 0, 0, 0, 0, 0, 23, 38, 0, 0)
s = 127: (0, 0, 0, 0, 17, 2, 0, 0, 0, 0, 0, 10, 0, 0, 24, 0, 26, 31, 9, 0, 0, 0, 0, 0, 0, 0, 0, 0, 16, 31, 0, 0)
s = 128: (0, 0, 0, 0, 13, 3, 0, 0, 0, 0, 0, 9, 0, 0, 29, 0, 34, 22, 7, 0, 0, 0, 0, 0, 0, 0, 0, 0, 28, 49, 0, 0)
s = 129: (0, 0, 0, 0, 12, 2, 0, 0, 0, 0, 0, 5, 0, 0, 24, 0, 43, 16, 9, 0, 0, 0, 0, 0, 0, 0, 0, 0, 24, 40, 0, 0)
s = 130: (0, 0, 0, 0, 13, 2, 0, 0, 0, 0, 0, 8, 0, 0, 46, 0, 55, 28, 6, 0, 0, 0, 0, 0, 0, 0, 0, 0, 29, 23, 0, 0)
s = 131: (0, 0, 0, 0, 18, 3, 0, 0, 0, 0, 0, 4, 0, 0, 34, 0, 47, 17, 10, 0, 0, 0, 0, 0, 0, 0, 0, 0, 32, 43, 0, 0)
s = 132: (0, 0, 0, 0, 13, 3, 0, 0, 0, 0, 0, 6, 0, 0, 32, 0, 62, 16, 9, 0, 0, 0, 0, 0, 0, 0, 0, 0, 31, 44, 0, 0)
s = 133: (0, 0, 0, 0, 20, 2, 0, 0, 0, 0, 0, 5, 0, 0, 37, 0, 36, 25, 7, 0, 0, 0, 0, 0, 0, 0, 0, 0, 21, 34, 0, 0)
s = 134: (0, 0, 0, 0, 16, 2, 0, 0, 0, 0, 0, 5, 0, 0, 30, 0, 28, 15, 6, 0, 0, 0, 0, 0, 0, 0, 0, 0, 20, 50, 0, 0)
s = 135: (0, 0, 0, 0, 14, 2, 0, 0, 0, 0, 0, 5, 0, 0, 26, 0, 66, 22, 5, 0, 0, 0, 0, 0, 0, 0, 0, 0, 25, 23, 0, 0)
s = 136: (0, 0, 0, 0, 24, 3, 0, 0, 0, 0, 0, 7, 0, 0, 21, 0, 26, 14, 6, 0, 0, 0, 0, 0, 0, 0, 0, 0, 15, 40, 0, 0)
s = 137: (0, 0, 0, 0, 15, 2, 0, 0, 0, 0, 0, 7, 0, 0, 35, 0, 70, 20, 7, 0, 0, 0, 0, 0, 0, 0, 0, 0, 24, 46, 0, 0)
s = 138: (0, 0, 0, 0, 22, 3, 0, 0, 0, 0, 0, 6, 0, 0, 38, 0, 37, 26, 12, 0, 0, 0, 0, 0, 0, 0, 0, 0, 27, 35, 0, 0)
s = 139: (0, 0, 0, 0, 26, 2, 0, 0, 0, 0, 0, 7, 0, 0, 25, 0, 40, 14, 7, 0, 0, 0, 0, 0, 0, 0, 0, 0, 24, 26, 0, 0)
s = 140: (0, 0, 0, 0, 20, 2, 0, 0, 0, 0, 0, 7, 0, 0, 30, 0, 68, 24, 9, 0, 0, 0, 0, 0, 0, 0, 0, 0, 25, 38, 0, 0)
s = 141: (0, 0, 0, 0, 20, 3, 0, 0, 0, 0, 0, 7, 0, 0, 51, 0, 69, 14, 9, 0, 0, 0, 0, 0, 0, 0, 0, 0, 45, 43, 0, 0)
s = 142: (0, 0, 0, 0, 19, 2, 0, 0, 0, 0, 0, 7, 0, 0, 33, 0, 39, 28, 10, 0, 0, 0, 0, 0, 0, 0, 0, 0, 29, 46, 0, 0)
s = 143: (0, 0, 0, 0, 14, 2, 0, 0, 0, 0, 0, 6, 0, 0, 34, 0, 27, 23, 8, 0, 0, 0, 0, 0, 0, 0, 0, 0, 35, 27, 0, 0)
s = 144: (0, 0, 0, 0, 14, 3, 0, 0, 0, 0, 0, 5, 0, 0, 48, 0, 38, 22, 8, 0, 0, 0, 0, 0, 0, 0, 0, 0, 29, 39, 0, 0)
s = 145: (0, 0, 0, 0, 12, 3, 0, 0, 0, 0, 0, 5, 0, 0, 26, 0, 30, 15, 11, 0, 0, 0, 0, 0, 0, 0, 0, 0, 17, 22, 0, 0)
s = 146: (0, 0, 0, 0, 19, 2, 0, 0, 0, 0, 0, 4, 0, 0, 29, 0, 63, 21, 8, 0, 0, 0, 0, 0, 0, 0, 0, 0, 17, 50, 0, 0)
s = 147: (0, 0, 0, 0, 18, 2, 0, 0, 0, 0, 0, 4, 0, 0, 22, 0, 35, 23, 10, 0, 0, 0, 0, 0, 0, 0, 0, 0, 13, 45, 0, 0)
s = 148: (0, 0, 0, 0, 21, 3, 0, 0, 0, 0, 0, 5, 0, 0, 18, 0, 55, 20, 7, 0, 0, 0, 0, 0, 0, 0, 0, 0, 32, 32, 0, 0)
s = 149: (0, 0, 0, 0, 13, 3, 0, 0, 0, 0, 0, 6, 0, 0, 22, 0, 53, 17, 6, 0, 0, 0, 0, 0, 0, 0, 0, 0, 21, 38, 0, 0)
s = 150: (0, 0, 0, 0, 17, 3, 0, 0, 0, 0, 0, 8, 0, 0, 43, 0, 27, 19, 9, 0, 0, 0, 0, 0, 0, 0, 0, 0, 32, 29, 0, 0)
s = 151: (0, 0, 0, 0, 21, 3, 0, 0, 0, 0, 0, 7, 0, 0, 33, 0, 33, 13, 6, 0, 0, 0, 0, 0, 0, 0, 0, 0, 25, 33, 0, 0)
s = 152: (0, 0, 0, 0, 15, 2, 0, 0, 0, 0, 0, 7, 0, 0, 28, 0, 58, 25, 7, 0, 0, 0, 0, 0, 0, 0, 0, 0, 23, 40, 0, 0)
s = 153: (0, 0, 0, 0, 26, 2, 0, 0, 0, 0, 0, 6, 0, 0, 19, 0, 54, 12, 8, 0, 0, 0, 0, 0, 0, 0, 0, 0, 41, 34, 0, 0)
s = 154: (0, 0, 0, 0, 11, 2, 0, 0, 0, 0, 0, 6, 0, 0, 43, 0, 30, 20, 9, 0, 0, 0, 0, 0, 0, 0, 0, 0, 24, 54, 0, 0)
s = 155: (0, 0, 0, 0, 17, 2, 0, 0, 0, 0, 0, 7, 0, 0, 27, 0, 38, 29, 6, 0, 0, 0, 0, 0, 0, 0, 0, 0, 21, 37, 0, 0)
s = 156: (0, 0, 0, 0, 23, 4, 0, 0, 0, 0, 0, 5, 0, 0, 44, 0, 33, 15, 10, 0, 0, 0, 0, 0, 0, 0, 0, 0, 38, 29, 0, 0)
s = 157: (0, 0, 0, 0, 14, 3, 0, 0, 0, 0, 0, 6, 0, 0, 32, 0, 34, 36, 8, 0, 0, 0, 0, 0, 0, 0, 0, 0, 20, 51, 0, 0)
s = 158: (0, 0, 0, 0, 15, 2, 0, 0, 0, 0, 0, 8, 0, 0, 37, 0, 52, 20, 9, 0, 0, 0, 0, 0, 0, 0, 0, 0, 32, 41, 0, 0)
s = 159: (0, 0, 0, 0, 10, 2, 0, 0, 0, 0, 0, 6, 0, 0, 21, 0, 42, 15, 10, 0, 0, 0, 0, 0, 0, 0, 0, 0, 21, 42, 0, 0)
s = 160: (0, 0, 0, 0, 20, 3, 0, 0, 0, 0, 0, 6, 0, 0, 25, 0, 45, 18, 5, 0, 0, 0, 0, 0, 0, 0, 0, 0, 17, 40, 0, 0)
s = 161: (0, 0, 0, 0, 19, 3, 0, 0, 0, 0, 0, 9, 0, 0, 27, 0, 52, 23, 5, 0, 0, 0, 0, 0, 0, 0, 0, 0, 31, 38, 0, 0)
s = 162: (0, 0, 0, 0, 23, 4, 0, 0, 0, 0, 0, 4, 0, 0, 45, 0, 63, 20, 5, 0, 0, 0, 0, 0, 0, 0, 0, 0, 31, 52, 0, 0)
s = 163: (0, 0, 0, 0, 15, 3, 0, 0, 0, 0, 0, 8, 0, 0, 36, 0, 54, 14, 6, 0, 0, 0, 0, 0, 0, 0, 0, 0, 31, 55, 0, 0)
s = 164: (0, 0, 0, 0, 10, 2, 0, 0, 0, 0, 0, 6, 0, 0, 41, 0, 38, 28, 10, 0, 0, 0, 0, 0, 0, 0, 0, 0, 22, 21, 0, 0)
s = 165: (0, 0, 0, 0, 26, 2, 0, 0, 0, 0, 0, 4, 0, 0, 33, 0, 51, 22, 7, 0, 0, 0, 0, 0, 0, 0, 0, 0, 29, 47, 0, 0)
s = 166: (0, 0, 0, 0, 25, 3, 0, 0, 0, 0, 0, 9, 0, 0, 21, 0, 45, 28, 8, 0, 0, 0, 0, 0, 0, 0, 0, 0, 16, 57, 0, 0)
s = 167: (0, 0, 0, 0, 17, 2, 0, 0, 0, 0, 0, 6, 0, 0, 24, 0, 55, 16, 5, 0, 0, 0, 0, 0, 0, 0, 0, 0, 21, 45, 0, 0)
s = 168: (0, 0, 0, 0, 10, 3, 0, 0, 0, 0, 0, 8, 0, 0, 31, 0, 36, 24, 9, 0, 0, 0, 0, 0, 0, 0, 0, 0, 16, 24, 0, 0)
s = 169: (0, 0, 0, 0, 21, 2, 0, 0, 0, 0, 0, 4, 0, 0, 30, 0, 29, 20, 7, 0, 0, 0, 0, 0, 0, 0, 0, 0, 18, 33, 0, 0)
s = 170: (0, 0, 0, 0, 16, 3, 0, 0, 0, 0, 0, 5, 0, 0, 27, 0, 39, 15, 7, 0, 0, 0, 0, 0, 0, 0, 0, 0, 33, 39, 0, 0)
s = 171: (0, 0, 0, 0, 16, 2, 0, 0, 0, 0, 0, 7, 0, 0, 18, 0, 30, 15, 6, 0, 0, 0, 0, 0, 0, 0, 0, 0, 22, 25, 0, 0)
s = 172: (0, 0, 0, 0, 23, 2, 0, 0, 0, 0, 0, 6, 0, 0, 41, 0, 65, 25, 7, 0, 0, 0, 0, 0, 0, 0, 0, 0, 13, 30, 0, 0)
s = 173: (0, 0, 0, 0, 15, 3, 0, 0, 0, 0, 0, 6, 0, 0, 41, 0, 47, 25, 8, 0, 0, 0, 0, 0, 0, 0, 0, 0, 17, 26, 0, 0)
s = 174: (0, 0, 0, 0, 20, 3, 0, 0, 0, 0, 0, 10, 0, 0, 24, 0, 63, 27, 7, 0, 0, 0, 0, 0, 0, 0, 0, 0, 31, 25, 0, 0)
s = 175: (0, 0, 0, 0, 16, 2, 0, 0, 0, 0, 0, 9, 0, 0, 31, 0, 32, 20, 6, 0, 0, 0, 0, 0, 0, 0, 0, 0, 18, 28, 0, 0)
s = 176: (0, 0, 0, 0, 23, 2, 0, 0, 0, 0, 0, 5, 0, 0, 41, 0, 41, 12, 8, 0, 0, 0, 0, 0, 0, 0, 0, 0, 20, 44, 0, 0)
s = 177: (0, 0, 0, 0, 15, 3, 0, 0, 0, 0, 0, 7, 0, 0, 38, 0, 32, 28, 8, 0, 0, 0, 0, 0, 0, 0, 0, 0, 21, 41, 0, 0)
s = 178: (0, 0, 0, 0, 16, 3, 0, 0, 0, 0, 0, 5, 0, 0, 36, 0, 52, 24, 5, 0, 0, 0, 0, 0, 0, 0, 0, 0, 21, 21, 0, 0)
s = 179: (0, 0, 0, 0, 20, 2, 0, 0, 0, 0, 0, 7, 0, 0, 29, 0, 57, 18, 8, 0, 0, 0, 0, 0, 0, 0, 0, 0, 23, 50, 0, 0)
s = 180: (0, 0, 0, 0, 14, 3, 0, 0, 0, 0, 0, 6, 0, 0, 44, 0, 75, 14, 5, 0, 0, 0, 0, 0, 0, 0, 0, 0, 19, 42, 0, 0)
s = 181: (0, 0, 0, 0, 15, 3, 0, 0, 0, 0, 0, 5, 0, 0, 26, 0, 48, 25, 9, 0, 0, 0, 0, 0, 0, 0, 0, 0, 29, 46, 0, 0)
s = 182: (0, 0, 0, 0, 16, 2, 0, 0, 0, 0, 0, 7, 0, 0, 30, 0, 45, 19, 7, 0, 0, 0, 0, 0, 0, 0, 0, 0, 32, 36, 0, 0)
s = 183: (0, 0, 0, 0, 24, 3, 0, 0, 0, 0, 0, 7, 0, 0, 39, 0, 55, 17, 7, 0, 0, 0, 0, 0, 0, 0, 0, 0, 16, 25, 0, 0)
s = 184: (0, 0, 0, 0, 24, 2, 0, 0, 0, 0, 0, 6, 0, 0, 40, 0, 30, 31, 10, 0, 0, 0, 0, 0, 0, 0, 0, 0, 18, 24, 0, 0)
s = 185: (0, 0, 0, 0, 21, 3, 0, 0, 0, 0, 0, 10, 0, 0, 31, 0, 49, 20, 10, 0, 0, 0, 0, 0, 0, 0, 0, 0, 17, 50, 0, 0)
s = 186: (0, 0, 0, 0, 20, 3, 0, 0, 0, 0, 0, 5, 0, 0, 36, 0, 35, 22, 9, 0, 0, 0, 0, 0, 0, 0, 0, 0, 26, 20, 0, 0)
s = 187: (0, 0, 0, 0, 19, 3, 0, 0, 0, 0, 0, 5, 0, 0, 36, 0, 57, 30, 5, 0, 0, 0, 0, 0, 0, 0, 0, 0, 24, 27, 0, 0)
s = 188: (0, 0, 0, 0, 10, 2, 0, 0, 0, 0, 0, 6, 0, 0, 17, 0, 48, 27, 8, 0, 0, 0, 0, 0, 0, 0, 0, 0, 14, 22, 0, 0)
s = 189: (0, 0, 0, 0, 22, 2, 0, 0, 0, 0, 0, 9, 0, 0, 40, 0, 38, 25, 7, 0, 0, 0, 0, 0, 0, 0, 0, 0, 28, 22, 0, 0)
s = 190: (0, 0, 0, 0, 21, 2, 0, 0, 0, 0, 0, 10, 0, 0, 52, 0, 40, 14, 10, 0, 0, 0, 0, 0, 0, 0, 0, 0, 41, 25, 0, 0)
s = 191: (0, 0, 0, 0, 19, 3, 0, 0, 0, 0, 0, 8, 0, 0, 41, 0, 45, 19, 7, 0, 0, 0, 0, 0, 0, 0, 0, 0, 27, 38, 0, 0)
s = 192: (0, 0, 0, 0, 13, 3, 0, 0, 0, 0, 0, 6, 0, 0, 30, 0, 44, 23, 7, 0, 0, 0, 0, 0, 0, 0, 0, 0, 21, 44, 0, 0)
s = 193: (0, 0, 0, 0, 21, 2, 0, 0, 0, 0, 0, 6, 0, 0, 35, 0, 42, 18, 8, 0, 0, 0, 0, 0, 0, 0, 0, 0, 28, 34, 0, 0)
s = 194: (0, 0, 0, 0, 19, 2, 0, 0, 0, 0, 0, 7, 0, 0, 40, 0, 56, 24, 10, 0, 0, 0, 0, 0, 0, 0, 0, 0, 33, 31, 0, 0)
s = 195: (0, 0, 0, 0, 22, 2, 0, 0, 0, 0, 0, 7, 0, 0, 28, 0, 27, 21, 5, 0, 0, 0, 0, 0, 0, 0, 0, 0, 20, 24, 0, 0)
s = 196: (0, 0, 0, 0, 15, 2, 0, 0, 0, 0, 0, 5, 0, 0, 31, 0, 34, 18, 4, 0, 0, 0, 0, 0, 0, 0, 0, 0, 26, 32, 0, 0)
s = 197: (0, 0, 0, 0, 13, 2, 0, 0, 0, 0, 0, 8, 0, 0, 46, 0, 39, 22, 7, 0, 0, 0, 0, 0, 0, 0, 0, 0, 32, 46, 0, 0)
s = 198: (0, 0, 0, 0, 14, 3, 0, 0, 0, 0, 0, 5, 0, 0, 41, 0, 49, 27, 7, 0, 0, 0, 0, 0, 0, 0, 0, 0, 39, 46, 0, 0)
s = 199: (0, 0, 0, 0, 20, 4, 0, 0, 0, 0, 0, 4, 0, 0, 44, 0, 29, 28, 6, 0, 0, 0, 0, 0, 0, 0, 0, 0, 17, 47, 0, 0)
s = 200: (0, 0, 0, 0, 25, 3, 0, 0, 0, 0, 0, 7, 0, 0, 26, 0, 48, 28, 8, 0, 0, 0, 0, 0, 0, 0, 0, 0, 25, 57, 0, 0)
------------------------------------------------------------------------
RESOURCE k = 4
s = 1: (0, 0, 0, 0, 0, 0, 11, 0, 47, 0, 0, 0, 26, 0, 0, 0, 0, 0, 0, 20, 0, 0, 0, 0, 0, 13, 0, 0, 0, 0, 17, 0)
s = 2: (0, 0, 0, 0, 0, 0, 10, 0, 42, 0, 0, 0, 17, 0, 0, 0, 0, 0, 0, 14, 0, 0, 0, 0, 0, 34, 0, 0, 0, 0, 12, 0)
s = 3: (0, 0, 0, 0, 0, 0, 12, 0, 88, 0, 0, 0, 21, 0, 0, 0, 0, 0, 0, 16, 0, 0, 0, 0, 0, 22, 0, 0, 0, 0, 21, 0)
s = 4: (0, 0, 0, 0, 0, 0, 16, 0, 70, 0, 0, 0, 18, 0, 0, 0, 0, 0, 0, 14, 0, 0, 0, 0, 0, 29, 0, 0, 0, 0, 24, 0)
s = 5: (0, 0, 0, 0, 0, 0, 8, 0, 68, 0, 0, 0, 26, 0, 0, 0, 0, 0, 0, 13, 0, 0, 0, 0, 0, 12, 0, 0, 0, 0, 24, 0)
s = 6: (0, 0, 0, 0, 0, 0, 11, 0, 56, 0, 0, 0, 16, 0, 0, 0, 0, 0, 0, 9, 0, 0, 0, 0, 0, 21, 0, 0, 0, 0, 16, 0)
s = 7: (0, 0, 0, 0, 0, 0, 14, 0, 76, 0, 0, 0, 17, 0, 0, 0, 0, 0, 0, 10, 0, 0, 0, 0, 0, 19, 0, 0, 0, 0, 13, 0)
s = 8: (0, 0, 0, 0, 0, 0, 13, 0, 66, 0, 0, 0, 23, 0, 0, 0, 0, 0, 0, 11, 0, 0, 0, 0, 0, 15, 0, 0, 0, 0, 25, 0)
s = 9: (0, 0, 0, 0, 0, 0, 12, 0, 72, 0, 0, 0, 23, 0, 0, 0, 0, 0, 0, 9, 0, 0, 0, 0, 0, 18, 0, 0, 0, 0, 14, 0)
s = 10: (0, 0, 0, 0, 0, 0, 7, 0, 46, 0, 0, 0, 19, 0, 0, 0, 0, 0, 0, 16, 0, 0, 0, 0, 0, 23, 0, 0, 0, 0, 18, 0)
s = 11: (0, 0, 0, 0, 0, 0, 18, 0, 104, 0, 0, 0, 20, 0, 0, 0, 0, 0, 0, 15, 0, 0, 0, 0, 0, 15, 0, 0, 0, 0, 13, 0)
s = 12: (0, 0, 0, 0, 0, 0, 8, 0, 58, 0, 0, 0, 23, 0, 0, 0, 0, 0, 0, 12, 0, 0, 0, 0, 0, 22, 0, 0, 0, 0, 17, 0)
s = 13: (0, 0, 0, 0, 0, 0, 12, 0, 108, 0, 0, 0, 18, 0, 0, 0, 0, 0, 0, 9, 0, 0, 0, 0, 0, 11, 0, 0, 0, 0, 20, 0)
s = 14: (0, 0, 0, 0, 0, 0, 11, 0, 70, 0, 0, 0, 27, 0, 0, 0, 0, 0, 0, 15, 0, 0, 0, 0, 0, 25, 0, 0, 0, 0, 23, 0)
s = 15: (0, 0, 0, 0, 0, 0, 10, 0, 77, 0, 0, 0, 24, 0, 0, 0, 0, 0, 0, 11, 0, 0, 0, 0, 0, 19, 0, 0, 0, 0, 19, 0)
s = 16: (0, 0, 0, 0, 0, 0, 11, 0, 60, 0, 0, 0, 28, 0, 0, 0, 0, 0, 0, 19, 0, 0, 0, 0, 0, 29, 0, 0, 0, 0, 11, 0)
s = 17: (0, 0, 0, 0, 0, 0, 8, 0, 78, 0, 0, 0, 28, 0, 0, 0, 0, 0, 0, 9, 0, 0, 0, 0, 0, 28, 0, 0, 0, 0, 25, 0)
s = 18: (0, 0, 0, 0, 0, 0, 17, 0, 51, 0, 0, 0, 22, 0, 0, 0, 0, 0, 0, 19, 0, 0, 0, 0, 0, 32, 0, 0, 0, 0, 19, 0)
s = 19: (0, 0, 0, 0, 0, 0, 16, 0, 78, 0, 0, 0, 19, 0, 0, 0, 0, 0, 0, 8, 0, 0, 0, 0, 0, 22, 0, 0, 0, 0, 26, 0)
s = 20: (0, 0, 0, 0, 0, 0, 9, 0, 51, 0, 0, 0, 17, 0, 0, 0, 0, 0, 0, 11, 0, 0, 0, 0, 0, 32, 0, 0, 0, 0, 20, 0)
s = 21: (0, 0, 0, 0, 0, 0, 18, 0, 52, 0, 0, 0, 22, 0, 0, 0, 0, 0, 0, 11, 0, 0, 0, 0, 0, 15, 0, 0, 0, 0, 13, 0)
s = 22: (0, 0, 0, 0, 0, 0, 11, 0, 40, 0, 0, 0, 24, 0, 0, 0, 0, 0, 0, 16, 0, 0, 0, 0, 0, 21, 0, 0, 0, 0, 11, 0)
s = 23: (0, 0, 0, 0, 0, 0, 13, 0, 105, 0, 0, 0, 13, 0, 0, 0, 0, 0, 0, 10, 0, 0, 0, 0, 0, 22, 0, 0, 0, 0, 16, 0)
s = 24: (0, 0, 0, 0, 0, 0, 11, 0, 101, 0, 0, 0, 21, 0, 0, 0, 0, 0, 0, 16, 0, 0, 0, 0, 0, 16, 0, 0, 0, 0, 11, 0)
s = 25: (0, 0, 0, 0, 0, 0, 10, 0, 65, 0, 0, 0, 13, 0, 0, 0, 0, 0, 0, 14, 0, 0, 0, 0, 0, 23, 0, 0, 0, 0, 13, 0)
s = 26: (0, 0, 0, 0, 0, 0, 7, 0, 71, 0, 0, 0, 22, 0, 0, 0, 0, 0, 0, 16, 0, 0, 0, 0, 0, 14, 0, 0, 0, 0, 16, 0)
s = 27: (0, 0, 0, 0, 0, 0, 8, 0, 54, 0, 0, 0, 17, 0, 0, 0, 0, 0, 0, 18, 0, 0, 0, 0, 0, 17, 0, 0, 0, 0, 16, 0)
s = 28: (0, 0, 0, 0, 0, 0, 14, 0, 54, 0, 0, 0, 19, 0, 0, 0, 0, 0, 0, 11, 0, 0, 0, 0, 0, 13, 0, 0, 0, 0, 19, 0)
s = 29: (0, 0, 0, 0, 0, 0, 14, 0, 84, 0, 0, 0, 23, 0, 0, 0, 0, 0, 0, 8, 0, 0, 0, 0, 0, 19, 0, 0, 0, 0, 21, 0)
s = 30: (0, 0, 0, 0, 0, 0, 8, 0, 76, 0, 0, 0, 17, 0, 0, 0, 0, 0, 0, 12, 0, 0, 0, 0, 0, 20, 0, 0, 0, 0, 13, 0)
s = 31: (0, 0, 0, 0, 0, 0, 14, 0, 81, 0, 0, 0, 24, 0, 0, 0, 0, 0, 0, 7, 0, 0, 0, 0, 0, 12, 0, 0, 0, 0, 13, 0)
s = 32: (0, 0, 0, 0, 0, 0, 8, 0, 65, 0, 0, 0, 17, 0, 0, 0, 0, 0, 0, 12, 0, 0, 0, 0, 0, 21, 0, 0, 0, 0, 19, 0)
s = 33: (0, 0, 0, 0, 0, 0, 9, 0, 48, 0, 0, 0, 17, 0, 0, 0, 0, 0, 0, 9, 0, 0, 0, 0, 0, 20, 0, 0, 0, 0, 16, 0)
s = 34: (0, 0, 0, 0, 0, 0, 17, 0, 82, 0, 0, 0, 31, 0, 0, 0, 0, 0, 0, 11, 0, 0, 0, 0, 0, 16, 0, 0, 0, 0, 12, 0)
s = 35: (0, 0, 0, 0, 0, 0, 12, 0, 69, 0, 0, 0, 18, 0, 0, 0, 0, 0, 0, 15, 0, 0, 0, 0, 0, 19, 0, 0, 0, 0, 20, 0)
s = 36: (0, 0, 0, 0, 0, 0, 11, 0, 73, 0, 0, 0, 17, 0, 0, 0, 0, 0, 0, 13, 0, 0, 0, 0, 0, 15, 0, 0, 0, 0, 20, 0)
s = 37: (0, 0, 0, 0, 0, 0, 14, 0, 87, 0, 0, 0, 22, 0, 0, 0, 0, 0, 0, 8, 0, 0, 0, 0, 0, 20, 0, 0, 0, 0, 14, 0)
s = 38: (0, 0, 0, 0, 0, 0, 13, 0, 64, 0, 0, 0, 27, 0, 0, 0, 0, 0, 0, 22, 0, 0, 0, 0, 0, 18, 0, 0, 0, 0, 17, 0)
s = 39: (0, 0, 0, 0, 0, 0, 11, 0, 79, 0, 0, 0, 18, 0, 0, 0, 0, 0, 0, 9, 0, 0, 0, 0, 0, 19, 0, 0, 0, 0, 24, 0)
s = 40: (0, 0, 0, 0, 0, 0, 19, 0, 44, 0, 0, 0, 27, 0, 0, 0, 0, 0, 0, 10, 0, 0, 0, 0, 0, 28, 0, 0, 0, 0, 16, 0)
s = 41: (0, 0, 0, 0, 0, 0, 10, 0, 103, 0, 0, 0, 24, 0, 0, 0, 0, 0, 0, 14, 0, 0, 0, 0, 0, 16, 0, 0, 0, 0, 16, 0)
s = 42: (0, 0, 0, 0, 0, 0, 13, 0, 88, 0, 0, 0, 19, 0, 0, 0, 0, 0, 0, 9, 0, 0, 0, 0, 0, 30, 0, 0, 0, 0, 20, 0)
s = 43: (0, 0, 0, 0, 0, 0, 14, 0, 75, 0, 0, 0, 13, 0, 0, 0, 0, 0, 0, 14, 0, 0, 0, 0, 0, 27, 0, 0, 0, 0, 16, 0)
s = 44: (0, 0, 0, 0, 0, 0, 13, 0, 89, 0, 0, 0, 19, 0, 0, 0, 0, 0, 0, 10, 0, 0, 0, 0, 0, 21, 0, 0, 0, 0, 17, 0)
s = 45: (0, 0, 0, 0, 0, 0, 12, 0, 47, 0, 0, 0, 27, 0, 0, 0, 0, 0, 0, 12, 0, 0, 0, 0, 0, 20, 0, 0, 0, 0, 10, 0)
s = 46: (0, 0, 0, 0, 0, 0, 12, 0, 45, 0, 0, 0, 16, 0, 0, 0, 0, 0, 0, 17, 0, 0, 0, 0, 0, 12, 0, 0, 0, 0, 13, 0)
s = 47: (0, 0, 0, 0, 0, 0, 15, 0, 81, 0, 0, 0, 12, 0, 0, 0, 0, 0, 0, 15, 0, 0, 0, 0, 0, 26, 0, 0, 0, 0, 17, 0)
s = 48: (0, 0, 0, 0, 0, 0, 12, 0, 70, 0, 0, 0, 17, 0, 0, 0, 0, 0, 0, 9, 0, 0, 0, 0, 0, 19, 0, 0, 0, 0, 25, 0)
s = 49: (0, 0, 0, 0, 0, 0, 8, 0, 67, 0, 0, 0, 29, 0, 0, 0, 0, 0, 0, 16, 0, 0, 0, 0, 0, 17, 0, 0, 0, 0, 17, 0)
s = 50: (0, 0, 0, 0, 0, 0, 11, 0, 108, 0, 0, 0, 15, 0, 0, 0, 0, 0, 0, 11, 0, 0, 0, 0, 0, 15, 0, 0, 0, 0, 20, 0)
s = 51: (0, 0, 0, 0, 0, 0, 15, 0, 91, 0, 0, 0, 18, 0, 0, 0, 0, 0, 0, 11, 0, 0, 0, 0, 0, 14, 0, 0, 0, 0, 13, 0)
s = 52: (0, 0, 0, 0, 0, 0, 9, 0, 113, 0, 0, 0, 12, 0, 0, 0, 0, 0, 0, 10, 0, 0, 0, 0, 0, 29, 0, 0, 0, 0, 17, 0)
s = 53: (0, 0, 0, 0, 0, 0, 9, 0, 56, 0, 0, 0, 22, 0, 0, 0, 0, 0, 0, 15, 0, 0, 0, 0, 0, 16, 0, 0, 0, 0, 19, 0)
s = 54: (0, 0, 0, 0, 0, 0, 12, 0, 100, 0, 0, 0, 19, 0, 0, 0, 0, 0, 0, 21, 0, 0, 0, 0, 0, 22, 0, 0, 0, 0, 20, 0)
s = 55: (0, 0, 0, 0, 0, 0, 10, 0, 61, 0, 0, 0, 30, 0, 0, 0, 0, 0, 0, 14, 0, 0, 0, 0, 0, 17, 0, 0, 0, 0, 13, 0)
s = 56: (0, 0, 0, 0, 0, 0, 8, 0, 71, 0, 0, 0, 18, 0, 0, 0, 0, 0, 0, 9, 0, 0, 0, 0, 0, 24, 0, 0, 0, 0, 21, 0)
s = 57: (0, 0, 0, 0, 0, 0, 11, 0, 52, 0, 0, 0, 22, 0, 0, 0, 0, 0, 0, 14, 0, 0, 0, 0, 0, 13, 0, 0, 0, 0, 19, 0)
s = 58: (0, 0, 0, 0, 0, 0, 12, 0, 105, 0, 0, 0, 21, 0, 0, 0, 0, 0, 0, 10, 0, 0, 0, 0, 0, 17, 0, 0, 0, 0, 19, 0)
s = 59: (0, 0, 0, 0, 0, 0, 9, 0, 98, 0, 0, 0, 18, 0, 0, 0, 0, 0, 0, 9, 0, 0, 0, 0, 0, 14, 0, 0, 0, 0, 17, 0)
s = 60: (0, 0, 0, 0, 0, 0, 10, 0, 80, 0, 0, 0, 15, 0, 0, 0, 0, 0, 0, 16, 0, 0, 0, 0, 0, 19, 0, 0, 0, 0, 15, 0)
s = 61: (0, 0, 0, 0, 0, 0, 8, 0, 80, 0, 0, 0, 27, 0, 0, 0, 0, 0, 0, 20, 0, 0, 0, 0, 0, 32, 0, 0, 0, 0, 12, 0)
s = 62: (0, 0, 0, 0, 0, 0, 15, 0, 95, 0, 0, 0, 34, 0, 0, 0, 0, 0, 0, 14, 0, 0, 0, 0, 0, 26, 0, 0, 0, 0, 9, 0)
s = 63: (0, 0, 0, 0, 0, 0, 16, 0, 84, 0, 0, 0, 18, 0, 0, 0, 0, 0, 0, 11, 0, 0, 0, 0, 0, 22, 0, 0, 0, 0, 12, 0)
s = 64: (0, 0, 0, 0, 0, 0, 16, 0, 60, 0, 0, 0, 11, 0, 0, 0, 0, 0, 0, 8, 0, 0, 0, 0, 0, 27, 0, 0, 0, 0, 17, 0)
s = 65: (0, 0, 0, 0, 0, 0, 7, 0, 65, 0, 0, 0, 20, 0, 0, 0, 0, 0, 0, 10, 0, 0, 0, 0, 0, 13, 0, 0, 0, 0, 11, 0)
s = 66: (0, 0, 0, 0, 0, 0, 11, 0, 39, 0, 0, 0, 24, 0, 0, 0, 0, 0, 0, 8, 0, 0, 0, 0, 0, 25, 0, 0, 0, 0, 12, 0)
s = 67: (0, 0, 0, 0, 0, 0, 9, 0, 66, 0, 0, 0, 22, 0, 0, 0, 0, 0, 0, 8, 0, 0, 0, 0, 0, 19, 0, 0, 0, 0, 23, 0)
s = 68: (0, 0, 0, 0, 0, 0, 17, 0, 87, 0, 0, 0, 16, 0, 0, 0, 0, 0, 0, 12, 0, 0, 0, 0, 0, 15, 0, 0, 0, 0, 24, 0)
s = 69: (0, 0, 0, 0, 0, 0, 10, 0, 47, 0, 0, 0, 15, 0, 0, 0, 0, 0, 0, 14, 0, 0, 0, 0, 0, 29, 0, 0, 0, 0, 13, 0)
s = 70: (0, 0, 0, 0, 0, 0, 9, 0, 73, 0, 0, 0, 24, 0, 0, 0, 0, 0, 0, 10, 0, 0, 0, 0, 0, 22, 0, 0, 0, 0, 9, 0)
s = 71: (0, 0, 0, 0, 0, 0, 10, 0, 42, 0, 0, 0, 11, 0, 0, 0, 0, 0, 0, 13, 0, 0, 0, 0, 0, 16, 0, 0, 0, 0, 14, 0)
s = 72: (0, 0, 0, 0, 0, 0, 9, 0, 50, 0, 0, 0, 12, 0, 0, 0, 0, 0, 0, 14, 0, 0, 0, 0, 0, 22, 0, 0, 0, 0, 11, 0)
s = 73: (0, 0, 0, 0, 0, 0, 19, 0, 76, 0, 0, 0, 18, 0, 0, 0, 0, 0, 0, 9, 0, 0, 0, 0, 0, 17, 0, 0, 0, 0, 13, 0)
s = 74: (0, 0, 0, 0, 0, 0, 19, 0, 118, 0, 0, 0, 18, 0, 0, 0, 0, 0, 0, 12, 0, 0, 0, 0, 0, 20, 0, 0, 0, 0, 24, 0)
s = 75: (0, 0, 0, 0, 0, 0, 8, 0, 92, 0, 0, 0, 19, 0, 0, 0, 0, 0, 0, 19, 0, 0, 0, 0, 0, 25, 0, 0, 0, 0, 16, 0)
s = 76: (0, 0, 0, 0, 0, 0, 13, 0, 61, 0, 0, 0, 15, 0, 0, 0, 0, 0, 0, 9, 0, 0, 0, 0, 0, 14, 0, 0, 0, 0, 20, 0)
s = 77: (0, 0, 0, 0, 0, 0, 11, 0, 66, 0, 0, 0, 23, 0, 0, 0, 0, 0, 0, 17, 0, 0, 0, 0, 0, 20, 0, 0, 0, 0, 17, 0)
s = 78: (0, 0, 0, 0, 0, 0, 7, 0, 57, 0, 0, 0, 18, 0, 0, 0, 0, 0, 0, 18, 0, 0, 0, 0, 0, 17, 0, 0, 0, 0, 16, 0)
s = 79: (0, 0, 0, 0, 0, 0, 14, 0, 95, 0, 0, 0, 13, 0, 0, 0, 0, 0, 0, 23, 0, 0, 0, 0, 0, 25, 0, 0, 0, 0, 17, 0)
s = 80: (0, 0, 0, 0, 0, 0, 13, 0, 108, 0, 0, 0, 21, 0, 0, 0, 0, 0, 0, 7, 0, 0, 0, 0, 0, 26, 0, 0, 0, 0, 15, 0)
s = 81: (0, 0, 0, 0, 0, 0, 9, 0, 77, 0, 0, 0, 18, 0, 0, 0, 0, 0, 0, 8, 0, 0, 0, 0, 0, 29, 0, 0, 0, 0, 20, 0)
s = 82: (0, 0, 0, 0, 0, 0, 10, 0, 48, 0, 0, 0, 28, 0, 0, 0, 0, 0, 0, 9, 0, 0, 0, 0, 0, 19, 0, 0, 0, 0, 10, 0)
s = 83: (0, 0, 0, 0, 0, 0, 13, 0, 84, 0, 0, 0, 14, 0, 0, 0, 0, 0, 0, 18, 0, 0, 0, 0, 0, 17, 0, 0, 0, 0, 21, 0)
s = 84: (0, 0, 0, 0, 0, 0, 13, 0, 44, 0, 0, 0, 28, 0, 0, 0, 0, 0, 0, 18, 0, 0, 0, 0, 0, 24, 0, 0, 0, 0, 18, 0)
s = 85: (0, 0, 0, 0, 0, 0, 13, 0, 97, 0, 0, 0, 19, 0, 0, 0, 0, 0, 0, 10, 0, 0, 0, 0, 0, 16, 0, 0, 0, 0, 17, 0)
s = 86: (0, 0, 0, 0, 0, 0, 11, 0, 76, 0, 0, 0, 24, 0, 0, 0, 0, 0, 0, 14, 0, 0, 0, 0, 0, 16, 0, 0, 0, 0, 12, 0)
s = 87: (0, 0, 0, 0, 0, 0, 11, 0, 113, 0, 0, 0, 19, 0, 0, 0, 0, 0, 0, 19, 0, 0, 0, 0, 0, 18, 0, 0, 0, 0, 24, 0)
s = 88: (0, 0, 0, 0, 0, 0, 10, 0, 44, 0, 0, 0, 17, 0, 0, 0, 0, 0, 0, 15, 0, 0, 0, 0, 0, 28, 0, 0, 0, 0, 28, 0)
s = 89: (0, 0, 0, 0, 0, 0, 12, 0, 63, 0, 0, 0, 12, 0, 0, 0, 0, 0, 0, 9, 0, 0, 0, 0, 0, 16, 0, 0, 0, 0, 27, 0)
s = 90: (0, 0, 0, 0, 0, 0, 12, 0, 80, 0, 0, 0, 23, 0, 0, 0, 0, 0, 0, 8, 0, 0, 0, 0, 0, 25, 0, 0, 0, 0, 27, 0)
s = 91: (0, 0, 0, 0, 0, 0, 10, 0, 78, 0, 0, 0, 28, 0, 0, 0, 0, 0, 0, 9, 0, 0, 0, 0, 0, 16, 0, 0, 0, 0, 23, 0)
s = 92: (0, 0, 0, 0, 0, 0, 12, 0, 94, 0, 0, 0, 25, 0, 0, 0, 0, 0, 0, 13, 0, 0, 0, 0, 0, 16, 0, 0, 0, 0, 18, 0)
s = 93: (0, 0, 0, 0, 0, 0, 12, 0, 81, 0, 0, 0, 32, 0, 0, 0, 0, 0, 0, 11, 0, 0, 0, 0, 0, 19, 0, 0, 0, 0, 22, 0)
s = 94: (0, 0, 0, 0, 0, 0, 9, 0, 61, 0, 0, 0, 16, 0, 0, 0, 0, 0, 0, 18, 0, 0, 0, 0, 0, 29, 0, 0, 0, 0, 13, 0)
s = 95: (0, 0, 0, 0, 0, 0, 18, 0, 71, 0, 0, 0, 27, 0, 0, 0, 0, 0, 0, 10, 0, 0, 0, 0, 0, 15, 0, 0, 0, 0, 13, 0)
s = 96: (0, 0, 0, 0, 0, 0, 14, 0, 86, 0, 0, 0, 12, 0, 0, 0, 0, 0, 0, 16, 0, 0, 0, 0, 0, 25, 0, 0, 0, 0, 10, 0)
s = 97: (0, 0, 0, 0, 0, 0, 9, 0, 118, 0, 0, 0, 12, 0, 0, 0, 0, 0, 0, 11, 0, 0, 0, 0, 0, 14, 0, 0, 0, 0, 11, 0)
s = 98: (0, 0, 0, 0, 0, 0, 9, 0, 50, 0, 0, 0, 21, 0, 0, 0, 0, 0, 0, 13, 0, 0, 0, 0, 0, 28, 0, 0, 0, 0, 17, 0)
s = 99: (0, 0, 0, 0, 0, 0, 14, 0, 67, 0, 0, 0, 13, 0, 0, 0, 0, 0, 0, 14, 0, 0, 0, 0, 0, 14, 0, 0, 0, 0, 12, 0)
s = 100: (0, 0, 0, 0, 0, 0, 13, 0, 81, 0, 0, 0, 21, 0, 0, 0, 0, 0, 0, 13, 0, 0, 0, 0, 0, 20, 0, 0, 0, 0, 22, 0)
s = 101: (0, 0, 0, 0, 0, 0, 10, 0, 83, 0, 0, 0, 21, 0, 0, 0, 0, 0, 0, 12, 0, 0, 0, 0, 0, 16, 0, 0, 0, 0, 11, 0)
s = 102: (0, 0, 0, 0, 0, 0, 10, 0, 52, 0, 0, 0, 14, 0, 0, 0, 0, 0, 0, 19, 0, 0, 0, 0, 0, 18, 0, 0, 0, 0, 16, 0)
s = 103: (0, 0, 0, 0, 0, 0, 9, 0, 81, 0, 0, 0, 19, 0, 0, 0, 0, 0, 0, 21, 0, 0, 0, 0, 0, 15, 0, 0, 0, 0, 19, 0)
s = 104: (0, 0, 0, 0, 0, 0, 10, 0, 68, 0, 0, 0, 26, 0, 0, 0, 0, 0, 0, 17, 0, 0, 0, 0, 0, 32, 0, 0, 0, 0, 17, 0)
s = 105: (0, 0, 0, 0, 0, 0, 10, 0, 85, 0, 0, 0, 19, 0, 0, 0, 0, 0, 0, 13, 0, 0, 0, 0, 0, 20, 0, 0, 0, 0, 13, 0)
s = 106: (0, 0, 0, 0, 0, 0, 10, 0, 51, 0, 0, 0, 14, 0, 0, 0, 0, 0, 0, 14, 0, 0, 0, 0, 0, 17, 0, 0, 0, 0, 10, 0)
s = 107: (0, 0, 0, 0, 0, 0, 18, 0, 66, 0, 0, 0, 28, 0, 0, 0, 0, 0, 0, 9, 0, 0, 0, 0, 0, 19, 0, 0, 0, 0, 20, 0)
s = 108: (0, 0, 0, 0, 0, 0, 14, 0, 43, 0, 0, 0, 12, 0, 0, 0, 0, 0, 0, 16, 0, 0, 0, 0, 0, 20, 0, 0, 0, 0, 16, 0)
s = 109: (0, 0, 0, 0, 0, 0, 13, 0, 93, 0, 0, 0, 15, 0, 0, 0, 0, 0, 0, 12, 0, 0, 0, 0, 0, 24, 0, 0, 0, 0, 12, 0)
s = 110: (0, 0, 0, 0, 0, 0, 19, 0, 64, 0, 0, 0, 16, 0, 0, 0, 0, 0, 0, 13, 0, 0, 0, 0, 0, 22, 0, 0, 0, 0, 22, 0)
s = 111: (0, 0, 0, 0, 0, 0, 10, 0, 56, 0, 0, 0, 14, 0, 0, 0, 0, 0, 0, 12, 0, 0, 0, 0, 0, 21, 0, 0, 0, 0, 11, 0)
s = 112: (0, 0, 0, 0, 0, 0, 16, 0, 52, 0, 0, 0, 16, 0, 0, 0, 0, 0, 0, 10, 0, 0, 0, 0, 0, 18, 0, 0, 0, 0, 16, 0)
s = 113: (0, 0, 0, 0, 0, 0, 10, 0, 90, 0, 0, 0, 19, 0, 0, 0, 0, 0, 0, 11, 0, 0, 0, 0, 0, 16, 0, 0, 0, 0, 12, 0)
s = 114: (0, 0, 0, 0, 0, 0, 12, 0, 71, 0, 0, 0, 21, 0, 0, 0, 0, 0, 0, 12, 0, 0, 0, 0, 0, 18, 0, 0, 0, 0, 29, 0)
s = 115: (0, 0, 0, 0, 0, 0, 15, 0, 86, 0, 0, 0, 21, 0, 0, 0, 0, 0, 0, 11, 0, 0, 0, 0, 0, 20, 0, 0, 0, 0, 10, 0)
s = 116: (0, 0, 0, 0, 0, 0, 16, 0, 92, 0, 0, 0, 21, 0, 0, 0, 0, 0, 0, 16, 0, 0, 0, 0, 0, 25, 0, 0, 0, 0, 19, 0)
s = 117: (0, 0, 0, 0, 0, 0, 15, 0, 50, 0, 0, 0, 20, 0, 0, 0, 0, 0, 0, 14, 0, 0, 0, 0, 0, 28, 0, 0, 0, 0, 23, 0)
s = 118: (0, 0, 0, 0, 0, 0, 10, 0, 53, 0, 0, 0, 36, 0, 0, 0, 0, 0, 0, 12, 0, 0, 0, 0, 0, 20, 0, 0, 0, 0, 17, 0)
s = 119: (0, 0, 0, 0, 0, 0, 14, 0, 49, 0, 0, 0, 22, 0, 0, 0, 0, 0, 0, 10, 0, 0, 0, 0, 0, 14, 0, 0, 0, 0, 10, 0)
s = 120: (0, 0, 0, 0, 0, 0, 15, 0, 115, 0, 0, 0, 19, 0, 0, 0, 0, 0, 0, 13, 0, 0, 0, 0, 0, 20, 0, 0, 0, 0, 16, 0)
s = 121: (0, 0, 0, 0, 0, 0, 8, 0, 79, 0, 0, 0, 18, 0, 0, 0, 0, 0, 0, 14, 0, 0, 0, 0, 0, 22, 0, 0, 0, 0, 15, 0)
s = 122: (0, 0, 0, 0, 0, 0, 14, 0, 75, 0, 0, 0, 31, 0, 0, 0, 0, 0, 0, 10, 0, 0, 0, 0, 0, 13, 0, 0, 0, 0, 13, 0)
s = 123: (0, 0, 0, 0, 0, 0, 15, 0, 92, 0, 0, 0, 12, 0, 0, 0, 0, 0, 0, 8, 0, 0, 0, 0, 0, 23, 0, 0, 0, 0, 22, 0)
s = 124: (0, 0, 0, 0, 0, 0, 10, 0, 78, 0, 0, 0, 18, 0, 0, 0, 0, 0, 0, 16, 0, 0, 0, 0, 0, 28, 0, 0, 0, 0, 11, 0)
s = 125: (0, 0, 0, 0, 0, 0, 9, 0, 108, 0, 0, 0, 18, 0, 0, 0, 0, 0, 0, 13, 0, 0, 0, 0, 0, 27, 0, 0, 0, 0, 10, 0)
s = 126: (0, 0, 0, 0, 0, 0, 18, 0, 69, 0, 0, 0, 25, 0, 0, 0, 0, 0, 0, 13, 0, 0, 0, 0, 0, 13, 0, 0, 0, 0, 22, 0)
s = 127: (0, 0, 0, 0, 0, 0, 15, 0, 38, 0, 0, 0, 22, 0, 0, 0, 0, 0, 0, 12, 0, 0, 0, 0, 0, 17, 0, 0, 0, 0, 14, 0)
s = 128: (0, 0, 0, 0, 0, 0, 12, 0, 56, 0, 0, 0, 29, 0, 0, 0, 0, 0, 0, 11, 0, 0, 0, 0, 0, 32, 0, 0, 0, 0, 30, 0)
s = 129: (0, 0, 0, 0, 0, 0, 12, 0, 113, 0, 0, 0, 22, 0, 0, 0, 0, 0, 0, 15, 0, 0, 0, 0, 0, 21, 0, 0, 0, 0, 23, 0)
s = 130: (0, 0, 0, 0, 0, 0, 17, 0, 89, 0, 0, 0, 15, 0, 0, 0, 0, 0, 0, 8, 0, 0, 0, 0, 0, 22, 0, 0, 0, 0, 17, 0)
s = 131: (0, 0, 0, 0, 0, 0, 13, 0, 74, 0, 0, 0, 20, 0, 0, 0, 0, 0, 0, 8, 0, 0, 0, 0, 0, 21, 0, 0, 0, 0, 21, 0)
s = 132: (0, 0, 0, 0, 0, 0, 12, 0, 63, 0, 0, 0, 30, 0, 0, 0, 0, 0, 0, 9, 0, 0, 0, 0, 0, 20, 0, 0, 0, 0, 15, 0)
s = 133: (0, 0, 0, 0, 0, 0, 8, 0, 99, 0, 0, 0, 20, 0, 0, 0, 0, 0, 0, 15, 0, 0, 0, 0, 0, 27, 0, 0, 0, 0, 10, 0)
s = 134: (0, 0, 0, 0, 0, 0, 11, 0, 95, 0, 0, 0, 18, 0, 0, 0, 0, 0, 0, 8, 0, 0, 0, 0, 0, 29, 0, 0, 0, 0, 18, 0)
s = 135: (0, 0, 0, 0, 0, 0, 17, 0, 58, 0, 0, 0, 19, 0, 0, 0, 0, 0, 0, 16, 0, 0, 0, 0, 0, 17, 0, 0, 0, 0, 17, 0)
s = 136: (0, 0, 0, 0, 0, 0, 13, 0, 48, 0, 0, 0, 24, 0, 0, 0, 0, 0, 0, 11, 0, 0, 0, 0, 0, 12, 0, 0, 0, 0, 15, 0)
s = 137: (0, 0, 0, 0, 0, 0, 15, 0, 79, 0, 0, 0, 21, 0, 0, 0, 0, 0, 0, 11, 0, 0, 0, 0, 0, 25, 0, 0, 0, 0, 14, 0)
s = 138: (0, 0, 0, 0, 0, 0, 11, 0, 63, 0, 0, 0, 22, 0, 0, 0, 0, 0, 0, 12, 0, 0, 0, 0, 0, 24, 0, 0, 0, 0, 24, 0)
s = 139: (0, 0, 0, 0, 0, 0, 19, 0, 73, 0, 0, 0, 20, 0, 0, 0, 0, 0, 0, 13, 0, 0, 0, 0, 0, 29, 0, 0, 0, 0, 15, 0)
s = 140: (0, 0, 0, 0, 0, 0, 7, 0, 62, 0, 0, 0, 12, 0, 0, 0, 0, 0, 0, 10, 0, 0, 0, 0, 0, 17, 0, 0, 0, 0, 24, 0)
s = 141: (0, 0, 0, 0, 0, 0, 10, 0, 61, 0, 0, 0, 18, 0, 0, 0, 0, 0, 0, 12, 0, 0, 0, 0, 0, 12, 0, 0, 0, 0, 16, 0)
s = 142: (0, 0, 0, 0, 0, 0, 15, 0, 74, 0, 0, 0, 21, 0, 0, 0, 0, 0, 0, 11, 0, 0, 0, 0, 0, 14, 0, 0, 0, 0, 17, 0)
s = 143: (0, 0, 0, 0, 0, 0, 17, 0, 45, 0, 0, 0, 22, 0, 0, 0, 0, 0, 0, 14, 0, 0, 0, 0, 0, 23, 0, 0, 0, 0, 12, 0)
s = 144: (0, 0, 0, 0, 0, 0, 12, 0, 84, 0, 0, 0, 22, 0, 0, 0, 0, 0, 0, 13, 0, 0, 0, 0, 0, 20, 0, 0, 0, 0, 16, 0)
s = 145: (0, 0, 0, 0, 0, 0, 16, 0, 63, 0, 0, 0, 35, 0, 0, 0, 0, 0, 0, 13, 0, 0, 0, 0, 0, 17, 0, 0, 0, 0, 10, 0)
s = 146: (0, 0, 0, 0, 0, 0, 11, 0, 67, 0, 0, 0, 16, 0, 0, 0, 0, 0, 0, 15, 0, 0, 0, 0, 0, 15, 0, 0, 0, 0, 27, 0)
s = 147: (0, 0, 0, 0, 0, 0, 14, 0, 69, 0, 0, 0, 20, 0, 0, 0, 0, 0, 0, 12, 0, 0, 0, 0, 0, 18, 0, 0, 0, 0, 14, 0)
s = 148: (0, 0, 0, 0, 0, 0, 8, 0, 80, 0, 0, 0, 26, 0, 0, 0, 0, 0, 0, 14, 0, 0, 0, 0, 0, 19, 0, 0, 0, 0, 15, 0)
s = 149: (0, 0, 0, 0, 0, 0, 15, 0, 50, 0, 0, 0, 21, 0, 0, 0, 0, 0, 0, 11, 0, 0, 0, 0, 0, 19, 0, 0, 0, 0, 16, 0)
s = 150: (0, 0, 0, 0, 0, 0, 11, 0, 92, 0, 0, 0, 12, 0, 0, 0, 0, 0, 0, 12, 0, 0, 0, 0, 0, 28, 0, 0, 0, 0, 20, 0)
s = 151: (0, 0, 0, 0, 0, 0, 13, 0, 71, 0, 0, 0, 19, 0, 0, 0, 0, 0, 0, 13, 0, 0, 0, 0, 0, 11, 0, 0, 0, 0, 14, 0)
s = 152: (0, 0, 0, 0, 0, 0, 11, 0, 79, 0, 0, 0, 23, 0, 0, 0, 0, 0, 0, 15, 0, 0, 0, 0, 0, 28, 0, 0, 0, 0, 24, 0)
s = 153: (0, 0, 0, 0, 0, 0, 11, 0, 49, 0, 0, 0, 15, 0, 0, 0, 0, 0, 0, 9, 0, 0, 0, 0, 0, 17, 0, 0, 0, 0, 11, 0)
s = 154: (0, 0, 0, 0, 0, 0, 11, 0, 61, 0, 0, 0, 12, 0, 0, 0, 0, 0, 0, 12, 0, 0, 0, 0, 0, 15, 0, 0, 0, 0, 14, 0)
s = 155: (0, 0, 0, 0, 0, 0, 17, 0, 57, 0, 0, 0, 24, 0, 0, 0, 0, 0, 0, 11, 0, 0, 0, 0, 0, 21, 0, 0, 0, 0, 20, 0)
s = 156: (0, 0, 0, 0, 0, 0, 12, 0, 49, 0, 0, 0, 19, 0, 0, 0, 0, 0, 0, 19, 0, 0, 0, 0, 0, 14, 0, 0, 0, 0, 16, 0)
s = 157: (0, 0, 0, 0, 0, 0, 14, 0, 84, 0, 0, 0, 18, 0, 0, 0, 0, 0, 0, 17, 0, 0, 0, 0, 0, 20, 0, 0, 0, 0, 9, 0)
s = 158: (0, 0, 0, 0, 0, 0, 14, 0, 54, 0, 0, 0, 22, 0, 0, 0, 0, 0, 0, 10, 0, 0, 0, 0, 0, 30, 0, 0, 0, 0, 14, 0)
s = 159: (0, 0, 0, 0, 0, 0, 14, 0, 53, 0, 0, 0, 18, 0, 0, 0, 0, 0, 0, 13, 0, 0, 0, 0, 0, 22, 0, 0, 0, 0, 15, 0)
s = 160: (0, 0, 0, 0, 0, 0, 11, 0, 67, 0, 0, 0, 19, 0, 0, 0, 0, 0, 0, 15, 0, 0, 0, 0, 0, 28, 0, 0, 0, 0, 18, 0)
s = 161: (0, 0, 0, 0, 0, 0, 10, 0, 67, 0, 0, 0, 26, 0, 0, 0, 0, 0, 0, 10, 0, 0, 0, 0, 0, 18, 0, 0, 0, 0, 15, 0)
s = 162: (0, 0, 0, 0, 0, 0, 10, 0, 41, 0, 0, 0, 18, 0, 0, 0, 0, 0, 0, 9, 0, 0, 0, 0, 0, 20, 0, 0, 0, 0, 24, 0)
s = 163: (0, 0, 0, 0, 0, 0, 7, 0, 75, 0, 0, 0, 19, 0, 0, 0, 0, 0, 0, 11, 0, 0, 0, 0, 0, 27, 0, 0, 0, 0, 27, 0)
s = 164: (0, 0, 0, 0, 0, 0, 7, 0, 58, 0, 0, 0, 16, 0, 0, 0, 0, 0, 0, 11, 0, 0, 0, 0, 0, 13, 0, 0, 0, 0, 15, 0)
s = 165: (0, 0, 0, 0, 0, 0, 12, 0, 81, 0, 0, 0, 15, 0, 0, 0, 0, 0, 0, 7, 0, 0, 0, 0, 0, 16, 0, 0, 0, 0, 21, 0)
s = 166: (0, 0, 0, 0, 0, 0, 11, 0, 37, 0, 0, 0, 28, 0, 0, 0, 0, 0, 0, 18, 0, 0, 0, 0, 0, 12, 0, 0, 0, 0, 15, 0)
s = 167: (0, 0, 0, 0, 0, 0, 13, 0, 57, 0, 0, 0, 15, 0, 0, 0, 0, 0, 0, 7, 0, 0, 0, 0, 0, 24, 0, 0, 0, 0, 17, 0)
s = 168: (0, 0, 0, 0, 0, 0, 15, 0, 71, 0, 0, 0, 20, 0, 0, 0, 0, 0, 0, 12, 0, 0, 0, 0, 0, 19, 0, 0, 0, 0, 15, 0)
s = 169: (0, 0, 0, 0, 0, 0, 13, 0, 78, 0, 0, 0, 21, 0, 0, 0, 0, 0, 0, 9, 0, 0, 0, 0, 0, 27, 0, 0, 0, 0, 10, 0)
s = 170: (0, 0, 0, 0, 0, 0, 11, 0, 45, 0, 0, 0, 20, 0, 0, 0, 0, 0, 0, 8, 0, 0, 0, 0, 0, 16, 0, 0, 0, 0, 9, 0)
s = 171: (0, 0, 0, 0, 0, 0, 8, 0, 62, 0, 0, 0, 28, 0, 0, 0, 0, 0, 0, 13, 0, 0, 0, 0, 0, 13, 0, 0, 0, 0, 25, 0)
s = 172: (0, 0, 0, 0, 0, 0, 10, 0, 42, 0, 0, 0, 26, 0, 0, 0, 0, 0, 0, 7, 0, 0, 0, 0, 0, 23, 0, 0, 0, 0, 15, 0)
s = 173: (0, 0, 0, 0, 0, 0, 14, 0, 83, 0, 0, 0, 23, 0, 0, 0, 0, 0, 0, 10, 0, 0, 0, 0, 0, 24, 0, 0, 0, 0, 21, 0)
s = 174: (0, 0, 0, 0, 0, 0, 19, 0, 71, 0, 0, 0, 27, 0, 0, 0, 0, 0, 0, 13, 0, 0, 0, 0, 0, 25, 0, 0, 0, 0, 14, 0)
s = 175: (0, 0, 0, 0, 0, 0, 13, 0, 68, 0, 0, 0, 12, 0, 0, 0, 0, 0, 0, 14, 0, 0, 0, 0, 0, 24, 0, 0, 0, 0, 25, 0)
s = 176: (0, 0, 0, 0, 0, 0, 10, 0, 97, 0, 0, 0, 29, 0, 0, 0, 0, 0, 0, 12, 0, 0, 0, 0, 0, 23, 0, 0, 0, 0, 12, 0)
s = 177: (0, 0, 0, 0, 0, 0, 9, 0, 58, 0, 0, 0, 20, 0, 0, 0, 0, 0, 0, 8, 0, 0, 0, 0, 0, 23, 0, 0, 0, 0, 18, 0)
s = 178: (0, 0, 0, 0, 0, 0, 13, 0, 95, 0, 0, 0, 20, 0, 0, 0, 0, 0, 0, 17, 0, 0, 0, 0, 0, 12, 0, 0, 0, 0, 10, 0)
s = 179: (0, 0, 0, 0, 0, 0, 12, 0, 51, 0, 0, 0, 13, 0, 0, 0, 0, 0, 0, 9, 0, 0, 0, 0, 0, 14, 0, 0, 0, 0, 25, 0)
s = 180: (0, 0, 0, 0, 0, 0, 13, 0, 67, 0, 0, 0, 30, 0, 0, 0, 0, 0, 0, 8, 0, 0, 0, 0, 0, 24, 0, 0, 0, 0, 15, 0)
s = 181: (0, 0, 0, 0, 0, 0, 16, 0, 81, 0, 0, 0, 25, 0, 0, 0, 0, 0, 0, 22, 0, 0, 0, 0, 0, 23, 0, 0, 0, 0, 16, 0)
s = 182: (0, 0, 0, 0, 0, 0, 11, 0, 85, 0, 0, 0, 23, 0, 0, 0, 0, 0, 0, 9, 0, 0, 0, 0, 0, 13, 0, 0, 0, 0, 13, 0)
s = 183: (0, 0, 0, 0, 0, 0, 11, 0, 72, 0, 0, 0, 19, 0, 0, 0, 0, 0, 0, 9, 0, 0, 0, 0, 0, 15, 0, 0, 0, 0, 10, 0)
s = 184: (0, 0, 0, 0, 0, 0, 18, 0, 69, 0, 0, 0, 30, 0, 0, 0, 0, 0, 0, 8, 0, 0, 0, 0, 0, 18, 0, 0, 0, 0, 12, 0)
s = 185: (0, 0, 0, 0, 0, 0, 15, 0, 85, 0, 0, 0, 18, 0, 0, 0, 0, 0, 0, 15, 0, 0, 0, 0, 0, 16, 0, 0, 0, 0, 16, 0)
s = 186: (0, 0, 0, 0, 0, 0, 22, 0, 80, 0, 0, 0, 26, 0, 0, 0, 0, 0, 0, 8, 0, 0, 0, 0, 0, 22, 0, 0, 0, 0, 10, 0)
s = 187: (0, 0, 0, 0, 0, 0, 9, 0, 127, 0, 0, 0, 20, 0, 0, 0, 0, 0, 0, 11, 0, 0, 0, 0, 0, 14, 0, 0, 0, 0, 16, 0)
s = 188: (0, 0, 0, 0, 0, 0, 18, 0, 51, 0, 0, 0, 15, 0, 0, 0, 0, 0, 0, 14, 0, 0, 0, 0, 0, 14, 0, 0, 0, 0, 14, 0)
s = 189: (0, 0, 0, 0, 0, 0, 15, 0, 49, 0, 0, 0, 27, 0, 0, 0, 0, 0, 0, 13, 0, 0, 0, 0, 0, 32, 0, 0, 0, 0, 15, 0)
s = 190: (0, 0, 0, 0, 0, 0, 11, 0, 56, 0, 0, 0, 21, 0, 0, 0, 0, 0, 0, 18, 0, 0, 0, 0, 0, 16, 0, 0, 0, 0, 21, 0)
s = 191: (0, 0, 0, 0, 0, 0, 12, 0, 89, 0, 0, 0, 19, 0, 0, 0, 0, 0, 0, 8, 0, 0, 0, 0, 0, 21, 0, 0, 0, 0, 12, 0)
s = 192: (0, 0, 0, 0, 0, 0, 9, 0, 59, 0, 0, 0, 16, 0, 0, 0, 0, 0, 0, 9, 0, 0, 0, 0, 0, 13, 0, 0, 0, 0, 19, 0)
s = 193: (0, 0, 0, 0, 0, 0, 9, 0, 73, 0, 0, 0, 26, 0, 0, 0, 0, 0, 0, 9, 0, 0, 0, 0, 0, 18, 0, 0, 0, 0, 12, 0)
s = 194: (0, 0, 0, 0, 0, 0, 14, 0, 59, 0, 0, 0, 19, 0, 0, 0, 0, 0, 0, 15, 0, 0, 0, 0, 0, 13, 0, 0, 0, 0, 21, 0)
s = 195: (0, 0, 0, 0, 0, 0, 10, 0, 96, 0, 0, 0, 17, 0, 0, 0, 0, 0, 0, 20, 0, 0, 0, 0, 0, 12, 0, 0, 0, 0, 16, 0)
s = 196: (0, 0, 0, 0, 0, 0, 21, 0, 106, 0, 0, 0, 14, 0, 0, 0, 0, 0, 0, 12, 0, 0, 0, 0, 0, 26, 0, 0, 0, 0, 12, 0)
s = 197: (0, 0, 0, 0, 0, 0, 10, 0, 75, 0, 0, 0, 26, 0, 0, 0, 0, 0, 0, 11, 0, 0, 0, 0, 0, 25, 0, 0, 0, 0, 19, 0)
s = 198: (0, 0, 0, 0, 0, 0, 19, 0, 115, 0, 0, 0, 17, 0, 0, 0, 0, 0, 0, 17, 0, 0, 0, 0, 0, 20, 0, 0, 0, 0, 23, 0)
s = 199: (0, 0, 0, 0, 0, 0, 10, 0, 90, 0, 0, 0, 20, 0, 0, 0, 0, 0, 0, 8, 0, 0, 0, 0, 0, 15, 0, 0, 0, 0, 18, 0)
s = 200: (0, 0, 0, 0, 0, 0, 8, 0, 136, 0, 0, 0, 27, 0, 0, 0, 0, 0, 0, 8, 0, 0, 0, 0, 0, 19, 0, 0, 0, 0, 23, 0)
************************************************************************
ES/LS-VALUES:
jobnr.   ES(i)    LS(i)
------------------------------------------------------------------------
  0        0        0
  1        0       82
  2        0       75
  3        0       90
  4       10       86
  5       14       132
  6       26       103
  7       13       125
  8       10       85
  9       14       105
 10       13       96
 11       30       128
 12       37       114
 13       34       147
 14       29       105
 15       55       132
 16       56       142
 17       42       119
 18       55       132
 19       65       151
 20       27       155
 21       26       118
 22       56       134
 23       74       153
 24       36       129
 25       56       144
 26       10       151
 27       74       153
 28       42       164
 29       65       159
 30       77       157
 31       92       172
************************************************************************
BIG-M-VALUES:
M1 = 108, M2 = 393
************************************************************************
