************************************************************************
file with basedata            : mm50_.bas
initial value random generator: 1171
************************************************************************
projects                      :  1
jobs (incl. supersource/sink ):  12
horizon                       :  85
RESOURCES
  - renewable                 :  2   R
  - nonrenewable              :  2   N
  - doubly constrained        :  0   D
************************************************************************
PROJECT INFORMATION:
pronr.  #jobs rel.date duedate tardcost  MPM-Time
    1     10      0       13        8       13
************************************************************************
PRECEDENCE RELATIONS:
jobnr.    #modes  #successors   successors
   0        1          3           1   2   3
   1        3          1           5
   2        3          1           4
   3        3          3           6   7   8
   4        3          2           8   9
   5        3          3           7   8  10
   6        3          1          10
   7        3          1           9
   8        3          1          11
   9        3          1          11
  10        3          1          11
  11        1          0        
************************************************************************
REQUESTS/DURATIONS:
jobnr. mode duration  R 1  R 2  R 3  R 4  E(W 1)
------------------------------------------------------------------------
  0      1     0       0    0    0    0     0
  1      1     5       9    6    7    0    110
  2      1     1       2    6   10    0    18
  3      1     1       3    9    8    0    20
  4      1     3       4    7    7    0    54
  5      1     1       6    7    0    9    22
  6      1     1       3    1    0    7    12
  7      1     4       7    2    0    8    68
  8      1     4       9    7    0    3    76
  9      1     3       8    9    4    0    63
 10      1     2      10    9    0    3    44
 11      1     0       0    0    0    0     0
************************************************************************
RESOURCEAVAILABILITIES:
  R 1
   97
************************************************************************
RESOURCE LIMITS:
jobnr.  l(R 1)  u(R 1)
------------------------------------------------------------------------
  0        0       0
  1       12      22
  2        9      18
  3       11      20
  4       10      18
  5       12      22
  6        7      12
  7        9      17
  8       11      19
  9       11      21
 10       12      22
 11        0       0
************************************************************************
SCENARIOS:
------------------------------------------------------------------------
RESOURCE k = 1
s = 1: (0, 145, 18, 21, 49, 27, 18, 62, 53, 57, 36, 0)
s = 2: (0, 133, 16, 28, 76, 29, 14, 40, 107, 47, 68, 0)
s = 3: (0, 66, 13, 23, 44, 23, 11, 40, 68, 49, 31, 0)
s = 4: (0, 124, 23, 21, 74, 14, 8, 58, 83, 34, 79, 0)
s = 5: (0, 91, 23, 23, 32, 21, 9, 67, 81, 56, 77, 0)
s = 6: (0, 139, 16, 23, 37, 15, 16, 95, 43, 65, 50, 0)
s = 7: (0, 145, 20, 33, 76, 17, 13, 83, 51, 75, 31, 0)
s = 8: (0, 89, 11, 14, 47, 35, 12, 75, 85, 66, 35, 0)
s = 9: (0, 101, 22, 22, 82, 16, 20, 106, 115, 66, 40, 0)
s = 10: (0, 163, 11, 22, 48, 37, 9, 82, 90, 86, 52, 0)
s = 11: (0, 78, 13, 19, 51, 24, 16, 47, 70, 42, 38, 0)
s = 12: (0, 80, 12, 27, 73, 21, 12, 55, 98, 59, 74, 0)
s = 13: (0, 111, 14, 21, 57, 24, 8, 48, 76, 72, 69, 0)
s = 14: (0, 76, 15, 34, 40, 14, 14, 74, 93, 45, 34, 0)
s = 15: (0, 99, 11, 16, 33, 28, 19, 57, 58, 78, 63, 0)
s = 16: (0, 131, 13, 18, 79, 22, 8, 71, 76, 41, 39, 0)
s = 17: (0, 116, 12, 17, 41, 23, 9, 71, 74, 93, 26, 0)
s = 18: (0, 80, 12, 16, 54, 22, 12, 82, 86, 47, 34, 0)
s = 19: (0, 165, 25, 13, 33, 18, 7, 81, 93, 63, 72, 0)
s = 20: (0, 144, 17, 30, 37, 19, 8, 87, 103, 61, 31, 0)
s = 21: (0, 88, 31, 22, 47, 21, 8, 64, 70, 79, 23, 0)
s = 22: (0, 165, 28, 29, 63, 12, 12, 56, 64, 73, 59, 0)
s = 23: (0, 162, 25, 22, 44, 26, 24, 95, 66, 94, 36, 0)
s = 24: (0, 125, 21, 33, 49, 19, 11, 65, 44, 73, 37, 0)
s = 25: (0, 107, 25, 18, 57, 17, 17, 76, 77, 45, 44, 0)
s = 26: (0, 117, 25, 25, 68, 17, 8, 78, 71, 74, 52, 0)
s = 27: (0, 98, 15, 25, 34, 28, 10, 57, 87, 106, 32, 0)
s = 28: (0, 129, 18, 14, 31, 22, 14, 53, 57, 42, 72, 0)
s = 29: (0, 93, 21, 21, 60, 27, 8, 67, 80, 73, 38, 0)
s = 30: (0, 107, 18, 25, 56, 19, 15, 92, 126, 67, 27, 0)
s = 31: (0, 81, 20, 25, 55, 25, 15, 74, 82, 40, 26, 0)
s = 32: (0, 107, 13, 24, 48, 24, 9, 68, 68, 35, 81, 0)
s = 33: (0, 93, 15, 27, 69, 23, 13, 81, 83, 46, 45, 0)
s = 34: (0, 139, 19, 21, 52, 32, 9, 103, 79, 40, 59, 0)
s = 35: (0, 113, 17, 14, 93, 21, 16, 58, 78, 43, 71, 0)
s = 36: (0, 76, 17, 30, 52, 14, 9, 61, 109, 62, 65, 0)
s = 37: (0, 122, 24, 13, 52, 37, 14, 82, 67, 77, 54, 0)
s = 38: (0, 110, 20, 15, 70, 25, 12, 72, 84, 94, 38, 0)
s = 39: (0, 87, 14, 11, 43, 14, 9, 53, 62, 51, 61, 0)
s = 40: (0, 80, 18, 12, 48, 15, 14, 90, 82, 53, 44, 0)
s = 41: (0, 106, 24, 16, 45, 23, 9, 74, 74, 39, 48, 0)
s = 42: (0, 110, 15, 24, 48, 25, 13, 52, 108, 69, 54, 0)
s = 43: (0, 80, 24, 24, 61, 22, 13, 50, 119, 47, 32, 0)
s = 44: (0, 154, 11, 16, 30, 24, 18, 48, 101, 70, 35, 0)
s = 45: (0, 127, 18, 14, 53, 25, 10, 73, 85, 54, 38, 0)
s = 46: (0, 102, 17, 23, 43, 26, 9, 38, 58, 60, 29, 0)
s = 47: (0, 87, 13, 20, 80, 26, 9, 74, 121, 60, 42, 0)
s = 48: (0, 104, 23, 19, 79, 28, 13, 66, 63, 44, 48, 0)
s = 49: (0, 179, 18, 25, 62, 21, 8, 66, 107, 57, 45, 0)
s = 50: (0, 131, 16, 21, 66, 19, 10, 77, 105, 84, 50, 0)
s = 51: (0, 127, 15, 13, 66, 23, 16, 94, 46, 73, 80, 0)
s = 52: (0, 58, 14, 20, 44, 22, 18, 84, 73, 49, 29, 0)
s = 53: (0, 76, 19, 18, 75, 21, 8, 65, 76, 43, 32, 0)
s = 54: (0, 104, 21, 18, 51, 24, 11, 63, 96, 44, 73, 0)
s = 55: (0, 70, 10, 26, 39, 25, 14, 71, 84, 120, 47, 0)
s = 56: (0, 100, 34, 13, 47, 21, 9, 52, 116, 69, 30, 0)
s = 57: (0, 85, 19, 34, 38, 14, 10, 52, 96, 59, 30, 0)
s = 58: (0, 92, 13, 24, 43, 18, 13, 78, 52, 79, 31, 0)
s = 59: (0, 68, 24, 24, 39, 27, 15, 49, 108, 62, 40, 0)
s = 60: (0, 125, 11, 27, 36, 30, 15, 56, 99, 98, 41, 0)
s = 61: (0, 119, 21, 13, 59, 22, 14, 70, 51, 90, 37, 0)
s = 62: (0, 115, 21, 19, 45, 29, 13, 57, 59, 60, 26, 0)
s = 63: (0, 110, 21, 22, 31, 35, 19, 55, 81, 53, 51, 0)
s = 64: (0, 150, 18, 21, 70, 30, 13, 47, 54, 52, 40, 0)
s = 65: (0, 114, 18, 19, 56, 31, 9, 56, 61, 50, 33, 0)
s = 66: (0, 113, 23, 14, 30, 27, 12, 54, 82, 78, 47, 0)
s = 67: (0, 108, 24, 19, 63, 21, 15, 85, 43, 73, 53, 0)
s = 68: (0, 107, 19, 25, 59, 28, 12, 104, 47, 51, 40, 0)
s = 69: (0, 120, 11, 19, 64, 28, 9, 88, 63, 58, 70, 0)
s = 70: (0, 68, 14, 29, 82, 22, 10, 103, 77, 96, 63, 0)
s = 71: (0, 123, 23, 19, 52, 21, 11, 59, 67, 44, 54, 0)
s = 72: (0, 133, 31, 29, 38, 20, 11, 40, 63, 43, 35, 0)
s = 73: (0, 94, 18, 27, 67, 22, 9, 61, 114, 57, 30, 0)
s = 74: (0, 115, 11, 19, 65, 25, 8, 57, 76, 58, 36, 0)
s = 75: (0, 65, 26, 24, 55, 32, 10, 84, 68, 41, 64, 0)
s = 76: (0, 157, 18, 22, 86, 24, 11, 67, 81, 76, 50, 0)
s = 77: (0, 96, 23, 20, 60, 22, 11, 49, 58, 56, 36, 0)
s = 78: (0, 106, 17, 17, 45, 14, 16, 91, 99, 43, 80, 0)
s = 79: (0, 87, 20, 13, 49, 23, 8, 51, 62, 80, 74, 0)
s = 80: (0, 110, 22, 20, 68, 24, 18, 58, 74, 52, 35, 0)
s = 81: (0, 139, 24, 27, 42, 21, 9, 64, 84, 92, 36, 0)
s = 82: (0, 89, 14, 14, 43, 21, 9, 98, 96, 46, 40, 0)
s = 83: (0, 121, 21, 30, 41, 19, 9, 96, 43, 72, 48, 0)
s = 84: (0, 80, 21, 23, 58, 32, 7, 38, 67, 38, 31, 0)
s = 85: (0, 200, 18, 20, 44, 28, 11, 73, 71, 77, 35, 0)
s = 86: (0, 83, 16, 18, 35, 20, 16, 68, 114, 66, 44, 0)
s = 87: (0, 167, 20, 27, 43, 23, 7, 52, 57, 100, 55, 0)
s = 88: (0, 79, 25, 18, 61, 19, 12, 74, 59, 53, 25, 0)
s = 89: (0, 118, 23, 22, 50, 32, 13, 57, 75, 44, 33, 0)
s = 90: (0, 108, 12, 23, 59, 29, 13, 92, 105, 82, 38, 0)
s = 91: (0, 130, 33, 13, 56, 18, 9, 50, 49, 49, 35, 0)
s = 92: (0, 123, 17, 16, 67, 13, 17, 50, 57, 49, 32, 0)
s = 93: (0, 114, 17, 15, 48, 25, 7, 67, 63, 68, 55, 0)
s = 94: (0, 126, 22, 22, 40, 18, 13, 63, 102, 61, 39, 0)
s = 95: (0, 156, 14, 27, 68, 24, 14, 78, 90, 90, 46, 0)
s = 96: (0, 160, 19, 27, 51, 24, 10, 131, 100, 80, 29, 0)
s = 97: (0, 192, 22, 13, 57, 16, 13, 89, 45, 52, 31, 0)
s = 98: (0, 143, 12, 14, 36, 24, 12, 51, 73, 89, 28, 0)
s = 99: (0, 140, 15, 16, 40, 29, 9, 71, 65, 49, 29, 0)
s = 100: (0, 141, 17, 24, 43, 22, 14, 53, 57, 89, 33, 0)
s = 101: (0, 144, 15, 13, 36, 23, 15, 44, 138, 84, 56, 0)
s = 102: (0, 112, 12, 14, 46, 25, 11, 38, 108, 67, 23, 0)
s = 103: (0, 83, 24, 14, 67, 27, 16, 57, 52, 75, 44, 0)
s = 104: (0, 83, 16, 31, 73, 25, 15, 71, 92, 60, 67, 0)
s = 105: (0, 157, 24, 22, 31, 26, 17, 78, 72, 89, 48, 0)
s = 106: (0, 91, 22, 23, 38, 33, 11, 44, 51, 44, 50, 0)
s = 107: (0, 67, 27, 21, 47, 15, 16, 67, 126, 57, 44, 0)
s = 108: (0, 155, 19, 17, 72, 22, 12, 73, 81, 77, 71, 0)
s = 109: (0, 116, 16, 23, 47, 14, 15, 62, 80, 83, 71, 0)
s = 110: (0, 185, 21, 30, 56, 17, 9, 42, 64, 50, 43, 0)
s = 111: (0, 125, 19, 24, 73, 23, 10, 67, 72, 73, 41, 0)
s = 112: (0, 85, 19, 15, 69, 25, 14, 50, 59, 57, 38, 0)
s = 113: (0, 118, 19, 19, 87, 27, 10, 47, 86, 105, 61, 0)
s = 114: (0, 91, 25, 17, 70, 34, 11, 69, 100, 64, 25, 0)
s = 115: (0, 91, 22, 25, 90, 15, 15, 134, 88, 41, 39, 0)
s = 116: (0, 156, 15, 21, 63, 18, 13, 84, 78, 53, 27, 0)
s = 117: (0, 75, 20, 18, 44, 22, 16, 73, 66, 48, 39, 0)
s = 118: (0, 124, 18, 20, 79, 34, 7, 96, 67, 93, 30, 0)
s = 119: (0, 100, 17, 17, 32, 19, 10, 85, 62, 106, 28, 0)
s = 120: (0, 123, 12, 14, 90, 26, 15, 70, 65, 92, 36, 0)
s = 121: (0, 87, 28, 17, 39, 21, 12, 56, 47, 60, 60, 0)
s = 122: (0, 137, 24, 35, 90, 21, 12, 75, 59, 113, 47, 0)
s = 123: (0, 108, 19, 17, 58, 18, 10, 57, 57, 74, 64, 0)
s = 124: (0, 99, 14, 20, 38, 16, 15, 53, 114, 37, 65, 0)
s = 125: (0, 128, 19, 15, 49, 18, 15, 73, 77, 38, 29, 0)
s = 126: (0, 106, 21, 29, 55, 29, 10, 107, 57, 88, 73, 0)
s = 127: (0, 94, 15, 13, 74, 25, 8, 65, 74, 78, 35, 0)
s = 128: (0, 63, 18, 18, 59, 30, 12, 38, 80, 85, 31, 0)
s = 129: (0, 149, 17, 14, 61, 18, 15, 64, 64, 56, 29, 0)
s = 130: (0, 87, 34, 15, 47, 13, 11, 79, 112, 59, 44, 0)
s = 131: (0, 120, 15, 16, 83, 26, 20, 88, 86, 54, 28, 0)
s = 132: (0, 65, 20, 15, 56, 25, 13, 65, 96, 59, 40, 0)
s = 133: (0, 70, 15, 18, 61, 28, 14, 86, 88, 69, 40, 0)
s = 134: (0, 77, 23, 14, 81, 13, 14, 64, 66, 58, 56, 0)
s = 135: (0, 159, 14, 30, 54, 23, 9, 84, 81, 47, 41, 0)
s = 136: (0, 107, 23, 13, 62, 18, 16, 55, 62, 68, 39, 0)
s = 137: (0, 144, 27, 16, 49, 29, 12, 40, 95, 55, 61, 0)
s = 138: (0, 90, 14, 19, 72, 24, 15, 91, 70, 56, 33, 0)
s = 139: (0, 107, 18, 17, 48, 28, 11, 74, 63, 59, 60, 0)
s = 140: (0, 90, 13, 19, 35, 26, 21, 52, 57, 39, 63, 0)
s = 141: (0, 122, 24, 22, 66, 16, 15, 81, 94, 92, 59, 0)
s = 142: (0, 94, 24, 18, 41, 24, 14, 85, 64, 88, 44, 0)
s = 143: (0, 113, 20, 16, 71, 17, 11, 58, 124, 76, 46, 0)
s = 144: (0, 116, 17, 16, 38, 24, 15, 57, 64, 110, 87, 0)
s = 145: (0, 65, 21, 13, 33, 27, 13, 79, 111, 52, 33, 0)
s = 146: (0, 133, 14, 11, 47, 26, 10, 56, 64, 37, 39, 0)
s = 147: (0, 167, 17, 33, 50, 22, 14, 51, 84, 64, 61, 0)
s = 148: (0, 96, 19, 16, 53, 18, 11, 86, 82, 54, 36, 0)
s = 149: (0, 104, 28, 25, 41, 15, 13, 75, 67, 95, 51, 0)
s = 150: (0, 117, 15, 25, 45, 22, 9, 44, 95, 54, 48, 0)
s = 151: (0, 118, 19, 32, 48, 18, 10, 67, 87, 52, 45, 0)
s = 152: (0, 65, 25, 15, 76, 26, 14, 79, 62, 54, 80, 0)
s = 153: (0, 77, 23, 15, 66, 26, 9, 47, 67, 64, 54, 0)
s = 154: (0, 110, 21, 14, 38, 15, 10, 61, 74, 55, 24, 0)
s = 155: (0, 67, 21, 21, 40, 24, 12, 56, 65, 78, 38, 0)
s = 156: (0, 71, 24, 29, 54, 29, 19, 99, 92, 73, 48, 0)
s = 157: (0, 81, 31, 19, 62, 21, 12, 59, 107, 75, 48, 0)
s = 158: (0, 107, 16, 19, 62, 22, 12, 53, 119, 39, 37, 0)
s = 159: (0, 70, 27, 18, 64, 29, 10, 84, 80, 57, 37, 0)
s = 160: (0, 79, 21, 11, 58, 20, 15, 106, 51, 48, 42, 0)
s = 161: (0, 99, 22, 22, 79, 23, 10, 57, 70, 86, 36, 0)
s = 162: (0, 90, 25, 16, 44, 17, 14, 76, 51, 69, 32, 0)
s = 163: (0, 89, 17, 13, 50, 21, 14, 53, 141, 51, 41, 0)
s = 164: (0, 131, 16, 29, 73, 42, 12, 54, 82, 63, 45, 0)
s = 165: (0, 111, 21, 19, 78, 22, 11, 48, 78, 71, 60, 0)
s = 166: (0, 181, 24, 16, 79, 27, 14, 35, 96, 65, 45, 0)
s = 167: (0, 121, 12, 21, 57, 17, 8, 61, 77, 60, 82, 0)
s = 168: (0, 112, 29, 22, 48, 16, 10, 45, 55, 91, 66, 0)
s = 169: (0, 71, 15, 16, 58, 23, 8, 78, 93, 65, 66, 0)
s = 170: (0, 132, 11, 26, 46, 19, 9, 76, 81, 82, 76, 0)
s = 171: (0, 108, 15, 12, 62, 22, 17, 69, 113, 40, 37, 0)
s = 172: (0, 162, 15, 15, 67, 23, 10, 63, 70, 61, 52, 0)
s = 173: (0, 72, 29, 27, 48, 25, 10, 42, 85, 94, 35, 0)
s = 174: (0, 88, 14, 21, 60, 30, 8, 65, 64, 45, 31, 0)
s = 175: (0, 93, 15, 20, 75, 17, 10, 78, 49, 87, 36, 0)
s = 176: (0, 138, 17, 33, 65, 16, 12, 60, 97, 110, 63, 0)
s = 177: (0, 62, 16, 35, 38, 15, 13, 45, 91, 75, 34, 0)
s = 178: (0, 78, 20, 15, 63, 15, 12, 86, 79, 56, 54, 0)
s = 179: (0, 140, 13, 14, 47, 15, 20, 66, 44, 57, 35, 0)
s = 180: (0, 112, 24, 14, 39, 17, 13, 55, 97, 76, 41, 0)
s = 181: (0, 93, 16, 19, 68, 26, 16, 76, 84, 48, 64, 0)
s = 182: (0, 105, 17, 13, 57, 27, 13, 46, 51, 51, 40, 0)
s = 183: (0, 123, 13, 13, 72, 26, 10, 85, 54, 64, 34, 0)
s = 184: (0, 85, 17, 15, 41, 15, 9, 95, 67, 52, 54, 0)
s = 185: (0, 115, 22, 16, 50, 20, 14, 61, 79, 50, 37, 0)
s = 186: (0, 140, 29, 28, 42, 20, 9, 70, 72, 65, 42, 0)
s = 187: (0, 200, 15, 16, 70, 15, 8, 63, 84, 81, 58, 0)
s = 188: (0, 85, 16, 12, 42, 13, 14, 117, 68, 40, 30, 0)
s = 189: (0, 77, 18, 21, 46, 27, 17, 98, 61, 46, 46, 0)
s = 190: (0, 127, 19, 22, 49, 21, 9, 80, 84, 49, 32, 0)
s = 191: (0, 87, 18, 22, 39, 16, 10, 80, 117, 55, 77, 0)
s = 192: (0, 158, 22, 21, 52, 20, 8, 65, 106, 76, 51, 0)
s = 193: (0, 181, 16, 28, 78, 19, 13, 69, 68, 72, 50, 0)
s = 194: (0, 79, 12, 17, 36, 23, 15, 58, 81, 55, 46, 0)
s = 195: (0, 83, 12, 30, 29, 21, 11, 56, 79, 52, 48, 0)
s = 196: (0, 111, 29, 26, 48, 14, 13, 70, 66, 43, 43, 0)
s = 197: (0, 73, 13, 25, 53, 20, 12, 55, 86, 67, 49, 0)
s = 198: (0, 70, 14, 13, 36, 18, 17, 44, 59, 72, 37, 0)
s = 199: (0, 104, 24, 20, 63, 22, 13, 90, 92, 42, 26, 0)
s = 200: (0, 90, 24, 13, 62, 29, 9, 113, 47, 41, 44, 0)
************************************************************************
ES/LS-VALUES:
jobnr.   ES(i)    LS(i)
------------------------------------------------------------------------
  0        0        0
  1        0       59
  2        0       69
  3        0       69
  4        1       71
  5        9       69
  6        1       79
  7       10       71
  8       10       77
  9       17       79
 10       10       81
 11       22       85
************************************************************************
BIG-M-VALUES:
M1 = 17, M2 = 200
************************************************************************
