************************************************************************
file with basedata            : mm11_.bas
initial value random generator: 13497
************************************************************************
projects                      :  1
jobs (incl. supersource/sink ):  12
horizon                       :  84
RESOURCES
  - renewable                 :  2   R
  - nonrenewable              :  2   N
  - doubly constrained        :  0   D
************************************************************************
PROJECT INFORMATION:
pronr.  #jobs rel.date duedate tardcost  MPM-Time
    1     10      0       20        4       20
************************************************************************
PRECEDENCE RELATIONS:
jobnr.    #modes  #successors   successors
   0        1          3           1   2   3
   1        3          1           5
   2        3          2           6   8
   3        3          2           4   9
   4        3          2           6   8
   5        3          3           6   8   9
   6        3          1           7
   7        3          1          10
   8        3          1          11
   9        3          1          11
  10        3          1          11
  11        1          0        
************************************************************************
REQUESTS/DURATIONS:
jobnr. mode duration  R 1  R 2  R 3  R 4  E(W 1)  E(W 2)  E(W 3)
------------------------------------------------------------------------
  0      1     0       0    0    0    0     0       0       0
  1      1     5       0    9    0    8    45       0      40
  2      1     6       8    0    5    0    48      30       0
  3      1     4       3    0    0    9    12       0      36
  4      1     2       0    8    8    0    16      16       0
  5      1     2       7    0    9    0    14      18       0
  6      1     8       2    0    5    0    16      40       0
  7      1     4       0    7    0    5    28       0      20
  8      1     2       9    0    0   10    18       0      20
  9      1     3       0    6    0    4    18       0      12
 10      1     1       4    0    0    6     4       0       6
 11      1     0       0    0    0    0     0       0       0
************************************************************************
RESOURCEAVAILABILITIES:
  R 1  R 2  R 3
   24   33   51
************************************************************************
RESOURCE LIMITS:
jobnr.  l(R 1)  u(R 1)  l(R 2)  u(R 2)  l(R 3)  u(R 3)
------------------------------------------------------------------------
  0        0       0       0       0       0       0
  1        5       9       0       0       4       8
  2        4       8       3       5       0       0
  3        2       3       0       0       5       9
  4        4       8       4       8       0       0
  5        4       7       5       9       0       0
  6        1       2       3       5       0       0
  7        4       7       0       0       3       5
  8        5       9       0       0       5      10
  9        3       6       0       0       2       4
 10        2       4       0       0       3       6
 11        0       0       0       0       0       0
************************************************************************
SCENARIOS:
------------------------------------------------------------------------
RESOURCE k = 1
s = 1: (0, 44, 48, 7, 17, 20, 13, 33, 19, 16, 6, 0)
s = 2: (0, 37, 66, 12, 15, 12, 21, 25, 16, 13, 4, 0)
s = 3: (0, 39, 32, 8, 9, 9, 14, 21, 12, 20, 4, 0)
s = 4: (0, 38, 63, 13, 11, 18, 19, 32, 13, 21, 4, 0)
s = 5: (0, 40, 26, 9, 18, 18, 17, 21, 11, 20, 5, 0)
s = 6: (0, 38, 37, 21, 18, 10, 16, 23, 20, 17, 7, 0)
s = 7: (0, 44, 36, 11, 13, 8, 18, 32, 15, 19, 4, 0)
s = 8: (0, 59, 43, 11, 16, 12, 11, 23, 13, 13, 3, 0)
s = 9: (0, 65, 35, 10, 15, 11, 20, 24, 12, 13, 3, 0)
s = 10: (0, 52, 71, 10, 13, 14, 12, 45, 17, 29, 4, 0)
s = 11: (0, 49, 33, 12, 21, 22, 15, 27, 11, 16, 6, 0)
s = 12: (0, 26, 45, 11, 19, 11, 17, 18, 18, 19, 4, 0)
s = 13: (0, 27, 77, 22, 21, 20, 18, 33, 25, 19, 6, 0)
s = 14: (0, 30, 59, 19, 19, 8, 19, 39, 15, 13, 4, 0)
s = 15: (0, 40, 32, 12, 21, 12, 20, 20, 16, 24, 7, 0)
s = 16: (0, 40, 65, 9, 13, 10, 16, 30, 12, 15, 7, 0)
s = 17: (0, 56, 50, 16, 16, 10, 16, 17, 21, 18, 3, 0)
s = 18: (0, 46, 44, 12, 11, 24, 19, 25, 14, 10, 6, 0)
s = 19: (0, 59, 50, 9, 24, 11, 13, 34, 16, 14, 4, 0)
s = 20: (0, 42, 93, 8, 13, 19, 21, 50, 26, 12, 4, 0)
s = 21: (0, 33, 61, 16, 21, 15, 9, 47, 30, 25, 6, 0)
s = 22: (0, 41, 64, 11, 28, 10, 10, 25, 24, 14, 5, 0)
s = 23: (0, 36, 31, 11, 13, 15, 15, 34, 23, 21, 5, 0)
s = 24: (0, 40, 47, 10, 14, 17, 15, 18, 16, 21, 6, 0)
s = 25: (0, 54, 35, 12, 14, 9, 15, 32, 15, 26, 3, 0)
s = 26: (0, 51, 36, 10, 17, 11, 14, 20, 19, 19, 3, 0)
s = 27: (0, 32, 40, 13, 22, 11, 10, 19, 19, 14, 5, 0)
s = 28: (0, 45, 66, 8, 11, 12, 14, 29, 12, 26, 4, 0)
s = 29: (0, 51, 48, 12, 14, 20, 19, 33, 31, 20, 5, 0)
s = 30: (0, 35, 59, 13, 10, 11, 12, 22, 13, 21, 5, 0)
s = 31: (0, 34, 28, 13, 20, 15, 14, 27, 12, 20, 5, 0)
s = 32: (0, 36, 73, 9, 11, 16, 15, 29, 20, 13, 6, 0)
s = 33: (0, 42, 60, 12, 18, 11, 28, 22, 25, 23, 4, 0)
s = 34: (0, 71, 62, 11, 15, 20, 14, 22, 12, 12, 5, 0)
s = 35: (0, 36, 27, 14, 15, 15, 9, 22, 11, 13, 4, 0)
s = 36: (0, 49, 46, 18, 22, 9, 18, 20, 17, 17, 7, 0)
s = 37: (0, 51, 86, 11, 16, 9, 14, 23, 20, 30, 7, 0)
s = 38: (0, 50, 68, 11, 20, 17, 17, 21, 22, 20, 4, 0)
s = 39: (0, 47, 36, 19, 18, 15, 17, 38, 23, 12, 5, 0)
s = 40: (0, 48, 59, 14, 16, 17, 11, 27, 12, 15, 5, 0)
s = 41: (0, 40, 39, 17, 11, 14, 24, 27, 21, 16, 3, 0)
s = 42: (0, 59, 60, 15, 15, 18, 20, 33, 10, 17, 3, 0)
s = 43: (0, 45, 46, 9, 13, 21, 28, 23, 21, 16, 3, 0)
s = 44: (0, 36, 49, 9, 11, 18, 12, 25, 21, 13, 5, 0)
s = 45: (0, 46, 41, 10, 15, 14, 13, 42, 26, 22, 5, 0)
s = 46: (0, 57, 31, 15, 22, 11, 20, 35, 14, 29, 3, 0)
s = 47: (0, 36, 56, 13, 16, 20, 19, 19, 22, 16, 3, 0)
s = 48: (0, 39, 31, 12, 13, 21, 14, 32, 13, 21, 7, 0)
s = 49: (0, 38, 40, 15, 23, 15, 17, 22, 23, 12, 6, 0)
s = 50: (0, 36, 28, 16, 14, 13, 12, 24, 12, 31, 4, 0)
s = 51: (0, 32, 30, 11, 14, 19, 15, 25, 19, 28, 3, 0)
s = 52: (0, 68, 74, 16, 15, 16, 16, 31, 23, 19, 5, 0)
s = 53: (0, 40, 47, 9, 15, 13, 19, 29, 16, 11, 5, 0)
s = 54: (0, 41, 42, 8, 15, 15, 28, 32, 17, 18, 4, 0)
s = 55: (0, 49, 37, 11, 13, 20, 13, 40, 16, 15, 6, 0)
s = 56: (0, 52, 69, 12, 26, 14, 10, 48, 20, 13, 3, 0)
s = 57: (0, 29, 47, 9, 23, 11, 13, 37, 16, 23, 6, 0)
s = 58: (0, 58, 74, 13, 15, 13, 15, 22, 14, 18, 5, 0)
s = 59: (0, 46, 43, 9, 12, 21, 13, 32, 24, 15, 4, 0)
s = 60: (0, 36, 30, 8, 15, 13, 20, 26, 15, 14, 4, 0)
s = 61: (0, 50, 49, 8, 12, 17, 18, 21, 16, 30, 3, 0)
s = 62: (0, 78, 58, 12, 14, 21, 19, 43, 12, 13, 4, 0)
s = 63: (0, 45, 70, 9, 17, 18, 14, 36, 18, 14, 3, 0)
s = 64: (0, 42, 64, 20, 19, 18, 24, 27, 10, 27, 4, 0)
s = 65: (0, 26, 69, 9, 24, 20, 19, 23, 19, 25, 5, 0)
s = 66: (0, 49, 47, 10, 15, 13, 13, 31, 23, 15, 3, 0)
s = 67: (0, 50, 36, 20, 16, 11, 14, 21, 11, 23, 4, 0)
s = 68: (0, 50, 58, 11, 22, 13, 17, 24, 25, 17, 5, 0)
s = 69: (0, 50, 45, 16, 11, 17, 18, 33, 17, 11, 4, 0)
s = 70: (0, 38, 49, 14, 10, 9, 16, 32, 17, 22, 3, 0)
s = 71: (0, 44, 52, 17, 16, 12, 15, 40, 24, 11, 6, 0)
s = 72: (0, 46, 60, 10, 13, 14, 11, 26, 24, 21, 3, 0)
s = 73: (0, 39, 44, 21, 26, 12, 31, 26, 16, 15, 4, 0)
s = 74: (0, 60, 66, 11, 15, 10, 17, 47, 19, 20, 4, 0)
s = 75: (0, 35, 40, 9, 20, 9, 20, 50, 20, 10, 4, 0)
s = 76: (0, 66, 52, 13, 13, 15, 19, 15, 14, 18, 4, 0)
s = 77: (0, 29, 44, 13, 15, 18, 22, 19, 12, 15, 4, 0)
s = 78: (0, 38, 41, 18, 20, 14, 22, 35, 20, 34, 3, 0)
s = 79: (0, 69, 47, 12, 15, 14, 11, 31, 20, 13, 5, 0)
s = 80: (0, 42, 38, 15, 14, 11, 19, 34, 15, 20, 4, 0)
s = 81: (0, 50, 38, 14, 32, 10, 15, 18, 28, 15, 4, 0)
s = 82: (0, 55, 54, 10, 16, 15, 16, 28, 19, 26, 5, 0)
s = 83: (0, 45, 35, 8, 14, 15, 14, 30, 27, 34, 5, 0)
s = 84: (0, 58, 52, 14, 13, 20, 13, 18, 18, 27, 4, 0)
s = 85: (0, 47, 60, 10, 24, 20, 12, 31, 18, 27, 4, 0)
s = 86: (0, 42, 45, 17, 24, 14, 16, 29, 13, 23, 4, 0)
s = 87: (0, 42, 54, 9, 12, 20, 21, 21, 14, 18, 5, 0)
s = 88: (0, 74, 45, 9, 15, 10, 10, 22, 21, 18, 5, 0)
s = 89: (0, 41, 45, 12, 28, 11, 21, 21, 21, 16, 4, 0)
s = 90: (0, 46, 59, 14, 11, 14, 9, 47, 17, 24, 3, 0)
s = 91: (0, 42, 45, 17, 18, 11, 14, 28, 15, 15, 4, 0)
s = 92: (0, 29, 47, 15, 16, 11, 30, 32, 17, 14, 3, 0)
s = 93: (0, 32, 55, 10, 18, 22, 11, 20, 26, 24, 4, 0)
s = 94: (0, 32, 56, 10, 15, 18, 20, 29, 21, 13, 5, 0)
s = 95: (0, 68, 58, 9, 15, 10, 24, 20, 14, 17, 5, 0)
s = 96: (0, 33, 75, 12, 11, 15, 15, 26, 22, 29, 6, 0)
s = 97: (0, 34, 55, 12, 14, 15, 11, 35, 11, 23, 4, 0)
s = 98: (0, 47, 41, 13, 19, 17, 19, 23, 21, 18, 6, 0)
s = 99: (0, 56, 57, 18, 11, 19, 14, 29, 22, 17, 5, 0)
s = 100: (0, 29, 58, 12, 25, 22, 18, 18, 14, 17, 6, 0)
s = 101: (0, 36, 43, 7, 18, 9, 12, 33, 22, 22, 5, 0)
s = 102: (0, 39, 40, 11, 15, 25, 25, 34, 22, 17, 6, 0)
s = 103: (0, 49, 58, 9, 22, 10, 20, 21, 20, 16, 7, 0)
s = 104: (0, 39, 40, 11, 16, 12, 13, 29, 17, 18, 5, 0)
s = 105: (0, 46, 34, 10, 19, 11, 24, 17, 33, 14, 4, 0)
s = 106: (0, 60, 61, 16, 12, 15, 11, 26, 13, 21, 4, 0)
s = 107: (0, 36, 30, 15, 12, 14, 15, 25, 17, 25, 7, 0)
s = 108: (0, 43, 73, 13, 13, 8, 15, 33, 17, 12, 3, 0)
s = 109: (0, 53, 64, 8, 17, 15, 10, 39, 18, 15, 3, 0)
s = 110: (0, 45, 61, 22, 18, 11, 15, 20, 14, 18, 7, 0)
s = 111: (0, 41, 44, 14, 18, 19, 19, 29, 11, 20, 7, 0)
s = 112: (0, 31, 70, 14, 18, 11, 22, 26, 21, 13, 5, 0)
s = 113: (0, 33, 34, 15, 22, 10, 16, 28, 12, 24, 4, 0)
s = 114: (0, 44, 51, 13, 13, 15, 14, 20, 23, 17, 5, 0)
s = 115: (0, 35, 45, 15, 11, 14, 20, 27, 14, 13, 4, 0)
s = 116: (0, 32, 48, 21, 15, 12, 11, 33, 16, 23, 4, 0)
s = 117: (0, 51, 54, 8, 14, 10, 25, 26, 29, 17, 5, 0)
s = 118: (0, 53, 37, 13, 12, 12, 12, 42, 13, 17, 4, 0)
s = 119: (0, 55, 52, 14, 18, 13, 11, 20, 19, 13, 4, 0)
s = 120: (0, 30, 33, 10, 14, 16, 17, 29, 24, 22, 5, 0)
s = 121: (0, 48, 79, 11, 18, 23, 16, 15, 15, 21, 6, 0)
s = 122: (0, 70, 37, 8, 16, 18, 23, 26, 21, 13, 7, 0)
s = 123: (0, 47, 32, 17, 27, 13, 14, 26, 34, 15, 4, 0)
s = 124: (0, 40, 54, 13, 19, 22, 13, 26, 23, 20, 6, 0)
s = 125: (0, 68, 36, 14, 19, 18, 10, 25, 22, 11, 5, 0)
s = 126: (0, 45, 76, 17, 13, 12, 17, 32, 23, 10, 4, 0)
s = 127: (0, 30, 35, 13, 10, 17, 12, 22, 16, 13, 5, 0)
s = 128: (0, 34, 41, 8, 14, 25, 24, 33, 27, 20, 4, 0)
s = 129: (0, 43, 40, 8, 16, 15, 13, 27, 16, 27, 4, 0)
s = 130: (0, 52, 62, 13, 17, 15, 13, 20, 15, 22, 8, 0)
s = 131: (0, 26, 44, 20, 19, 11, 14, 23, 29, 16, 5, 0)
s = 132: (0, 57, 62, 9, 21, 16, 19, 32, 17, 17, 4, 0)
s = 133: (0, 53, 60, 14, 22, 25, 15, 27, 15, 22, 5, 0)
s = 134: (0, 31, 41, 11, 16, 9, 14, 23, 21, 26, 4, 0)
s = 135: (0, 41, 29, 10, 23, 11, 20, 36, 18, 16, 3, 0)
s = 136: (0, 38, 59, 12, 23, 13, 19, 18, 21, 27, 3, 0)
s = 137: (0, 34, 42, 10, 23, 19, 18, 24, 29, 14, 4, 0)
s = 138: (0, 54, 73, 15, 15, 14, 21, 31, 13, 17, 4, 0)
s = 139: (0, 66, 53, 15, 20, 17, 14, 32, 14, 21, 4, 0)
s = 140: (0, 43, 40, 10, 12, 16, 11, 34, 24, 20, 3, 0)
s = 141: (0, 72, 50, 17, 11, 18, 26, 28, 17, 20, 4, 0)
s = 142: (0, 27, 49, 11, 12, 10, 26, 17, 23, 18, 4, 0)
s = 143: (0, 40, 37, 9, 22, 14, 16, 33, 24, 23, 5, 0)
s = 144: (0, 38, 61, 15, 14, 14, 20, 19, 22, 15, 5, 0)
s = 145: (0, 46, 28, 9, 9, 13, 19, 22, 22, 21, 5, 0)
s = 146: (0, 39, 31, 9, 13, 21, 13, 31, 14, 17, 6, 0)
s = 147: (0, 49, 63, 12, 22, 12, 15, 16, 17, 26, 6, 0)
s = 148: (0, 51, 46, 10, 14, 9, 21, 23, 18, 14, 4, 0)
s = 149: (0, 31, 51, 18, 17, 9, 16, 22, 12, 20, 5, 0)
s = 150: (0, 51, 37, 12, 25, 26, 19, 18, 20, 21, 5, 0)
s = 151: (0, 50, 39, 16, 17, 10, 19, 23, 17, 19, 4, 0)
s = 152: (0, 31, 40, 8, 17, 13, 19, 32, 23, 11, 6, 0)
s = 153: (0, 47, 42, 11, 21, 11, 19, 49, 23, 21, 6, 0)
s = 154: (0, 54, 55, 9, 16, 17, 17, 33, 18, 14, 4, 0)
s = 155: (0, 44, 60, 10, 11, 20, 17, 24, 14, 21, 5, 0)
s = 156: (0, 38, 36, 20, 16, 18, 19, 28, 11, 22, 4, 0)
s = 157: (0, 39, 48, 14, 11, 21, 11, 22, 17, 16, 5, 0)
s = 158: (0, 65, 62, 14, 13, 12, 21, 25, 12, 23, 3, 0)
s = 159: (0, 40, 55, 12, 27, 11, 17, 31, 16, 18, 3, 0)
s = 160: (0, 39, 63, 7, 20, 14, 24, 25, 17, 26, 5, 0)
s = 161: (0, 36, 48, 12, 13, 23, 19, 32, 19, 17, 6, 0)
s = 162: (0, 65, 45, 9, 17, 14, 15, 27, 27, 22, 3, 0)
s = 163: (0, 30, 40, 7, 14, 13, 18, 32, 28, 19, 3, 0)
s = 164: (0, 51, 74, 11, 11, 12, 22, 44, 14, 14, 4, 0)
s = 165: (0, 35, 57, 15, 15, 10, 22, 35, 16, 14, 5, 0)
s = 166: (0, 52, 27, 14, 11, 19, 11, 28, 11, 21, 5, 0)
s = 167: (0, 40, 57, 9, 14, 15, 18, 39, 27, 15, 4, 0)
s = 168: (0, 50, 41, 8, 14, 17, 13, 39, 15, 20, 5, 0)
s = 169: (0, 37, 53, 7, 26, 23, 19, 42, 15, 20, 4, 0)
s = 170: (0, 54, 39, 17, 11, 15, 11, 33, 24, 13, 5, 0)
s = 171: (0, 31, 81, 12, 17, 15, 19, 38, 14, 16, 6, 0)
s = 172: (0, 30, 37, 12, 13, 16, 16, 24, 17, 23, 4, 0)
s = 173: (0, 33, 65, 8, 18, 8, 12, 26, 17, 16, 3, 0)
s = 174: (0, 55, 51, 16, 14, 14, 13, 19, 16, 11, 4, 0)
s = 175: (0, 54, 51, 18, 17, 22, 14, 31, 18, 18, 7, 0)
s = 176: (0, 26, 72, 12, 20, 12, 24, 17, 19, 26, 6, 0)
s = 177: (0, 27, 49, 9, 23, 16, 13, 25, 15, 21, 4, 0)
s = 178: (0, 37, 37, 16, 20, 15, 17, 24, 20, 18, 6, 0)
s = 179: (0, 60, 48, 10, 15, 10, 15, 24, 11, 14, 4, 0)
s = 180: (0, 45, 43, 7, 18, 15, 19, 18, 22, 22, 3, 0)
s = 181: (0, 35, 54, 11, 10, 13, 18, 25, 19, 22, 4, 0)
s = 182: (0, 70, 48, 16, 15, 13, 15, 23, 10, 16, 4, 0)
s = 183: (0, 27, 42, 15, 18, 16, 28, 30, 19, 19, 4, 0)
s = 184: (0, 64, 56, 7, 24, 12, 16, 33, 26, 12, 7, 0)
s = 185: (0, 25, 38, 25, 11, 11, 26, 26, 30, 11, 6, 0)
s = 186: (0, 44, 41, 9, 15, 11, 15, 19, 20, 20, 5, 0)
s = 187: (0, 61, 48, 12, 17, 13, 12, 32, 22, 12, 5, 0)
s = 188: (0, 55, 52, 13, 14, 10, 21, 36, 33, 17, 6, 0)
s = 189: (0, 42, 30, 10, 13, 23, 11, 31, 30, 14, 6, 0)
s = 190: (0, 74, 28, 14, 9, 15, 10, 36, 17, 12, 5, 0)
s = 191: (0, 58, 43, 22, 17, 16, 16, 24, 24, 13, 5, 0)
s = 192: (0, 31, 29, 12, 17, 10, 20, 21, 17, 27, 6, 0)
s = 193: (0, 48, 40, 13, 14, 21, 13, 25, 15, 25, 4, 0)
s = 194: (0, 40, 78, 15, 13, 20, 16, 38, 17, 14, 4, 0)
s = 195: (0, 49, 38, 19, 15, 11, 19, 20, 18, 19, 7, 0)
s = 196: (0, 60, 29, 19, 10, 22, 16, 37, 22, 32, 5, 0)
s = 197: (0, 44, 30, 14, 17, 11, 16, 27, 17, 12, 5, 0)
s = 198: (0, 45, 34, 13, 16, 13, 16, 19, 14, 15, 5, 0)
s = 199: (0, 29, 33, 11, 13, 11, 21, 25, 17, 18, 4, 0)
s = 200: (0, 33, 54, 18, 19, 18, 14, 32, 21, 16, 3, 0)
------------------------------------------------------------------------
RESOURCE k = 2
s = 1: (0, 0, 30, 0, 17, 25, 32, 0, 0, 0, 0, 0)
s = 2: (0, 0, 41, 0, 15, 16, 53, 0, 0, 0, 0, 0)
s = 3: (0, 0, 20, 0, 9, 12, 35, 0, 0, 0, 0, 0)
s = 4: (0, 0, 39, 0, 11, 23, 48, 0, 0, 0, 0, 0)
s = 5: (0, 0, 16, 0, 18, 23, 43, 0, 0, 0, 0, 0)
s = 6: (0, 0, 23, 0, 18, 12, 39, 0, 0, 0, 0, 0)
s = 7: (0, 0, 23, 0, 13, 10, 44, 0, 0, 0, 0, 0)
s = 8: (0, 0, 27, 0, 16, 16, 26, 0, 0, 0, 0, 0)
s = 9: (0, 0, 22, 0, 15, 14, 49, 0, 0, 0, 0, 0)
s = 10: (0, 0, 44, 0, 13, 18, 29, 0, 0, 0, 0, 0)
s = 11: (0, 0, 21, 0, 21, 29, 36, 0, 0, 0, 0, 0)
s = 12: (0, 0, 28, 0, 19, 14, 43, 0, 0, 0, 0, 0)
s = 13: (0, 0, 48, 0, 21, 25, 44, 0, 0, 0, 0, 0)
s = 14: (0, 0, 37, 0, 19, 10, 46, 0, 0, 0, 0, 0)
s = 15: (0, 0, 20, 0, 21, 15, 49, 0, 0, 0, 0, 0)
s = 16: (0, 0, 41, 0, 13, 13, 40, 0, 0, 0, 0, 0)
s = 17: (0, 0, 31, 0, 16, 13, 38, 0, 0, 0, 0, 0)
s = 18: (0, 0, 28, 0, 11, 30, 46, 0, 0, 0, 0, 0)
s = 19: (0, 0, 31, 0, 24, 14, 31, 0, 0, 0, 0, 0)
s = 20: (0, 0, 58, 0, 13, 25, 53, 0, 0, 0, 0, 0)
s = 21: (0, 0, 39, 0, 21, 19, 22, 0, 0, 0, 0, 0)
s = 22: (0, 0, 40, 0, 28, 13, 25, 0, 0, 0, 0, 0)
s = 23: (0, 0, 19, 0, 13, 20, 36, 0, 0, 0, 0, 0)
s = 24: (0, 0, 30, 0, 14, 22, 37, 0, 0, 0, 0, 0)
s = 25: (0, 0, 22, 0, 14, 12, 36, 0, 0, 0, 0, 0)
s = 26: (0, 0, 23, 0, 17, 14, 34, 0, 0, 0, 0, 0)
s = 27: (0, 0, 25, 0, 22, 13, 25, 0, 0, 0, 0, 0)
s = 28: (0, 0, 42, 0, 11, 16, 35, 0, 0, 0, 0, 0)
s = 29: (0, 0, 30, 0, 14, 25, 46, 0, 0, 0, 0, 0)
s = 30: (0, 0, 37, 0, 10, 14, 28, 0, 0, 0, 0, 0)
s = 31: (0, 0, 17, 0, 20, 19, 34, 0, 0, 0, 0, 0)
s = 32: (0, 0, 46, 0, 11, 21, 36, 0, 0, 0, 0, 0)
s = 33: (0, 0, 38, 0, 18, 14, 69, 0, 0, 0, 0, 0)
s = 34: (0, 0, 39, 0, 15, 26, 35, 0, 0, 0, 0, 0)
s = 35: (0, 0, 17, 0, 15, 19, 23, 0, 0, 0, 0, 0)
s = 36: (0, 0, 29, 0, 22, 12, 44, 0, 0, 0, 0, 0)
s = 37: (0, 0, 54, 0, 16, 12, 35, 0, 0, 0, 0, 0)
s = 38: (0, 0, 43, 0, 20, 21, 43, 0, 0, 0, 0, 0)
s = 39: (0, 0, 23, 0, 18, 19, 41, 0, 0, 0, 0, 0)
s = 40: (0, 0, 37, 0, 16, 21, 26, 0, 0, 0, 0, 0)
s = 41: (0, 0, 25, 0, 11, 18, 58, 0, 0, 0, 0, 0)
s = 42: (0, 0, 38, 0, 15, 23, 50, 0, 0, 0, 0, 0)
s = 43: (0, 0, 29, 0, 13, 27, 70, 0, 0, 0, 0, 0)
s = 44: (0, 0, 31, 0, 11, 23, 30, 0, 0, 0, 0, 0)
s = 45: (0, 0, 26, 0, 15, 17, 31, 0, 0, 0, 0, 0)
s = 46: (0, 0, 20, 0, 22, 14, 50, 0, 0, 0, 0, 0)
s = 47: (0, 0, 35, 0, 16, 26, 47, 0, 0, 0, 0, 0)
s = 48: (0, 0, 19, 0, 13, 26, 34, 0, 0, 0, 0, 0)
s = 49: (0, 0, 25, 0, 23, 19, 42, 0, 0, 0, 0, 0)
s = 50: (0, 0, 18, 0, 14, 16, 28, 0, 0, 0, 0, 0)
s = 51: (0, 0, 19, 0, 14, 24, 36, 0, 0, 0, 0, 0)
s = 52: (0, 0, 46, 0, 15, 21, 38, 0, 0, 0, 0, 0)
s = 53: (0, 0, 29, 0, 15, 17, 47, 0, 0, 0, 0, 0)
s = 54: (0, 0, 27, 0, 15, 19, 69, 0, 0, 0, 0, 0)
s = 55: (0, 0, 23, 0, 13, 25, 31, 0, 0, 0, 0, 0)
s = 56: (0, 0, 43, 0, 26, 18, 25, 0, 0, 0, 0, 0)
s = 57: (0, 0, 30, 0, 23, 14, 32, 0, 0, 0, 0, 0)
s = 58: (0, 0, 46, 0, 15, 17, 37, 0, 0, 0, 0, 0)
s = 59: (0, 0, 27, 0, 12, 27, 32, 0, 0, 0, 0, 0)
s = 60: (0, 0, 19, 0, 15, 16, 50, 0, 0, 0, 0, 0)
s = 61: (0, 0, 31, 0, 12, 22, 45, 0, 0, 0, 0, 0)
s = 62: (0, 0, 36, 0, 14, 27, 46, 0, 0, 0, 0, 0)
s = 63: (0, 0, 44, 0, 17, 23, 35, 0, 0, 0, 0, 0)
s = 64: (0, 0, 40, 0, 19, 23, 58, 0, 0, 0, 0, 0)
s = 65: (0, 0, 43, 0, 24, 26, 47, 0, 0, 0, 0, 0)
s = 66: (0, 0, 29, 0, 15, 16, 33, 0, 0, 0, 0, 0)
s = 67: (0, 0, 23, 0, 16, 14, 35, 0, 0, 0, 0, 0)
s = 68: (0, 0, 37, 0, 22, 16, 41, 0, 0, 0, 0, 0)
s = 69: (0, 0, 29, 0, 11, 22, 44, 0, 0, 0, 0, 0)
s = 70: (0, 0, 31, 0, 10, 11, 39, 0, 0, 0, 0, 0)
s = 71: (0, 0, 33, 0, 16, 15, 36, 0, 0, 0, 0, 0)
s = 72: (0, 0, 38, 0, 13, 18, 27, 0, 0, 0, 0, 0)
s = 73: (0, 0, 28, 0, 26, 15, 77, 0, 0, 0, 0, 0)
s = 74: (0, 0, 41, 0, 15, 13, 43, 0, 0, 0, 0, 0)
s = 75: (0, 0, 25, 0, 20, 12, 48, 0, 0, 0, 0, 0)
s = 76: (0, 0, 33, 0, 13, 19, 47, 0, 0, 0, 0, 0)
s = 77: (0, 0, 28, 0, 15, 24, 54, 0, 0, 0, 0, 0)
s = 78: (0, 0, 26, 0, 20, 18, 55, 0, 0, 0, 0, 0)
s = 79: (0, 0, 30, 0, 15, 18, 26, 0, 0, 0, 0, 0)
s = 80: (0, 0, 24, 0, 14, 14, 46, 0, 0, 0, 0, 0)
s = 81: (0, 0, 24, 0, 32, 13, 37, 0, 0, 0, 0, 0)
s = 82: (0, 0, 34, 0, 16, 20, 39, 0, 0, 0, 0, 0)
s = 83: (0, 0, 22, 0, 14, 19, 35, 0, 0, 0, 0, 0)
s = 84: (0, 0, 33, 0, 13, 26, 31, 0, 0, 0, 0, 0)
s = 85: (0, 0, 38, 0, 24, 26, 30, 0, 0, 0, 0, 0)
s = 86: (0, 0, 28, 0, 24, 18, 38, 0, 0, 0, 0, 0)
s = 87: (0, 0, 34, 0, 12, 26, 51, 0, 0, 0, 0, 0)
s = 88: (0, 0, 29, 0, 15, 13, 24, 0, 0, 0, 0, 0)
s = 89: (0, 0, 28, 0, 28, 14, 51, 0, 0, 0, 0, 0)
s = 90: (0, 0, 37, 0, 11, 17, 21, 0, 0, 0, 0, 0)
s = 91: (0, 0, 28, 0, 18, 14, 34, 0, 0, 0, 0, 0)
s = 92: (0, 0, 29, 0, 16, 14, 75, 0, 0, 0, 0, 0)
s = 93: (0, 0, 35, 0, 18, 28, 27, 0, 0, 0, 0, 0)
s = 94: (0, 0, 35, 0, 15, 22, 49, 0, 0, 0, 0, 0)
s = 95: (0, 0, 36, 0, 15, 13, 58, 0, 0, 0, 0, 0)
s = 96: (0, 0, 47, 0, 11, 19, 36, 0, 0, 0, 0, 0)
s = 97: (0, 0, 34, 0, 14, 19, 27, 0, 0, 0, 0, 0)
s = 98: (0, 0, 26, 0, 19, 22, 46, 0, 0, 0, 0, 0)
s = 99: (0, 0, 36, 0, 11, 25, 35, 0, 0, 0, 0, 0)
s = 100: (0, 0, 37, 0, 25, 28, 44, 0, 0, 0, 0, 0)
s = 101: (0, 0, 27, 0, 18, 12, 29, 0, 0, 0, 0, 0)
s = 102: (0, 0, 25, 0, 15, 32, 61, 0, 0, 0, 0, 0)
s = 103: (0, 0, 37, 0, 22, 13, 50, 0, 0, 0, 0, 0)
s = 104: (0, 0, 25, 0, 16, 15, 31, 0, 0, 0, 0, 0)
s = 105: (0, 0, 21, 0, 19, 14, 59, 0, 0, 0, 0, 0)
s = 106: (0, 0, 38, 0, 12, 19, 27, 0, 0, 0, 0, 0)
s = 107: (0, 0, 19, 0, 12, 17, 36, 0, 0, 0, 0, 0)
s = 108: (0, 0, 46, 0, 13, 11, 37, 0, 0, 0, 0, 0)
s = 109: (0, 0, 40, 0, 17, 19, 25, 0, 0, 0, 0, 0)
s = 110: (0, 0, 39, 0, 18, 15, 36, 0, 0, 0, 0, 0)
s = 111: (0, 0, 28, 0, 18, 24, 47, 0, 0, 0, 0, 0)
s = 112: (0, 0, 44, 0, 18, 15, 53, 0, 0, 0, 0, 0)
s = 113: (0, 0, 22, 0, 22, 13, 40, 0, 0, 0, 0, 0)
s = 114: (0, 0, 32, 0, 13, 19, 35, 0, 0, 0, 0, 0)
s = 115: (0, 0, 28, 0, 11, 18, 49, 0, 0, 0, 0, 0)
s = 116: (0, 0, 30, 0, 15, 15, 26, 0, 0, 0, 0, 0)
s = 117: (0, 0, 34, 0, 14, 13, 61, 0, 0, 0, 0, 0)
s = 118: (0, 0, 23, 0, 12, 15, 29, 0, 0, 0, 0, 0)
s = 119: (0, 0, 33, 0, 18, 16, 27, 0, 0, 0, 0, 0)
s = 120: (0, 0, 21, 0, 14, 20, 42, 0, 0, 0, 0, 0)
s = 121: (0, 0, 50, 0, 18, 29, 40, 0, 0, 0, 0, 0)
s = 122: (0, 0, 23, 0, 16, 23, 57, 0, 0, 0, 0, 0)
s = 123: (0, 0, 20, 0, 27, 17, 34, 0, 0, 0, 0, 0)
s = 124: (0, 0, 34, 0, 19, 28, 31, 0, 0, 0, 0, 0)
s = 125: (0, 0, 23, 0, 19, 23, 25, 0, 0, 0, 0, 0)
s = 126: (0, 0, 48, 0, 13, 15, 42, 0, 0, 0, 0, 0)
s = 127: (0, 0, 22, 0, 10, 21, 29, 0, 0, 0, 0, 0)
s = 128: (0, 0, 26, 0, 14, 31, 60, 0, 0, 0, 0, 0)
s = 129: (0, 0, 25, 0, 16, 19, 33, 0, 0, 0, 0, 0)
s = 130: (0, 0, 39, 0, 17, 19, 31, 0, 0, 0, 0, 0)
s = 131: (0, 0, 28, 0, 19, 14, 34, 0, 0, 0, 0, 0)
s = 132: (0, 0, 39, 0, 21, 21, 46, 0, 0, 0, 0, 0)
s = 133: (0, 0, 38, 0, 22, 33, 38, 0, 0, 0, 0, 0)
s = 134: (0, 0, 26, 0, 16, 12, 34, 0, 0, 0, 0, 0)
s = 135: (0, 0, 18, 0, 23, 14, 48, 0, 0, 0, 0, 0)
s = 136: (0, 0, 37, 0, 23, 17, 48, 0, 0, 0, 0, 0)
s = 137: (0, 0, 26, 0, 23, 24, 43, 0, 0, 0, 0, 0)
s = 138: (0, 0, 46, 0, 15, 17, 52, 0, 0, 0, 0, 0)
s = 139: (0, 0, 33, 0, 20, 22, 35, 0, 0, 0, 0, 0)
s = 140: (0, 0, 25, 0, 12, 21, 26, 0, 0, 0, 0, 0)
s = 141: (0, 0, 32, 0, 11, 23, 64, 0, 0, 0, 0, 0)
s = 142: (0, 0, 31, 0, 12, 13, 64, 0, 0, 0, 0, 0)
s = 143: (0, 0, 23, 0, 22, 18, 39, 0, 0, 0, 0, 0)
s = 144: (0, 0, 38, 0, 14, 18, 49, 0, 0, 0, 0, 0)
s = 145: (0, 0, 18, 0, 9, 17, 47, 0, 0, 0, 0, 0)
s = 146: (0, 0, 19, 0, 13, 27, 32, 0, 0, 0, 0, 0)
s = 147: (0, 0, 40, 0, 22, 15, 37, 0, 0, 0, 0, 0)
s = 148: (0, 0, 29, 0, 14, 11, 53, 0, 0, 0, 0, 0)
s = 149: (0, 0, 32, 0, 17, 11, 40, 0, 0, 0, 0, 0)
s = 150: (0, 0, 23, 0, 25, 33, 46, 0, 0, 0, 0, 0)
s = 151: (0, 0, 24, 0, 17, 13, 48, 0, 0, 0, 0, 0)
s = 152: (0, 0, 25, 0, 17, 16, 46, 0, 0, 0, 0, 0)
s = 153: (0, 0, 26, 0, 21, 14, 46, 0, 0, 0, 0, 0)
s = 154: (0, 0, 35, 0, 16, 21, 41, 0, 0, 0, 0, 0)
s = 155: (0, 0, 38, 0, 11, 26, 41, 0, 0, 0, 0, 0)
s = 156: (0, 0, 22, 0, 16, 22, 46, 0, 0, 0, 0, 0)
s = 157: (0, 0, 30, 0, 11, 27, 26, 0, 0, 0, 0, 0)
s = 158: (0, 0, 39, 0, 13, 16, 51, 0, 0, 0, 0, 0)
s = 159: (0, 0, 35, 0, 27, 15, 42, 0, 0, 0, 0, 0)
s = 160: (0, 0, 40, 0, 20, 18, 60, 0, 0, 0, 0, 0)
s = 161: (0, 0, 30, 0, 13, 30, 47, 0, 0, 0, 0, 0)
s = 162: (0, 0, 28, 0, 17, 18, 37, 0, 0, 0, 0, 0)
s = 163: (0, 0, 25, 0, 14, 17, 45, 0, 0, 0, 0, 0)
s = 164: (0, 0, 46, 0, 11, 16, 54, 0, 0, 0, 0, 0)
s = 165: (0, 0, 36, 0, 15, 12, 54, 0, 0, 0, 0, 0)
s = 166: (0, 0, 17, 0, 11, 24, 26, 0, 0, 0, 0, 0)
s = 167: (0, 0, 36, 0, 14, 19, 44, 0, 0, 0, 0, 0)
s = 168: (0, 0, 26, 0, 14, 22, 32, 0, 0, 0, 0, 0)
s = 169: (0, 0, 33, 0, 26, 29, 47, 0, 0, 0, 0, 0)
s = 170: (0, 0, 25, 0, 11, 19, 26, 0, 0, 0, 0, 0)
s = 171: (0, 0, 51, 0, 17, 19, 48, 0, 0, 0, 0, 0)
s = 172: (0, 0, 24, 0, 13, 21, 39, 0, 0, 0, 0, 0)
s = 173: (0, 0, 41, 0, 18, 11, 29, 0, 0, 0, 0, 0)
s = 174: (0, 0, 32, 0, 14, 17, 33, 0, 0, 0, 0, 0)
s = 175: (0, 0, 32, 0, 17, 28, 34, 0, 0, 0, 0, 0)
s = 176: (0, 0, 45, 0, 20, 15, 60, 0, 0, 0, 0, 0)
s = 177: (0, 0, 31, 0, 23, 20, 32, 0, 0, 0, 0, 0)
s = 178: (0, 0, 23, 0, 20, 19, 43, 0, 0, 0, 0, 0)
s = 179: (0, 0, 30, 0, 15, 12, 36, 0, 0, 0, 0, 0)
s = 180: (0, 0, 27, 0, 18, 19, 46, 0, 0, 0, 0, 0)
s = 181: (0, 0, 34, 0, 10, 16, 44, 0, 0, 0, 0, 0)
s = 182: (0, 0, 30, 0, 15, 16, 38, 0, 0, 0, 0, 0)
s = 183: (0, 0, 27, 0, 18, 21, 69, 0, 0, 0, 0, 0)
s = 184: (0, 0, 35, 0, 24, 15, 39, 0, 0, 0, 0, 0)
s = 185: (0, 0, 24, 0, 11, 13, 65, 0, 0, 0, 0, 0)
s = 186: (0, 0, 26, 0, 15, 14, 36, 0, 0, 0, 0, 0)
s = 187: (0, 0, 30, 0, 17, 17, 30, 0, 0, 0, 0, 0)
s = 188: (0, 0, 32, 0, 14, 13, 52, 0, 0, 0, 0, 0)
s = 189: (0, 0, 19, 0, 13, 30, 27, 0, 0, 0, 0, 0)
s = 190: (0, 0, 18, 0, 9, 19, 25, 0, 0, 0, 0, 0)
s = 191: (0, 0, 27, 0, 17, 21, 40, 0, 0, 0, 0, 0)
s = 192: (0, 0, 18, 0, 17, 12, 50, 0, 0, 0, 0, 0)
s = 193: (0, 0, 25, 0, 14, 26, 32, 0, 0, 0, 0, 0)
s = 194: (0, 0, 49, 0, 13, 26, 39, 0, 0, 0, 0, 0)
s = 195: (0, 0, 24, 0, 15, 14, 47, 0, 0, 0, 0, 0)
s = 196: (0, 0, 19, 0, 10, 28, 40, 0, 0, 0, 0, 0)
s = 197: (0, 0, 19, 0, 17, 14, 38, 0, 0, 0, 0, 0)
s = 198: (0, 0, 21, 0, 16, 16, 40, 0, 0, 0, 0, 0)
s = 199: (0, 0, 21, 0, 13, 15, 52, 0, 0, 0, 0, 0)
s = 200: (0, 0, 34, 0, 19, 23, 33, 0, 0, 0, 0, 0)
------------------------------------------------------------------------
RESOURCE k = 3
s = 1: (0, 39, 0, 21, 0, 0, 0, 24, 21, 11, 8, 0)
s = 2: (0, 33, 0, 36, 0, 0, 0, 18, 18, 9, 6, 0)
s = 3: (0, 35, 0, 24, 0, 0, 0, 15, 14, 13, 5, 0)
s = 4: (0, 34, 0, 38, 0, 0, 0, 23, 15, 14, 5, 0)
s = 5: (0, 35, 0, 27, 0, 0, 0, 15, 12, 13, 7, 0)
s = 6: (0, 34, 0, 61, 0, 0, 0, 17, 23, 11, 10, 0)
s = 7: (0, 39, 0, 31, 0, 0, 0, 23, 17, 13, 5, 0)
s = 8: (0, 53, 0, 33, 0, 0, 0, 17, 14, 9, 5, 0)
s = 9: (0, 58, 0, 28, 0, 0, 0, 18, 14, 9, 5, 0)
s = 10: (0, 47, 0, 29, 0, 0, 0, 32, 19, 20, 5, 0)
s = 11: (0, 44, 0, 34, 0, 0, 0, 19, 13, 11, 9, 0)
s = 12: (0, 24, 0, 31, 0, 0, 0, 13, 20, 13, 6, 0)
s = 13: (0, 24, 0, 65, 0, 0, 0, 24, 27, 13, 9, 0)
s = 14: (0, 26, 0, 55, 0, 0, 0, 28, 17, 9, 6, 0)
s = 15: (0, 35, 0, 35, 0, 0, 0, 15, 18, 16, 11, 0)
s = 16: (0, 36, 0, 25, 0, 0, 0, 22, 13, 10, 10, 0)
s = 17: (0, 50, 0, 47, 0, 0, 0, 12, 23, 12, 4, 0)
s = 18: (0, 41, 0, 36, 0, 0, 0, 18, 16, 7, 9, 0)
s = 19: (0, 53, 0, 26, 0, 0, 0, 24, 18, 9, 6, 0)
s = 20: (0, 38, 0, 22, 0, 0, 0, 36, 29, 8, 5, 0)
s = 21: (0, 29, 0, 46, 0, 0, 0, 34, 33, 17, 9, 0)
s = 22: (0, 36, 0, 33, 0, 0, 0, 18, 27, 9, 7, 0)
s = 23: (0, 32, 0, 33, 0, 0, 0, 25, 25, 14, 8, 0)
s = 24: (0, 36, 0, 29, 0, 0, 0, 13, 18, 14, 8, 0)
s = 25: (0, 48, 0, 35, 0, 0, 0, 23, 17, 17, 4, 0)
s = 26: (0, 46, 0, 29, 0, 0, 0, 14, 21, 13, 5, 0)
s = 27: (0, 28, 0, 39, 0, 0, 0, 14, 21, 9, 8, 0)
s = 28: (0, 40, 0, 24, 0, 0, 0, 21, 13, 18, 6, 0)
s = 29: (0, 45, 0, 34, 0, 0, 0, 24, 34, 14, 7, 0)
s = 30: (0, 31, 0, 39, 0, 0, 0, 16, 14, 14, 7, 0)
s = 31: (0, 31, 0, 39, 0, 0, 0, 19, 13, 14, 8, 0)
s = 32: (0, 32, 0, 25, 0, 0, 0, 21, 22, 9, 9, 0)
s = 33: (0, 37, 0, 35, 0, 0, 0, 16, 28, 15, 6, 0)
s = 34: (0, 63, 0, 33, 0, 0, 0, 16, 13, 8, 7, 0)
s = 35: (0, 32, 0, 40, 0, 0, 0, 16, 12, 9, 6, 0)
s = 36: (0, 44, 0, 54, 0, 0, 0, 15, 19, 11, 10, 0)
s = 37: (0, 45, 0, 33, 0, 0, 0, 17, 22, 20, 10, 0)
s = 38: (0, 44, 0, 32, 0, 0, 0, 15, 24, 14, 5, 0)
s = 39: (0, 41, 0, 57, 0, 0, 0, 27, 26, 8, 7, 0)
s = 40: (0, 43, 0, 42, 0, 0, 0, 20, 13, 10, 7, 0)
s = 41: (0, 36, 0, 51, 0, 0, 0, 19, 24, 11, 5, 0)
s = 42: (0, 53, 0, 45, 0, 0, 0, 24, 11, 12, 5, 0)
s = 43: (0, 40, 0, 26, 0, 0, 0, 17, 24, 11, 4, 0)
s = 44: (0, 32, 0, 25, 0, 0, 0, 18, 24, 9, 7, 0)
s = 45: (0, 41, 0, 28, 0, 0, 0, 30, 29, 15, 7, 0)
s = 46: (0, 51, 0, 44, 0, 0, 0, 25, 15, 19, 5, 0)
s = 47: (0, 32, 0, 38, 0, 0, 0, 13, 24, 11, 5, 0)
s = 48: (0, 35, 0, 36, 0, 0, 0, 23, 14, 14, 10, 0)
s = 49: (0, 34, 0, 43, 0, 0, 0, 16, 26, 8, 8, 0)
s = 50: (0, 32, 0, 48, 0, 0, 0, 17, 13, 21, 6, 0)
s = 51: (0, 29, 0, 33, 0, 0, 0, 18, 21, 19, 4, 0)
s = 52: (0, 61, 0, 48, 0, 0, 0, 22, 26, 13, 7, 0)
s = 53: (0, 36, 0, 27, 0, 0, 0, 21, 17, 8, 7, 0)
s = 54: (0, 37, 0, 24, 0, 0, 0, 23, 19, 12, 6, 0)
s = 55: (0, 44, 0, 32, 0, 0, 0, 29, 18, 10, 8, 0)
s = 56: (0, 46, 0, 36, 0, 0, 0, 34, 23, 9, 4, 0)
s = 57: (0, 26, 0, 25, 0, 0, 0, 26, 18, 16, 9, 0)
s = 58: (0, 51, 0, 39, 0, 0, 0, 16, 16, 12, 7, 0)
s = 59: (0, 41, 0, 25, 0, 0, 0, 23, 26, 10, 6, 0)
s = 60: (0, 32, 0, 22, 0, 0, 0, 19, 17, 10, 5, 0)
s = 61: (0, 44, 0, 24, 0, 0, 0, 15, 18, 20, 5, 0)
s = 62: (0, 70, 0, 35, 0, 0, 0, 31, 14, 9, 5, 0)
s = 63: (0, 40, 0, 27, 0, 0, 0, 26, 20, 10, 5, 0)
s = 64: (0, 37, 0, 58, 0, 0, 0, 19, 11, 18, 6, 0)
s = 65: (0, 23, 0, 27, 0, 0, 0, 17, 21, 17, 7, 0)
s = 66: (0, 44, 0, 29, 0, 0, 0, 22, 25, 10, 4, 0)
s = 67: (0, 44, 0, 58, 0, 0, 0, 15, 13, 15, 6, 0)
s = 68: (0, 44, 0, 31, 0, 0, 0, 17, 28, 12, 7, 0)
s = 69: (0, 44, 0, 48, 0, 0, 0, 23, 18, 8, 5, 0)
s = 70: (0, 34, 0, 40, 0, 0, 0, 23, 19, 15, 5, 0)
s = 71: (0, 39, 0, 49, 0, 0, 0, 29, 27, 8, 8, 0)
s = 72: (0, 41, 0, 30, 0, 0, 0, 19, 26, 14, 4, 0)
s = 73: (0, 35, 0, 63, 0, 0, 0, 18, 18, 10, 5, 0)
s = 74: (0, 54, 0, 33, 0, 0, 0, 34, 21, 13, 6, 0)
s = 75: (0, 31, 0, 25, 0, 0, 0, 36, 23, 7, 6, 0)
s = 76: (0, 58, 0, 39, 0, 0, 0, 11, 16, 12, 5, 0)
s = 77: (0, 26, 0, 37, 0, 0, 0, 14, 14, 10, 6, 0)
s = 78: (0, 34, 0, 54, 0, 0, 0, 25, 23, 23, 4, 0)
s = 79: (0, 61, 0, 35, 0, 0, 0, 22, 22, 9, 7, 0)
s = 80: (0, 37, 0, 45, 0, 0, 0, 25, 17, 14, 5, 0)
s = 81: (0, 45, 0, 41, 0, 0, 0, 13, 31, 10, 5, 0)
s = 82: (0, 49, 0, 29, 0, 0, 0, 20, 21, 18, 7, 0)
s = 83: (0, 40, 0, 22, 0, 0, 0, 22, 30, 23, 7, 0)
s = 84: (0, 51, 0, 42, 0, 0, 0, 13, 19, 18, 6, 0)
s = 85: (0, 42, 0, 29, 0, 0, 0, 22, 19, 18, 6, 0)
s = 86: (0, 37, 0, 50, 0, 0, 0, 21, 15, 15, 5, 0)
s = 87: (0, 37, 0, 27, 0, 0, 0, 15, 15, 12, 7, 0)
s = 88: (0, 66, 0, 27, 0, 0, 0, 16, 23, 12, 7, 0)
s = 89: (0, 36, 0, 35, 0, 0, 0, 15, 23, 11, 6, 0)
s = 90: (0, 41, 0, 42, 0, 0, 0, 34, 19, 16, 4, 0)
s = 91: (0, 38, 0, 50, 0, 0, 0, 20, 17, 10, 6, 0)
s = 92: (0, 25, 0, 44, 0, 0, 0, 23, 19, 10, 5, 0)
s = 93: (0, 28, 0, 28, 0, 0, 0, 14, 29, 16, 6, 0)
s = 94: (0, 29, 0, 29, 0, 0, 0, 21, 23, 9, 7, 0)
s = 95: (0, 60, 0, 26, 0, 0, 0, 14, 15, 11, 8, 0)
s = 96: (0, 29, 0, 34, 0, 0, 0, 19, 24, 20, 9, 0)
s = 97: (0, 30, 0, 36, 0, 0, 0, 25, 12, 16, 6, 0)
s = 98: (0, 42, 0, 39, 0, 0, 0, 17, 23, 12, 9, 0)
s = 99: (0, 50, 0, 52, 0, 0, 0, 21, 25, 11, 7, 0)
s = 100: (0, 26, 0, 35, 0, 0, 0, 13, 16, 12, 9, 0)
s = 101: (0, 32, 0, 20, 0, 0, 0, 24, 24, 15, 7, 0)
s = 102: (0, 35, 0, 32, 0, 0, 0, 25, 24, 12, 8, 0)
s = 103: (0, 43, 0, 25, 0, 0, 0, 15, 22, 11, 11, 0)
s = 104: (0, 35, 0, 32, 0, 0, 0, 21, 19, 12, 7, 0)
s = 105: (0, 41, 0, 29, 0, 0, 0, 12, 36, 10, 6, 0)
s = 106: (0, 54, 0, 48, 0, 0, 0, 19, 15, 14, 6, 0)
s = 107: (0, 32, 0, 44, 0, 0, 0, 18, 18, 17, 10, 0)
s = 108: (0, 38, 0, 39, 0, 0, 0, 24, 18, 8, 5, 0)
s = 109: (0, 47, 0, 22, 0, 0, 0, 28, 20, 10, 5, 0)
s = 110: (0, 40, 0, 64, 0, 0, 0, 14, 15, 12, 10, 0)
s = 111: (0, 37, 0, 42, 0, 0, 0, 21, 13, 14, 10, 0)
s = 112: (0, 28, 0, 40, 0, 0, 0, 19, 23, 9, 8, 0)
s = 113: (0, 29, 0, 43, 0, 0, 0, 20, 13, 16, 5, 0)
s = 114: (0, 39, 0, 37, 0, 0, 0, 15, 26, 12, 8, 0)
s = 115: (0, 31, 0, 44, 0, 0, 0, 19, 16, 9, 5, 0)
s = 116: (0, 29, 0, 62, 0, 0, 0, 24, 18, 16, 5, 0)
s = 117: (0, 46, 0, 24, 0, 0, 0, 19, 32, 12, 7, 0)
s = 118: (0, 47, 0, 39, 0, 0, 0, 30, 14, 11, 6, 0)
s = 119: (0, 49, 0, 41, 0, 0, 0, 15, 21, 9, 6, 0)
s = 120: (0, 27, 0, 29, 0, 0, 0, 21, 26, 15, 7, 0)
s = 121: (0, 43, 0, 33, 0, 0, 0, 11, 16, 14, 9, 0)
s = 122: (0, 63, 0, 23, 0, 0, 0, 19, 23, 9, 10, 0)
s = 123: (0, 42, 0, 50, 0, 0, 0, 18, 37, 10, 5, 0)
s = 124: (0, 35, 0, 39, 0, 0, 0, 19, 26, 13, 8, 0)
s = 125: (0, 61, 0, 40, 0, 0, 0, 18, 25, 8, 7, 0)
s = 126: (0, 40, 0, 51, 0, 0, 0, 23, 25, 7, 5, 0)
s = 127: (0, 26, 0, 37, 0, 0, 0, 16, 18, 9, 7, 0)
s = 128: (0, 30, 0, 23, 0, 0, 0, 23, 30, 13, 6, 0)
s = 129: (0, 38, 0, 24, 0, 0, 0, 19, 18, 18, 6, 0)
s = 130: (0, 46, 0, 37, 0, 0, 0, 15, 16, 15, 11, 0)
s = 131: (0, 23, 0, 60, 0, 0, 0, 16, 32, 11, 7, 0)
s = 132: (0, 51, 0, 26, 0, 0, 0, 23, 19, 11, 5, 0)
s = 133: (0, 47, 0, 40, 0, 0, 0, 20, 16, 15, 8, 0)
s = 134: (0, 27, 0, 32, 0, 0, 0, 16, 23, 18, 6, 0)
s = 135: (0, 36, 0, 29, 0, 0, 0, 26, 20, 11, 5, 0)
s = 136: (0, 33, 0, 36, 0, 0, 0, 13, 23, 18, 4, 0)
s = 137: (0, 30, 0, 29, 0, 0, 0, 18, 32, 10, 6, 0)
s = 138: (0, 48, 0, 44, 0, 0, 0, 22, 14, 12, 6, 0)
s = 139: (0, 59, 0, 43, 0, 0, 0, 23, 16, 14, 5, 0)
s = 140: (0, 38, 0, 29, 0, 0, 0, 24, 26, 13, 5, 0)
s = 141: (0, 64, 0, 50, 0, 0, 0, 20, 19, 14, 5, 0)
s = 142: (0, 24, 0, 33, 0, 0, 0, 12, 25, 12, 6, 0)
s = 143: (0, 36, 0, 25, 0, 0, 0, 24, 27, 16, 7, 0)
s = 144: (0, 34, 0, 43, 0, 0, 0, 14, 24, 10, 7, 0)
s = 145: (0, 41, 0, 27, 0, 0, 0, 16, 24, 14, 7, 0)
s = 146: (0, 35, 0, 27, 0, 0, 0, 22, 16, 12, 8, 0)
s = 147: (0, 44, 0, 34, 0, 0, 0, 11, 19, 17, 8, 0)
s = 148: (0, 46, 0, 29, 0, 0, 0, 16, 20, 9, 6, 0)
s = 149: (0, 28, 0, 52, 0, 0, 0, 16, 13, 13, 7, 0)
s = 150: (0, 46, 0, 35, 0, 0, 0, 13, 22, 14, 7, 0)
s = 151: (0, 45, 0, 47, 0, 0, 0, 17, 19, 13, 6, 0)
s = 152: (0, 28, 0, 24, 0, 0, 0, 23, 26, 7, 8, 0)
s = 153: (0, 41, 0, 32, 0, 0, 0, 35, 25, 14, 9, 0)
s = 154: (0, 48, 0, 27, 0, 0, 0, 24, 20, 10, 6, 0)
s = 155: (0, 39, 0, 29, 0, 0, 0, 17, 15, 14, 7, 0)
s = 156: (0, 34, 0, 60, 0, 0, 0, 20, 13, 15, 6, 0)
s = 157: (0, 34, 0, 41, 0, 0, 0, 16, 19, 11, 7, 0)
s = 158: (0, 58, 0, 41, 0, 0, 0, 18, 13, 15, 4, 0)
s = 159: (0, 36, 0, 36, 0, 0, 0, 23, 18, 12, 5, 0)
s = 160: (0, 35, 0, 21, 0, 0, 0, 18, 18, 18, 7, 0)
s = 161: (0, 32, 0, 35, 0, 0, 0, 23, 21, 12, 8, 0)
s = 162: (0, 58, 0, 25, 0, 0, 0, 19, 30, 15, 4, 0)
s = 163: (0, 27, 0, 21, 0, 0, 0, 23, 31, 13, 4, 0)
s = 164: (0, 45, 0, 31, 0, 0, 0, 32, 15, 9, 6, 0)
s = 165: (0, 31, 0, 44, 0, 0, 0, 25, 18, 9, 8, 0)
s = 166: (0, 46, 0, 41, 0, 0, 0, 20, 12, 14, 7, 0)
s = 167: (0, 35, 0, 26, 0, 0, 0, 28, 30, 10, 6, 0)
s = 168: (0, 45, 0, 24, 0, 0, 0, 28, 17, 13, 7, 0)
s = 169: (0, 33, 0, 21, 0, 0, 0, 30, 17, 13, 6, 0)
s = 170: (0, 48, 0, 49, 0, 0, 0, 23, 26, 9, 7, 0)
s = 171: (0, 27, 0, 35, 0, 0, 0, 27, 15, 11, 8, 0)
s = 172: (0, 27, 0, 36, 0, 0, 0, 18, 19, 15, 6, 0)
s = 173: (0, 30, 0, 22, 0, 0, 0, 19, 19, 11, 5, 0)
s = 174: (0, 49, 0, 47, 0, 0, 0, 14, 18, 8, 6, 0)
s = 175: (0, 48, 0, 54, 0, 0, 0, 23, 20, 12, 10, 0)
s = 176: (0, 24, 0, 36, 0, 0, 0, 13, 21, 17, 9, 0)
s = 177: (0, 24, 0, 25, 0, 0, 0, 18, 17, 14, 5, 0)
s = 178: (0, 33, 0, 47, 0, 0, 0, 17, 22, 12, 8, 0)
s = 179: (0, 54, 0, 29, 0, 0, 0, 17, 13, 9, 6, 0)
s = 180: (0, 40, 0, 20, 0, 0, 0, 13, 25, 15, 4, 0)
s = 181: (0, 31, 0, 33, 0, 0, 0, 18, 21, 15, 6, 0)
s = 182: (0, 62, 0, 47, 0, 0, 0, 17, 11, 11, 5, 0)
s = 183: (0, 24, 0, 44, 0, 0, 0, 22, 21, 13, 5, 0)
s = 184: (0, 57, 0, 20, 0, 0, 0, 24, 29, 8, 10, 0)
s = 185: (0, 22, 0, 75, 0, 0, 0, 19, 33, 8, 9, 0)
s = 186: (0, 39, 0, 27, 0, 0, 0, 13, 22, 14, 7, 0)
s = 187: (0, 55, 0, 35, 0, 0, 0, 23, 25, 8, 8, 0)
s = 188: (0, 49, 0, 38, 0, 0, 0, 26, 36, 12, 9, 0)
s = 189: (0, 38, 0, 28, 0, 0, 0, 22, 33, 10, 9, 0)
s = 190: (0, 66, 0, 42, 0, 0, 0, 26, 19, 8, 7, 0)
s = 191: (0, 51, 0, 64, 0, 0, 0, 17, 27, 9, 8, 0)
s = 192: (0, 27, 0, 34, 0, 0, 0, 15, 19, 18, 9, 0)
s = 193: (0, 42, 0, 37, 0, 0, 0, 18, 17, 17, 6, 0)
s = 194: (0, 36, 0, 43, 0, 0, 0, 27, 18, 10, 5, 0)
s = 195: (0, 43, 0, 56, 0, 0, 0, 14, 20, 13, 10, 0)
s = 196: (0, 53, 0, 56, 0, 0, 0, 26, 24, 21, 7, 0)
s = 197: (0, 39, 0, 40, 0, 0, 0, 19, 18, 8, 7, 0)
s = 198: (0, 40, 0, 37, 0, 0, 0, 14, 16, 10, 7, 0)
s = 199: (0, 25, 0, 33, 0, 0, 0, 18, 19, 12, 6, 0)
s = 200: (0, 30, 0, 52, 0, 0, 0, 23, 23, 11, 4, 0)
************************************************************************
ES/LS-VALUES:
jobnr.   ES(i)    LS(i)
------------------------------------------------------------------------
  0        0        0
  1        0       45
  2        0       46
  3        0       45
  4        8       54
  5        8       54
  6       12       58
  7       27       74
  8       12       80
  9       11       78
 10       34       82
 11       36       84
************************************************************************
BIG-M-VALUES:
M1 = 70, M2 = 200
************************************************************************
