************************************************************************
file with basedata            : j9027_.bas
initial value random generator: 1133998775
************************************************************************
projects                      :  1
jobs (incl. supersource/sink ):  92
horizon                       :  458
RESOURCES
  - renewable                 :  4   R
  - nonrenewable              :  0   N
  - doubly constrained        :  0   D
************************************************************************
PROJECT INFORMATION:
pronr.  #jobs rel.date duedate tardcost  MPM-Time
    1     90      0       73       67       73
************************************************************************
PRECEDENCE RELATIONS:
jobnr.    #modes  #successors   successors
   0        1          3           1   2   3
   1        1          3           7  13  20
   2        1          3           4   5  12
   3        1          3          28  55  57
   4        1          3          13  25  26
   5        1          3           6  10  36
   6        1          1          35
   7        1          3           8  11  15
   8        1          3           9  52  53
   9        1          3          14  22  41
  10        1          3          17  24  76
  11        1          3          33  39  80
  12        1          1          69
  13        1          2          29  32
  14        1          3          16  19  24
  15        1          1          18
  16        1          3          25  31  62
  17        1          3          23  47  48
  18        1          2          40  50
  19        1          3          21  30  44
  20        1          2          50  54
  21        1          2          27  64
  22        1          2          51  56
  23        1          3          34  45  85
  24        1          1          42
  25        1          2          42  59
  26        1          1          70
  27        1          2          45  46
  28        1          1          43
  29        1          3          46  49  63
  30        1          2          61  64
  31        1          3          64  66  87
  32        1          1          71
  33        1          2          37  38
  34        1          2          62  81
  35        1          3          42  49  90
  36        1          1          43
  37        1          2          54  69
  38        1          1          65
  39        1          3          50  54  73
  40        1          1          56
  41        1          3          43  45  65
  42        1          1          65
  43        1          1          78
  44        1          2          72  73
  45        1          1          60
  46        1          1          68
  47        1          1          83
  48        1          1          77
  49        1          1          67
  50        1          2          63  70
  51        1          2          59  73
  52        1          2          63  80
  53        1          2          56  58
  54        1          2          74  88
  55        1          1          79
  56        1          2          62  76
  57        1          2          72  84
  58        1          2          66  70
  59        1          2          74  77
  60        1          1          89
  61        1          2          68  74
  62        1          1          69
  63        1          3          68  77  85
  64        1          2          67  75
  65        1          1          67
  66        1          1          76
  67        1          1          89
  68        1          1          78
  69        1          2          83  86
  70        1          1          72
  71        1          2          79  80
  72        1          1          75
  73        1          2          75  81
  74        1          1          86
  75        1          1          79
  76        1          1          78
  77        1          1          81
  78        1          1          82
  79        1          2          82  85
  80        1          3          82  84  86
  81        1          2          83  84
  82        1          1          90
  83        1          1          87
  84        1          1          87
  85        1          1          88
  86        1          1          89
  87        1          2          88  90
  88        1          1          91
  89        1          1          91
  90        1          1          91
  91        1          0        
************************************************************************
REQUESTS/DURATIONS:
jobnr. mode duration  R 1  R 2  R 3  R 4  E(W 1)
------------------------------------------------------------------------
  0      1     0       0    0    0    0     0
  1      1     4       2    1    6    2    48
  2      1    10       9    0    4    6    190
  3      1     7      10    8    8    4    210
  4      1    10       1    8    0   10    200
  5      1     4       9    9    2    7    108
  6      1     8       8    6    9    3    208
  7      1     5       1    4    6    0    60
  8      1     6       2    0    3    8    78
  9      1     3       4    0    8    1    42
 10      1     3      10    4    3    4    63
 11      1     2       7    2    0    0    18
 12      1     2       6    0   10    9    50
 13      1     4       9    0    0    8    68
 14      1     5       6    6    4    7    115
 15      1     4       2    6    4    7    76
 16      1     5       4    4    0    0    40
 17      1     1       8    8    9    1    27
 18      1    10       0    7    2    0    90
 19      1     1       0    9    2    2    13
 20      1     3       9   10    6    5    90
 21      1     1       0    7    3   10    20
 22      1     5       7    3   10    9    145
 23      1     3       6    4    2    7    57
 24      1     2       2    2    9    8    42
 25      1     3       3    0    5    1    30
 26      1     4       3    6   10    0    76
 27      1     3       0    2    6    0    24
 28      1     6       9    0    1    5    96
 29      1     5       7    7    3    0    85
 30      1     7       0    0    0   10    70
 31      1     7       4    0    9    0    91
 32      1    10       0    2    0    8    100
 33      1     3       5    2    6    3    48
 34      1     8      10    0    6    2    144
 35      1     6       5    6    3    2    96
 36      1     2       4    5    5    7    42
 37      1     6       0    9    9    0    108
 38      1     4       0    6    0    7    52
 39      1     2       0    3    0    0     6
 40      1     7       0    5    8    1    105
 41      1     7       6    2    3    8    133
 42      1     8       5    8   10    9    256
 43      1     3       1    0    1    0    12
 44      1     6       8    0    1    0    60
 45      1     9       8    4    0    2    126
 46      1     3       9    2    9    2    66
 47      1     3       1    9    4    9    72
 48      1     7       0    2    8    2    84
 49      1     9       0    7    0    1    81
 50      1     3       8    0   10    7    75
 51      1    10       3    4    0    2    90
 52      1     4       0    7    4    3    56
 53      1     5       0    5    2    7    70
 54      1     8       7    7    0    3    136
 55      1     1       8    4    3   10    25
 56      1     3       6    7    0    1    45
 57      1     2       6    4    1    8    40
 58      1     3      10    8    0    9    81
 59      1     1       0    0    8    5    13
 60      1     8       1    0    6    1    80
 61      1     8       1   10   10    0    176
 62      1     5       4    7    3    2    80
 63      1     2       6    0    0   10    32
 64      1     8       5    7    4    6    176
 65      1     4       0    1    1    6    40
 66      1     1       1    4    0    3     9
 67      1     1       4   10    0   10    24
 68      1     9       5    3    0    0    72
 69      1    10       0    5    6    0    110
 70      1     9      10    2    5    9    234
 71      1    10       3    4    0   10    170
 72      1     6       5    0    9    5    114
 73      1     3       0    9    4    9    66
 74      1     4       2    1    0    4    32
 75      1     6       5    9   10    8    192
 76      1     2       0    6    1    0    16
 77      1     6       2    6    3    6    102
 78      1     1       5    0    7    9    21
 79      1     6       5    0    5    3    78
 80      1     3       0    0    0    5    15
 81      1     5       0    1    0    0    10
 82      1     7       0    8    3    8    133
 83      1    10       1    7    8    3    200
 84      1     3       2    5    6    0    39
 85      1     2       5    6    0    6    34
 86      1     2       4    1    1    6    28
 87      1     5       0    6    5    0    55
 88      1     9       4    6    0    0    90
 89      1     7       2    1    0    4    56
 90      1    10       6    9    0    3    180
 91      1     0       0    0    0    0     0
************************************************************************
RESOURCEAVAILABILITIES:
  R 1
   193
************************************************************************
RESOURCE LIMITS:
jobnr.  l(R 1)  u(R 1)
------------------------------------------------------------------------
  0        0       0
  1        6      12
  2       10      19
  3       15      30
  4       10      20
  5       15      27
  6       14      26
  7        6      12
  8        7      13
  9        7      14
 10       11      21
 11        5       9
 12       13      25
 13        9      17
 14       12      23
 15       10      19
 16        4       8
 17       14      27
 18        5       9
 19        7      13
 20       16      30
 21       11      20
 22       16      29
 23       10      19
 24       11      21
 25        6      10
 26       10      19
 27        4       8
 28        9      16
 29       10      17
 30        5      10
 31        7      13
 32        5      10
 33        9      16
 34        9      18
 35        9      16
 36       12      21
 37       10      18
 38        7      13
 39        2       3
 40        8      15
 41       10      19
 42       17      32
 43        2       4
 44        5      10
 45        7      14
 46       12      22
 47       13      24
 48        6      12
 49        5       9
 50       13      25
 51        5       9
 52        8      14
 53        8      14
 54       10      17
 55       13      25
 56        8      15
 57       10      20
 58       14      27
 59        7      13
 60        5      10
 61       11      22
 62        9      16
 63        8      16
 64       12      22
 65        5      10
 66        5       9
 67       12      24
 68        5       8
 69        6      11
 70       14      26
 71        9      17
 72       11      19
 73       12      22
 74        4       8
 75       17      32
 76        4       8
 77        9      17
 78       12      21
 79        8      13
 80        3       5
 81        1       2
 82       10      19
 83       11      20
 84        7      13
 85        9      17
 86        7      14
 87        6      11
 88        5      10
 89        4       8
 90       10      18
 91        0       0
************************************************************************
SCENARIOS:
------------------------------------------------------------------------
RESOURCE k = 1
s = 1: (0, 61, 169, 268, 248, 78, 171, 45, 70, 31, 56, 30, 73, 77, 104, 51, 44, 16, 77, 17, 117, 14, 182, 86, 30, 35, 70, 29, 94, 97, 74, 133, 126, 42, 124, 105, 55, 86, 33, 9, 61, 177, 254, 12, 41, 101, 37, 52, 79, 149, 93, 49, 72, 48, 99, 19, 37, 29, 60, 12, 86, 179, 79, 25, 165, 29, 8, 23, 49, 116, 216, 103, 116, 84, 37, 185, 16, 97, 21, 121, 18, 14, 162, 169, 30, 29, 26, 63, 76, 37, 218, 0)
s = 2: (0, 51, 253, 242, 226, 95, 230, 35, 84, 46, 89, 28, 34, 85, 112, 54, 40, 26, 72, 9, 116, 22, 211, 47, 46, 21, 81, 29, 76, 116, 82, 119, 107, 49, 150, 69, 31, 126, 73, 6, 123, 108, 358, 9, 56, 68, 85, 108, 97, 115, 68, 82, 44, 43, 100, 20, 53, 47, 67, 13, 95, 207, 80, 30, 217, 41, 7, 31, 88, 154, 360, 217, 65, 43, 37, 224, 31, 60, 18, 141, 17, 15, 91, 248, 26, 35, 39, 59, 81, 68, 269, 0)
s = 3: (0, 52, 280, 181, 138, 93, 183, 46, 68, 55, 64, 24, 57, 81, 91, 64, 37, 27, 143, 14, 100, 14, 96, 41, 58, 32, 107, 29, 96, 75, 91, 106, 98, 36, 102, 115, 50, 123, 41, 8, 114, 97, 244, 11, 52, 106, 115, 117, 105, 64, 55, 128, 62, 69, 100, 45, 56, 57, 57, 17, 102, 208, 64, 38, 117, 23, 12, 24, 66, 77, 143, 183, 78, 73, 28, 238, 21, 116, 18, 82, 9, 11, 115, 269, 37, 26, 26, 48, 60, 84, 260, 0)
s = 4: (0, 44, 222, 174, 183, 112, 162, 72, 120, 30, 78, 20, 41, 50, 94, 64, 34, 27, 59, 10, 99, 21, 149, 41, 49, 24, 78, 18, 123, 127, 113, 102, 56, 59, 138, 96, 38, 81, 36, 5, 68, 181, 434, 17, 36, 124, 68, 100, 99, 76, 110, 53, 54, 64, 144, 25, 54, 64, 67, 18, 67, 168, 87, 32, 158, 24, 9, 22, 68, 148, 235, 129, 73, 58, 37, 232, 20, 96, 22, 107, 20, 9, 117, 140, 28, 37, 22, 67, 136, 52, 174, 0)
s = 5: (0, 69, 266, 193, 203, 126, 211, 86, 70, 58, 51, 21, 54, 90, 94, 84, 27, 27, 81, 15, 118, 14, 141, 51, 34, 39, 49, 31, 99, 77, 59, 94, 142, 41, 77, 57, 27, 63, 34, 4, 80, 173, 248, 9, 67, 158, 61, 83, 73, 92, 63, 63, 46, 51, 104, 41, 35, 56, 51, 11, 54, 192, 77, 26, 183, 41, 11, 20, 119, 106, 171, 136, 101, 63, 34, 280, 11, 93, 17, 91, 19, 12, 137, 183, 22, 22, 24, 63, 109, 33, 138, 0)
s = 6: (0, 48, 153, 230, 245, 150, 192, 82, 65, 49, 58, 23, 43, 87, 116, 70, 41, 29, 103, 14, 66, 20, 113, 91, 29, 22, 66, 21, 69, 107, 45, 60, 97, 35, 248, 130, 26, 74, 36, 6, 106, 203, 238, 11, 47, 171, 51, 89, 92, 125, 56, 105, 57, 59, 179, 41, 32, 28, 101, 20, 53, 121, 53, 42, 155, 27, 11, 26, 76, 105, 187, 159, 95, 54, 30, 120, 18, 140, 12, 71, 20, 7, 147, 215, 38, 29, 33, 68, 76, 32, 310, 0)
s = 7: (0, 49, 173, 177, 161, 77, 107, 68, 86, 44, 54, 17, 54, 59, 100, 102, 39, 19, 87, 15, 59, 26, 133, 48, 34, 25, 126, 34, 80, 94, 55, 95, 123, 36, 125, 87, 67, 174, 32, 4, 175, 152, 239, 17, 63, 103, 53, 78, 63, 99, 100, 78, 41, 80, 144, 35, 60, 35, 83, 10, 83, 130, 58, 19, 160, 46, 10, 17, 86, 86, 200, 130, 73, 68, 24, 159, 11, 94, 32, 140, 16, 8, 133, 153, 27, 27, 24, 44, 155, 65, 322, 0)
s = 8: (0, 38, 244, 143, 177, 123, 130, 56, 109, 63, 35, 23, 54, 98, 91, 75, 32, 32, 47, 17, 106, 34, 177, 45, 47, 30, 60, 17, 179, 72, 47, 94, 118, 41, 127, 129, 42, 91, 49, 5, 133, 160, 253, 8, 65, 86, 45, 111, 122, 48, 111, 104, 49, 113, 107, 19, 53, 61, 155, 17, 70, 98, 59, 37, 143, 31, 11, 23, 67, 103, 177, 135, 191, 89, 47, 308, 21, 98, 23, 61, 10, 13, 137, 128, 39, 33, 25, 58, 76, 65, 161, 0)
s = 9: (0, 42, 250, 226, 286, 67, 216, 94, 58, 38, 38, 18, 53, 54, 106, 106, 61, 26, 98, 10, 132, 20, 104, 57, 44, 21, 112, 23, 79, 91, 87, 115, 76, 27, 75, 89, 36, 67, 62, 8, 87, 197, 260, 13, 36, 98, 103, 46, 59, 114, 93, 88, 51, 97, 147, 16, 38, 41, 93, 14, 69, 110, 60, 28, 205, 25, 7, 18, 85, 112, 157, 115, 184, 96, 20, 108, 11, 92, 24, 66, 15, 10, 179, 229, 23, 23, 34, 44, 84, 56, 180, 0)
s = 10: (0, 45, 166, 253, 201, 125, 305, 74, 76, 37, 60, 13, 50, 50, 187, 54, 33, 25, 67, 13, 137, 20, 182, 46, 57, 28, 70, 35, 68, 47, 83, 70, 77, 33, 167, 140, 47, 76, 41, 6, 121, 234, 184, 19, 47, 170, 99, 96, 56, 66, 73, 48, 33, 72, 138, 24, 39, 35, 90, 15, 74, 136, 119, 17, 183, 42, 10, 17, 48, 67, 208, 100, 115, 58, 35, 117, 13, 93, 30, 86, 20, 7, 139, 233, 26, 32, 29, 33, 98, 57, 219, 0)
s = 11: (0, 52, 284, 170, 126, 92, 141, 57, 59, 35, 45, 23, 41, 103, 65, 77, 49, 27, 69, 11, 75, 17, 79, 34, 38, 24, 71, 29, 122, 104, 74, 85, 95, 37, 109, 78, 50, 105, 36, 5, 113, 137, 228, 17, 72, 76, 79, 66, 79, 43, 112, 63, 83, 62, 142, 24, 62, 51, 116, 14, 92, 190, 121, 46, 169, 52, 6, 26, 112, 174, 290, 312, 107, 59, 24, 137, 28, 65, 14, 77, 14, 11, 158, 112, 43, 34, 35, 45, 78, 67, 260, 0)
s = 12: (0, 34, 141, 233, 164, 71, 150, 75, 76, 45, 90, 20, 62, 46, 122, 60, 37, 23, 75, 7, 118, 12, 93, 67, 29, 27, 75, 23, 89, 100, 58, 77, 84, 36, 159, 87, 50, 91, 33, 6, 159, 121, 174, 13, 90, 121, 72, 50, 117, 107, 82, 77, 48, 53, 140, 43, 59, 58, 47, 13, 86, 143, 72, 50, 159, 32, 5, 28, 70, 90, 182, 244, 70, 47, 29, 195, 16, 57, 21, 140, 25, 8, 155, 238, 41, 30, 28, 69, 142, 51, 191, 0)
s = 13: (0, 42, 213, 192, 325, 77, 222, 104, 40, 53, 79, 25, 30, 69, 122, 51, 31, 18, 59, 11, 86, 17, 139, 48, 28, 22, 68, 22, 61, 101, 109, 106, 130, 56, 111, 117, 85, 70, 53, 6, 135, 110, 199, 18, 34, 107, 49, 71, 101, 56, 56, 137, 48, 71, 110, 24, 51, 36, 89, 11, 88, 177, 74, 22, 115, 60, 10, 25, 70, 113, 233, 166, 68, 64, 25, 346, 31, 106, 17, 105, 14, 16, 166, 152, 48, 29, 49, 61, 56, 52, 141, 0)
s = 14: (0, 53, 223, 164, 127, 65, 216, 80, 62, 34, 47, 23, 40, 71, 127, 82, 32, 19, 102, 15, 82, 23, 133, 99, 54, 33, 76, 23, 124, 60, 54, 58, 97, 58, 159, 100, 53, 85, 45, 8, 110, 150, 243, 15, 43, 207, 70, 39, 60, 92, 53, 97, 70, 97, 92, 16, 36, 33, 85, 11, 60, 126, 116, 34, 195, 58, 8, 37, 66, 170, 231, 149, 93, 106, 29, 186, 19, 123, 25, 122, 23, 13, 144, 233, 26, 31, 32, 57, 80, 35, 126, 0)
s = 15: (0, 40, 195, 129, 182, 120, 182, 58, 82, 51, 53, 27, 69, 66, 141, 81, 54, 29, 84, 12, 73, 15, 123, 37, 43, 22, 70, 26, 76, 52, 42, 76, 95, 87, 144, 85, 56, 153, 67, 4, 80, 154, 323, 14, 33, 75, 59, 87, 47, 75, 78, 137, 60, 74, 197, 29, 37, 41, 63, 11, 64, 186, 45, 36, 169, 57, 7, 27, 121, 85, 298, 167, 92, 52, 20, 177, 17, 90, 22, 66, 13, 14, 147, 143, 33, 25, 20, 44, 128, 86, 263, 0)
s = 16: (0, 59, 126, 289, 147, 100, 128, 48, 78, 44, 62, 19, 35, 89, 87, 108, 44, 25, 84, 17, 68, 20, 101, 48, 49, 30, 117, 25, 105, 106, 81, 71, 87, 50, 134, 64, 39, 119, 62, 6, 73, 108, 202, 11, 62, 83, 55, 81, 72, 117, 47, 88, 57, 97, 115, 22, 57, 56, 107, 14, 116, 186, 107, 25, 208, 35, 10, 23, 64, 105, 283, 226, 104, 71, 34, 175, 15, 168, 21, 68, 12, 10, 90, 229, 41, 21, 26, 54, 72, 62, 154, 0)
s = 17: (0, 43, 262, 178, 141, 101, 215, 67, 66, 49, 99, 18, 42, 80, 107, 60, 32, 35, 137, 14, 107, 17, 132, 37, 25, 35, 68, 19, 87, 79, 79, 115, 65, 38, 122, 72, 43, 78, 40, 7, 78, 122, 318, 15, 56, 170, 37, 49, 52, 48, 74, 74, 60, 54, 116, 36, 41, 47, 87, 20, 100, 268, 104, 24, 167, 38, 9, 21, 50, 88, 212, 202, 91, 45, 31, 154, 16, 91, 17, 87, 10, 6, 161, 241, 46, 32, 22, 46, 74, 97, 117, 0)
s = 18: (0, 62, 197, 177, 138, 71, 293, 53, 57, 29, 51, 17, 45, 65, 127, 79, 46, 27, 92, 16, 89, 15, 75, 83, 39, 32, 126, 35, 85, 69, 54, 93, 122, 58, 113, 88, 52, 155, 53, 9, 150, 151, 206, 18, 98, 106, 89, 85, 82, 48, 52, 82, 43, 47, 78, 30, 42, 55, 70, 24, 113, 161, 47, 35, 177, 39, 6, 20, 64, 130, 157, 95, 75, 49, 19, 196, 20, 53, 14, 61, 17, 13, 190, 119, 29, 33, 38, 58, 112, 38, 131, 0)
s = 19: (0, 31, 143, 232, 170, 125, 203, 60, 101, 34, 68, 27, 30, 43, 113, 41, 38, 29, 132, 10, 78, 20, 111, 53, 57, 37, 87, 21, 120, 129, 92, 59, 113, 38, 177, 103, 59, 87, 41, 6, 133, 174, 228, 10, 37, 172, 43, 109, 80, 63, 77, 70, 76, 49, 203, 42, 56, 47, 73, 14, 81, 180, 91, 37, 147, 65, 7, 20, 65, 102, 253, 161, 150, 70, 51, 114, 10, 130, 14, 108, 14, 14, 105, 237, 47, 32, 36, 70, 118, 45, 221, 0)
s = 20: (0, 39, 188, 245, 182, 83, 158, 40, 64, 43, 68, 12, 52, 97, 94, 75, 44, 20, 76, 11, 80, 38, 103, 56, 57, 21, 73, 41, 119, 90, 58, 94, 83, 34, 142, 110, 34, 80, 49, 4, 128, 148, 294, 11, 57, 82, 44, 57, 95, 62, 49, 93, 41, 49, 142, 20, 38, 28, 51, 9, 91, 166, 72, 28, 254, 34, 7, 20, 70, 187, 162, 146, 146, 62, 35, 222, 20, 82, 20, 50, 13, 10, 135, 193, 62, 38, 25, 46, 98, 57, 250, 0)
s = 21: (0, 36, 160, 263, 204, 172, 160, 61, 78, 59, 48, 16, 39, 49, 183, 50, 27, 26, 77, 12, 60, 27, 117, 54, 42, 30, 42, 20, 129, 52, 81, 111, 81, 42, 155, 57, 41, 74, 38, 11, 193, 141, 209, 12, 46, 165, 77, 45, 58, 61, 97, 78, 31, 84, 216, 28, 58, 31, 66, 20, 101, 206, 109, 38, 250, 30, 13, 24, 52, 118, 319, 146, 160, 35, 25, 211, 10, 162, 19, 63, 9, 9, 123, 173, 40, 42, 37, 50, 56, 51, 151, 0)
s = 22: (0, 35, 120, 293, 153, 126, 206, 78, 79, 34, 65, 16, 29, 62, 101, 92, 45, 20, 82, 11, 110, 19, 148, 69, 59, 35, 57, 30, 139, 78, 80, 95, 120, 57, 104, 63, 38, 67, 67, 7, 147, 101, 165, 12, 63, 163, 61, 47, 78, 76, 58, 49, 37, 79, 108, 24, 32, 44, 90, 19, 67, 198, 67, 48, 127, 48, 18, 29, 84, 120, 357, 160, 126, 38, 23, 125, 21, 147, 25, 64, 15, 13, 183, 231, 66, 37, 24, 79, 88, 50, 224, 0)
s = 23: (0, 62, 281, 247, 165, 94, 218, 44, 67, 45, 48, 11, 28, 62, 99, 104, 41, 15, 77, 8, 93, 27, 123, 50, 50, 35, 72, 14, 64, 100, 46, 96, 135, 50, 102, 85, 33, 99, 46, 5, 152, 87, 268, 12, 40, 136, 58, 52, 56, 67, 72, 114, 86, 46, 93, 24, 43, 51, 127, 10, 60, 203, 97, 35, 215, 41, 10, 28, 81, 128, 194, 122, 69, 69, 39, 174, 22, 133, 26, 56, 21, 12, 108, 134, 41, 32, 21, 41, 70, 61, 177, 0)
s = 24: (0, 61, 139, 194, 210, 102, 250, 48, 77, 31, 63, 13, 73, 46, 112, 97, 43, 28, 74, 16, 104, 29, 99, 72, 34, 23, 63, 22, 128, 50, 102, 88, 81, 47, 209, 92, 38, 116, 43, 8, 70, 140, 341, 8, 112, 162, 58, 71, 52, 105, 118, 59, 51, 65, 148, 23, 31, 64, 85, 12, 129, 293, 60, 34, 243, 28, 12, 28, 57, 122, 264, 160, 125, 91, 56, 273, 15, 75, 12, 95, 9, 11, 145, 222, 35, 35, 19, 53, 101, 37, 149, 0)
s = 25: (0, 31, 141, 276, 122, 91, 355, 54, 72, 45, 58, 22, 82, 79, 111, 49, 43, 30, 78, 18, 91, 22, 106, 53, 43, 19, 42, 20, 77, 45, 104, 63, 109, 39, 99, 108, 40, 116, 68, 6, 68, 87, 217, 16, 38, 141, 75, 100, 55, 105, 95, 82, 43, 53, 90, 21, 44, 47, 89, 12, 143, 246, 64, 23, 103, 29, 11, 22, 79, 74, 350, 161, 114, 51, 39, 155, 15, 124, 18, 111, 16, 7, 74, 184, 27, 46, 26, 47, 130, 47, 156, 0)
s = 26: (0, 29, 195, 208, 110, 84, 203, 57, 50, 33, 50, 14, 69, 93, 101, 59, 46, 19, 80, 19, 91, 18, 100, 42, 46, 29, 50, 28, 103, 119, 68, 100, 70, 70, 193, 62, 41, 145, 71, 5, 110, 109, 252, 10, 35, 82, 48, 42, 72, 58, 53, 50, 33, 68, 101, 14, 42, 32, 77, 22, 111, 102, 99, 22, 273, 61, 16, 14, 48, 90, 210, 163, 191, 93, 35, 198, 14, 107, 17, 58, 19, 8, 78, 325, 28, 19, 25, 68, 115, 76, 252, 0)
s = 27: (0, 56, 326, 164, 114, 165, 222, 79, 62, 66, 42, 24, 38, 107, 72, 47, 37, 48, 110, 11, 77, 13, 166, 68, 58, 33, 61, 27, 167, 109, 42, 72, 68, 39, 156, 69, 57, 96, 63, 4, 79, 106, 333, 13, 82, 95, 89, 86, 77, 50, 66, 117, 88, 65, 156, 24, 53, 41, 58, 12, 108, 161, 82, 43, 135, 30, 9, 16, 105, 81, 205, 123, 136, 75, 28, 144, 12, 134, 21, 72, 13, 8, 194, 296, 42, 22, 38, 43, 79, 36, 243, 0)
s = 28: (0, 60, 131, 235, 182, 128, 306, 40, 133, 38, 70, 20, 31, 70, 83, 43, 39, 33, 98, 23, 97, 30, 127, 69, 35, 29, 75, 22, 57, 57, 57, 109, 122, 44, 222, 124, 40, 73, 69, 9, 157, 121, 179, 12, 72, 127, 107, 80, 60, 88, 60, 81, 41, 107, 136, 19, 44, 38, 62, 14, 80, 146, 61, 25, 141, 63, 9, 15, 55, 66, 357, 100, 97, 61, 34, 173, 10, 151, 13, 89, 16, 17, 110, 178, 48, 32, 20, 30, 109, 60, 128, 0)
s = 29: (0, 63, 177, 265, 173, 132, 242, 61, 78, 54, 46, 14, 65, 126, 148, 98, 24, 41, 109, 9, 96, 22, 120, 60, 49, 42, 113, 31, 69, 71, 76, 75, 86, 46, 143, 83, 32, 73, 59, 5, 80, 157, 195, 8, 41, 109, 66, 59, 95, 94, 65, 142, 59, 41, 94, 36, 36, 28, 71, 12, 62, 137, 66, 36, 121, 52, 14, 22, 69, 76, 244, 138, 120, 40, 22, 239, 19, 112, 15, 60, 14, 11, 168, 253, 24, 38, 28, 48, 72, 67, 195, 0)
s = 30: (0, 37, 133, 218, 168, 121, 134, 71, 82, 25, 46, 18, 50, 60, 104, 56, 26, 22, 95, 10, 101, 30, 142, 51, 58, 19, 109, 23, 80, 79, 70, 128, 77, 44, 142, 121, 38, 104, 60, 4, 88, 122, 435, 13, 47, 147, 43, 62, 52, 78, 47, 83, 52, 61, 121, 28, 41, 46, 60, 9, 98, 162, 76, 29, 207, 41, 11, 22, 55, 104, 260, 213, 116, 62, 29, 233, 14, 116, 23, 77, 12, 13, 141, 173, 58, 52, 24, 66, 116, 44, 115, 0)
s = 31: (0, 80, 236, 295, 183, 81, 231, 53, 85, 42, 51, 15, 46, 71, 175, 64, 64, 26, 131, 13, 151, 19, 114, 58, 41, 21, 55, 27, 68, 92, 53, 76, 102, 76, 116, 89, 49, 115, 43, 5, 61, 211, 258, 9, 33, 198, 60, 116, 82, 82, 99, 52, 54, 59, 156, 37, 49, 25, 107, 11, 74, 165, 50, 34, 235, 34, 12, 33, 37, 101, 262, 103, 148, 53, 19, 138, 23, 78, 25, 72, 15, 8, 134, 266, 38, 34, 34, 38, 89, 36, 192, 0)
s = 32: (0, 41, 139, 317, 298, 104, 197, 43, 59, 55, 78, 13, 75, 101, 70, 55, 26, 27, 77, 20, 101, 29, 196, 43, 34, 33, 119, 18, 78, 110, 91, 113, 97, 38, 224, 87, 42, 117, 75, 4, 113, 138, 345, 14, 76, 74, 40, 110, 70, 99, 136, 88, 40, 63, 134, 30, 68, 39, 64, 21, 91, 202, 93, 32, 140, 49, 9, 30, 80, 117, 233, 253, 135, 59, 35, 160, 13, 99, 18, 70, 12, 10, 127, 185, 27, 72, 41, 41, 126, 52, 291, 0)
s = 33: (0, 30, 191, 368, 142, 148, 257, 52, 99, 26, 48, 12, 71, 65, 98, 50, 34, 27, 56, 12, 121, 22, 114, 60, 40, 21, 67, 38, 153, 121, 88, 131, 77, 38, 84, 112, 30, 70, 46, 8, 91, 133, 214, 7, 36, 107, 55, 85, 55, 80, 73, 47, 57, 57, 245, 38, 33, 40, 71, 10, 57, 193, 77, 35, 230, 42, 7, 27, 92, 88, 189, 236, 165, 62, 24, 147, 13, 155, 20, 46, 15, 9, 116, 219, 43, 42, 24, 87, 134, 40, 182, 0)
s = 34: (0, 54, 201, 158, 241, 128, 157, 74, 48, 50, 59, 11, 57, 64, 71, 51, 45, 20, 91, 13, 48, 32, 164, 62, 40, 22, 101, 30, 77, 63, 53, 72, 107, 38, 88, 70, 44, 116, 41, 8, 164, 120, 219, 13, 40, 88, 83, 72, 71, 59, 65, 69, 58, 98, 112, 23, 34, 45, 103, 13, 45, 226, 97, 40, 119, 40, 9, 32, 82, 150, 139, 209, 128, 46, 27, 328, 20, 112, 36, 92, 11, 9, 105, 148, 39, 39, 18, 94, 87, 71, 134, 0)
s = 35: (0, 40, 155, 196, 242, 155, 233, 67, 106, 43, 53, 11, 61, 41, 90, 60, 43, 23, 93, 9, 65, 26, 169, 35, 50, 20, 64, 21, 135, 91, 51, 91, 127, 69, 103, 114, 25, 110, 58, 7, 186, 134, 181, 13, 54, 134, 43, 106, 117, 96, 56, 100, 58, 52, 117, 26, 48, 61, 79, 16, 73, 155, 100, 34, 157, 26, 14, 19, 83, 67, 304, 143, 108, 45, 47, 236, 15, 147, 25, 61, 17, 12, 139, 156, 32, 33, 40, 49, 85, 32, 265, 0)
s = 36: (0, 34, 138, 266, 123, 164, 205, 78, 46, 36, 69, 27, 44, 71, 129, 52, 50, 17, 67, 8, 86, 24, 171, 40, 46, 35, 87, 22, 88, 114, 52, 77, 118, 57, 100, 152, 50, 83, 56, 7, 85, 113, 157, 13, 77, 158, 58, 66, 56, 102, 91, 63, 38, 106, 93, 26, 53, 56, 107, 9, 68, 123, 88, 41, 275, 40, 8, 22, 62, 84, 203, 132, 98, 52, 47, 271, 23, 148, 12, 52, 12, 13, 146, 183, 66, 38, 38, 65, 70, 67, 190, 0)
s = 37: (0, 59, 120, 169, 266, 150, 305, 70, 75, 30, 74, 13, 34, 100, 163, 80, 50, 22, 69, 17, 89, 13, 116, 78, 69, 30, 75, 19, 135, 92, 50, 74, 88, 45, 203, 144, 39, 73, 88, 5, 128, 141, 167, 10, 52, 89, 52, 59, 92, 101, 57, 88, 81, 64, 198, 42, 31, 34, 45, 8, 86, 174, 81, 38, 125, 35, 9, 20, 51, 169, 245, 203, 154, 96, 25, 245, 12, 105, 21, 54, 21, 13, 157, 254, 31, 28, 21, 61, 96, 59, 184, 0)
s = 38: (0, 50, 215, 157, 301, 98, 376, 42, 91, 40, 74, 17, 56, 58, 118, 80, 48, 24, 113, 15, 77, 20, 164, 51, 55, 42, 61, 20, 131, 149, 91, 61, 98, 39, 187, 85, 56, 160, 63, 5, 66, 89, 184, 10, 37, 158, 55, 106, 51, 68, 48, 129, 43, 63, 123, 33, 38, 65, 124, 14, 66, 126, 72, 30, 129, 59, 10, 31, 63, 72, 418, 160, 131, 72, 39, 193, 20, 175, 18, 96, 17, 6, 156, 184, 42, 23, 28, 74, 72, 62, 160, 0)
s = 39: (0, 39, 147, 216, 163, 101, 257, 56, 54, 49, 57, 15, 44, 104, 129, 44, 35, 28, 147, 11, 92, 22, 167, 58, 44, 49, 118, 20, 98, 79, 70, 101, 93, 40, 88, 59, 76, 141, 30, 6, 83, 112, 227, 15, 44, 116, 59, 124, 81, 72, 97, 60, 85, 53, 142, 23, 39, 36, 75, 10, 89, 121, 137, 27, 148, 46, 8, 24, 75, 130, 213, 165, 99, 71, 21, 254, 13, 68, 27, 86, 19, 8, 141, 179, 46, 66, 29, 57, 120, 43, 213, 0)
s = 40: (0, 34, 164, 210, 141, 107, 214, 59, 54, 46, 69, 16, 36, 41, 115, 59, 30, 28, 97, 21, 71, 19, 142, 78, 41, 20, 98, 27, 114, 98, 44, 67, 102, 38, 183, 57, 59, 82, 33, 6, 94, 94, 167, 14, 57, 82, 40, 76, 65, 53, 85, 62, 87, 70, 141, 19, 40, 28, 83, 12, 91, 165, 65, 18, 138, 56, 9, 18, 57, 109, 295, 185, 86, 48, 41, 145, 19, 111, 29, 43, 18, 10, 100, 208, 44, 27, 36, 37, 130, 74, 116, 0)
s = 41: (0, 52, 136, 204, 156, 118, 185, 45, 66, 42, 62, 32, 56, 61, 99, 56, 55, 24, 88, 10, 85, 20, 150, 47, 46, 30, 68, 24, 101, 83, 64, 66, 82, 31, 82, 118, 26, 71, 60, 6, 96, 115, 316, 17, 37, 184, 71, 62, 63, 108, 95, 121, 45, 104, 198, 26, 33, 55, 86, 18, 75, 121, 58, 32, 121, 65, 10, 21, 58, 77, 421, 129, 87, 73, 33, 188, 15, 63, 22, 94, 13, 9, 129, 206, 42, 25, 25, 86, 86, 82, 175, 0)
s = 42: (0, 38, 232, 189, 216, 113, 353, 54, 74, 46, 79, 20, 32, 90, 123, 55, 59, 23, 64, 14, 73, 13, 181, 41, 32, 35, 97, 27, 73, 52, 69, 129, 128, 50, 158, 71, 38, 109, 71, 8, 71, 134, 170, 11, 50, 184, 53, 66, 62, 77, 81, 131, 82, 51, 150, 39, 55, 54, 75, 16, 54, 175, 113, 28, 220, 43, 10, 23, 67, 153, 257, 177, 146, 66, 42, 156, 18, 80, 16, 98, 9, 8, 78, 226, 38, 22, 36, 84, 58, 37, 186, 0)
s = 43: (0, 36, 263, 200, 291, 96, 239, 52, 89, 55, 97, 23, 50, 48, 89, 52, 41, 38, 60, 16, 73, 23, 82, 46, 27, 24, 82, 23, 109, 50, 74, 65, 89, 39, 127, 76, 34, 144, 66, 6, 128, 155, 275, 16, 63, 106, 57, 64, 68, 88, 89, 123, 77, 58, 151, 28, 55, 38, 56, 8, 88, 157, 103, 28, 165, 34, 18, 14, 83, 119, 211, 157, 124, 76, 36, 154, 17, 119, 22, 63, 15, 10, 76, 172, 27, 55, 30, 76, 70, 46, 118, 0)
s = 44: (0, 48, 159, 171, 207, 114, 276, 44, 75, 37, 38, 12, 67, 77, 141, 69, 37, 22, 163, 16, 114, 20, 151, 54, 44, 29, 64, 18, 89, 100, 51, 70, 177, 40, 110, 129, 30, 104, 56, 8, 76, 132, 201, 18, 67, 78, 74, 80, 54, 69, 55, 75, 39, 52, 138, 26, 61, 50, 121, 9, 45, 142, 84, 43, 247, 42, 9, 31, 71, 113, 246, 122, 81, 82, 30, 201, 12, 102, 22, 84, 13, 19, 138, 328, 51, 43, 24, 45, 57, 69, 162, 0)
s = 45: (0, 60, 133, 265, 124, 170, 159, 96, 112, 31, 55, 26, 44, 99, 64, 93, 29, 30, 73, 17, 153, 23, 142, 61, 41, 44, 59, 14, 112, 87, 51, 90, 118, 79, 110, 119, 30, 92, 49, 8, 125, 125, 326, 15, 45, 192, 54, 70, 94, 45, 96, 98, 50, 56, 83, 21, 30, 42, 108, 10, 99, 213, 87, 46, 259, 64, 11, 18, 70, 125, 159, 206, 107, 60, 26, 224, 16, 98, 33, 81, 10, 12, 201, 172, 29, 30, 30, 33, 55, 50, 186, 0)
s = 46: (0, 45, 279, 248, 168, 82, 277, 50, 114, 42, 92, 12, 36, 52, 125, 49, 41, 36, 70, 9, 64, 19, 131, 39, 50, 45, 56, 25, 113, 115, 99, 73, 124, 56, 159, 94, 49, 72, 59, 6, 107, 179, 221, 7, 65, 97, 92, 48, 88, 89, 115, 80, 57, 56, 193, 31, 27, 36, 94, 14, 66, 187, 55, 37, 186, 33, 9, 21, 74, 75, 175, 309, 159, 49, 36, 127, 13, 66, 24, 73, 18, 11, 121, 129, 35, 41, 19, 50, 100, 31, 234, 0)
s = 47: (0, 31, 180, 162, 230, 179, 229, 37, 72, 47, 44, 15, 48, 102, 133, 132, 53, 30, 59, 10, 66, 14, 127, 48, 52, 25, 65, 23, 114, 101, 56, 61, 112, 48, 115, 103, 48, 74, 36, 6, 111, 172, 176, 10, 40, 97, 67, 80, 54, 80, 50, 53, 82, 63, 110, 27, 29, 29, 94, 14, 87, 207, 88, 38, 157, 38, 14, 31, 70, 94, 224, 297, 137, 57, 25, 134, 13, 113, 15, 66, 20, 7, 163, 157, 34, 37, 24, 55, 139, 53, 245, 0)
s = 48: (0, 46, 189, 207, 116, 104, 293, 36, 79, 29, 58, 18, 53, 94, 99, 135, 62, 21, 122, 10, 70, 20, 135, 46, 27, 46, 54, 37, 101, 104, 40, 68, 104, 53, 184, 86, 25, 113, 50, 10, 91, 122, 316, 14, 45, 93, 69, 50, 55, 120, 57, 94, 53, 52, 163, 15, 34, 37, 53, 15, 60, 215, 50, 29, 247, 24, 9, 19, 50, 77, 210, 202, 86, 85, 37, 232, 28, 110, 23, 48, 22, 8, 213, 171, 50, 26, 19, 55, 79, 58, 275, 0)
s = 49: (0, 43, 107, 219, 263, 97, 206, 58, 97, 50, 60, 18, 28, 99, 90, 64, 26, 25, 71, 18, 115, 38, 103, 39, 44, 26, 47, 16, 115, 150, 96, 92, 85, 64, 119, 118, 42, 143, 45, 4, 95, 193, 249, 22, 80, 236, 77, 116, 65, 54, 124, 113, 92, 44, 147, 30, 39, 50, 73, 11, 103, 124, 56, 22, 277, 26, 13, 18, 63, 176, 198, 235, 110, 75, 42, 171, 22, 137, 27, 67, 14, 7, 185, 252, 36, 48, 23, 51, 67, 40, 208, 0)
s = 50: (0, 61, 126, 276, 162, 79, 318, 45, 94, 68, 46, 24, 62, 48, 130, 89, 47, 26, 96, 17, 121, 23, 205, 77, 52, 31, 83, 27, 102, 79, 52, 50, 110, 72, 185, 126, 40, 82, 33, 9, 119, 122, 168, 11, 61, 188, 51, 39, 83, 127, 105, 101, 33, 43, 120, 29, 30, 43, 68, 19, 106, 208, 65, 59, 114, 41, 12, 16, 60, 68, 429, 150, 155, 57, 23, 230, 12, 60, 20, 120, 16, 9, 153, 338, 30, 35, 23, 61, 73, 57, 153, 0)
s = 51: (0, 39, 247, 151, 175, 134, 289, 63, 54, 32, 97, 17, 55, 73, 77, 85, 61, 26, 123, 12, 58, 24, 226, 39, 47, 25, 51, 21, 102, 117, 67, 67, 98, 36, 131, 130, 59, 95, 31, 7, 148, 87, 200, 9, 59, 120, 52, 66, 48, 110, 119, 93, 37, 66, 94, 27, 63, 27, 50, 11, 122, 207, 59, 26, 135, 38, 15, 21, 94, 64, 233, 106, 145, 78, 40, 306, 18, 174, 18, 80, 19, 8, 103, 295, 45, 31, 22, 75, 106, 57, 174, 0)
s = 52: (0, 28, 207, 240, 219, 110, 245, 49, 76, 57, 38, 17, 54, 65, 122, 77, 33, 30, 112, 10, 72, 21, 215, 44, 40, 28, 122, 25, 90, 126, 90, 129, 134, 53, 176, 97, 33, 143, 30, 7, 159, 113, 191, 10, 38, 122, 40, 65, 93, 98, 90, 119, 34, 44, 203, 42, 42, 33, 78, 17, 82, 200, 78, 25, 107, 56, 7, 26, 55, 109, 181, 91, 106, 65, 32, 204, 17, 130, 17, 132, 15, 9, 226, 271, 58, 20, 23, 70, 60, 81, 141, 0)
s = 53: (0, 66, 192, 145, 162, 136, 118, 47, 95, 43, 66, 20, 49, 56, 129, 58, 51, 19, 101, 17, 72, 24, 134, 49, 48, 21, 65, 27, 113, 104, 85, 91, 80, 31, 101, 53, 63, 87, 75, 8, 81, 84, 348, 10, 55, 116, 59, 47, 73, 119, 85, 103, 72, 103, 121, 22, 45, 29, 55, 19, 76, 269, 45, 50, 122, 47, 8, 14, 79, 138, 162, 219, 112, 38, 36, 307, 28, 78, 19, 103, 11, 6, 121, 173, 46, 41, 31, 51, 49, 41, 102, 0)
s = 54: (0, 52, 172, 150, 170, 155, 171, 51, 91, 54, 102, 17, 49, 74, 93, 58, 42, 18, 96, 14, 109, 25, 119, 84, 51, 25, 85, 22, 89, 64, 72, 112, 75, 57, 143, 114, 32, 79, 30, 7, 105, 121, 376, 21, 64, 103, 65, 52, 113, 78, 86, 95, 81, 64, 146, 22, 47, 27, 85, 13, 101, 160, 90, 27, 214, 44, 9, 19, 57, 121, 336, 90, 114, 53, 20, 107, 13, 167, 40, 68, 16, 9, 141, 214, 33, 26, 43, 39, 86, 65, 121, 0)
s = 55: (0, 29, 173, 178, 171, 87, 324, 62, 82, 29, 61, 19, 50, 47, 130, 72, 43, 17, 98, 14, 84, 15, 207, 75, 46, 41, 59, 30, 151, 96, 49, 125, 61, 38, 127, 62, 26, 107, 67, 7, 82, 157, 219, 18, 41, 152, 51, 113, 52, 66, 118, 80, 91, 61, 88, 23, 30, 56, 64, 16, 87, 131, 63, 21, 190, 49, 8, 29, 69, 161, 309, 198, 140, 81, 53, 150, 23, 102, 35, 94, 12, 10, 183, 156, 54, 22, 20, 43, 58, 39, 193, 0)
s = 56: (0, 53, 175, 151, 179, 96, 145, 37, 101, 46, 88, 20, 70, 77, 151, 77, 28, 21, 118, 10, 99, 21, 137, 63, 51, 27, 58, 13, 82, 57, 65, 85, 124, 45, 156, 101, 68, 87, 61, 6, 109, 144, 274, 12, 46, 74, 77, 73, 85, 154, 51, 92, 35, 97, 125, 36, 39, 52, 55, 13, 87, 153, 61, 31, 177, 57, 7, 23, 68, 121, 178, 196, 121, 55, 38, 181, 13, 188, 34, 97, 20, 12, 90, 333, 36, 37, 22, 39, 54, 80, 267, 0)
s = 57: (0, 28, 192, 182, 230, 162, 282, 44, 70, 41, 43, 29, 45, 84, 128, 70, 29, 15, 116, 15, 106, 27, 161, 47, 35, 30, 69, 21, 76, 61, 58, 62, 96, 54, 168, 122, 39, 157, 35, 7, 81, 143, 206, 16, 57, 110, 100, 62, 65, 67, 98, 82, 60, 82, 104, 28, 59, 32, 93, 18, 88, 163, 57, 36, 161, 24, 9, 28, 66, 89, 319, 174, 116, 70, 39, 311, 18, 104, 23, 107, 23, 7, 189, 176, 30, 43, 24, 77, 112, 41, 222, 0)
s = 58: (0, 87, 120, 166, 145, 139, 286, 51, 87, 36, 66, 16, 55, 51, 146, 81, 35, 29, 83, 13, 63, 17, 102, 73, 38, 22, 80, 37, 114, 97, 71, 119, 86, 48, 155, 76, 23, 78, 55, 8, 80, 167, 264, 10, 46, 209, 79, 52, 50, 60, 91, 103, 44, 65, 223, 23, 61, 26, 67, 9, 88, 165, 95, 60, 218, 40, 10, 26, 50, 83, 272, 111, 154, 49, 40, 159, 15, 100, 18, 89, 8, 8, 107, 213, 37, 39, 40, 53, 87, 45, 121, 0)
s = 59: (0, 67, 207, 294, 165, 128, 239, 65, 63, 24, 49, 19, 46, 57, 78, 126, 52, 31, 144, 11, 89, 13, 135, 38, 42, 22, 90, 28, 70, 93, 65, 84, 88, 46, 223, 111, 27, 116, 48, 6, 145, 144, 195, 14, 114, 140, 83, 86, 58, 53, 56, 74, 54, 60, 129, 29, 35, 57, 90, 12, 55, 199, 74, 45, 144, 45, 11, 20, 96, 98, 222, 111, 87, 87, 31, 124, 11, 64, 24, 72, 9, 7, 102, 316, 48, 29, 22, 70, 80, 65, 176, 0)
s = 60: (0, 63, 137, 180, 123, 120, 206, 49, 78, 44, 77, 15, 32, 52, 120, 63, 62, 19, 128, 10, 142, 13, 127, 79, 32, 19, 92, 25, 97, 83, 88, 91, 89, 67, 135, 115, 51, 135, 52, 6, 87, 90, 336, 16, 75, 167, 79, 65, 71, 63, 109, 98, 47, 54, 132, 31, 42, 22, 47, 9, 126, 153, 91, 37, 156, 52, 9, 30, 68, 113, 155, 200, 82, 63, 35, 178, 26, 101, 16, 68, 17, 12, 184, 221, 25, 46, 18, 54, 91, 55, 155, 0)
s = 61: (0, 43, 191, 144, 119, 75, 217, 58, 70, 41, 75, 25, 40, 67, 194, 71, 43, 28, 63, 11, 69, 27, 98, 66, 38, 27, 65, 30, 57, 64, 85, 76, 128, 37, 165, 95, 28, 109, 79, 6, 81, 109, 165, 11, 67, 222, 60, 58, 83, 49, 68, 79, 39, 57, 102, 24, 28, 43, 69, 16, 93, 216, 107, 22, 137, 33, 12, 16, 65, 110, 262, 134, 95, 107, 27, 254, 17, 131, 16, 133, 14, 11, 103, 252, 38, 41, 16, 83, 70, 31, 206, 0)
s = 62: (0, 40, 162, 211, 167, 88, 236, 75, 94, 36, 60, 14, 58, 35, 115, 59, 41, 25, 98, 11, 92, 11, 112, 50, 23, 34, 40, 17, 93, 66, 49, 75, 157, 64, 216, 80, 54, 97, 55, 8, 137, 116, 297, 13, 95, 150, 70, 76, 70, 50, 61, 50, 45, 71, 82, 24, 63, 33, 67, 11, 65, 153, 78, 35, 106, 35, 7, 17, 45, 91, 200, 229, 65, 89, 39, 242, 10, 83, 28, 44, 16, 7, 77, 148, 27, 24, 55, 71, 94, 51, 180, 0)
s = 63: (0, 46, 163, 241, 289, 92, 297, 91, 63, 27, 110, 14, 42, 37, 168, 129, 24, 29, 116, 8, 112, 16, 84, 72, 34, 29, 98, 27, 133, 82, 81, 65, 60, 37, 180, 93, 33, 132, 58, 10, 86, 151, 260, 7, 72, 198, 63, 46, 117, 46, 49, 119, 58, 67, 114, 26, 26, 36, 79, 8, 91, 155, 82, 35, 262, 42, 6, 32, 113, 63, 186, 155, 81, 71, 23, 269, 16, 165, 18, 69, 29, 9, 119, 263, 47, 36, 30, 67, 67, 49, 164, 0)
s = 64: (0, 46, 161, 196, 129, 134, 121, 47, 58, 32, 70, 20, 53, 70, 126, 63, 51, 16, 64, 17, 76, 13, 144, 47, 54, 32, 73, 25, 155, 70, 96, 65, 121, 36, 89, 88, 49, 155, 62, 10, 135, 197, 193, 10, 50, 125, 87, 74, 67, 84, 81, 106, 45, 80, 133, 30, 36, 51, 84, 11, 63, 145, 115, 33, 190, 26, 8, 18, 89, 142, 195, 222, 104, 69, 21, 157, 17, 91, 19, 47, 11, 8, 216, 160, 37, 31, 20, 48, 119, 58, 131, 0)
s = 65: (0, 65, 255, 238, 208, 92, 175, 82, 59, 47, 51, 14, 59, 57, 151, 103, 37, 16, 99, 20, 103, 19, 189, 36, 35, 44, 62, 18, 79, 62, 49, 88, 103, 66, 201, 82, 49, 169, 68, 7, 76, 100, 239, 12, 68, 177, 60, 87, 74, 117, 80, 72, 46, 41, 110, 33, 58, 36, 96, 13, 112, 205, 81, 23, 93, 38, 12, 25, 91, 103, 197, 151, 113, 49, 34, 145, 18, 76, 16, 109, 18, 10, 191, 332, 61, 28, 23, 65, 70, 71, 161, 0)
s = 66: (0, 44, 107, 192, 187, 90, 155, 66, 58, 49, 51, 15, 38, 45, 115, 87, 45, 21, 96, 16, 88, 16, 180, 48, 50, 38, 100, 14, 95, 60, 45, 137, 100, 70, 82, 115, 70, 94, 35, 7, 66, 142, 316, 13, 58, 136, 86, 68, 46, 59, 58, 72, 67, 94, 155, 20, 41, 36, 142, 10, 77, 139, 78, 28, 244, 38, 10, 20, 94, 118, 156, 117, 153, 51, 25, 190, 11, 127, 23, 127, 16, 13, 93, 189, 61, 36, 20, 72, 72, 71, 228, 0)
s = 67: (0, 41, 256, 173, 278, 119, 323, 71, 64, 54, 40, 11, 50, 79, 83, 68, 47, 29, 133, 10, 86, 24, 155, 45, 31, 30, 76, 29, 138, 71, 42, 131, 106, 65, 135, 87, 28, 106, 54, 9, 98, 145, 315, 7, 55, 105, 61, 76, 53, 100, 95, 69, 36, 56, 144, 25, 33, 55, 94, 15, 84, 176, 74, 40, 217, 34, 8, 24, 75, 133, 244, 221, 103, 66, 19, 146, 11, 143, 23, 94, 11, 11, 111, 192, 44, 40, 18, 71, 79, 56, 128, 0)
s = 68: (0, 28, 155, 145, 341, 139, 248, 67, 62, 52, 48, 15, 67, 64, 98, 95, 60, 36, 120, 9, 63, 18, 187, 60, 65, 28, 59, 17, 83, 100, 105, 50, 123, 49, 115, 94, 46, 115, 36, 6, 95, 125, 242, 13, 62, 117, 100, 94, 78, 96, 84, 64, 34, 64, 130, 19, 34, 39, 45, 11, 89, 116, 74, 33, 132, 47, 8, 33, 58, 126, 244, 169, 68, 77, 20, 148, 12, 87, 21, 106, 22, 13, 100, 108, 42, 38, 17, 61, 118, 97, 132, 0)
s = 69: (0, 63, 167, 131, 196, 84, 243, 47, 72, 53, 53, 24, 73, 47, 129, 81, 57, 29, 106, 15, 74, 20, 138, 53, 38, 30, 102, 24, 120, 97, 42, 141, 102, 32, 155, 105, 35, 70, 41, 6, 104, 230, 299, 18, 61, 115, 43, 99, 121, 96, 80, 62, 71, 52, 129, 19, 52, 58, 62, 14, 61, 224, 67, 33, 250, 30, 6, 25, 99, 117, 331, 96, 107, 38, 35, 172, 23, 133, 20, 124, 19, 11, 116, 209, 46, 30, 19, 76, 104, 42, 254, 0)
s = 70: (0, 38, 118, 251, 112, 125, 227, 86, 52, 49, 114, 19, 45, 56, 100, 84, 70, 18, 119, 16, 56, 12, 151, 60, 33, 22, 73, 18, 72, 51, 63, 98, 86, 67, 101, 121, 42, 115, 42, 4, 139, 133, 200, 12, 67, 122, 57, 60, 70, 47, 72, 113, 74, 96, 100, 28, 49, 54, 74, 15, 78, 169, 68, 27, 153, 59, 15, 38, 69, 183, 225, 193, 181, 63, 30, 175, 15, 106, 12, 61, 15, 13, 158, 209, 37, 34, 26, 69, 119, 53, 104, 0)
s = 71: (0, 43, 266, 188, 244, 125, 207, 34, 67, 53, 66, 22, 55, 66, 98, 69, 44, 38, 107, 13, 110, 20, 133, 55, 38, 29, 67, 24, 80, 110, 43, 112, 72, 33, 147, 120, 27, 141, 39, 6, 126, 118, 263, 14, 35, 95, 65, 62, 110, 69, 68, 67, 43, 69, 111, 21, 45, 37, 90, 18, 105, 126, 74, 31, 180, 35, 10, 22, 72, 122, 181, 169, 100, 37, 21, 269, 19, 94, 18, 125, 17, 12, 154, 200, 39, 29, 24, 28, 58, 36, 184, 0)
s = 72: (0, 40, 179, 252, 133, 111, 182, 71, 49, 28, 81, 12, 64, 67, 112, 89, 43, 37, 58, 11, 126, 22, 158, 61, 24, 30, 92, 21, 61, 116, 44, 100, 74, 48, 204, 91, 45, 88, 37, 6, 91, 168, 248, 14, 87, 190, 64, 107, 78, 64, 132, 88, 51, 68, 173, 20, 65, 39, 92, 18, 123, 179, 124, 23, 248, 28, 14, 16, 84, 138, 417, 185, 116, 55, 34, 103, 18, 103, 15, 66, 17, 11, 151, 129, 49, 47, 44, 51, 97, 40, 179, 0)
s = 73: (0, 79, 109, 195, 123, 67, 182, 49, 74, 81, 64, 29, 37, 80, 87, 48, 43, 39, 73, 12, 101, 19, 185, 56, 45, 37, 100, 18, 129, 81, 99, 108, 97, 40, 111, 81, 34, 173, 42, 5, 85, 166, 236, 16, 89, 170, 87, 106, 74, 51, 70, 46, 69, 88, 143, 22, 37, 40, 84, 10, 106, 221, 45, 34, 192, 34, 7, 21, 104, 132, 290, 132, 116, 63, 33, 240, 20, 100, 14, 83, 18, 8, 208, 223, 37, 37, 33, 44, 87, 33, 241, 0)
s = 74: (0, 25, 177, 228, 161, 153, 193, 43, 91, 29, 97, 21, 48, 63, 122, 110, 54, 34, 66, 12, 75, 13, 99, 76, 43, 31, 90, 28, 100, 73, 85, 90, 140, 33, 198, 72, 23, 171, 69, 6, 123, 142, 218, 16, 77, 118, 53, 59, 106, 93, 63, 87, 53, 70, 146, 20, 36, 49, 123, 9, 110, 235, 72, 25, 173, 56, 8, 19, 69, 125, 226, 225, 141, 59, 28, 198, 17, 73, 21, 89, 12, 10, 138, 168, 44, 22, 26, 37, 109, 57, 113, 0)
s = 75: (0, 35, 168, 212, 190, 137, 240, 46, 61, 50, 59, 17, 67, 101, 135, 80, 41, 21, 56, 8, 107, 28, 150, 47, 35, 39, 70, 21, 53, 78, 66, 64, 85, 47, 168, 74, 24, 87, 76, 4, 109, 153, 266, 12, 60, 106, 48, 73, 91, 122, 84, 61, 97, 54, 135, 30, 31, 54, 62, 15, 94, 167, 63, 25, 186, 43, 10, 31, 48, 68, 193, 257, 132, 57, 32, 164, 19, 110, 13, 70, 17, 15, 102, 246, 42, 43, 24, 38, 174, 36, 148, 0)
s = 76: (0, 41, 266, 260, 160, 76, 220, 61, 80, 58, 61, 19, 47, 49, 115, 42, 29, 26, 137, 9, 77, 39, 120, 41, 42, 39, 56, 17, 166, 76, 87, 145, 140, 47, 108, 130, 33, 103, 61, 6, 65, 117, 295, 10, 72, 194, 75, 64, 68, 65, 81, 111, 51, 97, 109, 28, 57, 49, 66, 14, 115, 273, 74, 29, 190, 57, 6, 20, 81, 106, 136, 140, 71, 44, 36, 170, 13, 109, 18, 45, 11, 6, 184, 309, 51, 23, 32, 54, 96, 42, 276, 0)
s = 77: (0, 33, 137, 255, 217, 118, 110, 62, 71, 55, 38, 17, 50, 39, 132, 88, 35, 27, 91, 14, 71, 17, 146, 87, 56, 29, 82, 26, 63, 153, 65, 75, 100, 44, 175, 95, 39, 147, 62, 6, 145, 130, 320, 7, 55, 128, 92, 66, 73, 65, 116, 68, 48, 49, 116, 29, 51, 63, 98, 11, 73, 255, 99, 40, 187, 49, 7, 14, 64, 98, 324, 140, 153, 80, 21, 126, 20, 113, 24, 85, 16, 9, 170, 314, 36, 24, 28, 52, 73, 59, 131, 0)
s = 78: (0, 67, 175, 205, 340, 82, 335, 52, 96, 52, 70, 17, 68, 61, 135, 69, 32, 29, 85, 14, 129, 19, 89, 67, 28, 33, 75, 21, 121, 55, 112, 80, 119, 31, 167, 126, 43, 100, 56, 4, 62, 118, 203, 14, 63, 128, 50, 53, 98, 102, 60, 59, 39, 55, 132, 18, 46, 34, 81, 12, 64, 123, 73, 27, 183, 26, 8, 45, 94, 91, 171, 164, 132, 66, 41, 222, 20, 67, 22, 49, 19, 9, 95, 183, 42, 38, 19, 31, 120, 53, 224, 0)
s = 79: (0, 57, 164, 215, 156, 87, 172, 40, 44, 30, 63, 17, 69, 135, 130, 116, 32, 35, 99, 14, 73, 17, 217, 55, 29, 44, 79, 30, 111, 96, 66, 137, 87, 48, 188, 86, 26, 102, 79, 6, 66, 96, 232, 7, 75, 122, 50, 75, 117, 60, 60, 115, 75, 57, 141, 25, 50, 56, 93, 10, 92, 150, 80, 41, 134, 36, 11, 27, 88, 88, 233, 156, 131, 60, 31, 132, 14, 105, 16, 112, 18, 9, 203, 251, 32, 24, 25, 35, 87, 31, 98, 0)
s = 80: (0, 43, 212, 159, 295, 65, 247, 33, 55, 46, 63, 13, 33, 57, 87, 85, 30, 41, 69, 13, 97, 16, 184, 88, 33, 41, 76, 20, 68, 102, 85, 74, 83, 60, 155, 66, 30, 87, 67, 8, 119, 201, 158, 18, 48, 162, 81, 68, 110, 88, 105, 81, 54, 60, 110, 20, 81, 31, 63, 12, 98, 164, 64, 49, 186, 35, 7, 15, 98, 93, 315, 164, 74, 111, 19, 185, 13, 76, 23, 50, 15, 13, 171, 236, 43, 44, 22, 58, 64, 37, 186, 0)
s = 81: (0, 47, 198, 117, 216, 93, 224, 94, 94, 30, 53, 16, 39, 99, 93, 70, 24, 23, 74, 14, 50, 22, 91, 39, 33, 42, 57, 22, 114, 87, 63, 148, 78, 38, 183, 124, 38, 112, 39, 7, 92, 151, 304, 10, 50, 142, 72, 103, 51, 110, 96, 84, 54, 43, 122, 23, 46, 45, 74, 14, 108, 160, 69, 22, 128, 61, 10, 29, 77, 141, 256, 112, 151, 61, 33, 103, 12, 56, 20, 60, 17, 8, 126, 151, 44, 52, 20, 70, 105, 46, 187, 0)
s = 82: (0, 32, 162, 170, 255, 132, 157, 52, 49, 38, 45, 14, 45, 108, 201, 95, 45, 18, 65, 9, 108, 25, 176, 65, 43, 19, 129, 23, 86, 85, 61, 127, 70, 60, 123, 62, 44, 172, 57, 9, 83, 130, 173, 14, 46, 81, 57, 89, 70, 91, 49, 79, 63, 39, 140, 30, 38, 51, 95, 13, 55, 197, 51, 33, 171, 40, 7, 21, 38, 102, 265, 149, 72, 79, 43, 158, 15, 97, 40, 108, 12, 14, 73, 264, 37, 54, 19, 47, 62, 69, 123, 0)
s = 83: (0, 59, 164, 217, 212, 160, 211, 48, 102, 59, 46, 14, 51, 51, 160, 103, 35, 35, 115, 12, 79, 25, 169, 52, 49, 27, 125, 27, 114, 81, 47, 82, 105, 68, 96, 151, 52, 113, 83, 6, 87, 84, 221, 9, 70, 159, 35, 112, 108, 75, 56, 66, 45, 73, 135, 22, 54, 60, 62, 12, 91, 160, 85, 30, 175, 44, 7, 25, 53, 71, 247, 188, 111, 61, 41, 208, 12, 76, 14, 73, 17, 8, 140, 222, 29, 34, 30, 51, 73, 55, 201, 0)
s = 84: (0, 51, 174, 337, 188, 178, 180, 93, 79, 26, 46, 12, 37, 56, 95, 48, 24, 50, 122, 10, 96, 19, 220, 32, 39, 35, 52, 27, 97, 90, 58, 105, 61, 46, 129, 84, 25, 79, 49, 5, 61, 146, 204, 13, 44, 105, 92, 108, 70, 92, 86, 59, 47, 57, 146, 15, 35, 23, 65, 14, 72, 176, 89, 30, 159, 43, 9, 48, 86, 129, 164, 259, 122, 72, 23, 140, 10, 121, 15, 82, 9, 13, 159, 240, 52, 38, 26, 62, 125, 55, 110, 0)
s = 85: (0, 57, 176, 236, 182, 141, 237, 34, 62, 51, 57, 19, 36, 53, 110, 66, 34, 21, 89, 16, 100, 23, 175, 40, 32, 31, 89, 28, 163, 79, 61, 77, 103, 52, 124, 61, 42, 131, 49, 5, 91, 133, 250, 13, 43, 184, 51, 77, 101, 67, 47, 85, 34, 80, 82, 21, 62, 45, 63, 14, 149, 128, 79, 52, 147, 70, 15, 25, 117, 147, 140, 161, 155, 43, 30, 203, 18, 114, 14, 89, 9, 6, 143, 274, 54, 38, 29, 61, 81, 84, 152, 0)
s = 86: (0, 38, 181, 218, 154, 114, 198, 51, 101, 43, 66, 18, 52, 111, 153, 86, 35, 38, 97, 14, 115, 18, 170, 53, 54, 26, 81, 23, 105, 90, 85, 62, 93, 47, 175, 140, 55, 171, 49, 6, 119, 116, 206, 11, 102, 93, 74, 57, 69, 98, 90, 67, 54, 97, 118, 19, 29, 36, 116, 18, 55, 178, 87, 26, 144, 33, 11, 29, 61, 112, 151, 156, 170, 90, 29, 173, 12, 61, 25, 82, 13, 15, 209, 121, 25, 30, 25, 76, 119, 107, 206, 0)
s = 87: (0, 37, 156, 173, 143, 82, 179, 82, 112, 51, 64, 13, 34, 65, 125, 122, 48, 26, 104, 9, 65, 20, 144, 69, 47, 27, 67, 16, 77, 54, 73, 69, 156, 54, 170, 64, 38, 77, 46, 7, 116, 171, 240, 13, 58, 73, 82, 71, 59, 103, 108, 76, 57, 83, 148, 43, 42, 21, 54, 11, 92, 153, 61, 52, 232, 62, 11, 26, 55, 117, 300, 169, 126, 50, 24, 149, 12, 83, 12, 96, 14, 11, 175, 123, 33, 24, 28, 53, 64, 77, 156, 0)
s = 88: (0, 25, 184, 305, 240, 113, 175, 57, 72, 30, 61, 15, 53, 67, 114, 99, 37, 19, 119, 14, 58, 16, 126, 82, 34, 27, 59, 33, 75, 96, 97, 78, 97, 46, 118, 84, 50, 76, 64, 7, 71, 255, 184, 12, 56, 93, 58, 95, 88, 93, 45, 108, 68, 66, 192, 33, 59, 36, 63, 11, 72, 190, 82, 25, 123, 25, 8, 28, 125, 105, 395, 180, 108, 55, 32, 324, 13, 99, 19, 117, 16, 9, 162, 157, 24, 39, 30, 55, 54, 78, 203, 0)
s = 89: (0, 44, 290, 326, 158, 91, 155, 72, 71, 32, 54, 13, 52, 112, 143, 97, 57, 24, 115, 15, 127, 21, 136, 47, 35, 32, 112, 26, 90, 98, 79, 86, 84, 26, 185, 99, 39, 123, 30, 5, 73, 100, 357, 10, 48, 122, 128, 59, 115, 91, 86, 105, 39, 69, 158, 28, 33, 52, 100, 12, 88, 165, 49, 36, 200, 33, 11, 20, 62, 83, 252, 244, 90, 61, 38, 207, 12, 170, 21, 51, 10, 12, 190, 149, 45, 21, 26, 72, 86, 78, 123, 0)
s = 90: (0, 51, 238, 342, 249, 102, 121, 72, 65, 31, 62, 23, 33, 54, 112, 74, 31, 30, 116, 10, 112, 23, 147, 58, 40, 47, 91, 36, 102, 70, 68, 60, 60, 62, 133, 74, 37, 96, 44, 4, 114, 130, 261, 11, 83, 205, 72, 46, 97, 120, 65, 60, 57, 79, 152, 32, 61, 31, 97, 13, 84, 237, 82, 43, 156, 29, 8, 36, 64, 96, 307, 232, 135, 35, 28, 159, 20, 130, 18, 56, 26, 10, 124, 256, 46, 41, 22, 43, 104, 73, 114, 0)
s = 91: (0, 43, 192, 335, 188, 123, 177, 47, 60, 39, 99, 18, 41, 58, 171, 49, 57, 40, 84, 15, 91, 18, 148, 71, 50, 27, 71, 15, 160, 105, 62, 66, 93, 47, 146, 83, 40, 114, 51, 6, 111, 214, 271, 11, 52, 149, 56, 97, 76, 96, 64, 51, 47, 58, 184, 29, 34, 25, 81, 13, 128, 107, 92, 27, 205, 40, 10, 19, 46, 111, 180, 166, 131, 47, 18, 171, 10, 162, 24, 66, 18, 11, 149, 391, 26, 32, 38, 51, 67, 49, 171, 0)
s = 92: (0, 25, 99, 178, 227, 96, 287, 45, 63, 32, 101, 17, 56, 59, 73, 58, 43, 29, 84, 14, 60, 22, 107, 71, 42, 23, 67, 17, 109, 62, 84, 60, 155, 39, 94, 77, 52, 113, 35, 5, 131, 108, 177, 10, 79, 101, 109, 103, 70, 58, 57, 105, 58, 76, 243, 33, 31, 57, 56, 12, 90, 162, 49, 27, 113, 50, 11, 25, 63, 165, 373, 115, 94, 75, 38, 233, 15, 162, 22, 70, 17, 16, 146, 218, 49, 47, 26, 62, 92, 97, 125, 0)
s = 93: (0, 70, 161, 216, 191, 117, 198, 37, 76, 51, 48, 19, 61, 95, 96, 68, 32, 20, 101, 15, 94, 23, 183, 49, 40, 19, 84, 34, 53, 55, 83, 121, 87, 63, 161, 68, 37, 139, 48, 11, 127, 111, 324, 10, 41, 106, 44, 58, 98, 84, 70, 102, 56, 77, 181, 25, 25, 33, 68, 12, 81, 239, 85, 32, 155, 32, 8, 28, 83, 153, 458, 112, 86, 56, 38, 176, 16, 103, 19, 80, 16, 12, 172, 140, 70, 38, 38, 46, 65, 41, 106, 0)
s = 94: (0, 61, 233, 159, 127, 101, 138, 47, 68, 31, 39, 17, 46, 55, 93, 46, 43, 36, 111, 10, 80, 25, 108, 55, 26, 44, 67, 23, 50, 111, 63, 77, 137, 51, 187, 100, 64, 93, 58, 4, 93, 82, 230, 9, 75, 184, 48, 64, 73, 75, 74, 107, 68, 131, 95, 23, 54, 38, 60, 11, 68, 173, 81, 35, 189, 57, 8, 21, 80, 138, 171, 249, 87, 40, 31, 160, 16, 91, 15, 79, 15, 12, 175, 174, 28, 27, 22, 69, 129, 40, 159, 0)
s = 95: (0, 55, 172, 194, 218, 56, 167, 88, 89, 35, 68, 14, 56, 52, 100, 103, 31, 30, 90, 13, 115, 20, 202, 72, 46, 40, 74, 25, 68, 57, 69, 142, 134, 50, 120, 111, 33, 145, 58, 6, 128, 160, 310, 19, 48, 103, 92, 44, 77, 103, 48, 168, 43, 69, 99, 26, 40, 51, 72, 10, 89, 181, 59, 35, 186, 54, 11, 38, 63, 156, 296, 219, 81, 84, 46, 150, 21, 132, 27, 45, 17, 11, 183, 394, 53, 34, 34, 39, 72, 61, 209, 0)
s = 96: (0, 42, 246, 241, 203, 102, 173, 79, 72, 59, 38, 20, 41, 63, 133, 49, 32, 24, 112, 15, 119, 26, 90, 59, 47, 43, 78, 40, 116, 138, 69, 123, 80, 53, 179, 99, 29, 68, 53, 5, 115, 147, 188, 16, 57, 107, 55, 113, 92, 66, 64, 100, 52, 60, 137, 38, 35, 26, 71, 16, 106, 256, 46, 40, 156, 52, 6, 20, 42, 171, 141, 154, 119, 116, 42, 283, 12, 159, 18, 107, 11, 8, 207, 250, 41, 47, 31, 88, 71, 55, 198, 0)
s = 97: (0, 70, 216, 231, 220, 150, 218, 57, 75, 54, 62, 17, 44, 43, 150, 74, 34, 21, 50, 10, 94, 24, 135, 97, 34, 29, 45, 27, 55, 63, 99, 61, 135, 36, 146, 181, 55, 109, 52, 6, 70, 108, 427, 8, 40, 136, 96, 80, 82, 100, 68, 65, 38, 61, 160, 32, 42, 49, 82, 13, 105, 170, 127, 40, 159, 59, 15, 17, 91, 127, 165, 257, 156, 40, 31, 185, 13, 64, 29, 66, 15, 8, 144, 141, 38, 22, 22, 30, 70, 42, 239, 0)
s = 98: (0, 34, 237, 162, 230, 113, 148, 37, 87, 53, 38, 15, 35, 71, 126, 90, 36, 24, 122, 8, 120, 22, 163, 77, 48, 24, 60, 27, 93, 99, 45, 99, 119, 71, 142, 106, 61, 104, 32, 7, 108, 150, 316, 9, 67, 99, 57, 60, 79, 56, 84, 161, 53, 79, 104, 29, 31, 40, 74, 11, 70, 183, 78, 37, 178, 29, 15, 15, 45, 88, 183, 147, 117, 106, 37, 150, 18, 106, 28, 63, 15, 8, 93, 213, 29, 19, 26, 39, 90, 32, 146, 0)
s = 99: (0, 64, 250, 126, 110, 162, 282, 82, 54, 54, 59, 17, 38, 43, 99, 52, 62, 21, 67, 11, 136, 21, 176, 95, 39, 29, 61, 27, 134, 76, 97, 63, 95, 38, 180, 95, 41, 122, 74, 8, 67, 113, 289, 11, 86, 191, 62, 105, 66, 80, 59, 85, 41, 54, 152, 23, 33, 33, 98, 18, 71, 269, 66, 31, 175, 38, 7, 21, 58, 110, 165, 120, 133, 78, 27, 300, 25, 108, 16, 116, 18, 18, 106, 123, 36, 31, 23, 33, 52, 72, 109, 0)
s = 100: (0, 68, 186, 242, 259, 117, 155, 55, 77, 43, 69, 22, 39, 110, 71, 115, 58, 20, 101, 13, 109, 21, 202, 80, 40, 37, 69, 26, 137, 58, 59, 70, 105, 28, 134, 75, 54, 135, 69, 9, 160, 144, 375, 8, 66, 104, 47, 45, 70, 92, 54, 157, 47, 62, 97, 20, 48, 56, 59, 12, 47, 231, 101, 27, 204, 32, 7, 17, 67, 123, 165, 198, 118, 60, 38, 223, 16, 118, 34, 74, 16, 7, 146, 242, 37, 59, 21, 55, 60, 89, 151, 0)
s = 101: (0, 50, 134, 193, 309, 101, 172, 58, 89, 47, 92, 29, 38, 68, 83, 70, 34, 40, 98, 14, 106, 19, 102, 44, 47, 24, 98, 24, 102, 104, 37, 112, 82, 77, 195, 127, 29, 148, 60, 6, 174, 165, 192, 11, 42, 128, 78, 93, 88, 95, 55, 79, 62, 76, 123, 20, 73, 33, 96, 12, 59, 187, 75, 31, 149, 41, 6, 18, 73, 172, 154, 168, 76, 53, 33, 189, 24, 134, 27, 93, 20, 6, 209, 159, 33, 39, 24, 83, 85, 69, 207, 0)
s = 102: (0, 57, 189, 325, 286, 86, 198, 45, 63, 48, 81, 27, 40, 49, 88, 76, 54, 38, 52, 12, 91, 24, 120, 66, 28, 46, 55, 27, 60, 83, 60, 79, 101, 57, 122, 112, 31, 105, 40, 5, 113, 181, 343, 13, 68, 122, 49, 47, 57, 127, 65, 72, 36, 51, 99, 37, 33, 42, 98, 17, 65, 151, 103, 25, 176, 50, 8, 20, 122, 161, 233, 181, 104, 95, 19, 217, 17, 83, 19, 90, 13, 13, 109, 141, 33, 21, 34, 53, 85, 35, 183, 0)
s = 103: (0, 27, 156, 284, 170, 81, 259, 66, 98, 30, 54, 25, 54, 68, 110, 52, 29, 26, 62, 13, 74, 15, 133, 72, 30, 40, 89, 35, 84, 99, 101, 96, 105, 64, 196, 117, 28, 116, 36, 7, 80, 148, 343, 15, 95, 128, 98, 95, 92, 49, 103, 162, 52, 68, 210, 22, 46, 25, 73, 17, 81, 177, 121, 60, 139, 35, 6, 23, 70, 84, 205, 131, 115, 48, 41, 210, 21, 116, 16, 75, 18, 8, 146, 190, 36, 33, 18, 88, 70, 45, 219, 0)
s = 104: (0, 44, 175, 225, 137, 118, 264, 88, 64, 25, 51, 15, 38, 70, 131, 89, 53, 26, 111, 9, 105, 25, 134, 50, 35, 21, 110, 20, 108, 98, 57, 82, 111, 34, 77, 57, 38, 67, 36, 5, 136, 185, 223, 12, 53, 86, 76, 87, 63, 62, 55, 83, 65, 82, 78, 24, 38, 49, 93, 14, 119, 184, 81, 26, 190, 51, 12, 38, 45, 100, 227, 108, 102, 34, 38, 181, 14, 65, 24, 55, 22, 7, 125, 261, 45, 23, 23, 64, 118, 42, 152, 0)
s = 105: (0, 53, 129, 245, 115, 70, 218, 56, 56, 55, 96, 16, 46, 72, 166, 59, 31, 48, 88, 14, 131, 22, 122, 36, 71, 28, 65, 33, 70, 152, 50, 86, 148, 42, 91, 57, 42, 152, 54, 6, 82, 113, 263, 16, 66, 168, 77, 97, 116, 111, 71, 90, 72, 44, 218, 28, 53, 46, 102, 9, 56, 129, 99, 25, 211, 30, 16, 31, 102, 106, 191, 118, 118, 70, 30, 145, 11, 57, 32, 46, 18, 12, 139, 210, 41, 20, 20, 88, 63, 76, 217, 0)
s = 106: (0, 48, 203, 284, 179, 178, 135, 56, 45, 37, 74, 16, 68, 64, 66, 57, 41, 26, 102, 10, 89, 30, 174, 69, 45, 20, 103, 37, 63, 72, 59, 92, 106, 50, 112, 108, 36, 170, 65, 5, 127, 174, 195, 16, 57, 108, 50, 85, 61, 93, 40, 69, 33, 56, 134, 19, 82, 30, 52, 22, 52, 212, 75, 23, 308, 41, 9, 18, 63, 122, 242, 181, 91, 80, 35, 298, 12, 85, 17, 139, 19, 11, 145, 138, 27, 40, 26, 49, 122, 83, 205, 0)
s = 107: (0, 61, 212, 238, 255, 78, 162, 73, 78, 36, 60, 12, 36, 51, 87, 52, 36, 29, 100, 8, 169, 21, 162, 51, 31, 25, 88, 33, 103, 55, 78, 93, 73, 75, 185, 193, 31, 107, 38, 11, 103, 115, 374, 12, 71, 150, 40, 103, 95, 138, 75, 90, 62, 58, 100, 28, 51, 36, 69, 8, 51, 115, 64, 39, 212, 33, 7, 17, 50, 131, 409, 159, 95, 85, 31, 124, 19, 81, 16, 55, 17, 8, 125, 170, 32, 27, 27, 85, 79, 51, 171, 0)
s = 108: (0, 38, 273, 362, 171, 125, 344, 46, 56, 28, 87, 25, 36, 83, 137, 59, 34, 25, 95, 13, 129, 20, 94, 37, 24, 26, 77, 22, 104, 53, 83, 68, 155, 71, 137, 107, 62, 102, 84, 6, 148, 119, 222, 18, 56, 83, 66, 72, 57, 52, 64, 68, 47, 47, 108, 28, 38, 31, 107, 14, 57, 197, 100, 28, 225, 44, 10, 22, 97, 77, 226, 296, 78, 41, 27, 303, 11, 63, 17, 57, 21, 8, 75, 168, 43, 33, 30, 60, 112, 53, 235, 0)
s = 109: (0, 40, 143, 185, 134, 112, 200, 92, 109, 28, 41, 17, 38, 44, 106, 69, 32, 20, 90, 9, 84, 11, 133, 58, 30, 30, 95, 23, 86, 68, 42, 93, 86, 58, 89, 100, 41, 102, 61, 5, 99, 96, 274, 17, 50, 146, 117, 118, 62, 113, 84, 101, 68, 62, 188, 25, 49, 39, 46, 16, 61, 185, 47, 29, 108, 29, 6, 26, 86, 163, 240, 94, 106, 54, 41, 205, 15, 73, 14, 97, 14, 11, 115, 124, 55, 28, 23, 38, 111, 65, 171, 0)
s = 110: (0, 55, 161, 118, 134, 175, 116, 52, 61, 40, 65, 15, 53, 70, 141, 65, 36, 29, 136, 8, 51, 20, 164, 45, 46, 41, 42, 26, 70, 111, 99, 118, 102, 39, 157, 125, 56, 148, 66, 6, 95, 125, 283, 8, 43, 139, 50, 66, 58, 66, 53, 86, 92, 77, 85, 21, 56, 36, 68, 16, 69, 257, 107, 35, 184, 31, 9, 19, 84, 204, 291, 137, 81, 62, 22, 173, 13, 115, 18, 42, 13, 8, 152, 207, 50, 53, 28, 69, 55, 35, 182, 0)
s = 111: (0, 31, 123, 167, 169, 88, 216, 32, 77, 36, 70, 21, 58, 56, 94, 53, 36, 31, 144, 12, 104, 23, 127, 50, 32, 28, 46, 31, 88, 107, 63, 91, 68, 34, 121, 138, 63, 140, 41, 4, 106, 114, 316, 16, 70, 115, 61, 81, 100, 63, 58, 62, 34, 79, 184, 25, 41, 52, 115, 16, 57, 171, 74, 34, 144, 51, 12, 19, 83, 69, 265, 205, 97, 68, 38, 180, 20, 140, 23, 81, 23, 8, 162, 232, 21, 29, 30, 39, 91, 38, 288, 0)
s = 112: (0, 66, 135, 241, 194, 90, 190, 42, 60, 51, 60, 12, 83, 66, 75, 108, 43, 20, 96, 18, 122, 16, 118, 88, 61, 23, 112, 33, 70, 54, 59, 124, 79, 32, 89, 106, 43, 85, 44, 6, 96, 95, 373, 13, 55, 150, 55, 102, 57, 107, 68, 64, 49, 79, 174, 35, 66, 23, 71, 12, 58, 114, 81, 23, 179, 29, 8, 28, 62, 122, 149, 130, 119, 41, 43, 267, 18, 116, 18, 134, 15, 7, 139, 158, 51, 32, 29, 40, 82, 43, 201, 0)
s = 113: (0, 48, 265, 254, 277, 123, 197, 75, 109, 35, 56, 17, 59, 91, 93, 61, 51, 40, 83, 18, 95, 21, 97, 56, 30, 27, 73, 23, 67, 97, 42, 59, 88, 67, 236, 74, 30, 102, 74, 5, 70, 163, 170, 9, 53, 155, 69, 72, 75, 86, 111, 85, 51, 104, 133, 28, 37, 56, 82, 16, 45, 240, 101, 46, 165, 34, 8, 25, 42, 141, 149, 167, 109, 61, 23, 143, 17, 130, 19, 81, 17, 16, 124, 276, 39, 40, 39, 36, 55, 47, 205, 0)
s = 114: (0, 59, 195, 252, 151, 143, 236, 65, 59, 36, 43, 23, 28, 121, 146, 74, 24, 23, 85, 11, 68, 28, 86, 45, 41, 32, 44, 20, 140, 98, 94, 98, 74, 51, 109, 98, 38, 85, 51, 9, 58, 137, 192, 20, 78, 119, 84, 74, 66, 141, 71, 69, 32, 66, 123, 17, 35, 48, 122, 10, 100, 224, 101, 30, 150, 27, 8, 24, 108, 102, 248, 246, 138, 41, 23, 165, 12, 115, 26, 60, 19, 15, 127, 175, 23, 33, 18, 64, 78, 49, 117, 0)
s = 115: (0, 35, 129, 223, 144, 106, 282, 73, 91, 51, 68, 22, 53, 60, 95, 76, 44, 26, 93, 19, 83, 18, 127, 72, 35, 47, 50, 17, 80, 91, 61, 87, 89, 28, 89, 117, 39, 85, 60, 6, 136, 141, 382, 10, 51, 92, 82, 60, 70, 126, 72, 101, 55, 55, 177, 37, 40, 57, 81, 15, 68, 225, 74, 25, 259, 40, 9, 18, 68, 163, 284, 207, 108, 77, 30, 136, 10, 113, 28, 53, 16, 14, 120, 252, 25, 38, 30, 80, 105, 48, 94, 0)
s = 116: (0, 83, 213, 322, 136, 86, 297, 77, 100, 33, 38, 25, 85, 103, 70, 85, 51, 21, 75, 8, 87, 27, 90, 68, 44, 48, 67, 29, 68, 75, 62, 125, 136, 65, 208, 74, 26, 119, 33, 7, 89, 115, 159, 9, 55, 116, 42, 63, 85, 82, 74, 64, 45, 71, 189, 33, 75, 42, 117, 13, 96, 118, 74, 35, 153, 28, 7, 29, 52, 78, 247, 130, 67, 44, 41, 206, 14, 124, 27, 43, 19, 8, 151, 208, 42, 21, 27, 67, 96, 34, 149, 0)
s = 117: (0, 42, 196, 175, 159, 163, 339, 42, 96, 30, 58, 24, 88, 46, 165, 91, 36, 21, 147, 18, 115, 12, 113, 39, 44, 25, 131, 14, 63, 92, 71, 147, 99, 38, 100, 103, 47, 85, 87, 7, 156, 115, 377, 14, 55, 109, 57, 57, 60, 88, 68, 97, 33, 52, 133, 43, 50, 42, 84, 14, 86, 252, 83, 21, 219, 42, 11, 26, 78, 100, 274, 165, 86, 94, 43, 307, 13, 98, 24, 83, 9, 11, 70, 143, 29, 30, 36, 66, 84, 45, 212, 0)
s = 118: (0, 68, 139, 134, 161, 101, 231, 58, 59, 31, 70, 17, 48, 90, 180, 73, 34, 35, 90, 12, 155, 17, 163, 46, 56, 26, 71, 19, 89, 112, 62, 55, 105, 65, 111, 102, 33, 74, 34, 8, 69, 98, 287, 10, 50, 170, 103, 92, 109, 72, 79, 97, 40, 50, 105, 24, 61, 31, 132, 11, 74, 214, 91, 26, 125, 32, 10, 16, 59, 95, 129, 137, 112, 63, 41, 264, 13, 68, 28, 49, 14, 7, 148, 261, 44, 28, 24, 73, 62, 96, 195, 0)
s = 119: (0, 58, 298, 244, 148, 123, 154, 56, 97, 29, 66, 24, 46, 94, 110, 85, 46, 35, 154, 9, 103, 14, 240, 73, 49, 23, 77, 24, 68, 110, 93, 83, 70, 37, 174, 141, 42, 125, 40, 7, 121, 133, 354, 8, 75, 199, 81, 54, 119, 63, 63, 101, 45, 54, 144, 34, 42, 42, 105, 9, 79, 260, 66, 44, 161, 28, 9, 16, 61, 80, 241, 152, 105, 62, 28, 257, 24, 84, 28, 72, 20, 10, 130, 155, 36, 24, 27, 54, 76, 37, 127, 0)
s = 120: (0, 58, 235, 185, 114, 80, 141, 57, 53, 40, 53, 18, 44, 44, 140, 126, 44, 20, 81, 14, 66, 14, 108, 89, 41, 30, 85, 20, 82, 92, 62, 74, 83, 50, 110, 133, 45, 103, 32, 6, 90, 95, 323, 10, 44, 130, 42, 113, 91, 128, 95, 66, 33, 47, 180, 16, 31, 58, 69, 18, 95, 122, 68, 33, 212, 41, 9, 16, 120, 115, 252, 90, 82, 71, 22, 145, 19, 72, 16, 55, 23, 16, 146, 281, 37, 27, 21, 56, 116, 49, 220, 0)
s = 121: (0, 65, 138, 139, 171, 169, 175, 62, 82, 53, 54, 14, 30, 52, 116, 78, 46, 29, 66, 15, 75, 19, 149, 52, 36, 31, 67, 29, 110, 102, 76, 85, 61, 27, 125, 85, 36, 158, 54, 6, 133, 139, 178, 10, 43, 112, 57, 71, 116, 103, 81, 145, 57, 114, 130, 20, 53, 49, 54, 13, 70, 143, 80, 41, 151, 67, 10, 32, 73, 69, 213, 101, 149, 98, 31, 107, 24, 116, 28, 83, 15, 14, 113, 197, 32, 27, 21, 71, 94, 63, 120, 0)
s = 122: (0, 53, 145, 174, 203, 84, 302, 52, 86, 49, 96, 20, 59, 55, 157, 86, 44, 27, 51, 16, 57, 33, 205, 48, 37, 20, 51, 31, 94, 96, 57, 137, 114, 46, 85, 122, 70, 134, 64, 8, 101, 198, 148, 14, 36, 71, 55, 80, 83, 86, 49, 129, 36, 80, 117, 22, 38, 30, 69, 11, 74, 235, 78, 24, 137, 36, 10, 33, 74, 107, 233, 161, 220, 49, 22, 208, 12, 79, 23, 44, 11, 9, 97, 224, 58, 26, 22, 78, 69, 77, 160, 0)
s = 123: (0, 57, 137, 341, 199, 115, 166, 60, 78, 33, 45, 16, 67, 71, 157, 69, 57, 38, 79, 19, 86, 18, 116, 50, 30, 26, 73, 32, 157, 126, 139, 108, 76, 54, 116, 84, 38, 93, 66, 8, 124, 88, 260, 11, 74, 77, 81, 110, 67, 99, 80, 62, 53, 64, 124, 26, 37, 27, 48, 13, 49, 131, 63, 26, 263, 48, 14, 31, 83, 110, 220, 198, 68, 98, 45, 200, 12, 95, 16, 74, 26, 16, 133, 182, 46, 31, 27, 43, 84, 45, 201, 0)
s = 124: (0, 33, 221, 283, 266, 76, 184, 60, 75, 36, 51, 12, 38, 58, 96, 54, 52, 24, 81, 11, 100, 23, 151, 95, 28, 26, 88, 22, 91, 64, 51, 65, 67, 62, 173, 70, 37, 83, 63, 5, 100, 198, 200, 14, 73, 158, 51, 60, 69, 102, 80, 106, 37, 64, 115, 20, 49, 31, 58, 12, 112, 161, 87, 19, 94, 33, 7, 15, 53, 112, 199, 132, 106, 73, 27, 169, 23, 108, 17, 97, 18, 8, 158, 252, 42, 26, 32, 46, 106, 54, 335, 0)
s = 125: (0, 46, 199, 153, 312, 76, 229, 62, 95, 56, 67, 25, 52, 98, 129, 83, 36, 24, 69, 10, 104, 19, 189, 83, 49, 28, 50, 27, 96, 84, 65, 82, 67, 36, 164, 114, 51, 146, 29, 6, 99, 124, 243, 14, 62, 163, 50, 48, 95, 86, 87, 98, 62, 62, 144, 32, 42, 27, 50, 9, 101, 230, 64, 41, 190, 38, 10, 44, 85, 105, 264, 162, 181, 38, 41, 114, 15, 93, 20, 95, 11, 10, 159, 301, 57, 38, 30, 65, 67, 59, 170, 0)
s = 126: (0, 28, 149, 179, 220, 67, 116, 64, 46, 68, 54, 21, 68, 63, 85, 112, 43, 43, 75, 12, 106, 23, 86, 44, 55, 23, 70, 15, 110, 69, 72, 108, 105, 48, 158, 135, 41, 147, 37, 6, 98, 140, 259, 14, 53, 113, 58, 66, 73, 104, 73, 63, 41, 44, 115, 16, 46, 40, 95, 11, 55, 217, 67, 22, 214, 47, 13, 25, 60, 130, 262, 188, 66, 43, 34, 248, 17, 131, 29, 69, 13, 9, 151, 174, 29, 34, 28, 38, 107, 50, 136, 0)
s = 127: (0, 65, 171, 139, 243, 94, 199, 50, 75, 70, 67, 31, 41, 69, 149, 64, 36, 16, 126, 11, 54, 22, 203, 63, 40, 17, 69, 19, 113, 84, 58, 80, 129, 50, 215, 60, 57, 152, 43, 5, 163, 72, 153, 10, 59, 204, 89, 46, 97, 66, 64, 119, 52, 44, 200, 18, 69, 52, 65, 13, 73, 295, 60, 39, 198, 40, 7, 18, 65, 86, 291, 141, 98, 73, 34, 221, 11, 124, 23, 100, 10, 11, 111, 127, 42, 23, 28, 62, 73, 39, 206, 0)
s = 128: (0, 48, 167, 363, 248, 122, 146, 95, 103, 47, 64, 25, 44, 74, 143, 120, 21, 28, 88, 24, 112, 14, 91, 63, 40, 31, 75, 32, 124, 106, 52, 94, 63, 30, 122, 95, 32, 60, 33, 7, 65, 93, 198, 11, 69, 184, 76, 83, 125, 71, 92, 81, 96, 53, 147, 31, 47, 35, 61, 8, 99, 279, 104, 34, 205, 36, 6, 27, 52, 93, 397, 238, 93, 54, 24, 106, 17, 54, 24, 42, 11, 10, 183, 305, 46, 41, 43, 89, 83, 69, 244, 0)
s = 129: (0, 47, 175, 250, 166, 94, 315, 64, 79, 46, 36, 26, 54, 49, 86, 81, 48, 25, 63, 19, 110, 13, 146, 34, 43, 37, 66, 28, 74, 98, 65, 90, 144, 71, 166, 151, 44, 99, 40, 5, 115, 130, 412, 13, 38, 108, 58, 68, 79, 61, 94, 106, 48, 84, 113, 21, 43, 33, 81, 15, 88, 168, 104, 44, 154, 39, 11, 31, 68, 127, 256, 202, 80, 45, 31, 179, 18, 66, 15, 68, 9, 14, 103, 150, 23, 24, 36, 45, 104, 49, 119, 0)
s = 130: (0, 47, 198, 263, 127, 67, 253, 93, 45, 42, 67, 13, 31, 54, 191, 74, 24, 25, 71, 12, 80, 14, 178, 55, 34, 27, 78, 35, 109, 76, 49, 78, 146, 33, 125, 106, 27, 76, 68, 6, 161, 82, 391, 18, 53, 88, 102, 63, 91, 86, 98, 83, 66, 69, 131, 20, 63, 33, 122, 13, 63, 247, 80, 40, 146, 38, 9, 19, 45, 144, 186, 124, 135, 99, 17, 217, 12, 117, 27, 57, 15, 7, 84, 207, 37, 23, 20, 39, 121, 85, 163, 0)
s = 131: (0, 68, 178, 227, 188, 69, 200, 56, 68, 28, 75, 30, 44, 91, 130, 61, 40, 19, 136, 16, 126, 12, 121, 97, 42, 27, 99, 39, 94, 61, 88, 144, 88, 53, 117, 102, 44, 201, 49, 8, 149, 226, 181, 10, 52, 114, 87, 66, 58, 80, 45, 141, 56, 61, 146, 37, 36, 32, 94, 22, 57, 139, 82, 28, 173, 27, 12, 18, 46, 118, 411, 224, 155, 57, 39, 136, 16, 117, 14, 127, 16, 12, 133, 194, 33, 26, 17, 44, 101, 73, 294, 0)
s = 132: (0, 77, 225, 163, 181, 87, 227, 37, 54, 65, 39, 27, 80, 36, 75, 82, 45, 27, 132, 21, 92, 21, 193, 71, 28, 27, 65, 21, 89, 76, 117, 76, 121, 41, 138, 125, 41, 140, 41, 5, 82, 89, 182, 12, 54, 152, 107, 61, 139, 80, 52, 57, 81, 48, 118, 20, 62, 39, 130, 9, 82, 105, 45, 31, 203, 42, 10, 23, 90, 119, 286, 98, 130, 84, 45, 159, 22, 76, 18, 76, 14, 14, 114, 252, 25, 35, 21, 50, 98, 38, 199, 0)
s = 133: (0, 40, 324, 267, 241, 85, 309, 48, 65, 44, 42, 19, 56, 43, 148, 63, 32, 37, 100, 19, 56, 21, 131, 38, 48, 28, 93, 43, 127, 52, 78, 94, 67, 32, 185, 63, 37, 153, 82, 6, 88, 227, 229, 13, 51, 91, 102, 92, 70, 65, 79, 125, 33, 62, 142, 24, 25, 48, 77, 22, 75, 211, 73, 44, 247, 61, 8, 16, 49, 132, 201, 162, 70, 98, 24, 140, 25, 146, 24, 69, 17, 11, 205, 226, 39, 34, 42, 40, 109, 55, 149, 0)
s = 134: (0, 42, 206, 180, 173, 64, 198, 82, 97, 70, 55, 27, 55, 64, 112, 61, 57, 31, 131, 11, 80, 13, 175, 62, 38, 40, 92, 17, 131, 59, 80, 124, 93, 40, 160, 131, 35, 76, 67, 4, 79, 103, 225, 16, 50, 117, 74, 110, 77, 100, 68, 81, 62, 82, 239, 45, 48, 36, 54, 17, 66, 115, 97, 21, 168, 33, 9, 18, 68, 71, 308, 95, 118, 43, 38, 154, 15, 76, 21, 67, 14, 11, 128, 224, 29, 41, 26, 48, 77, 37, 112, 0)
s = 135: (0, 31, 244, 287, 222, 71, 137, 69, 57, 44, 48, 22, 29, 94, 91, 75, 37, 35, 75, 13, 108, 12, 148, 60, 38, 31, 65, 17, 98, 65, 105, 107, 54, 67, 99, 67, 27, 101, 68, 6, 121, 184, 221, 10, 89, 137, 36, 68, 66, 78, 79, 93, 62, 107, 131, 35, 33, 22, 88, 15, 85, 132, 116, 35, 165, 28, 13, 18, 127, 135, 190, 169, 78, 52, 37, 359, 22, 71, 29, 115, 13, 7, 135, 178, 34, 49, 27, 69, 85, 64, 190, 0)
s = 136: (0, 38, 175, 338, 240, 101, 133, 50, 53, 66, 85, 15, 27, 91, 178, 69, 21, 23, 74, 8, 125, 27, 124, 68, 43, 36, 72, 21, 81, 118, 78, 85, 92, 48, 208, 72, 36, 87, 36, 5, 80, 87, 305, 10, 62, 70, 45, 46, 76, 78, 77, 79, 70, 74, 167, 28, 27, 48, 76, 14, 68, 241, 97, 26, 174, 53, 11, 25, 59, 117, 203, 152, 137, 54, 31, 132, 18, 132, 27, 109, 13, 16, 106, 202, 38, 24, 24, 73, 66, 37, 134, 0)
s = 137: (0, 26, 114, 215, 128, 148, 139, 47, 98, 31, 42, 16, 46, 67, 84, 109, 35, 26, 79, 13, 60, 17, 177, 83, 28, 40, 56, 31, 181, 101, 77, 71, 103, 68, 127, 78, 32, 99, 35, 8, 78, 184, 287, 8, 79, 191, 78, 46, 75, 109, 97, 150, 48, 88, 132, 31, 31, 48, 62, 16, 136, 162, 101, 45, 140, 27, 9, 25, 47, 194, 206, 193, 102, 38, 22, 170, 11, 73, 24, 65, 19, 7, 142, 129, 40, 33, 34, 33, 105, 82, 211, 0)
s = 138: (0, 61, 142, 171, 153, 81, 140, 77, 86, 34, 37, 16, 33, 67, 140, 96, 43, 25, 65, 17, 74, 17, 146, 40, 73, 27, 89, 33, 82, 108, 66, 69, 71, 47, 105, 88, 31, 76, 71, 7, 90, 103, 170, 9, 40, 113, 51, 53, 84, 49, 83, 96, 38, 80, 117, 28, 50, 25, 64, 10, 76, 144, 69, 28, 150, 48, 9, 17, 63, 99, 293, 120, 91, 104, 34, 199, 12, 62, 30, 48, 20, 17, 144, 146, 36, 42, 44, 30, 98, 64, 220, 0)
s = 139: (0, 48, 129, 266, 185, 115, 125, 47, 53, 35, 77, 21, 45, 70, 123, 88, 62, 29, 102, 18, 135, 33, 112, 51, 39, 30, 102, 27, 111, 49, 95, 146, 107, 38, 128, 85, 48, 142, 76, 6, 119, 115, 173, 7, 63, 76, 85, 55, 86, 70, 51, 105, 77, 115, 112, 37, 47, 44, 95, 10, 76, 179, 81, 29, 238, 31, 8, 25, 82, 102, 212, 104, 148, 68, 23, 250, 18, 90, 20, 75, 16, 13, 107, 209, 45, 22, 31, 56, 123, 35, 174, 0)
s = 140: (0, 54, 309, 128, 176, 87, 245, 46, 95, 57, 57, 23, 63, 62, 94, 43, 29, 29, 77, 17, 87, 24, 226, 48, 39, 30, 74, 23, 124, 59, 67, 79, 167, 82, 78, 60, 33, 68, 62, 5, 92, 166, 369, 11, 89, 86, 92, 59, 56, 83, 61, 87, 55, 79, 78, 27, 28, 27, 92, 18, 78, 177, 63, 36, 173, 50, 9, 15, 56, 86, 232, 127, 122, 75, 28, 150, 17, 144, 21, 48, 14, 10, 127, 153, 40, 52, 33, 76, 125, 66, 296, 0)
s = 141: (0, 29, 153, 278, 130, 176, 256, 67, 68, 43, 34, 21, 33, 63, 90, 74, 24, 19, 105, 10, 65, 22, 153, 79, 42, 31, 53, 30, 94, 79, 83, 73, 72, 46, 142, 87, 64, 136, 77, 5, 114, 110, 163, 12, 78, 200, 73, 100, 44, 82, 87, 77, 42, 56, 152, 27, 35, 45, 72, 16, 79, 356, 96, 29, 167, 41, 9, 20, 68, 63, 390, 107, 136, 57, 37, 298, 20, 120, 27, 100, 10, 13, 107, 261, 43, 38, 17, 43, 94, 73, 189, 0)
s = 142: (0, 63, 222, 224, 192, 92, 134, 71, 73, 33, 67, 19, 36, 125, 110, 91, 26, 23, 83, 13, 99, 24, 103, 60, 30, 26, 76, 21, 63, 61, 83, 125, 132, 48, 117, 117, 37, 122, 60, 6, 125, 112, 268, 15, 47, 106, 50, 52, 96, 58, 101, 112, 40, 47, 119, 17, 44, 55, 107, 15, 82, 133, 57, 39, 143, 44, 10, 19, 95, 129, 199, 134, 98, 104, 25, 233, 15, 128, 38, 47, 10, 10, 193, 203, 34, 20, 20, 63, 61, 40, 126, 0)
s = 143: (0, 33, 127, 251, 134, 98, 310, 60, 44, 43, 34, 13, 58, 38, 94, 79, 61, 29, 112, 9, 88, 20, 194, 36, 54, 22, 72, 24, 130, 72, 100, 71, 81, 59, 154, 126, 30, 132, 46, 5, 107, 123, 411, 23, 77, 94, 67, 95, 71, 84, 80, 65, 32, 38, 137, 20, 61, 46, 114, 8, 65, 105, 56, 35, 124, 42, 7, 28, 95, 80, 196, 97, 93, 59, 22, 125, 13, 77, 30, 114, 18, 16, 198, 249, 51, 44, 21, 71, 100, 56, 110, 0)
s = 144: (0, 62, 111, 195, 226, 75, 169, 48, 101, 31, 46, 19, 49, 112, 182, 45, 62, 28, 145, 12, 135, 20, 174, 64, 54, 23, 59, 23, 129, 101, 58, 76, 104, 44, 173, 100, 33, 91, 48, 5, 79, 207, 255, 8, 58, 132, 45, 88, 66, 106, 64, 50, 59, 85, 173, 29, 37, 45, 63, 12, 104, 226, 90, 40, 179, 44, 10, 18, 65, 123, 312, 114, 163, 93, 26, 129, 11, 99, 15, 80, 14, 10, 103, 147, 23, 23, 49, 63, 64, 34, 174, 0)
s = 145: (0, 33, 177, 363, 171, 156, 181, 36, 85, 53, 47, 17, 56, 105, 140, 63, 50, 25, 94, 19, 77, 22, 154, 112, 33, 28, 88, 34, 96, 83, 44, 72, 100, 36, 176, 123, 31, 89, 52, 8, 90, 126, 355, 14, 46, 142, 66, 100, 78, 75, 55, 54, 34, 96, 162, 24, 39, 43, 78, 7, 53, 171, 84, 26, 102, 46, 12, 15, 85, 93, 129, 193, 105, 44, 25, 190, 10, 153, 37, 67, 11, 12, 74, 163, 59, 39, 34, 59, 79, 103, 180, 0)
s = 146: (0, 52, 180, 270, 167, 122, 281, 44, 83, 45, 45, 22, 36, 71, 100, 100, 27, 28, 130, 14, 76, 20, 113, 64, 51, 31, 61, 18, 107, 80, 66, 93, 181, 45, 100, 101, 27, 97, 62, 8, 60, 113, 292, 13, 59, 103, 85, 58, 53, 98, 109, 100, 50, 91, 182, 35, 52, 23, 76, 16, 92, 183, 81, 34, 281, 28, 7, 23, 86, 87, 299, 98, 102, 49, 23, 144, 14, 93, 15, 58, 26, 12, 133, 129, 35, 32, 28, 42, 92, 61, 312, 0)
s = 147: (0, 65, 133, 201, 260, 165, 216, 45, 67, 51, 57, 14, 39, 75, 150, 43, 28, 25, 87, 21, 101, 27, 94, 59, 73, 21, 59, 16, 67, 95, 97, 90, 86, 53, 97, 87, 38, 76, 61, 7, 83, 129, 371, 18, 41, 148, 47, 54, 115, 95, 43, 69, 56, 46, 164, 30, 34, 24, 73, 8, 60, 99, 84, 43, 200, 50, 10, 37, 68, 113, 197, 165, 113, 89, 23, 259, 28, 87, 16, 105, 12, 8, 112, 144, 36, 22, 35, 66, 58, 40, 245, 0)
s = 148: (0, 40, 275, 364, 223, 93, 183, 43, 67, 69, 39, 11, 43, 80, 97, 72, 45, 33, 73, 17, 104, 22, 193, 72, 40, 40, 115, 19, 109, 71, 96, 107, 96, 28, 136, 129, 34, 137, 38, 6, 77, 225, 301, 7, 53, 112, 74, 55, 66, 71, 81, 95, 47, 56, 98, 18, 46, 24, 59, 10, 66, 97, 65, 35, 218, 52, 7, 32, 94, 93, 151, 210, 85, 98, 50, 197, 23, 75, 18, 146, 14, 10, 123, 181, 43, 31, 46, 36, 67, 37, 245, 0)
s = 149: (0, 37, 110, 207, 142, 131, 264, 52, 91, 30, 58, 21, 55, 45, 75, 61, 35, 18, 61, 10, 65, 19, 116, 35, 27, 21, 52, 18, 93, 47, 102, 70, 175, 56, 148, 70, 41, 157, 51, 10, 152, 94, 326, 9, 91, 68, 72, 87, 57, 51, 64, 110, 43, 48, 75, 29, 37, 53, 59, 17, 130, 132, 84, 32, 150, 64, 7, 16, 57, 91, 199, 117, 91, 71, 28, 135, 17, 57, 26, 106, 16, 13, 94, 256, 41, 33, 26, 41, 119, 96, 130, 0)
s = 150: (0, 40, 272, 316, 252, 104, 313, 42, 66, 28, 47, 11, 60, 63, 182, 70, 35, 37, 60, 11, 82, 21, 163, 75, 38, 25, 68, 18, 111, 111, 62, 103, 119, 31, 131, 86, 31, 103, 70, 8, 101, 143, 158, 11, 81, 160, 86, 52, 61, 63, 103, 152, 48, 80, 100, 27, 47, 35, 73, 12, 85, 100, 107, 32, 193, 34, 14, 20, 52, 85, 263, 128, 79, 81, 40, 149, 26, 138, 15, 44, 10, 8, 148, 170, 36, 29, 34, 54, 59, 45, 183, 0)
s = 151: (0, 38, 243, 348, 217, 88, 148, 88, 100, 50, 57, 27, 71, 87, 75, 93, 44, 39, 74, 16, 108, 24, 114, 63, 41, 28, 84, 23, 103, 60, 53, 77, 95, 33, 121, 117, 28, 85, 52, 10, 114, 101, 196, 15, 68, 126, 54, 47, 103, 81, 69, 107, 44, 74, 148, 21, 47, 32, 55, 12, 64, 126, 108, 25, 138, 35, 10, 21, 66, 74, 321, 161, 119, 99, 34, 182, 12, 80, 15, 57, 11, 13, 124, 172, 44, 29, 21, 48, 114, 62, 239, 0)
s = 152: (0, 35, 268, 145, 281, 85, 212, 66, 74, 50, 82, 20, 37, 92, 89, 93, 46, 23, 71, 18, 107, 20, 117, 61, 49, 27, 57, 19, 76, 47, 88, 98, 84, 75, 161, 109, 60, 83, 55, 7, 106, 112, 254, 18, 61, 205, 103, 72, 68, 92, 66, 56, 44, 41, 96, 37, 40, 43, 106, 11, 76, 238, 72, 54, 169, 44, 11, 23, 97, 66, 163, 170, 176, 56, 40, 269, 14, 95, 17, 72, 13, 8, 146, 143, 40, 58, 43, 40, 106, 35, 210, 0)
s = 153: (0, 37, 143, 203, 185, 114, 217, 47, 82, 41, 68, 28, 53, 71, 122, 62, 27, 20, 91, 10, 97, 17, 106, 56, 40, 32, 76, 16, 138, 70, 60, 64, 75, 60, 141, 77, 32, 105, 51, 4, 79, 120, 319, 12, 39, 113, 74, 84, 91, 85, 51, 93, 42, 62, 98, 45, 37, 29, 63, 16, 104, 257, 76, 37, 142, 49, 6, 25, 50, 185, 210, 256, 149, 51, 21, 117, 20, 60, 21, 46, 16, 15, 108, 177, 46, 24, 38, 58, 97, 34, 332, 0)
s = 154: (0, 36, 167, 243, 173, 112, 262, 85, 69, 55, 68, 26, 36, 77, 192, 63, 29, 15, 63, 14, 58, 32, 113, 89, 52, 20, 88, 23, 90, 61, 45, 79, 117, 37, 123, 68, 50, 115, 68, 5, 93, 170, 388, 12, 47, 123, 94, 65, 62, 81, 108, 113, 60, 67, 78, 43, 34, 38, 87, 17, 105, 104, 55, 28, 192, 43, 14, 26, 53, 63, 153, 217, 111, 55, 56, 142, 24, 100, 17, 124, 13, 11, 196, 136, 53, 23, 19, 56, 112, 36, 182, 0)
s = 155: (0, 38, 237, 213, 148, 194, 143, 49, 70, 34, 80, 19, 70, 70, 70, 47, 58, 29, 69, 16, 122, 15, 159, 55, 42, 38, 96, 26, 90, 95, 84, 117, 67, 57, 109, 94, 46, 103, 47, 7, 100, 105, 328, 18, 37, 128, 81, 44, 62, 86, 85, 76, 49, 41, 125, 24, 41, 41, 63, 12, 62, 110, 67, 41, 133, 35, 16, 16, 50, 62, 229, 239, 75, 65, 23, 191, 12, 116, 23, 70, 19, 11, 187, 219, 38, 38, 26, 65, 115, 49, 214, 0)
s = 156: (0, 46, 139, 156, 176, 67, 185, 39, 49, 67, 47, 19, 60, 68, 87, 108, 40, 23, 74, 18, 60, 28, 103, 40, 35, 39, 115, 15, 65, 78, 66, 159, 69, 47, 129, 57, 51, 94, 41, 6, 94, 132, 255, 14, 52, 161, 54, 58, 134, 52, 83, 77, 63, 53, 264, 19, 43, 41, 114, 13, 44, 168, 98, 32, 249, 50, 8, 17, 110, 125, 343, 206, 167, 62, 29, 222, 20, 77, 27, 66, 13, 12, 122, 223, 56, 51, 26, 43, 105, 57, 142, 0)
s = 157: (0, 76, 190, 216, 157, 141, 172, 63, 62, 65, 52, 15, 53, 70, 109, 57, 38, 29, 114, 20, 72, 16, 108, 34, 38, 19, 65, 32, 58, 68, 104, 72, 88, 37, 187, 81, 46, 84, 63, 4, 116, 152, 352, 10, 52, 142, 79, 47, 77, 50, 70, 63, 54, 64, 169, 26, 36, 30, 49, 18, 95, 162, 82, 33, 156, 70, 5, 33, 68, 114, 158, 187, 127, 44, 37, 200, 15, 113, 29, 80, 13, 8, 173, 166, 40, 54, 40, 79, 142, 53, 214, 0)
s = 158: (0, 54, 209, 159, 151, 94, 237, 56, 66, 43, 48, 28, 61, 38, 74, 101, 69, 22, 117, 21, 81, 14, 163, 39, 25, 37, 131, 26, 119, 122, 47, 112, 74, 64, 211, 108, 27, 190, 46, 4, 79, 128, 247, 11, 47, 125, 63, 83, 104, 96, 62, 73, 59, 60, 102, 27, 58, 34, 69, 17, 55, 121, 75, 25, 96, 34, 15, 21, 52, 111, 145, 187, 85, 73, 30, 170, 15, 65, 21, 76, 15, 8, 83, 253, 43, 23, 35, 67, 57, 73, 240, 0)
s = 159: (0, 67, 182, 129, 186, 90, 241, 57, 65, 28, 49, 21, 39, 72, 106, 55, 67, 39, 71, 10, 69, 21, 141, 52, 31, 35, 104, 27, 90, 101, 110, 93, 66, 45, 110, 85, 58, 102, 55, 7, 154, 124, 191, 14, 89, 71, 109, 57, 103, 148, 79, 89, 71, 65, 187, 37, 32, 55, 64, 20, 78, 190, 56, 43, 261, 51, 5, 25, 54, 94, 331, 97, 98, 55, 30, 264, 13, 90, 20, 71, 21, 14, 72, 133, 43, 59, 28, 44, 146, 40, 212, 0)
s = 160: (0, 42, 122, 230, 188, 188, 144, 56, 67, 41, 43, 19, 30, 74, 92, 100, 35, 17, 62, 8, 119, 17, 99, 46, 43, 43, 91, 29, 79, 90, 119, 109, 138, 41, 107, 79, 35, 77, 73, 4, 87, 80, 211, 8, 68, 101, 60, 43, 81, 69, 50, 66, 40, 75, 85, 24, 62, 53, 66, 22, 98, 220, 60, 34, 196, 60, 9, 23, 89, 74, 209, 141, 119, 78, 29, 168, 16, 103, 14, 46, 19, 11, 86, 172, 57, 22, 25, 84, 103, 53, 150, 0)
s = 161: (0, 41, 275, 232, 207, 85, 255, 45, 73, 30, 42, 25, 46, 41, 79, 101, 27, 36, 112, 14, 70, 15, 152, 40, 35, 17, 70, 21, 68, 45, 108, 130, 134, 29, 123, 78, 27, 113, 66, 6, 73, 138, 264, 20, 53, 144, 49, 80, 96, 79, 65, 141, 70, 61, 176, 14, 56, 26, 70, 17, 99, 119, 91, 28, 219, 34, 15, 19, 85, 67, 175, 220, 84, 55, 22, 167, 19, 99, 22, 70, 17, 15, 190, 232, 27, 42, 22, 54, 127, 42, 136, 0)
s = 162: (0, 45, 187, 185, 195, 82, 135, 65, 54, 48, 34, 25, 37, 59, 166, 69, 37, 35, 64, 12, 64, 34, 157, 85, 33, 24, 76, 37, 105, 56, 47, 78, 89, 51, 106, 101, 47, 83, 37, 5, 134, 84, 395, 7, 36, 73, 56, 82, 53, 110, 58, 55, 33, 69, 84, 19, 48, 36, 66, 18, 73, 230, 74, 29, 117, 50, 10, 33, 54, 151, 134, 183, 86, 48, 28, 183, 16, 112, 30, 122, 9, 11, 205, 194, 46, 28, 30, 49, 70, 68, 193, 0)
s = 163: (0, 68, 317, 319, 233, 137, 239, 54, 90, 26, 39, 25, 38, 40, 158, 102, 43, 22, 69, 13, 73, 22, 164, 38, 35, 31, 68, 19, 85, 118, 81, 110, 78, 51, 127, 71, 37, 140, 46, 8, 110, 104, 235, 17, 56, 141, 64, 103, 105, 130, 94, 66, 50, 71, 182, 26, 34, 46, 67, 20, 70, 122, 61, 44, 224, 37, 10, 18, 99, 167, 256, 133, 139, 100, 38, 229, 12, 98, 15, 95, 11, 7, 148, 230, 30, 27, 38, 51, 91, 53, 108, 0)
s = 164: (0, 57, 155, 167, 131, 127, 257, 51, 68, 63, 43, 16, 46, 56, 82, 57, 73, 35, 53, 12, 58, 12, 88, 43, 55, 30, 58, 34, 72, 77, 69, 70, 67, 44, 82, 68, 35, 135, 67, 11, 145, 138, 152, 9, 85, 153, 65, 77, 72, 65, 70, 57, 59, 76, 175, 17, 53, 40, 52, 18, 57, 121, 53, 28, 158, 28, 12, 31, 79, 123, 258, 95, 102, 73, 45, 111, 18, 94, 18, 99, 14, 13, 154, 167, 26, 28, 38, 40, 81, 56, 192, 0)
s = 165: (0, 55, 166, 320, 200, 78, 176, 62, 78, 50, 48, 12, 49, 46, 74, 53, 40, 32, 61, 15, 124, 24, 142, 35, 44, 23, 110, 14, 79, 90, 59, 113, 59, 55, 131, 129, 49, 159, 42, 7, 92, 143, 176, 10, 43, 95, 46, 71, 69, 152, 70, 99, 52, 64, 112, 32, 36, 26, 79, 16, 74, 227, 74, 27, 157, 45, 15, 26, 75, 103, 314, 124, 149, 76, 36, 255, 13, 63, 14, 52, 16, 6, 86, 211, 27, 21, 35, 43, 57, 42, 222, 0)
s = 166: (0, 37, 252, 199, 301, 188, 290, 78, 143, 38, 46, 20, 38, 64, 103, 61, 33, 38, 69, 11, 78, 21, 192, 59, 62, 24, 80, 38, 101, 62, 47, 64, 145, 46, 165, 55, 28, 107, 51, 6, 137, 131, 374, 11, 76, 153, 52, 69, 74, 51, 75, 132, 77, 44, 98, 25, 30, 31, 81, 19, 88, 197, 54, 30, 112, 22, 18, 26, 40, 78, 399, 196, 63, 51, 33, 267, 21, 105, 20, 50, 11, 9, 136, 175, 57, 22, 23, 86, 91, 65, 206, 0)
s = 167: (0, 66, 250, 209, 233, 90, 183, 39, 112, 39, 55, 23, 42, 69, 152, 119, 28, 19, 100, 9, 82, 13, 133, 58, 49, 35, 73, 25, 68, 78, 49, 57, 88, 36, 282, 79, 53, 111, 45, 7, 87, 99, 234, 11, 48, 120, 57, 57, 67, 85, 59, 73, 44, 107, 182, 28, 46, 28, 68, 12, 88, 225, 56, 42, 105, 34, 6, 21, 55, 91, 130, 166, 144, 41, 29, 253, 13, 81, 25, 54, 15, 7, 94, 176, 35, 39, 22, 80, 111, 45, 117, 0)
s = 168: (0, 49, 358, 219, 149, 74, 253, 109, 44, 60, 66, 29, 68, 52, 80, 64, 45, 39, 128, 9, 73, 22, 206, 56, 36, 30, 93, 16, 96, 66, 75, 74, 71, 62, 128, 89, 48, 111, 41, 5, 71, 97, 186, 12, 67, 109, 85, 68, 128, 84, 62, 66, 54, 42, 160, 23, 37, 29, 100, 13, 91, 142, 80, 32, 206, 31, 7, 19, 122, 81, 356, 117, 120, 63, 30, 145, 17, 97, 12, 60, 20, 9, 153, 342, 35, 33, 23, 46, 116, 40, 171, 0)
s = 169: (0, 71, 223, 190, 160, 136, 133, 65, 97, 38, 52, 19, 41, 41, 134, 89, 32, 29, 120, 8, 56, 26, 113, 47, 30, 38, 90, 36, 75, 113, 74, 82, 80, 43, 106, 68, 41, 67, 42, 8, 92, 110, 215, 19, 56, 153, 62, 60, 101, 91, 76, 62, 51, 91, 217, 25, 39, 49, 101, 10, 109, 251, 78, 40, 148, 31, 12, 19, 94, 106, 305, 174, 194, 47, 28, 247, 16, 170, 19, 75, 10, 11, 112, 160, 30, 41, 18, 67, 80, 40, 173, 0)
s = 170: (0, 38, 168, 268, 280, 89, 250, 86, 98, 31, 52, 25, 36, 73, 90, 76, 59, 32, 124, 17, 91, 22, 139, 47, 33, 29, 75, 32, 78, 58, 55, 92, 141, 49, 113, 59, 29, 82, 31, 7, 119, 110, 311, 20, 44, 167, 80, 99, 65, 103, 64, 57, 62, 102, 78, 16, 35, 54, 68, 12, 109, 220, 66, 32, 227, 27, 11, 15, 68, 121, 220, 199, 113, 47, 37, 132, 25, 58, 14, 100, 18, 7, 166, 218, 28, 40, 24, 65, 59, 53, 115, 0)
s = 171: (0, 34, 318, 299, 193, 103, 314, 50, 114, 45, 40, 19, 32, 94, 168, 84, 62, 27, 85, 8, 142, 23, 150, 35, 25, 31, 109, 21, 77, 61, 77, 54, 114, 77, 153, 68, 37, 144, 47, 6, 113, 121, 325, 8, 47, 126, 50, 57, 87, 60, 51, 133, 39, 63, 105, 31, 41, 56, 60, 16, 43, 164, 123, 43, 188, 34, 7, 27, 84, 72, 324, 198, 83, 68, 45, 218, 16, 124, 21, 77, 9, 12, 218, 258, 40, 43, 53, 69, 153, 92, 105, 0)
s = 172: (0, 62, 137, 235, 222, 112, 115, 67, 78, 35, 59, 13, 47, 86, 86, 65, 37, 48, 95, 21, 55, 29, 162, 45, 47, 30, 59, 48, 81, 73, 75, 76, 88, 35, 145, 87, 37, 161, 49, 8, 94, 138, 141, 7, 71, 162, 41, 79, 86, 48, 73, 95, 53, 59, 179, 26, 52, 49, 91, 11, 83, 129, 77, 60, 210, 37, 10, 19, 89, 128, 196, 130, 111, 66, 35, 245, 13, 98, 25, 92, 20, 8, 102, 222, 35, 32, 27, 68, 60, 46, 205, 0)
s = 173: (0, 37, 159, 192, 124, 113, 156, 32, 67, 34, 75, 27, 50, 40, 66, 86, 33, 20, 89, 15, 138, 18, 155, 80, 47, 20, 69, 29, 90, 65, 76, 50, 71, 44, 122, 66, 33, 192, 56, 7, 204, 155, 142, 10, 75, 86, 49, 50, 67, 93, 115, 114, 44, 49, 126, 33, 50, 59, 126, 15, 83, 160, 74, 27, 114, 39, 12, 22, 44, 78, 298, 115, 61, 83, 27, 247, 19, 136, 29, 50, 19, 8, 129, 260, 41, 25, 21, 73, 117, 55, 152, 0)
s = 174: (0, 63, 159, 228, 130, 77, 191, 76, 64, 29, 46, 14, 45, 84, 78, 114, 44, 30, 70, 24, 83, 21, 134, 86, 35, 24, 82, 14, 86, 90, 75, 99, 112, 31, 159, 111, 32, 147, 69, 6, 122, 83, 276, 16, 64, 177, 79, 57, 69, 101, 61, 82, 58, 54, 79, 41, 40, 54, 139, 10, 46, 141, 100, 20, 190, 32, 7, 16, 91, 82, 321, 192, 165, 80, 24, 332, 11, 117, 19, 69, 14, 10, 127, 167, 34, 27, 23, 49, 64, 53, 196, 0)
s = 175: (0, 42, 160, 303, 241, 140, 223, 80, 150, 49, 38, 30, 53, 83, 82, 78, 46, 22, 95, 12, 117, 15, 100, 93, 48, 26, 43, 29, 84, 113, 85, 82, 124, 38, 108, 82, 39, 112, 52, 6, 141, 144, 153, 14, 82, 72, 69, 68, 94, 101, 87, 75, 76, 61, 107, 25, 28, 50, 114, 15, 60, 144, 72, 36, 257, 58, 14, 32, 56, 109, 384, 101, 142, 44, 30, 266, 17, 150, 28, 69, 18, 11, 106, 278, 34, 45, 34, 33, 113, 50, 124, 0)
s = 176: (0, 32, 241, 161, 188, 81, 141, 52, 100, 43, 79, 12, 49, 62, 99, 59, 36, 20, 56, 13, 119, 16, 104, 55, 38, 28, 52, 17, 73, 76, 81, 99, 93, 40, 115, 67, 36, 67, 48, 6, 72, 157, 397, 13, 61, 118, 106, 54, 69, 113, 74, 116, 68, 60, 159, 23, 26, 56, 128, 9, 67, 163, 106, 40, 161, 29, 9, 18, 108, 110, 264, 132, 166, 36, 29, 186, 14, 150, 19, 57, 12, 14, 157, 258, 33, 33, 27, 75, 65, 69, 212, 0)
s = 177: (0, 32, 142, 154, 273, 69, 162, 38, 48, 44, 71, 28, 52, 95, 129, 71, 36, 33, 89, 10, 82, 11, 146, 69, 39, 36, 105, 26, 92, 84, 72, 124, 84, 30, 221, 67, 22, 70, 42, 8, 69, 107, 351, 10, 44, 117, 85, 63, 111, 82, 64, 73, 44, 70, 145, 27, 39, 26, 70, 15, 102, 195, 71, 20, 234, 36, 12, 31, 65, 104, 169, 138, 123, 63, 49, 159, 20, 151, 25, 88, 25, 9, 171, 124, 24, 33, 48, 38, 85, 85, 131, 0)
s = 178: (0, 53, 278, 274, 195, 81, 195, 53, 42, 73, 53, 16, 28, 47, 181, 114, 28, 41, 130, 14, 144, 22, 115, 55, 40, 32, 58, 23, 119, 65, 57, 111, 124, 57, 126, 120, 77, 125, 44, 7, 129, 214, 193, 12, 76, 134, 78, 51, 72, 53, 55, 79, 55, 57, 101, 20, 50, 37, 46, 10, 55, 281, 69, 42, 173, 59, 8, 33, 57, 76, 307, 133, 83, 56, 29, 216, 10, 101, 22, 113, 9, 9, 102, 177, 42, 26, 34, 50, 68, 71, 229, 0)
s = 179: (0, 47, 248, 327, 142, 65, 252, 55, 59, 54, 111, 22, 62, 61, 87, 93, 27, 26, 61, 16, 107, 19, 128, 48, 43, 44, 124, 14, 63, 104, 72, 89, 121, 35, 111, 55, 53, 190, 63, 10, 69, 99, 353, 12, 98, 82, 58, 81, 116, 86, 104, 55, 37, 70, 152, 24, 58, 60, 90, 21, 86, 184, 136, 27, 157, 25, 7, 21, 78, 73, 290, 173, 96, 54, 39, 239, 9, 65, 18, 55, 22, 8, 163, 195, 29, 34, 31, 66, 99, 56, 266, 0)
s = 180: (0, 48, 144, 194, 302, 128, 146, 72, 112, 25, 49, 15, 35, 89, 206, 48, 60, 25, 119, 12, 85, 22, 94, 63, 48, 34, 133, 23, 158, 65, 48, 116, 93, 66, 127, 81, 53, 135, 33, 5, 108, 104, 225, 12, 48, 133, 84, 100, 93, 100, 44, 142, 59, 59, 71, 18, 38, 35, 90, 17, 88, 101, 59, 20, 157, 47, 8, 27, 41, 94, 196, 146, 75, 39, 28, 240, 19, 130, 24, 80, 19, 13, 147, 194, 53, 30, 31, 88, 90, 36, 131, 0)
s = 181: (0, 29, 173, 143, 136, 102, 182, 80, 53, 54, 59, 28, 61, 58, 166, 100, 33, 32, 53, 14, 67, 27, 137, 63, 40, 37, 105, 15, 77, 83, 44, 59, 115, 60, 189, 64, 29, 113, 68, 5, 96, 121, 230, 16, 94, 67, 74, 71, 88, 88, 58, 84, 68, 102, 187, 15, 37, 25, 57, 21, 74, 124, 96, 39, 138, 44, 9, 29, 69, 114, 146, 161, 91, 75, 30, 221, 16, 56, 34, 64, 21, 9, 259, 199, 38, 43, 33, 49, 90, 44, 206, 0)
s = 182: (0, 65, 234, 216, 218, 113, 118, 40, 101, 32, 71, 10, 57, 86, 116, 107, 33, 32, 58, 10, 97, 22, 130, 45, 28, 27, 71, 25, 60, 74, 72, 114, 155, 66, 178, 59, 50, 133, 45, 9, 81, 142, 252, 8, 55, 175, 68, 51, 58, 75, 85, 101, 36, 78, 212, 21, 44, 54, 67, 12, 90, 122, 74, 29, 215, 39, 8, 29, 88, 62, 432, 160, 119, 57, 18, 160, 17, 71, 18, 93, 15, 7, 110, 152, 46, 49, 19, 62, 88, 79, 170, 0)
s = 183: (0, 61, 338, 163, 140, 138, 140, 59, 90, 37, 59, 21, 49, 78, 142, 84, 32, 36, 105, 21, 129, 25, 187, 36, 64, 26, 74, 21, 96, 63, 47, 158, 111, 61, 98, 102, 30, 112, 56, 11, 109, 197, 250, 11, 44, 135, 40, 69, 75, 119, 77, 88, 49, 84, 84, 20, 35, 53, 83, 9, 95, 293, 79, 30, 202, 35, 15, 33, 72, 162, 185, 123, 162, 97, 38, 118, 15, 61, 39, 50, 13, 9, 166, 212, 59, 49, 17, 37, 75, 81, 154, 0)
s = 184: (0, 41, 105, 211, 175, 114, 184, 59, 63, 48, 67, 14, 50, 52, 79, 78, 50, 24, 70, 10, 80, 20, 131, 41, 29, 32, 71, 26, 69, 59, 72, 67, 82, 68, 121, 68, 50, 74, 87, 6, 83, 84, 160, 10, 70, 105, 75, 97, 85, 66, 62, 107, 51, 67, 118, 22, 33, 56, 74, 14, 51, 132, 95, 17, 138, 24, 10, 16, 50, 131, 174, 204, 157, 83, 33, 161, 13, 98, 22, 74, 14, 10, 187, 242, 31, 29, 30, 56, 87, 43, 185, 0)
s = 185: (0, 27, 159, 141, 144, 136, 288, 37, 77, 42, 68, 15, 48, 85, 137, 99, 26, 29, 82, 10, 71, 25, 223, 35, 25, 40, 73, 25, 143, 145, 40, 88, 95, 38, 103, 149, 53, 82, 44, 6, 81, 180, 220, 8, 94, 79, 87, 57, 62, 84, 71, 84, 66, 41, 113, 28, 60, 28, 64, 9, 76, 172, 103, 42, 153, 28, 8, 25, 69, 99, 376, 228, 153, 56, 42, 202, 22, 200, 21, 125, 12, 11, 186, 160, 49, 36, 23, 57, 132, 76, 152, 0)
s = 186: (0, 29, 247, 148, 288, 69, 176, 67, 107, 46, 79, 22, 35, 101, 207, 86, 27, 23, 54, 11, 143, 19, 180, 38, 36, 26, 64, 17, 89, 129, 65, 130, 90, 56, 126, 76, 38, 159, 52, 8, 142, 143, 175, 17, 52, 89, 98, 94, 78, 52, 77, 108, 47, 46, 99, 26, 39, 69, 48, 12, 72, 152, 95, 32, 143, 58, 13, 31, 75, 123, 225, 191, 118, 72, 30, 206, 27, 101, 18, 102, 11, 8, 122, 155, 45, 46, 28, 44, 148, 45, 201, 0)
s = 187: (0, 49, 225, 210, 140, 93, 140, 45, 93, 39, 101, 14, 46, 46, 61, 62, 37, 32, 82, 12, 90, 24, 130, 50, 37, 28, 90, 31, 105, 87, 72, 79, 71, 37, 182, 100, 27, 103, 47, 6, 112, 135, 279, 19, 48, 94, 96, 65, 73, 95, 52, 115, 68, 51, 135, 29, 63, 43, 69, 14, 74, 157, 84, 30, 172, 33, 9, 22, 49, 77, 160, 146, 133, 58, 24, 191, 15, 111, 16, 63, 14, 13, 114, 167, 39, 27, 24, 31, 54, 57, 233, 0)
s = 188: (0, 48, 227, 121, 192, 116, 287, 65, 82, 45, 41, 14, 57, 113, 165, 53, 40, 34, 63, 16, 151, 27, 82, 58, 43, 25, 66, 40, 60, 76, 75, 142, 89, 54, 135, 79, 42, 86, 53, 8, 67, 122, 185, 12, 91, 146, 45, 104, 68, 75, 66, 87, 63, 76, 181, 30, 28, 41, 60, 20, 68, 181, 71, 21, 210, 60, 9, 33, 55, 70, 172, 124, 112, 79, 40, 205, 18, 162, 16, 73, 17, 18, 193, 220, 61, 27, 25, 44, 73, 80, 153, 0)
s = 189: (0, 51, 285, 230, 139, 134, 198, 52, 71, 29, 65, 16, 76, 64, 165, 52, 46, 27, 96, 22, 72, 22, 135, 81, 47, 21, 61, 22, 100, 129, 56, 59, 69, 81, 154, 128, 22, 92, 80, 4, 71, 103, 324, 7, 77, 183, 81, 77, 71, 107, 77, 76, 48, 108, 147, 19, 60, 57, 66, 15, 53, 165, 134, 37, 117, 31, 11, 19, 69, 115, 312, 201, 115, 78, 21, 112, 13, 116, 32, 122, 11, 12, 118, 302, 38, 22, 30, 50, 114, 46, 143, 0)
s = 190: (0, 48, 257, 283, 160, 81, 310, 52, 47, 36, 68, 20, 31, 68, 94, 69, 55, 29, 71, 9, 50, 14, 116, 89, 29, 32, 57, 26, 129, 69, 49, 89, 92, 57, 149, 80, 34, 129, 73, 5, 109, 104, 161, 9, 66, 154, 34, 59, 92, 78, 92, 77, 32, 53, 205, 24, 34, 29, 76, 15, 54, 155, 100, 25, 179, 21, 12, 25, 73, 69, 245, 197, 117, 54, 29, 208, 12, 108, 19, 58, 18, 10, 78, 168, 35, 32, 26, 47, 60, 75, 296, 0)
s = 191: (0, 40, 235, 192, 136, 65, 194, 69, 89, 35, 51, 13, 46, 43, 93, 57, 39, 24, 131, 14, 73, 17, 103, 60, 39, 52, 57, 34, 105, 68, 53, 73, 94, 82, 166, 120, 47, 92, 49, 5, 109, 96, 244, 9, 46, 114, 90, 83, 109, 101, 147, 53, 50, 48, 132, 41, 68, 48, 78, 11, 74, 233, 128, 27, 113, 24, 10, 19, 78, 148, 259, 104, 96, 55, 21, 235, 17, 70, 16, 48, 16, 8, 136, 337, 40, 22, 26, 62, 91, 56, 138, 0)
s = 192: (0, 31, 249, 249, 199, 118, 209, 70, 43, 43, 79, 14, 66, 92, 112, 86, 45, 37, 121, 11, 109, 20, 177, 47, 37, 36, 50, 26, 178, 109, 51, 87, 72, 55, 219, 96, 33, 135, 42, 6, 59, 129, 219, 10, 62, 107, 66, 71, 79, 93, 119, 93, 82, 48, 186, 35, 57, 65, 116, 12, 86, 121, 54, 36, 102, 32, 8, 21, 51, 94, 195, 138, 88, 55, 64, 121, 16, 128, 16, 65, 12, 12, 80, 243, 53, 60, 20, 82, 86, 64, 209, 0)
s = 193: (0, 54, 291, 190, 298, 99, 173, 94, 85, 40, 63, 21, 58, 52, 140, 94, 52, 22, 105, 13, 102, 16, 148, 103, 38, 41, 52, 26, 113, 57, 82, 94, 101, 64, 132, 91, 44, 137, 57, 5, 77, 138, 190, 8, 52, 133, 65, 95, 115, 96, 128, 83, 49, 56, 91, 31, 37, 33, 58, 20, 83, 229, 121, 25, 127, 35, 6, 25, 64, 77, 136, 214, 173, 46, 41, 326, 15, 104, 19, 117, 18, 10, 143, 267, 26, 34, 27, 55, 109, 72, 157, 0)
s = 194: (0, 42, 175, 167, 211, 81, 258, 54, 83, 27, 36, 12, 31, 97, 130, 62, 58, 19, 62, 14, 115, 20, 91, 42, 42, 19, 105, 33, 97, 60, 77, 66, 60, 55, 286, 135, 28, 100, 84, 9, 130, 166, 255, 19, 45, 167, 55, 122, 119, 93, 47, 122, 42, 112, 183, 43, 69, 48, 75, 12, 54, 225, 98, 21, 156, 25, 16, 31, 66, 86, 241, 289, 117, 66, 42, 170, 19, 59, 17, 103, 15, 9, 85, 210, 32, 37, 23, 83, 92, 43, 161, 0)
s = 195: (0, 52, 129, 133, 152, 146, 222, 32, 71, 62, 60, 21, 58, 44, 191, 46, 53, 29, 116, 12, 78, 17, 164, 73, 36, 22, 114, 20, 72, 61, 83, 109, 55, 72, 200, 147, 43, 121, 57, 6, 56, 212, 204, 10, 73, 153, 65, 53, 53, 86, 59, 86, 70, 58, 113, 33, 29, 24, 75, 13, 79, 294, 44, 36, 135, 30, 9, 20, 73, 67, 313, 204, 91, 83, 40, 109, 18, 137, 15, 55, 20, 10, 146, 234, 26, 43, 50, 85, 80, 55, 144, 0)
s = 196: (0, 57, 291, 218, 191, 154, 208, 36, 97, 44, 45, 13, 73, 102, 94, 50, 36, 32, 72, 12, 97, 14, 104, 38, 61, 18, 66, 24, 127, 61, 40, 54, 125, 40, 199, 80, 43, 152, 41, 8, 97, 201, 256, 12, 83, 86, 69, 85, 47, 112, 102, 61, 66, 60, 141, 27, 35, 74, 58, 11, 66, 163, 78, 26, 219, 37, 8, 26, 74, 127, 302, 200, 119, 57, 23, 171, 17, 86, 15, 86, 15, 10, 113, 270, 65, 27, 22, 34, 109, 34, 160, 0)
s = 197: (0, 45, 167, 310, 259, 136, 137, 53, 123, 50, 49, 13, 74, 94, 94, 77, 43, 33, 118, 10, 80, 14, 78, 43, 37, 40, 52, 31, 145, 56, 113, 100, 92, 49, 176, 153, 75, 76, 49, 5, 68, 168, 308, 16, 97, 129, 48, 67, 59, 76, 54, 122, 58, 72, 171, 21, 37, 65, 74, 10, 59, 163, 63, 30, 185, 33, 8, 18, 52, 138, 304, 138, 143, 75, 19, 215, 23, 119, 21, 77, 14, 11, 162, 208, 53, 34, 20, 46, 88, 38, 245, 0)
s = 198: (0, 63, 161, 211, 285, 131, 148, 103, 72, 40, 61, 15, 37, 42, 129, 98, 35, 33, 124, 8, 94, 16, 194, 44, 25, 50, 67, 27, 133, 55, 68, 109, 111, 61, 151, 68, 39, 68, 63, 8, 60, 86, 293, 9, 60, 91, 90, 50, 99, 117, 95, 144, 49, 110, 134, 35, 45, 53, 55, 21, 99, 175, 76, 24, 150, 49, 11, 20, 63, 121, 251, 104, 154, 37, 24, 216, 10, 67, 27, 87, 17, 13, 157, 166, 42, 31, 33, 33, 130, 85, 145, 0)
s = 199: (0, 61, 150, 141, 279, 110, 246, 66, 80, 51, 68, 18, 60, 92, 79, 111, 48, 24, 97, 9, 124, 20, 158, 33, 39, 26, 53, 19, 79, 68, 51, 104, 91, 56, 157, 57, 65, 148, 45, 9, 119, 202, 174, 16, 91, 93, 48, 65, 112, 81, 59, 95, 42, 51, 95, 22, 42, 27, 87, 11, 72, 125, 85, 24, 199, 40, 14, 15, 95, 77, 229, 163, 144, 78, 38, 197, 17, 96, 18, 79, 12, 8, 135, 161, 34, 46, 42, 42, 85, 46, 220, 0)
s = 200: (0, 47, 140, 210, 199, 89, 193, 50, 55, 27, 55, 14, 33, 63, 82, 86, 28, 26, 97, 14, 89, 22, 103, 61, 50, 48, 61, 21, 125, 102, 59, 96, 99, 58, 199, 112, 25, 80, 44, 4, 102, 121, 346, 9, 76, 108, 72, 46, 71, 66, 66, 107, 34, 89, 101, 17, 46, 47, 79, 13, 57, 128, 68, 24, 192, 71, 12, 36, 90, 85, 225, 235, 99, 50, 26, 137, 14, 82, 38, 91, 10, 12, 97, 213, 68, 48, 30, 44, 87, 92, 163, 0)
************************************************************************
ES/LS-VALUES:
jobnr.   ES(i)    LS(i)
------------------------------------------------------------------------
  0        0        0
  1        0       317
  2        0       325
  3        0       372
  4       18       346
  5       18       344
  6       25       392
  7        7       325
  8       16       337
  9       27       349
 10       25       352
 11       16       357
 12       18       387
 13       35       367
 14       32       355
 15       16       335
 16       41       364
 17       30       358
 18       23       343
 19       41       371
 20        7       359
 21       42       385
 22       32       358
 23       31       360
 24       41       416
 25       50       380
 26       35       364
 27       43       395
 28       12       405
 29       42       375
 30       42       373
 31       50       374
 32       42       375
 33       19       373
 34       36       366
 35       39       407
 36       25       412
 37       24       379
 38       24       427
 39       19       361
 40       41       362
 41       32       398
 42       55       420
 43       45       417
 44       42       377
 45       49       412
 46       51       401
 47       31       404
 48       31       376
 49       51       424
 50       41       365
 51       40       367
 52       27       377
 53       27       355
 54       35       416
 55       12       411
 56       54       376
 57       12       385
 58       36       365
 59       58       386
 60       65       429
 61       55       390
 62       59       382
 63       51       384
 64       62       387
 65       68       434
 66       62       417
 67       76       442
 68       71       407
 69       67       391
 70       46       371
 71       60       394
 72       63       389
 73       58       394
 74       71       432
 75       76       401
 76       64       419
 77       59       388
 78       86       423
 79       87       413
 80       78       418
 81       70       400
 82       98       425
 83       85       410
 84       83       424
 85       98       435
 86       85       440
 87       104       430
 88       112       440
 89       88       444
 90       112       439
 91       130       458
************************************************************************
BIG-M-VALUES:
M1 = 37, M2 = 458
************************************************************************
