************************************************************************
file with basedata            : mm53_.bas
initial value random generator: 9424
************************************************************************
projects                      :  1
jobs (incl. supersource/sink ):  12
horizon                       :  91
RESOURCES
  - renewable                 :  2   R
  - nonrenewable              :  2   N
  - doubly constrained        :  0   D
************************************************************************
PROJECT INFORMATION:
pronr.  #jobs rel.date duedate tardcost  MPM-Time
    1     10      0       16        8       16
************************************************************************
PRECEDENCE RELATIONS:
jobnr.    #modes  #successors   successors
   0        1          3           1   2   3
   1        3          2           4   7
   2        3          1           5
   3        3          3           5   6   7
   4        3          2           8  10
   5        3          1          10
   6        3          2           8   9
   7        3          1           9
   8        3          1          11
   9        3          1          11
  10        3          1          11
  11        1          0        
************************************************************************
REQUESTS/DURATIONS:
jobnr. mode duration  R 1  R 2  R 3  R 4  E(W 1)  E(W 2)  E(W 3)
------------------------------------------------------------------------
  0      1     0       0    0    0    0     0       0       0
  1      1     6       4    3   10    5    42      60      30
  2      1     1      10    8    7    7    18       7       7
  3      1     6       7    7    3    2    84      18      12
  4      1     2       6    7    8    6    26      16      12
  5      1     3       5    7    5    6    36      15      18
  6      1     1      10   10    5    8    20       5       8
  7      1     4       5    5    5    9    40      20      36
  8      1     3       2   10    2    8    36       6      24
  9      1     1       6   10    4    3    16       4       3
 10      1     7       9    9    5    9    126      35      63
 11      1     0       0    0    0    0     0       0       0
************************************************************************
RESOURCEAVAILABILITIES:
  R 1  R 2  R 3
   45   33   48
************************************************************************
RESOURCE LIMITS:
jobnr.  l(R 1)  u(R 1)  l(R 2)  u(R 2)  l(R 3)  u(R 3)
------------------------------------------------------------------------
  0        0       0       0       0       0       0
  1        4       7       5      10       3       5
  2        9      18       4       7       4       7
  3        8      14       2       3       1       2
  4        7      13       4       8       3       6
  5        7      12       3       5       3       6
  6       10      20       3       5       4       8
  7        6      10       3       5       5       9
  8        6      12       1       2       4       8
  9        8      16       2       4       2       3
 10       10      18       3       5       5       9
 11        0       0       0       0       0       0
************************************************************************
SCENARIOS:
------------------------------------------------------------------------
RESOURCE k = 1
s = 1: (0, 50, 16, 82, 23, 51, 14, 36, 40, 15, 75, 0)
s = 2: (0, 31, 22, 55, 16, 29, 16, 25, 30, 14, 100, 0)
s = 3: (0, 29, 19, 78, 23, 39, 20, 43, 32, 27, 169, 0)
s = 4: (0, 28, 23, 92, 30, 35, 19, 37, 52, 17, 169, 0)
s = 5: (0, 26, 21, 67, 27, 50, 23, 44, 37, 18, 132, 0)
s = 6: (0, 36, 25, 74, 21, 39, 25, 40, 34, 17, 114, 0)
s = 7: (0, 38, 15, 87, 26, 54, 18, 31, 32, 17, 122, 0)
s = 8: (0, 30, 16, 77, 28, 45, 21, 34, 42, 20, 75, 0)
s = 9: (0, 67, 14, 69, 19, 51, 16, 25, 32, 11, 78, 0)
s = 10: (0, 26, 15, 89, 24, 46, 23, 38, 28, 26, 127, 0)
s = 11: (0, 84, 11, 105, 22, 38, 15, 40, 39, 16, 167, 0)
s = 12: (0, 46, 19, 78, 22, 47, 25, 26, 21, 17, 118, 0)
s = 13: (0, 29, 14, 114, 21, 23, 16, 31, 38, 17, 162, 0)
s = 14: (0, 41, 18, 91, 27, 28, 25, 69, 46, 12, 148, 0)
s = 15: (0, 48, 12, 60, 19, 41, 23, 35, 34, 15, 69, 0)
s = 16: (0, 48, 15, 84, 25, 37, 16, 57, 61, 21, 95, 0)
s = 17: (0, 42, 22, 79, 29, 24, 16, 38, 51, 22, 159, 0)
s = 18: (0, 72, 24, 88, 32, 41, 18, 39, 31, 12, 102, 0)
s = 19: (0, 41, 26, 81, 38, 34, 16, 29, 33, 16, 82, 0)
s = 20: (0, 58, 17, 77, 34, 27, 22, 64, 19, 17, 175, 0)
s = 21: (0, 24, 22, 103, 41, 36, 19, 42, 24, 13, 144, 0)
s = 22: (0, 41, 16, 123, 37, 33, 16, 38, 27, 11, 126, 0)
s = 23: (0, 53, 22, 69, 28, 39, 15, 43, 60, 20, 158, 0)
s = 24: (0, 37, 14, 107, 31, 26, 26, 71, 21, 21, 97, 0)
s = 25: (0, 33, 22, 75, 34, 26, 19, 50, 43, 16, 105, 0)
s = 26: (0, 32, 18, 59, 36, 32, 14, 52, 37, 14, 99, 0)
s = 27: (0, 32, 15, 59, 16, 27, 20, 36, 53, 18, 107, 0)
s = 28: (0, 35, 18, 140, 33, 52, 16, 61, 40, 15, 160, 0)
s = 29: (0, 47, 12, 53, 25, 66, 22, 32, 50, 14, 99, 0)
s = 30: (0, 43, 28, 97, 24, 43, 21, 46, 36, 12, 84, 0)
s = 31: (0, 31, 25, 59, 45, 41, 15, 48, 39, 20, 131, 0)
s = 32: (0, 61, 12, 64, 23, 33, 18, 37, 37, 12, 109, 0)
s = 33: (0, 30, 18, 120, 17, 44, 16, 53, 22, 18, 167, 0)
s = 34: (0, 37, 13, 82, 32, 32, 25, 63, 53, 10, 158, 0)
s = 35: (0, 29, 26, 89, 32, 22, 21, 40, 36, 15, 93, 0)
s = 36: (0, 46, 25, 112, 17, 45, 13, 56, 36, 10, 91, 0)
s = 37: (0, 33, 16, 126, 27, 41, 22, 28, 35, 14, 162, 0)
s = 38: (0, 40, 16, 52, 23, 46, 21, 27, 34, 22, 114, 0)
s = 39: (0, 32, 22, 90, 24, 27, 18, 27, 44, 9, 91, 0)
s = 40: (0, 35, 13, 93, 23, 24, 18, 39, 32, 26, 90, 0)
s = 41: (0, 51, 13, 95, 19, 53, 28, 48, 47, 17, 146, 0)
s = 42: (0, 43, 25, 62, 18, 40, 21, 23, 46, 21, 156, 0)
s = 43: (0, 32, 21, 148, 32, 34, 20, 46, 23, 14, 189, 0)
s = 44: (0, 47, 14, 145, 21, 46, 18, 37, 33, 12, 122, 0)
s = 45: (0, 39, 18, 63, 20, 35, 29, 38, 26, 10, 116, 0)
s = 46: (0, 65, 22, 86, 26, 49, 13, 22, 39, 19, 108, 0)
s = 47: (0, 30, 12, 78, 32, 28, 22, 42, 41, 11, 108, 0)
s = 48: (0, 33, 24, 119, 22, 50, 13, 37, 25, 14, 135, 0)
s = 49: (0, 64, 18, 57, 38, 31, 17, 29, 27, 23, 161, 0)
s = 50: (0, 72, 18, 81, 23, 39, 19, 28, 33, 11, 92, 0)
s = 51: (0, 49, 16, 107, 33, 40, 14, 30, 27, 14, 130, 0)
s = 52: (0, 44, 22, 54, 27, 59, 29, 35, 20, 17, 162, 0)
s = 53: (0, 34, 15, 104, 23, 35, 23, 32, 28, 18, 126, 0)
s = 54: (0, 61, 24, 57, 32, 34, 14, 41, 40, 12, 164, 0)
s = 55: (0, 29, 21, 86, 15, 25, 15, 23, 25, 11, 222, 0)
s = 56: (0, 44, 18, 66, 27, 30, 19, 26, 27, 11, 113, 0)
s = 57: (0, 37, 14, 103, 29, 42, 18, 25, 46, 11, 160, 0)
s = 58: (0, 41, 16, 90, 25, 26, 18, 42, 36, 17, 75, 0)
s = 59: (0, 34, 13, 75, 26, 37, 25, 42, 43, 14, 94, 0)
s = 60: (0, 43, 20, 137, 20, 27, 22, 60, 62, 18, 155, 0)
s = 61: (0, 49, 25, 113, 18, 33, 18, 36, 28, 22, 64, 0)
s = 62: (0, 35, 17, 80, 24, 22, 15, 27, 34, 12, 154, 0)
s = 63: (0, 33, 22, 74, 19, 56, 22, 40, 42, 23, 78, 0)
s = 64: (0, 51, 23, 94, 21, 32, 23, 42, 34, 9, 181, 0)
s = 65: (0, 24, 18, 86, 20, 22, 19, 47, 39, 18, 169, 0)
s = 66: (0, 42, 20, 130, 28, 26, 18, 64, 60, 16, 153, 0)
s = 67: (0, 53, 15, 92, 33, 48, 15, 27, 41, 15, 134, 0)
s = 68: (0, 49, 17, 101, 31, 24, 18, 31, 26, 13, 99, 0)
s = 69: (0, 37, 14, 55, 30, 42, 21, 57, 27, 21, 104, 0)
s = 70: (0, 36, 15, 131, 37, 44, 14, 35, 30, 14, 99, 0)
s = 71: (0, 27, 22, 73, 20, 25, 19, 54, 29, 15, 154, 0)
s = 72: (0, 28, 16, 76, 18, 37, 27, 32, 56, 22, 130, 0)
s = 73: (0, 50, 14, 62, 27, 32, 18, 25, 28, 15, 161, 0)
s = 74: (0, 37, 13, 132, 35, 34, 19, 29, 20, 19, 130, 0)
s = 75: (0, 51, 18, 93, 22, 29, 16, 45, 51, 9, 229, 0)
s = 76: (0, 47, 11, 102, 21, 29, 20, 43, 26, 9, 189, 0)
s = 77: (0, 37, 18, 69, 38, 48, 16, 38, 26, 13, 101, 0)
s = 78: (0, 61, 22, 87, 21, 26, 18, 30, 20, 9, 125, 0)
s = 79: (0, 40, 13, 106, 44, 20, 26, 53, 28, 19, 87, 0)
s = 80: (0, 30, 23, 154, 21, 38, 21, 49, 26, 12, 109, 0)
s = 81: (0, 31, 19, 56, 29, 29, 17, 50, 27, 10, 146, 0)
s = 82: (0, 72, 13, 67, 24, 39, 22, 47, 26, 18, 129, 0)
s = 83: (0, 43, 19, 88, 36, 29, 15, 50, 26, 18, 73, 0)
s = 84: (0, 68, 13, 100, 17, 43, 15, 33, 42, 12, 78, 0)
s = 85: (0, 43, 18, 120, 24, 50, 17, 30, 43, 22, 152, 0)
s = 86: (0, 61, 12, 65, 39, 26, 14, 42, 24, 19, 133, 0)
s = 87: (0, 36, 15, 94, 18, 26, 16, 52, 27, 20, 107, 0)
s = 88: (0, 44, 33, 106, 35, 23, 17, 32, 22, 29, 168, 0)
s = 89: (0, 35, 21, 90, 19, 22, 25, 27, 33, 12, 79, 0)
s = 90: (0, 43, 14, 85, 24, 63, 22, 46, 42, 13, 96, 0)
s = 91: (0, 36, 13, 65, 23, 52, 19, 28, 50, 19, 89, 0)
s = 92: (0, 38, 15, 66, 27, 39, 19, 24, 46, 17, 85, 0)
s = 93: (0, 56, 13, 107, 19, 30, 28, 31, 42, 23, 75, 0)
s = 94: (0, 57, 18, 68, 19, 47, 21, 45, 64, 14, 122, 0)
s = 95: (0, 46, 22, 56, 42, 34, 25, 43, 36, 13, 101, 0)
s = 96: (0, 28, 18, 78, 17, 43, 31, 44, 66, 10, 83, 0)
s = 97: (0, 31, 18, 87, 28, 38, 26, 29, 27, 12, 113, 0)
s = 98: (0, 51, 14, 72, 24, 28, 24, 49, 30, 19, 168, 0)
s = 99: (0, 32, 13, 137, 23, 35, 26, 37, 29, 21, 88, 0)
s = 100: (0, 25, 12, 127, 36, 40, 17, 29, 33, 16, 127, 0)
s = 101: (0, 52, 14, 73, 33, 40, 28, 43, 39, 17, 101, 0)
s = 102: (0, 28, 17, 91, 23, 35, 16, 57, 34, 13, 147, 0)
s = 103: (0, 73, 11, 53, 36, 39, 23, 32, 44, 17, 148, 0)
s = 104: (0, 23, 13, 81, 22, 37, 20, 25, 58, 14, 78, 0)
s = 105: (0, 43, 24, 99, 15, 48, 13, 34, 64, 16, 134, 0)
s = 106: (0, 52, 23, 61, 48, 38, 20, 30, 34, 16, 107, 0)
s = 107: (0, 46, 18, 85, 40, 34, 16, 40, 25, 15, 80, 0)
s = 108: (0, 37, 25, 121, 36, 32, 38, 31, 35, 19, 105, 0)
s = 109: (0, 38, 12, 132, 18, 28, 14, 50, 39, 27, 79, 0)
s = 110: (0, 79, 20, 81, 23, 26, 20, 35, 25, 14, 112, 0)
s = 111: (0, 50, 18, 116, 21, 46, 32, 67, 48, 17, 125, 0)
s = 112: (0, 56, 23, 48, 37, 28, 11, 60, 36, 12, 85, 0)
s = 113: (0, 49, 22, 141, 50, 19, 21, 38, 41, 20, 124, 0)
s = 114: (0, 35, 14, 65, 17, 30, 25, 27, 28, 9, 120, 0)
s = 115: (0, 62, 30, 101, 25, 26, 33, 58, 35, 24, 125, 0)
s = 116: (0, 35, 18, 57, 26, 52, 20, 39, 39, 14, 119, 0)
s = 117: (0, 74, 15, 60, 42, 38, 23, 72, 43, 13, 106, 0)
s = 118: (0, 33, 26, 92, 42, 52, 16, 53, 23, 27, 133, 0)
s = 119: (0, 47, 15, 56, 42, 32, 39, 50, 25, 16, 148, 0)
s = 120: (0, 67, 23, 78, 33, 23, 16, 40, 37, 21, 93, 0)
s = 121: (0, 47, 19, 117, 24, 46, 28, 58, 25, 12, 129, 0)
s = 122: (0, 69, 16, 82, 32, 33, 22, 46, 41, 18, 219, 0)
s = 123: (0, 42, 13, 82, 20, 46, 14, 22, 34, 14, 153, 0)
s = 124: (0, 38, 16, 70, 24, 32, 15, 45, 28, 21, 128, 0)
s = 125: (0, 40, 18, 74, 19, 44, 28, 36, 28, 21, 108, 0)
s = 126: (0, 49, 12, 79, 22, 57, 18, 28, 60, 27, 97, 0)
s = 127: (0, 58, 22, 54, 24, 50, 12, 46, 43, 14, 91, 0)
s = 128: (0, 39, 16, 76, 23, 46, 17, 36, 43, 12, 129, 0)
s = 129: (0, 42, 13, 87, 30, 34, 14, 43, 30, 12, 154, 0)
s = 130: (0, 45, 16, 91, 36, 37, 17, 48, 53, 13, 133, 0)
s = 131: (0, 26, 16, 61, 41, 23, 16, 39, 33, 10, 138, 0)
s = 132: (0, 65, 26, 76, 18, 55, 22, 39, 30, 17, 145, 0)
s = 133: (0, 26, 19, 106, 22, 47, 20, 32, 22, 18, 134, 0)
s = 134: (0, 34, 18, 93, 28, 29, 18, 45, 53, 19, 97, 0)
s = 135: (0, 49, 24, 72, 22, 30, 21, 30, 26, 12, 120, 0)
s = 136: (0, 25, 11, 93, 29, 28, 27, 38, 43, 27, 104, 0)
s = 137: (0, 29, 28, 80, 16, 28, 14, 33, 39, 17, 157, 0)
s = 138: (0, 40, 14, 88, 18, 33, 26, 45, 54, 13, 100, 0)
s = 139: (0, 28, 19, 72, 24, 46, 27, 52, 44, 12, 101, 0)
s = 140: (0, 75, 14, 51, 26, 32, 31, 50, 38, 23, 165, 0)
s = 141: (0, 46, 19, 105, 18, 45, 28, 34, 34, 15, 69, 0)
s = 142: (0, 39, 18, 124, 38, 25, 26, 52, 29, 24, 209, 0)
s = 143: (0, 26, 19, 91, 32, 43, 19, 29, 47, 26, 136, 0)
s = 144: (0, 37, 21, 82, 32, 51, 11, 43, 43, 10, 150, 0)
s = 145: (0, 31, 18, 76, 25, 28, 24, 51, 46, 13, 92, 0)
s = 146: (0, 48, 17, 52, 32, 35, 25, 46, 41, 16, 178, 0)
s = 147: (0, 47, 18, 76, 29, 41, 20, 58, 32, 9, 118, 0)
s = 148: (0, 48, 14, 89, 24, 41, 24, 42, 38, 12, 138, 0)
s = 149: (0, 58, 19, 80, 41, 33, 22, 56, 26, 15, 160, 0)
s = 150: (0, 23, 14, 114, 20, 21, 12, 30, 41, 14, 173, 0)
s = 151: (0, 47, 19, 59, 24, 20, 25, 26, 43, 22, 103, 0)
s = 152: (0, 24, 16, 104, 25, 51, 22, 27, 40, 13, 152, 0)
s = 153: (0, 44, 14, 80, 16, 50, 22, 30, 34, 21, 222, 0)
s = 154: (0, 43, 18, 119, 32, 41, 22, 60, 28, 13, 88, 0)
s = 155: (0, 35, 14, 114, 38, 48, 18, 67, 37, 19, 109, 0)
s = 156: (0, 59, 20, 61, 18, 42, 25, 23, 23, 20, 86, 0)
s = 157: (0, 56, 13, 80, 20, 21, 17, 54, 29, 19, 174, 0)
s = 158: (0, 25, 25, 87, 14, 37, 24, 30, 31, 13, 115, 0)
s = 159: (0, 49, 24, 116, 16, 44, 18, 41, 42, 11, 108, 0)
s = 160: (0, 28, 18, 49, 31, 27, 16, 48, 38, 17, 93, 0)
s = 161: (0, 65, 14, 91, 15, 36, 37, 41, 39, 11, 122, 0)
s = 162: (0, 35, 22, 107, 18, 22, 18, 38, 30, 11, 118, 0)
s = 163: (0, 29, 16, 72, 27, 32, 22, 33, 36, 10, 137, 0)
s = 164: (0, 27, 11, 53, 19, 29, 29, 35, 37, 10, 95, 0)
s = 165: (0, 77, 14, 135, 31, 57, 22, 29, 53, 20, 200, 0)
s = 166: (0, 52, 14, 139, 20, 20, 13, 33, 21, 15, 148, 0)
s = 167: (0, 28, 24, 93, 26, 50, 21, 45, 40, 18, 143, 0)
s = 168: (0, 29, 14, 64, 22, 28, 20, 31, 31, 11, 138, 0)
s = 169: (0, 34, 12, 57, 18, 56, 22, 46, 31, 15, 108, 0)
s = 170: (0, 36, 18, 67, 36, 33, 15, 42, 67, 19, 91, 0)
s = 171: (0, 28, 22, 79, 25, 24, 14, 37, 39, 20, 81, 0)
s = 172: (0, 58, 18, 84, 15, 30, 16, 53, 38, 13, 201, 0)
s = 173: (0, 24, 33, 114, 25, 22, 14, 52, 34, 18, 119, 0)
s = 174: (0, 41, 23, 53, 28, 43, 15, 33, 37, 19, 97, 0)
s = 175: (0, 30, 15, 77, 36, 28, 19, 27, 28, 28, 98, 0)
s = 176: (0, 43, 17, 70, 21, 42, 26, 37, 21, 11, 204, 0)
s = 177: (0, 53, 17, 86, 15, 34, 17, 29, 21, 10, 140, 0)
s = 178: (0, 43, 18, 51, 23, 49, 24, 35, 40, 16, 104, 0)
s = 179: (0, 45, 28, 102, 28, 26, 22, 41, 26, 15, 215, 0)
s = 180: (0, 39, 12, 102, 21, 45, 15, 45, 24, 12, 161, 0)
s = 181: (0, 44, 15, 85, 40, 27, 18, 74, 29, 19, 130, 0)
s = 182: (0, 24, 17, 84, 25, 36, 29, 60, 32, 25, 95, 0)
s = 183: (0, 41, 22, 101, 17, 57, 14, 52, 61, 14, 88, 0)
s = 184: (0, 26, 18, 77, 20, 29, 15, 36, 26, 10, 225, 0)
s = 185: (0, 30, 19, 61, 18, 33, 17, 37, 34, 18, 142, 0)
s = 186: (0, 33, 22, 100, 26, 25, 11, 38, 21, 14, 91, 0)
s = 187: (0, 34, 31, 101, 27, 48, 23, 35, 39, 18, 172, 0)
s = 188: (0, 81, 14, 67, 29, 36, 15, 63, 25, 15, 150, 0)
s = 189: (0, 25, 13, 110, 18, 41, 35, 43, 40, 26, 142, 0)
s = 190: (0, 37, 22, 79, 18, 26, 16, 30, 64, 13, 124, 0)
s = 191: (0, 41, 15, 64, 19, 38, 20, 45, 36, 13, 92, 0)
s = 192: (0, 44, 15, 111, 18, 43, 22, 48, 54, 17, 170, 0)
s = 193: (0, 33, 20, 82, 21, 56, 26, 29, 32, 24, 81, 0)
s = 194: (0, 43, 12, 119, 26, 45, 33, 35, 48, 20, 80, 0)
s = 195: (0, 52, 14, 117, 17, 27, 19, 54, 28, 24, 204, 0)
s = 196: (0, 33, 16, 100, 37, 34, 23, 58, 23, 14, 226, 0)
s = 197: (0, 43, 23, 97, 18, 36, 16, 71, 26, 17, 87, 0)
s = 198: (0, 47, 18, 70, 36, 45, 17, 71, 33, 22, 84, 0)
s = 199: (0, 27, 18, 124, 24, 42, 22, 46, 38, 16, 130, 0)
s = 200: (0, 38, 13, 135, 19, 38, 31, 40, 46, 10, 72, 0)
------------------------------------------------------------------------
RESOURCE k = 2
s = 1: (0, 71, 7, 18, 14, 21, 4, 18, 7, 4, 21, 0)
s = 2: (0, 45, 9, 12, 10, 13, 4, 13, 5, 4, 28, 0)
s = 3: (0, 41, 8, 17, 14, 16, 5, 22, 6, 7, 47, 0)
s = 4: (0, 40, 9, 20, 19, 15, 5, 19, 9, 5, 47, 0)
s = 5: (0, 37, 8, 15, 17, 21, 6, 22, 7, 5, 37, 0)
s = 6: (0, 52, 10, 16, 13, 17, 7, 20, 6, 5, 32, 0)
s = 7: (0, 55, 6, 19, 16, 23, 5, 16, 6, 5, 34, 0)
s = 8: (0, 43, 7, 17, 17, 19, 6, 17, 7, 5, 21, 0)
s = 9: (0, 96, 6, 15, 12, 22, 4, 13, 6, 3, 22, 0)
s = 10: (0, 37, 6, 19, 15, 20, 6, 19, 5, 7, 36, 0)
s = 11: (0, 120, 4, 23, 14, 16, 4, 20, 7, 4, 47, 0)
s = 12: (0, 65, 8, 17, 14, 20, 7, 13, 4, 5, 33, 0)
s = 13: (0, 41, 6, 25, 13, 10, 4, 16, 7, 5, 45, 0)
s = 14: (0, 59, 7, 20, 17, 12, 7, 35, 8, 3, 42, 0)
s = 15: (0, 69, 5, 13, 12, 17, 6, 18, 6, 4, 20, 0)
s = 16: (0, 69, 6, 18, 16, 16, 4, 29, 11, 6, 27, 0)
s = 17: (0, 60, 9, 17, 18, 10, 4, 19, 9, 6, 45, 0)
s = 18: (0, 102, 10, 19, 20, 17, 5, 20, 6, 3, 29, 0)
s = 19: (0, 58, 10, 18, 24, 15, 4, 15, 6, 4, 23, 0)
s = 20: (0, 83, 7, 17, 21, 11, 6, 32, 4, 5, 49, 0)
s = 21: (0, 34, 9, 23, 25, 15, 5, 21, 4, 4, 40, 0)
s = 22: (0, 58, 6, 27, 23, 14, 4, 19, 5, 3, 35, 0)
s = 23: (0, 75, 9, 15, 17, 17, 4, 22, 10, 5, 44, 0)
s = 24: (0, 53, 6, 23, 19, 11, 7, 36, 4, 6, 27, 0)
s = 25: (0, 47, 9, 16, 21, 11, 5, 25, 8, 4, 30, 0)
s = 26: (0, 46, 7, 13, 22, 14, 4, 26, 7, 4, 28, 0)
s = 27: (0, 45, 6, 13, 10, 11, 5, 18, 9, 5, 30, 0)
s = 28: (0, 50, 7, 30, 21, 22, 4, 31, 7, 4, 45, 0)
s = 29: (0, 68, 5, 12, 16, 28, 6, 16, 9, 4, 28, 0)
s = 30: (0, 61, 11, 21, 15, 18, 6, 23, 6, 3, 24, 0)
s = 31: (0, 44, 10, 13, 28, 17, 4, 24, 7, 5, 37, 0)
s = 32: (0, 87, 5, 14, 14, 14, 5, 19, 7, 3, 31, 0)
s = 33: (0, 43, 7, 26, 11, 19, 4, 27, 4, 5, 47, 0)
s = 34: (0, 53, 5, 18, 20, 14, 7, 32, 9, 3, 44, 0)
s = 35: (0, 42, 10, 19, 20, 10, 6, 20, 6, 4, 26, 0)
s = 36: (0, 65, 10, 24, 11, 19, 4, 28, 6, 3, 26, 0)
s = 37: (0, 47, 7, 27, 17, 17, 6, 14, 6, 4, 45, 0)
s = 38: (0, 57, 7, 12, 14, 19, 6, 14, 6, 6, 32, 0)
s = 39: (0, 45, 9, 20, 15, 12, 5, 14, 8, 3, 26, 0)
s = 40: (0, 50, 6, 20, 14, 10, 5, 20, 6, 7, 25, 0)
s = 41: (0, 72, 6, 21, 12, 23, 7, 24, 8, 5, 41, 0)
s = 42: (0, 62, 10, 14, 11, 17, 6, 12, 8, 6, 44, 0)
s = 43: (0, 46, 9, 32, 20, 14, 5, 23, 4, 4, 53, 0)
s = 44: (0, 67, 6, 31, 13, 20, 5, 19, 6, 3, 34, 0)
s = 45: (0, 55, 7, 14, 12, 15, 8, 19, 5, 3, 33, 0)
s = 46: (0, 93, 9, 19, 16, 21, 4, 11, 7, 5, 30, 0)
s = 47: (0, 42, 5, 17, 20, 12, 6, 21, 7, 3, 30, 0)
s = 48: (0, 48, 10, 26, 14, 21, 4, 19, 5, 4, 38, 0)
s = 49: (0, 91, 7, 13, 24, 13, 5, 15, 5, 6, 45, 0)
s = 50: (0, 103, 7, 18, 14, 17, 5, 14, 6, 3, 26, 0)
s = 51: (0, 70, 6, 23, 21, 17, 4, 15, 5, 4, 37, 0)
s = 52: (0, 62, 9, 12, 17, 25, 8, 18, 4, 5, 45, 0)
s = 53: (0, 48, 6, 23, 14, 15, 6, 16, 5, 5, 35, 0)
s = 54: (0, 87, 10, 13, 20, 14, 4, 21, 7, 3, 46, 0)
s = 55: (0, 41, 9, 19, 9, 11, 4, 12, 5, 3, 62, 0)
s = 56: (0, 63, 7, 14, 17, 13, 5, 13, 5, 3, 32, 0)
s = 57: (0, 53, 6, 23, 18, 18, 5, 13, 8, 3, 45, 0)
s = 58: (0, 59, 7, 20, 15, 11, 5, 21, 6, 5, 21, 0)
s = 59: (0, 49, 5, 16, 16, 16, 7, 21, 8, 4, 26, 0)
s = 60: (0, 61, 8, 30, 13, 11, 6, 30, 11, 5, 43, 0)
s = 61: (0, 70, 10, 25, 11, 14, 5, 18, 5, 6, 18, 0)
s = 62: (0, 50, 7, 17, 15, 9, 4, 14, 6, 3, 43, 0)
s = 63: (0, 46, 9, 16, 12, 24, 6, 20, 7, 6, 22, 0)
s = 64: (0, 72, 9, 21, 13, 14, 6, 21, 6, 3, 51, 0)
s = 65: (0, 34, 7, 19, 13, 9, 5, 24, 7, 5, 47, 0)
s = 66: (0, 60, 8, 28, 18, 11, 5, 32, 10, 4, 43, 0)
s = 67: (0, 75, 6, 20, 20, 20, 4, 14, 7, 4, 38, 0)
s = 68: (0, 70, 7, 22, 19, 10, 5, 16, 5, 4, 28, 0)
s = 69: (0, 53, 6, 12, 19, 18, 6, 29, 5, 6, 29, 0)
s = 70: (0, 52, 6, 28, 23, 19, 4, 18, 5, 4, 28, 0)
s = 71: (0, 39, 9, 16, 12, 11, 5, 27, 5, 4, 43, 0)
s = 72: (0, 40, 6, 17, 11, 16, 7, 16, 10, 6, 37, 0)
s = 73: (0, 72, 6, 14, 17, 14, 5, 13, 5, 4, 45, 0)
s = 74: (0, 53, 5, 29, 22, 14, 5, 15, 4, 5, 37, 0)
s = 75: (0, 73, 7, 20, 14, 12, 4, 23, 9, 3, 64, 0)
s = 76: (0, 67, 5, 22, 13, 12, 5, 22, 5, 3, 53, 0)
s = 77: (0, 53, 7, 15, 24, 20, 4, 19, 5, 4, 28, 0)
s = 78: (0, 87, 9, 19, 13, 11, 5, 15, 4, 3, 35, 0)
s = 79: (0, 57, 5, 23, 27, 9, 7, 27, 5, 5, 25, 0)
s = 80: (0, 43, 9, 33, 13, 16, 6, 25, 5, 3, 31, 0)
s = 81: (0, 44, 8, 12, 18, 13, 5, 25, 5, 3, 41, 0)
s = 82: (0, 103, 5, 15, 15, 17, 6, 24, 5, 5, 36, 0)
s = 83: (0, 62, 8, 19, 23, 12, 4, 25, 5, 5, 21, 0)
s = 84: (0, 97, 5, 22, 10, 18, 4, 17, 7, 3, 22, 0)
s = 85: (0, 61, 7, 26, 15, 21, 5, 15, 8, 6, 43, 0)
s = 86: (0, 87, 5, 14, 24, 11, 4, 21, 4, 5, 37, 0)
s = 87: (0, 51, 6, 21, 11, 11, 4, 26, 5, 5, 30, 0)
s = 88: (0, 62, 13, 23, 21, 10, 5, 16, 4, 8, 47, 0)
s = 89: (0, 49, 8, 20, 12, 10, 7, 14, 6, 3, 22, 0)
s = 90: (0, 61, 6, 19, 15, 27, 6, 23, 7, 4, 27, 0)
s = 91: (0, 51, 5, 14, 14, 22, 5, 14, 9, 5, 25, 0)
s = 92: (0, 53, 6, 15, 17, 16, 5, 12, 8, 5, 24, 0)
s = 93: (0, 79, 5, 23, 12, 13, 7, 16, 7, 6, 21, 0)
s = 94: (0, 81, 7, 15, 12, 20, 6, 23, 11, 4, 34, 0)
s = 95: (0, 66, 9, 12, 26, 14, 7, 22, 6, 4, 28, 0)
s = 96: (0, 40, 7, 17, 10, 18, 8, 22, 11, 3, 23, 0)
s = 97: (0, 44, 7, 19, 18, 16, 7, 15, 5, 3, 32, 0)
s = 98: (0, 73, 6, 16, 15, 12, 6, 25, 5, 5, 47, 0)
s = 99: (0, 45, 5, 30, 15, 15, 7, 19, 5, 6, 25, 0)
s = 100: (0, 35, 5, 28, 22, 17, 5, 15, 6, 4, 36, 0)
s = 101: (0, 75, 6, 16, 21, 17, 7, 22, 7, 5, 28, 0)
s = 102: (0, 39, 7, 20, 14, 15, 4, 29, 6, 4, 41, 0)
s = 103: (0, 103, 5, 12, 22, 16, 6, 16, 8, 5, 41, 0)
s = 104: (0, 33, 5, 18, 14, 16, 5, 13, 10, 4, 22, 0)
s = 105: (0, 61, 10, 22, 9, 20, 4, 17, 11, 4, 38, 0)
s = 106: (0, 75, 9, 13, 29, 16, 5, 15, 6, 4, 30, 0)
s = 107: (0, 65, 7, 19, 25, 15, 4, 20, 5, 4, 23, 0)
s = 108: (0, 53, 10, 26, 22, 14, 10, 16, 6, 5, 29, 0)
s = 109: (0, 54, 5, 29, 11, 12, 4, 25, 7, 7, 22, 0)
s = 110: (0, 113, 8, 18, 14, 11, 5, 18, 5, 4, 31, 0)
s = 111: (0, 71, 7, 25, 13, 20, 8, 34, 8, 5, 35, 0)
s = 112: (0, 80, 9, 11, 23, 12, 3, 30, 6, 3, 24, 0)
s = 113: (0, 70, 9, 31, 31, 8, 6, 19, 7, 5, 35, 0)
s = 114: (0, 49, 6, 14, 11, 13, 7, 14, 5, 3, 34, 0)
s = 115: (0, 88, 12, 22, 16, 11, 9, 29, 6, 6, 35, 0)
s = 116: (0, 49, 7, 13, 16, 22, 5, 20, 7, 4, 33, 0)
s = 117: (0, 106, 6, 13, 26, 16, 6, 36, 8, 4, 30, 0)
s = 118: (0, 47, 10, 20, 26, 22, 4, 27, 4, 7, 37, 0)
s = 119: (0, 67, 6, 12, 26, 14, 10, 25, 5, 4, 42, 0)
s = 120: (0, 95, 9, 17, 20, 10, 4, 20, 7, 6, 26, 0)
s = 121: (0, 66, 8, 25, 15, 19, 7, 29, 5, 3, 36, 0)
s = 122: (0, 98, 7, 18, 20, 14, 6, 23, 7, 5, 61, 0)
s = 123: (0, 60, 6, 18, 12, 19, 4, 11, 6, 4, 43, 0)
s = 124: (0, 55, 6, 15, 15, 14, 4, 23, 5, 6, 36, 0)
s = 125: (0, 57, 7, 16, 12, 19, 7, 18, 5, 6, 30, 0)
s = 126: (0, 69, 5, 17, 14, 24, 5, 14, 10, 7, 27, 0)
s = 127: (0, 83, 9, 12, 15, 21, 3, 23, 8, 4, 26, 0)
s = 128: (0, 56, 6, 17, 15, 20, 5, 18, 8, 3, 36, 0)
s = 129: (0, 60, 5, 19, 19, 14, 4, 22, 5, 3, 43, 0)
s = 130: (0, 64, 7, 20, 22, 16, 5, 24, 9, 4, 37, 0)
s = 131: (0, 37, 6, 14, 25, 10, 4, 20, 6, 3, 39, 0)
s = 132: (0, 92, 11, 17, 11, 23, 6, 20, 5, 5, 41, 0)
s = 133: (0, 37, 8, 23, 13, 20, 5, 16, 4, 5, 38, 0)
s = 134: (0, 49, 7, 20, 18, 12, 5, 23, 9, 5, 27, 0)
s = 135: (0, 69, 10, 16, 14, 13, 6, 15, 5, 3, 34, 0)
s = 136: (0, 35, 5, 20, 18, 12, 7, 19, 8, 7, 29, 0)
s = 137: (0, 41, 11, 17, 10, 12, 4, 17, 7, 5, 44, 0)
s = 138: (0, 57, 6, 19, 11, 14, 7, 23, 9, 4, 28, 0)
s = 139: (0, 40, 8, 16, 15, 19, 7, 26, 8, 3, 28, 0)
s = 140: (0, 107, 6, 11, 16, 13, 8, 25, 7, 6, 46, 0)
s = 141: (0, 66, 8, 23, 12, 19, 7, 17, 6, 4, 20, 0)
s = 142: (0, 56, 7, 27, 23, 11, 7, 26, 5, 6, 58, 0)
s = 143: (0, 37, 8, 20, 20, 18, 5, 15, 8, 7, 38, 0)
s = 144: (0, 53, 8, 18, 20, 22, 3, 22, 8, 3, 42, 0)
s = 145: (0, 44, 7, 17, 16, 12, 6, 26, 8, 4, 26, 0)
s = 146: (0, 68, 7, 11, 20, 15, 7, 23, 7, 4, 50, 0)
s = 147: (0, 67, 7, 17, 18, 17, 5, 29, 6, 3, 33, 0)
s = 148: (0, 68, 6, 20, 15, 17, 6, 21, 7, 3, 39, 0)
s = 149: (0, 83, 8, 18, 25, 14, 6, 28, 5, 4, 45, 0)
s = 150: (0, 32, 6, 25, 13, 9, 3, 15, 7, 4, 48, 0)
s = 151: (0, 66, 8, 13, 15, 8, 7, 13, 8, 6, 29, 0)
s = 152: (0, 33, 6, 23, 15, 22, 6, 14, 7, 4, 43, 0)
s = 153: (0, 62, 6, 18, 10, 21, 6, 15, 6, 6, 62, 0)
s = 154: (0, 61, 7, 26, 20, 17, 6, 30, 5, 4, 25, 0)
s = 155: (0, 50, 6, 25, 24, 20, 5, 34, 7, 5, 31, 0)
s = 156: (0, 84, 8, 13, 11, 18, 7, 12, 4, 5, 24, 0)
s = 157: (0, 80, 5, 18, 13, 9, 5, 27, 5, 5, 49, 0)
s = 158: (0, 35, 10, 19, 9, 16, 6, 15, 6, 4, 32, 0)
s = 159: (0, 70, 10, 25, 10, 19, 5, 21, 7, 3, 30, 0)
s = 160: (0, 39, 7, 11, 20, 12, 4, 24, 7, 5, 26, 0)
s = 161: (0, 93, 6, 20, 9, 15, 10, 21, 7, 3, 34, 0)
s = 162: (0, 50, 9, 23, 11, 9, 5, 19, 5, 3, 33, 0)
s = 163: (0, 41, 6, 16, 17, 14, 6, 17, 6, 3, 38, 0)
s = 164: (0, 38, 5, 12, 12, 12, 8, 18, 7, 3, 27, 0)
s = 165: (0, 110, 6, 29, 19, 24, 6, 15, 9, 5, 56, 0)
s = 166: (0, 74, 6, 30, 12, 9, 4, 17, 4, 4, 41, 0)
s = 167: (0, 40, 9, 20, 16, 21, 6, 23, 7, 5, 40, 0)
s = 168: (0, 41, 6, 14, 13, 12, 5, 16, 6, 3, 39, 0)
s = 169: (0, 48, 5, 13, 11, 23, 6, 23, 6, 4, 30, 0)
s = 170: (0, 51, 7, 15, 22, 14, 4, 21, 12, 5, 26, 0)
s = 171: (0, 40, 9, 17, 16, 10, 4, 19, 7, 5, 23, 0)
s = 172: (0, 83, 7, 18, 10, 13, 4, 27, 7, 4, 56, 0)
s = 173: (0, 34, 13, 25, 15, 9, 4, 26, 6, 5, 34, 0)
s = 174: (0, 58, 9, 12, 18, 18, 4, 17, 7, 5, 27, 0)
s = 175: (0, 42, 6, 17, 22, 12, 5, 14, 5, 7, 28, 0)
s = 176: (0, 61, 7, 15, 13, 18, 7, 19, 4, 3, 57, 0)
s = 177: (0, 76, 7, 19, 10, 14, 5, 15, 4, 3, 39, 0)
s = 178: (0, 61, 7, 11, 14, 21, 6, 18, 7, 4, 29, 0)
s = 179: (0, 64, 11, 22, 18, 11, 6, 21, 5, 4, 60, 0)
s = 180: (0, 55, 5, 22, 13, 19, 4, 23, 4, 3, 45, 0)
s = 181: (0, 62, 6, 19, 25, 11, 5, 37, 5, 5, 36, 0)
s = 182: (0, 35, 7, 18, 15, 15, 8, 30, 6, 7, 27, 0)
s = 183: (0, 58, 9, 22, 10, 24, 4, 26, 11, 4, 25, 0)
s = 184: (0, 37, 7, 17, 12, 12, 4, 18, 5, 3, 63, 0)
s = 185: (0, 43, 8, 13, 11, 14, 5, 19, 6, 5, 40, 0)
s = 186: (0, 47, 9, 22, 16, 11, 3, 19, 4, 4, 26, 0)
s = 187: (0, 49, 12, 22, 17, 20, 6, 18, 7, 5, 48, 0)
s = 188: (0, 115, 6, 15, 18, 15, 4, 32, 5, 4, 42, 0)
s = 189: (0, 35, 5, 24, 11, 17, 9, 22, 7, 7, 40, 0)
s = 190: (0, 52, 9, 17, 11, 11, 4, 15, 11, 4, 35, 0)
s = 191: (0, 58, 6, 14, 12, 16, 5, 23, 6, 4, 26, 0)
s = 192: (0, 62, 6, 24, 12, 18, 6, 24, 9, 5, 48, 0)
s = 193: (0, 47, 8, 18, 13, 24, 7, 15, 6, 6, 23, 0)
s = 194: (0, 61, 5, 26, 16, 19, 9, 18, 8, 5, 23, 0)
s = 195: (0, 74, 6, 25, 11, 11, 5, 27, 5, 6, 57, 0)
s = 196: (0, 47, 6, 22, 23, 15, 6, 29, 4, 4, 63, 0)
s = 197: (0, 61, 9, 21, 11, 15, 4, 36, 5, 5, 25, 0)
s = 198: (0, 67, 7, 15, 22, 19, 5, 36, 6, 6, 24, 0)
s = 199: (0, 39, 7, 27, 15, 18, 6, 23, 7, 4, 36, 0)
s = 200: (0, 54, 5, 29, 12, 16, 8, 20, 8, 3, 20, 0)
------------------------------------------------------------------------
RESOURCE k = 3
s = 1: (0, 36, 7, 12, 11, 26, 6, 32, 27, 3, 38, 0)
s = 2: (0, 23, 9, 8, 7, 15, 7, 23, 20, 3, 50, 0)
s = 3: (0, 21, 8, 12, 11, 20, 8, 38, 21, 5, 85, 0)
s = 4: (0, 20, 9, 14, 14, 18, 8, 33, 35, 4, 85, 0)
s = 5: (0, 19, 8, 10, 13, 25, 9, 39, 25, 4, 66, 0)
s = 6: (0, 26, 10, 11, 10, 20, 10, 36, 23, 4, 57, 0)
s = 7: (0, 28, 6, 13, 12, 27, 8, 28, 21, 4, 61, 0)
s = 8: (0, 22, 7, 11, 13, 23, 9, 30, 28, 4, 38, 0)
s = 9: (0, 48, 6, 10, 9, 26, 7, 23, 22, 2, 39, 0)
s = 10: (0, 19, 6, 13, 11, 23, 10, 34, 19, 5, 64, 0)
s = 11: (0, 60, 4, 15, 10, 19, 6, 36, 26, 3, 84, 0)
s = 12: (0, 33, 8, 12, 10, 24, 10, 24, 14, 4, 59, 0)
s = 13: (0, 21, 6, 17, 10, 12, 7, 28, 25, 4, 81, 0)
s = 14: (0, 30, 7, 13, 13, 14, 10, 62, 31, 3, 74, 0)
s = 15: (0, 35, 5, 9, 9, 21, 9, 32, 23, 3, 35, 0)
s = 16: (0, 35, 6, 12, 12, 19, 7, 52, 41, 4, 48, 0)
s = 17: (0, 30, 9, 12, 14, 12, 7, 34, 34, 5, 80, 0)
s = 18: (0, 51, 10, 13, 15, 21, 8, 36, 21, 3, 51, 0)
s = 19: (0, 29, 10, 12, 18, 17, 7, 26, 22, 3, 41, 0)
s = 20: (0, 42, 7, 11, 16, 14, 9, 58, 13, 4, 88, 0)
s = 21: (0, 17, 9, 15, 19, 18, 8, 38, 16, 3, 72, 0)
s = 22: (0, 29, 6, 18, 18, 17, 7, 34, 18, 3, 63, 0)
s = 23: (0, 38, 9, 10, 13, 20, 6, 39, 40, 4, 79, 0)
s = 24: (0, 27, 6, 16, 14, 13, 11, 64, 14, 4, 49, 0)
s = 25: (0, 24, 9, 11, 16, 13, 8, 45, 29, 3, 53, 0)
s = 26: (0, 23, 7, 9, 17, 16, 6, 47, 25, 3, 50, 0)
s = 27: (0, 23, 6, 9, 8, 14, 8, 32, 35, 4, 54, 0)
s = 28: (0, 25, 7, 20, 16, 26, 7, 55, 27, 3, 80, 0)
s = 29: (0, 34, 5, 8, 12, 33, 9, 29, 33, 3, 50, 0)
s = 30: (0, 31, 11, 14, 11, 22, 9, 42, 24, 3, 42, 0)
s = 31: (0, 22, 10, 9, 21, 21, 6, 43, 26, 4, 66, 0)
s = 32: (0, 44, 5, 10, 11, 17, 8, 34, 25, 3, 55, 0)
s = 33: (0, 22, 7, 18, 8, 22, 7, 48, 15, 4, 84, 0)
s = 34: (0, 27, 5, 12, 15, 16, 10, 57, 35, 2, 79, 0)
s = 35: (0, 21, 10, 13, 15, 11, 9, 36, 24, 3, 47, 0)
s = 36: (0, 33, 10, 16, 8, 23, 5, 50, 24, 2, 46, 0)
s = 37: (0, 24, 7, 18, 13, 21, 9, 26, 23, 3, 81, 0)
s = 38: (0, 29, 7, 8, 11, 23, 9, 24, 23, 4, 57, 0)
s = 39: (0, 23, 9, 13, 11, 14, 7, 24, 30, 2, 46, 0)
s = 40: (0, 25, 6, 14, 11, 12, 7, 35, 22, 5, 45, 0)
s = 41: (0, 36, 6, 14, 9, 27, 12, 43, 31, 4, 73, 0)
s = 42: (0, 31, 10, 9, 8, 20, 9, 20, 31, 4, 78, 0)
s = 43: (0, 23, 9, 22, 15, 17, 8, 41, 15, 3, 95, 0)
s = 44: (0, 34, 6, 21, 10, 23, 8, 33, 22, 3, 61, 0)
s = 45: (0, 28, 7, 9, 9, 18, 12, 34, 17, 2, 58, 0)
s = 46: (0, 47, 9, 13, 12, 25, 6, 20, 26, 4, 54, 0)
s = 47: (0, 21, 5, 12, 15, 14, 9, 38, 28, 3, 54, 0)
s = 48: (0, 24, 10, 17, 10, 25, 6, 33, 17, 3, 68, 0)
s = 49: (0, 46, 7, 9, 18, 16, 7, 26, 18, 5, 81, 0)
s = 50: (0, 52, 7, 12, 11, 20, 8, 25, 22, 3, 46, 0)
s = 51: (0, 35, 6, 16, 16, 20, 6, 27, 18, 3, 65, 0)
s = 52: (0, 31, 9, 8, 13, 30, 12, 32, 13, 4, 81, 0)
s = 53: (0, 24, 6, 15, 11, 18, 10, 29, 19, 4, 63, 0)
s = 54: (0, 44, 10, 9, 15, 17, 6, 37, 27, 3, 82, 0)
s = 55: (0, 21, 9, 13, 7, 13, 6, 20, 17, 3, 111, 0)
s = 56: (0, 32, 7, 10, 13, 15, 8, 24, 18, 3, 57, 0)
s = 57: (0, 27, 6, 15, 14, 21, 7, 22, 31, 2, 80, 0)
s = 58: (0, 30, 7, 13, 12, 13, 8, 38, 24, 4, 38, 0)
s = 59: (0, 25, 5, 11, 12, 19, 10, 38, 29, 3, 47, 0)
s = 60: (0, 31, 8, 20, 10, 14, 9, 54, 42, 4, 78, 0)
s = 61: (0, 35, 10, 17, 9, 17, 8, 33, 19, 5, 32, 0)
s = 62: (0, 25, 7, 12, 11, 11, 6, 25, 23, 3, 77, 0)
s = 63: (0, 23, 9, 11, 9, 28, 9, 36, 28, 5, 39, 0)
s = 64: (0, 36, 9, 14, 10, 16, 10, 38, 23, 2, 91, 0)
s = 65: (0, 17, 7, 13, 10, 11, 8, 42, 26, 4, 85, 0)
s = 66: (0, 30, 8, 19, 13, 13, 8, 58, 40, 3, 77, 0)
s = 67: (0, 38, 6, 14, 15, 24, 6, 25, 27, 3, 67, 0)
s = 68: (0, 35, 7, 15, 15, 12, 8, 28, 17, 3, 50, 0)
s = 69: (0, 27, 6, 8, 14, 21, 9, 51, 18, 4, 52, 0)
s = 70: (0, 26, 6, 19, 17, 22, 6, 31, 20, 3, 50, 0)
s = 71: (0, 20, 9, 11, 9, 13, 8, 48, 20, 3, 77, 0)
s = 72: (0, 20, 6, 11, 9, 19, 11, 29, 37, 5, 65, 0)
s = 73: (0, 36, 6, 9, 13, 16, 7, 23, 19, 3, 81, 0)
s = 74: (0, 27, 5, 19, 16, 17, 8, 26, 13, 4, 65, 0)
s = 75: (0, 37, 7, 14, 10, 15, 7, 41, 34, 2, 115, 0)
s = 76: (0, 34, 5, 15, 10, 15, 8, 39, 17, 2, 95, 0)
s = 77: (0, 27, 7, 10, 18, 24, 7, 35, 18, 3, 51, 0)
s = 78: (0, 44, 9, 13, 10, 13, 8, 27, 14, 2, 63, 0)
s = 79: (0, 29, 5, 16, 20, 10, 11, 47, 19, 4, 44, 0)
s = 80: (0, 22, 9, 22, 10, 19, 9, 44, 17, 3, 55, 0)
s = 81: (0, 22, 8, 8, 14, 15, 7, 45, 18, 2, 73, 0)
s = 82: (0, 52, 5, 10, 11, 20, 9, 42, 17, 4, 65, 0)
s = 83: (0, 31, 8, 13, 17, 15, 6, 45, 17, 4, 37, 0)
s = 84: (0, 49, 5, 15, 8, 22, 6, 29, 28, 3, 39, 0)
s = 85: (0, 31, 7, 18, 11, 25, 7, 27, 29, 5, 76, 0)
s = 86: (0, 44, 5, 10, 18, 13, 6, 37, 16, 4, 67, 0)
s = 87: (0, 26, 6, 14, 8, 13, 7, 47, 18, 4, 54, 0)
s = 88: (0, 31, 13, 16, 16, 12, 7, 29, 15, 6, 84, 0)
s = 89: (0, 25, 8, 13, 9, 11, 10, 25, 22, 3, 40, 0)
s = 90: (0, 31, 6, 13, 11, 32, 9, 42, 28, 3, 48, 0)
s = 91: (0, 26, 5, 10, 11, 26, 8, 25, 33, 4, 45, 0)
s = 92: (0, 27, 6, 10, 13, 20, 8, 21, 31, 4, 43, 0)
s = 93: (0, 40, 5, 16, 9, 15, 12, 28, 28, 5, 38, 0)
s = 94: (0, 41, 7, 10, 9, 24, 9, 40, 43, 3, 61, 0)
s = 95: (0, 33, 9, 8, 20, 17, 10, 39, 24, 3, 51, 0)
s = 96: (0, 20, 7, 12, 8, 22, 13, 39, 44, 2, 42, 0)
s = 97: (0, 22, 7, 13, 13, 19, 11, 26, 18, 3, 57, 0)
s = 98: (0, 37, 6, 11, 11, 14, 10, 44, 20, 4, 84, 0)
s = 99: (0, 23, 5, 20, 11, 18, 11, 34, 20, 4, 44, 0)
s = 100: (0, 18, 5, 19, 17, 20, 7, 26, 22, 3, 64, 0)
s = 101: (0, 38, 6, 11, 16, 20, 11, 39, 26, 4, 51, 0)
s = 102: (0, 20, 7, 13, 11, 18, 7, 51, 23, 3, 74, 0)
s = 103: (0, 52, 5, 8, 17, 20, 9, 29, 30, 4, 74, 0)
s = 104: (0, 17, 5, 12, 11, 19, 8, 22, 39, 3, 39, 0)
s = 105: (0, 31, 10, 15, 7, 24, 6, 31, 43, 3, 67, 0)
s = 106: (0, 38, 9, 9, 22, 19, 8, 27, 23, 3, 54, 0)
s = 107: (0, 33, 7, 13, 19, 17, 7, 36, 17, 3, 40, 0)
s = 108: (0, 27, 10, 18, 17, 16, 16, 28, 24, 4, 53, 0)
s = 109: (0, 27, 5, 19, 9, 14, 6, 45, 26, 5, 40, 0)
s = 110: (0, 57, 8, 12, 11, 13, 8, 32, 17, 3, 56, 0)
s = 111: (0, 36, 7, 17, 10, 23, 13, 61, 32, 4, 63, 0)
s = 112: (0, 40, 9, 7, 18, 14, 5, 54, 24, 3, 43, 0)
s = 113: (0, 35, 9, 21, 23, 10, 9, 34, 27, 4, 62, 0)
s = 114: (0, 25, 6, 10, 8, 15, 10, 24, 19, 2, 60, 0)
s = 115: (0, 44, 12, 15, 12, 13, 13, 52, 24, 5, 63, 0)
s = 116: (0, 25, 7, 9, 12, 26, 8, 35, 26, 3, 60, 0)
s = 117: (0, 53, 6, 9, 20, 19, 10, 64, 29, 3, 53, 0)
s = 118: (0, 24, 10, 14, 20, 26, 7, 48, 16, 5, 67, 0)
s = 119: (0, 34, 6, 8, 20, 16, 16, 45, 17, 3, 74, 0)
s = 120: (0, 48, 9, 12, 15, 12, 7, 36, 25, 4, 47, 0)
s = 121: (0, 33, 8, 17, 12, 23, 12, 52, 17, 3, 65, 0)
s = 122: (0, 49, 7, 12, 15, 17, 9, 41, 27, 4, 110, 0)
s = 123: (0, 30, 6, 12, 9, 23, 6, 20, 23, 3, 77, 0)
s = 124: (0, 28, 6, 10, 11, 16, 6, 41, 19, 4, 64, 0)
s = 125: (0, 29, 7, 11, 9, 22, 11, 33, 19, 4, 54, 0)
s = 126: (0, 35, 5, 12, 10, 29, 8, 26, 40, 6, 49, 0)
s = 127: (0, 42, 9, 8, 11, 25, 5, 41, 29, 3, 46, 0)
s = 128: (0, 28, 6, 11, 11, 23, 7, 33, 29, 3, 65, 0)
s = 129: (0, 30, 5, 13, 14, 17, 6, 39, 20, 3, 77, 0)
s = 130: (0, 32, 7, 13, 17, 19, 7, 43, 35, 3, 67, 0)
s = 131: (0, 19, 6, 9, 19, 12, 7, 35, 22, 2, 69, 0)
s = 132: (0, 46, 11, 11, 8, 28, 9, 35, 20, 4, 73, 0)
s = 133: (0, 19, 8, 16, 10, 24, 8, 29, 15, 4, 67, 0)
s = 134: (0, 25, 7, 14, 13, 15, 7, 41, 35, 4, 49, 0)
s = 135: (0, 35, 10, 11, 10, 15, 9, 27, 17, 3, 60, 0)
s = 136: (0, 18, 5, 14, 13, 14, 11, 34, 29, 5, 52, 0)
s = 137: (0, 21, 11, 12, 7, 14, 6, 30, 26, 4, 79, 0)
s = 138: (0, 29, 6, 13, 8, 17, 11, 41, 36, 3, 50, 0)
s = 139: (0, 20, 8, 11, 11, 23, 11, 47, 29, 3, 51, 0)
s = 140: (0, 54, 6, 8, 12, 16, 13, 45, 26, 5, 83, 0)
s = 141: (0, 33, 8, 15, 9, 23, 11, 31, 23, 3, 35, 0)
s = 142: (0, 28, 7, 18, 18, 13, 11, 46, 19, 5, 105, 0)
s = 143: (0, 19, 8, 13, 15, 22, 8, 26, 32, 5, 68, 0)
s = 144: (0, 27, 8, 12, 15, 26, 5, 39, 29, 2, 75, 0)
s = 145: (0, 22, 7, 11, 12, 14, 10, 46, 31, 3, 46, 0)
s = 146: (0, 34, 7, 8, 15, 18, 10, 42, 28, 3, 89, 0)
s = 147: (0, 34, 7, 11, 14, 21, 8, 52, 21, 2, 59, 0)
s = 148: (0, 34, 6, 13, 11, 21, 10, 38, 25, 3, 69, 0)
s = 149: (0, 42, 8, 12, 19, 17, 9, 51, 18, 3, 80, 0)
s = 150: (0, 16, 6, 17, 10, 11, 5, 27, 28, 3, 87, 0)
s = 151: (0, 33, 8, 9, 11, 10, 10, 24, 29, 5, 52, 0)
s = 152: (0, 17, 6, 15, 12, 26, 9, 25, 27, 3, 76, 0)
s = 153: (0, 31, 6, 12, 8, 25, 9, 27, 23, 4, 111, 0)
s = 154: (0, 31, 7, 17, 15, 21, 9, 54, 19, 3, 44, 0)
s = 155: (0, 25, 6, 17, 18, 24, 7, 61, 25, 4, 55, 0)
s = 156: (0, 42, 8, 9, 8, 21, 10, 21, 15, 4, 43, 0)
s = 157: (0, 40, 5, 12, 10, 11, 7, 49, 20, 4, 87, 0)
s = 158: (0, 18, 10, 13, 7, 19, 10, 27, 21, 3, 58, 0)
s = 159: (0, 35, 10, 17, 8, 22, 7, 37, 28, 2, 54, 0)
s = 160: (0, 20, 7, 7, 15, 14, 7, 43, 25, 4, 47, 0)
s = 161: (0, 47, 6, 13, 7, 18, 15, 37, 26, 2, 61, 0)
s = 162: (0, 25, 9, 16, 9, 11, 8, 35, 20, 2, 59, 0)
s = 163: (0, 21, 6, 11, 13, 16, 9, 30, 24, 2, 69, 0)
s = 164: (0, 19, 5, 8, 9, 15, 12, 32, 25, 2, 48, 0)
s = 165: (0, 55, 6, 20, 15, 29, 9, 26, 36, 4, 100, 0)
s = 166: (0, 37, 6, 20, 9, 10, 5, 30, 14, 3, 74, 0)
s = 167: (0, 20, 9, 14, 12, 25, 9, 41, 27, 4, 72, 0)
s = 168: (0, 21, 6, 10, 10, 14, 8, 28, 21, 2, 69, 0)
s = 169: (0, 24, 5, 9, 8, 28, 9, 42, 21, 3, 54, 0)
s = 170: (0, 26, 7, 10, 17, 17, 6, 38, 45, 4, 46, 0)
s = 171: (0, 20, 9, 12, 12, 12, 6, 33, 26, 4, 41, 0)
s = 172: (0, 42, 7, 12, 7, 15, 7, 47, 25, 3, 101, 0)
s = 173: (0, 17, 13, 17, 12, 11, 6, 47, 23, 4, 60, 0)
s = 174: (0, 29, 9, 8, 13, 22, 6, 30, 25, 4, 49, 0)
s = 175: (0, 21, 6, 11, 17, 14, 8, 25, 19, 6, 49, 0)
s = 176: (0, 31, 7, 10, 10, 21, 11, 33, 14, 2, 102, 0)
s = 177: (0, 38, 7, 13, 7, 17, 7, 26, 14, 2, 70, 0)
s = 178: (0, 31, 7, 8, 11, 25, 10, 31, 27, 3, 52, 0)
s = 179: (0, 32, 11, 15, 13, 13, 9, 37, 18, 3, 108, 0)
s = 180: (0, 28, 5, 15, 10, 23, 6, 40, 16, 3, 81, 0)
s = 181: (0, 31, 6, 13, 19, 14, 8, 67, 19, 4, 65, 0)
s = 182: (0, 18, 7, 12, 12, 18, 12, 54, 21, 5, 48, 0)
s = 183: (0, 29, 9, 15, 8, 29, 6, 47, 41, 3, 44, 0)
s = 184: (0, 19, 7, 11, 9, 15, 6, 33, 18, 2, 113, 0)
s = 185: (0, 22, 8, 9, 9, 17, 7, 34, 23, 4, 71, 0)
s = 186: (0, 24, 9, 15, 12, 13, 5, 34, 14, 3, 46, 0)
s = 187: (0, 25, 12, 15, 13, 24, 9, 32, 26, 4, 86, 0)
s = 188: (0, 58, 6, 10, 14, 18, 6, 57, 17, 3, 75, 0)
s = 189: (0, 18, 5, 16, 9, 21, 14, 38, 27, 5, 71, 0)
s = 190: (0, 26, 9, 12, 8, 13, 7, 27, 43, 3, 62, 0)
s = 191: (0, 29, 6, 10, 9, 19, 8, 41, 24, 3, 46, 0)
s = 192: (0, 31, 6, 16, 9, 22, 9, 43, 36, 4, 85, 0)
s = 193: (0, 24, 8, 12, 10, 28, 11, 26, 21, 5, 41, 0)
s = 194: (0, 31, 5, 17, 12, 23, 13, 32, 32, 4, 40, 0)
s = 195: (0, 37, 6, 17, 8, 14, 8, 49, 19, 5, 102, 0)
s = 196: (0, 24, 6, 15, 18, 17, 9, 52, 15, 3, 113, 0)
s = 197: (0, 31, 9, 14, 9, 18, 7, 64, 17, 4, 44, 0)
s = 198: (0, 34, 7, 10, 17, 23, 7, 64, 22, 5, 42, 0)
s = 199: (0, 20, 7, 18, 11, 21, 9, 41, 25, 3, 65, 0)
s = 200: (0, 27, 5, 20, 9, 19, 13, 36, 31, 2, 36, 0)
************************************************************************
ES/LS-VALUES:
jobnr.   ES(i)    LS(i)
------------------------------------------------------------------------
  0        0        0
  1        0       62
  2        0       70
  3        0       61
  4       12       74
  5       11       72
  6       11       83
  7       12       81
  8       15       85
  9       19       89
 10       16       78
 11       28       91
************************************************************************
BIG-M-VALUES:
M1 = 68, M2 = 427
************************************************************************
