************************************************************************
file with basedata            : mm36_.bas
initial value random generator: 775711972
************************************************************************
projects                      :  1
jobs (incl. supersource/sink ):  12
horizon                       :  64
RESOURCES
  - renewable                 :  2   R
  - nonrenewable              :  2   N
  - doubly constrained        :  0   D
************************************************************************
PROJECT INFORMATION:
pronr.  #jobs rel.date duedate tardcost  MPM-Time
    1     10      0       10        5       10
************************************************************************
PRECEDENCE RELATIONS:
jobnr.    #modes  #successors   successors
   0        1          3           1   2   3
   1        3          2           4   5
   2        3          1           9
   3        3          1           9
   4        3          3           6   7  10
   5        3          2           8  10
   6        3          1           8
   7        3          2           8   9
   8        3          1          11
   9        3          1          11
  10        3          1          11
  11        1          0        
************************************************************************
REQUESTS/DURATIONS:
jobnr. mode duration  R 1  R 2  R 3  R 4  E(W 1)  E(W 2)
------------------------------------------------------------------------
  0      1     0       0    0    0    0     0       0
  1      1     3       6    6    0    6    36      18
  2      1     1       9    9    0    1    18       2
  3      1     3       5    8    6    0    39      18
  4      1     1       6    4    0    7    10       7
  5      1     2      10    5    0    4    30       8
  6      1     5       6    6    9    0    60      45
  7      1     3       7    7    0    6    42      18
  8      1     1       5    6    4    0    11       4
  9      1     2       6    8    0    9    28      18
 10      1     4       9    6   10    0    60      40
 11      1     0       0    0    0    0     0       0
************************************************************************
RESOURCEAVAILABILITIES:
  R 1  R 2
   21   117
************************************************************************
RESOURCE LIMITS:
jobnr.  l(R 1)  u(R 1)  l(R 2)  u(R 2)
------------------------------------------------------------------------
  0        0       0       0       0
  1        6      12       3       6
  2       10      18       1       2
  3        7      13       3       6
  4        5      10       4       7
  5        8      15       2       4
  6        6      12       5       9
  7        8      14       3       6
  8        6      11       2       4
  9        7      14       5       9
 10        8      15       5      10
 11        0       0       0       0
************************************************************************
SCENARIOS:
------------------------------------------------------------------------
RESOURCE k = 1
s = 1: (0, 49, 18, 27, 12, 25, 52, 64, 13, 33, 64, 0)
s = 2: (0, 49, 26, 41, 7, 16, 58, 30, 7, 36, 90, 0)
s = 3: (0, 55, 22, 31, 9, 40, 38, 51, 14, 45, 63, 0)
s = 4: (0, 41, 22, 48, 7, 28, 48, 45, 9, 23, 34, 0)
s = 5: (0, 35, 20, 28, 8, 34, 72, 42, 9, 26, 43, 0)
s = 6: (0, 33, 15, 46, 11, 46, 33, 29, 14, 19, 62, 0)
s = 7: (0, 40, 16, 45, 6, 28, 82, 30, 14, 44, 56, 0)
s = 8: (0, 48, 18, 39, 11, 35, 79, 33, 11, 27, 37, 0)
s = 9: (0, 31, 28, 41, 10, 28, 95, 34, 19, 41, 53, 0)
s = 10: (0, 33, 17, 52, 11, 21, 50, 50, 15, 37, 59, 0)
s = 11: (0, 20, 22, 30, 9, 30, 56, 38, 13, 17, 44, 0)
s = 12: (0, 27, 23, 48, 10, 44, 54, 47, 8, 26, 60, 0)
s = 13: (0, 27, 11, 51, 13, 24, 89, 40, 9, 22, 55, 0)
s = 14: (0, 26, 17, 45, 9, 24, 70, 36, 13, 45, 46, 0)
s = 15: (0, 31, 26, 48, 13, 32, 55, 55, 15, 33, 66, 0)
s = 16: (0, 53, 13, 42, 13, 31, 80, 46, 7, 43, 56, 0)
s = 17: (0, 31, 27, 38, 10, 17, 61, 47, 13, 28, 49, 0)
s = 18: (0, 38, 15, 30, 9, 27, 91, 48, 12, 38, 56, 0)
s = 19: (0, 47, 17, 52, 14, 23, 53, 35, 15, 22, 40, 0)
s = 20: (0, 38, 15, 32, 9, 42, 59, 37, 10, 43, 48, 0)
s = 21: (0, 33, 16, 32, 10, 19, 63, 28, 11, 37, 73, 0)
s = 22: (0, 33, 15, 47, 9, 38, 56, 36, 13, 31, 48, 0)
s = 23: (0, 39, 28, 51, 11, 39, 90, 48, 7, 20, 79, 0)
s = 24: (0, 35, 18, 31, 9, 28, 48, 36, 14, 19, 79, 0)
s = 25: (0, 43, 16, 25, 7, 21, 40, 66, 11, 25, 69, 0)
s = 26: (0, 64, 15, 52, 7, 19, 49, 44, 7, 25, 77, 0)
s = 27: (0, 33, 23, 41, 11, 21, 56, 61, 11, 38, 52, 0)
s = 28: (0, 52, 24, 46, 13, 34, 41, 39, 16, 24, 65, 0)
s = 29: (0, 40, 19, 39, 9, 37, 45, 32, 10, 23, 45, 0)
s = 30: (0, 24, 17, 30, 14, 22, 44, 53, 11, 35, 73, 0)
s = 31: (0, 38, 18, 45, 12, 21, 48, 34, 13, 29, 74, 0)
s = 32: (0, 41, 15, 22, 10, 22, 43, 33, 10, 19, 50, 0)
s = 33: (0, 36, 28, 24, 7, 21, 59, 43, 9, 34, 88, 0)
s = 34: (0, 56, 14, 29, 7, 28, 72, 32, 9, 21, 39, 0)
s = 35: (0, 23, 11, 45, 11, 35, 43, 34, 8, 28, 56, 0)
s = 36: (0, 42, 31, 38, 14, 20, 76, 43, 8, 18, 36, 0)
s = 37: (0, 36, 18, 61, 8, 23, 75, 36, 7, 24, 46, 0)
s = 38: (0, 47, 22, 36, 7, 21, 47, 38, 13, 21, 93, 0)
s = 39: (0, 35, 12, 27, 14, 51, 41, 56, 11, 27, 79, 0)
s = 40: (0, 37, 18, 49, 10, 30, 48, 38, 10, 29, 45, 0)
s = 41: (0, 48, 17, 70, 11, 34, 53, 33, 7, 34, 72, 0)
s = 42: (0, 36, 17, 62, 12, 45, 92, 36, 17, 32, 69, 0)
s = 43: (0, 36, 22, 48, 12, 29, 87, 39, 11, 21, 74, 0)
s = 44: (0, 35, 22, 30, 12, 19, 37, 31, 14, 22, 81, 0)
s = 45: (0, 38, 13, 48, 12, 26, 50, 41, 12, 26, 46, 0)
s = 46: (0, 43, 25, 26, 11, 25, 69, 36, 14, 32, 55, 0)
s = 47: (0, 40, 20, 35, 13, 32, 66, 31, 11, 40, 43, 0)
s = 48: (0, 41, 19, 31, 11, 49, 89, 49, 10, 45, 86, 0)
s = 49: (0, 40, 36, 33, 15, 24, 53, 47, 9, 21, 81, 0)
s = 50: (0, 47, 21, 62, 10, 24, 55, 51, 15, 19, 63, 0)
s = 51: (0, 36, 13, 49, 7, 22, 83, 41, 10, 23, 36, 0)
s = 52: (0, 49, 24, 36, 12, 37, 48, 40, 12, 23, 69, 0)
s = 53: (0, 35, 27, 32, 11, 18, 79, 29, 12, 28, 45, 0)
s = 54: (0, 43, 15, 41, 8, 29, 65, 41, 7, 26, 60, 0)
s = 55: (0, 35, 20, 29, 9, 22, 72, 24, 14, 34, 86, 0)
s = 56: (0, 38, 13, 66, 10, 25, 80, 24, 16, 18, 92, 0)
s = 57: (0, 33, 21, 48, 10, 37, 69, 30, 13, 37, 63, 0)
s = 58: (0, 35, 15, 47, 9, 21, 50, 68, 14, 23, 53, 0)
s = 59: (0, 39, 15, 67, 15, 54, 36, 45, 7, 36, 34, 0)
s = 60: (0, 33, 22, 40, 11, 19, 54, 53, 13, 30, 67, 0)
s = 61: (0, 46, 14, 43, 9, 34, 33, 30, 11, 22, 85, 0)
s = 62: (0, 50, 17, 36, 13, 39, 82, 59, 11, 29, 105, 0)
s = 63: (0, 28, 20, 49, 10, 35, 34, 36, 9, 32, 70, 0)
s = 64: (0, 32, 14, 34, 6, 45, 39, 35, 10, 26, 58, 0)
s = 65: (0, 44, 31, 52, 9, 41, 49, 65, 12, 24, 50, 0)
s = 66: (0, 34, 13, 39, 9, 37, 56, 53, 13, 22, 68, 0)
s = 67: (0, 27, 18, 39, 7, 25, 69, 49, 7, 29, 54, 0)
s = 68: (0, 26, 12, 39, 7, 28, 72, 54, 8, 32, 39, 0)
s = 69: (0, 42, 17, 34, 14, 26, 62, 43, 13, 40, 55, 0)
s = 70: (0, 31, 18, 32, 10, 27, 35, 40, 11, 42, 50, 0)
s = 71: (0, 32, 21, 46, 8, 46, 104, 30, 9, 31, 90, 0)
s = 72: (0, 23, 14, 29, 19, 36, 50, 31, 13, 35, 92, 0)
s = 73: (0, 41, 24, 42, 14, 29, 60, 42, 8, 32, 41, 0)
s = 74: (0, 23, 20, 35, 8, 28, 79, 36, 9, 23, 45, 0)
s = 75: (0, 34, 35, 22, 15, 19, 47, 23, 12, 23, 67, 0)
s = 76: (0, 41, 19, 37, 10, 17, 35, 35, 8, 27, 48, 0)
s = 77: (0, 21, 19, 41, 14, 26, 51, 54, 11, 30, 62, 0)
s = 78: (0, 50, 18, 28, 8, 26, 42, 34, 11, 21, 89, 0)
s = 79: (0, 31, 15, 40, 9, 23, 38, 31, 11, 22, 48, 0)
s = 80: (0, 27, 26, 55, 8, 50, 65, 46, 11, 22, 50, 0)
s = 81: (0, 31, 16, 41, 12, 38, 91, 52, 15, 34, 71, 0)
s = 82: (0, 28, 30, 38, 9, 30, 33, 28, 15, 31, 39, 0)
s = 83: (0, 42, 14, 32, 10, 17, 44, 35, 10, 22, 44, 0)
s = 84: (0, 26, 14, 35, 8, 30, 48, 49, 9, 44, 62, 0)
s = 85: (0, 34, 12, 21, 8, 35, 40, 70, 20, 41, 64, 0)
s = 86: (0, 25, 20, 41, 9, 16, 56, 36, 9, 32, 87, 0)
s = 87: (0, 34, 20, 33, 7, 30, 37, 68, 9, 38, 89, 0)
s = 88: (0, 45, 11, 35, 6, 18, 75, 40, 8, 16, 87, 0)
s = 89: (0, 38, 22, 29, 12, 37, 95, 40, 13, 26, 56, 0)
s = 90: (0, 42, 21, 45, 11, 20, 63, 36, 9, 21, 61, 0)
s = 91: (0, 23, 22, 40, 9, 27, 65, 27, 16, 22, 57, 0)
s = 92: (0, 25, 21, 41, 9, 29, 44, 44, 12, 29, 73, 0)
s = 93: (0, 23, 31, 25, 11, 19, 72, 37, 15, 43, 57, 0)
s = 94: (0, 39, 15, 68, 8, 30, 51, 53, 16, 24, 43, 0)
s = 95: (0, 25, 12, 44, 12, 37, 49, 47, 9, 24, 86, 0)
s = 96: (0, 26, 15, 33, 12, 45, 65, 52, 16, 36, 72, 0)
s = 97: (0, 24, 13, 40, 12, 24, 45, 52, 13, 18, 64, 0)
s = 98: (0, 61, 15, 46, 10, 22, 52, 46, 7, 30, 63, 0)
s = 99: (0, 35, 25, 38, 10, 39, 77, 40, 8, 28, 45, 0)
s = 100: (0, 28, 22, 29, 7, 28, 66, 23, 11, 23, 38, 0)
s = 101: (0, 36, 29, 63, 10, 53, 73, 66, 13, 25, 79, 0)
s = 102: (0, 34, 12, 57, 11, 28, 77, 33, 16, 23, 93, 0)
s = 103: (0, 35, 24, 27, 9, 48, 57, 42, 7, 27, 60, 0)
s = 104: (0, 28, 15, 50, 15, 28, 39, 31, 13, 24, 56, 0)
s = 105: (0, 43, 24, 26, 10, 22, 108, 61, 11, 20, 46, 0)
s = 106: (0, 31, 17, 41, 9, 41, 36, 37, 13, 25, 84, 0)
s = 107: (0, 35, 22, 47, 10, 26, 58, 34, 10, 22, 66, 0)
s = 108: (0, 33, 15, 33, 9, 23, 89, 55, 15, 27, 59, 0)
s = 109: (0, 30, 15, 27, 12, 31, 60, 33, 10, 19, 53, 0)
s = 110: (0, 30, 14, 43, 16, 30, 42, 27, 8, 24, 48, 0)
s = 111: (0, 44, 17, 45, 8, 27, 42, 46, 13, 30, 45, 0)
s = 112: (0, 36, 17, 36, 12, 35, 60, 58, 9, 40, 44, 0)
s = 113: (0, 37, 15, 26, 6, 30, 46, 51, 15, 38, 46, 0)
s = 114: (0, 31, 17, 27, 17, 33, 55, 51, 12, 26, 51, 0)
s = 115: (0, 23, 11, 53, 14, 50, 99, 36, 13, 37, 77, 0)
s = 116: (0, 37, 22, 58, 13, 37, 84, 37, 9, 36, 46, 0)
s = 117: (0, 31, 19, 36, 10, 27, 40, 63, 12, 21, 47, 0)
s = 118: (0, 27, 17, 48, 11, 22, 66, 49, 13, 35, 58, 0)
s = 119: (0, 62, 26, 43, 9, 23, 46, 44, 17, 29, 91, 0)
s = 120: (0, 55, 18, 53, 9, 18, 72, 42, 7, 26, 85, 0)
s = 121: (0, 23, 15, 39, 6, 33, 65, 32, 7, 43, 52, 0)
s = 122: (0, 26, 12, 25, 7, 22, 90, 50, 12, 23, 46, 0)
s = 123: (0, 20, 27, 33, 7, 31, 43, 25, 11, 25, 43, 0)
s = 124: (0, 35, 19, 46, 10, 52, 50, 37, 14, 29, 38, 0)
s = 125: (0, 48, 14, 57, 14, 33, 37, 41, 10, 21, 42, 0)
s = 126: (0, 33, 13, 47, 8, 21, 71, 28, 15, 28, 113, 0)
s = 127: (0, 42, 19, 50, 16, 29, 67, 43, 9, 20, 54, 0)
s = 128: (0, 37, 13, 49, 6, 29, 70, 53, 13, 15, 116, 0)
s = 129: (0, 44, 17, 36, 9, 27, 55, 77, 9, 19, 47, 0)
s = 130: (0, 46, 26, 47, 10, 25, 46, 32, 7, 32, 74, 0)
s = 131: (0, 23, 13, 53, 12, 21, 62, 42, 16, 24, 42, 0)
s = 132: (0, 59, 12, 29, 11, 31, 51, 48, 12, 25, 68, 0)
s = 133: (0, 21, 25, 32, 13, 28, 87, 59, 11, 31, 75, 0)
s = 134: (0, 28, 18, 28, 11, 19, 38, 42, 9, 43, 53, 0)
s = 135: (0, 47, 15, 58, 14, 32, 58, 34, 10, 43, 54, 0)
s = 136: (0, 20, 15, 28, 6, 44, 74, 31, 11, 38, 56, 0)
s = 137: (0, 26, 29, 54, 12, 33, 61, 40, 15, 27, 59, 0)
s = 138: (0, 21, 19, 44, 15, 34, 47, 36, 17, 34, 56, 0)
s = 139: (0, 34, 11, 31, 15, 24, 73, 28, 7, 16, 87, 0)
s = 140: (0, 48, 14, 65, 8, 35, 58, 37, 9, 21, 58, 0)
s = 141: (0, 47, 21, 51, 9, 26, 37, 40, 9, 29, 62, 0)
s = 142: (0, 45, 20, 48, 14, 36, 58, 38, 15, 36, 76, 0)
s = 143: (0, 30, 15, 36, 12, 21, 59, 43, 12, 23, 61, 0)
s = 144: (0, 26, 27, 42, 8, 22, 62, 25, 14, 35, 69, 0)
s = 145: (0, 46, 15, 30, 6, 23, 51, 32, 15, 31, 74, 0)
s = 146: (0, 51, 27, 35, 12, 18, 42, 51, 16, 36, 64, 0)
s = 147: (0, 36, 23, 44, 11, 26, 45, 33, 15, 27, 73, 0)
s = 148: (0, 59, 20, 36, 8, 36, 53, 50, 12, 19, 91, 0)
s = 149: (0, 35, 15, 36, 12, 19, 60, 24, 12, 26, 60, 0)
s = 150: (0, 38, 18, 40, 7, 25, 53, 50, 13, 16, 49, 0)
s = 151: (0, 38, 18, 39, 8, 23, 89, 27, 11, 37, 103, 0)
s = 152: (0, 37, 17, 30, 8, 30, 73, 40, 13, 29, 46, 0)
s = 153: (0, 24, 24, 37, 11, 38, 66, 54, 14, 24, 46, 0)
s = 154: (0, 51, 22, 37, 6, 29, 40, 69, 13, 44, 49, 0)
s = 155: (0, 31, 18, 32, 10, 22, 60, 38, 9, 28, 72, 0)
s = 156: (0, 44, 15, 50, 7, 57, 102, 57, 10, 16, 38, 0)
s = 157: (0, 55, 17, 30, 11, 55, 71, 51, 13, 25, 41, 0)
s = 158: (0, 29, 21, 42, 14, 38, 70, 35, 11, 26, 62, 0)
s = 159: (0, 22, 19, 50, 10, 21, 111, 40, 10, 32, 40, 0)
s = 160: (0, 26, 23, 35, 13, 36, 54, 36, 14, 18, 53, 0)
s = 161: (0, 34, 13, 34, 9, 24, 87, 34, 10, 38, 47, 0)
s = 162: (0, 51, 16, 41, 11, 20, 74, 37, 10, 23, 46, 0)
s = 163: (0, 32, 16, 32, 13, 30, 47, 35, 11, 33, 46, 0)
s = 164: (0, 49, 13, 38, 12, 40, 40, 64, 7, 27, 39, 0)
s = 165: (0, 27, 15, 43, 11, 31, 64, 28, 9, 22, 78, 0)
s = 166: (0, 22, 24, 51, 7, 30, 58, 60, 10, 28, 43, 0)
s = 167: (0, 31, 24, 38, 13, 31, 100, 56, 10, 21, 53, 0)
s = 168: (0, 31, 14, 45, 13, 23, 72, 24, 10, 26, 45, 0)
s = 169: (0, 35, 22, 60, 13, 29, 62, 37, 13, 22, 74, 0)
s = 170: (0, 42, 12, 45, 9, 22, 88, 26, 11, 23, 40, 0)
s = 171: (0, 61, 22, 46, 9, 38, 68, 52, 11, 42, 89, 0)
s = 172: (0, 33, 26, 23, 11, 37, 57, 59, 17, 24, 46, 0)
s = 173: (0, 26, 22, 49, 14, 27, 41, 33, 10, 19, 53, 0)
s = 174: (0, 34, 18, 27, 11, 27, 58, 58, 18, 19, 53, 0)
s = 175: (0, 31, 14, 35, 8, 30, 81, 58, 18, 28, 63, 0)
s = 176: (0, 35, 14, 48, 9, 33, 64, 35, 10, 22, 64, 0)
s = 177: (0, 36, 12, 28, 11, 61, 41, 62, 16, 27, 68, 0)
s = 178: (0, 44, 16, 39, 10, 26, 84, 51, 8, 25, 72, 0)
s = 179: (0, 35, 16, 49, 8, 26, 76, 51, 14, 34, 73, 0)
s = 180: (0, 49, 14, 33, 17, 41, 69, 61, 15, 24, 59, 0)
s = 181: (0, 36, 28, 35, 10, 36, 70, 42, 12, 39, 82, 0)
s = 182: (0, 38, 14, 39, 12, 28, 82, 30, 7, 29, 54, 0)
s = 183: (0, 57, 21, 34, 14, 40, 78, 31, 11, 20, 67, 0)
s = 184: (0, 25, 12, 37, 11, 26, 54, 28, 13, 38, 55, 0)
s = 185: (0, 23, 20, 31, 7, 32, 53, 49, 12, 25, 75, 0)
s = 186: (0, 52, 23, 40, 11, 34, 96, 65, 21, 33, 68, 0)
s = 187: (0, 30, 12, 23, 11, 24, 40, 43, 11, 24, 54, 0)
s = 188: (0, 45, 18, 39, 7, 29, 56, 51, 8, 30, 69, 0)
s = 189: (0, 51, 15, 56, 11, 30, 48, 26, 16, 35, 46, 0)
s = 190: (0, 46, 13, 35, 16, 48, 47, 28, 7, 41, 48, 0)
s = 191: (0, 46, 20, 34, 10, 33, 55, 37, 13, 30, 97, 0)
s = 192: (0, 31, 18, 43, 9, 26, 51, 48, 12, 38, 85, 0)
s = 193: (0, 32, 15, 47, 13, 27, 72, 45, 18, 28, 60, 0)
s = 194: (0, 53, 18, 41, 15, 18, 45, 48, 16, 40, 49, 0)
s = 195: (0, 48, 20, 59, 16, 31, 80, 40, 14, 42, 93, 0)
s = 196: (0, 33, 16, 43, 12, 53, 96, 57, 8, 26, 73, 0)
s = 197: (0, 40, 18, 40, 15, 31, 50, 39, 7, 21, 43, 0)
s = 198: (0, 53, 12, 27, 16, 23, 38, 43, 8, 19, 52, 0)
s = 199: (0, 26, 22, 36, 9, 37, 57, 34, 9, 48, 67, 0)
s = 200: (0, 38, 26, 63, 10, 19, 58, 56, 11, 47, 42, 0)
------------------------------------------------------------------------
RESOURCE k = 2
s = 1: (0, 25, 2, 13, 8, 7, 39, 28, 5, 21, 43, 0)
s = 2: (0, 25, 3, 19, 5, 5, 44, 13, 3, 23, 60, 0)
s = 3: (0, 28, 3, 14, 6, 11, 29, 22, 5, 29, 42, 0)
s = 4: (0, 21, 3, 22, 5, 8, 36, 20, 3, 15, 23, 0)
s = 5: (0, 18, 3, 13, 6, 10, 54, 18, 4, 17, 29, 0)
s = 6: (0, 17, 2, 21, 8, 13, 25, 13, 6, 13, 42, 0)
s = 7: (0, 20, 2, 21, 4, 8, 62, 13, 6, 28, 37, 0)
s = 8: (0, 24, 2, 18, 8, 10, 59, 14, 4, 18, 25, 0)
s = 9: (0, 16, 4, 19, 7, 8, 71, 15, 7, 27, 35, 0)
s = 10: (0, 17, 2, 24, 8, 6, 38, 22, 6, 24, 39, 0)
s = 11: (0, 10, 3, 14, 7, 8, 42, 17, 5, 11, 30, 0)
s = 12: (0, 14, 3, 22, 7, 12, 41, 20, 3, 17, 40, 0)
s = 13: (0, 14, 2, 24, 9, 7, 67, 17, 4, 14, 37, 0)
s = 14: (0, 13, 2, 21, 7, 7, 52, 16, 5, 29, 31, 0)
s = 15: (0, 16, 3, 23, 9, 9, 41, 24, 6, 21, 44, 0)
s = 16: (0, 27, 2, 20, 9, 9, 60, 20, 3, 28, 37, 0)
s = 17: (0, 16, 3, 18, 7, 5, 46, 20, 5, 18, 33, 0)
s = 18: (0, 19, 2, 14, 6, 7, 69, 21, 5, 24, 38, 0)
s = 19: (0, 24, 2, 24, 10, 7, 40, 15, 6, 14, 27, 0)
s = 20: (0, 19, 2, 15, 7, 12, 45, 16, 4, 28, 32, 0)
s = 21: (0, 17, 2, 15, 7, 5, 47, 12, 4, 24, 49, 0)
s = 22: (0, 17, 2, 22, 7, 10, 42, 16, 5, 20, 32, 0)
s = 23: (0, 20, 4, 24, 8, 11, 67, 21, 3, 13, 53, 0)
s = 24: (0, 18, 2, 15, 6, 8, 36, 16, 5, 12, 53, 0)
s = 25: (0, 22, 2, 12, 5, 6, 30, 29, 4, 17, 46, 0)
s = 26: (0, 32, 2, 24, 5, 5, 37, 19, 3, 16, 51, 0)
s = 27: (0, 17, 3, 19, 8, 6, 42, 26, 4, 24, 35, 0)
s = 28: (0, 26, 3, 22, 10, 9, 31, 17, 6, 15, 44, 0)
s = 29: (0, 20, 3, 18, 7, 10, 34, 14, 4, 15, 30, 0)
s = 30: (0, 12, 2, 14, 10, 6, 33, 23, 4, 23, 49, 0)
s = 31: (0, 19, 2, 21, 9, 6, 36, 15, 5, 19, 49, 0)
s = 32: (0, 21, 2, 10, 7, 6, 32, 14, 4, 12, 34, 0)
s = 33: (0, 18, 4, 11, 5, 6, 44, 19, 3, 22, 59, 0)
s = 34: (0, 28, 2, 14, 5, 8, 54, 14, 4, 14, 26, 0)
s = 35: (0, 12, 2, 21, 8, 10, 33, 15, 3, 18, 37, 0)
s = 36: (0, 21, 4, 18, 10, 6, 57, 19, 3, 12, 24, 0)
s = 37: (0, 18, 2, 28, 6, 6, 56, 16, 3, 16, 31, 0)
s = 38: (0, 24, 3, 17, 5, 6, 35, 17, 5, 14, 62, 0)
s = 39: (0, 18, 2, 13, 10, 14, 31, 24, 4, 17, 53, 0)
s = 40: (0, 19, 2, 23, 7, 8, 36, 16, 4, 19, 30, 0)
s = 41: (0, 24, 2, 32, 8, 9, 40, 15, 3, 22, 48, 0)
s = 42: (0, 18, 2, 29, 9, 12, 69, 16, 7, 21, 46, 0)
s = 43: (0, 18, 3, 23, 9, 8, 65, 17, 4, 14, 50, 0)
s = 44: (0, 18, 3, 14, 9, 5, 28, 13, 5, 15, 54, 0)
s = 45: (0, 19, 2, 22, 8, 7, 38, 18, 5, 17, 31, 0)
s = 46: (0, 22, 3, 12, 8, 7, 52, 16, 6, 21, 37, 0)
s = 47: (0, 20, 3, 16, 10, 9, 50, 14, 4, 26, 29, 0)
s = 48: (0, 21, 3, 15, 8, 14, 67, 21, 4, 29, 57, 0)
s = 49: (0, 20, 4, 16, 11, 7, 40, 20, 4, 14, 54, 0)
s = 50: (0, 24, 3, 29, 7, 7, 41, 22, 6, 13, 42, 0)
s = 51: (0, 18, 2, 23, 5, 6, 63, 18, 4, 15, 24, 0)
s = 52: (0, 25, 3, 17, 9, 10, 36, 18, 5, 15, 46, 0)
s = 53: (0, 18, 3, 15, 8, 5, 60, 13, 5, 18, 30, 0)
s = 54: (0, 22, 2, 19, 6, 8, 49, 18, 3, 17, 40, 0)
s = 55: (0, 18, 3, 14, 6, 6, 54, 10, 5, 22, 58, 0)
s = 56: (0, 19, 2, 31, 7, 7, 60, 10, 6, 11, 62, 0)
s = 57: (0, 17, 3, 23, 7, 10, 52, 13, 5, 24, 42, 0)
s = 58: (0, 18, 2, 22, 7, 6, 37, 29, 5, 15, 36, 0)
s = 59: (0, 20, 2, 31, 11, 15, 27, 20, 3, 24, 23, 0)
s = 60: (0, 17, 3, 19, 8, 5, 41, 23, 5, 20, 45, 0)
s = 61: (0, 23, 2, 20, 7, 9, 25, 13, 4, 14, 57, 0)
s = 62: (0, 25, 2, 17, 10, 11, 62, 26, 4, 19, 70, 0)
s = 63: (0, 14, 3, 23, 7, 10, 25, 16, 3, 21, 47, 0)
s = 64: (0, 16, 2, 16, 4, 12, 30, 15, 4, 17, 39, 0)
s = 65: (0, 22, 4, 24, 6, 11, 37, 28, 5, 16, 34, 0)
s = 66: (0, 17, 2, 18, 6, 10, 42, 23, 5, 15, 45, 0)
s = 67: (0, 14, 2, 18, 5, 7, 52, 21, 3, 19, 36, 0)
s = 68: (0, 13, 2, 18, 5, 8, 54, 24, 3, 21, 26, 0)
s = 69: (0, 21, 2, 16, 10, 7, 47, 19, 5, 26, 37, 0)
s = 70: (0, 16, 2, 15, 7, 8, 27, 17, 4, 27, 33, 0)
s = 71: (0, 16, 3, 21, 6, 13, 78, 13, 3, 20, 60, 0)
s = 72: (0, 12, 2, 13, 14, 10, 37, 14, 5, 23, 62, 0)
s = 73: (0, 21, 3, 19, 10, 8, 45, 18, 3, 20, 27, 0)
s = 74: (0, 12, 3, 16, 6, 8, 60, 16, 3, 15, 30, 0)
s = 75: (0, 17, 4, 11, 11, 6, 35, 10, 5, 15, 45, 0)
s = 76: (0, 21, 3, 17, 7, 5, 27, 15, 3, 18, 32, 0)
s = 77: (0, 11, 3, 19, 10, 7, 39, 23, 4, 19, 42, 0)
s = 78: (0, 25, 2, 13, 6, 7, 31, 15, 4, 14, 59, 0)
s = 79: (0, 16, 2, 19, 7, 6, 28, 13, 4, 15, 32, 0)
s = 80: (0, 14, 3, 26, 6, 14, 49, 20, 4, 14, 33, 0)
s = 81: (0, 16, 2, 19, 9, 11, 68, 23, 6, 22, 48, 0)
s = 82: (0, 14, 4, 18, 7, 8, 25, 12, 6, 20, 26, 0)
s = 83: (0, 21, 2, 15, 7, 5, 33, 15, 4, 14, 29, 0)
s = 84: (0, 13, 2, 16, 6, 8, 36, 21, 4, 28, 41, 0)
s = 85: (0, 17, 2, 10, 6, 10, 30, 30, 7, 26, 43, 0)
s = 86: (0, 13, 3, 19, 7, 5, 42, 16, 4, 21, 58, 0)
s = 87: (0, 17, 3, 15, 5, 8, 28, 29, 4, 24, 59, 0)
s = 88: (0, 23, 2, 16, 4, 5, 56, 17, 3, 11, 58, 0)
s = 89: (0, 19, 3, 14, 8, 10, 71, 17, 5, 17, 37, 0)
s = 90: (0, 21, 3, 21, 8, 6, 48, 16, 3, 14, 41, 0)
s = 91: (0, 12, 3, 19, 7, 8, 49, 12, 6, 14, 38, 0)
s = 92: (0, 13, 3, 19, 6, 8, 33, 19, 5, 19, 49, 0)
s = 93: (0, 12, 4, 12, 8, 5, 54, 16, 6, 28, 38, 0)
s = 94: (0, 20, 2, 32, 6, 8, 39, 23, 6, 16, 29, 0)
s = 95: (0, 13, 2, 21, 9, 10, 37, 21, 4, 16, 58, 0)
s = 96: (0, 13, 2, 16, 9, 12, 49, 22, 6, 23, 48, 0)
s = 97: (0, 12, 2, 19, 9, 7, 34, 23, 5, 12, 43, 0)
s = 98: (0, 31, 2, 21, 7, 6, 39, 20, 3, 20, 42, 0)
s = 99: (0, 18, 3, 18, 7, 11, 58, 17, 3, 18, 30, 0)
s = 100: (0, 14, 3, 13, 5, 8, 49, 10, 4, 15, 25, 0)
s = 101: (0, 18, 4, 29, 7, 14, 55, 28, 5, 16, 53, 0)
s = 102: (0, 17, 2, 26, 8, 8, 58, 14, 6, 15, 62, 0)
s = 103: (0, 18, 3, 13, 6, 13, 43, 18, 3, 17, 40, 0)
s = 104: (0, 14, 2, 23, 10, 8, 29, 13, 5, 16, 38, 0)
s = 105: (0, 22, 3, 12, 7, 6, 81, 27, 4, 13, 31, 0)
s = 106: (0, 16, 2, 19, 6, 11, 27, 16, 5, 16, 56, 0)
s = 107: (0, 18, 3, 22, 7, 7, 43, 15, 4, 14, 44, 0)
s = 108: (0, 17, 2, 15, 7, 7, 67, 24, 6, 17, 40, 0)
s = 109: (0, 15, 2, 13, 9, 9, 45, 14, 4, 12, 36, 0)
s = 110: (0, 15, 2, 20, 11, 8, 32, 12, 3, 15, 32, 0)
s = 111: (0, 22, 2, 21, 5, 8, 32, 20, 5, 20, 30, 0)
s = 112: (0, 18, 2, 17, 8, 10, 45, 25, 4, 26, 29, 0)
s = 113: (0, 19, 2, 12, 5, 8, 35, 22, 6, 25, 31, 0)
s = 114: (0, 16, 2, 13, 12, 9, 41, 22, 5, 17, 34, 0)
s = 115: (0, 12, 2, 25, 10, 14, 75, 16, 5, 24, 52, 0)
s = 116: (0, 19, 3, 27, 9, 10, 63, 16, 3, 23, 31, 0)
s = 117: (0, 16, 3, 17, 7, 7, 30, 27, 5, 14, 32, 0)
s = 118: (0, 14, 2, 22, 8, 6, 50, 21, 5, 23, 39, 0)
s = 119: (0, 31, 3, 20, 6, 7, 35, 19, 6, 19, 61, 0)
s = 120: (0, 28, 2, 25, 7, 5, 54, 18, 3, 17, 57, 0)
s = 121: (0, 12, 2, 18, 5, 9, 49, 14, 3, 28, 35, 0)
s = 122: (0, 13, 2, 12, 5, 6, 68, 22, 5, 15, 31, 0)
s = 123: (0, 10, 3, 15, 5, 9, 33, 11, 4, 16, 29, 0)
s = 124: (0, 18, 3, 22, 7, 14, 38, 16, 5, 19, 25, 0)
s = 125: (0, 24, 2, 27, 10, 9, 28, 18, 4, 14, 28, 0)
s = 126: (0, 17, 2, 22, 6, 6, 53, 12, 6, 18, 76, 0)
s = 127: (0, 21, 3, 24, 12, 8, 50, 19, 3, 13, 36, 0)
s = 128: (0, 19, 2, 23, 4, 8, 53, 23, 5, 10, 78, 0)
s = 129: (0, 22, 2, 17, 7, 7, 42, 33, 4, 13, 32, 0)
s = 130: (0, 23, 3, 22, 7, 7, 35, 14, 3, 21, 49, 0)
s = 131: (0, 12, 2, 25, 8, 6, 46, 18, 6, 16, 28, 0)
s = 132: (0, 30, 2, 14, 8, 9, 38, 21, 5, 16, 46, 0)
s = 133: (0, 11, 3, 15, 9, 8, 66, 26, 4, 20, 50, 0)
s = 134: (0, 14, 2, 13, 8, 5, 29, 18, 4, 28, 36, 0)
s = 135: (0, 24, 2, 27, 10, 9, 44, 15, 4, 28, 36, 0)
s = 136: (0, 10, 2, 13, 4, 12, 56, 14, 4, 25, 38, 0)
s = 137: (0, 13, 4, 25, 9, 9, 46, 17, 6, 17, 40, 0)
s = 138: (0, 11, 3, 21, 11, 9, 35, 16, 6, 22, 37, 0)
s = 139: (0, 17, 2, 14, 11, 7, 55, 12, 3, 10, 58, 0)
s = 140: (0, 24, 2, 30, 6, 10, 44, 16, 4, 14, 39, 0)
s = 141: (0, 24, 3, 24, 6, 7, 28, 17, 4, 19, 42, 0)
s = 142: (0, 23, 3, 22, 10, 10, 43, 17, 6, 24, 51, 0)
s = 143: (0, 15, 2, 17, 9, 6, 44, 19, 5, 15, 41, 0)
s = 144: (0, 13, 3, 20, 6, 6, 47, 11, 6, 22, 46, 0)
s = 145: (0, 23, 2, 14, 5, 6, 38, 14, 6, 20, 50, 0)
s = 146: (0, 26, 3, 16, 8, 5, 31, 22, 6, 24, 43, 0)
s = 147: (0, 18, 3, 21, 8, 7, 34, 14, 6, 17, 49, 0)
s = 148: (0, 30, 3, 17, 6, 10, 40, 22, 5, 13, 61, 0)
s = 149: (0, 18, 2, 17, 9, 5, 45, 11, 5, 17, 40, 0)
s = 150: (0, 19, 2, 19, 5, 7, 40, 22, 5, 11, 33, 0)
s = 151: (0, 19, 2, 18, 6, 7, 67, 12, 4, 24, 69, 0)
s = 152: (0, 19, 2, 14, 6, 8, 55, 17, 5, 19, 31, 0)
s = 153: (0, 12, 3, 17, 8, 11, 49, 23, 6, 15, 31, 0)
s = 154: (0, 26, 3, 17, 5, 8, 30, 30, 5, 29, 33, 0)
s = 155: (0, 16, 2, 15, 7, 6, 45, 17, 4, 18, 48, 0)
s = 156: (0, 22, 2, 24, 5, 16, 77, 25, 4, 10, 25, 0)
s = 157: (0, 28, 2, 14, 8, 15, 53, 22, 5, 16, 27, 0)
s = 158: (0, 15, 3, 20, 10, 10, 53, 15, 4, 17, 42, 0)
s = 159: (0, 11, 3, 23, 7, 6, 83, 17, 4, 21, 27, 0)
s = 160: (0, 13, 3, 16, 9, 10, 40, 16, 5, 12, 35, 0)
s = 161: (0, 17, 2, 16, 6, 7, 66, 15, 4, 24, 31, 0)
s = 162: (0, 26, 2, 19, 8, 6, 55, 16, 4, 15, 31, 0)
s = 163: (0, 16, 2, 15, 9, 8, 35, 15, 4, 22, 31, 0)
s = 164: (0, 25, 2, 18, 8, 11, 30, 28, 3, 17, 26, 0)
s = 165: (0, 14, 2, 20, 8, 9, 48, 12, 3, 14, 52, 0)
s = 166: (0, 11, 3, 24, 5, 8, 43, 26, 4, 18, 29, 0)
s = 167: (0, 16, 3, 18, 9, 9, 75, 24, 4, 14, 36, 0)
s = 168: (0, 16, 2, 21, 9, 7, 54, 11, 4, 17, 30, 0)
s = 169: (0, 18, 3, 28, 9, 8, 47, 16, 5, 14, 50, 0)
s = 170: (0, 21, 2, 21, 6, 6, 66, 11, 4, 15, 27, 0)
s = 171: (0, 31, 3, 21, 6, 10, 51, 23, 4, 27, 60, 0)
s = 172: (0, 17, 3, 11, 8, 10, 43, 26, 6, 16, 31, 0)
s = 173: (0, 13, 3, 23, 10, 8, 31, 14, 4, 12, 35, 0)
s = 174: (0, 17, 2, 13, 8, 8, 44, 25, 7, 12, 35, 0)
s = 175: (0, 16, 2, 16, 6, 8, 61, 25, 7, 18, 42, 0)
s = 176: (0, 18, 2, 22, 7, 9, 48, 15, 4, 14, 43, 0)
s = 177: (0, 18, 2, 13, 8, 17, 31, 27, 6, 17, 46, 0)
s = 178: (0, 22, 2, 18, 7, 7, 63, 22, 3, 16, 48, 0)
s = 179: (0, 18, 2, 23, 5, 7, 57, 22, 5, 22, 49, 0)
s = 180: (0, 25, 2, 15, 12, 11, 52, 26, 6, 16, 39, 0)
s = 181: (0, 18, 4, 16, 7, 10, 53, 18, 5, 25, 55, 0)
s = 182: (0, 19, 2, 18, 8, 8, 61, 13, 3, 19, 36, 0)
s = 183: (0, 29, 3, 16, 10, 11, 58, 14, 4, 13, 45, 0)
s = 184: (0, 13, 2, 17, 8, 7, 41, 12, 5, 24, 37, 0)
s = 185: (0, 12, 3, 15, 5, 9, 40, 21, 5, 16, 50, 0)
s = 186: (0, 26, 3, 19, 8, 9, 72, 28, 8, 22, 45, 0)
s = 187: (0, 15, 2, 11, 8, 7, 30, 19, 4, 15, 36, 0)
s = 188: (0, 23, 2, 18, 5, 8, 42, 22, 3, 20, 46, 0)
s = 189: (0, 26, 2, 26, 8, 8, 36, 12, 6, 23, 31, 0)
s = 190: (0, 23, 2, 16, 12, 13, 35, 12, 3, 26, 32, 0)
s = 191: (0, 23, 3, 16, 7, 9, 41, 16, 5, 19, 65, 0)
s = 192: (0, 16, 2, 20, 6, 7, 38, 21, 5, 25, 57, 0)
s = 193: (0, 16, 2, 22, 9, 8, 54, 19, 7, 18, 40, 0)
s = 194: (0, 27, 2, 19, 11, 5, 34, 21, 6, 26, 33, 0)
s = 195: (0, 24, 3, 28, 11, 9, 60, 17, 5, 27, 62, 0)
s = 196: (0, 17, 2, 20, 9, 14, 72, 25, 3, 17, 49, 0)
s = 197: (0, 20, 2, 19, 10, 9, 37, 17, 3, 13, 29, 0)
s = 198: (0, 27, 2, 13, 11, 7, 29, 19, 3, 12, 35, 0)
s = 199: (0, 13, 3, 17, 6, 10, 43, 15, 4, 31, 45, 0)
s = 200: (0, 19, 3, 29, 7, 5, 44, 24, 4, 30, 28, 0)
************************************************************************
ES/LS-VALUES:
jobnr.   ES(i)    LS(i)
------------------------------------------------------------------------
  0        0        0
  1        0       44
  2        0       58
  3        0       54
  4        5       50
  5        5       51
  6        7       52
  7        7       54
  8       16       62
  9       12       60
 10        9       56
 11       18       64
************************************************************************
BIG-M-VALUES:
M1 = 36, M2 = 194
************************************************************************
