************************************************************************
file with basedata            : j30_33.bas
initial value random generator: 1297468893
************************************************************************
projects                      :  1
jobs (incl. supersource/sink ):  32
horizon                       :  166
RESOURCES
  - renewable                 :  4   R
  - nonrenewable              :  0   N
  - doubly constrained        :  0   D
************************************************************************
PROJECT INFORMATION:
pronr.  #jobs rel.date duedate tardcost  MPM-Time
    1     30      0       60       27       60
************************************************************************
PRECEDENCE RELATIONS:
jobnr.    #modes  #successors   successors
   0        1          3           1   2   3
   1        1          2           4  12
   2        1          1          17
   3        1          2          16  27
   4        1          3           5   7  11
   5        1          3           6   8  10
   6        1          1          17
   7        1          1           9
   8        1          2          15  16
   9        1          3          19  27  29
  10        1          3          14  15  28
  11        1          3          14  19  25
  12        1          2          13  21
  13        1          1          28
  14        1          3          20  22  23
  15        1          2          18  22
  16        1          2          18  26
  17        1          3          25  26  30
  18        1          3          20  23  25
  19        1          1          20
  20        1          1          24
  21        1          2          23  26
  22        1          2          24  27
  23        1          1          24
  24        1          1          30
  25        1          1          29
  26        1          2          28  29
  27        1          1          30
  28        1          1          31
  29        1          1          31
  30        1          1          31
  31        1          0        
************************************************************************
REQUESTS/DURATIONS:
jobnr. mode duration  R 1  R 2  R 3  R 4  E(W 1)
------------------------------------------------------------------------
  0      1     0       0    0    0    0     0
  1      1     7       7    0    0    0    49
  2      1    10       0    3    0    0    30
  3      1     3       0    0    0   10    30
  4      1    10       0    9    0    0    90
  5      1     5       0    0    0    4    20
  6      1     2       0    3    0    0     6
  7      1    10       0    0    0    7    70
  8      1     9       0    0    0    3    27
  9      1     9       0    0    3    0    27
 10      1     8       0    0    2    0    16
 11      1     2       0    1    0    0     4
 12      1     4       0    9    0    0    36
 13      1     8       0    1    0    0    16
 14      1     1       0    2    0    0     2
 15      1     1       0    0    0    8     8
 16      1     9       0    0    0    3    27
 17      1     7       0    3    0    0    21
 18      1     2      10    0    0    0    20
 19      1     3       0    1    0    0     6
 20      1     1       0    0    0    6     6
 21      1     8       0    0    0    4    32
 22      1     4      10    0    0    0    40
 23      1     3       0    0    0    1     6
 24      1     8       0    0    0    5    40
 25      1    10      10    0    0    0    100
 26      1     5       0    0    3    0    15
 27      1     1       0   10    0    0    10
 28      1     8       0    5    0    0    40
 29      1     1       0    0    5    0     5
 30      1     7       5    0    0    0    35
 31      1     0       0    0    0    0     0
************************************************************************
RESOURCEAVAILABILITIES:
  R 1
   38
************************************************************************
RESOURCE LIMITS:
jobnr.  l(R 1)  u(R 1)
------------------------------------------------------------------------
  0        0       0
  1        4       7
  2        2       3
  3        5      10
  4        5       9
  5        2       4
  6        2       3
  7        4       7
  8        2       3
  9        2       3
 10        1       2
 11        1       2
 12        5       9
 13        1       2
 14        1       2
 15        4       8
 16        2       3
 17        2       3
 18        5      10
 19        1       2
 20        3       6
 21        2       4
 22        5      10
 23        1       2
 24        3       5
 25        5      10
 26        2       3
 27        5      10
 28        3       5
 29        3       5
 30        3       5
 31        0       0
************************************************************************
SCENARIOS:
------------------------------------------------------------------------
RESOURCE k = 1
s = 1: (0, 54, 17, 42, 70, 36, 5, 57, 20, 16, 13, 3, 31, 16, 2, 7, 37, 16, 16, 8, 6, 19, 27, 7, 50, 100, 11, 17, 21, 4, 40, 0)
s = 2: (0, 44, 22, 27, 87, 22, 10, 104, 20, 25, 11, 5, 35, 17, 2, 7, 35, 18, 21, 5, 6, 23, 39, 6, 48, 138, 18, 11, 37, 5, 48, 0)
s = 3: (0, 54, 39, 36, 73, 14, 8, 67, 39, 26, 10, 3, 40, 12, 2, 6, 29, 13, 11, 6, 6, 44, 46, 6, 44, 112, 23, 9, 63, 5, 48, 0)
s = 4: (0, 60, 39, 40, 68, 15, 8, 58, 19, 30, 14, 7, 27, 18, 2, 5, 24, 19, 17, 7, 6, 29, 43, 10, 38, 131, 15, 8, 33, 4, 50, 0)
s = 5: (0, 39, 42, 34, 64, 24, 5, 112, 27, 24, 25, 4, 39, 23, 2, 8, 17, 17, 15, 6, 7, 25, 32, 8, 26, 115, 23, 10, 24, 4, 30, 0)
s = 6: (0, 29, 25, 49, 97, 25, 6, 101, 18, 31, 21, 3, 36, 18, 3, 8, 19, 27, 16, 7, 10, 30, 54, 9, 44, 162, 9, 9, 43, 7, 33, 0)
s = 7: (0, 54, 38, 29, 91, 14, 5, 70, 37, 26, 10, 5, 22, 13, 3, 7, 28, 35, 15, 6, 7, 35, 42, 8, 37, 111, 25, 11, 51, 5, 26, 0)
s = 8: (0, 61, 37, 33, 63, 22, 9, 60, 20, 16, 20, 4, 38, 20, 2, 15, 33, 26, 14, 7, 7, 29, 39, 11, 55, 76, 18, 10, 37, 7, 48, 0)
s = 9: (0, 43, 36, 37, 64, 24, 5, 68, 28, 18, 13, 3, 24, 16, 4, 5, 20, 25, 14, 8, 5, 29, 41, 6, 32, 75, 23, 14, 54, 4, 20, 0)
s = 10: (0, 33, 33, 30, 59, 35, 4, 65, 29, 27, 18, 4, 40, 17, 2, 11, 25, 20, 13, 7, 8, 25, 48, 6, 53, 86, 12, 10, 36, 6, 25, 0)
s = 11: (0, 70, 22, 32, 77, 16, 5, 49, 31, 24, 19, 7, 25, 16, 2, 5, 20, 28, 31, 6, 7, 33, 52, 9, 45, 81, 13, 16, 47, 4, 33, 0)
s = 12: (0, 44, 41, 23, 82, 32, 5, 42, 24, 26, 21, 4, 23, 14, 2, 13, 25, 18, 25, 5, 5, 24, 54, 9, 36, 158, 9, 7, 39, 4, 58, 0)
s = 13: (0, 77, 30, 29, 147, 16, 6, 128, 30, 41, 14, 4, 34, 17, 3, 11, 41, 34, 19, 7, 7, 19, 38, 6, 34, 72, 10, 12, 29, 3, 38, 0)
s = 14: (0, 36, 36, 24, 112, 17, 6, 70, 23, 24, 24, 3, 35, 10, 2, 5, 16, 19, 20, 6, 6, 28, 31, 7, 49, 95, 13, 13, 27, 5, 49, 0)
s = 15: (0, 57, 48, 32, 68, 21, 6, 87, 37, 24, 18, 6, 46, 18, 2, 7, 23, 26, 34, 7, 5, 25, 39, 8, 29, 100, 17, 7, 31, 5, 33, 0)
s = 16: (0, 39, 24, 26, 125, 11, 5, 84, 36, 37, 19, 5, 45, 20, 3, 6, 35, 20, 27, 6, 6, 34, 30, 7, 26, 98, 14, 10, 65, 9, 51, 0)
s = 17: (0, 37, 21, 36, 86, 27, 4, 78, 39, 26, 10, 5, 44, 15, 2, 10, 23, 25, 19, 8, 8, 27, 41, 8, 33, 65, 14, 11, 37, 6, 28, 0)
s = 18: (0, 53, 20, 23, 59, 20, 6, 107, 25, 32, 19, 4, 43, 16, 2, 7, 27, 20, 28, 6, 9, 29, 46, 4, 36, 159, 17, 13, 27, 8, 59, 0)
s = 19: (0, 64, 43, 27, 79, 13, 8, 61, 29, 42, 14, 3, 48, 19, 3, 11, 17, 31, 16, 6, 8, 28, 47, 9, 25, 93, 13, 11, 45, 7, 23, 0)
s = 20: (0, 41, 46, 28, 84, 15, 8, 76, 22, 20, 16, 8, 28, 15, 3, 6, 32, 20, 27, 10, 8, 23, 25, 8, 46, 95, 21, 13, 64, 5, 41, 0)
s = 21: (0, 70, 25, 21, 59, 37, 8, 60, 25, 29, 16, 5, 25, 17, 2, 6, 23, 29, 26, 8, 8, 29, 51, 10, 27, 106, 18, 8, 43, 7, 45, 0)
s = 22: (0, 57, 27, 32, 131, 18, 5, 82, 40, 43, 19, 3, 43, 16, 3, 13, 27, 34, 14, 6, 9, 29, 51, 7, 45, 120, 17, 7, 22, 7, 25, 0)
s = 23: (0, 52, 30, 30, 131, 24, 10, 89, 27, 25, 12, 6, 28, 16, 4, 11, 29, 12, 22, 11, 7, 21, 39, 6, 49, 80, 11, 10, 43, 5, 32, 0)
s = 24: (0, 58, 31, 24, 85, 28, 7, 52, 30, 30, 16, 4, 35, 16, 2, 6, 24, 27, 19, 6, 8, 23, 63, 6, 34, 94, 13, 12, 53, 5, 26, 0)
s = 25: (0, 46, 36, 24, 105, 25, 6, 87, 28, 19, 17, 4, 64, 9, 3, 7, 32, 24, 16, 6, 4, 29, 42, 6, 61, 111, 16, 9, 29, 6, 34, 0)
s = 26: (0, 37, 32, 26, 125, 21, 7, 83, 36, 24, 16, 6, 39, 20, 3, 6, 17, 24, 25, 6, 8, 24, 41, 8, 31, 60, 14, 14, 53, 5, 21, 0)
s = 27: (0, 35, 36, 30, 94, 27, 4, 57, 21, 22, 16, 4, 36, 26, 2, 6, 22, 19, 28, 5, 7, 27, 27, 5, 37, 101, 13, 9, 49, 6, 43, 0)
s = 28: (0, 36, 30, 21, 101, 26, 9, 54, 40, 30, 13, 3, 43, 13, 2, 14, 29, 25, 22, 6, 5, 39, 41, 6, 60, 110, 9, 10, 26, 4, 26, 0)
s = 29: (0, 52, 21, 30, 60, 19, 11, 76, 22, 32, 9, 4, 49, 17, 2, 10, 34, 23, 34, 6, 8, 25, 47, 4, 67, 84, 13, 7, 55, 6, 34, 0)
s = 30: (0, 46, 30, 50, 106, 21, 4, 91, 22, 33, 9, 4, 34, 10, 2, 14, 29, 15, 16, 5, 6, 35, 41, 7, 59, 71, 18, 7, 37, 7, 47, 0)
s = 31: (0, 33, 20, 18, 68, 18, 7, 104, 24, 25, 18, 4, 33, 18, 3, 5, 44, 18, 13, 7, 7, 18, 48, 6, 36, 129, 14, 9, 24, 5, 32, 0)
s = 32: (0, 87, 20, 47, 58, 20, 5, 51, 35, 27, 11, 4, 43, 10, 2, 9, 38, 21, 16, 5, 5, 29, 48, 9, 37, 173, 13, 7, 33, 4, 40, 0)
s = 33: (0, 52, 32, 32, 96, 15, 7, 83, 37, 16, 26, 3, 39, 18, 3, 12, 38, 24, 21, 9, 7, 25, 35, 7, 47, 89, 13, 10, 35, 5, 28, 0)
s = 34: (0, 36, 26, 26, 52, 23, 7, 66, 29, 25, 16, 5, 53, 10, 2, 10, 39, 16, 18, 8, 7, 31, 52, 6, 32, 57, 20, 9, 41, 5, 51, 0)
s = 35: (0, 49, 23, 29, 80, 18, 6, 87, 24, 33, 17, 6, 30, 23, 3, 10, 28, 24, 23, 5, 7, 22, 61, 4, 42, 176, 11, 13, 29, 6, 32, 0)
s = 36: (0, 64, 51, 21, 132, 11, 9, 70, 19, 22, 10, 5, 20, 20, 2, 5, 25, 17, 26, 5, 4, 20, 37, 8, 43, 118, 14, 8, 34, 7, 63, 0)
s = 37: (0, 48, 25, 18, 129, 27, 6, 113, 15, 22, 15, 3, 30, 11, 2, 6, 46, 20, 16, 5, 8, 47, 42, 7, 40, 64, 19, 8, 43, 6, 30, 0)
s = 38: (0, 27, 22, 30, 79, 16, 6, 66, 23, 32, 14, 3, 47, 15, 3, 10, 23, 22, 12, 6, 5, 17, 48, 5, 43, 94, 16, 14, 28, 5, 42, 0)
s = 39: (0, 40, 23, 23, 108, 25, 9, 66, 28, 17, 25, 3, 31, 18, 2, 9, 28, 15, 18, 11, 4, 40, 40, 5, 62, 84, 23, 9, 38, 5, 35, 0)
s = 40: (0, 47, 23, 25, 85, 20, 6, 64, 40, 32, 10, 5, 34, 15, 2, 5, 23, 27, 25, 5, 6, 27, 39, 6, 64, 107, 25, 9, 37, 5, 27, 0)
s = 41: (0, 80, 34, 46, 69, 20, 8, 50, 17, 17, 22, 5, 46, 21, 3, 11, 35, 15, 25, 5, 6, 31, 35, 6, 37, 141, 14, 8, 34, 7, 34, 0)
s = 42: (0, 43, 17, 38, 92, 20, 9, 76, 22, 48, 16, 4, 30, 14, 3, 6, 29, 24, 14, 8, 5, 32, 41, 5, 58, 141, 17, 10, 63, 5, 19, 0)
s = 43: (0, 31, 19, 56, 62, 22, 7, 69, 34, 22, 18, 3, 28, 19, 2, 6, 20, 25, 26, 4, 6, 27, 43, 4, 36, 136, 17, 7, 57, 6, 26, 0)
s = 44: (0, 64, 23, 29, 62, 14, 8, 61, 26, 16, 12, 4, 31, 13, 3, 9, 16, 17, 22, 5, 8, 41, 39, 7, 30, 123, 16, 18, 59, 4, 25, 0)
s = 45: (0, 52, 37, 29, 59, 15, 6, 45, 40, 33, 11, 3, 33, 19, 2, 12, 23, 22, 19, 9, 5, 27, 45, 6, 37, 155, 12, 7, 39, 4, 37, 0)
s = 46: (0, 41, 36, 47, 79, 15, 5, 93, 20, 28, 13, 3, 44, 16, 3, 6, 42, 29, 14, 5, 11, 32, 37, 6, 49, 59, 16, 13, 43, 4, 33, 0)
s = 47: (0, 42, 41, 35, 71, 22, 5, 58, 21, 31, 19, 5, 32, 14, 2, 6, 23, 24, 17, 9, 7, 34, 40, 7, 66, 106, 18, 10, 37, 4, 37, 0)
s = 48: (0, 36, 33, 20, 95, 20, 6, 77, 20, 37, 16, 4, 41, 16, 2, 12, 41, 26, 18, 5, 6, 40, 31, 6, 32, 113, 20, 6, 30, 6, 33, 0)
s = 49: (0, 66, 45, 17, 47, 17, 5, 88, 39, 19, 15, 3, 36, 10, 2, 9, 24, 15, 21, 6, 5, 30, 28, 7, 38, 104, 13, 7, 41, 4, 39, 0)
s = 50: (0, 83, 21, 35, 128, 16, 8, 46, 38, 27, 22, 6, 32, 25, 2, 10, 22, 13, 22, 5, 5, 29, 23, 9, 53, 130, 14, 8, 43, 6, 54, 0)
s = 51: (0, 63, 33, 48, 115, 15, 6, 83, 22, 24, 18, 5, 38, 19, 2, 9, 17, 34, 35, 5, 7, 37, 22, 6, 27, 121, 21, 14, 42, 4, 38, 0)
s = 52: (0, 39, 22, 57, 55, 22, 5, 82, 32, 20, 13, 6, 33, 20, 2, 12, 35, 13, 17, 5, 6, 42, 38, 7, 40, 97, 14, 10, 42, 4, 31, 0)
s = 53: (0, 70, 20, 39, 112, 15, 6, 49, 20, 24, 24, 4, 30, 18, 3, 14, 18, 20, 21, 6, 6, 28, 45, 11, 21, 139, 19, 7, 59, 5, 23, 0)
s = 54: (0, 56, 36, 33, 85, 27, 6, 89, 32, 27, 22, 4, 64, 13, 2, 9, 21, 19, 17, 6, 5, 36, 38, 5, 34, 82, 13, 12, 51, 6, 37, 0)
s = 55: (0, 39, 22, 38, 110, 34, 9, 59, 36, 28, 10, 5, 53, 17, 2, 7, 36, 17, 22, 5, 11, 35, 38, 8, 30, 101, 15, 11, 58, 5, 31, 0)
s = 56: (0, 50, 37, 32, 83, 20, 8, 54, 21, 19, 17, 3, 25, 17, 2, 7, 50, 20, 17, 6, 8, 34, 33, 5, 29, 103, 11, 7, 46, 4, 36, 0)
s = 57: (0, 45, 28, 25, 69, 23, 7, 81, 25, 41, 12, 4, 21, 20, 2, 13, 37, 23, 31, 8, 9, 39, 30, 11, 42, 88, 14, 7, 29, 6, 46, 0)
s = 58: (0, 56, 23, 29, 82, 23, 5, 62, 50, 33, 13, 4, 33, 15, 2, 9, 37, 24, 20, 5, 8, 27, 51, 6, 26, 122, 15, 8, 25, 6, 30, 0)
s = 59: (0, 46, 21, 30, 96, 21, 5, 59, 27, 27, 16, 6, 37, 18, 2, 8, 23, 16, 25, 6, 4, 35, 41, 5, 39, 86, 11, 10, 31, 5, 39, 0)
s = 60: (0, 37, 33, 34, 79, 13, 6, 72, 38, 20, 18, 5, 26, 13, 2, 11, 26, 23, 12, 8, 7, 38, 44, 8, 55, 87, 14, 8, 26, 5, 45, 0)
s = 61: (0, 59, 27, 45, 86, 21, 5, 66, 22, 41, 27, 4, 27, 21, 2, 10, 31, 34, 24, 6, 6, 32, 43, 7, 74, 57, 22, 9, 45, 4, 20, 0)
s = 62: (0, 36, 31, 38, 72, 19, 5, 59, 21, 21, 13, 4, 29, 19, 2, 7, 22, 23, 18, 7, 7, 29, 37, 5, 38, 132, 17, 7, 38, 3, 27, 0)
s = 63: (0, 52, 23, 22, 104, 22, 4, 93, 24, 22, 15, 4, 50, 14, 2, 6, 29, 22, 24, 5, 7, 43, 43, 4, 47, 120, 17, 13, 62, 7, 24, 0)
s = 64: (0, 68, 28, 42, 91, 18, 4, 90, 31, 16, 16, 6, 20, 17, 2, 9, 28, 16, 21, 7, 10, 30, 42, 7, 48, 117, 15, 10, 62, 6, 23, 0)
s = 65: (0, 66, 33, 21, 136, 19, 5, 58, 19, 43, 13, 3, 38, 15, 2, 8, 23, 18, 18, 4, 8, 21, 47, 9, 28, 96, 21, 13, 39, 5, 36, 0)
s = 66: (0, 35, 38, 27, 58, 25, 6, 87, 29, 37, 23, 3, 22, 14, 2, 8, 25, 16, 17, 5, 4, 57, 40, 5, 27, 111, 24, 7, 64, 6, 32, 0)
s = 67: (0, 37, 31, 40, 56, 19, 10, 90, 22, 22, 17, 3, 25, 12, 2, 7, 24, 14, 22, 4, 8, 26, 33, 5, 59, 84, 8, 7, 43, 5, 29, 0)
s = 68: (0, 43, 43, 17, 57, 21, 4, 50, 19, 37, 11, 3, 27, 17, 3, 11, 15, 19, 24, 6, 6, 40, 46, 5, 28, 110, 17, 8, 53, 5, 21, 0)
s = 69: (0, 37, 20, 23, 92, 21, 5, 109, 33, 26, 17, 3, 40, 19, 2, 7, 27, 20, 12, 5, 6, 34, 49, 6, 46, 61, 13, 12, 38, 4, 46, 0)
s = 70: (0, 55, 17, 37, 122, 17, 6, 58, 16, 35, 16, 5, 28, 15, 2, 7, 32, 18, 18, 6, 5, 50, 55, 8, 37, 84, 12, 17, 32, 4, 39, 0)
s = 71: (0, 61, 23, 18, 76, 28, 6, 61, 21, 24, 11, 3, 40, 13, 2, 8, 31, 25, 22, 7, 4, 32, 49, 8, 33, 129, 14, 9, 47, 6, 39, 0)
s = 72: (0, 44, 54, 35, 84, 36, 4, 95, 20, 23, 21, 3, 25, 12, 2, 6, 24, 27, 19, 5, 5, 39, 68, 7, 40, 83, 20, 12, 39, 3, 32, 0)
s = 73: (0, 50, 36, 28, 160, 18, 7, 62, 18, 26, 9, 5, 65, 10, 2, 10, 15, 31, 13, 10, 7, 40, 44, 9, 39, 74, 15, 9, 58, 5, 45, 0)
s = 74: (0, 69, 20, 25, 108, 18, 7, 58, 40, 30, 21, 3, 32, 19, 2, 10, 47, 21, 16, 8, 5, 35, 28, 7, 31, 101, 10, 7, 28, 5, 27, 0)
s = 75: (0, 68, 19, 36, 79, 24, 4, 38, 18, 23, 23, 6, 61, 22, 3, 10, 30, 32, 20, 6, 6, 23, 27, 5, 47, 93, 12, 7, 29, 4, 22, 0)
s = 76: (0, 33, 31, 30, 71, 16, 6, 59, 27, 25, 17, 3, 40, 16, 2, 6, 22, 22, 31, 5, 6, 17, 39, 6, 47, 58, 14, 9, 36, 5, 33, 0)
s = 77: (0, 59, 43, 21, 88, 28, 9, 62, 26, 23, 22, 4, 42, 11, 2, 8, 22, 19, 34, 5, 7, 37, 50, 9, 27, 102, 13, 13, 48, 5, 31, 0)
s = 78: (0, 35, 50, 28, 104, 17, 4, 74, 18, 44, 23, 5, 44, 14, 2, 10, 22, 18, 26, 4, 5, 27, 38, 8, 55, 68, 28, 10, 28, 9, 23, 0)
s = 79: (0, 42, 50, 30, 67, 16, 8, 93, 22, 16, 22, 7, 34, 13, 2, 5, 23, 27, 17, 5, 9, 19, 38, 4, 65, 55, 10, 10, 61, 5, 45, 0)
s = 80: (0, 53, 35, 24, 111, 19, 9, 58, 23, 29, 13, 4, 35, 12, 3, 10, 29, 14, 14, 5, 5, 24, 36, 5, 56, 81, 18, 11, 40, 5, 22, 0)
s = 81: (0, 43, 49, 20, 75, 21, 8, 69, 25, 17, 14, 5, 49, 18, 3, 13, 34, 18, 18, 6, 6, 34, 69, 6, 30, 91, 16, 8, 43, 6, 25, 0)
s = 82: (0, 46, 34, 22, 77, 30, 8, 65, 15, 34, 13, 7, 34, 24, 3, 13, 29, 16, 17, 5, 7, 42, 31, 6, 52, 78, 14, 12, 38, 7, 44, 0)
s = 83: (0, 57, 26, 32, 69, 20, 7, 102, 19, 32, 21, 5, 61, 13, 3, 7, 19, 20, 24, 8, 6, 21, 30, 7, 47, 112, 10, 10, 35, 5, 19, 0)
s = 84: (0, 28, 25, 20, 107, 19, 6, 59, 53, 33, 9, 6, 35, 13, 2, 13, 36, 15, 19, 5, 6, 40, 53, 7, 50, 109, 17, 13, 48, 5, 32, 0)
s = 85: (0, 37, 23, 21, 112, 22, 6, 99, 30, 32, 13, 7, 29, 21, 3, 9, 25, 18, 14, 6, 10, 35, 36, 6, 34, 151, 15, 14, 60, 6, 40, 0)
s = 86: (0, 49, 41, 29, 84, 31, 6, 108, 33, 33, 20, 5, 53, 17, 2, 11, 22, 23, 27, 8, 6, 40, 49, 6, 31, 91, 21, 16, 33, 6, 30, 0)
s = 87: (0, 82, 32, 21, 77, 15, 7, 87, 34, 22, 11, 5, 33, 13, 2, 8, 18, 20, 27, 8, 8, 24, 37, 4, 23, 139, 13, 7, 40, 7, 40, 0)
s = 88: (0, 31, 41, 35, 134, 18, 8, 68, 36, 18, 15, 5, 33, 18, 3, 11, 30, 22, 12, 10, 5, 38, 50, 6, 51, 87, 14, 8, 29, 6, 55, 0)
s = 89: (0, 57, 38, 34, 89, 27, 7, 98, 24, 42, 13, 7, 36, 21, 2, 6, 33, 25, 20, 7, 9, 35, 44, 8, 45, 111, 13, 13, 55, 7, 37, 0)
s = 90: (0, 37, 31, 37, 86, 14, 4, 88, 19, 24, 24, 4, 42, 16, 2, 6, 31, 27, 17, 6, 7, 41, 27, 6, 41, 106, 14, 8, 66, 6, 48, 0)
s = 91: (0, 46, 40, 24, 72, 26, 9, 49, 32, 24, 10, 8, 42, 19, 4, 11, 20, 38, 24, 9, 7, 25, 38, 6, 48, 94, 9, 15, 48, 6, 33, 0)
s = 92: (0, 65, 25, 34, 94, 29, 7, 86, 16, 26, 11, 3, 34, 14, 3, 7, 19, 28, 21, 6, 5, 26, 34, 8, 51, 168, 13, 13, 39, 5, 21, 0)
s = 93: (0, 50, 40, 20, 84, 17, 7, 119, 16, 19, 13, 5, 42, 15, 2, 11, 33, 15, 22, 5, 8, 41, 40, 6, 55, 113, 11, 14, 30, 4, 36, 0)
s = 94: (0, 65, 20, 26, 72, 15, 5, 42, 22, 20, 11, 5, 33, 9, 3, 5, 28, 27, 25, 8, 6, 22, 39, 8, 28, 87, 12, 10, 41, 6, 36, 0)
s = 95: (0, 64, 34, 23, 112, 24, 5, 38, 41, 21, 21, 4, 24, 17, 4, 6, 28, 19, 13, 6, 9, 38, 48, 10, 36, 97, 14, 9, 31, 6, 27, 0)
s = 96: (0, 56, 39, 32, 61, 28, 6, 101, 52, 21, 14, 3, 19, 18, 2, 8, 27, 35, 18, 7, 9, 21, 55, 4, 45, 94, 13, 12, 37, 5, 45, 0)
s = 97: (0, 40, 43, 22, 134, 15, 11, 69, 33, 24, 15, 6, 35, 16, 3, 11, 18, 31, 23, 7, 6, 40, 63, 8, 40, 113, 19, 8, 51, 5, 27, 0)
s = 98: (0, 46, 21, 31, 68, 21, 9, 85, 17, 40, 28, 7, 26, 11, 3, 10, 28, 24, 13, 11, 8, 60, 36, 8, 56, 157, 19, 11, 37, 6, 35, 0)
s = 99: (0, 49, 35, 45, 94, 22, 5, 65, 25, 29, 18, 3, 40, 17, 2, 13, 24, 28, 22, 6, 10, 36, 48, 6, 52, 109, 16, 7, 30, 4, 40, 0)
s = 100: (0, 56, 26, 23, 98, 32, 5, 78, 26, 36, 13, 4, 27, 22, 3, 7, 20, 17, 18, 8, 6, 37, 46, 9, 30, 97, 16, 11, 59, 7, 34, 0)
s = 101: (0, 47, 29, 27, 79, 12, 8, 45, 29, 51, 12, 4, 49, 11, 3, 9, 22, 14, 14, 7, 4, 40, 57, 4, 31, 92, 19, 12, 44, 6, 49, 0)
s = 102: (0, 52, 35, 27, 71, 21, 6, 115, 41, 39, 21, 6, 23, 25, 2, 8, 32, 20, 22, 10, 9, 22, 28, 5, 41, 150, 17, 11, 32, 4, 27, 0)
s = 103: (0, 65, 19, 29, 67, 23, 5, 61, 25, 17, 16, 5, 37, 16, 2, 8, 24, 27, 17, 8, 6, 43, 43, 4, 50, 106, 14, 10, 55, 4, 30, 0)
s = 104: (0, 48, 19, 21, 103, 37, 6, 79, 27, 25, 16, 3, 35, 19, 2, 8, 35, 24, 17, 5, 4, 30, 49, 5, 53, 101, 12, 10, 29, 4, 38, 0)
s = 105: (0, 35, 30, 39, 56, 18, 6, 84, 35, 20, 15, 4, 37, 18, 2, 5, 31, 30, 14, 5, 6, 23, 54, 5, 30, 58, 21, 9, 30, 5, 32, 0)
s = 106: (0, 55, 43, 36, 97, 20, 5, 107, 18, 31, 18, 4, 29, 15, 3, 7, 25, 15, 15, 8, 5, 22, 35, 10, 40, 79, 15, 12, 37, 6, 23, 0)
s = 107: (0, 39, 27, 24, 137, 19, 6, 93, 34, 22, 10, 5, 63, 18, 2, 10, 36, 21, 20, 9, 7, 50, 65, 6, 29, 76, 16, 13, 49, 5, 24, 0)
s = 108: (0, 49, 62, 27, 67, 23, 4, 63, 25, 31, 23, 4, 37, 24, 3, 6, 28, 12, 32, 8, 7, 47, 28, 7, 27, 144, 11, 8, 26, 5, 33, 0)
s = 109: (0, 61, 24, 34, 73, 22, 8, 63, 30, 38, 12, 6, 32, 15, 2, 7, 27, 24, 28, 7, 8, 36, 31, 5, 49, 66, 13, 13, 35, 4, 51, 0)
s = 110: (0, 55, 38, 30, 114, 27, 8, 79, 34, 35, 15, 3, 23, 13, 2, 6, 33, 14, 15, 7, 7, 30, 55, 7, 34, 91, 21, 13, 39, 4, 38, 0)
s = 111: (0, 34, 28, 26, 78, 19, 7, 77, 40, 24, 19, 4, 61, 19, 3, 7, 17, 15, 16, 6, 6, 37, 47, 8, 43, 63, 15, 6, 37, 6, 37, 0)
s = 112: (0, 72, 30, 42, 89, 16, 6, 75, 23, 37, 10, 3, 38, 22, 3, 11, 27, 19, 27, 5, 7, 30, 57, 7, 29, 110, 20, 13, 41, 8, 24, 0)
s = 113: (0, 32, 25, 22, 75, 22, 6, 62, 31, 19, 11, 4, 20, 12, 2, 6, 28, 14, 21, 6, 8, 24, 40, 6, 38, 142, 14, 8, 29, 5, 29, 0)
s = 114: (0, 72, 19, 26, 121, 24, 7, 63, 34, 32, 13, 6, 24, 15, 2, 8, 38, 19, 22, 5, 8, 32, 58, 5, 54, 96, 15, 6, 32, 6, 33, 0)
s = 115: (0, 54, 29, 29, 57, 21, 6, 102, 20, 37, 18, 4, 33, 24, 3, 5, 32, 13, 24, 7, 4, 30, 36, 5, 52, 71, 15, 9, 36, 3, 47, 0)
s = 116: (0, 39, 39, 33, 140, 23, 5, 60, 14, 29, 11, 4, 48, 21, 3, 7, 32, 22, 16, 5, 6, 22, 49, 6, 42, 82, 16, 11, 34, 5, 39, 0)
s = 117: (0, 53, 37, 33, 135, 16, 6, 99, 18, 35, 19, 3, 45, 9, 2, 5, 24, 26, 14, 6, 5, 19, 24, 7, 42, 79, 10, 10, 39, 7, 39, 0)
s = 118: (0, 56, 30, 43, 79, 25, 5, 69, 29, 37, 19, 5, 26, 19, 3, 11, 38, 27, 19, 4, 4, 22, 32, 6, 32, 108, 20, 8, 43, 8, 31, 0)
s = 119: (0, 73, 18, 20, 67, 22, 5, 61, 32, 31, 15, 4, 45, 20, 2, 12, 19, 30, 33, 10, 6, 19, 39, 10, 36, 74, 12, 8, 51, 5, 26, 0)
s = 120: (0, 47, 34, 31, 97, 26, 7, 108, 23, 29, 18, 4, 48, 12, 2, 10, 30, 26, 27, 6, 9, 47, 46, 5, 31, 104, 21, 8, 54, 6, 41, 0)
s = 121: (0, 40, 21, 33, 89, 17, 8, 58, 29, 26, 16, 3, 41, 12, 3, 12, 23, 22, 12, 4, 5, 17, 53, 7, 31, 150, 18, 12, 64, 6, 31, 0)
s = 122: (0, 48, 18, 34, 54, 23, 8, 80, 48, 18, 14, 3, 33, 19, 2, 8, 23, 18, 13, 5, 4, 25, 50, 5, 39, 93, 12, 8, 66, 4, 51, 0)
s = 123: (0, 44, 23, 26, 125, 24, 7, 117, 15, 34, 15, 4, 25, 16, 3, 9, 28, 22, 25, 7, 5, 38, 54, 6, 58, 55, 11, 8, 76, 3, 43, 0)
s = 124: (0, 46, 29, 29, 95, 19, 9, 114, 17, 43, 11, 4, 43, 21, 3, 6, 34, 17, 25, 4, 7, 40, 55, 7, 45, 88, 10, 15, 47, 8, 23, 0)
s = 125: (0, 53, 23, 50, 63, 27, 7, 50, 23, 21, 12, 4, 25, 14, 2, 7, 35, 27, 15, 6, 5, 21, 34, 7, 57, 161, 20, 9, 51, 9, 33, 0)
s = 126: (0, 55, 24, 38, 91, 13, 9, 84, 30, 29, 11, 3, 29, 14, 3, 9, 40, 16, 16, 7, 5, 46, 33, 6, 33, 75, 15, 11, 41, 5, 38, 0)
s = 127: (0, 74, 28, 30, 110, 14, 5, 91, 44, 20, 11, 3, 36, 13, 3, 5, 37, 19, 18, 7, 6, 29, 25, 8, 58, 166, 27, 16, 32, 5, 37, 0)
s = 128: (0, 46, 50, 29, 95, 19, 11, 43, 23, 25, 14, 6, 29, 17, 4, 9, 23, 24, 16, 8, 8, 20, 34, 5, 46, 76, 27, 20, 46, 6, 27, 0)
s = 129: (0, 34, 25, 19, 90, 28, 7, 61, 26, 40, 17, 3, 42, 15, 3, 6, 25, 14, 17, 4, 8, 27, 26, 6, 54, 85, 16, 12, 37, 5, 48, 0)
s = 130: (0, 60, 33, 40, 93, 20, 5, 82, 28, 29, 17, 3, 47, 14, 4, 10, 28, 23, 18, 6, 7, 30, 33, 8, 33, 103, 12, 8, 42, 6, 28, 0)
s = 131: (0, 46, 27, 28, 69, 30, 10, 87, 40, 33, 18, 3, 43, 11, 3, 6, 40, 17, 20, 6, 7, 32, 52, 6, 42, 123, 11, 9, 38, 7, 25, 0)
s = 132: (0, 39, 19, 24, 77, 13, 5, 80, 40, 22, 14, 3, 34, 14, 2, 8, 33, 23, 18, 4, 5, 33, 41, 7, 26, 98, 14, 12, 47, 8, 50, 0)
s = 133: (0, 51, 29, 44, 71, 21, 5, 74, 31, 20, 20, 4, 44, 14, 2, 8, 19, 16, 19, 6, 5, 23, 31, 11, 36, 86, 14, 9, 53, 4, 37, 0)
s = 134: (0, 50, 20, 26, 72, 15, 7, 44, 19, 20, 16, 6, 43, 17, 3, 7, 28, 26, 27, 4, 6, 37, 32, 5, 42, 69, 10, 12, 28, 4, 42, 0)
s = 135: (0, 51, 42, 35, 93, 17, 5, 80, 31, 22, 20, 7, 45, 11, 2, 7, 19, 36, 20, 9, 7, 51, 29, 6, 36, 83, 27, 8, 41, 4, 34, 0)
s = 136: (0, 36, 49, 25, 117, 23, 5, 71, 35, 19, 24, 5, 22, 13, 2, 8, 27, 22, 22, 8, 9, 34, 49, 10, 45, 65, 16, 11, 40, 4, 30, 0)
s = 137: (0, 42, 25, 53, 93, 28, 11, 64, 38, 38, 17, 6, 22, 15, 3, 6, 44, 25, 16, 6, 8, 25, 40, 7, 30, 113, 19, 8, 37, 7, 56, 0)
s = 138: (0, 46, 22, 32, 163, 20, 9, 68, 28, 35, 12, 7, 45, 28, 4, 13, 36, 20, 15, 5, 6, 37, 28, 8, 29, 90, 14, 11, 46, 8, 30, 0)
s = 139: (0, 27, 27, 20, 73, 21, 5, 93, 23, 36, 15, 5, 21, 16, 3, 8, 17, 17, 37, 4, 4, 23, 45, 7, 35, 104, 18, 7, 45, 6, 30, 0)
s = 140: (0, 69, 32, 39, 80, 16, 5, 80, 18, 17, 12, 4, 28, 14, 3, 12, 22, 21, 16, 9, 7, 27, 41, 6, 55, 81, 9, 8, 29, 5, 28, 0)
s = 141: (0, 32, 43, 47, 119, 26, 9, 50, 31, 20, 20, 4, 47, 16, 3, 8, 17, 25, 20, 7, 7, 41, 30, 8, 36, 160, 13, 13, 32, 5, 58, 0)
s = 142: (0, 65, 40, 33, 110, 17, 5, 85, 26, 28, 18, 3, 47, 14, 2, 6, 30, 19, 20, 6, 8, 21, 31, 5, 29, 88, 15, 11, 24, 5, 28, 0)
s = 143: (0, 59, 26, 22, 92, 31, 8, 42, 35, 29, 14, 4, 41, 11, 3, 6, 21, 24, 17, 9, 5, 47, 38, 7, 30, 92, 10, 15, 39, 6, 47, 0)
s = 144: (0, 46, 26, 19, 71, 21, 5, 66, 37, 36, 18, 4, 38, 18, 3, 6, 18, 19, 17, 4, 8, 38, 55, 5, 50, 98, 21, 6, 41, 6, 37, 0)
s = 145: (0, 46, 31, 50, 64, 18, 10, 100, 24, 24, 19, 6, 34, 17, 2, 11, 33, 23, 28, 5, 6, 35, 51, 10, 62, 98, 23, 10, 64, 6, 22, 0)
s = 146: (0, 57, 20, 20, 93, 18, 8, 66, 23, 16, 15, 4, 31, 13, 2, 7, 23, 19, 22, 6, 8, 29, 31, 9, 48, 130, 18, 10, 24, 5, 23, 0)
s = 147: (0, 57, 32, 21, 62, 24, 7, 58, 31, 27, 15, 4, 52, 15, 2, 5, 25, 16, 24, 6, 7, 30, 33, 8, 28, 64, 18, 16, 41, 7, 34, 0)
s = 148: (0, 66, 30, 37, 104, 12, 9, 84, 25, 42, 13, 3, 20, 18, 2, 9, 18, 16, 16, 6, 7, 23, 27, 4, 48, 106, 10, 11, 57, 3, 21, 0)
s = 149: (0, 53, 39, 36, 90, 23, 7, 80, 44, 25, 18, 4, 27, 16, 3, 6, 24, 24, 14, 5, 9, 26, 41, 5, 27, 145, 10, 9, 46, 9, 42, 0)
s = 150: (0, 56, 31, 26, 99, 19, 6, 50, 20, 28, 10, 5, 33, 11, 3, 9, 17, 25, 17, 6, 6, 49, 47, 9, 40, 128, 19, 16, 64, 6, 49, 0)
s = 151: (0, 34, 18, 22, 100, 20, 5, 69, 17, 21, 17, 4, 23, 12, 2, 11, 24, 16, 16, 8, 9, 26, 54, 6, 30, 142, 20, 8, 25, 6, 29, 0)
s = 152: (0, 33, 31, 40, 151, 26, 5, 66, 23, 37, 14, 3, 56, 12, 2, 11, 19, 12, 16, 6, 8, 25, 31, 9, 41, 123, 11, 9, 26, 6, 23, 0)
s = 153: (0, 29, 23, 35, 72, 21, 6, 56, 21, 31, 18, 4, 22, 15, 2, 7, 19, 23, 17, 7, 7, 20, 31, 7, 30, 99, 12, 17, 35, 3, 51, 0)
s = 154: (0, 38, 40, 20, 106, 19, 5, 61, 25, 26, 10, 5, 22, 18, 3, 9, 21, 23, 25, 10, 5, 30, 51, 6, 43, 89, 13, 10, 29, 6, 38, 0)
s = 155: (0, 76, 34, 36, 60, 16, 5, 51, 28, 24, 24, 5, 43, 15, 2, 8, 20, 27, 19, 6, 6, 30, 43, 6, 38, 87, 15, 13, 31, 7, 50, 0)
s = 156: (0, 46, 38, 20, 99, 14, 6, 70, 28, 33, 18, 5, 56, 14, 2, 7, 40, 16, 15, 5, 6, 35, 62, 8, 37, 64, 19, 8, 32, 7, 27, 0)
s = 157: (0, 32, 43, 21, 57, 20, 4, 108, 21, 34, 15, 4, 55, 20, 2, 5, 26, 19, 20, 6, 6, 22, 32, 4, 30, 106, 27, 9, 50, 6, 40, 0)
s = 158: (0, 59, 25, 24, 74, 14, 12, 70, 27, 21, 22, 5, 42, 17, 3, 12, 40, 16, 16, 5, 8, 37, 30, 6, 27, 129, 20, 7, 32, 5, 33, 0)
s = 159: (0, 65, 34, 45, 92, 25, 9, 86, 27, 34, 20, 3, 42, 17, 3, 7, 45, 30, 14, 5, 6, 42, 45, 4, 73, 79, 10, 11, 36, 6, 21, 0)
s = 160: (0, 49, 24, 45, 118, 19, 7, 94, 17, 25, 13, 4, 28, 22, 3, 11, 17, 28, 27, 7, 7, 25, 32, 6, 36, 127, 11, 16, 65, 4, 21, 0)
s = 161: (0, 36, 27, 24, 98, 16, 4, 90, 26, 33, 17, 4, 32, 15, 3, 9, 40, 17, 25, 6, 6, 31, 29, 6, 31, 62, 20, 12, 28, 5, 50, 0)
s = 162: (0, 33, 45, 31, 104, 16, 8, 69, 22, 36, 14, 5, 52, 19, 4, 7, 21, 25, 17, 5, 7, 51, 39, 5, 36, 99, 11, 6, 34, 7, 36, 0)
s = 163: (0, 33, 36, 28, 99, 19, 7, 101, 40, 39, 21, 3, 32, 19, 2, 7, 18, 13, 18, 10, 8, 31, 31, 5, 50, 100, 11, 15, 41, 5, 49, 0)
s = 164: (0, 45, 27, 47, 72, 29, 4, 63, 31, 24, 22, 5, 26, 25, 2, 6, 21, 11, 12, 7, 4, 22, 49, 5, 39, 113, 13, 9, 56, 4, 58, 0)
s = 165: (0, 57, 25, 34, 121, 26, 6, 77, 20, 18, 17, 4, 30, 16, 2, 9, 29, 17, 28, 5, 4, 31, 26, 5, 31, 74, 16, 10, 53, 4, 35, 0)
s = 166: (0, 34, 41, 24, 66, 25, 5, 84, 46, 24, 16, 5, 47, 14, 3, 10, 15, 15, 23, 8, 5, 31, 60, 6, 31, 128, 11, 11, 33, 4, 27, 0)
s = 167: (0, 60, 31, 31, 49, 26, 5, 67, 18, 25, 25, 5, 32, 24, 3, 9, 32, 13, 18, 8, 5, 35, 55, 7, 47, 163, 15, 7, 58, 8, 49, 0)
s = 168: (0, 45, 49, 28, 131, 15, 8, 53, 42, 26, 16, 5, 39, 15, 3, 10, 25, 21, 15, 5, 7, 32, 58, 7, 60, 139, 12, 11, 53, 8, 47, 0)
s = 169: (0, 76, 31, 26, 89, 30, 6, 65, 34, 29, 21, 4, 32, 11, 2, 6, 29, 17, 19, 7, 8, 37, 28, 8, 43, 55, 18, 12, 31, 7, 40, 0)
s = 170: (0, 46, 25, 31, 93, 15, 6, 93, 18, 14, 26, 7, 41, 17, 2, 8, 22, 24, 30, 6, 6, 41, 49, 5, 40, 133, 14, 7, 51, 5, 35, 0)
s = 171: (0, 43, 32, 44, 90, 17, 8, 96, 25, 21, 22, 5, 42, 12, 2, 5, 20, 34, 26, 5, 8, 37, 57, 6, 25, 81, 15, 12, 53, 4, 61, 0)
s = 172: (0, 48, 18, 18, 143, 24, 5, 64, 22, 27, 16, 4, 37, 15, 3, 14, 20, 27, 15, 6, 9, 23, 48, 6, 36, 145, 11, 16, 69, 4, 31, 0)
s = 173: (0, 58, 17, 21, 102, 20, 5, 63, 18, 25, 16, 7, 55, 19, 2, 7, 32, 20, 12, 6, 5, 27, 54, 7, 47, 78, 11, 8, 28, 9, 28, 0)
s = 174: (0, 42, 34, 47, 96, 25, 4, 90, 26, 29, 24, 5, 49, 12, 3, 8, 26, 28, 16, 9, 4, 38, 50, 6, 52, 113, 18, 17, 50, 7, 29, 0)
s = 175: (0, 34, 24, 33, 107, 24, 7, 46, 25, 32, 22, 4, 46, 15, 2, 7, 46, 14, 18, 7, 8, 32, 48, 8, 48, 126, 16, 6, 54, 6, 44, 0)
s = 176: (0, 60, 26, 28, 80, 28, 6, 75, 18, 21, 21, 4, 31, 16, 2, 8, 40, 12, 14, 5, 7, 41, 40, 6, 52, 108, 14, 8, 59, 6, 31, 0)
s = 177: (0, 43, 35, 39, 120, 35, 7, 72, 46, 16, 17, 3, 34, 20, 2, 7, 28, 16, 28, 7, 5, 29, 28, 5, 49, 76, 10, 13, 29, 5, 35, 0)
s = 178: (0, 50, 43, 21, 120, 25, 7, 111, 25, 31, 17, 3, 49, 16, 2, 11, 32, 22, 23, 5, 5, 31, 54, 5, 71, 170, 24, 8, 27, 7, 25, 0)
s = 179: (0, 46, 31, 23, 109, 18, 5, 103, 23, 22, 18, 4, 30, 15, 3, 9, 24, 18, 17, 6, 7, 24, 48, 6, 39, 70, 11, 12, 65, 4, 24, 0)
s = 180: (0, 45, 46, 56, 106, 20, 7, 63, 24, 33, 11, 4, 24, 13, 2, 5, 23, 19, 18, 7, 7, 31, 30, 6, 30, 96, 13, 17, 54, 5, 24, 0)
s = 181: (0, 30, 38, 41, 112, 18, 6, 42, 25, 21, 11, 7, 42, 15, 3, 7, 20, 29, 22, 5, 5, 20, 60, 7, 39, 144, 9, 7, 29, 4, 23, 0)
s = 182: (0, 51, 28, 20, 96, 12, 5, 47, 20, 43, 16, 4, 22, 21, 2, 10, 26, 19, 23, 4, 8, 45, 36, 5, 39, 69, 12, 10, 24, 5, 29, 0)
s = 183: (0, 38, 27, 34, 72, 16, 5, 75, 27, 23, 26, 7, 47, 14, 3, 5, 41, 30, 26, 4, 6, 23, 28, 6, 47, 84, 19, 10, 48, 5, 41, 0)
s = 184: (0, 64, 48, 25, 83, 18, 9, 103, 23, 33, 19, 6, 25, 23, 2, 6, 28, 15, 14, 5, 8, 24, 25, 7, 39, 133, 15, 12, 25, 5, 36, 0)
s = 185: (0, 54, 32, 29, 97, 24, 8, 71, 27, 44, 25, 5, 51, 15, 2, 10, 24, 16, 15, 11, 6, 28, 48, 4, 43, 85, 8, 10, 57, 4, 35, 0)
s = 186: (0, 33, 24, 24, 66, 14, 4, 102, 20, 37, 14, 6, 38, 11, 3, 12, 21, 33, 24, 4, 5, 44, 60, 6, 30, 100, 11, 9, 35, 5, 23, 0)
s = 187: (0, 50, 34, 26, 90, 20, 7, 57, 20, 28, 21, 5, 30, 15, 3, 5, 32, 31, 20, 5, 5, 33, 44, 6, 45, 88, 18, 12, 28, 4, 32, 0)
s = 188: (0, 59, 33, 22, 70, 18, 4, 52, 22, 39, 14, 5, 26, 17, 2, 9, 22, 23, 16, 5, 6, 34, 41, 8, 31, 92, 13, 7, 37, 6, 27, 0)
s = 189: (0, 40, 35, 32, 62, 12, 7, 54, 39, 24, 21, 4, 67, 23, 3, 6, 29, 19, 17, 5, 5, 44, 38, 7, 29, 100, 9, 14, 30, 5, 29, 0)
s = 190: (0, 52, 40, 47, 90, 14, 6, 68, 24, 24, 14, 6, 38, 22, 3, 9, 16, 23, 15, 6, 9, 43, 29, 6, 57, 107, 12, 6, 32, 7, 42, 0)
s = 191: (0, 39, 25, 28, 99, 21, 5, 66, 21, 27, 22, 4, 31, 16, 3, 9, 44, 13, 26, 6, 8, 34, 31, 8, 32, 132, 9, 10, 51, 4, 40, 0)
s = 192: (0, 46, 28, 20, 81, 14, 9, 85, 22, 32, 15, 5, 38, 18, 3, 12, 18, 16, 12, 11, 6, 32, 44, 9, 31, 139, 23, 8, 38, 7, 44, 0)
s = 193: (0, 65, 22, 48, 134, 26, 8, 64, 18, 26, 9, 5, 36, 20, 3, 6, 34, 32, 17, 9, 7, 27, 37, 4, 62, 136, 12, 13, 36, 8, 41, 0)
s = 194: (0, 57, 32, 39, 74, 27, 6, 73, 18, 31, 11, 3, 58, 16, 4, 8, 50, 18, 16, 6, 6, 25, 44, 6, 55, 71, 18, 10, 45, 6, 44, 0)
s = 195: (0, 73, 24, 40, 121, 24, 5, 46, 43, 39, 16, 3, 28, 20, 3, 7, 26, 15, 20, 9, 5, 39, 31, 7, 39, 139, 10, 8, 36, 4, 23, 0)
s = 196: (0, 34, 30, 25, 153, 26, 6, 58, 32, 25, 20, 3, 45, 18, 2, 9, 36, 15, 17, 8, 6, 27, 29, 8, 49, 89, 17, 15, 36, 9, 31, 0)
s = 197: (0, 51, 21, 31, 103, 37, 6, 48, 23, 17, 17, 3, 33, 11, 3, 7, 31, 24, 24, 7, 10, 22, 39, 9, 30, 95, 17, 10, 56, 7, 32, 0)
s = 198: (0, 37, 19, 26, 107, 16, 8, 124, 42, 29, 12, 6, 25, 20, 2, 7, 32, 22, 17, 6, 9, 28, 44, 6, 70, 65, 14, 9, 32, 6, 21, 0)
s = 199: (0, 30, 42, 27, 74, 21, 11, 52, 19, 24, 18, 4, 47, 13, 2, 5, 39, 16, 13, 7, 9, 35, 35, 7, 29, 155, 12, 7, 53, 6, 41, 0)
s = 200: (0, 32, 21, 43, 120, 31, 6, 61, 41, 22, 13, 5, 32, 12, 3, 9, 34, 19, 31, 12, 8, 24, 26, 7, 48, 103, 12, 8, 52, 7, 32, 0)
************************************************************************
ES/LS-VALUES:
jobnr.   ES(i)    LS(i)
------------------------------------------------------------------------
  0        0        0
  1        0       51
  2        0       106
  3        0       105
  4       12       64
  5       30       83
  6       39       123
  7       30       94
  8       39       93
  9       48       113
 10       39       112
 11       30       125
 12       12       109
 13       19       136
 14       53       129
 15       56       126
 16       56       111
 17       43       127
 18       72       128
 19       65       130
 20       75       136
 21       19       117
 22       57       131
 23       75       132
 24       80       138
 25       75       146
 26       72       140
 27       65       151
 28       81       150
 29       92       164
 30       94       153
 31       106       166
************************************************************************
BIG-M-VALUES:
M1 = 36, M2 = 176
************************************************************************
