************************************************************************
file with basedata            : j30_38.bas
initial value random generator: 1104790911
************************************************************************
projects                      :  1
jobs (incl. supersource/sink ):  32
horizon                       :  185
RESOURCES
  - renewable                 :  4   R
  - nonrenewable              :  0   N
  - doubly constrained        :  0   D
************************************************************************
PROJECT INFORMATION:
pronr.  #jobs rel.date duedate tardcost  MPM-Time
    1     30      0       55        7       55
************************************************************************
PRECEDENCE RELATIONS:
jobnr.    #modes  #successors   successors
   0        1          3           1   2   3
   1        1          2          21  29
   2        1          3           4   5  10
   3        1          1          16
   4        1          3           6  18  25
   5        1          3           7  11  21
   6        1          3           9  12  13
   7        1          3           8  17  24
   8        1          2          14  15
   9        1          3          11  17  27
  10        1          3          14  18  28
  11        1          1          30
  12        1          2          17  23
  13        1          2          19  20
  14        1          2          20  29
  15        1          2          16  19
  16        1          3          18  23  25
  17        1          2          20  29
  18        1          1          26
  19        1          1          22
  20        1          1          30
  21        1          2          24  26
  22        1          2          23  26
  23        1          1          27
  24        1          1          25
  25        1          1          27
  26        1          1          30
  27        1          1          28
  28        1          1          31
  29        1          1          31
  30        1          1          31
  31        1          0        
************************************************************************
REQUESTS/DURATIONS:
jobnr. mode duration  R 1  R 2  R 3  R 4  E(W 1)  E(W 2)
------------------------------------------------------------------------
  0      1     0       0    0    0    0     0       0
  1      1    10       0    0    6    1     0      80
  2      1     1       7    0    0    8     7       8
  3      1     9       0    0    2    4     0      54
  4      1     5       3    0    0    3    15      15
  5      1     2       4    9    0    0    26       0
  6      1     2       0    0   10    9     0      38
  7      1     5       0    8    0    2    40      10
  8      1     6       0   10    0    5    60      30
  9      1     7       0    5    5    3    35      56
 10      1     3       0    0    7   10     0      51
 11      1     1       0    9    9    7     9      16
 12      1     7       1   10    0    0    84       0
 13      1     7       0    8    0    0    56       0
 14      1     4       2    0    1    0     8       8
 15      1     8      10   10    0    0    160       0
 16      1     9       6    0    2    0    54      18
 17      1     9       7    0    6    6    63      108
 18      1     9       6    0    0    8    54      72
 19      1     3       3    0    4    0     9      12
 20      1     9       5    0    0    0    45       0
 21      1     6       4    0    4    0    24      24
 22      1     5      10    6    9    0    80      45
 23      1     9       0    0    2    0     0      18
 24      1     6       7   10    0    3    102      18
 25      1     7       4    0    0    4    28      28
 26      1     6       6    1    5    0    48      30
 27      1     7       0    8    0    7    56      49
 28      1     6       1    1    0    0    24       0
 29      1     8       0    5    0    0    40       0
 30      1     9       5    0    0    0    45       0
 31      1     0       0    0    0    0     0       0
************************************************************************
RESOURCEAVAILABILITIES:
  R 1  R 2
   40   30
************************************************************************
RESOURCE LIMITS:
jobnr.  l(R 1)  u(R 1)  l(R 2)  u(R 2)
------------------------------------------------------------------------
  0        0       0       0       0
  1        0       0       4       8
  2        4       7       4       8
  3        0       0       3       6
  4        2       3       2       3
  5        7      13       0       0
  6        0       0      10      19
  7        4       8       1       2
  8        5      10       3       5
  9        3       5       5       8
 10        0       0       9      17
 11        5       9       9      16
 12        6      12       0       0
 13        4       8       0       0
 14        1       2       1       2
 15       10      20       0       0
 16        3       6       1       2
 17        4       7       6      12
 18        3       6       4       8
 19        2       3       2       4
 20        3       5       0       0
 21        2       4       2       4
 22        8      16       5       9
 23        0       0       1       2
 24        9      17       2       3
 25        2       4       2       4
 26        4       8       3       5
 27        4       8       4       7
 28        2       4       0       0
 29        3       5       0       0
 30        3       5       0       0
 31        0       0       0       0
************************************************************************
SCENARIOS:
------------------------------------------------------------------------
RESOURCE k = 1
s = 1: (0, 0, 7, 0, 17, 26, 0, 37, 55, 26, 0, 10, 125, 47, 8, 99, 57, 69, 45, 13, 42, 19, 111, 0, 137, 34, 61, 49, 20, 27, 66, 0)
s = 2: (0, 0, 6, 0, 13, 26, 0, 58, 56, 43, 0, 9, 101, 52, 5, 189, 50, 74, 47, 11, 46, 43, 98, 0, 84, 30, 32, 35, 19, 49, 37, 0)
s = 3: (0, 0, 5, 0, 14, 43, 0, 46, 59, 25, 0, 7, 55, 66, 9, 263, 57, 56, 46, 10, 33, 18, 56, 0, 102, 30, 77, 52, 29, 29, 64, 0)
s = 4: (0, 0, 10, 0, 16, 40, 0, 44, 67, 38, 0, 9, 128, 64, 8, 167, 53, 48, 61, 9, 41, 25, 73, 0, 108, 28, 64, 46, 21, 31, 52, 0)
s = 5: (0, 0, 8, 0, 14, 31, 0, 32, 68, 25, 0, 6, 51, 59, 5, 157, 47, 58, 46, 14, 44, 23, 129, 0, 72, 21, 52, 75, 15, 29, 38, 0)
s = 6: (0, 0, 8, 0, 11, 40, 0, 28, 82, 34, 0, 7, 86, 82, 9, 140, 39, 53, 53, 11, 51, 31, 47, 0, 59, 51, 57, 70, 41, 53, 36, 0)
s = 7: (0, 0, 8, 0, 17, 34, 0, 38, 53, 42, 0, 7, 82, 63, 9, 201, 42, 72, 54, 9, 34, 19, 68, 0, 150, 28, 29, 33, 21, 44, 57, 0)
s = 8: (0, 0, 8, 0, 15, 19, 0, 51, 58, 43, 0, 10, 126, 36, 6, 138, 68, 109, 59, 9, 57, 27, 107, 0, 128, 25, 28, 48, 22, 38, 42, 0)
s = 9: (0, 0, 10, 0, 12, 20, 0, 43, 40, 34, 0, 14, 91, 58, 6, 111, 45, 84, 72, 13, 30, 27, 56, 0, 98, 33, 31, 51, 24, 38, 56, 0)
s = 10: (0, 0, 8, 0, 13, 22, 0, 40, 57, 29, 0, 10, 100, 69, 6, 169, 37, 110, 36, 8, 43, 31, 106, 0, 109, 19, 49, 66, 17, 34, 35, 0)
s = 11: (0, 0, 8, 0, 12, 30, 0, 34, 47, 58, 0, 5, 89, 95, 9, 216, 98, 53, 73, 7, 29, 26, 105, 0, 117, 19, 48, 56, 25, 29, 81, 0)
s = 12: (0, 0, 7, 0, 15, 22, 0, 32, 40, 25, 0, 8, 68, 71, 9, 89, 81, 41, 61, 9, 32, 17, 57, 0, 94, 32, 57, 47, 25, 41, 41, 0)
s = 13: (0, 0, 6, 0, 25, 35, 0, 52, 45, 25, 0, 12, 84, 62, 9, 195, 65, 70, 67, 10, 58, 19, 46, 0, 114, 22, 43, 77, 17, 53, 26, 0)
s = 14: (0, 0, 10, 0, 12, 31, 0, 26, 66, 31, 0, 8, 119, 68, 5, 209, 39, 71, 52, 10, 63, 18, 83, 0, 73, 26, 30, 37, 26, 24, 30, 0)
s = 15: (0, 0, 6, 0, 16, 34, 0, 44, 43, 24, 0, 10, 55, 30, 6, 98, 64, 72, 71, 7, 59, 20, 47, 0, 110, 28, 39, 64, 16, 44, 35, 0)
s = 16: (0, 0, 10, 0, 14, 30, 0, 41, 82, 35, 0, 9, 117, 41, 8, 125, 45, 54, 38, 11, 28, 25, 80, 0, 97, 19, 51, 45, 13, 66, 66, 0)
s = 17: (0, 0, 7, 0, 24, 27, 0, 38, 70, 18, 0, 10, 47, 39, 6, 97, 55, 39, 93, 9, 40, 19, 54, 0, 55, 29, 36, 58, 19, 53, 32, 0)
s = 18: (0, 0, 9, 0, 12, 24, 0, 58, 40, 28, 0, 10, 63, 42, 12, 145, 83, 69, 67, 11, 80, 27, 91, 0, 120, 23, 49, 30, 28, 28, 42, 0)
s = 19: (0, 0, 6, 0, 20, 34, 0, 28, 71, 49, 0, 10, 57, 58, 8, 127, 72, 44, 51, 9, 52, 20, 82, 0, 64, 26, 60, 55, 30, 54, 42, 0)
s = 20: (0, 0, 8, 0, 21, 20, 0, 44, 63, 20, 0, 9, 52, 70, 8, 194, 50, 78, 37, 11, 53, 32, 103, 0, 91, 32, 40, 53, 23, 44, 60, 0)
s = 21: (0, 0, 8, 0, 14, 19, 0, 44, 67, 40, 0, 9, 63, 69, 9, 101, 93, 57, 33, 6, 43, 17, 105, 0, 85, 26, 46, 66, 30, 38, 50, 0)
s = 22: (0, 0, 7, 0, 19, 39, 0, 52, 53, 68, 0, 10, 76, 83, 9, 173, 74, 96, 45, 9, 27, 23, 47, 0, 135, 25, 40, 50, 32, 47, 28, 0)
s = 23: (0, 0, 8, 0, 11, 30, 0, 35, 70, 54, 0, 10, 92, 70, 6, 160, 46, 56, 30, 11, 42, 15, 52, 0, 78, 22, 64, 46, 18, 46, 42, 0)
s = 24: (0, 0, 5, 0, 18, 15, 0, 50, 54, 21, 0, 8, 59, 51, 12, 120, 39, 60, 45, 14, 45, 19, 89, 0, 96, 19, 35, 48, 22, 36, 26, 0)
s = 25: (0, 0, 7, 0, 10, 30, 0, 34, 81, 35, 0, 8, 143, 59, 8, 112, 58, 60, 56, 9, 51, 20, 103, 0, 164, 38, 57, 50, 21, 39, 62, 0)
s = 26: (0, 0, 5, 0, 15, 22, 0, 57, 53, 34, 0, 7, 65, 48, 7, 100, 56, 49, 75, 7, 84, 28, 105, 0, 78, 21, 49, 53, 33, 39, 35, 0)
s = 27: (0, 0, 7, 0, 19, 24, 0, 39, 79, 54, 0, 10, 79, 72, 14, 102, 30, 70, 70, 7, 35, 43, 108, 0, 149, 25, 57, 37, 18, 37, 53, 0)
s = 28: (0, 0, 5, 0, 11, 29, 0, 34, 82, 45, 0, 13, 65, 47, 7, 198, 52, 62, 68, 10, 54, 18, 96, 0, 128, 20, 74, 61, 29, 47, 48, 0)
s = 29: (0, 0, 6, 0, 15, 26, 0, 58, 44, 27, 0, 11, 66, 71, 12, 206, 40, 70, 41, 7, 72, 17, 130, 0, 89, 26, 57, 59, 37, 43, 61, 0)
s = 30: (0, 0, 6, 0, 11, 26, 0, 31, 54, 32, 0, 11, 88, 51, 7, 119, 39, 77, 29, 7, 29, 20, 98, 0, 74, 31, 58, 33, 25, 33, 81, 0)
s = 31: (0, 0, 6, 0, 12, 25, 0, 42, 46, 32, 0, 10, 72, 43, 6, 182, 37, 74, 54, 8, 53, 19, 80, 0, 65, 30, 40, 103, 22, 55, 51, 0)
s = 32: (0, 0, 13, 0, 12, 30, 0, 51, 80, 34, 0, 9, 76, 59, 9, 151, 57, 75, 41, 8, 27, 23, 51, 0, 141, 33, 66, 37, 17, 32, 67, 0)
s = 33: (0, 0, 10, 0, 15, 25, 0, 41, 47, 51, 0, 8, 46, 38, 9, 231, 65, 56, 63, 7, 36, 26, 70, 0, 93, 35, 58, 47, 29, 26, 28, 0)
s = 34: (0, 0, 12, 0, 14, 28, 0, 56, 93, 26, 0, 6, 73, 81, 6, 137, 54, 63, 97, 10, 54, 30, 66, 0, 91, 40, 47, 34, 29, 54, 34, 0)
s = 35: (0, 0, 5, 0, 15, 21, 0, 44, 81, 28, 0, 5, 64, 57, 6, 190, 64, 46, 50, 10, 49, 31, 78, 0, 79, 33, 36, 72, 20, 67, 53, 0)
s = 36: (0, 0, 9, 0, 15, 26, 0, 49, 69, 36, 0, 13, 57, 40, 8, 305, 45, 98, 71, 9, 32, 24, 110, 0, 65, 26, 30, 64, 14, 50, 56, 0)
s = 37: (0, 0, 11, 0, 22, 32, 0, 24, 53, 32, 0, 7, 63, 79, 7, 201, 42, 78, 71, 8, 42, 19, 85, 0, 75, 25, 57, 75, 23, 22, 52, 0)
s = 38: (0, 0, 11, 0, 11, 23, 0, 56, 54, 55, 0, 7, 67, 69, 10, 232, 47, 70, 54, 9, 42, 28, 57, 0, 104, 24, 38, 49, 34, 32, 30, 0)
s = 39: (0, 0, 7, 0, 10, 22, 0, 52, 67, 32, 0, 15, 99, 56, 8, 170, 44, 83, 56, 10, 57, 29, 151, 0, 192, 33, 27, 39, 31, 33, 32, 0)
s = 40: (0, 0, 8, 0, 10, 25, 0, 48, 59, 46, 0, 6, 102, 37, 9, 242, 72, 42, 33, 9, 40, 16, 61, 0, 89, 17, 41, 75, 18, 63, 30, 0)
s = 41: (0, 0, 9, 0, 16, 20, 0, 43, 50, 29, 0, 9, 103, 77, 12, 95, 76, 103, 30, 9, 72, 25, 100, 0, 132, 22, 49, 69, 19, 45, 49, 0)
s = 42: (0, 0, 8, 0, 13, 25, 0, 56, 45, 44, 0, 7, 64, 58, 9, 86, 77, 124, 72, 10, 73, 27, 54, 0, 61, 28, 47, 43, 16, 29, 28, 0)
s = 43: (0, 0, 10, 0, 8, 35, 0, 49, 80, 22, 0, 15, 109, 61, 9, 138, 59, 81, 36, 7, 37, 18, 104, 0, 77, 32, 36, 58, 26, 52, 54, 0)
s = 44: (0, 0, 11, 0, 19, 29, 0, 40, 69, 27, 0, 9, 121, 78, 7, 187, 67, 77, 62, 8, 37, 34, 60, 0, 86, 23, 81, 84, 32, 38, 37, 0)
s = 45: (0, 0, 8, 0, 24, 29, 0, 40, 48, 49, 0, 13, 134, 58, 12, 112, 42, 45, 61, 14, 55, 19, 93, 0, 87, 16, 31, 57, 30, 37, 52, 0)
s = 46: (0, 0, 10, 0, 14, 28, 0, 21, 80, 21, 0, 15, 100, 77, 7, 168, 46, 66, 66, 11, 39, 22, 60, 0, 84, 24, 34, 43, 17, 37, 83, 0)
s = 47: (0, 0, 12, 0, 14, 36, 0, 48, 46, 26, 0, 10, 57, 45, 6, 210, 39, 58, 67, 9, 40, 20, 87, 0, 118, 41, 32, 32, 18, 29, 42, 0)
s = 48: (0, 0, 10, 0, 17, 22, 0, 39, 53, 19, 0, 9, 58, 81, 6, 152, 39, 66, 41, 9, 33, 24, 54, 0, 151, 43, 60, 44, 22, 45, 51, 0)
s = 49: (0, 0, 6, 0, 10, 32, 0, 56, 52, 60, 0, 8, 45, 78, 9, 235, 53, 43, 37, 12, 53, 31, 78, 0, 128, 29, 28, 72, 20, 46, 36, 0)
s = 50: (0, 0, 7, 0, 18, 15, 0, 39, 57, 25, 0, 9, 115, 95, 8, 141, 50, 76, 59, 6, 33, 26, 125, 0, 119, 43, 35, 41, 24, 65, 49, 0)
s = 51: (0, 0, 9, 0, 23, 16, 0, 52, 55, 46, 0, 8, 104, 68, 8, 132, 32, 86, 60, 9, 45, 40, 108, 0, 56, 31, 63, 110, 18, 50, 60, 0)
s = 52: (0, 0, 8, 0, 12, 29, 0, 49, 39, 49, 0, 8, 52, 41, 10, 102, 53, 38, 50, 11, 39, 30, 81, 0, 90, 22, 58, 67, 22, 40, 53, 0)
s = 53: (0, 0, 10, 0, 13, 25, 0, 42, 53, 28, 0, 7, 80, 81, 10, 99, 30, 74, 31, 10, 46, 29, 57, 0, 130, 26, 42, 49, 19, 44, 51, 0)
s = 54: (0, 0, 8, 0, 13, 28, 0, 37, 53, 55, 0, 5, 84, 53, 13, 200, 36, 50, 50, 9, 37, 24, 64, 0, 76, 22, 65, 44, 22, 44, 35, 0)
s = 55: (0, 0, 8, 0, 10, 20, 0, 32, 70, 41, 0, 9, 52, 34, 6, 185, 59, 106, 76, 9, 27, 18, 124, 0, 57, 34, 46, 69, 16, 24, 37, 0)
s = 56: (0, 0, 8, 0, 14, 14, 0, 23, 46, 57, 0, 10, 82, 67, 9, 266, 47, 45, 39, 7, 64, 20, 59, 0, 121, 36, 43, 57, 18, 49, 79, 0)
s = 57: (0, 0, 10, 0, 10, 24, 0, 22, 67, 36, 0, 14, 67, 71, 6, 267, 38, 60, 38, 10, 68, 30, 83, 0, 95, 31, 90, 79, 16, 50, 29, 0)
s = 58: (0, 0, 9, 0, 16, 23, 0, 32, 50, 22, 0, 9, 92, 72, 8, 103, 96, 41, 36, 5, 70, 33, 65, 0, 130, 18, 39, 58, 18, 52, 31, 0)
s = 59: (0, 0, 8, 0, 24, 27, 0, 49, 76, 59, 0, 7, 71, 82, 10, 124, 90, 94, 65, 7, 55, 17, 63, 0, 93, 21, 70, 41, 25, 28, 50, 0)
s = 60: (0, 0, 6, 0, 13, 24, 0, 30, 52, 24, 0, 12, 91, 58, 6, 181, 45, 43, 57, 9, 47, 36, 65, 0, 124, 18, 43, 45, 23, 27, 59, 0)
s = 61: (0, 0, 8, 0, 12, 25, 0, 48, 45, 58, 0, 10, 72, 74, 11, 162, 38, 40, 35, 14, 46, 19, 55, 0, 175, 36, 43, 60, 36, 40, 34, 0)
s = 62: (0, 0, 6, 0, 16, 26, 0, 43, 49, 40, 0, 8, 48, 66, 9, 153, 37, 84, 76, 8, 56, 27, 51, 0, 71, 20, 75, 97, 25, 46, 31, 0)
s = 63: (0, 0, 4, 0, 23, 16, 0, 31, 54, 42, 0, 12, 59, 65, 8, 101, 53, 48, 42, 8, 41, 25, 92, 0, 112, 17, 58, 77, 20, 31, 35, 0)
s = 64: (0, 0, 7, 0, 20, 26, 0, 31, 52, 59, 0, 9, 60, 49, 5, 171, 62, 77, 51, 11, 48, 19, 73, 0, 80, 38, 43, 71, 21, 41, 70, 0)
s = 65: (0, 0, 10, 0, 18, 27, 0, 25, 96, 36, 0, 11, 83, 74, 7, 192, 38, 75, 84, 8, 47, 29, 74, 0, 83, 28, 50, 52, 20, 51, 37, 0)
s = 66: (0, 0, 8, 0, 17, 26, 0, 23, 50, 42, 0, 14, 70, 47, 8, 126, 35, 61, 42, 9, 34, 23, 67, 0, 108, 33, 42, 49, 14, 37, 57, 0)
s = 67: (0, 0, 8, 0, 23, 43, 0, 33, 66, 33, 0, 6, 71, 46, 7, 189, 50, 66, 39, 10, 36, 31, 66, 0, 87, 30, 43, 38, 18, 38, 50, 0)
s = 68: (0, 0, 9, 0, 10, 25, 0, 31, 40, 24, 0, 9, 86, 49, 7, 155, 96, 46, 84, 8, 50, 36, 80, 0, 81, 25, 65, 74, 24, 38, 43, 0)
s = 69: (0, 0, 7, 0, 23, 25, 0, 31, 76, 36, 0, 7, 57, 41, 6, 142, 32, 42, 39, 7, 77, 26, 61, 0, 85, 35, 55, 45, 19, 45, 40, 0)
s = 70: (0, 0, 8, 0, 12, 16, 0, 51, 67, 37, 0, 7, 85, 38, 10, 170, 44, 50, 63, 7, 44, 20, 62, 0, 96, 27, 55, 41, 27, 42, 27, 0)
s = 71: (0, 0, 10, 0, 9, 29, 0, 46, 52, 37, 0, 12, 104, 38, 7, 158, 42, 67, 48, 7, 47, 38, 119, 0, 61, 35, 65, 69, 26, 46, 56, 0)
s = 72: (0, 0, 7, 0, 13, 25, 0, 43, 35, 43, 0, 5, 81, 44, 10, 139, 74, 62, 50, 8, 51, 35, 64, 0, 119, 26, 56, 43, 37, 25, 38, 0)
s = 73: (0, 0, 5, 0, 19, 22, 0, 53, 49, 49, 0, 9, 72, 67, 13, 193, 36, 62, 58, 11, 49, 17, 90, 0, 80, 21, 45, 57, 30, 55, 43, 0)
s = 74: (0, 0, 6, 0, 8, 26, 0, 43, 88, 28, 0, 12, 147, 60, 8, 230, 43, 54, 33, 7, 30, 16, 81, 0, 66, 22, 52, 55, 31, 38, 35, 0)
s = 75: (0, 0, 8, 0, 20, 29, 0, 38, 58, 44, 0, 14, 65, 68, 9, 102, 40, 92, 52, 6, 67, 24, 111, 0, 84, 42, 76, 75, 23, 29, 32, 0)
s = 76: (0, 0, 10, 0, 12, 27, 0, 47, 60, 48, 0, 12, 70, 54, 8, 182, 33, 75, 66, 8, 31, 24, 109, 0, 180, 17, 43, 44, 19, 33, 44, 0)
s = 77: (0, 0, 5, 0, 13, 32, 0, 55, 71, 64, 0, 11, 87, 56, 10, 164, 45, 61, 38, 8, 65, 24, 43, 0, 134, 19, 37, 39, 31, 40, 60, 0)
s = 78: (0, 0, 5, 0, 11, 33, 0, 44, 66, 44, 0, 13, 60, 64, 11, 105, 72, 51, 62, 7, 45, 23, 99, 0, 102, 36, 46, 41, 17, 45, 69, 0)
s = 79: (0, 0, 7, 0, 15, 18, 0, 69, 61, 38, 0, 9, 62, 47, 7, 167, 68, 75, 44, 10, 50, 20, 60, 0, 153, 30, 52, 53, 22, 35, 31, 0)
s = 80: (0, 0, 10, 0, 16, 18, 0, 34, 47, 24, 0, 12, 79, 34, 11, 179, 63, 79, 69, 8, 45, 23, 118, 0, 85, 26, 41, 57, 16, 36, 28, 0)
s = 81: (0, 0, 8, 0, 22, 29, 0, 42, 55, 42, 0, 10, 48, 55, 6, 112, 39, 70, 51, 6, 54, 14, 96, 0, 79, 26, 36, 50, 28, 58, 38, 0)
s = 82: (0, 0, 8, 0, 16, 28, 0, 55, 51, 48, 0, 8, 94, 47, 7, 91, 54, 74, 55, 7, 39, 18, 57, 0, 74, 34, 53, 69, 22, 27, 32, 0)
s = 83: (0, 0, 9, 0, 15, 16, 0, 31, 75, 28, 0, 11, 80, 58, 12, 180, 32, 45, 45, 8, 71, 36, 42, 0, 153, 25, 52, 64, 34, 51, 29, 0)
s = 84: (0, 0, 8, 0, 20, 33, 0, 33, 40, 33, 0, 6, 113, 41, 6, 149, 53, 58, 36, 14, 71, 18, 114, 0, 64, 30, 55, 51, 28, 27, 62, 0)
s = 85: (0, 0, 4, 0, 15, 38, 0, 47, 74, 54, 0, 14, 57, 40, 5, 161, 58, 66, 42, 7, 42, 26, 46, 0, 97, 39, 36, 41, 30, 44, 47, 0)
s = 86: (0, 0, 8, 0, 21, 25, 0, 33, 41, 41, 0, 7, 73, 59, 9, 121, 78, 85, 63, 6, 28, 20, 59, 0, 85, 28, 83, 77, 25, 28, 41, 0)
s = 87: (0, 0, 10, 0, 16, 30, 0, 31, 87, 21, 0, 11, 62, 76, 10, 166, 66, 79, 33, 9, 40, 18, 54, 0, 71, 16, 35, 40, 35, 34, 32, 0)
s = 88: (0, 0, 6, 0, 20, 26, 0, 26, 104, 34, 0, 9, 92, 47, 10, 155, 76, 53, 60, 8, 35, 29, 96, 0, 120, 31, 69, 100, 27, 36, 43, 0)
s = 89: (0, 0, 11, 0, 15, 29, 0, 47, 66, 48, 0, 7, 88, 41, 6, 137, 52, 65, 78, 7, 24, 26, 84, 0, 144, 29, 56, 71, 28, 37, 56, 0)
s = 90: (0, 0, 7, 0, 18, 22, 0, 44, 57, 61, 0, 12, 70, 55, 7, 130, 41, 35, 43, 8, 40, 29, 94, 0, 153, 24, 55, 71, 18, 40, 31, 0)
s = 91: (0, 0, 5, 0, 20, 25, 0, 27, 56, 50, 0, 12, 101, 40, 6, 140, 49, 37, 55, 13, 71, 18, 48, 0, 92, 29, 46, 39, 14, 35, 34, 0)
s = 92: (0, 0, 11, 0, 17, 29, 0, 33, 39, 36, 0, 9, 90, 39, 8, 177, 38, 91, 49, 7, 31, 26, 75, 0, 84, 16, 63, 55, 22, 66, 33, 0)
s = 93: (0, 0, 10, 0, 16, 46, 0, 43, 54, 43, 0, 8, 91, 48, 16, 211, 59, 86, 41, 8, 35, 22, 62, 0, 129, 17, 60, 45, 21, 31, 46, 0)
s = 94: (0, 0, 6, 0, 14, 25, 0, 39, 69, 32, 0, 12, 80, 72, 8, 212, 58, 58, 33, 7, 44, 36, 70, 0, 56, 34, 56, 60, 28, 30, 42, 0)
s = 95: (0, 0, 7, 0, 12, 37, 0, 36, 45, 40, 0, 8, 82, 53, 5, 135, 40, 48, 72, 10, 45, 29, 82, 0, 94, 20, 59, 51, 18, 34, 27, 0)
s = 96: (0, 0, 8, 0, 22, 38, 0, 45, 87, 38, 0, 14, 84, 43, 7, 230, 46, 40, 53, 9, 38, 29, 68, 0, 183, 24, 35, 44, 37, 30, 46, 0)
s = 97: (0, 0, 6, 0, 10, 26, 0, 40, 55, 35, 0, 9, 75, 71, 9, 146, 67, 77, 77, 10, 43, 20, 68, 0, 68, 23, 51, 54, 27, 57, 59, 0)
s = 98: (0, 0, 13, 0, 12, 18, 0, 44, 64, 35, 0, 14, 80, 57, 10, 169, 45, 73, 60, 13, 70, 27, 41, 0, 173, 17, 58, 38, 15, 70, 38, 0)
s = 99: (0, 0, 6, 0, 16, 33, 0, 51, 64, 23, 0, 10, 70, 44, 8, 212, 43, 88, 46, 7, 34, 34, 72, 0, 140, 25, 77, 65, 28, 32, 42, 0)
s = 100: (0, 0, 6, 0, 13, 31, 0, 29, 62, 54, 0, 9, 98, 42, 8, 137, 43, 55, 45, 11, 39, 15, 88, 0, 57, 21, 44, 62, 23, 64, 44, 0)
s = 101: (0, 0, 8, 0, 20, 33, 0, 33, 78, 24, 0, 7, 79, 89, 8, 190, 46, 74, 43, 13, 40, 26, 53, 0, 76, 36, 38, 48, 21, 23, 39, 0)
s = 102: (0, 0, 6, 0, 25, 34, 0, 28, 73, 39, 0, 7, 52, 75, 8, 186, 44, 70, 50, 10, 62, 34, 93, 0, 87, 17, 55, 54, 17, 66, 31, 0)
s = 103: (0, 0, 6, 0, 12, 38, 0, 46, 42, 42, 0, 6, 126, 90, 7, 133, 57, 85, 68, 12, 45, 16, 48, 0, 79, 38, 48, 44, 24, 28, 50, 0)
s = 104: (0, 0, 5, 0, 20, 20, 0, 27, 59, 26, 0, 11, 67, 48, 8, 227, 47, 70, 62, 8, 25, 24, 83, 0, 103, 35, 53, 66, 19, 33, 39, 0)
s = 105: (0, 0, 10, 0, 20, 27, 0, 41, 93, 45, 0, 7, 91, 56, 12, 217, 37, 90, 62, 12, 40, 27, 144, 0, 121, 19, 28, 52, 17, 34, 78, 0)
s = 106: (0, 0, 9, 0, 12, 20, 0, 57, 72, 32, 0, 5, 97, 68, 7, 156, 54, 95, 65, 12, 41, 18, 70, 0, 81, 39, 30, 39, 19, 75, 39, 0)
s = 107: (0, 0, 11, 0, 17, 30, 0, 29, 65, 24, 0, 10, 95, 53, 12, 91, 47, 66, 71, 7, 39, 20, 98, 0, 128, 23, 77, 45, 24, 29, 55, 0)
s = 108: (0, 0, 8, 0, 13, 19, 0, 35, 56, 33, 0, 9, 70, 41, 5, 206, 46, 75, 59, 6, 36, 22, 83, 0, 54, 40, 53, 67, 24, 39, 53, 0)
s = 109: (0, 0, 8, 0, 15, 28, 0, 61, 52, 33, 0, 10, 133, 46, 9, 117, 62, 78, 33, 9, 43, 25, 80, 0, 138, 28, 49, 38, 28, 34, 32, 0)
s = 110: (0, 0, 5, 0, 16, 26, 0, 50, 42, 28, 0, 10, 66, 83, 9, 216, 42, 94, 75, 6, 37, 41, 83, 0, 105, 16, 41, 52, 22, 26, 44, 0)
s = 111: (0, 0, 6, 0, 18, 24, 0, 57, 40, 26, 0, 7, 76, 41, 11, 118, 66, 45, 88, 10, 30, 30, 71, 0, 134, 55, 51, 61, 19, 41, 73, 0)
s = 112: (0, 0, 11, 0, 17, 24, 0, 29, 55, 33, 0, 7, 121, 43, 11, 147, 59, 58, 57, 8, 52, 33, 131, 0, 94, 34, 58, 48, 29, 28, 52, 0)
s = 113: (0, 0, 10, 0, 20, 22, 0, 58, 90, 30, 0, 10, 110, 48, 10, 127, 29, 65, 54, 10, 72, 29, 91, 0, 87, 35, 44, 68, 18, 27, 30, 0)
s = 114: (0, 0, 8, 0, 11, 45, 0, 55, 61, 34, 0, 7, 56, 64, 10, 141, 96, 68, 41, 10, 49, 29, 58, 0, 139, 46, 34, 50, 44, 30, 27, 0)
s = 115: (0, 0, 6, 0, 18, 30, 0, 43, 60, 32, 0, 6, 120, 64, 12, 125, 34, 75, 84, 11, 29, 22, 110, 0, 106, 20, 53, 65, 18, 27, 57, 0)
s = 116: (0, 0, 12, 0, 16, 37, 0, 49, 79, 35, 0, 12, 111, 52, 9, 131, 48, 46, 38, 8, 56, 25, 49, 0, 127, 30, 55, 40, 24, 37, 40, 0)
s = 117: (0, 0, 8, 0, 16, 29, 0, 54, 41, 45, 0, 11, 67, 43, 11, 228, 53, 43, 54, 8, 48, 18, 92, 0, 65, 31, 45, 38, 32, 54, 30, 0)
s = 118: (0, 0, 8, 0, 12, 21, 0, 39, 42, 27, 0, 11, 82, 37, 7, 100, 62, 76, 68, 13, 68, 18, 109, 0, 100, 31, 45, 64, 21, 31, 43, 0)
s = 119: (0, 0, 8, 0, 11, 28, 0, 40, 104, 33, 0, 6, 51, 46, 9, 167, 58, 78, 34, 10, 35, 29, 96, 0, 83, 27, 35, 60, 29, 44, 27, 0)
s = 120: (0, 0, 6, 0, 20, 35, 0, 41, 52, 58, 0, 8, 72, 48, 10, 171, 45, 36, 59, 13, 54, 26, 70, 0, 118, 22, 77, 48, 16, 38, 36, 0)
s = 121: (0, 0, 9, 0, 15, 30, 0, 36, 69, 41, 0, 7, 125, 36, 12, 120, 53, 100, 56, 7, 62, 14, 70, 0, 79, 26, 81, 80, 27, 43, 71, 0)
s = 122: (0, 0, 7, 0, 21, 32, 0, 44, 49, 48, 0, 8, 64, 37, 7, 162, 41, 77, 41, 8, 79, 28, 72, 0, 153, 23, 63, 36, 19, 44, 39, 0)
s = 123: (0, 0, 7, 0, 19, 27, 0, 21, 46, 38, 0, 11, 91, 74, 8, 124, 48, 70, 40, 10, 55, 36, 91, 0, 118, 23, 55, 42, 29, 56, 41, 0)
s = 124: (0, 0, 12, 0, 10, 17, 0, 66, 65, 34, 0, 6, 101, 62, 10, 131, 48, 56, 71, 11, 50, 21, 97, 0, 94, 25, 43, 61, 33, 50, 43, 0)
s = 125: (0, 0, 8, 0, 19, 31, 0, 23, 45, 35, 0, 5, 120, 78, 9, 258, 67, 59, 42, 6, 33, 21, 85, 0, 99, 21, 33, 60, 17, 43, 72, 0)
s = 126: (0, 0, 6, 0, 18, 29, 0, 40, 43, 31, 0, 10, 50, 57, 10, 161, 50, 95, 59, 11, 27, 28, 94, 0, 102, 16, 46, 62, 20, 32, 35, 0)
s = 127: (0, 0, 5, 0, 9, 23, 0, 35, 80, 40, 0, 7, 117, 40, 5, 199, 44, 70, 38, 6, 45, 16, 73, 0, 152, 34, 66, 53, 33, 27, 31, 0)
s = 128: (0, 0, 9, 0, 18, 26, 0, 45, 34, 24, 0, 11, 101, 66, 12, 129, 31, 58, 29, 6, 62, 23, 105, 0, 99, 32, 33, 49, 27, 30, 36, 0)
s = 129: (0, 0, 5, 0, 12, 37, 0, 34, 66, 34, 0, 11, 90, 57, 6, 182, 34, 77, 85, 6, 27, 22, 139, 0, 161, 32, 60, 60, 21, 67, 43, 0)
s = 130: (0, 0, 6, 0, 18, 30, 0, 44, 68, 39, 0, 16, 87, 53, 7, 130, 64, 42, 49, 16, 44, 22, 79, 0, 74, 17, 50, 54, 35, 55, 34, 0)
s = 131: (0, 0, 6, 0, 16, 20, 0, 39, 39, 26, 0, 10, 87, 43, 10, 121, 54, 53, 32, 12, 58, 36, 132, 0, 109, 38, 53, 65, 27, 56, 50, 0)
s = 132: (0, 0, 9, 0, 11, 25, 0, 33, 73, 33, 0, 9, 93, 57, 6, 155, 56, 48, 53, 10, 68, 28, 102, 0, 72, 39, 45, 91, 18, 44, 44, 0)
s = 133: (0, 0, 8, 0, 15, 43, 0, 40, 54, 23, 0, 7, 71, 75, 11, 166, 41, 66, 88, 10, 30, 22, 57, 0, 131, 21, 64, 78, 17, 36, 70, 0)
s = 134: (0, 0, 6, 0, 9, 29, 0, 37, 63, 40, 0, 8, 81, 64, 9, 107, 44, 44, 34, 6, 61, 28, 115, 0, 85, 28, 50, 67, 41, 31, 50, 0)
s = 135: (0, 0, 11, 0, 9, 20, 0, 40, 48, 34, 0, 13, 68, 66, 5, 227, 48, 45, 32, 12, 28, 20, 136, 0, 112, 20, 35, 53, 26, 28, 38, 0)
s = 136: (0, 0, 6, 0, 11, 33, 0, 40, 71, 41, 0, 9, 57, 52, 9, 186, 36, 85, 94, 8, 50, 20, 53, 0, 62, 18, 59, 44, 24, 43, 57, 0)
s = 137: (0, 0, 7, 0, 11, 18, 0, 38, 52, 59, 0, 9, 68, 56, 12, 159, 45, 66, 63, 5, 29, 18, 60, 0, 117, 27, 39, 37, 33, 23, 54, 0)
s = 138: (0, 0, 5, 0, 15, 33, 0, 38, 67, 29, 0, 7, 87, 67, 8, 165, 48, 49, 38, 13, 41, 28, 86, 0, 128, 26, 59, 37, 26, 30, 58, 0)
s = 139: (0, 0, 7, 0, 16, 16, 0, 53, 61, 33, 0, 9, 65, 47, 8, 122, 50, 53, 50, 7, 45, 33, 54, 0, 96, 49, 54, 99, 19, 38, 59, 0)
s = 140: (0, 0, 8, 0, 13, 15, 0, 39, 100, 32, 0, 11, 107, 57, 6, 106, 38, 61, 33, 9, 31, 25, 122, 0, 69, 20, 63, 46, 28, 57, 29, 0)
s = 141: (0, 0, 8, 0, 24, 23, 0, 42, 47, 45, 0, 7, 79, 72, 13, 128, 36, 47, 48, 12, 45, 43, 73, 0, 105, 27, 28, 48, 18, 49, 33, 0)
s = 142: (0, 0, 8, 0, 14, 21, 0, 37, 52, 30, 0, 12, 59, 44, 10, 205, 70, 55, 54, 7, 37, 39, 90, 0, 115, 42, 36, 46, 24, 37, 60, 0)
s = 143: (0, 0, 8, 0, 10, 27, 0, 28, 37, 42, 0, 6, 133, 98, 5, 198, 84, 57, 38, 8, 49, 30, 82, 0, 92, 40, 63, 31, 17, 36, 41, 0)
s = 144: (0, 0, 6, 0, 11, 27, 0, 26, 83, 47, 0, 11, 97, 35, 9, 125, 78, 45, 80, 9, 45, 22, 49, 0, 116, 23, 43, 51, 30, 41, 30, 0)
s = 145: (0, 0, 5, 0, 17, 45, 0, 27, 51, 32, 0, 9, 48, 76, 6, 236, 47, 78, 57, 6, 49, 16, 70, 0, 113, 27, 27, 78, 33, 32, 41, 0)
s = 146: (0, 0, 6, 0, 9, 26, 0, 50, 56, 60, 0, 11, 93, 54, 7, 140, 70, 79, 38, 8, 38, 18, 68, 0, 90, 30, 63, 53, 19, 27, 42, 0)
s = 147: (0, 0, 8, 0, 15, 26, 0, 28, 74, 39, 0, 13, 95, 36, 6, 206, 60, 48, 50, 13, 40, 20, 47, 0, 157, 29, 38, 65, 20, 38, 41, 0)
s = 148: (0, 0, 10, 0, 18, 39, 0, 30, 51, 20, 0, 6, 57, 55, 7, 233, 69, 47, 35, 11, 63, 15, 87, 0, 100, 20, 62, 85, 33, 36, 85, 0)
s = 149: (0, 0, 6, 0, 22, 22, 0, 44, 96, 57, 0, 8, 87, 56, 13, 128, 69, 72, 44, 6, 61, 24, 78, 0, 56, 22, 47, 67, 20, 36, 67, 0)
s = 150: (0, 0, 9, 0, 27, 29, 0, 44, 89, 30, 0, 12, 108, 58, 9, 133, 53, 89, 36, 6, 35, 17, 58, 0, 128, 26, 52, 70, 24, 30, 60, 0)
s = 151: (0, 0, 7, 0, 17, 35, 0, 27, 44, 21, 0, 8, 104, 95, 9, 215, 67, 73, 57, 11, 32, 24, 98, 0, 96, 17, 80, 45, 21, 24, 58, 0)
s = 152: (0, 0, 8, 0, 22, 29, 0, 30, 66, 33, 0, 6, 103, 66, 5, 160, 67, 50, 61, 13, 50, 15, 77, 0, 102, 22, 33, 72, 26, 49, 48, 0)
s = 153: (0, 0, 12, 0, 11, 26, 0, 45, 64, 38, 0, 10, 88, 83, 7, 99, 40, 65, 41, 7, 25, 17, 93, 0, 68, 40, 45, 72, 29, 70, 36, 0)
s = 154: (0, 0, 9, 0, 29, 19, 0, 39, 85, 38, 0, 8, 104, 56, 8, 230, 58, 91, 49, 8, 39, 23, 70, 0, 60, 24, 48, 63, 28, 31, 48, 0)
s = 155: (0, 0, 7, 0, 28, 36, 0, 45, 92, 26, 0, 7, 93, 34, 8, 141, 54, 48, 32, 7, 30, 18, 76, 0, 90, 32, 27, 61, 15, 41, 31, 0)
s = 156: (0, 0, 8, 0, 20, 27, 0, 43, 67, 20, 0, 7, 130, 77, 7, 144, 43, 52, 59, 14, 32, 33, 75, 0, 111, 20, 50, 96, 30, 30, 28, 0)
s = 157: (0, 0, 5, 0, 10, 25, 0, 41, 48, 38, 0, 11, 120, 42, 5, 206, 48, 91, 59, 8, 30, 15, 50, 0, 87, 21, 41, 72, 33, 29, 32, 0)
s = 158: (0, 0, 9, 0, 14, 28, 0, 35, 48, 36, 0, 14, 103, 49, 7, 135, 66, 44, 44, 6, 60, 32, 131, 0, 96, 27, 65, 50, 26, 56, 52, 0)
s = 159: (0, 0, 6, 0, 25, 20, 0, 38, 35, 36, 0, 11, 94, 86, 9, 219, 64, 97, 42, 8, 48, 28, 81, 0, 70, 27, 42, 54, 25, 49, 46, 0)
s = 160: (0, 0, 6, 0, 12, 15, 0, 37, 48, 26, 0, 12, 100, 48, 8, 131, 60, 89, 83, 10, 54, 21, 69, 0, 80, 25, 48, 47, 17, 48, 62, 0)
s = 161: (0, 0, 5, 0, 26, 22, 0, 39, 36, 39, 0, 11, 110, 47, 7, 222, 63, 86, 32, 8, 50, 25, 76, 0, 174, 16, 54, 54, 29, 37, 66, 0)
s = 162: (0, 0, 6, 0, 11, 29, 0, 33, 38, 51, 0, 8, 54, 43, 7, 95, 52, 61, 53, 11, 43, 21, 109, 0, 171, 32, 52, 51, 44, 47, 70, 0)
s = 163: (0, 0, 8, 0, 22, 24, 0, 65, 60, 41, 0, 11, 70, 62, 7, 150, 41, 45, 59, 10, 41, 18, 51, 0, 62, 21, 56, 41, 25, 53, 60, 0)
s = 164: (0, 0, 5, 0, 15, 35, 0, 65, 97, 37, 0, 15, 80, 39, 10, 191, 41, 59, 35, 13, 40, 28, 115, 0, 146, 23, 55, 87, 25, 37, 34, 0)
s = 165: (0, 0, 7, 0, 18, 33, 0, 38, 57, 41, 0, 11, 89, 56, 9, 272, 55, 40, 48, 7, 56, 17, 66, 0, 128, 26, 59, 67, 29, 27, 32, 0)
s = 166: (0, 0, 8, 0, 12, 29, 0, 51, 72, 40, 0, 8, 59, 69, 7, 152, 33, 44, 71, 9, 32, 18, 66, 0, 95, 26, 49, 31, 26, 59, 44, 0)
s = 167: (0, 0, 9, 0, 10, 22, 0, 31, 48, 28, 0, 10, 95, 66, 5, 176, 35, 77, 33, 14, 40, 26, 65, 0, 87, 39, 40, 74, 30, 43, 37, 0)
s = 168: (0, 0, 5, 0, 11, 37, 0, 63, 44, 33, 0, 6, 77, 44, 10, 167, 46, 83, 42, 7, 62, 27, 95, 0, 98, 22, 47, 70, 34, 36, 47, 0)
s = 169: (0, 0, 9, 0, 11, 23, 0, 31, 78, 45, 0, 6, 96, 50, 8, 234, 39, 81, 52, 6, 58, 17, 49, 0, 76, 27, 32, 39, 22, 34, 80, 0)
s = 170: (0, 0, 6, 0, 10, 21, 0, 24, 48, 45, 0, 10, 62, 93, 7, 139, 40, 63, 31, 6, 38, 19, 69, 0, 109, 28, 46, 55, 17, 42, 68, 0)
s = 171: (0, 0, 8, 0, 9, 24, 0, 31, 50, 36, 0, 8, 54, 43, 7, 192, 42, 89, 61, 12, 55, 34, 95, 0, 79, 20, 27, 64, 36, 27, 35, 0)
s = 172: (0, 0, 5, 0, 19, 26, 0, 42, 62, 29, 0, 8, 82, 63, 7, 135, 44, 53, 84, 10, 29, 22, 74, 0, 107, 35, 30, 63, 25, 38, 50, 0)
s = 173: (0, 0, 10, 0, 12, 46, 0, 27, 62, 43, 0, 9, 109, 51, 6, 243, 40, 90, 38, 8, 48, 23, 70, 0, 121, 22, 47, 47, 21, 62, 46, 0)
s = 174: (0, 0, 7, 0, 12, 48, 0, 65, 43, 36, 0, 9, 88, 49, 6, 123, 68, 62, 68, 7, 67, 33, 82, 0, 108, 37, 58, 48, 20, 48, 40, 0)
s = 175: (0, 0, 5, 0, 11, 34, 0, 36, 44, 36, 0, 10, 102, 34, 9, 211, 47, 60, 48, 9, 40, 28, 64, 0, 186, 46, 36, 53, 28, 30, 32, 0)
s = 176: (0, 0, 7, 0, 24, 28, 0, 63, 43, 20, 0, 11, 61, 60, 11, 96, 38, 36, 34, 6, 63, 31, 65, 0, 148, 28, 50, 78, 23, 31, 29, 0)
s = 177: (0, 0, 9, 0, 12, 36, 0, 35, 73, 33, 0, 9, 64, 88, 8, 95, 63, 47, 45, 9, 32, 36, 89, 0, 108, 34, 28, 48, 26, 29, 42, 0)
s = 178: (0, 0, 7, 0, 10, 37, 0, 37, 55, 56, 0, 11, 61, 54, 6, 200, 57, 55, 94, 5, 34, 21, 91, 0, 64, 30, 67, 35, 24, 38, 42, 0)
s = 179: (0, 0, 9, 0, 25, 33, 0, 34, 34, 52, 0, 8, 96, 75, 12, 137, 87, 47, 38, 8, 37, 22, 51, 0, 94, 45, 41, 49, 19, 28, 65, 0)
s = 180: (0, 0, 10, 0, 13, 23, 0, 53, 104, 45, 0, 8, 90, 70, 8, 207, 65, 111, 53, 6, 56, 31, 54, 0, 69, 20, 53, 64, 31, 27, 30, 0)
s = 181: (0, 0, 6, 0, 24, 20, 0, 38, 71, 51, 0, 6, 70, 39, 5, 198, 56, 68, 59, 12, 28, 20, 131, 0, 90, 31, 55, 38, 37, 22, 40, 0)
s = 182: (0, 0, 5, 0, 9, 35, 0, 42, 68, 26, 0, 6, 135, 49, 9, 207, 66, 51, 44, 7, 30, 32, 93, 0, 73, 28, 48, 41, 16, 43, 39, 0)
s = 183: (0, 0, 6, 0, 18, 19, 0, 38, 44, 57, 0, 6, 52, 38, 10, 156, 41, 99, 84, 11, 45, 20, 79, 0, 125, 19, 70, 48, 25, 67, 28, 0)
s = 184: (0, 0, 7, 0, 14, 20, 0, 23, 72, 59, 0, 13, 114, 55, 10, 196, 39, 53, 51, 6, 34, 32, 81, 0, 124, 34, 46, 37, 29, 48, 54, 0)
s = 185: (0, 0, 7, 0, 10, 38, 0, 31, 48, 31, 0, 8, 70, 72, 9, 115, 53, 56, 73, 6, 38, 23, 67, 0, 76, 22, 67, 46, 23, 69, 69, 0)
s = 186: (0, 0, 6, 0, 12, 28, 0, 40, 32, 33, 0, 8, 63, 56, 8, 167, 31, 57, 46, 11, 37, 18, 45, 0, 181, 19, 59, 71, 23, 43, 41, 0)
s = 187: (0, 0, 11, 0, 10, 39, 0, 34, 58, 45, 0, 9, 72, 37, 12, 130, 44, 72, 65, 6, 49, 18, 50, 0, 85, 41, 45, 58, 23, 31, 46, 0)
s = 188: (0, 0, 8, 0, 16, 35, 0, 23, 54, 29, 0, 6, 97, 51, 7, 84, 63, 68, 58, 8, 43, 20, 88, 0, 74, 26, 71, 59, 14, 46, 51, 0)
s = 189: (0, 0, 5, 0, 13, 23, 0, 45, 62, 25, 0, 9, 143, 73, 9, 123, 50, 75, 70, 8, 46, 21, 72, 0, 92, 41, 35, 37, 46, 45, 34, 0)
s = 190: (0, 0, 6, 0, 15, 37, 0, 29, 46, 45, 0, 14, 100, 44, 11, 179, 66, 40, 45, 12, 31, 18, 127, 0, 103, 21, 44, 76, 23, 35, 25, 0)
s = 191: (0, 0, 6, 0, 13, 46, 0, 43, 58, 30, 0, 9, 94, 52, 5, 191, 68, 48, 51, 10, 27, 34, 82, 0, 108, 34, 45, 55, 14, 61, 27, 0)
s = 192: (0, 0, 10, 0, 20, 16, 0, 38, 37, 24, 0, 11, 89, 44, 10, 96, 41, 69, 57, 14, 44, 31, 54, 0, 104, 25, 33, 65, 21, 31, 36, 0)
s = 193: (0, 0, 7, 0, 16, 29, 0, 44, 44, 33, 0, 9, 124, 48, 7, 125, 35, 50, 51, 8, 31, 24, 73, 0, 138, 34, 38, 91, 21, 26, 47, 0)
s = 194: (0, 0, 6, 0, 17, 17, 0, 35, 55, 38, 0, 9, 68, 42, 8, 122, 83, 59, 50, 8, 28, 28, 77, 0, 133, 23, 71, 45, 16, 39, 34, 0)
s = 195: (0, 0, 8, 0, 10, 27, 0, 68, 64, 34, 0, 9, 72, 60, 7, 104, 55, 69, 34, 10, 25, 15, 43, 0, 95, 41, 64, 47, 37, 44, 58, 0)
s = 196: (0, 0, 7, 0, 12, 36, 0, 51, 47, 46, 0, 11, 75, 54, 7, 236, 75, 75, 47, 7, 60, 26, 59, 0, 88, 21, 32, 74, 21, 40, 27, 0)
s = 197: (0, 0, 8, 0, 12, 15, 0, 44, 87, 44, 0, 7, 54, 34, 10, 136, 29, 65, 63, 13, 33, 18, 47, 0, 75, 20, 45, 67, 25, 32, 43, 0)
s = 198: (0, 0, 6, 0, 11, 26, 0, 31, 34, 23, 0, 10, 87, 61, 7, 102, 30, 93, 58, 13, 31, 22, 82, 0, 69, 28, 47, 47, 15, 32, 49, 0)
s = 199: (0, 0, 8, 0, 12, 19, 0, 43, 38, 24, 0, 12, 68, 52, 14, 123, 63, 46, 46, 15, 42, 18, 93, 0, 77, 19, 47, 56, 31, 47, 28, 0)
s = 200: (0, 0, 10, 0, 15, 38, 0, 44, 73, 22, 0, 11, 151, 36, 5, 130, 43, 49, 46, 11, 71, 33, 94, 0, 104, 29, 27, 69, 19, 29, 57, 0)
------------------------------------------------------------------------
RESOURCE k = 2
s = 1: (0, 60, 8, 46, 17, 0, 27, 10, 28, 42, 38, 17, 0, 0, 8, 0, 19, 118, 59, 17, 0, 19, 62, 20, 25, 34, 39, 43, 0, 0, 0, 0)
s = 2: (0, 123, 6, 56, 13, 0, 46, 15, 28, 68, 43, 15, 0, 0, 5, 0, 17, 126, 62, 14, 0, 43, 55, 21, 15, 30, 20, 31, 0, 0, 0, 0)
s = 3: (0, 55, 5, 33, 14, 0, 57, 12, 30, 40, 52, 12, 0, 0, 9, 0, 19, 96, 61, 14, 0, 18, 32, 22, 18, 30, 48, 45, 0, 0, 0, 0)
s = 4: (0, 87, 11, 44, 16, 0, 29, 11, 34, 60, 32, 16, 0, 0, 8, 0, 18, 83, 81, 12, 0, 25, 41, 22, 19, 28, 40, 40, 0, 0, 0, 0)
s = 5: (0, 92, 9, 38, 14, 0, 20, 8, 34, 39, 42, 11, 0, 0, 5, 0, 16, 100, 62, 18, 0, 23, 73, 28, 13, 21, 33, 66, 0, 0, 0, 0)
s = 6: (0, 46, 9, 53, 11, 0, 36, 7, 41, 55, 79, 12, 0, 0, 9, 0, 13, 90, 70, 15, 0, 31, 27, 20, 11, 51, 36, 62, 0, 0, 0, 0)
s = 7: (0, 55, 9, 42, 17, 0, 31, 10, 27, 67, 77, 12, 0, 0, 9, 0, 14, 124, 72, 12, 0, 19, 39, 23, 27, 28, 18, 29, 0, 0, 0, 0)
s = 8: (0, 86, 9, 36, 15, 0, 42, 13, 29, 69, 31, 17, 0, 0, 6, 0, 23, 187, 79, 12, 0, 27, 61, 32, 23, 25, 18, 42, 0, 0, 0, 0)
s = 9: (0, 59, 11, 45, 12, 0, 53, 11, 20, 55, 46, 24, 0, 0, 6, 0, 15, 143, 96, 17, 0, 27, 32, 22, 18, 33, 20, 45, 0, 0, 0, 0)
s = 10: (0, 70, 9, 45, 13, 0, 25, 10, 29, 46, 45, 18, 0, 0, 6, 0, 13, 189, 47, 11, 0, 31, 60, 14, 20, 19, 31, 58, 0, 0, 0, 0)
s = 11: (0, 69, 9, 67, 12, 0, 36, 9, 24, 92, 45, 9, 0, 0, 9, 0, 33, 91, 97, 10, 0, 26, 59, 22, 21, 19, 30, 49, 0, 0, 0, 0)
s = 12: (0, 117, 8, 38, 15, 0, 33, 8, 20, 40, 42, 14, 0, 0, 9, 0, 27, 70, 82, 12, 0, 17, 32, 14, 17, 32, 36, 41, 0, 0, 0, 0)
s = 13: (0, 44, 7, 69, 25, 0, 22, 13, 23, 39, 61, 21, 0, 0, 9, 0, 22, 120, 89, 13, 0, 19, 26, 21, 20, 22, 27, 68, 0, 0, 0, 0)
s = 14: (0, 59, 12, 37, 12, 0, 49, 7, 33, 50, 86, 14, 0, 0, 5, 0, 13, 122, 69, 13, 0, 18, 47, 12, 13, 26, 19, 32, 0, 0, 0, 0)
s = 15: (0, 117, 6, 64, 16, 0, 34, 11, 22, 37, 49, 17, 0, 0, 6, 0, 22, 123, 95, 9, 0, 20, 27, 14, 20, 28, 25, 56, 0, 0, 0, 0)
s = 16: (0, 91, 11, 42, 14, 0, 42, 11, 41, 55, 33, 15, 0, 0, 8, 0, 15, 93, 51, 14, 0, 25, 45, 16, 17, 19, 32, 39, 0, 0, 0, 0)
s = 17: (0, 99, 8, 70, 24, 0, 37, 10, 35, 29, 41, 17, 0, 0, 6, 0, 19, 67, 124, 12, 0, 19, 31, 18, 10, 29, 23, 51, 0, 0, 0, 0)
s = 18: (0, 91, 10, 53, 12, 0, 25, 15, 20, 45, 32, 17, 0, 0, 12, 0, 28, 118, 89, 14, 0, 27, 51, 18, 22, 23, 31, 26, 0, 0, 0, 0)
s = 19: (0, 51, 7, 35, 20, 0, 40, 7, 36, 79, 70, 17, 0, 0, 8, 0, 24, 74, 67, 11, 0, 20, 46, 21, 12, 26, 38, 48, 0, 0, 0, 0)
s = 20: (0, 74, 9, 60, 21, 0, 54, 11, 32, 32, 36, 16, 0, 0, 8, 0, 17, 134, 49, 15, 0, 32, 58, 27, 16, 32, 25, 47, 0, 0, 0, 0)
s = 21: (0, 79, 9, 44, 14, 0, 58, 11, 34, 64, 36, 16, 0, 0, 9, 0, 31, 97, 43, 8, 0, 17, 59, 18, 15, 26, 29, 58, 0, 0, 0, 0)
s = 22: (0, 67, 8, 41, 19, 0, 28, 13, 27, 108, 72, 18, 0, 0, 9, 0, 25, 163, 59, 12, 0, 23, 27, 35, 24, 25, 25, 44, 0, 0, 0, 0)
s = 23: (0, 59, 9, 42, 11, 0, 51, 9, 35, 85, 52, 17, 0, 0, 6, 0, 16, 96, 39, 14, 0, 15, 30, 29, 14, 22, 40, 41, 0, 0, 0, 0)
s = 24: (0, 64, 6, 71, 18, 0, 34, 13, 27, 33, 87, 13, 0, 0, 12, 0, 13, 102, 60, 18, 0, 19, 50, 18, 17, 19, 22, 42, 0, 0, 0, 0)
s = 25: (0, 60, 8, 60, 10, 0, 32, 9, 41, 55, 54, 15, 0, 0, 8, 0, 20, 102, 75, 12, 0, 20, 58, 19, 29, 38, 36, 44, 0, 0, 0, 0)
s = 26: (0, 60, 5, 60, 15, 0, 24, 15, 27, 55, 39, 12, 0, 0, 7, 0, 19, 84, 100, 9, 0, 28, 59, 23, 14, 21, 31, 46, 0, 0, 0, 0)
s = 27: (0, 58, 7, 42, 19, 0, 51, 10, 40, 86, 33, 18, 0, 0, 14, 0, 10, 119, 93, 10, 0, 43, 61, 26, 27, 25, 36, 33, 0, 0, 0, 0)
s = 28: (0, 106, 6, 38, 11, 0, 26, 9, 41, 72, 30, 23, 0, 0, 7, 0, 18, 106, 91, 13, 0, 18, 54, 24, 23, 20, 47, 54, 0, 0, 0, 0)
s = 29: (0, 117, 7, 78, 15, 0, 34, 15, 22, 44, 43, 19, 0, 0, 12, 0, 14, 119, 55, 9, 0, 17, 73, 21, 16, 26, 36, 52, 0, 0, 0, 0)
s = 30: (0, 88, 7, 36, 11, 0, 25, 8, 27, 51, 27, 18, 0, 0, 7, 0, 13, 131, 39, 10, 0, 20, 56, 13, 13, 31, 37, 29, 0, 0, 0, 0)
s = 31: (0, 102, 7, 39, 12, 0, 35, 11, 23, 52, 47, 18, 0, 0, 6, 0, 13, 126, 71, 11, 0, 19, 45, 26, 12, 30, 25, 90, 0, 0, 0, 0)
s = 32: (0, 74, 15, 46, 12, 0, 29, 13, 40, 54, 47, 16, 0, 0, 9, 0, 19, 128, 55, 10, 0, 23, 29, 13, 25, 33, 41, 32, 0, 0, 0, 0)
s = 33: (0, 62, 11, 43, 15, 0, 27, 11, 24, 82, 92, 14, 0, 0, 9, 0, 22, 96, 83, 10, 0, 26, 40, 21, 17, 35, 37, 41, 0, 0, 0, 0)
s = 34: (0, 59, 14, 91, 14, 0, 37, 14, 47, 42, 51, 10, 0, 0, 6, 0, 18, 108, 129, 13, 0, 30, 37, 18, 16, 40, 29, 29, 0, 0, 0, 0)
s = 35: (0, 57, 6, 54, 15, 0, 46, 11, 41, 45, 60, 9, 0, 0, 6, 0, 22, 78, 66, 13, 0, 31, 44, 17, 14, 33, 23, 63, 0, 0, 0, 0)
s = 36: (0, 67, 11, 49, 15, 0, 40, 13, 35, 57, 51, 23, 0, 0, 8, 0, 15, 168, 94, 12, 0, 24, 62, 25, 12, 26, 19, 56, 0, 0, 0, 0)
s = 37: (0, 105, 12, 73, 22, 0, 37, 6, 27, 52, 85, 12, 0, 0, 7, 0, 14, 134, 95, 11, 0, 19, 48, 33, 14, 25, 36, 65, 0, 0, 0, 0)
s = 38: (0, 49, 13, 66, 11, 0, 26, 14, 27, 88, 72, 12, 0, 0, 10, 0, 16, 120, 72, 12, 0, 28, 32, 14, 19, 24, 24, 43, 0, 0, 0, 0)
s = 39: (0, 73, 8, 70, 10, 0, 39, 13, 34, 51, 34, 27, 0, 0, 8, 0, 15, 142, 74, 13, 0, 29, 85, 35, 34, 33, 17, 34, 0, 0, 0, 0)
s = 40: (0, 59, 9, 31, 10, 0, 36, 12, 30, 74, 49, 11, 0, 0, 9, 0, 24, 71, 43, 11, 0, 16, 34, 29, 16, 17, 26, 66, 0, 0, 0, 0)
s = 41: (0, 81, 11, 41, 16, 0, 42, 11, 25, 47, 60, 15, 0, 0, 12, 0, 26, 177, 40, 12, 0, 25, 57, 23, 24, 22, 31, 61, 0, 0, 0, 0)
s = 42: (0, 90, 9, 60, 13, 0, 23, 14, 23, 71, 54, 12, 0, 0, 9, 0, 26, 213, 96, 13, 0, 27, 30, 26, 11, 28, 30, 37, 0, 0, 0, 0)
s = 43: (0, 46, 12, 34, 8, 0, 65, 13, 40, 36, 42, 27, 0, 0, 9, 0, 20, 138, 48, 10, 0, 18, 59, 14, 14, 32, 23, 51, 0, 0, 0, 0)
s = 44: (0, 63, 13, 50, 19, 0, 40, 10, 35, 43, 42, 15, 0, 0, 7, 0, 23, 132, 82, 11, 0, 34, 34, 11, 16, 23, 51, 73, 0, 0, 0, 0)
s = 45: (0, 49, 9, 37, 24, 0, 23, 10, 24, 78, 39, 23, 0, 0, 12, 0, 14, 77, 81, 19, 0, 19, 53, 15, 16, 16, 20, 50, 0, 0, 0, 0)
s = 46: (0, 54, 12, 75, 14, 0, 39, 6, 40, 33, 66, 26, 0, 0, 7, 0, 16, 113, 88, 15, 0, 22, 34, 15, 15, 24, 21, 37, 0, 0, 0, 0)
s = 47: (0, 68, 14, 69, 14, 0, 36, 12, 23, 41, 51, 18, 0, 0, 6, 0, 13, 100, 90, 12, 0, 20, 49, 18, 21, 41, 20, 28, 0, 0, 0, 0)
s = 48: (0, 69, 12, 48, 17, 0, 59, 10, 27, 31, 39, 16, 0, 0, 6, 0, 13, 113, 54, 12, 0, 24, 30, 18, 27, 43, 38, 39, 0, 0, 0, 0)
s = 49: (0, 136, 6, 42, 10, 0, 60, 14, 26, 95, 56, 14, 0, 0, 9, 0, 18, 73, 49, 16, 0, 31, 44, 19, 23, 29, 18, 63, 0, 0, 0, 0)
s = 50: (0, 84, 8, 63, 18, 0, 58, 10, 29, 39, 50, 15, 0, 0, 8, 0, 17, 129, 79, 8, 0, 26, 71, 15, 21, 43, 22, 36, 0, 0, 0, 0)
s = 51: (0, 91, 10, 62, 23, 0, 41, 13, 28, 73, 32, 13, 0, 0, 8, 0, 11, 147, 80, 12, 0, 40, 61, 10, 10, 31, 39, 96, 0, 0, 0, 0)
s = 52: (0, 103, 9, 53, 12, 0, 35, 13, 20, 78, 59, 14, 0, 0, 10, 0, 18, 65, 67, 14, 0, 30, 46, 16, 16, 22, 36, 59, 0, 0, 0, 0)
s = 53: (0, 52, 11, 80, 13, 0, 40, 11, 27, 45, 51, 11, 0, 0, 10, 0, 10, 127, 41, 14, 0, 29, 32, 24, 23, 26, 26, 43, 0, 0, 0, 0)
s = 54: (0, 59, 9, 78, 13, 0, 27, 10, 27, 87, 55, 9, 0, 0, 13, 0, 12, 85, 67, 12, 0, 24, 36, 20, 14, 22, 41, 38, 0, 0, 0, 0)
s = 55: (0, 93, 9, 62, 10, 0, 35, 8, 35, 65, 59, 16, 0, 0, 6, 0, 20, 181, 101, 11, 0, 18, 70, 15, 11, 34, 29, 61, 0, 0, 0, 0)
s = 56: (0, 83, 9, 63, 14, 0, 32, 6, 23, 91, 51, 17, 0, 0, 9, 0, 16, 77, 52, 9, 0, 20, 33, 19, 22, 36, 27, 50, 0, 0, 0, 0)
s = 57: (0, 89, 11, 54, 10, 0, 33, 6, 34, 57, 35, 24, 0, 0, 6, 0, 13, 102, 51, 13, 0, 30, 47, 11, 17, 31, 56, 69, 0, 0, 0, 0)
s = 58: (0, 60, 10, 59, 16, 0, 27, 8, 25, 35, 31, 16, 0, 0, 8, 0, 32, 70, 48, 7, 0, 33, 37, 22, 23, 18, 25, 51, 0, 0, 0, 0)
s = 59: (0, 73, 9, 41, 24, 0, 63, 13, 38, 94, 69, 12, 0, 0, 10, 0, 30, 160, 86, 9, 0, 17, 36, 20, 17, 21, 44, 36, 0, 0, 0, 0)
s = 60: (0, 54, 7, 55, 13, 0, 34, 8, 26, 39, 58, 22, 0, 0, 6, 0, 15, 74, 75, 12, 0, 36, 37, 12, 22, 18, 27, 39, 0, 0, 0, 0)
s = 61: (0, 100, 9, 52, 12, 0, 26, 12, 23, 92, 54, 18, 0, 0, 11, 0, 13, 69, 46, 18, 0, 19, 31, 22, 31, 36, 27, 53, 0, 0, 0, 0)
s = 62: (0, 102, 7, 51, 16, 0, 55, 11, 25, 64, 32, 15, 0, 0, 9, 0, 13, 143, 101, 10, 0, 27, 29, 14, 13, 20, 47, 85, 0, 0, 0, 0)
s = 63: (0, 61, 5, 40, 23, 0, 61, 8, 27, 66, 43, 21, 0, 0, 8, 0, 18, 81, 56, 10, 0, 25, 52, 14, 20, 17, 37, 68, 0, 0, 0, 0)
s = 64: (0, 53, 8, 40, 20, 0, 22, 8, 26, 94, 47, 15, 0, 0, 5, 0, 21, 132, 67, 15, 0, 19, 41, 21, 14, 38, 27, 63, 0, 0, 0, 0)
s = 65: (0, 60, 11, 55, 18, 0, 62, 7, 48, 57, 37, 19, 0, 0, 7, 0, 13, 129, 111, 11, 0, 29, 42, 27, 15, 28, 32, 45, 0, 0, 0, 0)
s = 66: (0, 83, 9, 31, 17, 0, 34, 6, 25, 68, 79, 24, 0, 0, 8, 0, 12, 104, 56, 12, 0, 23, 38, 11, 20, 33, 26, 43, 0, 0, 0, 0)
s = 67: (0, 99, 10, 39, 23, 0, 59, 9, 33, 52, 74, 11, 0, 0, 7, 0, 17, 112, 52, 13, 0, 31, 37, 11, 16, 30, 27, 33, 0, 0, 0, 0)
s = 68: (0, 53, 10, 83, 10, 0, 22, 8, 20, 38, 46, 16, 0, 0, 7, 0, 32, 78, 112, 10, 0, 36, 45, 26, 15, 25, 41, 64, 0, 0, 0, 0)
s = 69: (0, 82, 8, 36, 23, 0, 48, 8, 38, 58, 65, 13, 0, 0, 6, 0, 11, 71, 51, 9, 0, 26, 35, 12, 15, 35, 35, 40, 0, 0, 0, 0)
s = 70: (0, 77, 9, 33, 12, 0, 41, 13, 34, 59, 61, 12, 0, 0, 10, 0, 15, 86, 83, 9, 0, 20, 35, 22, 17, 27, 35, 36, 0, 0, 0, 0)
s = 71: (0, 98, 11, 36, 9, 0, 51, 12, 26, 59, 62, 20, 0, 0, 7, 0, 14, 114, 63, 9, 0, 38, 67, 20, 11, 35, 41, 61, 0, 0, 0, 0)
s = 72: (0, 67, 8, 72, 13, 0, 45, 11, 18, 68, 70, 9, 0, 0, 10, 0, 25, 106, 67, 11, 0, 35, 36, 24, 21, 26, 35, 38, 0, 0, 0, 0)
s = 73: (0, 104, 5, 52, 19, 0, 35, 14, 25, 79, 35, 16, 0, 0, 13, 0, 12, 106, 78, 14, 0, 17, 51, 15, 14, 21, 28, 50, 0, 0, 0, 0)
s = 74: (0, 86, 7, 33, 8, 0, 51, 11, 44, 45, 61, 21, 0, 0, 8, 0, 15, 93, 44, 9, 0, 16, 46, 18, 12, 22, 33, 48, 0, 0, 0, 0)
s = 75: (0, 85, 9, 49, 20, 0, 48, 10, 29, 70, 33, 25, 0, 0, 9, 0, 14, 157, 69, 8, 0, 24, 63, 15, 15, 42, 47, 66, 0, 0, 0, 0)
s = 76: (0, 63, 12, 58, 12, 0, 54, 12, 30, 77, 53, 22, 0, 0, 8, 0, 11, 128, 87, 10, 0, 24, 62, 26, 32, 17, 27, 38, 0, 0, 0, 0)
s = 77: (0, 94, 6, 34, 13, 0, 27, 14, 36, 102, 48, 19, 0, 0, 10, 0, 15, 104, 51, 11, 0, 24, 25, 20, 24, 19, 23, 34, 0, 0, 0, 0)
s = 78: (0, 98, 6, 68, 11, 0, 37, 11, 33, 70, 32, 22, 0, 0, 11, 0, 24, 86, 82, 9, 0, 23, 56, 18, 18, 36, 29, 36, 0, 0, 0, 0)
s = 79: (0, 75, 8, 71, 15, 0, 40, 18, 31, 61, 68, 15, 0, 0, 7, 0, 23, 129, 59, 13, 0, 20, 34, 17, 27, 30, 33, 46, 0, 0, 0, 0)
s = 80: (0, 100, 11, 44, 16, 0, 29, 9, 24, 39, 94, 20, 0, 0, 11, 0, 21, 135, 92, 11, 0, 23, 67, 12, 15, 26, 26, 50, 0, 0, 0, 0)
s = 81: (0, 76, 9, 47, 22, 0, 44, 11, 28, 67, 87, 17, 0, 0, 6, 0, 13, 119, 67, 8, 0, 14, 54, 14, 14, 26, 23, 44, 0, 0, 0, 0)
s = 82: (0, 52, 9, 92, 16, 0, 42, 14, 26, 76, 72, 13, 0, 0, 7, 0, 18, 127, 74, 9, 0, 18, 32, 14, 13, 34, 33, 60, 0, 0, 0, 0)
s = 83: (0, 81, 10, 31, 15, 0, 44, 8, 38, 44, 51, 19, 0, 0, 12, 0, 11, 77, 60, 10, 0, 36, 24, 16, 27, 25, 33, 56, 0, 0, 0, 0)
s = 84: (0, 62, 9, 52, 20, 0, 44, 9, 20, 52, 57, 11, 0, 0, 6, 0, 18, 99, 48, 19, 0, 18, 64, 28, 12, 30, 35, 45, 0, 0, 0, 0)
s = 85: (0, 113, 5, 39, 15, 0, 39, 12, 37, 86, 51, 25, 0, 0, 5, 0, 20, 112, 56, 9, 0, 26, 26, 19, 17, 39, 23, 36, 0, 0, 0, 0)
s = 86: (0, 72, 9, 35, 21, 0, 38, 9, 21, 66, 69, 13, 0, 0, 9, 0, 26, 146, 84, 8, 0, 20, 33, 20, 15, 28, 52, 68, 0, 0, 0, 0)
s = 87: (0, 62, 12, 51, 16, 0, 41, 8, 44, 33, 28, 19, 0, 0, 10, 0, 22, 136, 44, 12, 0, 18, 31, 12, 13, 16, 22, 35, 0, 0, 0, 0)
s = 88: (0, 97, 7, 78, 20, 0, 45, 7, 52, 54, 49, 15, 0, 0, 10, 0, 26, 90, 80, 11, 0, 29, 54, 24, 22, 31, 43, 88, 0, 0, 0, 0)
s = 89: (0, 96, 12, 70, 15, 0, 33, 12, 33, 77, 58, 13, 0, 0, 6, 0, 18, 112, 104, 9, 0, 26, 48, 28, 26, 29, 35, 62, 0, 0, 0, 0)
s = 90: (0, 87, 8, 41, 18, 0, 38, 11, 29, 97, 66, 21, 0, 0, 7, 0, 14, 59, 57, 11, 0, 29, 53, 15, 27, 24, 34, 62, 0, 0, 0, 0)
s = 91: (0, 89, 6, 57, 20, 0, 29, 7, 28, 80, 44, 22, 0, 0, 6, 0, 17, 63, 74, 17, 0, 18, 27, 18, 17, 29, 29, 34, 0, 0, 0, 0)
s = 92: (0, 54, 12, 32, 17, 0, 25, 9, 20, 57, 52, 16, 0, 0, 8, 0, 13, 156, 65, 9, 0, 26, 42, 14, 15, 16, 40, 48, 0, 0, 0, 0)
s = 93: (0, 126, 11, 35, 16, 0, 53, 11, 27, 68, 84, 14, 0, 0, 16, 0, 20, 148, 55, 10, 0, 22, 35, 22, 23, 17, 38, 39, 0, 0, 0, 0)
s = 94: (0, 83, 6, 54, 14, 0, 24, 10, 35, 51, 77, 21, 0, 0, 8, 0, 20, 98, 44, 9, 0, 36, 40, 13, 10, 34, 35, 52, 0, 0, 0, 0)
s = 95: (0, 109, 8, 53, 12, 0, 29, 9, 23, 64, 35, 14, 0, 0, 5, 0, 14, 82, 96, 13, 0, 29, 46, 22, 17, 20, 37, 44, 0, 0, 0, 0)
s = 96: (0, 67, 9, 65, 22, 0, 60, 12, 44, 60, 33, 25, 0, 0, 7, 0, 16, 69, 71, 11, 0, 29, 38, 22, 33, 24, 22, 38, 0, 0, 0, 0)
s = 97: (0, 65, 7, 61, 10, 0, 41, 10, 28, 56, 43, 16, 0, 0, 9, 0, 23, 131, 103, 14, 0, 20, 38, 26, 12, 23, 32, 47, 0, 0, 0, 0)
s = 98: (0, 56, 14, 62, 12, 0, 63, 11, 32, 56, 58, 24, 0, 0, 10, 0, 15, 124, 79, 17, 0, 27, 23, 18, 31, 17, 37, 33, 0, 0, 0, 0)
s = 99: (0, 94, 7, 40, 16, 0, 58, 13, 32, 37, 65, 17, 0, 0, 8, 0, 15, 151, 61, 9, 0, 34, 41, 15, 25, 25, 48, 57, 0, 0, 0, 0)
s = 100: (0, 59, 6, 33, 13, 0, 46, 8, 31, 86, 60, 16, 0, 0, 8, 0, 15, 94, 60, 14, 0, 15, 50, 23, 10, 21, 28, 54, 0, 0, 0, 0)
s = 101: (0, 53, 9, 59, 20, 0, 51, 9, 39, 38, 52, 11, 0, 0, 8, 0, 16, 127, 57, 17, 0, 26, 30, 24, 14, 36, 24, 42, 0, 0, 0, 0)
s = 102: (0, 94, 7, 38, 25, 0, 32, 7, 37, 63, 38, 11, 0, 0, 8, 0, 15, 120, 67, 14, 0, 34, 52, 21, 16, 17, 35, 47, 0, 0, 0, 0)
s = 103: (0, 74, 6, 37, 12, 0, 39, 12, 21, 67, 30, 11, 0, 0, 7, 0, 19, 146, 91, 16, 0, 16, 27, 18, 14, 38, 30, 39, 0, 0, 0, 0)
s = 104: (0, 80, 6, 39, 20, 0, 35, 7, 30, 41, 33, 18, 0, 0, 8, 0, 16, 119, 83, 10, 0, 24, 47, 15, 19, 35, 34, 58, 0, 0, 0, 0)
s = 105: (0, 66, 11, 39, 20, 0, 52, 11, 47, 71, 72, 12, 0, 0, 12, 0, 13, 154, 82, 16, 0, 27, 81, 14, 22, 19, 18, 45, 0, 0, 0, 0)
s = 106: (0, 131, 10, 49, 12, 0, 40, 15, 36, 50, 55, 9, 0, 0, 7, 0, 18, 163, 86, 15, 0, 18, 40, 12, 15, 39, 19, 35, 0, 0, 0, 0)
s = 107: (0, 55, 12, 39, 17, 0, 33, 8, 33, 37, 38, 18, 0, 0, 12, 0, 16, 113, 94, 10, 0, 20, 56, 13, 23, 23, 48, 39, 0, 0, 0, 0)
s = 108: (0, 63, 9, 52, 13, 0, 64, 9, 28, 52, 42, 16, 0, 0, 5, 0, 16, 128, 78, 7, 0, 22, 47, 29, 10, 40, 33, 59, 0, 0, 0, 0)
s = 109: (0, 54, 9, 74, 15, 0, 34, 16, 26, 53, 56, 18, 0, 0, 9, 0, 21, 133, 44, 12, 0, 25, 45, 20, 25, 28, 31, 33, 0, 0, 0, 0)
s = 110: (0, 57, 6, 49, 16, 0, 44, 13, 21, 45, 53, 18, 0, 0, 9, 0, 14, 161, 99, 8, 0, 41, 47, 13, 19, 16, 26, 46, 0, 0, 0, 0)
s = 111: (0, 57, 7, 37, 18, 0, 48, 15, 20, 41, 43, 12, 0, 0, 11, 0, 22, 77, 117, 13, 0, 30, 40, 22, 24, 55, 32, 53, 0, 0, 0, 0)
s = 112: (0, 98, 12, 54, 17, 0, 38, 8, 28, 53, 43, 13, 0, 0, 11, 0, 20, 99, 76, 11, 0, 33, 74, 18, 17, 34, 36, 42, 0, 0, 0, 0)
s = 113: (0, 79, 11, 42, 20, 0, 41, 15, 45, 48, 51, 17, 0, 0, 10, 0, 10, 111, 71, 13, 0, 29, 51, 13, 16, 35, 28, 59, 0, 0, 0, 0)
s = 114: (0, 67, 9, 62, 11, 0, 46, 14, 31, 55, 38, 12, 0, 0, 10, 0, 32, 116, 54, 14, 0, 29, 33, 22, 25, 46, 21, 44, 0, 0, 0, 0)
s = 115: (0, 49, 7, 74, 18, 0, 34, 11, 30, 51, 91, 10, 0, 0, 12, 0, 12, 128, 112, 15, 0, 22, 62, 13, 19, 20, 34, 57, 0, 0, 0, 0)
s = 116: (0, 85, 14, 90, 16, 0, 57, 13, 40, 56, 64, 21, 0, 0, 9, 0, 16, 78, 51, 10, 0, 25, 28, 32, 23, 30, 35, 35, 0, 0, 0, 0)
s = 117: (0, 88, 9, 54, 16, 0, 40, 14, 21, 72, 51, 20, 0, 0, 11, 0, 18, 73, 72, 11, 0, 18, 52, 25, 12, 31, 28, 33, 0, 0, 0, 0)
s = 118: (0, 99, 10, 38, 12, 0, 30, 10, 21, 43, 53, 20, 0, 0, 7, 0, 21, 131, 91, 17, 0, 18, 62, 21, 18, 31, 28, 56, 0, 0, 0, 0)
s = 119: (0, 63, 9, 47, 11, 0, 51, 10, 52, 53, 58, 10, 0, 0, 9, 0, 20, 133, 46, 13, 0, 29, 54, 16, 15, 27, 22, 53, 0, 0, 0, 0)
s = 120: (0, 72, 6, 52, 20, 0, 37, 11, 26, 92, 34, 13, 0, 0, 10, 0, 15, 61, 78, 17, 0, 26, 39, 25, 21, 22, 48, 42, 0, 0, 0, 0)
s = 121: (0, 68, 11, 29, 15, 0, 33, 9, 35, 66, 65, 13, 0, 0, 12, 0, 18, 172, 75, 10, 0, 14, 40, 21, 14, 26, 51, 70, 0, 0, 0, 0)
s = 122: (0, 94, 7, 30, 21, 0, 42, 11, 25, 76, 33, 14, 0, 0, 7, 0, 14, 132, 55, 10, 0, 28, 41, 30, 27, 23, 39, 32, 0, 0, 0, 0)
s = 123: (0, 64, 8, 35, 19, 0, 57, 6, 23, 60, 54, 19, 0, 0, 8, 0, 16, 120, 54, 13, 0, 36, 51, 20, 21, 23, 34, 36, 0, 0, 0, 0)
s = 124: (0, 88, 14, 62, 10, 0, 37, 17, 33, 55, 46, 11, 0, 0, 10, 0, 16, 95, 94, 15, 0, 21, 55, 25, 17, 25, 27, 54, 0, 0, 0, 0)
s = 125: (0, 74, 9, 58, 19, 0, 49, 6, 23, 55, 53, 9, 0, 0, 9, 0, 23, 100, 55, 8, 0, 21, 48, 24, 18, 21, 21, 53, 0, 0, 0, 0)
s = 126: (0, 92, 7, 70, 18, 0, 33, 10, 22, 49, 79, 17, 0, 0, 10, 0, 17, 162, 78, 15, 0, 28, 53, 20, 18, 16, 29, 54, 0, 0, 0, 0)
s = 127: (0, 93, 6, 46, 9, 0, 38, 9, 40, 63, 46, 13, 0, 0, 5, 0, 15, 119, 50, 8, 0, 16, 41, 23, 27, 34, 41, 46, 0, 0, 0, 0)
s = 128: (0, 78, 10, 61, 18, 0, 41, 12, 17, 38, 76, 20, 0, 0, 12, 0, 11, 99, 39, 8, 0, 23, 59, 18, 18, 32, 21, 43, 0, 0, 0, 0)
s = 129: (0, 95, 6, 37, 12, 0, 40, 9, 33, 54, 52, 19, 0, 0, 6, 0, 12, 132, 113, 8, 0, 22, 78, 14, 29, 32, 38, 52, 0, 0, 0, 0)
s = 130: (0, 71, 7, 73, 18, 0, 41, 11, 34, 62, 52, 28, 0, 0, 7, 0, 22, 72, 65, 21, 0, 22, 45, 14, 13, 17, 32, 47, 0, 0, 0, 0)
s = 131: (0, 70, 7, 79, 16, 0, 31, 10, 20, 41, 72, 17, 0, 0, 10, 0, 18, 91, 42, 15, 0, 36, 74, 19, 20, 38, 33, 57, 0, 0, 0, 0)
s = 132: (0, 68, 10, 59, 11, 0, 44, 9, 37, 52, 36, 15, 0, 0, 6, 0, 19, 82, 71, 13, 0, 28, 57, 13, 13, 39, 28, 79, 0, 0, 0, 0)
s = 133: (0, 130, 9, 47, 15, 0, 46, 10, 27, 37, 54, 12, 0, 0, 11, 0, 14, 113, 118, 14, 0, 22, 32, 14, 23, 21, 40, 68, 0, 0, 0, 0)
s = 134: (0, 92, 7, 46, 9, 0, 34, 10, 32, 63, 53, 15, 0, 0, 9, 0, 15, 76, 45, 8, 0, 28, 65, 13, 15, 28, 32, 59, 0, 0, 0, 0)
s = 135: (0, 91, 12, 60, 9, 0, 42, 10, 24, 54, 65, 23, 0, 0, 5, 0, 16, 76, 43, 15, 0, 20, 77, 18, 20, 20, 22, 47, 0, 0, 0, 0)
s = 136: (0, 65, 7, 35, 11, 0, 38, 10, 36, 65, 43, 15, 0, 0, 9, 0, 12, 145, 125, 11, 0, 20, 30, 19, 11, 18, 37, 39, 0, 0, 0, 0)
s = 137: (0, 64, 8, 44, 11, 0, 27, 10, 26, 94, 89, 15, 0, 0, 12, 0, 15, 113, 84, 7, 0, 18, 34, 23, 21, 27, 25, 32, 0, 0, 0, 0)
s = 138: (0, 42, 6, 56, 15, 0, 44, 10, 34, 45, 51, 13, 0, 0, 8, 0, 16, 83, 50, 18, 0, 28, 49, 20, 23, 26, 37, 32, 0, 0, 0, 0)
s = 139: (0, 59, 7, 49, 16, 0, 43, 14, 31, 53, 53, 15, 0, 0, 8, 0, 17, 90, 67, 10, 0, 33, 31, 14, 17, 49, 34, 87, 0, 0, 0, 0)
s = 140: (0, 60, 9, 30, 13, 0, 31, 10, 50, 51, 66, 18, 0, 0, 6, 0, 13, 104, 44, 12, 0, 25, 69, 12, 13, 20, 40, 40, 0, 0, 0, 0)
s = 141: (0, 87, 9, 62, 24, 0, 39, 11, 24, 71, 74, 12, 0, 0, 13, 0, 12, 80, 64, 16, 0, 43, 41, 25, 19, 27, 18, 42, 0, 0, 0, 0)
s = 142: (0, 61, 9, 56, 14, 0, 38, 10, 26, 47, 64, 20, 0, 0, 10, 0, 24, 94, 72, 9, 0, 39, 51, 25, 21, 42, 23, 40, 0, 0, 0, 0)
s = 143: (0, 58, 9, 31, 10, 0, 42, 7, 19, 66, 60, 10, 0, 0, 5, 0, 28, 98, 50, 10, 0, 30, 46, 17, 17, 40, 40, 27, 0, 0, 0, 0)
s = 144: (0, 85, 7, 68, 11, 0, 40, 7, 42, 75, 47, 19, 0, 0, 9, 0, 26, 77, 106, 12, 0, 22, 28, 16, 21, 23, 27, 45, 0, 0, 0, 0)
s = 145: (0, 117, 5, 58, 17, 0, 25, 7, 26, 51, 66, 16, 0, 0, 6, 0, 16, 134, 76, 8, 0, 16, 39, 26, 20, 27, 17, 68, 0, 0, 0, 0)
s = 146: (0, 47, 6, 35, 9, 0, 42, 13, 28, 95, 36, 18, 0, 0, 7, 0, 24, 136, 51, 10, 0, 18, 38, 17, 16, 30, 40, 47, 0, 0, 0, 0)
s = 147: (0, 58, 9, 68, 15, 0, 44, 7, 37, 62, 37, 22, 0, 0, 6, 0, 20, 82, 67, 17, 0, 20, 27, 15, 28, 29, 24, 57, 0, 0, 0, 0)
s = 148: (0, 71, 11, 48, 18, 0, 41, 8, 26, 32, 36, 11, 0, 0, 7, 0, 23, 80, 46, 15, 0, 15, 49, 22, 18, 20, 39, 74, 0, 0, 0, 0)
s = 149: (0, 60, 7, 40, 22, 0, 37, 11, 48, 91, 89, 15, 0, 0, 13, 0, 23, 123, 58, 7, 0, 24, 44, 15, 10, 22, 30, 59, 0, 0, 0, 0)
s = 150: (0, 116, 11, 41, 27, 0, 33, 11, 45, 47, 42, 21, 0, 0, 9, 0, 18, 153, 47, 8, 0, 17, 33, 17, 23, 26, 33, 61, 0, 0, 0, 0)
s = 151: (0, 136, 8, 76, 17, 0, 25, 7, 22, 34, 55, 14, 0, 0, 9, 0, 23, 124, 76, 14, 0, 24, 56, 29, 17, 17, 50, 39, 0, 0, 0, 0)
s = 152: (0, 87, 9, 43, 22, 0, 43, 8, 33, 53, 75, 11, 0, 0, 5, 0, 23, 86, 81, 18, 0, 15, 44, 27, 18, 22, 21, 63, 0, 0, 0, 0)
s = 153: (0, 83, 13, 52, 11, 0, 25, 12, 32, 60, 41, 18, 0, 0, 7, 0, 14, 112, 55, 9, 0, 17, 52, 17, 12, 40, 28, 63, 0, 0, 0, 0)
s = 154: (0, 75, 10, 39, 29, 0, 36, 10, 43, 60, 61, 13, 0, 0, 8, 0, 20, 156, 65, 11, 0, 23, 40, 18, 11, 24, 30, 55, 0, 0, 0, 0)
s = 155: (0, 61, 8, 37, 28, 0, 47, 12, 46, 41, 81, 11, 0, 0, 8, 0, 18, 82, 43, 10, 0, 18, 43, 21, 16, 32, 17, 54, 0, 0, 0, 0)
s = 156: (0, 56, 9, 80, 20, 0, 33, 11, 34, 32, 46, 13, 0, 0, 7, 0, 15, 89, 79, 18, 0, 33, 42, 21, 20, 20, 31, 84, 0, 0, 0, 0)
s = 157: (0, 60, 6, 77, 10, 0, 36, 11, 24, 60, 55, 18, 0, 0, 5, 0, 16, 155, 78, 11, 0, 15, 29, 17, 16, 21, 26, 63, 0, 0, 0, 0)
s = 158: (0, 59, 11, 65, 14, 0, 37, 9, 24, 57, 33, 24, 0, 0, 7, 0, 22, 75, 59, 7, 0, 32, 74, 17, 17, 27, 41, 44, 0, 0, 0, 0)
s = 159: (0, 77, 7, 43, 25, 0, 35, 10, 18, 57, 57, 19, 0, 0, 9, 0, 22, 166, 56, 10, 0, 28, 46, 13, 13, 27, 26, 47, 0, 0, 0, 0)
s = 160: (0, 92, 7, 77, 12, 0, 40, 10, 24, 41, 27, 21, 0, 0, 8, 0, 20, 152, 110, 13, 0, 21, 39, 22, 15, 25, 30, 41, 0, 0, 0, 0)
s = 161: (0, 50, 6, 62, 26, 0, 47, 10, 18, 62, 48, 18, 0, 0, 7, 0, 21, 147, 43, 11, 0, 25, 43, 16, 31, 16, 34, 47, 0, 0, 0, 0)
s = 162: (0, 88, 7, 72, 11, 0, 37, 9, 19, 81, 57, 15, 0, 0, 7, 0, 18, 104, 70, 14, 0, 21, 62, 23, 31, 32, 33, 45, 0, 0, 0, 0)
s = 163: (0, 56, 9, 64, 22, 0, 30, 17, 30, 65, 53, 19, 0, 0, 7, 0, 14, 76, 79, 13, 0, 18, 29, 12, 11, 21, 35, 36, 0, 0, 0, 0)
s = 164: (0, 91, 5, 32, 15, 0, 40, 17, 49, 59, 59, 27, 0, 0, 10, 0, 14, 100, 46, 17, 0, 28, 65, 19, 26, 23, 34, 76, 0, 0, 0, 0)
s = 165: (0, 83, 8, 66, 18, 0, 23, 10, 29, 65, 38, 20, 0, 0, 9, 0, 19, 68, 64, 9, 0, 17, 37, 15, 23, 26, 37, 59, 0, 0, 0, 0)
s = 166: (0, 91, 10, 72, 12, 0, 64, 13, 36, 64, 58, 13, 0, 0, 7, 0, 11, 75, 95, 12, 0, 18, 38, 23, 17, 26, 31, 27, 0, 0, 0, 0)
s = 167: (0, 92, 10, 67, 10, 0, 43, 8, 24, 45, 37, 17, 0, 0, 5, 0, 12, 132, 44, 19, 0, 26, 37, 22, 16, 39, 25, 65, 0, 0, 0, 0)
s = 168: (0, 71, 5, 46, 11, 0, 42, 16, 22, 53, 45, 11, 0, 0, 10, 0, 16, 142, 56, 10, 0, 27, 54, 22, 18, 22, 30, 62, 0, 0, 0, 0)
s = 169: (0, 71, 11, 45, 11, 0, 30, 8, 39, 71, 50, 11, 0, 0, 8, 0, 13, 138, 70, 8, 0, 17, 28, 23, 14, 27, 20, 34, 0, 0, 0, 0)
s = 170: (0, 55, 7, 61, 10, 0, 37, 6, 24, 72, 44, 17, 0, 0, 7, 0, 14, 108, 41, 8, 0, 19, 39, 15, 20, 28, 29, 48, 0, 0, 0, 0)
s = 171: (0, 82, 9, 51, 9, 0, 36, 8, 25, 58, 66, 14, 0, 0, 7, 0, 14, 153, 81, 16, 0, 34, 54, 20, 14, 20, 17, 56, 0, 0, 0, 0)
s = 172: (0, 66, 6, 50, 19, 0, 22, 11, 31, 46, 39, 13, 0, 0, 7, 0, 15, 90, 112, 13, 0, 22, 42, 12, 19, 35, 19, 55, 0, 0, 0, 0)
s = 173: (0, 76, 11, 44, 12, 0, 48, 7, 31, 69, 51, 15, 0, 0, 6, 0, 14, 153, 50, 10, 0, 23, 40, 18, 22, 22, 30, 41, 0, 0, 0, 0)
s = 174: (0, 129, 8, 36, 12, 0, 44, 17, 22, 57, 52, 16, 0, 0, 6, 0, 23, 107, 90, 10, 0, 33, 46, 21, 19, 37, 37, 42, 0, 0, 0, 0)
s = 175: (0, 77, 6, 44, 11, 0, 49, 9, 22, 57, 48, 17, 0, 0, 9, 0, 16, 102, 64, 12, 0, 28, 36, 17, 33, 46, 23, 47, 0, 0, 0, 0)
s = 176: (0, 78, 8, 45, 24, 0, 54, 16, 22, 32, 35, 18, 0, 0, 11, 0, 13, 62, 45, 7, 0, 31, 37, 19, 26, 28, 32, 68, 0, 0, 0, 0)
s = 177: (0, 87, 10, 47, 12, 0, 33, 9, 37, 53, 32, 16, 0, 0, 8, 0, 21, 79, 60, 12, 0, 36, 50, 18, 19, 34, 18, 42, 0, 0, 0, 0)
s = 178: (0, 56, 8, 67, 10, 0, 53, 10, 28, 89, 49, 20, 0, 0, 6, 0, 19, 93, 125, 7, 0, 21, 51, 12, 12, 30, 42, 31, 0, 0, 0, 0)
s = 179: (0, 105, 10, 94, 25, 0, 54, 9, 17, 83, 40, 13, 0, 0, 12, 0, 29, 80, 50, 11, 0, 22, 29, 28, 17, 45, 26, 43, 0, 0, 0, 0)
s = 180: (0, 79, 11, 57, 13, 0, 22, 14, 52, 72, 70, 14, 0, 0, 8, 0, 22, 190, 70, 8, 0, 31, 31, 16, 13, 20, 33, 56, 0, 0, 0, 0)
s = 181: (0, 118, 7, 71, 24, 0, 25, 10, 36, 81, 53, 11, 0, 0, 5, 0, 19, 116, 78, 16, 0, 20, 74, 28, 16, 31, 35, 33, 0, 0, 0, 0)
s = 182: (0, 93, 5, 73, 9, 0, 68, 11, 34, 41, 46, 10, 0, 0, 9, 0, 22, 88, 58, 9, 0, 32, 53, 22, 13, 28, 30, 36, 0, 0, 0, 0)
s = 183: (0, 76, 7, 34, 18, 0, 29, 10, 22, 91, 41, 10, 0, 0, 10, 0, 14, 170, 111, 15, 0, 20, 44, 18, 22, 19, 44, 42, 0, 0, 0, 0)
s = 184: (0, 134, 8, 68, 14, 0, 44, 6, 36, 94, 32, 24, 0, 0, 10, 0, 13, 90, 67, 8, 0, 32, 46, 33, 22, 34, 29, 33, 0, 0, 0, 0)
s = 185: (0, 74, 8, 39, 10, 0, 41, 8, 24, 49, 36, 14, 0, 0, 9, 0, 18, 96, 97, 8, 0, 23, 38, 17, 14, 22, 42, 41, 0, 0, 0, 0)
s = 186: (0, 46, 7, 41, 12, 0, 26, 10, 16, 53, 51, 14, 0, 0, 8, 0, 11, 97, 61, 15, 0, 18, 25, 19, 32, 19, 37, 62, 0, 0, 0, 0)
s = 187: (0, 57, 12, 42, 10, 0, 22, 9, 29, 71, 45, 16, 0, 0, 12, 0, 15, 123, 87, 8, 0, 18, 28, 21, 15, 41, 28, 51, 0, 0, 0, 0)
s = 188: (0, 94, 9, 58, 16, 0, 33, 6, 27, 45, 48, 11, 0, 0, 7, 0, 21, 116, 77, 10, 0, 20, 50, 16, 13, 26, 44, 51, 0, 0, 0, 0)
s = 189: (0, 98, 6, 41, 13, 0, 37, 12, 31, 40, 44, 15, 0, 0, 9, 0, 17, 129, 93, 10, 0, 21, 41, 15, 17, 41, 22, 33, 0, 0, 0, 0)
s = 190: (0, 123, 7, 65, 15, 0, 48, 8, 23, 71, 32, 25, 0, 0, 11, 0, 22, 69, 60, 16, 0, 18, 72, 17, 19, 21, 28, 67, 0, 0, 0, 0)
s = 191: (0, 46, 7, 43, 13, 0, 58, 11, 29, 48, 69, 15, 0, 0, 5, 0, 23, 81, 67, 13, 0, 34, 46, 12, 20, 34, 28, 48, 0, 0, 0, 0)
s = 192: (0, 112, 11, 39, 20, 0, 30, 10, 19, 38, 73, 20, 0, 0, 10, 0, 14, 118, 75, 18, 0, 31, 31, 18, 19, 25, 21, 57, 0, 0, 0, 0)
s = 193: (0, 69, 8, 83, 16, 0, 28, 11, 22, 52, 61, 16, 0, 0, 7, 0, 12, 86, 67, 11, 0, 24, 42, 15, 25, 34, 24, 80, 0, 0, 0, 0)
s = 194: (0, 55, 6, 50, 17, 0, 28, 9, 28, 61, 56, 16, 0, 0, 8, 0, 28, 100, 67, 11, 0, 28, 43, 23, 24, 23, 45, 39, 0, 0, 0, 0)
s = 195: (0, 79, 9, 50, 10, 0, 25, 17, 32, 54, 53, 15, 0, 0, 7, 0, 19, 118, 46, 14, 0, 15, 25, 13, 17, 41, 40, 41, 0, 0, 0, 0)
s = 196: (0, 47, 8, 63, 12, 0, 48, 13, 24, 73, 42, 20, 0, 0, 7, 0, 25, 129, 62, 9, 0, 26, 33, 25, 16, 21, 20, 65, 0, 0, 0, 0)
s = 197: (0, 95, 9, 64, 12, 0, 37, 11, 44, 70, 40, 11, 0, 0, 10, 0, 10, 112, 84, 17, 0, 18, 27, 23, 14, 20, 29, 58, 0, 0, 0, 0)
s = 198: (0, 107, 7, 80, 11, 0, 22, 8, 17, 37, 61, 18, 0, 0, 7, 0, 10, 159, 77, 18, 0, 22, 47, 19, 13, 28, 29, 41, 0, 0, 0, 0)
s = 199: (0, 109, 9, 72, 12, 0, 32, 11, 19, 39, 54, 21, 0, 0, 14, 0, 21, 79, 61, 20, 0, 18, 53, 25, 14, 19, 30, 49, 0, 0, 0, 0)
s = 200: (0, 76, 12, 73, 15, 0, 28, 11, 37, 35, 71, 20, 0, 0, 5, 0, 15, 84, 62, 14, 0, 33, 53, 15, 19, 29, 17, 60, 0, 0, 0, 0)
************************************************************************
ES/LS-VALUES:
jobnr.   ES(i)    LS(i)
------------------------------------------------------------------------
  0        0        0
  1        0       105
  2        0       80
  3        0       106
  4        1       98
  5        1       82
  6       10       108
  7        4       86
  8       13       95
  9       13       119
 10        1       133
 11       26       166
 12       13       120
 13       13       112
 14       23       143
 15       23       106
 16       38       122
 17       26       133
 18       54       139
 19       38       125
 20       43       151
 21       17       122
 22       43       131
 23       54       141
 24       27       133
 25       54       145
 26       70       156
 27       71       159
 28       84       173
 29       43       170
 30       81       168
 31       98       185
************************************************************************
BIG-M-VALUES:
M1 = 67, M2 = 473
************************************************************************
