************************************************************************
file with basedata            : mm6_.bas
initial value random generator: 864870188
************************************************************************
projects                      :  1
jobs (incl. supersource/sink ):  12
horizon                       :  89
RESOURCES
  - renewable                 :  2   R
  - nonrenewable              :  2   N
  - doubly constrained        :  0   D
************************************************************************
PROJECT INFORMATION:
pronr.  #jobs rel.date duedate tardcost  MPM-Time
    1     10      0       22        0       22
************************************************************************
PRECEDENCE RELATIONS:
jobnr.    #modes  #successors   successors
   0        1          3           1   2   3
   1        3          1           4
   2        3          3           5   8  10
   3        3          3           4   7   8
   4        3          1           6
   5        3          1           9
   6        3          2           9  10
   7        3          1           9
   8        3          1          11
   9        3          1          11
  10        3          1          11
  11        1          0        
************************************************************************
REQUESTS/DURATIONS:
jobnr. mode duration  R 1  R 2  R 3  R 4  E(W 1)
------------------------------------------------------------------------
  0      1     0       0    0    0    0     0
  1      1     3      10    0    7   10    81
  2      1     2       9    0    9    7    50
  3      1     8       0    2    5    7    112
  4      1     3       0    5    9    7    63
  5      1     2       7    0    8    9    48
  6      1     3       5    0    9    4    54
  7      1     9       0    4    9    8    189
  8      1     2       5    0   10    4    38
  9      1     5       8    0    7    6    105
 10      1     3       0    2    6    9    51
 11      1     0       0    0    0    0     0
************************************************************************
RESOURCEAVAILABILITIES:
  R 1
   140
************************************************************************
RESOURCE LIMITS:
jobnr.  l(R 1)  u(R 1)
------------------------------------------------------------------------
  0        0       0
  1       14      27
  2       14      25
  3        8      14
  4       12      21
  5       13      24
  6       10      18
  7       11      21
  8       10      19
  9       11      21
 10        9      17
 11        0       0
************************************************************************
SCENARIOS:
------------------------------------------------------------------------
RESOURCE k = 1
s = 1: (0, 46, 68, 90, 80, 48, 56, 265, 36, 75, 52, 0)
s = 2: (0, 113, 40, 155, 45, 30, 45, 168, 37, 65, 58, 0)
s = 3: (0, 85, 41, 150, 88, 31, 57, 141, 31, 83, 59, 0)
s = 4: (0, 72, 33, 85, 56, 59, 48, 143, 49, 96, 57, 0)
s = 5: (0, 69, 83, 105, 38, 46, 33, 218, 46, 112, 43, 0)
s = 6: (0, 49, 29, 81, 41, 38, 79, 275, 38, 112, 43, 0)
s = 7: (0, 59, 54, 75, 72, 62, 65, 193, 31, 134, 47, 0)
s = 8: (0, 65, 44, 112, 62, 30, 33, 291, 41, 133, 51, 0)
s = 9: (0, 54, 36, 86, 68, 43, 38, 162, 34, 116, 48, 0)
s = 10: (0, 78, 58, 125, 63, 49, 31, 231, 53, 140, 76, 0)
s = 11: (0, 102, 35, 186, 70, 34, 32, 125, 36, 108, 49, 0)
s = 12: (0, 72, 52, 109, 57, 31, 49, 191, 31, 148, 69, 0)
s = 13: (0, 64, 29, 102, 77, 45, 54, 129, 38, 83, 53, 0)
s = 14: (0, 76, 57, 88, 76, 44, 44, 143, 31, 114, 46, 0)
s = 15: (0, 96, 62, 79, 72, 36, 30, 125, 24, 72, 68, 0)
s = 16: (0, 90, 57, 156, 38, 38, 40, 203, 25, 95, 52, 0)
s = 17: (0, 66, 48, 102, 85, 52, 45, 162, 33, 67, 58, 0)
s = 18: (0, 79, 52, 118, 91, 48, 52, 132, 49, 129, 38, 0)
s = 19: (0, 63, 44, 95, 39, 49, 47, 162, 25, 124, 33, 0)
s = 20: (0, 52, 36, 144, 64, 53, 46, 134, 24, 123, 59, 0)
s = 21: (0, 60, 33, 92, 62, 52, 72, 256, 43, 102, 60, 0)
s = 22: (0, 81, 40, 77, 54, 43, 40, 228, 36, 78, 53, 0)
s = 23: (0, 84, 48, 75, 64, 64, 43, 192, 28, 149, 45, 0)
s = 24: (0, 67, 55, 120, 56, 39, 29, 158, 50, 67, 59, 0)
s = 25: (0, 64, 55, 99, 40, 29, 40, 289, 47, 108, 60, 0)
s = 26: (0, 56, 34, 77, 41, 40, 59, 207, 37, 73, 51, 0)
s = 27: (0, 99, 32, 127, 101, 69, 48, 169, 47, 79, 58, 0)
s = 28: (0, 96, 66, 116, 92, 60, 71, 148, 49, 114, 76, 0)
s = 29: (0, 70, 38, 122, 53, 60, 42, 180, 35, 138, 49, 0)
s = 30: (0, 141, 70, 89, 74, 66, 60, 135, 42, 124, 51, 0)
s = 31: (0, 85, 45, 191, 54, 43, 53, 249, 54, 106, 71, 0)
s = 32: (0, 78, 43, 101, 54, 44, 53, 170, 51, 104, 30, 0)
s = 33: (0, 119, 56, 146, 56, 48, 44, 157, 59, 81, 46, 0)
s = 34: (0, 56, 50, 80, 38, 44, 62, 119, 53, 100, 36, 0)
s = 35: (0, 61, 52, 137, 61, 65, 44, 179, 59, 75, 42, 0)
s = 36: (0, 85, 42, 122, 63, 51, 78, 162, 43, 76, 33, 0)
s = 37: (0, 88, 33, 160, 75, 61, 64, 168, 63, 93, 74, 0)
s = 38: (0, 91, 49, 106, 79, 51, 49, 208, 38, 100, 49, 0)
s = 39: (0, 67, 56, 145, 59, 41, 50, 114, 50, 166, 49, 0)
s = 40: (0, 74, 39, 75, 80, 43, 41, 276, 38, 120, 56, 0)
s = 41: (0, 90, 36, 125, 45, 28, 64, 217, 26, 92, 68, 0)
s = 42: (0, 67, 53, 79, 70, 59, 51, 163, 28, 97, 47, 0)
s = 43: (0, 64, 73, 165, 58, 45, 65, 231, 28, 98, 47, 0)
s = 44: (0, 79, 40, 80, 54, 49, 60, 164, 29, 125, 51, 0)
s = 45: (0, 74, 55, 177, 56, 43, 81, 159, 29, 103, 58, 0)
s = 46: (0, 112, 54, 153, 38, 54, 56, 283, 33, 126, 57, 0)
s = 47: (0, 122, 61, 76, 70, 68, 45, 178, 28, 64, 28, 0)
s = 48: (0, 66, 37, 83, 64, 56, 68, 176, 23, 74, 56, 0)
s = 49: (0, 112, 42, 146, 86, 49, 58, 308, 34, 80, 79, 0)
s = 50: (0, 79, 48, 117, 92, 30, 55, 185, 40, 85, 42, 0)
s = 51: (0, 60, 79, 71, 41, 34, 78, 204, 34, 77, 67, 0)
s = 52: (0, 91, 48, 97, 107, 43, 53, 153, 33, 126, 49, 0)
s = 53: (0, 83, 44, 121, 42, 46, 42, 131, 27, 89, 33, 0)
s = 54: (0, 57, 35, 143, 64, 26, 48, 185, 58, 98, 61, 0)
s = 55: (0, 123, 43, 126, 58, 34, 39, 271, 34, 138, 57, 0)
s = 56: (0, 73, 61, 72, 36, 41, 84, 232, 46, 61, 53, 0)
s = 57: (0, 54, 75, 224, 37, 55, 76, 210, 31, 132, 83, 0)
s = 58: (0, 87, 53, 120, 62, 53, 47, 284, 40, 111, 52, 0)
s = 59: (0, 46, 55, 144, 73, 73, 32, 219, 26, 109, 62, 0)
s = 60: (0, 94, 55, 77, 53, 61, 41, 191, 42, 109, 46, 0)
s = 61: (0, 55, 63, 82, 85, 38, 38, 173, 40, 78, 51, 0)
s = 62: (0, 125, 70, 86, 57, 54, 43, 179, 30, 83, 81, 0)
s = 63: (0, 66, 73, 140, 63, 60, 36, 181, 25, 77, 70, 0)
s = 64: (0, 102, 63, 158, 54, 45, 38, 282, 41, 69, 62, 0)
s = 65: (0, 132, 43, 153, 78, 26, 46, 160, 30, 137, 47, 0)
s = 66: (0, 46, 47, 107, 81, 43, 45, 113, 23, 80, 54, 0)
s = 67: (0, 90, 51, 144, 69, 32, 48, 233, 26, 157, 38, 0)
s = 68: (0, 78, 45, 111, 45, 47, 55, 199, 33, 142, 72, 0)
s = 69: (0, 107, 28, 105, 51, 45, 46, 216, 61, 90, 50, 0)
s = 70: (0, 91, 61, 179, 53, 41, 61, 285, 35, 67, 62, 0)
s = 71: (0, 74, 44, 113, 51, 37, 50, 115, 25, 120, 44, 0)
s = 72: (0, 97, 55, 123, 77, 59, 52, 159, 37, 135, 42, 0)
s = 73: (0, 76, 62, 114, 54, 38, 45, 254, 28, 114, 59, 0)
s = 74: (0, 74, 34, 127, 41, 59, 42, 323, 31, 156, 69, 0)
s = 75: (0, 84, 72, 144, 84, 57, 34, 148, 43, 159, 74, 0)
s = 76: (0, 45, 34, 129, 72, 68, 44, 207, 49, 104, 55, 0)
s = 77: (0, 53, 42, 94, 70, 35, 58, 327, 24, 62, 50, 0)
s = 78: (0, 60, 45, 75, 41, 33, 104, 98, 29, 70, 31, 0)
s = 79: (0, 49, 42, 81, 110, 50, 59, 156, 30, 109, 39, 0)
s = 80: (0, 104, 48, 139, 105, 76, 64, 247, 39, 134, 38, 0)
s = 81: (0, 79, 30, 100, 70, 46, 52, 164, 31, 159, 54, 0)
s = 82: (0, 87, 29, 116, 61, 42, 80, 178, 71, 112, 43, 0)
s = 83: (0, 90, 45, 132, 59, 53, 65, 228, 63, 133, 31, 0)
s = 84: (0, 61, 65, 147, 66, 69, 32, 198, 40, 134, 66, 0)
s = 85: (0, 101, 62, 112, 46, 48, 44, 119, 66, 127, 82, 0)
s = 86: (0, 94, 58, 155, 47, 53, 75, 178, 40, 149, 59, 0)
s = 87: (0, 81, 45, 92, 112, 42, 50, 191, 72, 141, 52, 0)
s = 88: (0, 88, 46, 196, 75, 36, 86, 126, 36, 116, 53, 0)
s = 89: (0, 73, 50, 101, 118, 50, 49, 138, 52, 76, 58, 0)
s = 90: (0, 101, 55, 80, 41, 73, 59, 224, 30, 101, 42, 0)
s = 91: (0, 87, 43, 120, 54, 49, 47, 273, 43, 80, 44, 0)
s = 92: (0, 60, 42, 97, 61, 54, 30, 249, 49, 97, 48, 0)
s = 93: (0, 98, 41, 119, 47, 47, 53, 311, 29, 76, 64, 0)
s = 94: (0, 111, 38, 88, 57, 59, 73, 324, 32, 105, 43, 0)
s = 95: (0, 100, 40, 92, 54, 36, 89, 247, 24, 94, 45, 0)
s = 96: (0, 72, 65, 88, 55, 61, 56, 124, 24, 103, 74, 0)
s = 97: (0, 97, 32, 113, 76, 57, 82, 101, 52, 137, 59, 0)
s = 98: (0, 52, 68, 135, 78, 48, 50, 232, 52, 140, 79, 0)
s = 99: (0, 50, 51, 109, 46, 61, 43, 114, 31, 125, 56, 0)
s = 100: (0, 50, 38, 147, 55, 44, 49, 187, 40, 129, 30, 0)
s = 101: (0, 61, 27, 81, 68, 37, 97, 193, 34, 97, 30, 0)
s = 102: (0, 50, 38, 178, 82, 28, 53, 109, 24, 166, 67, 0)
s = 103: (0, 105, 49, 87, 58, 29, 43, 279, 32, 125, 54, 0)
s = 104: (0, 57, 46, 130, 71, 54, 84, 178, 66, 81, 59, 0)
s = 105: (0, 66, 54, 117, 34, 82, 34, 129, 29, 79, 79, 0)
s = 106: (0, 50, 32, 145, 68, 65, 50, 140, 35, 114, 41, 0)
s = 107: (0, 45, 57, 94, 41, 46, 41, 265, 51, 102, 58, 0)
s = 108: (0, 42, 80, 166, 79, 42, 63, 180, 24, 115, 44, 0)
s = 109: (0, 100, 41, 78, 79, 39, 71, 216, 41, 117, 43, 0)
s = 110: (0, 60, 54, 185, 40, 65, 55, 161, 42, 83, 84, 0)
s = 111: (0, 78, 52, 119, 47, 44, 74, 203, 46, 96, 45, 0)
s = 112: (0, 106, 55, 155, 74, 48, 69, 193, 33, 141, 65, 0)
s = 113: (0, 96, 48, 62, 70, 50, 68, 163, 48, 126, 82, 0)
s = 114: (0, 129, 41, 152, 60, 47, 49, 190, 40, 62, 42, 0)
s = 115: (0, 90, 73, 114, 63, 43, 63, 144, 37, 89, 55, 0)
s = 116: (0, 44, 57, 113, 69, 33, 82, 202, 34, 62, 45, 0)
s = 117: (0, 60, 68, 107, 54, 54, 50, 181, 30, 69, 64, 0)
s = 118: (0, 83, 58, 185, 39, 81, 54, 279, 24, 78, 49, 0)
s = 119: (0, 70, 47, 94, 104, 46, 80, 206, 50, 71, 66, 0)
s = 120: (0, 93, 41, 70, 58, 29, 38, 120, 25, 145, 49, 0)
s = 121: (0, 79, 40, 101, 53, 55, 45, 297, 31, 66, 45, 0)
s = 122: (0, 64, 72, 122, 35, 43, 44, 303, 71, 107, 31, 0)
s = 123: (0, 68, 61, 122, 64, 46, 48, 233, 37, 87, 40, 0)
s = 124: (0, 73, 41, 160, 47, 55, 34, 259, 37, 115, 42, 0)
s = 125: (0, 62, 47, 76, 73, 51, 39, 235, 61, 116, 60, 0)
s = 126: (0, 71, 39, 91, 35, 43, 68, 177, 21, 97, 61, 0)
s = 127: (0, 62, 33, 150, 82, 64, 35, 127, 50, 129, 38, 0)
s = 128: (0, 47, 33, 79, 80, 61, 57, 178, 38, 63, 36, 0)
s = 129: (0, 130, 47, 101, 68, 30, 74, 153, 24, 102, 51, 0)
s = 130: (0, 65, 50, 121, 38, 63, 37, 121, 24, 66, 69, 0)
s = 131: (0, 66, 47, 79, 67, 48, 60, 191, 34, 57, 54, 0)
s = 132: (0, 69, 37, 118, 86, 45, 47, 117, 31, 65, 83, 0)
s = 133: (0, 137, 59, 163, 73, 48, 71, 119, 42, 111, 36, 0)
s = 134: (0, 58, 36, 131, 57, 56, 45, 217, 46, 111, 53, 0)
s = 135: (0, 129, 52, 114, 74, 59, 70, 219, 45, 88, 32, 0)
s = 136: (0, 77, 49, 101, 85, 48, 31, 190, 35, 97, 44, 0)
s = 137: (0, 85, 72, 81, 56, 34, 50, 304, 36, 104, 38, 0)
s = 138: (0, 116, 65, 118, 78, 50, 40, 145, 20, 123, 58, 0)
s = 139: (0, 124, 34, 101, 68, 37, 41, 348, 38, 111, 46, 0)
s = 140: (0, 136, 61, 81, 42, 30, 41, 120, 47, 74, 64, 0)
s = 141: (0, 63, 33, 98, 54, 47, 39, 145, 29, 113, 35, 0)
s = 142: (0, 103, 42, 75, 80, 36, 71, 164, 25, 112, 57, 0)
s = 143: (0, 90, 56, 133, 49, 36, 79, 222, 61, 112, 42, 0)
s = 144: (0, 92, 42, 119, 34, 52, 49, 208, 27, 80, 45, 0)
s = 145: (0, 47, 47, 93, 79, 60, 67, 95, 41, 129, 30, 0)
s = 146: (0, 81, 36, 101, 33, 35, 35, 168, 26, 120, 39, 0)
s = 147: (0, 76, 72, 72, 73, 47, 76, 111, 39, 75, 38, 0)
s = 148: (0, 72, 44, 117, 68, 35, 66, 161, 23, 113, 37, 0)
s = 149: (0, 62, 40, 141, 89, 62, 61, 157, 32, 108, 45, 0)
s = 150: (0, 64, 68, 113, 49, 81, 32, 191, 39, 147, 58, 0)
s = 151: (0, 113, 64, 75, 48, 65, 61, 131, 41, 102, 89, 0)
s = 152: (0, 143, 78, 115, 89, 41, 52, 143, 43, 132, 63, 0)
s = 153: (0, 57, 40, 101, 42, 32, 34, 275, 51, 75, 56, 0)
s = 154: (0, 83, 45, 155, 46, 48, 65, 123, 31, 95, 42, 0)
s = 155: (0, 72, 72, 92, 51, 38, 51, 137, 39, 73, 52, 0)
s = 156: (0, 48, 43, 94, 53, 39, 40, 193, 22, 95, 45, 0)
s = 157: (0, 87, 49, 80, 105, 89, 35, 278, 30, 106, 55, 0)
s = 158: (0, 116, 69, 163, 47, 36, 35, 134, 22, 87, 47, 0)
s = 159: (0, 82, 70, 185, 39, 36, 49, 236, 62, 144, 39, 0)
s = 160: (0, 92, 30, 75, 81, 37, 45, 246, 32, 92, 46, 0)
s = 161: (0, 64, 83, 108, 35, 92, 49, 201, 37, 84, 60, 0)
s = 162: (0, 79, 37, 112, 37, 42, 87, 196, 40, 173, 38, 0)
s = 163: (0, 91, 30, 92, 73, 28, 46, 165, 43, 96, 56, 0)
s = 164: (0, 46, 54, 122, 57, 45, 76, 237, 24, 71, 52, 0)
s = 165: (0, 71, 58, 135, 72, 40, 54, 242, 40, 60, 60, 0)
s = 166: (0, 114, 44, 86, 76, 66, 48, 107, 28, 92, 59, 0)
s = 167: (0, 110, 30, 91, 45, 33, 66, 190, 30, 125, 50, 0)
s = 168: (0, 60, 42, 88, 53, 49, 64, 133, 41, 92, 52, 0)
s = 169: (0, 112, 52, 128, 85, 32, 44, 110, 57, 80, 60, 0)
s = 170: (0, 78, 66, 88, 79, 61, 43, 227, 51, 100, 75, 0)
s = 171: (0, 91, 61, 79, 63, 58, 38, 157, 40, 96, 43, 0)
s = 172: (0, 75, 33, 101, 47, 69, 46, 196, 27, 112, 58, 0)
s = 173: (0, 62, 33, 165, 43, 64, 45, 191, 39, 160, 40, 0)
s = 174: (0, 103, 58, 69, 60, 34, 73, 180, 45, 126, 54, 0)
s = 175: (0, 57, 48, 87, 39, 47, 43, 225, 35, 76, 55, 0)
s = 176: (0, 97, 49, 112, 34, 45, 33, 208, 42, 136, 59, 0)
s = 177: (0, 61, 63, 106, 55, 36, 95, 205, 45, 117, 37, 0)
s = 178: (0, 68, 42, 85, 78, 62, 72, 175, 40, 88, 42, 0)
s = 179: (0, 73, 42, 159, 49, 54, 37, 187, 41, 152, 41, 0)
s = 180: (0, 90, 46, 95, 84, 44, 57, 192, 33, 96, 34, 0)
s = 181: (0, 70, 77, 117, 63, 44, 50, 215, 35, 93, 33, 0)
s = 182: (0, 91, 49, 142, 69, 35, 76, 270, 28, 174, 64, 0)
s = 183: (0, 68, 54, 131, 65, 50, 41, 163, 44, 106, 62, 0)
s = 184: (0, 92, 37, 79, 49, 43, 58, 178, 46, 71, 37, 0)
s = 185: (0, 78, 50, 129, 83, 67, 49, 120, 39, 149, 48, 0)
s = 186: (0, 66, 46, 156, 95, 54, 34, 212, 30, 83, 59, 0)
s = 187: (0, 77, 72, 121, 69, 42, 48, 186, 48, 105, 53, 0)
s = 188: (0, 56, 48, 111, 98, 57, 59, 380, 28, 113, 50, 0)
s = 189: (0, 111, 41, 118, 74, 52, 37, 128, 43, 74, 44, 0)
s = 190: (0, 83, 49, 89, 49, 47, 49, 130, 28, 112, 55, 0)
s = 191: (0, 147, 35, 138, 51, 46, 61, 179, 46, 121, 55, 0)
s = 192: (0, 88, 48, 118, 42, 53, 62, 279, 53, 127, 69, 0)
s = 193: (0, 77, 58, 120, 55, 59, 41, 291, 57, 69, 60, 0)
s = 194: (0, 141, 43, 164, 35, 41, 44, 267, 26, 115, 52, 0)
s = 195: (0, 73, 51, 88, 72, 26, 34, 232, 29, 98, 51, 0)
s = 196: (0, 107, 39, 178, 62, 56, 51, 246, 25, 114, 43, 0)
s = 197: (0, 106, 46, 99, 69, 42, 54, 118, 26, 92, 59, 0)
s = 198: (0, 62, 44, 96, 74, 58, 62, 111, 36, 121, 35, 0)
s = 199: (0, 83, 42, 94, 56, 51, 31, 177, 33, 107, 37, 0)
s = 200: (0, 113, 59, 123, 57, 52, 58, 176, 51, 151, 67, 0)
************************************************************************
ES/LS-VALUES:
jobnr.   ES(i)    LS(i)
------------------------------------------------------------------------
  0        0        0
  1        0       62
  2        0       72
  3        0       45
  4       16       68
  5        3       76
  6       21       74
  7       16       61
  8       16       85
  9       34       80
 10       26       83
 11       42       89
************************************************************************
BIG-M-VALUES:
M1 = 35, M2 = 380
************************************************************************
