************************************************************************
file with basedata            : mm37_.bas
initial value random generator: 1329454639
************************************************************************
projects                      :  1
jobs (incl. supersource/sink ):  12
horizon                       :  83
RESOURCES
  - renewable                 :  2   R
  - nonrenewable              :  2   N
  - doubly constrained        :  0   D
************************************************************************
PROJECT INFORMATION:
pronr.  #jobs rel.date duedate tardcost  MPM-Time
    1     10      0       16        8       16
************************************************************************
PRECEDENCE RELATIONS:
jobnr.    #modes  #successors   successors
   0        1          3           1   2   3
   1        3          1           9
   2        3          3           4   6   7
   3        3          2           4   7
   4        3          3           5   8  10
   5        3          1           9
   6        3          1           9
   7        3          1           8
   8        3          1          11
   9        3          1          11
  10        3          1          11
  11        1          0        
************************************************************************
REQUESTS/DURATIONS:
jobnr. mode duration  R 1  R 2  R 3  R 4  E(W 1)  E(W 2)
------------------------------------------------------------------------
  0      1     0       0    0    0    0     0       0
  1      1     1       6   10    7    6    16      13
  2      1     3       7    2    6   10    27      48
  3      1     2       6   10    8    8    32      32
  4      1     4       8    9    9    3    68      48
  5      1     3       4    8    6    8    36      42
  6      1     7       7    5    7    2    84      63
  7      1     7       9    3    9    7    84      112
  8      1     6       2    8    5    4    60      54
  9      1     1       7    6    5    6    13      11
 10      1     3       9   10    3    7    57      30
 11      1     0       0    0    0    0     0       0
************************************************************************
RESOURCEAVAILABILITIES:
  R 1  R 2
   24   88
************************************************************************
RESOURCE LIMITS:
jobnr.  l(R 1)  u(R 1)  l(R 2)  u(R 2)
------------------------------------------------------------------------
  0        0       0       0       0
  1        8      16       7      13
  2        5       9       8      16
  3        8      16       8      16
  4        9      17       7      12
  5        6      12       7      14
  6        7      12       5       9
  7        7      12       9      16
  8        5      10       5       9
  9        7      13       6      11
 10       10      19       6      10
 11        0       0       0       0
************************************************************************
SCENARIOS:
------------------------------------------------------------------------
RESOURCE k = 1
s = 1: (0, 9, 25, 31, 79, 29, 78, 68, 61, 19, 35, 0)
s = 2: (0, 12, 24, 49, 63, 23, 80, 75, 76, 8, 71, 0)
s = 3: (0, 12, 18, 32, 60, 20, 67, 97, 51, 14, 70, 0)
s = 4: (0, 12, 25, 40, 73, 31, 103, 95, 69, 17, 86, 0)
s = 5: (0, 18, 24, 34, 39, 34, 75, 97, 67, 21, 32, 0)
s = 6: (0, 20, 22, 21, 65, 39, 61, 49, 82, 16, 52, 0)
s = 7: (0, 17, 19, 42, 87, 23, 99, 81, 34, 21, 50, 0)
s = 8: (0, 13, 31, 37, 78, 47, 88, 89, 36, 13, 63, 0)
s = 9: (0, 21, 28, 24, 101, 50, 61, 52, 70, 20, 45, 0)
s = 10: (0, 15, 24, 28, 52, 23, 70, 101, 85, 7, 63, 0)
s = 11: (0, 11, 26, 32, 60, 40, 63, 73, 76, 12, 108, 0)
s = 12: (0, 20, 32, 32, 60, 31, 104, 77, 87, 13, 53, 0)
s = 13: (0, 14, 32, 25, 90, 31, 60, 57, 58, 14, 50, 0)
s = 14: (0, 21, 39, 26, 42, 22, 58, 70, 35, 17, 55, 0)
s = 15: (0, 13, 21, 35, 76, 39, 59, 82, 57, 18, 35, 0)
s = 16: (0, 12, 26, 21, 51, 31, 82, 55, 93, 8, 57, 0)
s = 17: (0, 12, 43, 23, 115, 31, 90, 94, 57, 20, 72, 0)
s = 18: (0, 15, 36, 49, 66, 34, 67, 68, 77, 18, 69, 0)
s = 19: (0, 21, 38, 32, 71, 40, 61, 81, 56, 18, 32, 0)
s = 20: (0, 23, 23, 34, 75, 26, 108, 73, 45, 17, 60, 0)
s = 21: (0, 15, 23, 25, 76, 42, 83, 116, 70, 15, 37, 0)
s = 22: (0, 19, 27, 37, 98, 34, 83, 64, 40, 14, 48, 0)
s = 23: (0, 18, 42, 34, 93, 48, 66, 91, 52, 18, 70, 0)
s = 24: (0, 24, 30, 42, 50, 44, 62, 99, 55, 14, 63, 0)
s = 25: (0, 22, 28, 26, 48, 43, 54, 67, 58, 16, 73, 0)
s = 26: (0, 15, 26, 40, 69, 32, 65, 56, 39, 14, 46, 0)
s = 27: (0, 20, 17, 18, 59, 31, 80, 105, 54, 9, 67, 0)
s = 28: (0, 21, 16, 44, 59, 19, 47, 48, 64, 15, 52, 0)
s = 29: (0, 13, 26, 46, 107, 30, 103, 137, 52, 12, 44, 0)
s = 30: (0, 9, 44, 27, 48, 40, 152, 74, 45, 11, 56, 0)
s = 31: (0, 10, 31, 31, 82, 25, 62, 103, 51, 16, 33, 0)
s = 32: (0, 11, 29, 30, 45, 34, 72, 74, 92, 20, 93, 0)
s = 33: (0, 14, 38, 28, 68, 43, 85, 96, 64, 17, 63, 0)
s = 34: (0, 15, 29, 27, 96, 40, 91, 122, 35, 10, 48, 0)
s = 35: (0, 15, 27, 29, 63, 39, 112, 88, 64, 11, 34, 0)
s = 36: (0, 19, 34, 39, 79, 48, 75, 54, 68, 20, 59, 0)
s = 37: (0, 11, 31, 23, 68, 23, 69, 107, 42, 15, 77, 0)
s = 38: (0, 11, 30, 24, 72, 29, 79, 101, 42, 11, 58, 0)
s = 39: (0, 9, 38, 39, 72, 39, 114, 105, 67, 9, 56, 0)
s = 40: (0, 14, 20, 42, 69, 38, 61, 72, 89, 13, 60, 0)
s = 41: (0, 20, 24, 37, 46, 25, 119, 97, 81, 15, 31, 0)
s = 42: (0, 9, 27, 27, 63, 34, 119, 57, 48, 11, 51, 0)
s = 43: (0, 19, 35, 43, 49, 63, 72, 121, 78, 23, 33, 0)
s = 44: (0, 11, 32, 27, 51, 46, 84, 70, 44, 13, 72, 0)
s = 45: (0, 11, 33, 41, 44, 49, 93, 58, 76, 16, 53, 0)
s = 46: (0, 9, 30, 36, 79, 46, 115, 95, 85, 16, 91, 0)
s = 47: (0, 22, 23, 45, 88, 31, 87, 100, 71, 14, 62, 0)
s = 48: (0, 14, 29, 28, 81, 34, 147, 79, 55, 19, 77, 0)
s = 49: (0, 13, 20, 35, 79, 54, 111, 68, 72, 15, 43, 0)
s = 50: (0, 28, 21, 31, 88, 27, 97, 43, 85, 23, 78, 0)
s = 51: (0, 16, 21, 42, 98, 31, 88, 87, 49, 20, 65, 0)
s = 52: (0, 14, 30, 26, 59, 28, 78, 59, 101, 9, 65, 0)
s = 53: (0, 20, 19, 58, 69, 31, 51, 98, 59, 13, 77, 0)
s = 54: (0, 18, 31, 27, 75, 39, 70, 92, 49, 24, 63, 0)
s = 55: (0, 16, 22, 22, 68, 41, 64, 74, 47, 14, 76, 0)
s = 56: (0, 12, 43, 40, 79, 24, 65, 85, 55, 11, 38, 0)
s = 57: (0, 17, 26, 26, 90, 40, 92, 76, 96, 10, 45, 0)
s = 58: (0, 24, 25, 46, 52, 40, 58, 54, 52, 14, 85, 0)
s = 59: (0, 12, 28, 20, 100, 50, 71, 51, 47, 13, 47, 0)
s = 60: (0, 19, 31, 33, 54, 53, 98, 110, 70, 19, 55, 0)
s = 61: (0, 15, 18, 21, 82, 55, 62, 84, 66, 15, 53, 0)
s = 62: (0, 17, 25, 47, 46, 37, 97, 97, 43, 10, 61, 0)
s = 63: (0, 11, 19, 22, 47, 38, 90, 86, 48, 16, 53, 0)
s = 64: (0, 13, 34, 26, 97, 41, 104, 109, 77, 10, 100, 0)
s = 65: (0, 12, 21, 35, 109, 31, 111, 72, 64, 13, 84, 0)
s = 66: (0, 11, 20, 39, 53, 33, 94, 118, 72, 8, 37, 0)
s = 67: (0, 12, 16, 42, 64, 34, 103, 76, 73, 12, 50, 0)
s = 68: (0, 23, 35, 33, 80, 36, 96, 89, 45, 17, 49, 0)
s = 69: (0, 17, 26, 39, 48, 21, 131, 101, 66, 11, 49, 0)
s = 70: (0, 33, 18, 24, 87, 43, 89, 52, 79, 14, 50, 0)
s = 71: (0, 16, 22, 26, 57, 30, 117, 110, 72, 11, 60, 0)
s = 72: (0, 10, 24, 39, 77, 51, 54, 106, 52, 16, 78, 0)
s = 73: (0, 13, 29, 29, 77, 31, 94, 129, 34, 13, 46, 0)
s = 74: (0, 10, 25, 19, 103, 44, 49, 76, 67, 13, 63, 0)
s = 75: (0, 19, 17, 19, 79, 48, 78, 65, 42, 16, 58, 0)
s = 76: (0, 13, 24, 27, 79, 31, 99, 97, 55, 10, 40, 0)
s = 77: (0, 23, 17, 38, 115, 28, 74, 81, 70, 15, 37, 0)
s = 78: (0, 14, 34, 22, 79, 38, 99, 94, 54, 12, 93, 0)
s = 79: (0, 18, 35, 21, 91, 63, 91, 73, 81, 15, 65, 0)
s = 80: (0, 10, 19, 31, 131, 44, 102, 107, 35, 17, 58, 0)
s = 81: (0, 19, 22, 46, 107, 45, 74, 81, 47, 17, 65, 0)
s = 82: (0, 20, 27, 20, 84, 43, 111, 68, 58, 13, 79, 0)
s = 83: (0, 22, 23, 22, 53, 33, 66, 61, 85, 12, 51, 0)
s = 84: (0, 21, 36, 40, 55, 21, 98, 86, 50, 11, 91, 0)
s = 85: (0, 28, 36, 26, 82, 19, 116, 116, 110, 16, 62, 0)
s = 86: (0, 15, 22, 45, 68, 50, 55, 73, 47, 14, 69, 0)
s = 87: (0, 16, 16, 30, 63, 44, 53, 68, 53, 12, 47, 0)
s = 88: (0, 25, 20, 22, 41, 43, 61, 85, 49, 18, 34, 0)
s = 89: (0, 27, 23, 34, 95, 34, 106, 66, 44, 17, 54, 0)
s = 90: (0, 23, 26, 34, 72, 52, 56, 107, 66, 25, 41, 0)
s = 91: (0, 13, 37, 33, 74, 51, 54, 87, 73, 13, 80, 0)
s = 92: (0, 11, 33, 32, 55, 35, 53, 60, 49, 12, 48, 0)
s = 93: (0, 18, 25, 21, 43, 28, 95, 118, 40, 21, 51, 0)
s = 94: (0, 18, 30, 40, 84, 26, 51, 79, 44, 11, 51, 0)
s = 95: (0, 10, 21, 28, 102, 39, 91, 56, 39, 12, 52, 0)
s = 96: (0, 20, 20, 37, 91, 54, 101, 72, 68, 16, 83, 0)
s = 97: (0, 14, 36, 21, 41, 47, 121, 75, 53, 12, 40, 0)
s = 98: (0, 20, 27, 31, 50, 20, 97, 144, 71, 12, 70, 0)
s = 99: (0, 10, 16, 49, 53, 29, 57, 80, 83, 18, 62, 0)
s = 100: (0, 15, 47, 42, 76, 37, 82, 70, 55, 16, 55, 0)
s = 101: (0, 9, 31, 25, 69, 19, 84, 81, 62, 8, 57, 0)
s = 102: (0, 17, 27, 23, 62, 21, 68, 60, 57, 12, 77, 0)
s = 103: (0, 12, 32, 31, 48, 28, 118, 102, 38, 10, 104, 0)
s = 104: (0, 20, 19, 22, 107, 42, 49, 72, 80, 12, 58, 0)
s = 105: (0, 22, 39, 31, 53, 35, 98, 76, 64, 10, 90, 0)
s = 106: (0, 15, 23, 34, 59, 42, 77, 120, 106, 16, 70, 0)
s = 107: (0, 11, 38, 28, 51, 43, 79, 62, 34, 11, 46, 0)
s = 108: (0, 15, 25, 22, 75, 32, 97, 100, 56, 13, 74, 0)
s = 109: (0, 11, 32, 32, 46, 51, 113, 73, 46, 14, 67, 0)
s = 110: (0, 18, 28, 49, 103, 45, 94, 125, 37, 10, 89, 0)
s = 111: (0, 11, 25, 23, 76, 28, 105, 57, 47, 12, 53, 0)
s = 112: (0, 9, 22, 25, 78, 58, 74, 48, 54, 16, 57, 0)
s = 113: (0, 24, 36, 33, 102, 42, 91, 59, 82, 19, 52, 0)
s = 114: (0, 15, 25, 45, 42, 25, 89, 79, 41, 17, 54, 0)
s = 115: (0, 15, 18, 31, 80, 28, 94, 75, 73, 23, 42, 0)
s = 116: (0, 11, 16, 39, 101, 30, 123, 91, 50, 16, 56, 0)
s = 117: (0, 17, 33, 21, 56, 28, 69, 94, 59, 13, 46, 0)
s = 118: (0, 20, 42, 23, 49, 26, 129, 59, 48, 16, 75, 0)
s = 119: (0, 15, 34, 26, 112, 38, 103, 91, 52, 17, 72, 0)
s = 120: (0, 19, 36, 29, 98, 43, 139, 52, 93, 15, 73, 0)
s = 121: (0, 13, 33, 24, 64, 33, 64, 74, 102, 15, 51, 0)
s = 122: (0, 17, 25, 32, 88, 36, 72, 121, 66, 17, 46, 0)
s = 123: (0, 10, 27, 39, 73, 38, 72, 110, 107, 17, 38, 0)
s = 124: (0, 28, 25, 42, 60, 46, 62, 85, 60, 11, 55, 0)
s = 125: (0, 18, 20, 42, 74, 26, 85, 96, 54, 12, 91, 0)
s = 126: (0, 21, 28, 27, 90, 26, 66, 65, 34, 18, 46, 0)
s = 127: (0, 20, 29, 38, 69, 40, 89, 95, 72, 10, 47, 0)
s = 128: (0, 20, 20, 35, 74, 38, 109, 59, 42, 18, 49, 0)
s = 129: (0, 20, 17, 21, 67, 22, 90, 126, 50, 18, 68, 0)
s = 130: (0, 18, 32, 41, 60, 48, 77, 62, 76, 19, 44, 0)
s = 131: (0, 16, 22, 63, 49, 29, 110, 65, 57, 15, 70, 0)
s = 132: (0, 15, 30, 24, 50, 52, 84, 100, 74, 20, 73, 0)
s = 133: (0, 17, 20, 40, 78, 36, 123, 50, 38, 14, 78, 0)
s = 134: (0, 10, 16, 28, 40, 26, 72, 155, 33, 19, 62, 0)
s = 135: (0, 17, 23, 25, 116, 26, 72, 63, 44, 11, 103, 0)
s = 136: (0, 21, 34, 24, 68, 25, 124, 61, 36, 13, 39, 0)
s = 137: (0, 21, 32, 29, 69, 59, 85, 71, 77, 9, 44, 0)
s = 138: (0, 12, 22, 45, 52, 25, 69, 70, 50, 19, 41, 0)
s = 139: (0, 17, 21, 31, 100, 24, 102, 82, 82, 15, 66, 0)
s = 140: (0, 21, 26, 26, 66, 31, 59, 68, 63, 10, 75, 0)
s = 141: (0, 22, 50, 45, 120, 53, 60, 76, 69, 15, 48, 0)
s = 142: (0, 15, 37, 29, 91, 39, 67, 108, 48, 17, 37, 0)
s = 143: (0, 15, 24, 34, 105, 46, 51, 83, 67, 12, 81, 0)
s = 144: (0, 11, 26, 29, 94, 52, 62, 136, 35, 12, 82, 0)
s = 145: (0, 14, 25, 35, 74, 47, 56, 58, 107, 20, 72, 0)
s = 146: (0, 20, 53, 19, 40, 27, 53, 48, 56, 8, 55, 0)
s = 147: (0, 9, 27, 27, 61, 40, 72, 158, 39, 16, 43, 0)
s = 148: (0, 19, 26, 29, 85, 33, 115, 104, 59, 16, 65, 0)
s = 149: (0, 16, 37, 28, 71, 23, 79, 126, 38, 12, 54, 0)
s = 150: (0, 28, 17, 27, 56, 45, 63, 57, 32, 14, 54, 0)
s = 151: (0, 15, 24, 20, 86, 35, 81, 78, 72, 12, 96, 0)
s = 152: (0, 20, 36, 22, 57, 23, 115, 69, 80, 12, 39, 0)
s = 153: (0, 15, 23, 31, 93, 30, 100, 55, 42, 13, 56, 0)
s = 154: (0, 15, 24, 21, 58, 45, 62, 51, 68, 13, 48, 0)
s = 155: (0, 15, 28, 26, 72, 40, 113, 91, 52, 20, 36, 0)
s = 156: (0, 22, 23, 32, 69, 38, 75, 101, 79, 11, 43, 0)
s = 157: (0, 15, 25, 31, 135, 51, 86, 125, 64, 13, 71, 0)
s = 158: (0, 14, 36, 26, 59, 30, 61, 91, 58, 11, 72, 0)
s = 159: (0, 15, 22, 23, 85, 29, 99, 46, 66, 11, 42, 0)
s = 160: (0, 12, 34, 38, 107, 33, 54, 95, 78, 8, 43, 0)
s = 161: (0, 20, 31, 24, 70, 50, 87, 76, 67, 22, 74, 0)
s = 162: (0, 19, 20, 23, 81, 23, 73, 68, 43, 14, 64, 0)
s = 163: (0, 13, 26, 20, 50, 22, 91, 54, 48, 23, 87, 0)
s = 164: (0, 23, 24, 35, 68, 35, 52, 125, 71, 13, 53, 0)
s = 165: (0, 11, 24, 20, 67, 30, 117, 60, 56, 15, 75, 0)
s = 166: (0, 17, 18, 18, 87, 31, 56, 62, 58, 12, 51, 0)
s = 167: (0, 20, 21, 23, 80, 24, 106, 81, 71, 12, 83, 0)
s = 168: (0, 11, 25, 31, 99, 49, 141, 93, 50, 16, 103, 0)
s = 169: (0, 11, 31, 42, 108, 40, 106, 65, 52, 12, 82, 0)
s = 170: (0, 10, 34, 22, 50, 49, 76, 126, 42, 15, 63, 0)
s = 171: (0, 28, 30, 42, 80, 30, 77, 61, 42, 17, 36, 0)
s = 172: (0, 16, 21, 38, 45, 31, 46, 81, 50, 12, 64, 0)
s = 173: (0, 23, 37, 38, 100, 24, 91, 109, 79, 24, 41, 0)
s = 174: (0, 9, 38, 29, 112, 70, 89, 101, 97, 20, 72, 0)
s = 175: (0, 13, 29, 33, 64, 36, 70, 70, 44, 18, 69, 0)
s = 176: (0, 22, 18, 35, 50, 19, 102, 64, 73, 10, 42, 0)
s = 177: (0, 10, 29, 55, 73, 39, 74, 61, 56, 18, 59, 0)
s = 178: (0, 11, 17, 50, 39, 36, 74, 71, 47, 14, 35, 0)
s = 179: (0, 9, 30, 29, 60, 29, 78, 85, 55, 9, 53, 0)
s = 180: (0, 12, 27, 37, 93, 35, 105, 74, 54, 14, 38, 0)
s = 181: (0, 20, 33, 36, 60, 21, 72, 80, 42, 9, 42, 0)
s = 182: (0, 11, 44, 19, 80, 39, 126, 56, 68, 9, 56, 0)
s = 183: (0, 16, 30, 21, 100, 38, 74, 57, 60, 18, 58, 0)
s = 184: (0, 11, 24, 30, 43, 31, 56, 50, 56, 15, 62, 0)
s = 185: (0, 11, 36, 29, 109, 45, 73, 51, 61, 12, 72, 0)
s = 186: (0, 12, 23, 49, 48, 42, 75, 59, 62, 12, 38, 0)
s = 187: (0, 23, 18, 31, 45, 19, 85, 72, 42, 11, 73, 0)
s = 188: (0, 13, 29, 30, 75, 27, 83, 85, 62, 24, 55, 0)
s = 189: (0, 17, 30, 45, 49, 30, 118, 48, 68, 17, 36, 0)
s = 190: (0, 19, 17, 40, 94, 36, 87, 65, 44, 20, 51, 0)
s = 191: (0, 14, 28, 34, 45, 47, 59, 73, 80, 9, 59, 0)
s = 192: (0, 22, 28, 22, 57, 49, 97, 77, 58, 12, 91, 0)
s = 193: (0, 14, 18, 36, 119, 45, 100, 95, 52, 16, 56, 0)
s = 194: (0, 11, 34, 23, 61, 47, 74, 57, 43, 11, 47, 0)
s = 195: (0, 21, 17, 39, 65, 21, 83, 118, 51, 14, 36, 0)
s = 196: (0, 18, 24, 33, 50, 43, 63, 116, 67, 17, 65, 0)
s = 197: (0, 20, 34, 40, 78, 44, 53, 112, 117, 13, 38, 0)
s = 198: (0, 15, 28, 37, 63, 35, 95, 75, 52, 10, 53, 0)
s = 199: (0, 13, 24, 31, 58, 37, 58, 85, 56, 13, 47, 0)
s = 200: (0, 14, 26, 32, 93, 51, 115, 70, 75, 21, 63, 0)
------------------------------------------------------------------------
RESOURCE k = 2
s = 1: (0, 7, 45, 31, 56, 34, 59, 91, 55, 16, 19, 0)
s = 2: (0, 10, 42, 49, 45, 27, 60, 100, 69, 7, 38, 0)
s = 3: (0, 10, 31, 32, 43, 23, 50, 129, 46, 12, 37, 0)
s = 4: (0, 10, 44, 40, 51, 36, 77, 126, 62, 14, 46, 0)
s = 5: (0, 15, 42, 34, 28, 40, 56, 129, 60, 18, 17, 0)
s = 6: (0, 16, 39, 21, 46, 46, 46, 65, 74, 13, 27, 0)
s = 7: (0, 14, 33, 42, 62, 27, 75, 107, 31, 18, 27, 0)
s = 8: (0, 11, 54, 37, 55, 55, 66, 118, 32, 11, 33, 0)
s = 9: (0, 17, 49, 24, 71, 58, 46, 69, 63, 17, 24, 0)
s = 10: (0, 12, 42, 28, 37, 27, 52, 135, 77, 6, 33, 0)
s = 11: (0, 9, 46, 32, 42, 46, 47, 97, 68, 11, 57, 0)
s = 12: (0, 16, 56, 32, 43, 36, 78, 103, 79, 11, 28, 0)
s = 13: (0, 12, 57, 25, 64, 37, 45, 76, 52, 12, 27, 0)
s = 14: (0, 17, 70, 26, 30, 26, 44, 93, 32, 14, 29, 0)
s = 15: (0, 11, 36, 35, 54, 46, 44, 109, 52, 15, 19, 0)
s = 16: (0, 10, 46, 21, 36, 36, 62, 73, 84, 7, 30, 0)
s = 17: (0, 10, 75, 23, 81, 36, 68, 125, 51, 17, 38, 0)
s = 18: (0, 12, 64, 49, 47, 40, 51, 91, 69, 15, 36, 0)
s = 19: (0, 17, 68, 32, 50, 47, 46, 107, 51, 15, 17, 0)
s = 20: (0, 18, 40, 34, 53, 31, 81, 98, 41, 15, 32, 0)
s = 21: (0, 12, 40, 25, 54, 49, 63, 155, 63, 13, 19, 0)
s = 22: (0, 15, 47, 37, 69, 40, 62, 86, 36, 12, 26, 0)
s = 23: (0, 14, 74, 34, 66, 56, 50, 121, 47, 16, 37, 0)
s = 24: (0, 19, 53, 42, 35, 51, 47, 131, 49, 12, 33, 0)
s = 25: (0, 18, 50, 26, 34, 50, 41, 89, 53, 14, 39, 0)
s = 26: (0, 13, 46, 40, 49, 37, 49, 75, 35, 12, 24, 0)
s = 27: (0, 17, 30, 18, 42, 36, 60, 139, 49, 8, 36, 0)
s = 28: (0, 17, 28, 44, 42, 22, 35, 64, 58, 13, 27, 0)
s = 29: (0, 11, 46, 46, 75, 35, 78, 182, 47, 10, 23, 0)
s = 30: (0, 7, 78, 27, 34, 46, 114, 98, 41, 9, 30, 0)
s = 31: (0, 8, 55, 31, 58, 29, 47, 137, 46, 14, 17, 0)
s = 32: (0, 9, 51, 30, 32, 40, 54, 99, 83, 17, 49, 0)
s = 33: (0, 12, 68, 28, 48, 50, 64, 128, 58, 14, 34, 0)
s = 34: (0, 13, 50, 27, 68, 46, 68, 163, 31, 8, 25, 0)
s = 35: (0, 13, 47, 29, 45, 45, 84, 117, 57, 10, 18, 0)
s = 36: (0, 16, 61, 39, 56, 55, 56, 71, 61, 17, 31, 0)
s = 37: (0, 9, 55, 23, 48, 27, 52, 143, 38, 12, 41, 0)
s = 38: (0, 9, 52, 24, 51, 34, 59, 135, 37, 9, 31, 0)
s = 39: (0, 7, 68, 39, 51, 46, 86, 140, 60, 8, 30, 0)
s = 40: (0, 11, 35, 42, 49, 45, 46, 96, 80, 11, 32, 0)
s = 41: (0, 16, 43, 37, 33, 30, 89, 129, 73, 13, 16, 0)
s = 42: (0, 8, 48, 27, 45, 39, 89, 76, 43, 10, 27, 0)
s = 43: (0, 16, 62, 43, 35, 73, 54, 162, 70, 20, 18, 0)
s = 44: (0, 9, 57, 27, 36, 53, 63, 94, 40, 11, 38, 0)
s = 45: (0, 9, 58, 41, 31, 57, 70, 77, 68, 14, 28, 0)
s = 46: (0, 8, 53, 36, 56, 53, 86, 127, 77, 13, 48, 0)
s = 47: (0, 18, 40, 45, 62, 36, 66, 133, 64, 12, 33, 0)
s = 48: (0, 12, 51, 28, 58, 40, 111, 106, 50, 16, 41, 0)
s = 49: (0, 11, 36, 35, 56, 63, 84, 90, 65, 13, 23, 0)
s = 50: (0, 23, 37, 31, 63, 31, 73, 57, 77, 20, 41, 0)
s = 51: (0, 13, 36, 42, 70, 36, 66, 116, 44, 17, 35, 0)
s = 52: (0, 12, 52, 26, 42, 33, 59, 78, 91, 8, 34, 0)
s = 53: (0, 17, 33, 58, 49, 36, 38, 130, 53, 11, 41, 0)
s = 54: (0, 15, 54, 27, 53, 45, 53, 122, 44, 21, 33, 0)
s = 55: (0, 13, 38, 22, 48, 48, 48, 99, 43, 12, 40, 0)
s = 56: (0, 10, 76, 40, 56, 28, 49, 113, 49, 10, 20, 0)
s = 57: (0, 14, 45, 26, 64, 47, 69, 101, 87, 9, 24, 0)
s = 58: (0, 20, 43, 46, 37, 46, 43, 72, 47, 12, 45, 0)
s = 59: (0, 9, 49, 20, 71, 59, 54, 68, 42, 11, 25, 0)
s = 60: (0, 15, 54, 33, 39, 61, 74, 147, 63, 16, 29, 0)
s = 61: (0, 12, 32, 21, 58, 64, 47, 112, 59, 13, 28, 0)
s = 62: (0, 14, 44, 47, 33, 43, 73, 129, 39, 9, 33, 0)
s = 63: (0, 9, 33, 22, 34, 44, 68, 114, 43, 14, 28, 0)
s = 64: (0, 10, 60, 26, 69, 48, 78, 145, 69, 9, 53, 0)
s = 65: (0, 10, 37, 35, 77, 36, 83, 96, 57, 11, 45, 0)
s = 66: (0, 9, 35, 39, 38, 38, 71, 157, 64, 7, 20, 0)
s = 67: (0, 9, 28, 42, 46, 39, 77, 102, 66, 11, 26, 0)
s = 68: (0, 19, 61, 33, 56, 42, 72, 118, 40, 15, 26, 0)
s = 69: (0, 14, 45, 39, 34, 24, 98, 135, 59, 10, 26, 0)
s = 70: (0, 27, 32, 24, 62, 50, 67, 70, 71, 12, 26, 0)
s = 71: (0, 13, 38, 26, 40, 35, 88, 147, 65, 10, 32, 0)
s = 72: (0, 8, 43, 39, 54, 59, 41, 141, 47, 14, 41, 0)
s = 73: (0, 11, 50, 29, 55, 37, 71, 172, 31, 11, 24, 0)
s = 74: (0, 8, 43, 19, 73, 51, 37, 102, 60, 11, 33, 0)
s = 75: (0, 16, 30, 19, 56, 56, 59, 87, 38, 14, 31, 0)
s = 76: (0, 11, 43, 27, 56, 36, 75, 130, 50, 9, 21, 0)
s = 77: (0, 18, 31, 38, 81, 32, 55, 108, 63, 13, 20, 0)
s = 78: (0, 11, 60, 22, 56, 44, 75, 125, 49, 11, 49, 0)
s = 79: (0, 15, 62, 21, 64, 73, 68, 97, 73, 13, 34, 0)
s = 80: (0, 8, 34, 31, 92, 52, 76, 142, 32, 14, 31, 0)
s = 81: (0, 15, 39, 46, 76, 52, 56, 108, 42, 15, 34, 0)
s = 82: (0, 16, 47, 20, 60, 50, 84, 91, 52, 11, 42, 0)
s = 83: (0, 18, 40, 22, 38, 38, 50, 81, 77, 10, 27, 0)
s = 84: (0, 17, 63, 40, 39, 25, 74, 114, 45, 9, 48, 0)
s = 85: (0, 23, 64, 26, 58, 22, 87, 155, 99, 14, 33, 0)
s = 86: (0, 12, 38, 45, 48, 58, 41, 97, 42, 12, 37, 0)
s = 87: (0, 13, 29, 30, 45, 51, 40, 90, 48, 10, 25, 0)
s = 88: (0, 20, 34, 22, 29, 51, 46, 113, 44, 15, 18, 0)
s = 89: (0, 22, 41, 34, 67, 40, 79, 88, 40, 14, 29, 0)
s = 90: (0, 19, 46, 34, 51, 60, 42, 142, 59, 22, 22, 0)
s = 91: (0, 11, 65, 33, 52, 59, 41, 115, 66, 11, 42, 0)
s = 92: (0, 9, 58, 32, 39, 41, 40, 80, 44, 10, 26, 0)
s = 93: (0, 15, 44, 21, 31, 33, 72, 157, 36, 18, 27, 0)
s = 94: (0, 14, 54, 40, 59, 30, 38, 106, 40, 9, 27, 0)
s = 95: (0, 8, 38, 28, 72, 46, 68, 75, 35, 11, 28, 0)
s = 96: (0, 16, 35, 37, 65, 63, 76, 96, 61, 14, 44, 0)
s = 97: (0, 12, 64, 21, 29, 54, 91, 100, 47, 11, 21, 0)
s = 98: (0, 16, 48, 31, 36, 23, 73, 192, 64, 11, 37, 0)
s = 99: (0, 9, 28, 49, 38, 34, 43, 106, 75, 15, 33, 0)
s = 100: (0, 12, 83, 42, 54, 43, 62, 93, 49, 14, 29, 0)
s = 101: (0, 8, 55, 25, 49, 22, 63, 108, 56, 7, 30, 0)
s = 102: (0, 14, 48, 23, 44, 24, 51, 80, 52, 10, 41, 0)
s = 103: (0, 10, 57, 31, 34, 32, 89, 136, 34, 9, 55, 0)
s = 104: (0, 16, 33, 22, 76, 49, 37, 96, 72, 10, 31, 0)
s = 105: (0, 18, 69, 31, 38, 40, 74, 101, 58, 8, 47, 0)
s = 106: (0, 13, 40, 34, 42, 49, 58, 159, 96, 14, 37, 0)
s = 107: (0, 9, 67, 28, 36, 50, 59, 82, 31, 9, 24, 0)
s = 108: (0, 12, 44, 22, 53, 37, 73, 133, 51, 11, 39, 0)
s = 109: (0, 9, 57, 32, 33, 60, 85, 97, 42, 12, 35, 0)
s = 110: (0, 15, 49, 49, 73, 52, 70, 167, 33, 9, 47, 0)
s = 111: (0, 9, 43, 23, 54, 33, 79, 76, 43, 10, 28, 0)
s = 112: (0, 8, 38, 25, 55, 67, 56, 63, 49, 13, 30, 0)
s = 113: (0, 20, 63, 33, 72, 48, 68, 79, 74, 16, 28, 0)
s = 114: (0, 12, 44, 45, 30, 29, 67, 105, 37, 14, 29, 0)
s = 115: (0, 12, 31, 31, 57, 32, 70, 100, 66, 20, 22, 0)
s = 116: (0, 9, 27, 39, 71, 35, 93, 122, 45, 14, 30, 0)
s = 117: (0, 14, 58, 21, 40, 33, 52, 125, 53, 11, 24, 0)
s = 118: (0, 16, 73, 23, 35, 30, 97, 78, 43, 13, 40, 0)
s = 119: (0, 13, 60, 26, 80, 44, 77, 121, 47, 14, 38, 0)
s = 120: (0, 16, 64, 29, 70, 50, 105, 69, 84, 13, 39, 0)
s = 121: (0, 11, 58, 24, 45, 39, 48, 98, 92, 13, 27, 0)
s = 122: (0, 14, 45, 32, 62, 42, 54, 161, 60, 14, 24, 0)
s = 123: (0, 8, 47, 39, 52, 44, 54, 146, 96, 15, 20, 0)
s = 124: (0, 22, 45, 42, 43, 53, 47, 113, 54, 9, 29, 0)
s = 125: (0, 15, 36, 42, 52, 30, 64, 128, 49, 10, 48, 0)
s = 126: (0, 17, 49, 27, 64, 31, 50, 86, 30, 15, 25, 0)
s = 127: (0, 16, 50, 38, 49, 47, 67, 127, 65, 8, 25, 0)
s = 128: (0, 16, 36, 35, 53, 45, 82, 78, 38, 15, 26, 0)
s = 129: (0, 16, 30, 21, 48, 26, 68, 168, 45, 15, 36, 0)
s = 130: (0, 15, 57, 41, 43, 56, 58, 82, 69, 16, 23, 0)
s = 131: (0, 13, 38, 63, 35, 34, 82, 86, 51, 12, 37, 0)
s = 132: (0, 12, 53, 24, 35, 61, 63, 133, 67, 17, 39, 0)
s = 133: (0, 14, 35, 40, 55, 42, 93, 67, 34, 12, 41, 0)
s = 134: (0, 8, 29, 28, 28, 30, 54, 207, 30, 16, 33, 0)
s = 135: (0, 14, 40, 25, 82, 30, 54, 84, 39, 10, 55, 0)
s = 136: (0, 17, 61, 24, 48, 30, 93, 81, 32, 11, 21, 0)
s = 137: (0, 17, 56, 29, 49, 69, 64, 95, 69, 8, 24, 0)
s = 138: (0, 10, 39, 45, 37, 29, 52, 94, 45, 16, 22, 0)
s = 139: (0, 14, 37, 31, 71, 28, 77, 109, 74, 13, 35, 0)
s = 140: (0, 17, 46, 26, 46, 36, 45, 90, 57, 8, 40, 0)
s = 141: (0, 18, 88, 45, 85, 61, 45, 101, 62, 13, 26, 0)
s = 142: (0, 12, 66, 29, 65, 46, 50, 144, 43, 14, 19, 0)
s = 143: (0, 12, 43, 34, 74, 54, 38, 110, 60, 10, 43, 0)
s = 144: (0, 9, 47, 29, 66, 60, 47, 181, 32, 10, 43, 0)
s = 145: (0, 12, 43, 35, 53, 55, 42, 78, 96, 17, 38, 0)
s = 146: (0, 16, 93, 19, 29, 32, 40, 63, 50, 7, 29, 0)
s = 147: (0, 7, 48, 27, 43, 46, 54, 211, 35, 14, 23, 0)
s = 148: (0, 16, 46, 29, 60, 38, 86, 139, 53, 14, 34, 0)
s = 149: (0, 13, 65, 28, 50, 27, 59, 168, 34, 10, 29, 0)
s = 150: (0, 23, 29, 27, 40, 52, 47, 76, 29, 12, 29, 0)
s = 151: (0, 13, 42, 20, 61, 41, 61, 103, 65, 10, 51, 0)
s = 152: (0, 17, 64, 22, 40, 27, 86, 92, 72, 10, 21, 0)
s = 153: (0, 12, 41, 31, 66, 35, 75, 73, 38, 11, 30, 0)
s = 154: (0, 12, 42, 21, 41, 53, 47, 68, 61, 11, 26, 0)
s = 155: (0, 12, 50, 26, 51, 47, 85, 121, 47, 17, 19, 0)
s = 156: (0, 18, 40, 32, 49, 45, 56, 134, 71, 9, 23, 0)
s = 157: (0, 12, 44, 31, 95, 59, 65, 167, 58, 11, 38, 0)
s = 158: (0, 11, 64, 26, 42, 35, 46, 121, 52, 9, 38, 0)
s = 159: (0, 12, 39, 23, 60, 34, 74, 61, 59, 9, 22, 0)
s = 160: (0, 10, 60, 38, 75, 38, 41, 127, 70, 7, 23, 0)
s = 161: (0, 16, 56, 24, 50, 58, 65, 101, 60, 18, 39, 0)
s = 162: (0, 15, 35, 23, 57, 26, 55, 91, 38, 12, 34, 0)
s = 163: (0, 11, 46, 20, 36, 26, 68, 72, 43, 19, 46, 0)
s = 164: (0, 19, 42, 35, 48, 41, 39, 167, 64, 11, 28, 0)
s = 165: (0, 9, 42, 20, 47, 35, 88, 79, 50, 13, 40, 0)
s = 166: (0, 14, 32, 18, 62, 36, 42, 83, 53, 11, 27, 0)
s = 167: (0, 16, 37, 23, 56, 27, 80, 108, 64, 10, 44, 0)
s = 168: (0, 9, 45, 31, 70, 57, 106, 124, 45, 14, 55, 0)
s = 169: (0, 9, 54, 42, 76, 47, 79, 86, 47, 10, 43, 0)
s = 170: (0, 9, 60, 22, 35, 57, 57, 168, 38, 13, 34, 0)
s = 171: (0, 23, 53, 42, 57, 35, 58, 81, 38, 15, 19, 0)
s = 172: (0, 13, 38, 38, 32, 36, 35, 108, 45, 11, 34, 0)
s = 173: (0, 19, 65, 38, 70, 28, 69, 145, 71, 20, 22, 0)
s = 174: (0, 8, 68, 29, 79, 81, 67, 134, 88, 17, 38, 0)
s = 175: (0, 11, 51, 33, 45, 41, 53, 93, 40, 15, 37, 0)
s = 176: (0, 18, 32, 35, 36, 23, 77, 85, 66, 8, 23, 0)
s = 177: (0, 8, 51, 55, 51, 45, 55, 81, 51, 15, 31, 0)
s = 178: (0, 9, 30, 50, 28, 42, 55, 95, 42, 12, 19, 0)
s = 179: (0, 8, 52, 29, 43, 34, 59, 113, 50, 8, 28, 0)
s = 180: (0, 10, 48, 37, 66, 41, 79, 98, 49, 12, 20, 0)
s = 181: (0, 16, 57, 36, 42, 24, 54, 106, 38, 7, 22, 0)
s = 182: (0, 9, 78, 19, 57, 45, 95, 74, 61, 7, 29, 0)
s = 183: (0, 13, 53, 21, 71, 44, 56, 76, 54, 15, 31, 0)
s = 184: (0, 9, 42, 30, 30, 36, 42, 67, 50, 13, 33, 0)
s = 185: (0, 9, 64, 29, 77, 52, 55, 68, 55, 10, 38, 0)
s = 186: (0, 9, 41, 49, 34, 48, 57, 79, 56, 10, 20, 0)
s = 187: (0, 19, 31, 31, 32, 22, 64, 95, 38, 9, 38, 0)
s = 188: (0, 10, 51, 30, 53, 31, 62, 113, 55, 20, 29, 0)
s = 189: (0, 14, 53, 45, 35, 35, 88, 63, 61, 15, 19, 0)
s = 190: (0, 16, 30, 40, 67, 41, 65, 86, 40, 17, 27, 0)
s = 191: (0, 11, 49, 34, 32, 55, 44, 97, 72, 8, 31, 0)
s = 192: (0, 18, 50, 22, 41, 57, 73, 103, 52, 10, 48, 0)
s = 193: (0, 12, 32, 36, 84, 52, 75, 127, 46, 14, 30, 0)
s = 194: (0, 9, 61, 23, 43, 54, 55, 76, 39, 9, 25, 0)
s = 195: (0, 17, 29, 39, 46, 24, 62, 157, 46, 12, 19, 0)
s = 196: (0, 15, 42, 33, 36, 50, 48, 155, 60, 15, 34, 0)
s = 197: (0, 16, 60, 40, 55, 51, 40, 150, 105, 11, 20, 0)
s = 198: (0, 12, 49, 37, 44, 41, 72, 100, 47, 9, 28, 0)
s = 199: (0, 10, 42, 31, 41, 43, 44, 113, 51, 11, 25, 0)
s = 200: (0, 11, 45, 32, 66, 60, 87, 94, 67, 18, 33, 0)
************************************************************************
ES/LS-VALUES:
jobnr.   ES(i)    LS(i)
------------------------------------------------------------------------
  0        0        0
  1        0       78
  2        0       51
  3        0       53
  4        5       63
  5       12       75
  6        5       68
  7        5       57
  8       18       71
  9       17       81
 10       12       77
 11       29       83
************************************************************************
BIG-M-VALUES:
M1 = 47, M2 = 369
************************************************************************
