************************************************************************
file with basedata            : mm63_.bas
initial value random generator: 1011659078
************************************************************************
projects                      :  1
jobs (incl. supersource/sink ):  12
horizon                       :  79
RESOURCES
  - renewable                 :  2   R
  - nonrenewable              :  2   N
  - doubly constrained        :  0   D
************************************************************************
PROJECT INFORMATION:
pronr.  #jobs rel.date duedate tardcost  MPM-Time
    1     10      0        8        5        8
************************************************************************
PRECEDENCE RELATIONS:
jobnr.    #modes  #successors   successors
   0        1          3           1   2   3
   1        3          1           9
   2        3          3           4   5   6
   3        3          2           4   7
   4        3          1           8
   5        3          1           9
   6        3          3           7   9  10
   7        3          1           8
   8        3          1          11
   9        3          1          11
  10        3          1          11
  11        1          0        
************************************************************************
REQUESTS/DURATIONS:
jobnr. mode duration  R 1  R 2  R 3  R 4  E(W 1)  E(W 2)  E(W 3)
------------------------------------------------------------------------
  0      1     0       0    0    0    0     0       0       0
  1      1     4       8    7    7    7    60      28      28
  2      1     1       4    3    6    8     7       6       8
  3      1     1       8    8    5    4    16       5       4
  4      1     4       5   10    6    2    60      24       8
  5      1     3       9    7    7    8    48      21      24
  6      1     3       6    8    7    5    42      21      15
  7      1     1       9    9    4    5    18       4       5
  8      1     3       9    4    6    7    39      18      21
  9      1     3       9    5    5   10    42      15      30
 10      1     4       6    6    8    8    48      32      32
 11      1     0       0    0    0    0     0       0       0
************************************************************************
RESOURCEAVAILABILITIES:
  R 1  R 2  R 3
   61   54   55
************************************************************************
RESOURCE LIMITS:
jobnr.  l(R 1)  u(R 1)  l(R 2)  u(R 2)  l(R 3)  u(R 3)
------------------------------------------------------------------------
  0        0       0       0       0       0       0
  1        8      15       4       7       4       7
  2        4       7       3       6       4       8
  3        8      16       3       5       2       4
  4        8      15       3       6       1       2
  5        9      16       4       7       4       8
  6        7      14       4       7       3       5
  7       10      18       2       4       3       5
  8        7      13       3       6       4       7
  9        8      14       3       5       5      10
 10        6      12       4       8       4       8
 11        0       0       0       0       0       0
************************************************************************
SCENARIOS:
------------------------------------------------------------------------
RESOURCE k = 1
s = 1: (0, 74, 7, 14, 47, 60, 49, 17, 58, 28, 55, 0)
s = 2: (0, 57, 6, 12, 64, 40, 27, 15, 54, 33, 32, 0)
s = 3: (0, 42, 9, 12, 79, 49, 38, 14, 23, 63, 39, 0)
s = 4: (0, 74, 11, 12, 35, 32, 58, 21, 46, 42, 37, 0)
s = 5: (0, 67, 7, 11, 67, 42, 31, 14, 27, 46, 50, 0)
s = 6: (0, 38, 10, 15, 74, 39, 59, 12, 33, 35, 64, 0)
s = 7: (0, 48, 12, 22, 55, 49, 53, 20, 42, 37, 39, 0)
s = 8: (0, 58, 13, 22, 87, 40, 38, 13, 34, 63, 42, 0)
s = 9: (0, 90, 7, 15, 51, 67, 29, 18, 45, 28, 32, 0)
s = 10: (0, 86, 10, 19, 50, 63, 66, 13, 33, 27, 56, 0)
s = 11: (0, 63, 6, 13, 81, 57, 34, 14, 25, 33, 73, 0)
s = 12: (0, 49, 5, 10, 61, 48, 49, 24, 36, 57, 34, 0)
s = 13: (0, 92, 7, 23, 55, 42, 35, 27, 38, 27, 43, 0)
s = 14: (0, 45, 5, 10, 50, 49, 42, 13, 64, 40, 29, 0)
s = 15: (0, 61, 5, 10, 50, 35, 23, 24, 56, 41, 47, 0)
s = 16: (0, 71, 8, 15, 53, 44, 31, 16, 37, 39, 62, 0)
s = 17: (0, 54, 9, 16, 69, 65, 54, 15, 31, 31, 64, 0)
s = 18: (0, 44, 9, 15, 56, 58, 56, 18, 42, 52, 70, 0)
s = 19: (0, 72, 8, 18, 44, 33, 61, 15, 36, 49, 41, 0)
s = 20: (0, 102, 7, 18, 66, 56, 52, 25, 47, 39, 39, 0)
s = 21: (0, 65, 6, 12, 41, 50, 32, 13, 55, 63, 78, 0)
s = 22: (0, 39, 9, 22, 62, 51, 66, 14, 28, 30, 50, 0)
s = 23: (0, 47, 9, 13, 37, 68, 48, 17, 33, 44, 62, 0)
s = 24: (0, 41, 6, 24, 73, 43, 63, 20, 45, 55, 51, 0)
s = 25: (0, 60, 6, 14, 52, 79, 43, 25, 39, 37, 45, 0)
s = 26: (0, 82, 4, 10, 39, 42, 31, 15, 34, 55, 37, 0)
s = 27: (0, 43, 10, 19, 42, 70, 56, 13, 41, 79, 30, 0)
s = 28: (0, 43, 7, 17, 76, 31, 43, 20, 54, 60, 45, 0)
s = 29: (0, 67, 8, 21, 63, 47, 58, 22, 47, 45, 58, 0)
s = 30: (0, 55, 7, 18, 36, 31, 34, 30, 58, 39, 37, 0)
s = 31: (0, 47, 8, 13, 36, 55, 35, 13, 32, 41, 51, 0)
s = 32: (0, 44, 8, 12, 39, 41, 25, 13, 33, 45, 70, 0)
s = 33: (0, 59, 6, 12, 96, 67, 57, 19, 37, 36, 73, 0)
s = 34: (0, 83, 9, 12, 74, 37, 54, 10, 34, 68, 46, 0)
s = 35: (0, 47, 6, 19, 70, 45, 33, 21, 42, 37, 70, 0)
s = 36: (0, 50, 7, 17, 57, 46, 42, 12, 45, 41, 38, 0)
s = 37: (0, 43, 6, 13, 54, 29, 48, 22, 35, 33, 63, 0)
s = 38: (0, 38, 6, 12, 62, 33, 24, 11, 37, 64, 30, 0)
s = 39: (0, 61, 5, 13, 55, 33, 60, 23, 31, 34, 51, 0)
s = 40: (0, 65, 6, 14, 41, 65, 51, 28, 40, 51, 36, 0)
s = 41: (0, 57, 10, 16, 79, 49, 31, 18, 39, 29, 47, 0)
s = 42: (0, 47, 10, 11, 82, 30, 55, 16, 33, 42, 52, 0)
s = 43: (0, 54, 7, 11, 52, 64, 45, 20, 32, 57, 35, 0)
s = 44: (0, 54, 7, 12, 95, 71, 43, 16, 44, 37, 46, 0)
s = 45: (0, 61, 11, 16, 105, 43, 41, 15, 40, 41, 44, 0)
s = 46: (0, 48, 7, 11, 61, 57, 26, 26, 31, 61, 60, 0)
s = 47: (0, 37, 9, 16, 62, 55, 50, 16, 53, 39, 57, 0)
s = 48: (0, 75, 7, 19, 36, 33, 51, 22, 40, 54, 40, 0)
s = 49: (0, 40, 6, 19, 48, 31, 64, 18, 37, 31, 55, 0)
s = 50: (0, 67, 6, 12, 47, 45, 43, 35, 36, 40, 64, 0)
s = 51: (0, 88, 13, 10, 42, 72, 54, 19, 33, 51, 32, 0)
s = 52: (0, 53, 6, 13, 65, 49, 41, 29, 20, 29, 38, 0)
s = 53: (0, 46, 6, 24, 81, 41, 63, 20, 31, 40, 56, 0)
s = 54: (0, 84, 6, 19, 62, 46, 51, 16, 46, 42, 47, 0)
s = 55: (0, 70, 5, 15, 39, 31, 39, 16, 35, 53, 32, 0)
s = 56: (0, 54, 9, 25, 77, 72, 35, 20, 31, 49, 57, 0)
s = 57: (0, 45, 6, 12, 86, 42, 34, 19, 46, 36, 66, 0)
s = 58: (0, 53, 7, 17, 63, 43, 40, 18, 26, 44, 48, 0)
s = 59: (0, 49, 6, 15, 55, 53, 42, 14, 28, 33, 66, 0)
s = 60: (0, 53, 12, 18, 58, 74, 34, 20, 38, 28, 38, 0)
s = 61: (0, 74, 8, 12, 49, 38, 31, 19, 39, 31, 64, 0)
s = 62: (0, 40, 4, 20, 39, 53, 46, 13, 33, 43, 43, 0)
s = 63: (0, 39, 7, 12, 40, 55, 27, 16, 24, 58, 36, 0)
s = 64: (0, 114, 8, 10, 41, 42, 43, 19, 23, 34, 45, 0)
s = 65: (0, 67, 7, 12, 45, 27, 35, 23, 43, 44, 33, 0)
s = 66: (0, 71, 13, 14, 43, 44, 26, 18, 36, 42, 46, 0)
s = 67: (0, 66, 11, 11, 57, 53, 31, 14, 43, 29, 50, 0)
s = 68: (0, 63, 6, 12, 60, 73, 33, 15, 26, 40, 39, 0)
s = 69: (0, 54, 7, 29, 51, 44, 47, 12, 40, 37, 80, 0)
s = 70: (0, 85, 8, 10, 40, 49, 53, 22, 29, 26, 37, 0)
s = 71: (0, 75, 12, 21, 60, 31, 39, 15, 59, 66, 44, 0)
s = 72: (0, 56, 6, 16, 79, 45, 51, 12, 31, 39, 51, 0)
s = 73: (0, 72, 5, 15, 66, 66, 47, 12, 37, 33, 38, 0)
s = 74: (0, 68, 10, 21, 41, 35, 24, 17, 32, 41, 33, 0)
s = 75: (0, 93, 5, 13, 56, 45, 27, 18, 37, 33, 73, 0)
s = 76: (0, 94, 5, 24, 66, 48, 49, 13, 29, 43, 42, 0)
s = 77: (0, 58, 5, 15, 82, 50, 39, 17, 51, 47, 30, 0)
s = 78: (0, 36, 11, 24, 62, 51, 29, 18, 49, 25, 39, 0)
s = 79: (0, 41, 6, 26, 94, 63, 59, 11, 45, 43, 65, 0)
s = 80: (0, 48, 5, 12, 42, 51, 32, 16, 30, 40, 32, 0)
s = 81: (0, 36, 6, 16, 47, 60, 39, 23, 25, 57, 42, 0)
s = 82: (0, 99, 9, 14, 62, 31, 72, 17, 52, 34, 54, 0)
s = 83: (0, 76, 12, 25, 54, 53, 66, 17, 32, 47, 40, 0)
s = 84: (0, 57, 9, 13, 59, 46, 62, 16, 31, 38, 47, 0)
s = 85: (0, 36, 7, 12, 67, 50, 55, 13, 48, 33, 37, 0)
s = 86: (0, 44, 5, 16, 31, 27, 39, 14, 31, 24, 31, 0)
s = 87: (0, 57, 7, 20, 79, 39, 44, 11, 32, 44, 67, 0)
s = 88: (0, 84, 6, 11, 58, 39, 41, 30, 36, 40, 33, 0)
s = 89: (0, 48, 6, 21, 53, 36, 37, 27, 50, 45, 57, 0)
s = 90: (0, 61, 7, 22, 45, 39, 25, 15, 50, 28, 51, 0)
s = 91: (0, 44, 7, 13, 64, 28, 33, 15, 43, 32, 48, 0)
s = 92: (0, 58, 8, 19, 49, 32, 36, 27, 25, 50, 57, 0)
s = 93: (0, 90, 9, 13, 42, 79, 62, 13, 33, 28, 49, 0)
s = 94: (0, 75, 9, 11, 55, 48, 55, 16, 43, 71, 55, 0)
s = 95: (0, 76, 11, 24, 59, 38, 44, 11, 39, 36, 38, 0)
s = 96: (0, 81, 7, 13, 60, 30, 43, 26, 41, 35, 55, 0)
s = 97: (0, 75, 6, 12, 55, 60, 39, 21, 47, 45, 62, 0)
s = 98: (0, 69, 7, 13, 52, 63, 46, 20, 57, 60, 60, 0)
s = 99: (0, 93, 5, 16, 44, 45, 31, 26, 27, 32, 48, 0)
s = 100: (0, 56, 5, 15, 54, 36, 61, 25, 24, 64, 50, 0)
s = 101: (0, 60, 9, 26, 33, 42, 41, 16, 41, 68, 34, 0)
s = 102: (0, 34, 6, 13, 69, 51, 55, 16, 33, 36, 44, 0)
s = 103: (0, 75, 7, 20, 86, 40, 55, 17, 23, 65, 35, 0)
s = 104: (0, 82, 7, 14, 69, 29, 45, 12, 46, 34, 62, 0)
s = 105: (0, 67, 8, 14, 41, 38, 58, 17, 42, 37, 51, 0)
s = 106: (0, 68, 9, 30, 81, 60, 44, 19, 49, 24, 53, 0)
s = 107: (0, 41, 12, 14, 76, 68, 46, 18, 58, 37, 39, 0)
s = 108: (0, 37, 12, 23, 86, 38, 60, 26, 38, 62, 42, 0)
s = 109: (0, 60, 5, 20, 70, 45, 51, 18, 33, 58, 56, 0)
s = 110: (0, 58, 7, 16, 58, 50, 30, 15, 34, 37, 50, 0)
s = 111: (0, 61, 5, 21, 79, 47, 52, 14, 36, 65, 42, 0)
s = 112: (0, 73, 5, 17, 71, 62, 32, 23, 27, 32, 58, 0)
s = 113: (0, 58, 7, 14, 69, 70, 55, 15, 36, 43, 68, 0)
s = 114: (0, 109, 6, 12, 59, 45, 63, 17, 30, 35, 92, 0)
s = 115: (0, 75, 5, 15, 57, 46, 45, 29, 32, 50, 42, 0)
s = 116: (0, 46, 8, 15, 103, 37, 39, 15, 61, 34, 72, 0)
s = 117: (0, 83, 5, 20, 90, 43, 51, 17, 29, 51, 35, 0)
s = 118: (0, 59, 7, 23, 103, 49, 29, 15, 32, 32, 29, 0)
s = 119: (0, 57, 10, 27, 61, 67, 37, 14, 57, 30, 57, 0)
s = 120: (0, 78, 7, 22, 64, 48, 59, 21, 49, 48, 49, 0)
s = 121: (0, 88, 4, 22, 49, 71, 41, 22, 37, 72, 46, 0)
s = 122: (0, 70, 8, 14, 34, 43, 33, 17, 28, 40, 67, 0)
s = 123: (0, 65, 7, 24, 58, 56, 45, 13, 33, 37, 36, 0)
s = 124: (0, 44, 4, 10, 34, 54, 46, 22, 57, 54, 61, 0)
s = 125: (0, 62, 10, 18, 73, 48, 26, 31, 23, 49, 84, 0)
s = 126: (0, 41, 6, 17, 87, 68, 47, 18, 33, 33, 31, 0)
s = 127: (0, 49, 8, 16, 45, 48, 37, 18, 38, 33, 49, 0)
s = 128: (0, 48, 10, 11, 53, 46, 34, 19, 26, 49, 67, 0)
s = 129: (0, 52, 5, 11, 75, 51, 42, 25, 51, 52, 40, 0)
s = 130: (0, 50, 8, 13, 60, 55, 62, 11, 57, 40, 44, 0)
s = 131: (0, 63, 6, 12, 74, 62, 44, 15, 24, 41, 57, 0)
s = 132: (0, 48, 12, 23, 53, 61, 27, 14, 31, 35, 47, 0)
s = 133: (0, 59, 7, 17, 81, 76, 30, 22, 59, 31, 63, 0)
s = 134: (0, 66, 6, 28, 73, 26, 51, 26, 51, 54, 44, 0)
s = 135: (0, 52, 7, 27, 63, 50, 46, 20, 44, 31, 38, 0)
s = 136: (0, 44, 7, 17, 62, 68, 41, 14, 27, 55, 46, 0)
s = 137: (0, 84, 6, 15, 42, 36, 34, 11, 31, 44, 41, 0)
s = 138: (0, 89, 10, 12, 43, 48, 23, 18, 41, 45, 69, 0)
s = 139: (0, 35, 7, 13, 57, 43, 46, 21, 53, 32, 42, 0)
s = 140: (0, 52, 9, 11, 76, 44, 33, 19, 35, 30, 53, 0)
s = 141: (0, 33, 9, 23, 47, 45, 37, 11, 46, 63, 65, 0)
s = 142: (0, 87, 5, 18, 72, 46, 35, 15, 34, 32, 64, 0)
s = 143: (0, 59, 6, 15, 92, 33, 38, 27, 27, 24, 63, 0)
s = 144: (0, 55, 8, 19, 85, 44, 49, 24, 48, 35, 36, 0)
s = 145: (0, 64, 7, 13, 70, 31, 42, 14, 30, 41, 69, 0)
s = 146: (0, 85, 8, 11, 84, 31, 51, 16, 44, 47, 53, 0)
s = 147: (0, 78, 5, 16, 40, 55, 49, 25, 30, 42, 51, 0)
s = 148: (0, 49, 8, 19, 104, 27, 44, 21, 42, 52, 62, 0)
s = 149: (0, 65, 9, 19, 39, 30, 57, 21, 33, 75, 47, 0)
s = 150: (0, 61, 10, 15, 77, 35, 35, 19, 24, 46, 32, 0)
s = 151: (0, 76, 6, 10, 64, 45, 44, 24, 51, 44, 39, 0)
s = 152: (0, 84, 6, 15, 41, 61, 27, 11, 33, 43, 51, 0)
s = 153: (0, 74, 9, 12, 58, 57, 25, 19, 57, 38, 34, 0)
s = 154: (0, 49, 4, 20, 84, 55, 36, 27, 60, 29, 34, 0)
s = 155: (0, 54, 7, 22, 47, 54, 27, 19, 54, 34, 39, 0)
s = 156: (0, 67, 7, 20, 62, 54, 45, 18, 31, 42, 39, 0)
s = 157: (0, 44, 8, 17, 62, 39, 60, 24, 57, 42, 52, 0)
s = 158: (0, 52, 9, 11, 59, 51, 32, 17, 50, 32, 56, 0)
s = 159: (0, 58, 6, 16, 54, 49, 25, 16, 28, 40, 58, 0)
s = 160: (0, 78, 9, 19, 69, 41, 47, 15, 29, 34, 69, 0)
s = 161: (0, 38, 11, 13, 45, 33, 46, 12, 47, 44, 43, 0)
s = 162: (0, 74, 11, 21, 64, 32, 42, 19, 43, 41, 46, 0)
s = 163: (0, 83, 6, 13, 51, 39, 53, 13, 54, 30, 39, 0)
s = 164: (0, 68, 5, 13, 54, 62, 33, 14, 27, 45, 40, 0)
s = 165: (0, 58, 8, 15, 75, 54, 46, 15, 27, 28, 60, 0)
s = 166: (0, 59, 6, 20, 114, 32, 37, 25, 63, 57, 64, 0)
s = 167: (0, 64, 6, 15, 54, 52, 29, 11, 39, 27, 35, 0)
s = 168: (0, 50, 8, 21, 93, 55, 51, 20, 34, 33, 38, 0)
s = 169: (0, 103, 8, 21, 73, 54, 37, 15, 41, 40, 40, 0)
s = 170: (0, 80, 6, 16, 50, 71, 46, 22, 59, 33, 38, 0)
s = 171: (0, 67, 5, 13, 51, 57, 39, 18, 33, 42, 49, 0)
s = 172: (0, 67, 9, 22, 53, 48, 37, 17, 30, 60, 31, 0)
s = 173: (0, 71, 7, 27, 72, 48, 40, 12, 69, 42, 57, 0)
s = 174: (0, 57, 7, 12, 69, 66, 27, 10, 33, 32, 64, 0)
s = 175: (0, 80, 8, 16, 69, 52, 49, 18, 49, 38, 54, 0)
s = 176: (0, 48, 7, 12, 44, 44, 35, 15, 47, 64, 62, 0)
s = 177: (0, 72, 7, 10, 43, 47, 30, 32, 30, 39, 38, 0)
s = 178: (0, 52, 6, 15, 46, 31, 32, 21, 28, 52, 80, 0)
s = 179: (0, 48, 5, 12, 54, 46, 32, 21, 42, 24, 45, 0)
s = 180: (0, 54, 8, 15, 34, 35, 37, 17, 68, 46, 77, 0)
s = 181: (0, 80, 10, 17, 56, 31, 39, 28, 71, 31, 32, 0)
s = 182: (0, 37, 5, 24, 70, 35, 37, 18, 46, 52, 53, 0)
s = 183: (0, 85, 8, 16, 55, 41, 66, 19, 37, 45, 64, 0)
s = 184: (0, 75, 8, 28, 46, 47, 36, 18, 40, 36, 43, 0)
s = 185: (0, 59, 6, 14, 50, 64, 36, 13, 44, 59, 39, 0)
s = 186: (0, 39, 4, 9, 76, 80, 47, 16, 43, 49, 61, 0)
s = 187: (0, 56, 8, 15, 40, 43, 54, 20, 52, 27, 52, 0)
s = 188: (0, 60, 8, 10, 50, 44, 69, 24, 70, 31, 67, 0)
s = 189: (0, 108, 9, 9, 52, 39, 24, 19, 58, 36, 30, 0)
s = 190: (0, 69, 9, 11, 97, 66, 26, 11, 28, 31, 68, 0)
s = 191: (0, 55, 4, 14, 89, 53, 34, 20, 31, 55, 55, 0)
s = 192: (0, 76, 8, 15, 43, 42, 54, 13, 24, 32, 67, 0)
s = 193: (0, 49, 5, 12, 65, 82, 40, 16, 57, 31, 45, 0)
s = 194: (0, 64, 9, 18, 77, 27, 60, 20, 43, 62, 52, 0)
s = 195: (0, 109, 9, 18, 101, 52, 38, 23, 64, 60, 41, 0)
s = 196: (0, 64, 6, 26, 39, 49, 27, 20, 29, 40, 33, 0)
s = 197: (0, 93, 6, 19, 97, 54, 60, 25, 39, 32, 37, 0)
s = 198: (0, 85, 10, 19, 70, 51, 40, 18, 64, 33, 52, 0)
s = 199: (0, 67, 6, 15, 96, 60, 42, 13, 46, 37, 31, 0)
s = 200: (0, 56, 8, 13, 60, 27, 33, 17, 28, 22, 40, 0)
------------------------------------------------------------------------
RESOURCE k = 2
s = 1: (0, 35, 6, 5, 19, 26, 25, 4, 27, 10, 37, 0)
s = 2: (0, 27, 5, 4, 26, 18, 14, 4, 25, 12, 21, 0)
s = 3: (0, 20, 8, 4, 32, 22, 19, 3, 11, 23, 26, 0)
s = 4: (0, 35, 9, 4, 14, 14, 29, 5, 21, 15, 25, 0)
s = 5: (0, 31, 6, 4, 27, 19, 16, 4, 13, 17, 34, 0)
s = 6: (0, 18, 9, 5, 30, 17, 30, 3, 15, 13, 43, 0)
s = 7: (0, 23, 10, 7, 22, 22, 27, 5, 20, 14, 26, 0)
s = 8: (0, 27, 12, 7, 35, 18, 19, 3, 16, 23, 28, 0)
s = 9: (0, 42, 6, 5, 21, 30, 15, 4, 21, 10, 22, 0)
s = 10: (0, 41, 8, 6, 20, 28, 33, 3, 15, 10, 37, 0)
s = 11: (0, 30, 6, 4, 33, 25, 17, 4, 12, 12, 49, 0)
s = 12: (0, 23, 4, 4, 25, 21, 25, 6, 17, 21, 23, 0)
s = 13: (0, 43, 6, 7, 22, 18, 18, 6, 18, 10, 29, 0)
s = 14: (0, 21, 4, 4, 20, 22, 21, 3, 30, 15, 19, 0)
s = 15: (0, 29, 4, 3, 20, 15, 12, 6, 26, 15, 31, 0)
s = 16: (0, 33, 7, 5, 21, 19, 16, 4, 17, 14, 42, 0)
s = 17: (0, 25, 7, 5, 28, 29, 27, 4, 15, 11, 43, 0)
s = 18: (0, 21, 8, 5, 23, 26, 28, 4, 19, 19, 47, 0)
s = 19: (0, 34, 7, 6, 18, 15, 31, 4, 17, 18, 28, 0)
s = 20: (0, 48, 6, 6, 27, 25, 26, 6, 22, 14, 26, 0)
s = 21: (0, 30, 5, 4, 17, 22, 16, 3, 26, 23, 52, 0)
s = 22: (0, 18, 8, 7, 25, 22, 33, 3, 13, 11, 33, 0)
s = 23: (0, 22, 8, 4, 15, 30, 24, 4, 16, 16, 41, 0)
s = 24: (0, 19, 5, 8, 30, 19, 32, 5, 21, 20, 34, 0)
s = 25: (0, 28, 5, 5, 21, 35, 22, 6, 18, 14, 30, 0)
s = 26: (0, 38, 4, 4, 16, 19, 16, 4, 16, 20, 25, 0)
s = 27: (0, 20, 8, 6, 17, 31, 28, 3, 19, 29, 20, 0)
s = 28: (0, 20, 6, 6, 31, 14, 22, 5, 25, 22, 30, 0)
s = 29: (0, 31, 7, 7, 26, 21, 29, 5, 22, 17, 39, 0)
s = 30: (0, 26, 6, 6, 15, 14, 17, 7, 27, 14, 25, 0)
s = 31: (0, 22, 7, 5, 15, 24, 18, 3, 15, 15, 34, 0)
s = 32: (0, 21, 7, 4, 16, 18, 13, 3, 16, 17, 47, 0)
s = 33: (0, 28, 5, 4, 39, 30, 29, 5, 17, 13, 49, 0)
s = 34: (0, 39, 8, 4, 30, 17, 27, 3, 16, 25, 31, 0)
s = 35: (0, 22, 5, 6, 28, 20, 17, 5, 20, 14, 47, 0)
s = 36: (0, 24, 6, 6, 23, 21, 21, 3, 21, 15, 25, 0)
s = 37: (0, 20, 6, 4, 22, 13, 24, 5, 17, 12, 42, 0)
s = 38: (0, 18, 5, 4, 25, 15, 12, 3, 17, 23, 20, 0)
s = 39: (0, 29, 4, 4, 22, 15, 30, 5, 15, 13, 34, 0)
s = 40: (0, 31, 5, 5, 17, 29, 26, 7, 19, 18, 24, 0)
s = 41: (0, 27, 9, 5, 32, 22, 16, 4, 18, 11, 32, 0)
s = 42: (0, 22, 8, 4, 33, 13, 28, 4, 15, 15, 35, 0)
s = 43: (0, 25, 6, 4, 21, 28, 23, 5, 15, 21, 23, 0)
s = 44: (0, 25, 6, 4, 38, 32, 22, 4, 21, 13, 31, 0)
s = 45: (0, 29, 9, 5, 42, 19, 21, 4, 19, 15, 30, 0)
s = 46: (0, 23, 6, 4, 25, 25, 13, 6, 14, 22, 40, 0)
s = 47: (0, 18, 8, 5, 25, 25, 25, 4, 25, 14, 38, 0)
s = 48: (0, 35, 6, 6, 15, 15, 26, 5, 19, 20, 27, 0)
s = 49: (0, 19, 5, 6, 19, 14, 32, 4, 17, 12, 37, 0)
s = 50: (0, 32, 5, 4, 19, 20, 22, 8, 17, 15, 43, 0)
s = 51: (0, 41, 11, 4, 17, 32, 27, 5, 16, 19, 21, 0)
s = 52: (0, 25, 5, 5, 26, 22, 21, 7, 10, 11, 25, 0)
s = 53: (0, 22, 5, 8, 33, 18, 32, 5, 15, 15, 37, 0)
s = 54: (0, 39, 5, 6, 25, 20, 26, 4, 21, 15, 32, 0)
s = 55: (0, 33, 4, 5, 16, 14, 20, 4, 17, 19, 22, 0)
s = 56: (0, 26, 8, 8, 31, 32, 18, 5, 15, 18, 38, 0)
s = 57: (0, 21, 5, 4, 35, 19, 17, 5, 22, 13, 44, 0)
s = 58: (0, 25, 6, 6, 25, 19, 20, 4, 12, 16, 32, 0)
s = 59: (0, 23, 5, 5, 22, 24, 21, 4, 13, 12, 44, 0)
s = 60: (0, 25, 10, 6, 23, 33, 17, 5, 18, 10, 26, 0)
s = 61: (0, 35, 7, 4, 20, 17, 16, 5, 18, 11, 43, 0)
s = 62: (0, 19, 4, 7, 16, 23, 23, 3, 15, 16, 29, 0)
s = 63: (0, 18, 6, 4, 16, 24, 14, 4, 11, 21, 24, 0)
s = 64: (0, 54, 7, 4, 17, 19, 22, 5, 11, 12, 30, 0)
s = 65: (0, 31, 6, 4, 18, 12, 18, 6, 20, 16, 22, 0)
s = 66: (0, 33, 11, 5, 18, 20, 13, 4, 17, 15, 31, 0)
s = 67: (0, 31, 9, 4, 23, 23, 16, 4, 20, 11, 33, 0)
s = 68: (0, 30, 5, 4, 24, 32, 17, 4, 12, 15, 26, 0)
s = 69: (0, 25, 6, 10, 21, 19, 24, 3, 19, 13, 53, 0)
s = 70: (0, 40, 7, 3, 16, 22, 27, 5, 14, 10, 25, 0)
s = 71: (0, 35, 10, 7, 24, 14, 20, 4, 27, 24, 30, 0)
s = 72: (0, 26, 5, 5, 32, 20, 26, 3, 15, 14, 34, 0)
s = 73: (0, 34, 5, 5, 27, 29, 24, 3, 17, 12, 25, 0)
s = 74: (0, 32, 9, 7, 17, 15, 12, 4, 15, 15, 22, 0)
s = 75: (0, 44, 5, 4, 23, 20, 14, 4, 18, 12, 49, 0)
s = 76: (0, 44, 5, 8, 27, 21, 25, 3, 14, 16, 28, 0)
s = 77: (0, 27, 4, 5, 33, 22, 20, 4, 24, 17, 20, 0)
s = 78: (0, 17, 9, 8, 25, 23, 15, 4, 23, 9, 26, 0)
s = 79: (0, 20, 5, 8, 38, 28, 30, 3, 21, 16, 43, 0)
s = 80: (0, 23, 4, 4, 17, 23, 16, 4, 14, 15, 21, 0)
s = 81: (0, 17, 5, 5, 19, 27, 20, 5, 12, 21, 28, 0)
s = 82: (0, 46, 8, 5, 25, 14, 36, 4, 24, 12, 36, 0)
s = 83: (0, 36, 10, 8, 22, 24, 33, 4, 15, 17, 27, 0)
s = 84: (0, 27, 8, 4, 24, 21, 31, 4, 15, 14, 32, 0)
s = 85: (0, 17, 6, 4, 27, 22, 28, 3, 23, 12, 25, 0)
s = 86: (0, 21, 5, 5, 13, 12, 20, 3, 15, 9, 21, 0)
s = 87: (0, 27, 6, 7, 32, 17, 22, 3, 15, 16, 45, 0)
s = 88: (0, 39, 5, 4, 24, 17, 21, 7, 17, 15, 22, 0)
s = 89: (0, 23, 5, 7, 22, 16, 19, 6, 24, 16, 38, 0)
s = 90: (0, 29, 6, 7, 18, 17, 13, 4, 23, 10, 34, 0)
s = 91: (0, 21, 6, 4, 26, 12, 17, 4, 20, 12, 32, 0)
s = 92: (0, 27, 7, 6, 20, 14, 18, 6, 12, 18, 38, 0)
s = 93: (0, 42, 8, 4, 17, 35, 31, 3, 16, 10, 33, 0)
s = 94: (0, 35, 8, 4, 22, 21, 28, 4, 20, 26, 37, 0)
s = 95: (0, 36, 10, 8, 24, 17, 22, 3, 18, 13, 26, 0)
s = 96: (0, 38, 6, 4, 24, 14, 22, 6, 19, 13, 37, 0)
s = 97: (0, 35, 5, 4, 22, 26, 20, 5, 22, 16, 42, 0)
s = 98: (0, 33, 6, 4, 21, 28, 23, 5, 27, 22, 40, 0)
s = 99: (0, 43, 5, 5, 18, 20, 16, 6, 13, 12, 32, 0)
s = 100: (0, 26, 5, 5, 22, 16, 31, 6, 12, 23, 34, 0)
s = 101: (0, 28, 8, 8, 13, 19, 21, 4, 19, 25, 23, 0)
s = 102: (0, 16, 5, 4, 28, 23, 28, 4, 16, 13, 29, 0)
s = 103: (0, 35, 6, 7, 35, 18, 28, 4, 11, 23, 23, 0)
s = 104: (0, 39, 6, 5, 28, 13, 23, 3, 21, 12, 42, 0)
s = 105: (0, 32, 7, 5, 17, 17, 29, 4, 20, 14, 34, 0)
s = 106: (0, 32, 8, 10, 33, 27, 22, 5, 23, 9, 36, 0)
s = 107: (0, 19, 10, 5, 31, 30, 23, 4, 27, 13, 26, 0)
s = 108: (0, 17, 11, 8, 35, 17, 30, 6, 18, 22, 28, 0)
s = 109: (0, 28, 4, 7, 28, 20, 26, 4, 16, 21, 38, 0)
s = 110: (0, 27, 6, 5, 24, 22, 15, 4, 16, 13, 33, 0)
s = 111: (0, 29, 4, 7, 32, 21, 26, 3, 17, 23, 28, 0)
s = 112: (0, 34, 4, 6, 29, 28, 16, 5, 13, 12, 39, 0)
s = 113: (0, 27, 6, 5, 28, 31, 28, 4, 17, 16, 46, 0)
s = 114: (0, 51, 5, 4, 24, 20, 32, 4, 14, 13, 61, 0)
s = 115: (0, 35, 5, 5, 23, 20, 23, 7, 15, 18, 28, 0)
s = 116: (0, 22, 7, 5, 42, 16, 20, 4, 28, 12, 48, 0)
s = 117: (0, 39, 5, 7, 36, 19, 26, 4, 13, 19, 23, 0)
s = 118: (0, 28, 6, 7, 42, 22, 15, 4, 15, 12, 20, 0)
s = 119: (0, 27, 9, 9, 25, 30, 19, 3, 26, 11, 38, 0)
s = 120: (0, 37, 6, 7, 26, 21, 30, 5, 23, 18, 33, 0)
s = 121: (0, 41, 4, 7, 20, 31, 21, 5, 18, 26, 31, 0)
s = 122: (0, 33, 7, 5, 14, 19, 17, 4, 13, 15, 45, 0)
s = 123: (0, 30, 6, 8, 24, 25, 23, 3, 16, 14, 24, 0)
s = 124: (0, 21, 4, 3, 14, 24, 23, 5, 27, 20, 41, 0)
s = 125: (0, 29, 8, 6, 29, 21, 13, 7, 11, 18, 56, 0)
s = 126: (0, 19, 5, 6, 35, 30, 24, 4, 15, 12, 21, 0)
s = 127: (0, 23, 7, 5, 18, 21, 19, 4, 18, 12, 33, 0)
s = 128: (0, 23, 9, 4, 22, 20, 17, 5, 12, 18, 45, 0)
s = 129: (0, 25, 4, 4, 30, 23, 21, 6, 24, 19, 27, 0)
s = 130: (0, 23, 7, 5, 24, 24, 31, 3, 27, 15, 30, 0)
s = 131: (0, 30, 5, 4, 30, 27, 22, 4, 11, 15, 38, 0)
s = 132: (0, 23, 11, 7, 21, 27, 14, 3, 15, 13, 31, 0)
s = 133: (0, 28, 6, 6, 33, 33, 15, 5, 28, 11, 42, 0)
s = 134: (0, 31, 5, 9, 29, 12, 26, 6, 24, 20, 30, 0)
s = 135: (0, 24, 6, 9, 26, 22, 23, 5, 20, 11, 25, 0)
s = 136: (0, 21, 6, 6, 25, 30, 21, 4, 13, 20, 31, 0)
s = 137: (0, 39, 6, 5, 17, 16, 17, 3, 14, 16, 28, 0)
s = 138: (0, 42, 9, 4, 18, 21, 12, 4, 19, 17, 46, 0)
s = 139: (0, 17, 6, 4, 23, 19, 23, 5, 25, 12, 28, 0)
s = 140: (0, 25, 8, 4, 31, 19, 17, 5, 17, 11, 35, 0)
s = 141: (0, 16, 8, 7, 19, 20, 19, 3, 22, 23, 43, 0)
s = 142: (0, 41, 4, 6, 29, 20, 18, 4, 16, 12, 43, 0)
s = 143: (0, 28, 5, 5, 37, 15, 19, 6, 13, 9, 42, 0)
s = 144: (0, 26, 7, 6, 34, 20, 25, 6, 22, 13, 24, 0)
s = 145: (0, 30, 6, 4, 28, 14, 21, 3, 14, 15, 46, 0)
s = 146: (0, 40, 7, 4, 34, 14, 26, 4, 20, 17, 35, 0)
s = 147: (0, 36, 4, 5, 16, 24, 25, 6, 14, 15, 34, 0)
s = 148: (0, 23, 7, 6, 42, 12, 22, 5, 20, 19, 41, 0)
s = 149: (0, 30, 8, 6, 16, 13, 29, 5, 16, 27, 31, 0)
s = 150: (0, 29, 9, 5, 31, 16, 18, 5, 12, 17, 21, 0)
s = 151: (0, 36, 5, 3, 26, 20, 22, 6, 24, 16, 26, 0)
s = 152: (0, 39, 5, 5, 17, 27, 14, 3, 16, 16, 34, 0)
s = 153: (0, 35, 8, 4, 24, 25, 13, 5, 27, 14, 23, 0)
s = 154: (0, 23, 4, 7, 34, 24, 18, 6, 28, 11, 23, 0)
s = 155: (0, 25, 6, 7, 19, 24, 14, 5, 25, 13, 26, 0)
s = 156: (0, 31, 6, 7, 25, 24, 23, 4, 14, 15, 26, 0)
s = 157: (0, 21, 7, 6, 25, 17, 30, 6, 27, 15, 35, 0)
s = 158: (0, 24, 8, 4, 24, 23, 16, 4, 23, 12, 37, 0)
s = 159: (0, 27, 5, 5, 22, 22, 13, 4, 13, 15, 39, 0)
s = 160: (0, 36, 8, 6, 28, 18, 24, 4, 14, 12, 46, 0)
s = 161: (0, 18, 10, 4, 18, 15, 23, 3, 22, 16, 29, 0)
s = 162: (0, 35, 10, 7, 26, 14, 21, 5, 20, 15, 31, 0)
s = 163: (0, 39, 5, 4, 21, 17, 27, 3, 25, 11, 26, 0)
s = 164: (0, 32, 4, 4, 22, 28, 17, 3, 13, 17, 27, 0)
s = 165: (0, 27, 7, 5, 30, 24, 23, 4, 13, 10, 40, 0)
s = 166: (0, 28, 6, 6, 46, 14, 19, 6, 29, 21, 43, 0)
s = 167: (0, 30, 5, 5, 22, 23, 15, 3, 18, 10, 23, 0)
s = 168: (0, 24, 7, 7, 38, 24, 26, 5, 16, 12, 26, 0)
s = 169: (0, 48, 7, 7, 30, 24, 19, 4, 19, 15, 27, 0)
s = 170: (0, 37, 5, 5, 20, 31, 23, 5, 28, 12, 25, 0)
s = 171: (0, 32, 5, 4, 21, 25, 20, 4, 16, 15, 33, 0)
s = 172: (0, 32, 8, 7, 22, 21, 19, 4, 14, 22, 21, 0)
s = 173: (0, 33, 6, 9, 29, 21, 20, 3, 32, 15, 38, 0)
s = 174: (0, 27, 6, 4, 28, 29, 14, 3, 16, 12, 43, 0)
s = 175: (0, 38, 7, 5, 28, 23, 25, 4, 23, 14, 36, 0)
s = 176: (0, 23, 6, 4, 18, 19, 18, 4, 22, 23, 42, 0)
s = 177: (0, 34, 6, 3, 17, 21, 15, 7, 14, 14, 25, 0)
s = 178: (0, 25, 5, 5, 19, 14, 16, 5, 13, 19, 54, 0)
s = 179: (0, 23, 4, 4, 22, 21, 16, 5, 20, 9, 30, 0)
s = 180: (0, 25, 7, 5, 14, 16, 19, 4, 31, 17, 52, 0)
s = 181: (0, 38, 9, 6, 23, 14, 20, 7, 33, 12, 22, 0)
s = 182: (0, 18, 4, 8, 28, 15, 19, 4, 22, 19, 35, 0)
s = 183: (0, 40, 7, 5, 22, 18, 33, 5, 17, 16, 43, 0)
s = 184: (0, 35, 7, 9, 19, 21, 18, 4, 19, 13, 29, 0)
s = 185: (0, 28, 5, 5, 20, 28, 18, 3, 21, 22, 26, 0)
s = 186: (0, 19, 4, 3, 31, 35, 24, 4, 20, 18, 41, 0)
s = 187: (0, 26, 7, 5, 16, 19, 27, 5, 24, 10, 35, 0)
s = 188: (0, 28, 7, 3, 20, 19, 35, 6, 33, 11, 45, 0)
s = 189: (0, 50, 8, 3, 21, 17, 12, 5, 27, 13, 20, 0)
s = 190: (0, 33, 8, 4, 39, 29, 13, 3, 13, 11, 46, 0)
s = 191: (0, 26, 4, 5, 36, 24, 17, 5, 15, 20, 37, 0)
s = 192: (0, 36, 7, 5, 18, 18, 27, 3, 11, 12, 45, 0)
s = 193: (0, 23, 4, 4, 26, 36, 20, 4, 27, 11, 30, 0)
s = 194: (0, 30, 8, 6, 31, 12, 30, 5, 20, 23, 35, 0)
s = 195: (0, 51, 8, 6, 41, 23, 19, 5, 30, 22, 27, 0)
s = 196: (0, 30, 5, 9, 16, 22, 14, 5, 14, 15, 22, 0)
s = 197: (0, 44, 5, 6, 39, 24, 30, 6, 18, 12, 25, 0)
s = 198: (0, 40, 9, 6, 28, 22, 20, 4, 30, 12, 35, 0)
s = 199: (0, 31, 5, 5, 39, 26, 21, 3, 22, 14, 21, 0)
s = 200: (0, 27, 7, 5, 24, 12, 17, 4, 13, 8, 27, 0)
------------------------------------------------------------------------
RESOURCE k = 3
s = 1: (0, 35, 8, 4, 7, 30, 18, 5, 32, 20, 37, 0)
s = 2: (0, 27, 6, 3, 9, 20, 10, 4, 29, 23, 21, 0)
s = 3: (0, 20, 10, 3, 11, 25, 14, 4, 12, 45, 26, 0)
s = 4: (0, 35, 12, 3, 5, 16, 21, 6, 25, 30, 25, 0)
s = 5: (0, 31, 8, 3, 9, 21, 12, 4, 15, 33, 34, 0)
s = 6: (0, 18, 12, 4, 10, 20, 21, 4, 18, 25, 43, 0)
s = 7: (0, 23, 13, 6, 8, 25, 19, 6, 23, 27, 26, 0)
s = 8: (0, 27, 15, 6, 12, 20, 14, 4, 19, 45, 28, 0)
s = 9: (0, 42, 8, 4, 7, 34, 11, 5, 24, 20, 22, 0)
s = 10: (0, 41, 11, 5, 7, 32, 24, 4, 18, 19, 37, 0)
s = 11: (0, 30, 7, 4, 11, 29, 13, 4, 13, 24, 49, 0)
s = 12: (0, 23, 5, 3, 9, 24, 18, 7, 20, 41, 23, 0)
s = 13: (0, 43, 7, 6, 8, 21, 13, 8, 21, 19, 29, 0)
s = 14: (0, 21, 6, 3, 7, 25, 15, 4, 34, 29, 19, 0)
s = 15: (0, 29, 5, 3, 7, 18, 9, 7, 31, 29, 31, 0)
s = 16: (0, 33, 9, 4, 7, 22, 11, 5, 20, 28, 42, 0)
s = 17: (0, 25, 10, 4, 10, 33, 19, 5, 17, 22, 43, 0)
s = 18: (0, 21, 11, 4, 8, 29, 20, 5, 23, 37, 47, 0)
s = 19: (0, 34, 9, 5, 6, 17, 22, 5, 19, 35, 28, 0)
s = 20: (0, 48, 8, 5, 9, 28, 19, 7, 25, 28, 26, 0)
s = 21: (0, 30, 7, 3, 6, 25, 12, 4, 30, 45, 52, 0)
s = 22: (0, 18, 10, 6, 9, 26, 24, 4, 15, 22, 33, 0)
s = 23: (0, 22, 10, 4, 5, 34, 18, 5, 18, 32, 41, 0)
s = 24: (0, 19, 7, 6, 10, 22, 23, 6, 25, 39, 34, 0)
s = 25: (0, 28, 6, 4, 7, 40, 16, 7, 21, 27, 30, 0)
s = 26: (0, 38, 5, 3, 6, 21, 11, 4, 19, 40, 25, 0)
s = 27: (0, 20, 11, 5, 6, 35, 20, 4, 22, 57, 20, 0)
s = 28: (0, 20, 8, 5, 11, 16, 16, 6, 29, 43, 30, 0)
s = 29: (0, 31, 9, 6, 9, 24, 21, 7, 26, 33, 39, 0)
s = 30: (0, 26, 8, 5, 5, 16, 13, 9, 31, 28, 25, 0)
s = 31: (0, 22, 9, 4, 5, 28, 13, 4, 17, 29, 34, 0)
s = 32: (0, 21, 9, 3, 6, 21, 9, 4, 18, 33, 47, 0)
s = 33: (0, 28, 7, 3, 13, 34, 21, 6, 20, 26, 49, 0)
s = 34: (0, 39, 11, 3, 10, 19, 19, 3, 19, 49, 31, 0)
s = 35: (0, 22, 6, 5, 10, 23, 12, 6, 23, 27, 47, 0)
s = 36: (0, 24, 7, 5, 8, 23, 15, 4, 24, 30, 25, 0)
s = 37: (0, 20, 7, 4, 8, 15, 18, 6, 19, 24, 42, 0)
s = 38: (0, 18, 6, 3, 9, 17, 9, 3, 20, 46, 20, 0)
s = 39: (0, 29, 6, 4, 8, 17, 22, 7, 17, 25, 34, 0)
s = 40: (0, 31, 7, 4, 6, 33, 19, 8, 22, 36, 24, 0)
s = 41: (0, 27, 12, 4, 11, 25, 12, 5, 21, 21, 32, 0)
s = 42: (0, 22, 11, 3, 11, 15, 20, 5, 18, 30, 35, 0)
s = 43: (0, 25, 8, 3, 7, 32, 17, 6, 17, 41, 23, 0)
s = 44: (0, 25, 8, 3, 13, 36, 16, 5, 24, 26, 31, 0)
s = 45: (0, 29, 12, 4, 14, 22, 15, 4, 22, 29, 30, 0)
s = 46: (0, 23, 8, 3, 9, 29, 9, 8, 17, 44, 40, 0)
s = 47: (0, 18, 10, 4, 9, 28, 18, 5, 29, 28, 38, 0)
s = 48: (0, 35, 8, 5, 5, 17, 18, 7, 22, 39, 27, 0)
s = 49: (0, 19, 7, 5, 7, 16, 23, 5, 20, 23, 37, 0)
s = 50: (0, 32, 7, 3, 7, 23, 16, 10, 20, 29, 43, 0)
s = 51: (0, 41, 14, 3, 6, 36, 20, 6, 18, 37, 21, 0)
s = 52: (0, 25, 7, 4, 9, 25, 15, 9, 11, 21, 25, 0)
s = 53: (0, 22, 7, 6, 11, 21, 23, 6, 17, 29, 37, 0)
s = 54: (0, 39, 6, 5, 9, 23, 18, 5, 25, 30, 32, 0)
s = 55: (0, 33, 6, 4, 6, 16, 14, 5, 19, 38, 22, 0)
s = 56: (0, 26, 10, 7, 11, 36, 13, 6, 17, 35, 38, 0)
s = 57: (0, 21, 7, 3, 12, 21, 12, 6, 25, 26, 44, 0)
s = 58: (0, 25, 8, 5, 9, 22, 15, 5, 14, 31, 32, 0)
s = 59: (0, 23, 7, 4, 8, 27, 15, 4, 15, 24, 44, 0)
s = 60: (0, 25, 13, 5, 8, 37, 12, 6, 20, 20, 26, 0)
s = 61: (0, 35, 9, 3, 7, 19, 11, 6, 21, 22, 43, 0)
s = 62: (0, 19, 5, 5, 6, 27, 17, 4, 18, 31, 29, 0)
s = 63: (0, 18, 8, 3, 6, 28, 10, 5, 13, 42, 24, 0)
s = 64: (0, 54, 9, 3, 6, 21, 16, 6, 12, 24, 30, 0)
s = 65: (0, 31, 8, 3, 6, 14, 13, 7, 23, 32, 22, 0)
s = 66: (0, 33, 15, 4, 6, 22, 10, 5, 19, 30, 31, 0)
s = 67: (0, 31, 12, 3, 8, 27, 11, 4, 23, 21, 33, 0)
s = 68: (0, 30, 7, 3, 8, 37, 12, 4, 14, 29, 26, 0)
s = 69: (0, 25, 8, 8, 7, 22, 17, 4, 22, 26, 53, 0)
s = 70: (0, 40, 9, 3, 6, 25, 19, 7, 16, 19, 25, 0)
s = 71: (0, 35, 13, 6, 8, 16, 14, 5, 32, 47, 30, 0)
s = 72: (0, 26, 6, 4, 11, 23, 18, 4, 17, 28, 34, 0)
s = 73: (0, 34, 6, 4, 9, 33, 17, 4, 20, 24, 25, 0)
s = 74: (0, 32, 11, 6, 6, 18, 9, 5, 18, 30, 22, 0)
s = 75: (0, 44, 6, 4, 8, 23, 10, 5, 20, 24, 49, 0)
s = 76: (0, 44, 6, 6, 9, 24, 18, 4, 16, 31, 28, 0)
s = 77: (0, 27, 6, 4, 11, 25, 14, 5, 28, 34, 20, 0)
s = 78: (0, 17, 12, 6, 9, 26, 11, 5, 27, 18, 26, 0)
s = 79: (0, 20, 6, 7, 13, 32, 21, 3, 24, 31, 43, 0)
s = 80: (0, 23, 5, 3, 6, 26, 12, 5, 17, 29, 21, 0)
s = 81: (0, 17, 7, 4, 7, 30, 14, 7, 14, 41, 28, 0)
s = 82: (0, 46, 10, 4, 9, 16, 26, 5, 28, 24, 36, 0)
s = 83: (0, 36, 13, 7, 8, 27, 24, 5, 18, 34, 27, 0)
s = 84: (0, 27, 10, 4, 8, 23, 22, 5, 17, 27, 32, 0)
s = 85: (0, 17, 8, 3, 9, 25, 20, 4, 26, 24, 25, 0)
s = 86: (0, 21, 6, 4, 5, 14, 14, 4, 17, 17, 21, 0)
s = 87: (0, 27, 7, 5, 11, 20, 16, 3, 17, 32, 45, 0)
s = 88: (0, 39, 6, 3, 8, 20, 15, 9, 20, 29, 22, 0)
s = 89: (0, 23, 6, 6, 8, 18, 14, 8, 27, 32, 38, 0)
s = 90: (0, 29, 8, 6, 6, 20, 9, 4, 27, 20, 34, 0)
s = 91: (0, 21, 7, 4, 9, 14, 12, 4, 23, 23, 32, 0)
s = 92: (0, 27, 9, 5, 7, 16, 13, 8, 14, 36, 38, 0)
s = 93: (0, 42, 10, 4, 6, 40, 23, 4, 18, 20, 33, 0)
s = 94: (0, 35, 10, 3, 8, 24, 20, 5, 23, 51, 37, 0)
s = 95: (0, 36, 13, 6, 8, 19, 16, 3, 21, 26, 26, 0)
s = 96: (0, 38, 8, 4, 8, 15, 16, 8, 22, 25, 37, 0)
s = 97: (0, 35, 7, 3, 8, 30, 14, 6, 25, 32, 42, 0)
s = 98: (0, 33, 8, 4, 7, 32, 17, 6, 31, 43, 40, 0)
s = 99: (0, 43, 6, 4, 6, 23, 12, 8, 15, 23, 32, 0)
s = 100: (0, 26, 6, 4, 8, 18, 22, 7, 13, 46, 34, 0)
s = 101: (0, 28, 10, 7, 5, 21, 15, 5, 22, 49, 23, 0)
s = 102: (0, 16, 7, 4, 10, 26, 20, 5, 18, 26, 29, 0)
s = 103: (0, 35, 8, 5, 12, 20, 20, 5, 13, 46, 23, 0)
s = 104: (0, 39, 8, 4, 10, 15, 16, 4, 25, 24, 42, 0)
s = 105: (0, 32, 10, 4, 6, 19, 21, 5, 23, 27, 34, 0)
s = 106: (0, 32, 10, 8, 11, 30, 16, 6, 26, 17, 36, 0)
s = 107: (0, 19, 13, 4, 11, 34, 17, 5, 31, 26, 26, 0)
s = 108: (0, 17, 14, 6, 12, 19, 22, 8, 21, 44, 28, 0)
s = 109: (0, 28, 5, 5, 10, 23, 19, 5, 18, 42, 38, 0)
s = 110: (0, 27, 8, 4, 8, 25, 11, 5, 19, 26, 33, 0)
s = 111: (0, 29, 5, 6, 11, 24, 19, 4, 19, 46, 28, 0)
s = 112: (0, 34, 5, 5, 10, 31, 12, 7, 15, 23, 39, 0)
s = 113: (0, 27, 8, 4, 10, 35, 20, 5, 20, 31, 46, 0)
s = 114: (0, 51, 7, 3, 8, 23, 23, 5, 17, 25, 61, 0)
s = 115: (0, 35, 6, 4, 8, 23, 16, 9, 17, 36, 28, 0)
s = 116: (0, 22, 9, 4, 14, 19, 14, 4, 33, 24, 48, 0)
s = 117: (0, 39, 6, 5, 12, 22, 18, 5, 16, 37, 23, 0)
s = 118: (0, 28, 7, 6, 14, 25, 11, 5, 18, 23, 20, 0)
s = 119: (0, 27, 11, 7, 9, 34, 13, 4, 31, 21, 38, 0)
s = 120: (0, 37, 7, 6, 9, 24, 21, 6, 27, 35, 33, 0)
s = 121: (0, 41, 5, 6, 7, 36, 15, 6, 20, 51, 31, 0)
s = 122: (0, 33, 9, 4, 5, 22, 12, 5, 15, 29, 45, 0)
s = 123: (0, 30, 8, 6, 8, 28, 16, 4, 18, 27, 24, 0)
s = 124: (0, 21, 5, 3, 5, 27, 17, 7, 31, 39, 41, 0)
s = 125: (0, 29, 11, 5, 10, 24, 10, 9, 13, 35, 56, 0)
s = 126: (0, 19, 7, 5, 12, 34, 17, 5, 18, 24, 21, 0)
s = 127: (0, 23, 9, 4, 6, 24, 13, 5, 21, 23, 33, 0)
s = 128: (0, 23, 12, 3, 8, 23, 12, 6, 14, 35, 45, 0)
s = 129: (0, 25, 6, 3, 10, 26, 15, 7, 28, 37, 27, 0)
s = 130: (0, 23, 9, 4, 8, 28, 23, 4, 31, 29, 30, 0)
s = 131: (0, 30, 6, 3, 10, 31, 16, 5, 13, 29, 38, 0)
s = 132: (0, 23, 14, 6, 7, 31, 10, 4, 17, 25, 31, 0)
s = 133: (0, 28, 7, 5, 11, 38, 11, 6, 32, 22, 42, 0)
s = 134: (0, 31, 7, 7, 10, 13, 18, 8, 28, 39, 30, 0)
s = 135: (0, 24, 8, 7, 9, 25, 17, 6, 24, 22, 25, 0)
s = 136: (0, 21, 8, 5, 9, 34, 15, 4, 15, 39, 31, 0)
s = 137: (0, 39, 7, 4, 6, 18, 12, 3, 17, 31, 28, 0)
s = 138: (0, 42, 12, 3, 6, 24, 8, 5, 22, 33, 46, 0)
s = 139: (0, 17, 8, 4, 8, 22, 17, 6, 29, 23, 28, 0)
s = 140: (0, 25, 10, 3, 11, 22, 12, 6, 19, 22, 35, 0)
s = 141: (0, 16, 10, 6, 7, 23, 13, 4, 25, 45, 43, 0)
s = 142: (0, 41, 5, 5, 10, 23, 13, 5, 18, 23, 43, 0)
s = 143: (0, 28, 7, 4, 13, 17, 14, 8, 15, 17, 42, 0)
s = 144: (0, 26, 9, 5, 12, 22, 18, 7, 26, 25, 24, 0)
s = 145: (0, 30, 8, 4, 10, 16, 15, 4, 16, 30, 46, 0)
s = 146: (0, 40, 9, 3, 12, 16, 19, 5, 24, 34, 35, 0)
s = 147: (0, 36, 6, 4, 6, 28, 18, 7, 16, 30, 34, 0)
s = 148: (0, 23, 9, 5, 14, 14, 16, 6, 23, 37, 41, 0)
s = 149: (0, 30, 10, 5, 6, 15, 21, 6, 18, 54, 31, 0)
s = 150: (0, 29, 11, 4, 11, 18, 13, 6, 13, 33, 21, 0)
s = 151: (0, 36, 6, 3, 9, 23, 16, 7, 28, 32, 26, 0)
s = 152: (0, 39, 7, 4, 6, 31, 10, 3, 18, 31, 34, 0)
s = 153: (0, 35, 10, 3, 8, 29, 9, 6, 31, 27, 23, 0)
s = 154: (0, 23, 5, 5, 12, 28, 13, 8, 33, 21, 23, 0)
s = 155: (0, 25, 8, 6, 7, 27, 10, 6, 30, 25, 26, 0)
s = 156: (0, 31, 8, 5, 9, 27, 17, 5, 17, 30, 26, 0)
s = 157: (0, 21, 9, 5, 9, 20, 22, 7, 31, 30, 35, 0)
s = 158: (0, 24, 10, 3, 8, 26, 12, 5, 27, 23, 37, 0)
s = 159: (0, 27, 6, 4, 8, 25, 9, 5, 15, 29, 39, 0)
s = 160: (0, 36, 10, 5, 10, 21, 17, 4, 16, 24, 46, 0)
s = 161: (0, 18, 13, 4, 6, 17, 17, 4, 26, 32, 29, 0)
s = 162: (0, 35, 13, 6, 9, 16, 15, 6, 24, 29, 31, 0)
s = 163: (0, 39, 7, 4, 7, 20, 19, 4, 29, 22, 26, 0)
s = 164: (0, 32, 5, 4, 8, 31, 12, 4, 15, 33, 27, 0)
s = 165: (0, 27, 9, 4, 10, 27, 17, 5, 15, 20, 40, 0)
s = 166: (0, 28, 7, 5, 16, 16, 13, 7, 34, 41, 43, 0)
s = 167: (0, 30, 6, 4, 8, 26, 11, 3, 21, 19, 23, 0)
s = 168: (0, 24, 9, 6, 13, 28, 18, 6, 19, 24, 26, 0)
s = 169: (0, 48, 9, 6, 10, 27, 13, 4, 22, 29, 27, 0)
s = 170: (0, 37, 7, 4, 7, 36, 17, 6, 32, 24, 25, 0)
s = 171: (0, 32, 6, 4, 7, 29, 14, 5, 18, 30, 33, 0)
s = 172: (0, 32, 11, 6, 8, 24, 13, 5, 17, 43, 21, 0)
s = 173: (0, 33, 8, 7, 10, 24, 15, 4, 37, 30, 38, 0)
s = 174: (0, 27, 8, 3, 10, 33, 10, 3, 18, 23, 43, 0)
s = 175: (0, 38, 9, 4, 10, 26, 18, 5, 27, 27, 36, 0)
s = 176: (0, 23, 8, 3, 6, 22, 13, 4, 26, 46, 42, 0)
s = 177: (0, 34, 8, 3, 6, 24, 11, 9, 17, 28, 25, 0)
s = 178: (0, 25, 6, 4, 7, 16, 12, 6, 15, 37, 54, 0)
s = 179: (0, 23, 6, 3, 8, 23, 12, 6, 23, 17, 30, 0)
s = 180: (0, 25, 9, 4, 5, 18, 13, 5, 37, 33, 52, 0)
s = 181: (0, 38, 12, 5, 8, 16, 14, 8, 38, 23, 22, 0)
s = 182: (0, 18, 6, 6, 10, 18, 13, 5, 25, 37, 35, 0)
s = 183: (0, 40, 9, 4, 8, 21, 24, 6, 20, 32, 43, 0)
s = 184: (0, 35, 9, 7, 7, 24, 13, 5, 22, 26, 29, 0)
s = 185: (0, 28, 7, 4, 7, 32, 13, 4, 24, 43, 26, 0)
s = 186: (0, 19, 5, 3, 11, 40, 17, 5, 23, 35, 41, 0)
s = 187: (0, 26, 9, 4, 6, 22, 19, 6, 28, 20, 35, 0)
s = 188: (0, 28, 9, 3, 7, 22, 25, 7, 38, 22, 45, 0)
s = 189: (0, 50, 11, 3, 7, 20, 9, 6, 31, 26, 20, 0)
s = 190: (0, 33, 10, 3, 13, 33, 10, 3, 15, 22, 46, 0)
s = 191: (0, 26, 5, 4, 12, 27, 13, 6, 17, 39, 37, 0)
s = 192: (0, 36, 10, 4, 6, 21, 20, 4, 13, 23, 45, 0)
s = 193: (0, 23, 5, 3, 9, 41, 14, 5, 31, 22, 30, 0)
s = 194: (0, 30, 10, 5, 11, 14, 22, 6, 24, 45, 35, 0)
s = 195: (0, 51, 10, 5, 14, 26, 14, 7, 34, 43, 27, 0)
s = 196: (0, 30, 7, 7, 6, 25, 10, 6, 16, 29, 22, 0)
s = 197: (0, 44, 6, 5, 13, 27, 22, 7, 21, 23, 25, 0)
s = 198: (0, 40, 11, 5, 10, 26, 15, 5, 35, 24, 35, 0)
s = 199: (0, 31, 6, 4, 13, 30, 15, 4, 25, 27, 21, 0)
s = 200: (0, 27, 9, 4, 8, 14, 12, 5, 15, 16, 27, 0)
************************************************************************
ES/LS-VALUES:
jobnr.   ES(i)    LS(i)
------------------------------------------------------------------------
  0        0        0
  1        0       65
  2        0       63
  3        0       63
  4        2       65
  5        2       67
  6        2       65
  7        7       71
  8       10       73
  9        7       73
 10        7       71
 11       15       79
************************************************************************
BIG-M-VALUES:
M1 = 48, M2 = 231
************************************************************************
