************************************************************************
file with basedata            : j60_17.bas
initial value random generator: 847166532
************************************************************************
projects                      :  1
jobs (incl. supersource/sink ):  62
horizon                       :  308
RESOURCES
  - renewable                 :  4   R
  - nonrenewable              :  0   N
  - doubly constrained        :  0   D
************************************************************************
PROJECT INFORMATION:
pronr.  #jobs rel.date duedate tardcost  MPM-Time
    1     60      0       68       21       68
************************************************************************
PRECEDENCE RELATIONS:
jobnr.    #modes  #successors   successors
   0        1          3           1   2   3
   1        1          3           6   8   9
   2        1          3          38  40  50
   3        1          3           4  11  19
   4        1          3           5   7  14
   5        1          3          12  17  30
   6        1          1          10
   7        1          1          15
   8        1          3          21  23  51
   9        1          2          32  41
  10        1          3          13  18  39
  11        1          3          16  27  47
  12        1          2          24  52
  13        1          1          24
  14        1          1          15
  15        1          3          37  43  46
  16        1          1          25
  17        1          1          42
  18        1          1          35
  19        1          2          20  26
  20        1          2          22  45
  21        1          1          26
  22        1          1          51
  23        1          1          33
  24        1          1          29
  25        1          2          28  48
  26        1          1          44
  27        1          2          31  50
  28        1          1          58
  29        1          2          31  44
  30        1          2          34  35
  31        1          2          36  54
  32        1          1          38
  33        1          1          38
  34        1          1          56
  35        1          2          40  58
  36        1          1          40
  37        1          1          53
  38        1          1          43
  39        1          1          60
  40        1          1          49
  41        1          2          43  59
  42        1          1          44
  43        1          1          48
  44        1          1          57
  45        1          1          51
  46        1          1          56
  47        1          1          57
  48        1          1          53
  49        1          1          55
  50        1          1          58
  51        1          2          55  56
  52        1          1          53
  53        1          1          54
  54        1          1          57
  55        1          1          59
  56        1          1          59
  57        1          1          60
  58        1          1          61
  59        1          1          61
  60        1          1          61
  61        1          0        
************************************************************************
REQUESTS/DURATIONS:
jobnr. mode duration  R 1  R 2  R 3  R 4  E(W 1)
------------------------------------------------------------------------
  0      1     0       0    0    0    0     0
  1      1     9       0    0    8    0    72
  2      1     2       5    0    0    0    10
  3      1     6       0    3    0    0    18
  4      1    10       2    0    0    0    20
  5      1     8       0    4    0    0    32
  6      1     8       0    0    0    8    64
  7      1     6       2    0    0    0    12
  8      1     1       0    0    0   10    10
  9      1     5       0    0    3    0    15
 10      1     2       0    0    0    8    16
 11      1     5       0    0   10    0    50
 12      1     2       0    0    0    4     8
 13      1    10       0    0    6    0    60
 14      1     5       8    0    0    0    40
 15      1     1       0    0    0    6     6
 16      1     2       0    4    0    0     8
 17      1     7       0    0    0    9    63
 18      1     5       0    0    0    1    10
 19      1     1       0    0    0    8     8
 20      1     4       0    0   10    0    40
 21      1    10       0    0    6    0    60
 22      1     1       0    0    0    6     6
 23      1     6       0    6    0    0    36
 24      1     6       0    0    0    7    42
 25      1     6       0    0    5    0    30
 26      1     3       6    0    0    0    18
 27      1     4       0    1    0    0     8
 28      1     1       0    0    3    0     3
 29      1     4       9    0    0    0    36
 30      1     2       0    2    0    0     4
 31      1     9       0    0    0    2    18
 32      1     3       0    0    0   10    30
 33      1     4       0    0    4    0    16
 34      1     3       5    0    0    0    15
 35      1     9       0    0    0    1    18
 36      1     8       0    6    0    0    48
 37      1     9       0    0    5    0    45
 38      1     5       0    0    0    2    10
 39      1    10       0    1    0    0    20
 40      1     1       5    0    0    0     5
 41      1    10      10    0    0    0    100
 42      1     7       0    0    2    0    14
 43      1     4       0    0    3    0    12
 44      1     3       0    0    5    0    15
 45      1     5       5    0    0    0    25
 46      1     1       4    0    0    0     4
 47      1     9       0    0    0   10    90
 48      1     4       2    0    0    0     8
 49      1     5       0    4    0    0    20
 50      1     6       0    0    6    0    36
 51      1     5       1    0    0    0    10
 52      1     8       0    0    0    9    72
 53      1    10       2    0    0    0    20
 54      1     1       0    0    8    0     8
 55      1     4       0    0    0    9    36
 56      1     1       0    2    0    0     2
 57      1     2       0    0    1    0     4
 58      1     9       8    0    0    0    72
 59      1     2       0    0    0    6    12
 60      1     9       0    0    0    6    54
 61      1     0       0    0    0    0     0
************************************************************************
RESOURCEAVAILABILITIES:
  R 1
   48
************************************************************************
RESOURCE LIMITS:
jobnr.  l(R 1)  u(R 1)
------------------------------------------------------------------------
  0        0       0
  1        4       8
  2        3       5
  3        2       3
  4        1       2
  5        2       4
  6        4       8
  7        1       2
  8        5      10
  9        2       3
 10        4       8
 11        5      10
 12        2       4
 13        3       6
 14        4       8
 15        3       6
 16        2       4
 17        5       9
 18        1       2
 19        4       8
 20        5      10
 21        3       6
 22        3       6
 23        3       6
 24        4       7
 25        3       5
 26        3       6
 27        1       2
 28        2       3
 29        5       9
 30        1       2
 31        1       2
 32        5      10
 33        2       4
 34        3       5
 35        1       2
 36        3       6
 37        3       5
 38        1       2
 39        1       2
 40        3       5
 41        5      10
 42        1       2
 43        2       3
 44        3       5
 45        3       5
 46        2       4
 47        5      10
 48        1       2
 49        2       4
 50        3       6
 51        1       2
 52        5       9
 53        1       2
 54        4       8
 55        5       9
 56        1       2
 57        1       2
 58        4       8
 59        3       6
 60        3       6
 61        0       0
************************************************************************
SCENARIOS:
------------------------------------------------------------------------
RESOURCE k = 1
s = 1: (0, 53, 9, 17, 21, 22, 49, 9, 8, 10, 11, 53, 6, 53, 32, 6, 6, 66, 18, 5, 49, 44, 7, 26, 60, 23, 14, 7, 5, 24, 4, 14, 34, 19, 16, 22, 42, 50, 14, 19, 8, 81, 16, 17, 22, 34, 3, 70, 6, 15, 38, 10, 55, 26, 9, 41, 2, 7, 76, 15, 32, 0)
s = 2: (0, 53, 7, 16, 22, 36, 50, 10, 8, 16, 17, 52, 6, 39, 42, 6, 6, 44, 8, 12, 42, 43, 7, 25, 28, 32, 24, 6, 3, 27, 4, 13, 25, 20, 12, 20, 64, 67, 8, 19, 4, 72, 13, 12, 19, 29, 5, 127, 8, 26, 29, 9, 61, 22, 10, 35, 2, 7, 83, 14, 53, 0)
s = 3: (0, 77, 6, 17, 12, 42, 45, 14, 12, 12, 21, 32, 7, 65, 23, 9, 5, 51, 12, 8, 36, 66, 7, 32, 45, 51, 31, 13, 3, 40, 7, 28, 22, 21, 20, 15, 35, 38, 12, 25, 6, 80, 11, 18, 16, 23, 4, 108, 12, 18, 35, 12, 60, 24, 5, 26, 3, 5, 78, 13, 55, 0)
s = 4: (0, 78, 8, 24, 19, 31, 41, 15, 11, 22, 10, 46, 9, 66, 33, 5, 5, 54, 12, 9, 32, 90, 8, 53, 34, 23, 12, 5, 3, 30, 5, 14, 43, 21, 13, 18, 59, 28, 10, 20, 8, 87, 12, 18, 20, 25, 4, 58, 8, 18, 60, 7, 60, 33, 7, 38, 2, 5, 70, 9, 45, 0)
s = 5: (0, 80, 10, 14, 20, 38, 79, 11, 12, 12, 15, 72, 6, 54, 36, 10, 7, 62, 14, 5, 31, 72, 5, 25, 33, 38, 17, 7, 5, 23, 4, 24, 40, 13, 9, 12, 36, 35, 9, 29, 5, 124, 27, 16, 10, 28, 5, 69, 7, 16, 42, 13, 98, 20, 7, 44, 2, 5, 73, 16, 56, 0)
s = 6: (0, 74, 7, 14, 28, 36, 46, 13, 13, 26, 12, 33, 9, 60, 31, 6, 13, 45, 12, 9, 50, 96, 6, 63, 53, 34, 13, 13, 5, 37, 6, 14, 26, 17, 9, 14, 50, 37, 9, 19, 7, 125, 25, 8, 26, 38, 3, 145, 6, 15, 38, 12, 87, 18, 5, 39, 4, 4, 67, 17, 41, 0)
s = 7: (0, 81, 8, 19, 24, 28, 63, 13, 10, 11, 18, 44, 10, 81, 43, 5, 11, 93, 11, 10, 31, 50, 4, 43, 46, 26, 30, 10, 3, 42, 4, 15, 33, 13, 19, 18, 51, 32, 13, 14, 6, 112, 19, 7, 10, 27, 6, 131, 9, 20, 22, 9, 76, 26, 7, 42, 2, 4, 116, 12, 55, 0)
s = 8: (0, 67, 11, 21, 30, 53, 57, 12, 9, 13, 18, 30, 10, 49, 39, 8, 14, 66, 13, 9, 40, 49, 4, 36, 31, 38, 13, 6, 4, 33, 5, 15, 30, 14, 14, 21, 52, 30, 7, 15, 5, 142, 13, 15, 15, 16, 3, 68, 7, 15, 51, 9, 67, 26, 13, 43, 2, 5, 66, 10, 63, 0)
s = 9: (0, 75, 8, 12, 16, 37, 90, 12, 7, 23, 20, 76, 10, 105, 49, 7, 9, 50, 10, 7, 58, 98, 6, 30, 35, 27, 13, 9, 4, 36, 4, 20, 24, 15, 12, 16, 45, 74, 14, 27, 5, 91, 15, 13, 18, 19, 4, 82, 6, 16, 69, 11, 108, 17, 8, 42, 3, 6, 47, 9, 67, 0)
s = 10: (0, 74, 8, 28, 25, 50, 75, 14, 9, 12, 13, 53, 6, 67, 35, 7, 13, 83, 13, 8, 54, 43, 6, 46, 33, 26, 10, 7, 4, 38, 4, 20, 27, 13, 17, 15, 55, 63, 13, 22, 4, 62, 13, 10, 16, 18, 5, 89, 5, 25, 43, 11, 47, 25, 9, 35, 3, 7, 82, 11, 84, 0)
s = 11: (0, 92, 10, 11, 24, 32, 53, 11, 11, 20, 10, 75, 10, 52, 28, 6, 8, 88, 11, 13, 27, 39, 4, 27, 63, 34, 14, 12, 3, 35, 5, 22, 25, 23, 17, 21, 42, 46, 7, 20, 7, 75, 21, 17, 18, 27, 6, 83, 6, 15, 45, 11, 46, 19, 7, 54, 2, 6, 65, 9, 78, 0)
s = 12: (0, 89, 8, 17, 30, 49, 84, 13, 11, 16, 16, 63, 9, 70, 33, 7, 8, 88, 11, 10, 27, 70, 4, 40, 50, 33, 21, 9, 5, 27, 5, 20, 19, 13, 13, 27, 54, 31, 9, 18, 7, 73, 8, 10, 8, 22, 4, 121, 9, 15, 29, 13, 56, 16, 10, 26, 2, 7, 63, 13, 74, 0)
s = 13: (0, 68, 12, 24, 17, 25, 50, 11, 8, 19, 21, 45, 13, 43, 39, 6, 8, 43, 10, 7, 41, 72, 7, 34, 34, 33, 22, 9, 3, 31, 3, 27, 46, 18, 20, 15, 35, 41, 12, 15, 7, 140, 23, 10, 19, 33, 4, 74, 11, 20, 34, 10, 67, 20, 8, 44, 3, 4, 56, 16, 64, 0)
s = 14: (0, 92, 6, 23, 22, 29, 107, 7, 17, 13, 18, 37, 10, 89, 26, 5, 9, 45, 8, 5, 31, 62, 5, 41, 48, 29, 12, 9, 3, 41, 5, 19, 35, 17, 19, 16, 86, 30, 14, 19, 5, 63, 25, 14, 13, 21, 4, 113, 11, 11, 21, 8, 98, 28, 9, 33, 3, 5, 91, 10, 49, 0)
s = 15: (0, 59, 15, 18, 18, 23, 55, 14, 17, 23, 16, 43, 7, 45, 26, 9, 9, 74, 16, 5, 30, 55, 5, 34, 42, 38, 20, 10, 3, 24, 5, 17, 40, 15, 9, 16, 59, 60, 10, 22, 6, 84, 18, 11, 14, 44, 7, 99, 10, 16, 43, 18, 80, 17, 6, 32, 2, 4, 114, 21, 39, 0)
s = 16: (0, 97, 14, 12, 23, 42, 59, 20, 8, 16, 11, 52, 7, 38, 28, 5, 10, 37, 9, 11, 31, 41, 4, 24, 44, 33, 20, 5, 5, 34, 6, 11, 30, 20, 27, 28, 64, 37, 13, 25, 6, 173, 23, 8, 18, 31, 5, 115, 11, 21, 41, 7, 93, 13, 10, 21, 2, 6, 63, 12, 38, 0)
s = 17: (0, 79, 8, 25, 29, 19, 97, 14, 9, 29, 19, 41, 10, 62, 42, 7, 10, 46, 14, 10, 23, 39, 7, 40, 29, 32, 29, 6, 3, 42, 5, 21, 37, 14, 14, 15, 40, 34, 11, 33, 6, 138, 17, 17, 21, 31, 7, 127, 8, 17, 33, 10, 52, 19, 11, 38, 3, 7, 55, 13, 59, 0)
s = 18: (0, 90, 11, 23, 19, 30, 48, 17, 9, 12, 23, 49, 10, 65, 36, 6, 7, 59, 8, 12, 48, 36, 8, 66, 29, 27, 15, 9, 3, 29, 3, 12, 22, 10, 21, 26, 53, 40, 16, 18, 4, 122, 16, 7, 15, 19, 3, 106, 12, 15, 30, 10, 56, 31, 14, 45, 2, 6, 59, 12, 30, 0)
s = 19: (0, 99, 10, 20, 23, 21, 59, 8, 12, 18, 17, 46, 6, 42, 36, 5, 7, 47, 12, 8, 42, 80, 9, 40, 27, 43, 33, 11, 3, 49, 4, 15, 38, 10, 18, 14, 29, 55, 9, 21, 4, 94, 18, 8, 17, 20, 5, 139, 7, 15, 21, 14, 99, 14, 7, 64, 3, 4, 112, 11, 50, 0)
s = 20: (0, 78, 14, 26, 28, 33, 52, 13, 9, 10, 18, 48, 7, 41, 25, 5, 8, 97, 17, 6, 47, 67, 8, 41, 32, 34, 18, 9, 4, 29, 4, 11, 29, 20, 16, 24, 45, 52, 10, 18, 6, 120, 10, 13, 19, 30, 6, 67, 11, 15, 26, 6, 87, 21, 11, 41, 2, 6, 50, 9, 39, 0)
s = 21: (0, 53, 9, 15, 19, 57, 57, 8, 11, 23, 15, 57, 8, 43, 42, 6, 5, 103, 17, 7, 54, 46, 6, 39, 64, 31, 19, 13, 3, 27, 5, 13, 23, 19, 8, 30, 33, 34, 9, 22, 6, 120, 15, 11, 17, 22, 4, 69, 10, 13, 41, 9, 80, 20, 9, 32, 2, 3, 51, 9, 53, 0)
s = 22: (0, 44, 7, 16, 12, 31, 93, 12, 7, 10, 16, 49, 7, 43, 43, 8, 9, 91, 8, 8, 43, 55, 10, 29, 53, 22, 31, 9, 3, 51, 7, 23, 28, 12, 16, 12, 67, 33, 12, 15, 6, 58, 17, 11, 22, 39, 6, 123, 9, 14, 44, 7, 42, 21, 9, 47, 2, 4, 83, 10, 33, 0)
s = 23: (0, 62, 11, 13, 15, 32, 65, 11, 9, 11, 12, 53, 11, 85, 42, 4, 9, 73, 9, 9, 57, 45, 7, 27, 42, 36, 23, 11, 4, 34, 3, 20, 28, 13, 8, 16, 50, 51, 9, 26, 5, 77, 10, 12, 14, 34, 6, 55, 10, 31, 25, 9, 86, 21, 7, 31, 4, 3, 55, 18, 60, 0)
s = 24: (0, 74, 14, 19, 17, 41, 60, 12, 12, 14, 18, 43, 13, 48, 55, 5, 12, 42, 9, 7, 65, 74, 4, 21, 41, 22, 30, 6, 2, 48, 5, 17, 37, 17, 15, 17, 36, 43, 8, 16, 7, 76, 20, 16, 13, 27, 5, 60, 9, 24, 44, 14, 99, 30, 5, 33, 2, 4, 90, 12, 37, 0)
s = 25: (0, 119, 14, 15, 20, 42, 59, 8, 10, 16, 13, 53, 11, 59, 46, 9, 11, 75, 13, 7, 32, 68, 11, 28, 38, 34, 15, 6, 3, 52, 5, 12, 32, 10, 12, 16, 64, 48, 6, 30, 4, 101, 15, 16, 17, 23, 4, 54, 10, 26, 59, 8, 81, 20, 11, 31, 2, 4, 43, 20, 69, 0)
s = 26: (0, 49, 11, 17, 17, 23, 52, 16, 11, 13, 15, 43, 6, 60, 28, 6, 5, 45, 7, 9, 28, 45, 10, 27, 50, 33, 21, 6, 4, 30, 5, 22, 26, 19, 20, 25, 36, 35, 6, 17, 6, 90, 12, 15, 16, 30, 4, 79, 10, 19, 26, 11, 95, 21, 6, 26, 2, 5, 61, 19, 61, 0)
s = 27: (0, 50, 17, 16, 17, 41, 73, 14, 11, 17, 9, 48, 10, 76, 49, 6, 10, 105, 18, 7, 34, 39, 9, 42, 38, 18, 12, 9, 3, 36, 3, 22, 33, 19, 18, 13, 55, 38, 8, 13, 3, 86, 14, 11, 23, 20, 8, 118, 6, 36, 30, 9, 65, 14, 8, 40, 2, 4, 106, 14, 49, 0)
s = 28: (0, 47, 8, 14, 21, 22, 88, 9, 7, 15, 26, 64, 9, 42, 38, 6, 9, 59, 10, 10, 24, 91, 6, 32, 34, 42, 24, 8, 6, 40, 4, 21, 18, 11, 21, 17, 55, 69, 13, 17, 4, 114, 10, 11, 15, 22, 6, 101, 6, 20, 42, 14, 79, 20, 7, 36, 4, 6, 48, 14, 40, 0)
s = 29: (0, 78, 13, 18, 29, 40, 66, 12, 15, 14, 13, 48, 6, 74, 52, 4, 10, 59, 14, 6, 33, 101, 5, 50, 55, 24, 14, 7, 3, 57, 4, 21, 41, 13, 13, 29, 87, 35, 9, 21, 5, 104, 17, 12, 16, 16, 5, 79, 15, 15, 41, 10, 70, 13, 9, 47, 3, 6, 54, 12, 69, 0)
s = 30: (0, 65, 10, 19, 14, 34, 57, 12, 6, 10, 15, 66, 7, 76, 27, 5, 10, 50, 7, 9, 64, 68, 7, 23, 30, 40, 17, 9, 4, 47, 7, 19, 35, 18, 16, 18, 39, 49, 7, 26, 5, 118, 14, 13, 12, 22, 6, 122, 9, 20, 28, 7, 65, 20, 7, 35, 3, 5, 44, 12, 31, 0)
s = 31: (0, 53, 11, 14, 14, 37, 83, 9, 10, 13, 12, 56, 13, 83, 27, 4, 5, 39, 8, 11, 32, 41, 7, 27, 45, 23, 29, 11, 5, 48, 3, 15, 37, 16, 16, 29, 74, 36, 9, 22, 7, 80, 9, 12, 11, 20, 5, 63, 10, 24, 27, 7, 108, 22, 8, 38, 2, 5, 63, 21, 36, 0)
s = 32: (0, 68, 6, 14, 20, 34, 57, 15, 12, 24, 22, 55, 7, 61, 51, 7, 12, 68, 18, 10, 32, 65, 4, 48, 37, 30, 11, 5, 3, 45, 7, 23, 25, 23, 20, 16, 33, 28, 11, 23, 7, 90, 21, 11, 15, 22, 4, 109, 9, 15, 24, 14, 109, 14, 8, 41, 3, 4, 76, 8, 51, 0)
s = 33: (0, 118, 12, 19, 22, 33, 52, 14, 9, 13, 18, 78, 6, 70, 40, 5, 9, 97, 9, 7, 65, 39, 5, 43, 31, 37, 24, 6, 4, 47, 5, 22, 18, 12, 12, 18, 70, 47, 9, 15, 9, 119, 16, 10, 25, 28, 4, 67, 6, 16, 33, 6, 63, 12, 6, 39, 2, 4, 85, 10, 48, 0)
s = 34: (0, 53, 10, 28, 22, 31, 65, 9, 14, 13, 16, 73, 13, 36, 48, 9, 12, 62, 16, 5, 24, 34, 4, 42, 36, 36, 21, 6, 3, 27, 5, 21, 30, 10, 11, 20, 50, 59, 7, 16, 5, 89, 11, 10, 9, 22, 6, 110, 6, 16, 39, 8, 82, 22, 9, 55, 2, 4, 67, 8, 49, 0)
s = 35: (0, 66, 8, 11, 15, 22, 52, 15, 11, 13, 14, 64, 7, 42, 38, 10, 10, 57, 12, 10, 42, 73, 10, 43, 47, 32, 17, 5, 4, 31, 4, 15, 35, 15, 14, 28, 28, 47, 9, 12, 7, 102, 11, 9, 17, 26, 3, 82, 8, 22, 42, 9, 104, 28, 9, 33, 2, 4, 56, 9, 49, 0)
s = 36: (0, 87, 7, 15, 26, 30, 74, 13, 14, 22, 15, 60, 9, 67, 63, 6, 12, 55, 12, 8, 33, 62, 6, 46, 44, 40, 20, 11, 4, 26, 6, 24, 17, 29, 17, 22, 40, 50, 13, 21, 4, 97, 16, 16, 17, 26, 4, 59, 8, 21, 39, 7, 79, 21, 13, 34, 3, 5, 64, 12, 51, 0)
s = 37: (0, 65, 10, 11, 20, 32, 46, 11, 7, 16, 19, 41, 6, 58, 36, 4, 10, 62, 9, 12, 36, 44, 10, 61, 27, 33, 23, 10, 3, 54, 4, 21, 42, 18, 12, 21, 44, 31, 13, 14, 3, 113, 10, 18, 13, 33, 6, 55, 7, 18, 34, 9, 107, 13, 10, 42, 4, 4, 69, 10, 41, 0)
s = 38: (0, 76, 13, 10, 20, 19, 55, 9, 7, 16, 10, 69, 8, 50, 43, 12, 9, 71, 11, 13, 31, 42, 6, 42, 36, 18, 13, 10, 5, 31, 4, 19, 34, 18, 12, 19, 81, 41, 8, 21, 10, 97, 20, 13, 11, 28, 6, 64, 13, 22, 38, 15, 44, 25, 8, 41, 2, 6, 99, 18, 64, 0)
s = 39: (0, 53, 14, 14, 25, 28, 72, 8, 9, 22, 11, 49, 7, 96, 38, 6, 6, 61, 12, 13, 37, 52, 7, 45, 40, 31, 12, 6, 3, 43, 3, 16, 50, 26, 13, 20, 56, 31, 13, 21, 6, 136, 13, 15, 11, 32, 6, 99, 6, 24, 35, 8, 62, 17, 6, 23, 3, 6, 77, 12, 84, 0)
s = 40: (0, 99, 9, 15, 21, 32, 56, 15, 9, 15, 12, 43, 9, 52, 30, 5, 14, 68, 7, 6, 48, 82, 8, 35, 75, 27, 20, 6, 3, 30, 5, 10, 52, 13, 19, 27, 32, 60, 7, 17, 6, 91, 22, 15, 17, 20, 4, 97, 9, 20, 26, 9, 89, 16, 6, 33, 2, 5, 59, 14, 40, 0)
s = 41: (0, 72, 12, 14, 26, 32, 60, 15, 9, 24, 16, 35, 8, 50, 61, 5, 12, 42, 10, 5, 22, 88, 6, 29, 50, 26, 24, 7, 3, 32, 5, 16, 24, 11, 12, 11, 40, 27, 12, 25, 5, 146, 21, 12, 12, 15, 4, 94, 8, 23, 58, 8, 84, 12, 6, 23, 2, 5, 52, 12, 67, 0)
s = 42: (0, 89, 14, 15, 15, 42, 43, 9, 12, 23, 15, 36, 10, 51, 36, 5, 6, 96, 11, 10, 30, 44, 6, 35, 36, 59, 16, 7, 3, 40, 7, 14, 27, 21, 15, 19, 43, 50, 10, 17, 4, 77, 14, 9, 9, 23, 4, 127, 6, 16, 25, 8, 73, 16, 8, 38, 2, 5, 90, 9, 52, 0)
s = 43: (0, 58, 7, 26, 18, 31, 51, 8, 9, 23, 23, 35, 11, 46, 39, 7, 10, 60, 7, 9, 33, 48, 9, 46, 29, 29, 12, 8, 3, 35, 6, 15, 38, 22, 10, 24, 46, 42, 11, 18, 5, 125, 11, 12, 14, 29, 6, 68, 11, 21, 46, 10, 78, 20, 8, 47, 2, 4, 60, 11, 63, 0)
s = 44: (0, 117, 11, 18, 19, 41, 40, 13, 12, 29, 22, 45, 7, 82, 50, 7, 7, 42, 8, 8, 40, 68, 10, 29, 48, 36, 18, 8, 3, 22, 6, 17, 19, 15, 24, 15, 55, 65, 12, 21, 4, 69, 24, 10, 10, 27, 4, 129, 9, 32, 23, 14, 84, 25, 6, 25, 2, 6, 81, 10, 52, 0)
s = 45: (0, 56, 6, 10, 30, 25, 81, 13, 8, 18, 18, 58, 9, 38, 25, 7, 10, 55, 13, 10, 27, 68, 7, 37, 40, 25, 14, 11, 4, 42, 4, 17, 24, 16, 9, 21, 82, 42, 12, 20, 4, 130, 11, 15, 19, 13, 5, 65, 10, 11, 26, 15, 45, 16, 12, 36, 2, 7, 54, 7, 67, 0)
s = 46: (0, 60, 10, 25, 12, 18, 51, 17, 12, 11, 11, 46, 6, 47, 48, 6, 5, 47, 7, 7, 40, 48, 4, 55, 46, 23, 16, 7, 4, 29, 3, 22, 37, 18, 11, 21, 42, 45, 8, 15, 3, 101, 19, 13, 21, 30, 5, 75, 6, 20, 53, 8, 74, 12, 16, 39, 2, 4, 51, 16, 37, 0)
s = 47: (0, 102, 10, 12, 26, 25, 62, 9, 11, 14, 15, 54, 7, 77, 31, 7, 7, 48, 11, 7, 52, 37, 6, 46, 27, 30, 27, 9, 3, 41, 4, 25, 35, 13, 12, 12, 31, 75, 7, 27, 7, 143, 11, 9, 13, 26, 5, 77, 6, 19, 35, 7, 46, 30, 9, 41, 2, 5, 76, 11, 53, 0)
s = 48: (0, 78, 11, 27, 19, 38, 53, 12, 14, 10, 19, 52, 9, 48, 31, 8, 6, 104, 11, 9, 36, 62, 7, 50, 29, 36, 16, 6, 3, 53, 4, 17, 20, 22, 19, 15, 35, 46, 7, 17, 4, 105, 23, 11, 17, 23, 5, 67, 9, 23, 49, 10, 121, 23, 5, 51, 2, 4, 83, 11, 56, 0)
s = 49: (0, 67, 15, 26, 20, 33, 60, 16, 13, 15, 10, 63, 5, 102, 31, 8, 7, 48, 13, 10, 46, 57, 10, 28, 37, 35, 23, 6, 5, 39, 4, 11, 45, 18, 11, 24, 56, 53, 11, 15, 6, 130, 15, 12, 12, 15, 3, 122, 12, 21, 38, 11, 99, 23, 8, 51, 2, 4, 68, 11, 63, 0)
s = 50: (0, 77, 13, 21, 25, 26, 73, 17, 9, 12, 19, 59, 8, 70, 38, 7, 7, 101, 9, 8, 40, 41, 5, 34, 44, 35, 17, 9, 3, 33, 3, 21, 26, 13, 14, 21, 53, 37, 16, 20, 5, 125, 11, 11, 16, 15, 4, 120, 7, 31, 57, 9, 39, 14, 10, 53, 3, 3, 55, 15, 39, 0)
s = 51: (0, 104, 14, 15, 15, 46, 59, 15, 9, 15, 14, 79, 8, 49, 25, 4, 6, 91, 12, 7, 49, 57, 6, 35, 31, 39, 18, 11, 6, 39, 4, 16, 35, 13, 15, 23, 43, 72, 8, 25, 8, 98, 19, 9, 12, 29, 6, 101, 6, 22, 42, 8, 82, 31, 10, 54, 2, 6, 63, 8, 80, 0)
s = 52: (0, 54, 11, 15, 17, 46, 74, 9, 9, 15, 13, 41, 7, 59, 58, 6, 8, 48, 16, 9, 29, 49, 6, 39, 55, 21, 28, 7, 3, 47, 4, 22, 37, 21, 11, 16, 61, 47, 9, 15, 6, 103, 13, 9, 18, 29, 4, 101, 11, 23, 26, 8, 77, 23, 12, 31, 3, 5, 63, 9, 73, 0)
s = 53: (0, 46, 8, 15, 20, 36, 80, 9, 8, 20, 21, 39, 9, 90, 22, 5, 14, 39, 14, 6, 25, 80, 6, 24, 48, 27, 16, 11, 4, 32, 6, 14, 45, 24, 12, 21, 29, 27, 13, 14, 6, 121, 14, 10, 17, 18, 7, 122, 7, 12, 34, 14, 93, 18, 6, 49, 2, 5, 53, 13, 42, 0)
s = 54: (0, 42, 14, 19, 20, 35, 36, 12, 12, 21, 20, 39, 12, 93, 43, 6, 9, 55, 11, 8, 48, 65, 6, 36, 37, 36, 14, 11, 2, 66, 3, 29, 33, 10, 13, 14, 63, 47, 15, 18, 3, 153, 17, 13, 13, 30, 9, 146, 10, 30, 54, 16, 72, 24, 6, 31, 3, 5, 101, 20, 41, 0)
s = 55: (0, 81, 8, 14, 16, 25, 107, 11, 10, 18, 16, 57, 7, 65, 35, 6, 10, 48, 9, 12, 41, 52, 7, 35, 47, 25, 29, 12, 2, 34, 5, 19, 25, 21, 17, 26, 35, 51, 9, 21, 7, 151, 22, 13, 13, 41, 6, 112, 8, 13, 35, 8, 50, 18, 10, 53, 3, 5, 70, 10, 44, 0)
s = 56: (0, 59, 10, 18, 26, 34, 52, 12, 11, 16, 19, 30, 12, 52, 38, 8, 8, 76, 13, 8, 29, 94, 5, 27, 44, 20, 31, 7, 3, 36, 3, 14, 26, 18, 13, 21, 30, 30, 13, 22, 8, 115, 11, 14, 16, 32, 5, 54, 6, 18, 40, 10, 62, 15, 15, 46, 4, 3, 64, 11, 55, 0)
s = 57: (0, 93, 15, 15, 19, 33, 40, 13, 7, 17, 25, 57, 10, 108, 48, 5, 9, 34, 12, 7, 39, 61, 6, 25, 54, 51, 15, 6, 3, 36, 3, 20, 31, 11, 15, 16, 45, 63, 10, 13, 5, 59, 17, 12, 10, 17, 5, 66, 8, 20, 31, 11, 67, 13, 8, 43, 3, 3, 78, 9, 43, 0)
s = 58: (0, 66, 9, 24, 22, 22, 63, 8, 10, 14, 14, 51, 7, 52, 40, 5, 7, 65, 15, 8, 71, 42, 5, 23, 36, 31, 18, 12, 4, 30, 5, 11, 48, 24, 19, 16, 62, 56, 17, 14, 4, 118, 15, 11, 10, 16, 6, 66, 10, 12, 37, 15, 71, 32, 11, 35, 2, 6, 64, 13, 67, 0)
s = 59: (0, 42, 10, 25, 18, 21, 53, 11, 12, 19, 12, 49, 11, 74, 40, 8, 6, 51, 9, 7, 50, 37, 8, 55, 35, 43, 24, 8, 4, 30, 5, 29, 36, 13, 10, 19, 39, 33, 7, 17, 7, 114, 11, 14, 18, 29, 5, 120, 8, 22, 25, 6, 53, 36, 13, 27, 3, 4, 58, 13, 71, 0)
s = 60: (0, 50, 13, 27, 15, 46, 70, 14, 11, 14, 17, 55, 11, 37, 45, 6, 13, 50, 10, 7, 32, 64, 4, 51, 51, 25, 15, 8, 3, 34, 3, 17, 22, 14, 16, 13, 64, 44, 9, 16, 5, 105, 10, 11, 27, 29, 3, 77, 8, 29, 24, 7, 90, 20, 7, 49, 2, 5, 122, 14, 51, 0)
s = 61: (0, 69, 8, 20, 15, 37, 49, 12, 10, 11, 19, 44, 6, 38, 39, 10, 8, 91, 13, 6, 49, 40, 5, 25, 39, 43, 22, 7, 3, 34, 3, 16, 39, 16, 19, 16, 56, 56, 14, 14, 5, 94, 20, 14, 13, 30, 6, 81, 7, 22, 45, 14, 46, 19, 6, 39, 3, 7, 95, 15, 73, 0)
s = 62: (0, 51, 15, 14, 20, 30, 49, 15, 7, 26, 10, 37, 6, 34, 61, 8, 6, 65, 9, 5, 44, 80, 4, 43, 44, 18, 10, 9, 4, 46, 3, 18, 22, 12, 20, 23, 39, 64, 9, 22, 7, 73, 15, 13, 17, 18, 4, 84, 8, 22, 36, 7, 38, 14, 12, 34, 2, 7, 57, 13, 50, 0)
s = 63: (0, 46, 14, 22, 21, 20, 55, 10, 10, 16, 10, 36, 7, 49, 52, 7, 9, 47, 9, 7, 27, 48, 7, 30, 42, 39, 13, 10, 3, 34, 6, 23, 22, 15, 12, 19, 56, 43, 8, 32, 4, 133, 12, 8, 17, 21, 4, 63, 8, 19, 28, 12, 65, 11, 10, 27, 3, 3, 79, 13, 67, 0)
s = 64: (0, 48, 8, 19, 17, 45, 53, 14, 9, 16, 21, 55, 9, 44, 41, 5, 11, 66, 10, 6, 34, 60, 4, 24, 43, 21, 19, 8, 3, 30, 4, 11, 32, 16, 9, 21, 73, 45, 6, 19, 8, 97, 16, 19, 17, 20, 6, 69, 8, 23, 43, 12, 87, 13, 8, 55, 2, 4, 79, 13, 40, 0)
s = 65: (0, 91, 11, 22, 17, 24, 40, 20, 15, 10, 16, 36, 11, 58, 55, 7, 11, 47, 17, 10, 34, 87, 4, 36, 32, 36, 24, 8, 6, 25, 4, 11, 34, 11, 19, 28, 34, 44, 15, 23, 6, 138, 18, 17, 11, 26, 5, 132, 10, 18, 20, 9, 74, 15, 8, 34, 2, 4, 110, 20, 39, 0)
s = 66: (0, 55, 14, 18, 25, 43, 75, 13, 11, 18, 14, 50, 8, 70, 62, 5, 6, 52, 7, 8, 53, 78, 8, 47, 33, 33, 32, 7, 4, 41, 4, 17, 36, 18, 20, 18, 52, 65, 11, 16, 7, 81, 19, 12, 16, 18, 6, 151, 9, 15, 48, 9, 50, 22, 6, 38, 3, 6, 65, 8, 90, 0)
s = 67: (0, 73, 8, 11, 17, 37, 80, 16, 9, 12, 9, 58, 11, 53, 26, 5, 12, 56, 10, 6, 32, 58, 8, 22, 71, 26, 22, 9, 2, 42, 6, 24, 17, 15, 12, 17, 59, 37, 10, 25, 4, 127, 20, 11, 17, 20, 5, 84, 6, 19, 35, 11, 69, 34, 15, 37, 3, 3, 72, 17, 68, 0)
s = 68: (0, 73, 11, 18, 21, 45, 62, 7, 11, 28, 10, 54, 5, 45, 61, 11, 9, 72, 8, 10, 29, 51, 5, 48, 36, 18, 18, 6, 5, 25, 6, 25, 51, 23, 14, 12, 39, 34, 11, 34, 7, 94, 17, 11, 21, 23, 6, 54, 6, 15, 36, 9, 75, 14, 8, 37, 3, 4, 53, 16, 38, 0)
s = 69: (0, 90, 9, 13, 15, 25, 104, 13, 7, 16, 21, 40, 10, 75, 35, 5, 6, 78, 9, 8, 53, 39, 8, 32, 37, 52, 33, 13, 3, 28, 5, 16, 29, 19, 9, 14, 63, 36, 11, 27, 7, 132, 18, 24, 13, 35, 5, 80, 9, 16, 44, 9, 60, 19, 7, 29, 3, 5, 107, 14, 72, 0)
s = 70: (0, 74, 10, 18, 20, 29, 45, 14, 13, 20, 20, 42, 10, 41, 59, 8, 7, 62, 14, 9, 48, 53, 6, 30, 26, 27, 13, 6, 5, 29, 5, 30, 31, 14, 15, 11, 50, 56, 8, 28, 4, 89, 25, 9, 24, 19, 4, 98, 7, 18, 52, 6, 57, 18, 9, 22, 3, 6, 65, 12, 60, 0)
s = 71: (0, 103, 10, 27, 24, 24, 65, 10, 7, 14, 15, 60, 7, 41, 58, 5, 7, 100, 9, 7, 80, 50, 4, 22, 37, 20, 23, 10, 2, 29, 5, 23, 19, 12, 12, 21, 62, 42, 8, 18, 4, 67, 14, 13, 10, 27, 5, 113, 7, 13, 36, 11, 48, 25, 6, 46, 2, 3, 73, 17, 85, 0)
s = 72: (0, 65, 9, 13, 31, 30, 64, 9, 14, 14, 23, 59, 13, 63, 32, 4, 8, 40, 9, 11, 29, 57, 9, 32, 28, 34, 24, 7, 2, 31, 6, 15, 24, 19, 20, 21, 54, 56, 7, 29, 3, 145, 19, 18, 13, 22, 5, 93, 10, 24, 26, 9, 61, 16, 12, 37, 3, 5, 66, 7, 74, 0)
s = 73: (0, 73, 7, 25, 29, 41, 48, 13, 11, 11, 13, 84, 11, 76, 45, 6, 7, 39, 6, 5, 35, 70, 5, 21, 43, 33, 25, 11, 3, 29, 5, 17, 22, 25, 18, 13, 64, 43, 14, 32, 5, 94, 10, 10, 17, 34, 3, 140, 5, 16, 44, 17, 55, 26, 5, 43, 2, 4, 39, 9, 64, 0)
s = 74: (0, 97, 7, 17, 16, 42, 44, 19, 7, 27, 17, 35, 7, 88, 51, 6, 7, 71, 10, 12, 39, 50, 7, 48, 48, 35, 11, 6, 3, 42, 3, 22, 25, 19, 16, 21, 62, 37, 8, 13, 6, 86, 21, 19, 11, 21, 3, 83, 7, 17, 43, 12, 49, 18, 11, 22, 2, 5, 120, 17, 32, 0)
s = 75: (0, 91, 8, 33, 28, 42, 65, 10, 7, 10, 14, 48, 5, 103, 49, 7, 8, 68, 10, 5, 34, 67, 5, 35, 36, 28, 15, 7, 5, 63, 4, 16, 37, 13, 13, 12, 41, 45, 15, 31, 6, 63, 9, 13, 15, 17, 3, 120, 7, 26, 31, 8, 85, 27, 13, 35, 2, 4, 67, 14, 48, 0)
s = 76: (0, 44, 17, 14, 22, 28, 94, 11, 7, 12, 14, 35, 6, 51, 57, 6, 9, 47, 11, 7, 44, 36, 7, 26, 35, 27, 16, 5, 3, 41, 4, 29, 46, 28, 14, 21, 56, 44, 7, 22, 4, 152, 15, 16, 15, 25, 4, 128, 9, 25, 29, 6, 90, 14, 6, 26, 3, 4, 68, 7, 50, 0)
s = 77: (0, 112, 14, 25, 19, 33, 59, 13, 9, 19, 27, 32, 9, 99, 57, 7, 9, 45, 7, 8, 35, 64, 5, 27, 48, 20, 28, 11, 3, 35, 5, 30, 40, 16, 12, 26, 47, 46, 10, 17, 6, 64, 21, 11, 15, 35, 4, 71, 11, 26, 21, 10, 64, 23, 8, 30, 3, 3, 64, 7, 81, 0)
s = 78: (0, 123, 10, 19, 22, 34, 102, 10, 13, 14, 11, 69, 7, 56, 55, 6, 13, 87, 11, 5, 38, 91, 4, 35, 61, 21, 17, 8, 3, 31, 5, 19, 25, 10, 18, 23, 90, 29, 9, 24, 8, 92, 17, 9, 12, 35, 4, 111, 8, 22, 26, 7, 71, 24, 7, 31, 2, 4, 54, 11, 40, 0)
s = 79: (0, 60, 12, 11, 26, 31, 116, 8, 7, 12, 16, 36, 5, 45, 37, 9, 12, 62, 13, 8, 39, 72, 6, 34, 32, 44, 13, 14, 4, 49, 3, 13, 35, 12, 23, 15, 70, 63, 16, 26, 4, 108, 24, 14, 14, 21, 4, 100, 12, 29, 29, 12, 71, 12, 7, 38, 3, 4, 64, 16, 41, 0)
s = 80: (0, 51, 7, 16, 22, 33, 78, 12, 6, 22, 14, 40, 8, 72, 42, 6, 9, 77, 8, 10, 25, 72, 7, 30, 46, 23, 16, 9, 3, 49, 7, 12, 56, 20, 10, 22, 37, 56, 9, 27, 4, 82, 16, 12, 15, 38, 6, 63, 11, 12, 27, 13, 59, 14, 7, 43, 4, 5, 68, 12, 51, 0)
s = 81: (0, 56, 10, 12, 25, 31, 92, 8, 9, 16, 18, 38, 9, 57, 41, 8, 12, 96, 10, 7, 62, 41, 4, 58, 35, 19, 14, 12, 4, 44, 5, 13, 21, 13, 17, 20, 39, 77, 13, 14, 7, 109, 18, 10, 11, 28, 3, 69, 12, 20, 39, 7, 107, 20, 8, 22, 2, 4, 112, 18, 74, 0)
s = 82: (0, 92, 7, 22, 23, 32, 53, 12, 8, 14, 15, 60, 11, 54, 28, 5, 6, 44, 16, 6, 35, 60, 4, 24, 60, 39, 26, 5, 5, 25, 4, 22, 30, 20, 12, 16, 39, 30, 9, 18, 6, 82, 14, 15, 15, 29, 7, 64, 9, 20, 38, 7, 81, 20, 5, 30, 2, 4, 63, 14, 62, 0)
s = 83: (0, 51, 6, 21, 22, 32, 73, 19, 16, 15, 13, 30, 9, 62, 45, 7, 9, 80, 17, 6, 39, 36, 6, 29, 48, 37, 10, 7, 4, 60, 4, 11, 23, 11, 13, 23, 42, 69, 9, 18, 5, 79, 16, 11, 23, 26, 3, 123, 6, 14, 53, 7, 80, 16, 12, 31, 2, 7, 69, 8, 53, 0)
s = 84: (0, 100, 11, 22, 13, 23, 69, 8, 11, 29, 18, 56, 7, 71, 46, 7, 10, 58, 7, 8, 35, 42, 8, 26, 50, 33, 11, 13, 4, 26, 3, 13, 24, 18, 13, 21, 54, 63, 9, 16, 6, 106, 11, 19, 11, 26, 5, 118, 9, 18, 37, 9, 53, 13, 8, 44, 2, 4, 115, 10, 45, 0)
s = 85: (0, 75, 10, 16, 21, 25, 69, 10, 6, 14, 22, 49, 7, 53, 26, 11, 12, 51, 10, 11, 36, 54, 5, 32, 45, 24, 18, 9, 4, 47, 3, 17, 20, 16, 16, 12, 46, 74, 11, 22, 6, 134, 14, 15, 20, 30, 3, 104, 6, 12, 36, 10, 64, 17, 5, 24, 2, 5, 61, 12, 82, 0)
s = 86: (0, 118, 11, 15, 18, 38, 63, 7, 8, 23, 22, 31, 12, 64, 33, 8, 10, 38, 19, 12, 28, 50, 7, 46, 41, 32, 19, 6, 3, 38, 6, 14, 32, 18, 13, 12, 52, 55, 14, 27, 4, 71, 15, 9, 16, 28, 7, 60, 9, 16, 46, 12, 61, 23, 8, 22, 3, 4, 81, 10, 55, 0)
s = 87: (0, 104, 12, 16, 29, 32, 46, 21, 13, 17, 22, 45, 6, 70, 40, 4, 6, 65, 11, 9, 43, 53, 5, 28, 29, 24, 15, 6, 4, 27, 4, 26, 28, 18, 17, 16, 33, 83, 8, 19, 5, 82, 15, 15, 18, 17, 4, 64, 9, 17, 51, 9, 82, 25, 6, 49, 3, 4, 45, 11, 32, 0)
s = 88: (0, 112, 9, 13, 13, 28, 72, 11, 12, 14, 17, 52, 9, 105, 44, 7, 7, 41, 7, 14, 34, 32, 10, 37, 25, 34, 16, 5, 3, 45, 4, 29, 34, 17, 18, 28, 38, 51, 9, 14, 6, 139, 11, 15, 11, 21, 4, 90, 7, 20, 29, 11, 114, 15, 6, 29, 2, 4, 63, 10, 54, 0)
s = 89: (0, 61, 16, 14, 29, 41, 90, 14, 13, 17, 11, 59, 6, 60, 46, 6, 6, 61, 6, 7, 28, 45, 8, 55, 43, 34, 12, 6, 3, 52, 5, 24, 52, 17, 12, 20, 32, 71, 8, 13, 4, 149, 23, 13, 16, 32, 3, 120, 5, 29, 46, 8, 40, 24, 8, 33, 3, 3, 64, 13, 75, 0)
s = 90: (0, 67, 8, 14, 20, 39, 80, 17, 11, 19, 19, 43, 10, 78, 54, 5, 6, 44, 11, 8, 31, 33, 9, 32, 75, 24, 32, 11, 4, 24, 4, 11, 25, 12, 14, 22, 38, 45, 6, 35, 5, 175, 16, 10, 19, 27, 4, 64, 6, 28, 37, 12, 43, 29, 5, 30, 2, 7, 64, 9, 69, 0)
s = 91: (0, 63, 7, 25, 17, 19, 95, 16, 8, 14, 19, 42, 7, 75, 49, 6, 6, 80, 11, 13, 34, 39, 6, 38, 44, 21, 14, 11, 3, 34, 5, 18, 25, 18, 15, 14, 51, 59, 8, 26, 5, 76, 21, 9, 14, 40, 3, 89, 6, 21, 22, 10, 69, 28, 10, 62, 4, 3, 93, 10, 70, 0)
s = 92: (0, 66, 10, 25, 24, 31, 44, 15, 9, 19, 26, 35, 7, 90, 25, 6, 10, 77, 11, 10, 25, 47, 8, 28, 74, 24, 17, 8, 3, 24, 5, 26, 41, 12, 15, 21, 38, 51, 14, 15, 4, 145, 9, 10, 11, 22, 4, 85, 9, 24, 38, 15, 90, 13, 10, 63, 4, 5, 110, 7, 38, 0)
s = 93: (0, 102, 8, 14, 21, 38, 65, 18, 8, 17, 24, 49, 8, 84, 27, 6, 7, 37, 7, 11, 21, 52, 4, 37, 29, 30, 24, 11, 4, 37, 4, 18, 23, 15, 11, 20, 48, 30, 7, 16, 4, 103, 14, 14, 10, 25, 4, 76, 6, 26, 30, 7, 54, 30, 9, 47, 3, 5, 84, 19, 70, 0)
s = 94: (0, 58, 11, 17, 25, 29, 44, 11, 9, 19, 15, 44, 5, 89, 52, 7, 6, 72, 9, 9, 30, 44, 11, 41, 52, 24, 13, 11, 4, 31, 5, 25, 30, 16, 12, 25, 69, 65, 9, 16, 6, 127, 10, 13, 19, 16, 6, 80, 6, 26, 47, 16, 100, 15, 7, 32, 3, 6, 90, 18, 58, 0)
s = 95: (0, 57, 14, 27, 26, 31, 66, 11, 13, 8, 11, 32, 9, 47, 44, 7, 5, 70, 11, 7, 34, 54, 4, 24, 31, 54, 10, 6, 3, 32, 4, 20, 24, 17, 21, 20, 34, 38, 11, 16, 5, 88, 11, 13, 18, 33, 4, 78, 7, 21, 39, 12, 67, 23, 9, 22, 3, 5, 82, 8, 54, 0)
s = 96: (0, 84, 9, 11, 17, 27, 74, 9, 12, 11, 19, 87, 11, 94, 40, 8, 9, 36, 7, 10, 43, 42, 5, 36, 59, 28, 21, 7, 5, 52, 5, 11, 24, 17, 13, 22, 32, 61, 11, 22, 5, 73, 9, 17, 18, 15, 5, 117, 9, 15, 25, 7, 81, 16, 13, 38, 3, 5, 52, 15, 34, 0)
s = 97: (0, 54, 13, 13, 31, 54, 39, 9, 8, 14, 10, 69, 11, 70, 29, 9, 11, 80, 14, 7, 28, 86, 7, 36, 28, 43, 12, 11, 5, 24, 4, 17, 40, 16, 15, 28, 56, 49, 11, 17, 4, 87, 18, 12, 16, 37, 3, 107, 9, 15, 37, 15, 91, 22, 9, 39, 3, 4, 82, 14, 63, 0)
s = 98: (0, 78, 16, 18, 20, 23, 56, 10, 7, 11, 11, 42, 8, 34, 37, 8, 11, 38, 15, 10, 57, 99, 7, 36, 41, 42, 14, 7, 4, 32, 6, 17, 20, 15, 15, 19, 49, 67, 8, 17, 5, 122, 18, 9, 18, 18, 6, 103, 10, 18, 47, 11, 40, 13, 11, 52, 2, 3, 111, 14, 42, 0)
s = 99: (0, 78, 10, 19, 21, 40, 56, 10, 8, 13, 14, 39, 7, 71, 38, 7, 11, 38, 10, 9, 53, 35, 8, 32, 49, 57, 19, 9, 6, 27, 6, 21, 26, 10, 11, 21, 61, 65, 7, 23, 5, 72, 15, 11, 13, 20, 4, 96, 6, 26, 45, 10, 53, 24, 8, 45, 3, 5, 45, 8, 76, 0)
s = 100: (0, 81, 10, 21, 20, 31, 75, 10, 8, 17, 13, 35, 12, 68, 60, 7, 11, 88, 13, 5, 36, 41, 7, 22, 24, 30, 17, 7, 5, 51, 6, 18, 24, 10, 12, 21, 34, 41, 8, 39, 5, 133, 12, 20, 13, 42, 3, 142, 11, 25, 26, 10, 87, 14, 6, 21, 3, 4, 81, 12, 39, 0)
s = 101: (0, 79, 13, 28, 15, 26, 117, 12, 8, 14, 12, 48, 6, 48, 68, 8, 6, 44, 13, 8, 37, 38, 6, 40, 49, 19, 27, 10, 4, 44, 5, 12, 26, 9, 15, 22, 83, 58, 7, 13, 5, 122, 21, 12, 17, 45, 4, 139, 9, 13, 35, 8, 64, 20, 8, 34, 2, 5, 96, 11, 57, 0)
s = 102: (0, 99, 10, 29, 23, 48, 52, 8, 12, 15, 13, 57, 6, 68, 49, 6, 7, 38, 14, 6, 39, 70, 9, 46, 29, 29, 14, 8, 4, 33, 6, 23, 19, 14, 10, 22, 74, 58, 9, 13, 6, 91, 19, 8, 17, 26, 6, 78, 10, 23, 26, 9, 77, 18, 7, 33, 4, 4, 57, 7, 59, 0)
s = 103: (0, 38, 14, 26, 12, 33, 57, 8, 6, 14, 12, 65, 7, 62, 49, 6, 5, 68, 10, 11, 27, 39, 6, 51, 44, 27, 12, 13, 2, 37, 7, 15, 23, 17, 10, 24, 52, 76, 13, 22, 6, 82, 14, 23, 10, 21, 4, 75, 8, 18, 58, 12, 51, 15, 6, 23, 3, 5, 78, 13, 49, 0)
s = 104: (0, 69, 9, 14, 18, 37, 72, 8, 11, 16, 25, 46, 8, 52, 36, 4, 6, 75, 7, 5, 45, 87, 5, 30, 34, 28, 16, 8, 3, 28, 3, 18, 45, 22, 11, 18, 48, 30, 7, 22, 6, 93, 14, 9, 14, 25, 3, 95, 6, 17, 37, 14, 65, 15, 8, 25, 3, 4, 85, 15, 85, 0)
s = 105: (0, 68, 7, 15, 20, 48, 54, 13, 14, 16, 26, 30, 10, 72, 27, 8, 6, 38, 8, 5, 37, 49, 4, 32, 51, 20, 17, 7, 2, 41, 4, 11, 29, 20, 13, 16, 30, 69, 8, 23, 3, 99, 12, 9, 15, 26, 5, 61, 10, 22, 37, 13, 51, 15, 7, 33, 2, 3, 57, 9, 64, 0)
s = 106: (0, 60, 7, 15, 26, 48, 40, 13, 13, 19, 16, 42, 9, 59, 27, 5, 7, 88, 11, 8, 63, 56, 9, 22, 33, 21, 22, 8, 5, 32, 4, 27, 26, 17, 17, 34, 61, 54, 9, 19, 4, 115, 13, 10, 18, 21, 5, 60, 9, 23, 36, 8, 71, 33, 9, 21, 3, 5, 101, 11, 72, 0)
s = 107: (0, 52, 8, 25, 14, 31, 76, 13, 14, 17, 24, 54, 5, 41, 50, 6, 8, 79, 11, 11, 41, 43, 6, 39, 25, 43, 14, 7, 3, 47, 5, 16, 29, 24, 14, 15, 72, 55, 12, 19, 5, 120, 13, 10, 18, 32, 4, 64, 8, 20, 46, 13, 63, 21, 9, 24, 2, 5, 54, 12, 37, 0)
s = 108: (0, 47, 15, 27, 13, 33, 53, 18, 15, 18, 16, 66, 12, 62, 35, 6, 12, 82, 9, 10, 27, 34, 5, 27, 30, 21, 14, 12, 3, 27, 6, 14, 43, 16, 21, 25, 41, 48, 8, 15, 8, 114, 10, 11, 22, 31, 4, 48, 6, 17, 34, 9, 78, 20, 6, 35, 2, 5, 46, 10, 44, 0)
s = 109: (0, 106, 10, 18, 22, 48, 52, 11, 13, 21, 22, 73, 12, 34, 49, 6, 12, 69, 16, 11, 61, 51, 7, 55, 24, 40, 27, 7, 3, 38, 4, 16, 41, 25, 20, 27, 42, 42, 12, 14, 4, 109, 21, 14, 15, 28, 4, 101, 9, 18, 44, 8, 89, 25, 9, 43, 2, 4, 109, 7, 61, 0)
s = 110: (0, 49, 11, 22, 20, 33, 50, 14, 9, 26, 11, 57, 8, 38, 32, 9, 9, 54, 8, 7, 58, 35, 5, 32, 32, 31, 13, 9, 2, 49, 6, 17, 35, 14, 17, 19, 51, 77, 9, 26, 6, 142, 19, 14, 12, 33, 3, 154, 9, 23, 24, 12, 58, 17, 10, 22, 3, 7, 58, 8, 74, 0)
s = 111: (0, 58, 13, 16, 24, 38, 49, 16, 11, 18, 14, 38, 12, 55, 42, 5, 5, 88, 10, 6, 46, 74, 6, 49, 34, 26, 17, 7, 2, 51, 3, 20, 20, 11, 12, 22, 25, 46, 12, 28, 5, 76, 12, 13, 14, 22, 3, 91, 7, 26, 26, 11, 47, 22, 6, 52, 3, 6, 90, 10, 39, 0)
s = 112: (0, 56, 13, 15, 25, 38, 59, 12, 11, 18, 19, 44, 8, 39, 38, 5, 6, 65, 12, 8, 36, 83, 6, 27, 52, 19, 13, 6, 3, 29, 4, 21, 21, 24, 13, 12, 43, 69, 18, 17, 6, 171, 14, 13, 10, 16, 3, 48, 11, 16, 22, 13, 60, 35, 6, 24, 2, 5, 79, 11, 58, 0)
s = 113: (0, 80, 12, 12, 18, 21, 68, 14, 8, 17, 14, 38, 7, 47, 28, 7, 9, 84, 9, 6, 33, 45, 5, 50, 42, 48, 25, 9, 3, 35, 4, 17, 30, 20, 19, 16, 41, 48, 16, 16, 5, 146, 19, 14, 13, 24, 3, 124, 10, 23, 38, 10, 65, 24, 9, 26, 2, 4, 60, 8, 51, 0)
s = 114: (0, 72, 9, 19, 22, 31, 68, 14, 8, 11, 11, 30, 11, 60, 39, 6, 16, 87, 14, 11, 44, 69, 4, 21, 30, 35, 30, 11, 3, 31, 4, 16, 43, 15, 17, 25, 78, 43, 10, 18, 7, 119, 12, 10, 11, 28, 4, 128, 12, 21, 26, 9, 62, 26, 10, 43, 2, 5, 136, 21, 66, 0)
s = 115: (0, 49, 15, 16, 20, 38, 49, 13, 11, 21, 16, 68, 9, 78, 43, 6, 5, 100, 10, 9, 39, 61, 7, 27, 26, 43, 19, 9, 3, 44, 4, 19, 30, 13, 19, 20, 54, 41, 14, 15, 5, 106, 13, 13, 21, 25, 5, 71, 9, 13, 54, 10, 38, 27, 5, 37, 3, 5, 68, 18, 55, 0)
s = 116: (0, 131, 11, 18, 23, 22, 67, 8, 12, 16, 13, 50, 10, 55, 47, 5, 5, 69, 14, 6, 56, 72, 8, 55, 31, 40, 22, 12, 2, 49, 3, 21, 31, 14, 18, 19, 53, 83, 7, 14, 4, 119, 13, 15, 12, 22, 6, 90, 5, 35, 45, 10, 62, 20, 10, 44, 2, 3, 128, 15, 55, 0)
s = 117: (0, 65, 14, 13, 21, 33, 55, 12, 14, 13, 14, 51, 11, 86, 48, 5, 8, 81, 17, 14, 47, 56, 7, 41, 32, 49, 23, 7, 2, 29, 6, 17, 26, 13, 19, 19, 52, 31, 10, 21, 6, 56, 11, 10, 10, 29, 3, 62, 11, 18, 50, 11, 66, 18, 9, 36, 3, 7, 78, 8, 63, 0)
s = 118: (0, 80, 9, 22, 12, 24, 80, 12, 11, 17, 21, 51, 8, 50, 50, 9, 11, 63, 9, 6, 42, 52, 6, 46, 36, 28, 22, 9, 3, 44, 5, 13, 19, 13, 18, 24, 81, 48, 10, 25, 4, 63, 14, 10, 17, 20, 4, 88, 7, 24, 32, 10, 55, 35, 8, 25, 2, 4, 77, 16, 68, 0)
s = 119: (0, 42, 8, 14, 18, 28, 42, 16, 10, 15, 18, 75, 13, 78, 46, 5, 12, 62, 10, 11, 31, 91, 8, 55, 46, 46, 22, 11, 3, 32, 4, 20, 27, 15, 13, 13, 26, 43, 13, 25, 7, 139, 13, 16, 13, 24, 4, 72, 12, 25, 36, 12, 65, 20, 11, 43, 3, 3, 60, 15, 56, 0)
s = 120: (0, 81, 10, 20, 22, 32, 47, 13, 9, 13, 15, 74, 8, 73, 37, 6, 6, 88, 8, 7, 39, 81, 5, 33, 30, 26, 26, 8, 3, 47, 4, 17, 37, 12, 20, 23, 57, 36, 8, 20, 7, 114, 11, 13, 19, 20, 5, 59, 10, 16, 25, 9, 108, 19, 7, 41, 3, 3, 69, 12, 76, 0)
s = 121: (0, 121, 14, 18, 16, 46, 48, 19, 8, 10, 20, 53, 7, 63, 56, 7, 11, 112, 9, 9, 40, 41, 4, 39, 42, 21, 17, 7, 3, 35, 3, 16, 20, 15, 21, 23, 58, 37, 8, 20, 4, 120, 14, 13, 17, 26, 5, 71, 13, 21, 27, 9, 86, 23, 7, 39, 4, 6, 73, 11, 40, 0)
s = 122: (0, 74, 14, 12, 21, 28, 79, 12, 8, 13, 19, 42, 8, 38, 46, 4, 9, 49, 19, 8, 31, 45, 4, 43, 36, 40, 16, 8, 5, 28, 6, 17, 39, 15, 16, 11, 39, 82, 7, 22, 4, 77, 11, 16, 21, 30, 5, 129, 12, 17, 29, 6, 67, 11, 11, 44, 2, 3, 68, 14, 38, 0)
s = 123: (0, 93, 6, 25, 17, 36, 80, 12, 10, 23, 20, 36, 10, 87, 44, 7, 8, 73, 8, 8, 38, 55, 4, 41, 65, 24, 15, 6, 3, 46, 7, 26, 24, 20, 23, 15, 38, 26, 13, 22, 5, 61, 15, 13, 11, 29, 6, 81, 5, 19, 42, 10, 96, 25, 10, 44, 2, 5, 93, 14, 42, 0)
s = 124: (0, 38, 11, 17, 20, 36, 48, 17, 9, 14, 10, 49, 9, 54, 39, 11, 6, 60, 9, 9, 46, 40, 7, 50, 37, 21, 21, 8, 4, 37, 6, 15, 19, 13, 22, 24, 32, 43, 12, 20, 4, 68, 9, 12, 13, 19, 3, 60, 11, 20, 38, 10, 58, 14, 11, 45, 3, 4, 96, 10, 70, 0)
s = 125: (0, 47, 9, 21, 24, 29, 66, 19, 6, 13, 22, 42, 11, 65, 23, 7, 7, 43, 14, 9, 37, 53, 7, 31, 28, 34, 18, 6, 2, 55, 4, 23, 26, 22, 13, 17, 35, 34, 13, 26, 9, 85, 19, 17, 17, 27, 4, 75, 12, 40, 25, 6, 107, 27, 12, 59, 3, 3, 124, 11, 48, 0)
s = 126: (0, 76, 9, 19, 18, 33, 71, 10, 8, 15, 15, 40, 10, 50, 45, 7, 10, 63, 11, 8, 47, 84, 9, 40, 46, 32, 22, 8, 3, 25, 4, 15, 32, 13, 14, 22, 53, 52, 6, 13, 4, 134, 10, 9, 13, 16, 5, 117, 7, 26, 50, 12, 66, 17, 5, 53, 3, 3, 95, 12, 43, 0)
s = 127: (0, 76, 7, 16, 17, 28, 49, 8, 12, 13, 23, 48, 14, 41, 50, 8, 10, 59, 10, 9, 50, 73, 6, 52, 45, 36, 19, 9, 3, 38, 6, 14, 38, 21, 10, 20, 73, 47, 13, 12, 6, 79, 16, 11, 9, 24, 3, 89, 8, 28, 44, 12, 118, 12, 10, 34, 3, 5, 61, 18, 48, 0)
s = 128: (0, 125, 8, 18, 21, 19, 66, 13, 13, 10, 16, 83, 9, 82, 49, 7, 11, 50, 13, 7, 48, 69, 7, 24, 30, 50, 24, 8, 4, 19, 7, 12, 21, 19, 10, 30, 45, 39, 7, 16, 4, 133, 11, 14, 12, 28, 4, 114, 7, 17, 43, 11, 76, 38, 8, 29, 2, 4, 72, 9, 41, 0)
s = 129: (0, 62, 10, 20, 19, 35, 87, 15, 13, 13, 20, 59, 9, 86, 44, 8, 8, 44, 13, 9, 31, 90, 9, 35, 38, 22, 14, 7, 3, 42, 3, 20, 44, 25, 16, 18, 36, 46, 7, 19, 6, 93, 11, 14, 11, 45, 4, 117, 11, 28, 23, 8, 120, 24, 7, 44, 3, 5, 84, 10, 60, 0)
s = 130: (0, 93, 10, 12, 26, 34, 55, 12, 13, 19, 18, 57, 10, 54, 39, 6, 6, 80, 7, 9, 35, 75, 7, 32, 25, 40, 22, 8, 3, 27, 4, 17, 20, 14, 12, 24, 85, 77, 16, 16, 6, 86, 13, 15, 12, 33, 5, 76, 11, 20, 38, 9, 49, 24, 7, 31, 3, 4, 89, 10, 45, 0)
s = 131: (0, 55, 13, 14, 18, 28, 78, 19, 7, 18, 12, 37, 13, 52, 52, 7, 9, 67, 16, 12, 73, 60, 11, 45, 44, 26, 10, 13, 4, 34, 4, 28, 25, 14, 9, 20, 63, 55, 7, 24, 5, 71, 13, 10, 14, 43, 3, 104, 8, 14, 31, 10, 73, 23, 8, 30, 2, 7, 69, 10, 36, 0)
s = 132: (0, 58, 9, 14, 18, 41, 88, 12, 15, 21, 10, 66, 7, 42, 41, 5, 10, 56, 11, 10, 43, 99, 6, 40, 54, 39, 19, 6, 3, 25, 4, 22, 20, 13, 21, 24, 47, 51, 18, 24, 6, 64, 13, 12, 23, 28, 6, 68, 7, 20, 39, 7, 74, 19, 8, 41, 3, 5, 68, 16, 60, 0)
s = 133: (0, 60, 9, 15, 13, 40, 73, 9, 16, 10, 17, 76, 14, 48, 31, 8, 10, 49, 9, 10, 37, 41, 7, 62, 34, 25, 21, 11, 3, 30, 5, 23, 28, 17, 14, 27, 59, 27, 10, 25, 5, 91, 19, 11, 10, 25, 5, 52, 10, 28, 41, 17, 72, 31, 13, 32, 2, 4, 55, 10, 46, 0)
s = 134: (0, 81, 7, 23, 23, 30, 54, 9, 14, 16, 16, 80, 11, 36, 64, 5, 9, 37, 13, 8, 33, 38, 8, 38, 32, 29, 28, 11, 3, 56, 4, 16, 28, 20, 18, 21, 39, 28, 10, 22, 5, 67, 11, 17, 15, 31, 4, 88, 8, 27, 35, 6, 74, 20, 6, 23, 3, 4, 64, 10, 57, 0)
s = 135: (0, 52, 7, 19, 21, 36, 48, 15, 8, 15, 14, 53, 8, 83, 35, 5, 10, 65, 9, 10, 52, 43, 6, 38, 34, 32, 16, 14, 5, 30, 6, 22, 34, 25, 15, 11, 68, 66, 10, 25, 5, 125, 18, 12, 12, 19, 5, 84, 11, 20, 21, 7, 75, 25, 6, 53, 2, 5, 84, 12, 102, 0)
s = 136: (0, 59, 11, 15, 12, 30, 49, 12, 11, 10, 12, 31, 8, 54, 46, 5, 7, 66, 6, 9, 50, 48, 8, 43, 26, 27, 27, 6, 4, 31, 3, 18, 32, 27, 17, 23, 50, 43, 10, 14, 3, 64, 8, 7, 13, 24, 4, 71, 10, 12, 23, 11, 38, 28, 8, 29, 2, 4, 44, 13, 32, 0)
s = 137: (0, 76, 6, 20, 20, 32, 46, 15, 10, 18, 11, 59, 7, 71, 32, 4, 8, 76, 11, 9, 35, 69, 8, 30, 64, 36, 31, 8, 5, 42, 6, 15, 42, 24, 11, 21, 39, 50, 8, 15, 4, 98, 19, 11, 19, 36, 3, 74, 6, 22, 25, 8, 65, 16, 6, 30, 2, 5, 92, 9, 38, 0)
s = 138: (0, 73, 6, 26, 15, 39, 106, 8, 6, 20, 17, 48, 6, 56, 59, 6, 11, 46, 9, 5, 59, 70, 7, 39, 25, 34, 16, 7, 3, 49, 4, 15, 35, 13, 20, 13, 40, 42, 8, 21, 5, 77, 10, 13, 12, 26, 5, 115, 8, 21, 24, 14, 99, 13, 5, 42, 2, 6, 63, 14, 45, 0)
s = 139: (0, 43, 7, 17, 25, 28, 76, 11, 14, 13, 21, 48, 6, 83, 38, 10, 9, 86, 12, 8, 64, 57, 7, 38, 46, 28, 12, 9, 3, 29, 4, 24, 25, 19, 15, 18, 59, 76, 11, 18, 5, 105, 11, 16, 14, 17, 5, 62, 6, 14, 48, 8, 136, 22, 6, 31, 2, 4, 110, 17, 65, 0)
s = 140: (0, 89, 14, 21, 12, 33, 54, 17, 8, 11, 19, 32, 10, 55, 24, 6, 7, 48, 8, 8, 39, 85, 6, 23, 48, 35, 11, 5, 4, 36, 4, 28, 27, 16, 23, 17, 60, 39, 13, 22, 3, 149, 11, 14, 22, 25, 4, 53, 7, 27, 24, 9, 67, 14, 6, 32, 3, 5, 117, 8, 36, 0)
s = 141: (0, 56, 11, 34, 13, 31, 66, 14, 9, 15, 16, 37, 6, 52, 49, 7, 9, 61, 13, 8, 29, 58, 9, 35, 49, 42, 21, 7, 3, 28, 5, 28, 27, 13, 19, 12, 34, 37, 8, 24, 8, 121, 18, 14, 19, 25, 3, 66, 10, 22, 60, 17, 78, 22, 9, 41, 3, 3, 71, 9, 54, 0)
s = 142: (0, 47, 7, 28, 21, 40, 62, 8, 9, 18, 14, 40, 10, 38, 43, 7, 11, 77, 12, 12, 42, 57, 11, 24, 59, 31, 16, 6, 3, 33, 3, 14, 34, 13, 22, 13, 45, 34, 7, 24, 6, 62, 23, 8, 16, 24, 4, 61, 10, 19, 28, 10, 101, 31, 8, 44, 3, 4, 50, 12, 69, 0)
s = 143: (0, 55, 6, 22, 23, 30, 58, 8, 6, 12, 22, 44, 9, 52, 34, 8, 13, 76, 8, 11, 30, 45, 7, 27, 60, 27, 21, 12, 2, 24, 4, 15, 29, 10, 19, 25, 54, 33, 9, 25, 4, 138, 12, 17, 10, 13, 6, 83, 5, 14, 32, 13, 61, 21, 6, 55, 2, 5, 89, 16, 47, 0)
s = 144: (0, 58, 8, 15, 22, 17, 107, 8, 6, 18, 14, 68, 7, 74, 31, 10, 8, 47, 11, 10, 26, 48, 4, 34, 33, 27, 27, 11, 4, 29, 7, 15, 20, 13, 22, 12, 60, 45, 8, 26, 8, 171, 20, 16, 13, 20, 6, 84, 6, 16, 33, 6, 93, 31, 14, 58, 3, 7, 77, 9, 35, 0)
s = 145: (0, 89, 9, 29, 23, 41, 47, 14, 12, 16, 15, 60, 6, 71, 37, 5, 9, 105, 14, 11, 30, 46, 6, 43, 39, 25, 18, 6, 2, 25, 3, 26, 42, 12, 13, 13, 54, 45, 11, 18, 10, 88, 10, 13, 12, 33, 4, 99, 12, 16, 23, 9, 66, 16, 7, 35, 3, 5, 84, 18, 63, 0)
s = 146: (0, 53, 12, 19, 18, 24, 78, 14, 8, 16, 10, 32, 8, 44, 34, 4, 6, 60, 10, 5, 29, 97, 6, 55, 26, 33, 22, 8, 3, 23, 3, 19, 28, 12, 13, 13, 54, 50, 15, 26, 4, 140, 14, 11, 14, 24, 5, 101, 8, 13, 36, 11, 61, 33, 10, 30, 2, 3, 103, 14, 72, 0)
s = 147: (0, 62, 8, 11, 15, 18, 38, 12, 15, 12, 16, 42, 7, 36, 30, 6, 8, 64, 8, 15, 35, 45, 5, 45, 43, 32, 19, 8, 3, 51, 5, 15, 30, 14, 17, 22, 27, 61, 7, 12, 8, 146, 18, 15, 13, 15, 4, 87, 7, 23, 37, 7, 70, 25, 6, 36, 3, 4, 81, 8, 35, 0)
s = 148: (0, 86, 10, 19, 24, 24, 65, 7, 7, 23, 31, 66, 12, 76, 47, 8, 7, 82, 6, 8, 26, 45, 4, 37, 29, 25, 22, 8, 5, 56, 3, 17, 30, 25, 17, 15, 32, 30, 16, 21, 6, 95, 13, 18, 10, 19, 4, 132, 8, 19, 35, 14, 80, 16, 7, 51, 3, 6, 83, 13, 30, 0)
s = 149: (0, 82, 8, 13, 16, 26, 52, 13, 16, 14, 11, 31, 7, 50, 46, 7, 7, 61, 6, 11, 35, 77, 4, 46, 42, 26, 23, 6, 4, 26, 3, 20, 39, 14, 16, 15, 42, 39, 12, 25, 4, 88, 12, 10, 13, 31, 3, 53, 9, 23, 37, 9, 67, 13, 11, 26, 2, 5, 40, 11, 40, 0)
s = 150: (0, 52, 17, 17, 19, 42, 69, 18, 9, 11, 12, 72, 8, 39, 32, 5, 6, 38, 13, 8, 35, 35, 5, 44, 28, 22, 22, 6, 6, 34, 5, 17, 37, 19, 14, 13, 43, 37, 7, 15, 7, 73, 21, 16, 22, 34, 6, 90, 5, 27, 41, 11, 72, 27, 13, 36, 3, 3, 57, 9, 59, 0)
s = 151: (0, 72, 8, 17, 20, 39, 47, 14, 9, 18, 10, 34, 10, 48, 31, 6, 9, 43, 8, 9, 41, 81, 4, 44, 37, 24, 13, 9, 3, 31, 4, 17, 21, 24, 14, 22, 46, 42, 9, 25, 6, 75, 12, 10, 20, 18, 6, 126, 11, 15, 58, 8, 70, 29, 10, 43, 2, 4, 67, 17, 31, 0)
s = 152: (0, 62, 7, 18, 13, 35, 48, 8, 9, 15, 12, 53, 6, 104, 33, 4, 8, 66, 11, 9, 25, 71, 7, 33, 52, 36, 25, 8, 3, 50, 4, 26, 27, 14, 15, 18, 50, 51, 11, 21, 6, 123, 17, 20, 12, 23, 4, 103, 11, 24, 30, 12, 66, 15, 7, 43, 3, 4, 66, 12, 50, 0)
s = 153: (0, 76, 13, 11, 31, 26, 61, 18, 10, 23, 19, 42, 12, 38, 47, 8, 12, 59, 14, 6, 24, 51, 7, 32, 35, 19, 29, 6, 3, 40, 5, 19, 26, 15, 12, 19, 52, 47, 8, 23, 5, 98, 17, 13, 25, 30, 7, 103, 6, 25, 51, 15, 87, 22, 6, 57, 2, 7, 77, 17, 71, 0)
s = 154: (0, 76, 11, 22, 17, 26, 73, 10, 9, 18, 20, 43, 7, 43, 28, 6, 8, 72, 11, 6, 62, 41, 4, 35, 43, 26, 14, 6, 3, 24, 5, 18, 20, 12, 13, 11, 36, 35, 15, 17, 7, 122, 25, 12, 10, 25, 4, 108, 8, 18, 28, 7, 89, 21, 8, 35, 3, 5, 85, 19, 39, 0)
s = 155: (0, 41, 15, 17, 27, 25, 92, 13, 7, 16, 11, 53, 10, 88, 43, 8, 8, 63, 8, 6, 40, 82, 8, 51, 39, 28, 19, 6, 3, 20, 3, 15, 44, 13, 23, 17, 33, 44, 10, 17, 6, 83, 12, 11, 15, 25, 4, 75, 7, 19, 47, 11, 51, 15, 10, 42, 2, 4, 58, 14, 80, 0)
s = 156: (0, 55, 6, 21, 16, 39, 57, 9, 14, 12, 15, 42, 9, 52, 41, 8, 10, 89, 13, 11, 44, 36, 5, 27, 39, 25, 23, 5, 3, 35, 4, 27, 46, 24, 13, 16, 44, 44, 10, 18, 7, 84, 15, 15, 14, 19, 3, 80, 12, 16, 59, 11, 64, 18, 8, 36, 3, 6, 70, 13, 59, 0)
s = 157: (0, 94, 10, 24, 22, 30, 94, 8, 10, 19, 21, 36, 10, 88, 33, 5, 10, 113, 12, 5, 57, 94, 4, 25, 28, 36, 12, 6, 3, 34, 3, 15, 37, 19, 17, 25, 53, 43, 10, 16, 5, 82, 14, 12, 24, 26, 4, 109, 8, 16, 61, 8, 92, 32, 8, 45, 2, 3, 52, 17, 42, 0)
s = 158: (0, 98, 13, 10, 18, 34, 44, 12, 11, 15, 27, 61, 8, 35, 39, 8, 8, 72, 9, 12, 43, 70, 6, 23, 33, 23, 17, 6, 6, 43, 5, 26, 32, 21, 14, 14, 68, 39, 19, 16, 5, 68, 8, 9, 10, 28, 5, 107, 8, 20, 33, 16, 70, 36, 10, 38, 2, 4, 112, 9, 48, 0)
s = 159: (0, 66, 9, 17, 35, 44, 52, 10, 13, 22, 17, 46, 8, 53, 64, 5, 6, 39, 9, 7, 25, 39, 6, 36, 65, 46, 29, 13, 2, 29, 5, 18, 36, 14, 14, 16, 26, 40, 10, 21, 8, 121, 17, 14, 14, 18, 5, 83, 10, 18, 33, 13, 39, 25, 5, 62, 3, 7, 95, 19, 84, 0)
s = 160: (0, 43, 11, 21, 32, 37, 41, 11, 10, 16, 17, 32, 8, 81, 37, 6, 8, 45, 9, 13, 33, 71, 7, 37, 49, 23, 19, 5, 5, 36, 4, 14, 39, 18, 15, 10, 47, 52, 12, 17, 4, 67, 9, 16, 24, 33, 3, 64, 8, 31, 31, 13, 105, 14, 7, 48, 2, 5, 60, 8, 44, 0)
s = 161: (0, 52, 9, 24, 23, 39, 78, 12, 16, 16, 22, 75, 7, 57, 45, 4, 12, 43, 14, 9, 41, 77, 7, 26, 64, 28, 27, 5, 3, 39, 4, 19, 34, 14, 11, 16, 43, 64, 15, 26, 5, 147, 13, 13, 19, 35, 5, 74, 7, 13, 39, 9, 109, 22, 6, 34, 2, 4, 65, 11, 44, 0)
s = 162: (0, 82, 10, 33, 16, 24, 55, 10, 10, 11, 13, 43, 13, 44, 31, 4, 11, 82, 7, 5, 28, 45, 10, 40, 62, 23, 15, 9, 4, 46, 4, 23, 23, 18, 14, 14, 58, 28, 9, 30, 5, 99, 13, 10, 11, 26, 6, 82, 11, 24, 21, 15, 52, 18, 6, 33, 2, 7, 51, 13, 89, 0)
s = 163: (0, 103, 9, 17, 18, 44, 44, 10, 9, 11, 12, 58, 6, 88, 27, 9, 10, 49, 7, 7, 29, 69, 6, 42, 49, 29, 15, 6, 3, 44, 4, 22, 24, 23, 18, 21, 44, 45, 11, 15, 6, 88, 14, 15, 11, 21, 4, 114, 14, 27, 56, 11, 45, 32, 6, 23, 2, 5, 75, 10, 45, 0)
s = 164: (0, 70, 7, 18, 16, 35, 59, 13, 6, 15, 17, 57, 10, 45, 34, 7, 10, 56, 8, 11, 49, 65, 4, 26, 66, 23, 15, 10, 2, 31, 5, 18, 26, 16, 17, 15, 29, 35, 10, 28, 8, 158, 12, 13, 13, 23, 3, 111, 9, 23, 30, 12, 65, 22, 8, 32, 3, 6, 85, 14, 38, 0)
s = 165: (0, 70, 11, 19, 15, 50, 62, 9, 13, 12, 15, 53, 9, 56, 40, 6, 12, 52, 7, 5, 47, 51, 5, 28, 52, 28, 12, 9, 4, 38, 4, 18, 34, 20, 19, 17, 36, 30, 8, 24, 6, 85, 17, 15, 16, 24, 5, 92, 8, 27, 30, 12, 63, 21, 9, 31, 3, 3, 99, 18, 59, 0)
s = 166: (0, 117, 10, 24, 12, 36, 52, 14, 13, 13, 11, 42, 8, 50, 30, 7, 7, 51, 6, 8, 37, 54, 6, 43, 29, 29, 13, 11, 3, 38, 4, 24, 28, 26, 22, 24, 78, 67, 13, 15, 7, 142, 20, 17, 18, 30, 4, 60, 8, 28, 23, 10, 63, 22, 8, 22, 2, 5, 113, 8, 38, 0)
s = 167: (0, 80, 10, 20, 25, 22, 64, 10, 6, 10, 13, 72, 11, 109, 49, 9, 14, 45, 9, 8, 54, 84, 5, 32, 40, 23, 20, 6, 2, 33, 6, 19, 33, 19, 19, 14, 47, 48, 7, 24, 6, 113, 16, 18, 16, 15, 5, 54, 7, 19, 48, 7, 47, 15, 9, 26, 2, 3, 77, 12, 67, 0)
s = 168: (0, 51, 11, 14, 15, 31, 39, 7, 10, 15, 15, 44, 8, 36, 42, 9, 6, 56, 10, 9, 26, 66, 5, 42, 26, 25, 26, 9, 3, 33, 5, 22, 29, 20, 9, 12, 59, 45, 12, 32, 5, 92, 15, 11, 14, 30, 5, 99, 8, 25, 38, 7, 45, 21, 9, 34, 2, 5, 48, 9, 61, 0)
s = 169: (0, 97, 14, 18, 12, 21, 46, 17, 8, 11, 17, 63, 7, 56, 41, 5, 6, 47, 12, 8, 31, 65, 6, 40, 47, 32, 15, 9, 4, 31, 5, 22, 48, 13, 12, 19, 44, 27, 8, 28, 5, 78, 14, 13, 13, 36, 5, 86, 7, 12, 39, 13, 85, 30, 6, 46, 3, 5, 62, 18, 42, 0)
s = 170: (0, 42, 12, 21, 16, 51, 55, 8, 8, 15, 27, 54, 7, 48, 29, 6, 6, 69, 8, 6, 30, 78, 6, 41, 27, 18, 18, 5, 4, 30, 5, 23, 26, 14, 11, 16, 42, 44, 8, 17, 5, 78, 18, 19, 19, 31, 5, 148, 12, 19, 46, 9, 61, 16, 9, 44, 4, 3, 93, 13, 43, 0)
s = 171: (0, 91, 10, 21, 17, 41, 64, 10, 14, 12, 14, 59, 9, 81, 28, 11, 10, 72, 11, 7, 58, 67, 4, 25, 39, 20, 29, 6, 4, 49, 6, 15, 55, 20, 10, 22, 35, 72, 12, 23, 6, 168, 12, 8, 23, 19, 3, 103, 7, 22, 34, 7, 94, 23, 8, 28, 2, 5, 76, 7, 47, 0)
s = 172: (0, 50, 10, 18, 15, 38, 86, 11, 7, 12, 21, 67, 14, 63, 50, 6, 9, 61, 9, 7, 53, 46, 5, 44, 51, 21, 29, 8, 3, 57, 3, 16, 34, 19, 17, 24, 43, 40, 11, 19, 4, 111, 14, 18, 16, 18, 5, 63, 11, 16, 32, 10, 107, 31, 6, 27, 2, 4, 47, 23, 75, 0)
s = 173: (0, 53, 11, 22, 16, 28, 47, 15, 7, 22, 17, 68, 7, 82, 27, 6, 9, 69, 12, 13, 27, 57, 8, 49, 37, 20, 24, 8, 4, 52, 5, 28, 18, 18, 16, 30, 37, 42, 13, 25, 5, 86, 19, 11, 11, 26, 4, 91, 11, 18, 35, 8, 75, 36, 9, 28, 2, 4, 71, 19, 48, 0)
s = 174: (0, 53, 7, 12, 19, 35, 45, 13, 14, 10, 11, 72, 9, 60, 64, 4, 11, 43, 13, 8, 25, 51, 8, 30, 44, 19, 18, 7, 2, 33, 4, 19, 34, 11, 20, 30, 35, 43, 15, 33, 5, 162, 22, 10, 13, 39, 4, 100, 12, 13, 39, 10, 82, 13, 6, 35, 3, 5, 56, 14, 54, 0)
s = 175: (0, 48, 10, 14, 30, 36, 76, 11, 11, 17, 16, 44, 7, 67, 34, 4, 10, 41, 9, 7, 40, 49, 8, 48, 61, 20, 20, 9, 4, 28, 3, 18, 20, 10, 11, 28, 51, 41, 9, 16, 5, 80, 18, 11, 21, 21, 3, 152, 11, 30, 42, 9, 52, 22, 8, 27, 2, 5, 112, 9, 52, 0)
s = 176: (0, 111, 12, 17, 22, 41, 36, 20, 11, 15, 20, 33, 8, 58, 46, 8, 12, 51, 6, 9, 56, 51, 5, 42, 44, 33, 21, 12, 6, 56, 4, 15, 28, 27, 11, 24, 29, 33, 9, 21, 6, 113, 13, 9, 11, 22, 3, 72, 8, 21, 53, 12, 66, 34, 10, 41, 2, 5, 71, 8, 33, 0)
s = 177: (0, 68, 12, 11, 23, 21, 115, 10, 9, 14, 16, 71, 7, 48, 24, 6, 6, 50, 6, 7, 24, 65, 4, 24, 33, 19, 18, 9, 3, 54, 3, 19, 47, 11, 20, 18, 60, 31, 17, 30, 7, 82, 14, 15, 26, 34, 4, 113, 6, 14, 22, 11, 59, 30, 7, 47, 4, 4, 68, 14, 65, 0)
s = 178: (0, 60, 15, 18, 15, 36, 117, 9, 13, 17, 14, 34, 7, 37, 54, 5, 7, 46, 7, 7, 52, 81, 5, 28, 51, 46, 16, 9, 3, 25, 4, 19, 21, 22, 16, 22, 38, 62, 9, 13, 8, 135, 11, 12, 11, 17, 5, 129, 6, 21, 41, 10, 110, 17, 9, 29, 2, 5, 48, 12, 48, 0)
s = 179: (0, 75, 10, 15, 25, 33, 46, 20, 8, 9, 16, 65, 12, 74, 29, 7, 8, 46, 8, 9, 35, 71, 5, 32, 27, 45, 20, 6, 3, 29, 4, 24, 29, 13, 19, 15, 29, 59, 9, 19, 4, 106, 12, 10, 23, 27, 4, 96, 9, 26, 40, 10, 83, 28, 13, 34, 3, 4, 70, 15, 86, 0)
s = 180: (0, 55, 18, 19, 30, 28, 59, 12, 13, 13, 14, 43, 7, 62, 25, 5, 8, 40, 13, 8, 59, 50, 5, 30, 26, 31, 16, 7, 3, 59, 3, 21, 56, 15, 11, 20, 49, 39, 10, 21, 7, 128, 9, 26, 9, 34, 4, 84, 6, 23, 29, 8, 69, 22, 9, 46, 2, 3, 66, 11, 34, 0)
s = 181: (0, 76, 7, 14, 27, 30, 66, 10, 9, 23, 16, 72, 8, 77, 33, 8, 8, 89, 9, 8, 23, 70, 5, 35, 35, 30, 20, 9, 5, 28, 5, 17, 26, 24, 16, 14, 36, 39, 7, 31, 4, 131, 14, 12, 16, 14, 3, 68, 7, 17, 30, 9, 39, 17, 8, 49, 3, 4, 48, 11, 38, 0)
s = 182: (0, 71, 15, 15, 24, 33, 45, 11, 9, 20, 19, 47, 8, 79, 40, 5, 7, 56, 7, 10, 49, 73, 9, 24, 39, 42, 10, 7, 3, 34, 4, 11, 31, 12, 14, 13, 31, 36, 7, 19, 5, 103, 17, 19, 12, 20, 5, 92, 13, 16, 30, 10, 114, 17, 8, 60, 2, 4, 55, 15, 30, 0)
s = 183: (0, 75, 8, 13, 13, 37, 110, 13, 6, 11, 27, 35, 13, 62, 33, 8, 10, 74, 6, 5, 33, 59, 7, 25, 42, 20, 15, 6, 2, 40, 4, 25, 42, 21, 15, 25, 46, 59, 8, 30, 4, 99, 11, 16, 22, 23, 8, 64, 10, 27, 46, 13, 66, 17, 9, 51, 2, 3, 63, 18, 44, 0)
s = 184: (0, 94, 10, 14, 30, 30, 106, 9, 14, 12, 10, 34, 12, 43, 54, 7, 8, 49, 8, 7, 52, 49, 5, 39, 24, 23, 16, 9, 3, 29, 3, 15, 37, 23, 17, 13, 60, 52, 15, 18, 4, 126, 14, 10, 14, 19, 5, 52, 7, 16, 28, 14, 56, 30, 9, 22, 3, 4, 52, 15, 76, 0)
s = 185: (0, 76, 10, 17, 26, 37, 84, 12, 11, 11, 21, 33, 12, 70, 46, 8, 6, 50, 13, 11, 27, 92, 6, 30, 32, 33, 19, 11, 3, 21, 5, 13, 21, 11, 12, 16, 47, 35, 11, 13, 7, 66, 8, 14, 12, 25, 5, 112, 6, 13, 27, 10, 116, 24, 5, 38, 3, 4, 99, 18, 49, 0)
s = 186: (0, 45, 8, 14, 16, 41, 52, 11, 9, 18, 23, 46, 5, 41, 42, 4, 7, 51, 13, 6, 32, 65, 9, 51, 31, 25, 26, 13, 4, 37, 3, 18, 35, 14, 20, 21, 60, 53, 9, 17, 8, 55, 25, 14, 15, 18, 3, 94, 7, 30, 35, 8, 71, 28, 5, 28, 3, 3, 81, 10, 44, 0)
s = 187: (0, 57, 10, 14, 14, 30, 78, 12, 13, 18, 17, 31, 6, 56, 34, 7, 7, 80, 7, 7, 25, 90, 8, 31, 33, 25, 16, 6, 2, 22, 5, 13, 23, 13, 9, 19, 32, 55, 8, 12, 5, 140, 16, 12, 14, 22, 4, 114, 9, 28, 41, 8, 94, 18, 13, 37, 3, 6, 100, 23, 41, 0)
s = 188: (0, 117, 11, 17, 16, 19, 68, 13, 12, 19, 13, 53, 13, 42, 32, 5, 8, 79, 6, 7, 40, 43, 9, 36, 50, 45, 27, 15, 3, 30, 4, 15, 37, 14, 11, 10, 49, 48, 18, 24, 6, 91, 14, 16, 11, 22, 4, 65, 10, 28, 30, 13, 98, 29, 6, 29, 3, 6, 104, 9, 31, 0)
s = 189: (0, 80, 10, 18, 12, 27, 52, 10, 13, 12, 19, 48, 6, 53, 25, 5, 9, 70, 14, 7, 54, 66, 7, 33, 33, 24, 17, 9, 4, 41, 6, 15, 32, 19, 12, 19, 40, 54, 13, 19, 4, 103, 10, 10, 11, 26, 4, 100, 10, 18, 30, 6, 48, 17, 5, 28, 2, 5, 71, 15, 40, 0)
s = 190: (0, 61, 14, 20, 28, 31, 48, 14, 15, 10, 20, 57, 8, 75, 35, 5, 9, 52, 17, 8, 39, 55, 5, 57, 39, 22, 16, 13, 2, 34, 6, 21, 25, 19, 15, 25, 36, 53, 9, 13, 4, 77, 15, 8, 9, 19, 3, 74, 11, 21, 39, 7, 52, 28, 8, 54, 3, 4, 42, 10, 60, 0)
s = 191: (0, 93, 9, 14, 16, 42, 104, 12, 14, 12, 22, 64, 6, 61, 27, 5, 9, 40, 11, 9, 29, 42, 8, 52, 44, 35, 16, 8, 3, 54, 5, 29, 40, 14, 19, 15, 44, 40, 11, 20, 5, 73, 15, 12, 15, 24, 7, 79, 11, 19, 27, 7, 64, 15, 6, 24, 2, 4, 71, 10, 72, 0)
s = 192: (0, 64, 8, 17, 22, 28, 58, 9, 9, 15, 20, 51, 7, 60, 59, 6, 5, 73, 8, 12, 26, 53, 7, 36, 25, 35, 13, 6, 2, 49, 3, 13, 18, 21, 14, 23, 57, 46, 8, 16, 5, 89, 11, 17, 13, 23, 5, 94, 13, 15, 35, 7, 95, 17, 10, 36, 3, 3, 82, 18, 54, 0)
s = 193: (0, 48, 8, 23, 31, 30, 63, 8, 8, 17, 14, 68, 7, 67, 23, 8, 7, 45, 11, 6, 37, 71, 6, 38, 35, 53, 28, 6, 4, 31, 4, 21, 23, 20, 14, 14, 52, 72, 13, 19, 5, 123, 10, 16, 18, 34, 5, 75, 7, 24, 22, 11, 44, 23, 9, 38, 3, 5, 66, 8, 69, 0)
s = 194: (0, 74, 9, 22, 25, 20, 70, 18, 13, 16, 19, 46, 6, 67, 24, 6, 8, 49, 13, 15, 31, 70, 8, 35, 62, 43, 18, 6, 3, 60, 4, 24, 26, 22, 12, 10, 35, 37, 14, 22, 6, 78, 18, 15, 15, 19, 3, 74, 7, 19, 56, 15, 98, 17, 8, 38, 2, 4, 41, 15, 45, 0)
s = 195: (0, 73, 15, 21, 14, 23, 85, 14, 11, 19, 14, 33, 11, 76, 30, 6, 6, 63, 10, 7, 31, 67, 6, 59, 40, 43, 25, 10, 4, 26, 5, 19, 40, 27, 17, 16, 52, 49, 19, 16, 5, 115, 8, 11, 15, 23, 4, 103, 8, 26, 54, 13, 100, 26, 10, 30, 2, 3, 69, 14, 57, 0)
s = 196: (0, 46, 12, 17, 26, 33, 71, 8, 11, 18, 9, 33, 7, 76, 35, 6, 11, 87, 11, 7, 31, 49, 9, 31, 26, 21, 24, 6, 5, 21, 7, 20, 19, 14, 10, 16, 49, 37, 14, 39, 5, 83, 9, 16, 22, 31, 4, 55, 10, 22, 44, 15, 54, 22, 12, 37, 2, 3, 49, 16, 46, 0)
s = 197: (0, 86, 16, 15, 16, 29, 67, 9, 6, 19, 19, 44, 7, 76, 50, 10, 11, 52, 8, 9, 40, 90, 6, 38, 36, 25, 18, 8, 5, 27, 4, 18, 31, 13, 11, 17, 32, 69, 7, 26, 10, 52, 21, 11, 15, 14, 4, 132, 8, 34, 32, 8, 93, 24, 13, 27, 2, 5, 42, 14, 93, 0)
s = 198: (0, 49, 16, 14, 15, 35, 58, 12, 10, 20, 15, 38, 5, 51, 45, 8, 8, 52, 11, 8, 44, 75, 5, 21, 50, 25, 16, 8, 3, 42, 4, 15, 34, 18, 13, 18, 51, 29, 16, 14, 3, 104, 12, 8, 14, 17, 4, 122, 8, 29, 47, 8, 47, 30, 7, 28, 2, 5, 43, 8, 75, 0)
s = 199: (0, 49, 7, 15, 19, 59, 51, 9, 12, 25, 14, 38, 11, 37, 36, 4, 10, 53, 7, 5, 52, 64, 9, 40, 37, 42, 28, 14, 4, 47, 7, 16, 27, 18, 18, 21, 36, 43, 9, 13, 6, 61, 13, 8, 15, 23, 4, 60, 6, 18, 36, 6, 65, 29, 11, 25, 2, 5, 85, 10, 67, 0)
s = 200: (0, 125, 9, 27, 13, 34, 43, 7, 11, 23, 21, 51, 13, 51, 37, 6, 6, 65, 6, 8, 27, 43, 6, 49, 60, 21, 16, 7, 4, 38, 3, 11, 26, 24, 21, 15, 52, 44, 7, 22, 7, 140, 12, 10, 17, 24, 6, 84, 9, 26, 46, 9, 78, 23, 7, 32, 2, 5, 60, 14, 66, 0)
************************************************************************
ES/LS-VALUES:
jobnr.   ES(i)    LS(i)
------------------------------------------------------------------------
  0        0        0
  1        0       180
  2        0       235
  3        0       186
  4       11       198
  5       28       216
  6       16       197
  7       28       236
  8       16       218
  9       16       221
 10       30       212
 11       11       233
 12       42       231
 13       33       216
 14       28       238
 15       38       247
 16       19       242
 17       42       254
 18       33       257
 19       11       268
 20       12       270
 21       17       258
 22       20       285
 23       17       220
 24       51       235
 25       23       246
 26       33       275
 27       19       246
 28       34       289
 29       61       246
 30       42       263
 31       68       254
 32       25       233
 33       28       231
 34       45       296
 35       45       267
 36       83       269
 37       40       249
 38       35       239
 39       33       271
 40       98       284
 41       25       231
 42       54       267
 43       44       249
 44       68       281
 45       20       278
 46       40       299
 47       19       271
 48       52       258
 49       100       286
 50       26       279
 51       29       287
 52       45       250
 53       60       266
 54       83       285
 55       110       296
 56       50       302
 57       85       287
 58       62       291
 59       117       304
 60       88       291
 61       120       308
************************************************************************
BIG-M-VALUES:
M1 = 39, M2 = 175
************************************************************************
