************************************************************************
file with basedata            : j30_30.bas
initial value random generator: 712413196
************************************************************************
projects                      :  1
jobs (incl. supersource/sink ):  32
horizon                       :  171
RESOURCES
  - renewable                 :  4   R
  - nonrenewable              :  0   N
  - doubly constrained        :  0   D
************************************************************************
PROJECT INFORMATION:
pronr.  #jobs rel.date duedate tardcost  MPM-Time
    1     30      0       44       14       44
************************************************************************
PRECEDENCE RELATIONS:
jobnr.    #modes  #successors   successors
   0        1          3           1   2   3
   1        1          1          20
   2        1          2           4   5
   3        1          1           7
   4        1          3           6   9  12
   5        1          2          14  23
   6        1          3          11  22  23
   7        1          1           8
   8        1          2          10  21
   9        1          1          19
  10        1          2          16  26
  11        1          2          13  15
  12        1          2          22  30
  13        1          2          25  27
  14        1          1          18
  15        1          1          17
  16        1          2          25  30
  17        1          1          26
  18        1          2          26  29
  19        1          1          27
  20        1          2          24  28
  21        1          1          23
  22        1          2          25  28
  23        1          1          28
  24        1          1          27
  25        1          1          29
  26        1          1          30
  27        1          1          29
  28        1          1          31
  29        1          1          31
  30        1          1          31
  31        1          0        
************************************************************************
REQUESTS/DURATIONS:
jobnr. mode duration  R 1  R 2  R 3  R 4  E(W 1)
------------------------------------------------------------------------
  0      1     0       0    0    0    0     0
  1      1     6       6    5    7    6    144
  2      1     3       8    5    7    3    69
  3      1     7       4    9    2    2    119
  4      1     8       5    9    7    6    216
  5      1     7       3   10    1    9    168
  6      1     5       2    7    2    8    95
  7      1     1       5   10    3   10    28
  8      1    10       9    7    4    9    290
  9      1     9      10    8    8    5    279
 10      1     6       9    3   10    2    144
 11      1     9       3    4    1    2    99
 12      1     4      10    2    6    2    80
 13      1     5       7    7    5    9    140
 14      1    10       1    1    7    3    140
 15      1     1       2    8    4    4    18
 16      1     8       9   10    4    3    208
 17      1     1       9    9    6    6    30
 18      1     7       3    4    2    1    77
 19      1     2       2   10    4    7    46
 20      1     2      10    6    5    1    46
 21      1    10       7    5    1    8    220
 22      1     3       3    8    6    4    63
 23      1     6       1    6    2    4    84
 24      1     8       2    4    7    1    120
 25      1     9       2    4    4    1    108
 26      1     1       6    4    5   10    25
 27      1     2       4    2    1    2    20
 28      1     9       5    8    7    1    198
 29      1     3       4    1    9    4    57
 30      1     9       2    9    7   10    252
 31      1     0       0    0    0    0     0
************************************************************************
RESOURCEAVAILABILITIES:
  R 1
   88
************************************************************************
RESOURCE LIMITS:
jobnr.  l(R 1)  u(R 1)
------------------------------------------------------------------------
  0        0       0
  1       13      24
  2       13      23
  3        9      17
  4       15      27
  5       13      24
  6       10      19
  7       15      28
  8       16      29
  9       16      31
 10       13      24
 11        6      11
 12       10      20
 13       16      28
 14        8      14
 15        9      18
 16       14      26
 17       16      30
 18        6      11
 19       12      23
 20       12      23
 21       12      22
 22       11      21
 23        7      14
 24        8      15
 25        6      12
 26       13      25
 27        5      10
 28       12      22
 29       10      19
 30       15      28
 31        0       0
************************************************************************
SCENARIOS:
------------------------------------------------------------------------
RESOURCE k = 1
s = 1: (0, 211, 103, 80, 282, 192, 129, 33, 215, 297, 170, 84, 80, 175, 110, 15, 139, 20, 54, 43, 84, 232, 54, 118, 166, 95, 20, 15, 235, 81, 198, 0)
s = 2: (0, 101, 51, 112, 239, 141, 121, 31, 174, 231, 165, 67, 85, 100, 97, 16, 182, 37, 71, 55, 35, 156, 54, 79, 119, 140, 17, 35, 169, 44, 320, 0)
s = 3: (0, 135, 89, 109, 222, 222, 88, 25, 284, 184, 155, 75, 60, 174, 134, 25, 322, 43, 50, 27, 70, 214, 82, 46, 68, 79, 27, 18, 179, 55, 236, 0)
s = 4: (0, 120, 60, 147, 181, 208, 102, 23, 288, 192, 130, 71, 82, 142, 131, 28, 284, 26, 70, 44, 43, 139, 59, 106, 71, 86, 28, 20, 199, 45, 150, 0)
s = 5: (0, 144, 43, 118, 314, 176, 99, 25, 168, 228, 100, 77, 105, 188, 117, 15, 169, 38, 78, 36, 58, 195, 59, 65, 89, 105, 23, 13, 183, 34, 274, 0)
s = 6: (0, 137, 40, 71, 205, 156, 107, 31, 379, 238, 178, 126, 87, 145, 146, 32, 121, 30, 80, 35, 44, 241, 56, 104, 115, 124, 26, 33, 208, 33, 234, 0)
s = 7: (0, 208, 37, 199, 194, 224, 62, 43, 243, 307, 206, 97, 82, 151, 169, 18, 239, 28, 80, 39, 27, 344, 98, 51, 80, 141, 26, 16, 197, 52, 152, 0)
s = 8: (0, 104, 98, 112, 204, 161, 98, 22, 366, 298, 199, 193, 134, 101, 80, 25, 164, 32, 83, 37, 31, 184, 54, 81, 171, 145, 24, 34, 162, 62, 309, 0)
s = 9: (0, 136, 92, 93, 144, 234, 81, 31, 209, 294, 151, 85, 71, 186, 81, 20, 163, 41, 73, 51, 46, 266, 59, 72, 137, 82, 30, 15, 201, 49, 202, 0)
s = 10: (0, 100, 44, 114, 215, 138, 91, 17, 415, 198, 108, 124, 53, 82, 126, 12, 251, 26, 58, 68, 33, 294, 69, 61, 134, 144, 27, 13, 134, 52, 156, 0)
s = 11: (0, 157, 97, 146, 160, 242, 128, 20, 505, 234, 173, 104, 58, 113, 162, 19, 228, 32, 90, 39, 65, 133, 52, 75, 65, 99, 32, 21, 202, 77, 348, 0)
s = 12: (0, 154, 68, 128, 325, 99, 123, 28, 288, 214, 196, 110, 64, 189, 116, 28, 192, 29, 74, 69, 43, 265, 79, 132, 112, 91, 18, 20, 202, 50, 297, 0)
s = 13: (0, 210, 56, 80, 325, 130, 168, 33, 366, 178, 157, 107, 98, 133, 169, 13, 229, 20, 77, 65, 45, 272, 68, 149, 227, 82, 36, 19, 262, 63, 322, 0)
s = 14: (0, 90, 91, 174, 194, 201, 80, 35, 354, 196, 147, 59, 107, 96, 106, 20, 172, 23, 61, 45, 37, 140, 54, 101, 100, 163, 23, 16, 167, 52, 176, 0)
s = 15: (0, 125, 62, 159, 173, 188, 57, 24, 304, 300, 254, 132, 85, 165, 100, 17, 344, 25, 71, 52, 77, 179, 56, 84, 151, 145, 37, 24, 224, 33, 346, 0)
s = 16: (0, 161, 65, 154, 265, 194, 96, 25, 228, 277, 104, 112, 91, 108, 145, 28, 278, 36, 101, 54, 27, 128, 83, 74, 81, 104, 30, 19, 231, 47, 159, 0)
s = 17: (0, 138, 85, 136, 170, 286, 137, 23, 329, 402, 94, 63, 62, 170, 183, 15, 122, 42, 116, 41, 30, 384, 66, 56, 158, 125, 30, 17, 342, 47, 196, 0)
s = 18: (0, 168, 94, 124, 264, 101, 58, 23, 214, 288, 152, 71, 67, 71, 227, 19, 141, 21, 96, 28, 25, 127, 41, 89, 88, 87, 25, 13, 194, 61, 161, 0)
s = 19: (0, 98, 69, 140, 168, 162, 99, 24, 377, 286, 156, 91, 78, 102, 138, 14, 208, 22, 74, 38, 36, 189, 47, 106, 90, 114, 36, 18, 112, 34, 235, 0)
s = 20: (0, 217, 70, 88, 135, 144, 81, 23, 330, 291, 113, 146, 77, 162, 95, 27, 177, 35, 52, 34, 27, 185, 47, 80, 101, 133, 28, 20, 192, 84, 313, 0)
s = 21: (0, 170, 57, 74, 219, 144, 65, 20, 188, 349, 155, 53, 48, 187, 100, 20, 196, 52, 53, 33, 68, 247, 53, 82, 111, 155, 18, 23, 353, 42, 334, 0)
s = 22: (0, 131, 86, 198, 317, 105, 96, 34, 193, 297, 158, 113, 92, 95, 188, 23, 272, 27, 92, 28, 63, 143, 78, 120, 78, 123, 15, 24, 211, 50, 353, 0)
s = 23: (0, 164, 86, 95, 188, 152, 91, 38, 235, 189, 149, 86, 71, 105, 127, 25, 131, 30, 109, 37, 40, 225, 69, 58, 95, 148, 26, 19, 115, 76, 283, 0)
s = 24: (0, 182, 56, 144, 229, 141, 89, 17, 222, 254, 207, 79, 54, 98, 152, 14, 184, 24, 81, 65, 71, 254, 57, 79, 101, 97, 20, 23, 269, 63, 317, 0)
s = 25: (0, 98, 54, 165, 127, 164, 88, 19, 317, 320, 135, 69, 78, 144, 149, 18, 130, 29, 66, 52, 45, 309, 60, 70, 107, 105, 20, 18, 271, 52, 185, 0)
s = 26: (0, 117, 99, 109, 259, 127, 107, 30, 275, 299, 120, 113, 128, 120, 176, 17, 173, 27, 59, 47, 50, 195, 59, 105, 77, 202, 37, 23, 248, 69, 267, 0)
s = 27: (0, 159, 50, 213, 309, 157, 60, 29, 179, 304, 78, 74, 70, 160, 187, 16, 157, 25, 46, 30, 44, 151, 51, 124, 184, 130, 20, 15, 181, 76, 246, 0)
s = 28: (0, 87, 91, 165, 347, 276, 71, 33, 155, 433, 207, 114, 71, 96, 158, 15, 192, 38, 51, 42, 30, 259, 58, 115, 84, 145, 31, 21, 192, 32, 253, 0)
s = 29: (0, 166, 76, 102, 175, 151, 141, 34, 204, 207, 133, 89, 91, 195, 150, 12, 240, 17, 102, 57, 45, 191, 69, 61, 83, 88, 30, 14, 223, 80, 198, 0)
s = 30: (0, 177, 42, 115, 247, 169, 101, 38, 238, 243, 139, 119, 83, 150, 138, 14, 136, 34, 89, 56, 51, 238, 46, 72, 122, 89, 33, 14, 213, 58, 286, 0)
s = 31: (0, 159, 83, 147, 284, 291, 156, 32, 253, 190, 115, 67, 82, 96, 188, 22, 177, 16, 64, 34, 40, 212, 44, 124, 84, 143, 20, 16, 139, 41, 204, 0)
s = 32: (0, 102, 53, 144, 168, 160, 57, 29, 196, 296, 110, 80, 66, 165, 128, 18, 186, 37, 77, 60, 40, 155, 94, 83, 150, 80, 46, 20, 184, 53, 329, 0)
s = 33: (0, 127, 60, 68, 137, 161, 134, 17, 223, 284, 182, 98, 96, 89, 140, 11, 186, 35, 98, 61, 41, 238, 58, 73, 80, 62, 35, 16, 131, 64, 327, 0)
s = 34: (0, 139, 64, 81, 211, 185, 81, 32, 354, 272, 88, 101, 89, 150, 85, 17, 228, 29, 118, 52, 29, 256, 90, 98, 114, 152, 22, 29, 218, 55, 191, 0)
s = 35: (0, 203, 74, 164, 125, 189, 69, 27, 219, 284, 212, 115, 60, 141, 83, 18, 266, 23, 88, 42, 53, 181, 67, 95, 152, 142, 39, 18, 215, 39, 231, 0)
s = 36: (0, 111, 114, 89, 199, 165, 138, 19, 337, 336, 183, 104, 62, 100, 150, 16, 233, 37, 70, 43, 64, 227, 48, 113, 116, 143, 22, 27, 277, 94, 272, 0)
s = 37: (0, 139, 48, 131, 254, 162, 59, 21, 209, 273, 196, 99, 99, 126, 114, 20, 200, 35, 56, 39, 32, 169, 89, 99, 155, 85, 25, 17, 134, 81, 330, 0)
s = 38: (0, 121, 73, 103, 161, 159, 79, 41, 258, 353, 132, 64, 55, 83, 129, 14, 208, 33, 86, 61, 58, 332, 105, 95, 154, 116, 31, 14, 185, 41, 374, 0)
s = 39: (0, 223, 52, 94, 129, 94, 156, 25, 441, 240, 207, 115, 93, 145, 168, 19, 215, 34, 56, 68, 69, 326, 67, 55, 202, 99, 22, 19, 257, 89, 213, 0)
s = 40: (0, 106, 54, 163, 286, 192, 142, 23, 267, 314, 174, 139, 86, 125, 135, 29, 167, 49, 110, 62, 37, 197, 84, 63, 76, 97, 22, 18, 292, 39, 358, 0)
s = 41: (0, 130, 59, 151, 136, 204, 136, 31, 261, 400, 114, 117, 71, 216, 220, 19, 165, 33, 92, 50, 39, 197, 88, 111, 99, 85, 38, 22, 258, 78, 195, 0)
s = 42: (0, 115, 53, 115, 152, 106, 111, 30, 349, 364, 145, 98, 126, 223, 172, 12, 242, 18, 71, 46, 32, 322, 85, 82, 77, 82, 27, 32, 267, 48, 180, 0)
s = 43: (0, 182, 68, 180, 142, 220, 71, 24, 303, 393, 92, 100, 81, 153, 144, 22, 137, 30, 64, 49, 55, 250, 79, 89, 75, 91, 37, 20, 207, 48, 269, 0)
s = 44: (0, 100, 111, 107, 267, 99, 69, 22, 322, 156, 85, 57, 84, 149, 123, 12, 116, 43, 73, 44, 42, 171, 44, 65, 80, 68, 25, 20, 206, 38, 252, 0)
s = 45: (0, 99, 83, 183, 219, 154, 83, 31, 215, 254, 166, 127, 80, 85, 150, 13, 236, 50, 86, 45, 37, 172, 36, 114, 160, 139, 28, 22, 110, 76, 263, 0)
s = 46: (0, 198, 88, 80, 319, 134, 138, 21, 222, 204, 103, 104, 97, 152, 89, 14, 301, 33, 84, 35, 40, 125, 35, 57, 124, 111, 45, 20, 241, 64, 238, 0)
s = 47: (0, 168, 95, 100, 131, 186, 87, 27, 274, 228, 155, 101, 71, 81, 165, 26, 203, 31, 66, 68, 48, 151, 73, 67, 114, 163, 22, 20, 133, 73, 263, 0)
s = 48: (0, 168, 126, 108, 260, 205, 89, 29, 332, 231, 207, 123, 128, 129, 167, 12, 173, 50, 105, 55, 43, 118, 60, 101, 110, 132, 31, 25, 291, 64, 192, 0)
s = 49: (0, 164, 115, 83, 242, 185, 90, 22, 197, 166, 142, 144, 87, 188, 139, 25, 119, 32, 88, 30, 36, 259, 61, 74, 85, 78, 15, 28, 175, 67, 251, 0)
s = 50: (0, 134, 88, 97, 306, 174, 71, 17, 208, 327, 128, 81, 109, 125, 145, 13, 339, 28, 62, 29, 30, 176, 104, 103, 151, 80, 20, 29, 122, 38, 367, 0)
s = 51: (0, 155, 38, 146, 126, 127, 98, 28, 263, 321, 95, 70, 41, 117, 138, 25, 228, 25, 49, 47, 48, 136, 66, 118, 70, 99, 19, 39, 140, 72, 176, 0)
s = 52: (0, 182, 40, 107, 134, 183, 86, 23, 301, 476, 149, 83, 81, 92, 79, 16, 184, 35, 96, 37, 30, 354, 69, 66, 78, 80, 27, 22, 165, 44, 384, 0)
s = 53: (0, 113, 73, 74, 172, 272, 87, 17, 289, 269, 104, 120, 90, 109, 110, 19, 241, 16, 82, 42, 56, 238, 50, 85, 110, 156, 27, 20, 212, 69, 143, 0)
s = 54: (0, 155, 108, 99, 185, 98, 68, 32, 281, 236, 133, 65, 57, 136, 137, 25, 138, 49, 109, 68, 45, 247, 62, 62, 79, 140, 30, 13, 147, 89, 306, 0)
s = 55: (0, 125, 70, 146, 247, 230, 70, 19, 189, 241, 182, 83, 78, 180, 210, 21, 152, 32, 105, 39, 48, 300, 56, 64, 151, 134, 35, 19, 290, 65, 293, 0)
s = 56: (0, 126, 58, 123, 307, 120, 90, 24, 283, 200, 91, 62, 81, 96, 105, 23, 290, 38, 92, 38, 52, 249, 76, 55, 118, 103, 18, 15, 167, 30, 189, 0)
s = 57: (0, 80, 42, 108, 196, 204, 84, 29, 326, 324, 94, 86, 77, 126, 132, 18, 202, 29, 97, 25, 42, 315, 87, 108, 123, 81, 28, 14, 193, 32, 170, 0)
s = 58: (0, 122, 85, 107, 144, 163, 58, 29, 303, 443, 236, 108, 49, 153, 196, 17, 113, 44, 53, 60, 51, 180, 40, 74, 111, 79, 53, 17, 302, 66, 221, 0)
s = 59: (0, 210, 93, 104, 212, 108, 89, 22, 362, 198, 167, 116, 54, 154, 107, 12, 226, 20, 72, 46, 55, 164, 65, 76, 128, 149, 25, 17, 290, 55, 163, 0)
s = 60: (0, 138, 66, 115, 231, 210, 118, 24, 343, 401, 112, 59, 118, 123, 128, 19, 247, 35, 69, 53, 52, 236, 63, 77, 83, 130, 21, 15, 304, 83, 181, 0)
s = 61: (0, 102, 92, 154, 172, 122, 78, 21, 228, 278, 160, 92, 70, 186, 110, 18, 285, 25, 58, 28, 42, 200, 93, 49, 118, 169, 21, 27, 205, 56, 185, 0)
s = 62: (0, 140, 72, 163, 207, 290, 80, 34, 176, 286, 135, 79, 51, 88, 136, 14, 156, 26, 85, 76, 42, 153, 54, 57, 107, 70, 18, 23, 134, 53, 306, 0)
s = 63: (0, 124, 57, 159, 324, 248, 76, 38, 312, 173, 125, 112, 82, 156, 147, 29, 149, 43, 79, 57, 28, 288, 98, 80, 68, 89, 16, 17, 179, 31, 174, 0)
s = 64: (0, 156, 67, 150, 225, 276, 142, 20, 227, 330, 99, 113, 88, 147, 124, 20, 120, 28, 48, 32, 70, 127, 40, 64, 133, 170, 25, 19, 209, 44, 175, 0)
s = 65: (0, 117, 56, 104, 181, 184, 72, 31, 267, 193, 154, 77, 59, 97, 144, 12, 216, 32, 70, 48, 60, 237, 41, 53, 92, 113, 27, 17, 136, 64, 240, 0)
s = 66: (0, 113, 58, 72, 123, 220, 72, 38, 417, 236, 156, 180, 62, 106, 143, 15, 235, 32, 64, 76, 44, 279, 55, 80, 122, 60, 18, 19, 144, 44, 321, 0)
s = 67: (0, 105, 73, 138, 286, 97, 90, 42, 176, 396, 128, 94, 43, 171, 193, 14, 211, 19, 61, 30, 43, 219, 39, 82, 124, 69, 18, 13, 116, 70, 252, 0)
s = 68: (0, 119, 48, 114, 239, 143, 116, 28, 224, 210, 222, 90, 86, 119, 127, 16, 159, 27, 75, 39, 44, 202, 61, 63, 104, 131, 29, 28, 173, 36, 263, 0)
s = 69: (0, 184, 61, 72, 296, 134, 119, 23, 247, 249, 125, 110, 93, 105, 130, 14, 226, 17, 52, 48, 38, 199, 49, 68, 147, 73, 35, 13, 227, 56, 235, 0)
s = 70: (0, 236, 46, 153, 249, 139, 122, 40, 179, 306, 135, 83, 89, 208, 231, 29, 324, 32, 82, 32, 26, 121, 57, 88, 132, 114, 34, 21, 214, 65, 282, 0)
s = 71: (0, 103, 43, 153, 207, 117, 66, 21, 300, 317, 173, 134, 116, 180, 136, 23, 141, 51, 61, 52, 36, 229, 66, 81, 120, 96, 36, 14, 253, 53, 262, 0)
s = 72: (0, 162, 116, 105, 147, 128, 72, 32, 289, 452, 116, 151, 108, 149, 190, 25, 158, 27, 63, 32, 24, 167, 80, 58, 133, 71, 34, 17, 284, 41, 383, 0)
s = 73: (0, 90, 97, 93, 182, 137, 91, 27, 322, 381, 129, 86, 50, 132, 133, 20, 204, 36, 77, 33, 42, 217, 39, 75, 89, 86, 26, 14, 297, 40, 306, 0)
s = 74: (0, 99, 76, 67, 332, 156, 55, 46, 162, 335, 82, 67, 110, 123, 96, 14, 171, 27, 71, 34, 60, 151, 53, 62, 133, 134, 20, 18, 153, 70, 225, 0)
s = 75: (0, 92, 67, 100, 191, 136, 93, 21, 369, 370, 176, 91, 66, 113, 93, 30, 243, 18, 139, 43, 50, 208, 37, 84, 101, 91, 26, 23, 259, 37, 242, 0)
s = 76: (0, 117, 87, 83, 312, 257, 66, 28, 281, 301, 147, 97, 106, 270, 148, 17, 228, 30, 90, 78, 57, 137, 47, 66, 99, 150, 20, 24, 150, 54, 209, 0)
s = 77: (0, 136, 51, 103, 294, 131, 123, 27, 219, 330, 114, 63, 51, 137, 176, 12, 277, 50, 96, 58, 52, 157, 46, 59, 107, 139, 21, 12, 175, 85, 211, 0)
s = 78: (0, 157, 83, 96, 171, 220, 92, 32, 459, 231, 208, 108, 91, 104, 129, 18, 203, 34, 77, 48, 48, 155, 82, 135, 91, 129, 36, 13, 138, 42, 170, 0)
s = 79: (0, 127, 94, 110, 154, 152, 134, 30, 383, 295, 176, 127, 70, 149, 191, 18, 274, 32, 93, 32, 41, 317, 74, 124, 92, 138, 19, 19, 174, 58, 328, 0)
s = 80: (0, 193, 44, 91, 250, 199, 133, 19, 371, 368, 145, 76, 76, 150, 117, 12, 173, 21, 69, 42, 46, 135, 47, 116, 113, 114, 33, 20, 270, 53, 246, 0)
s = 81: (0, 210, 111, 144, 175, 103, 145, 26, 363, 359, 162, 87, 103, 130, 107, 13, 215, 31, 85, 55, 46, 208, 75, 90, 145, 173, 22, 14, 173, 48, 310, 0)
s = 82: (0, 97, 66, 86, 174, 127, 124, 24, 304, 330, 117, 78, 66, 152, 171, 23, 168, 30, 100, 33, 33, 318, 52, 59, 105, 70, 15, 17, 113, 54, 381, 0)
s = 83: (0, 91, 71, 147, 190, 139, 74, 18, 219, 210, 184, 133, 100, 139, 189, 15, 173, 38, 103, 48, 38, 166, 35, 97, 148, 90, 20, 19, 216, 89, 222, 0)
s = 84: (0, 137, 64, 161, 176, 130, 169, 31, 316, 298, 97, 122, 52, 121, 161, 16, 266, 17, 97, 32, 58, 146, 49, 106, 78, 81, 24, 22, 150, 39, 162, 0)
s = 85: (0, 154, 92, 114, 257, 240, 116, 26, 211, 163, 128, 96, 106, 162, 201, 34, 199, 39, 64, 32, 37, 211, 57, 110, 80, 166, 30, 23, 225, 95, 304, 0)
s = 86: (0, 135, 63, 132, 228, 274, 55, 32, 421, 368, 180, 80, 56, 113, 197, 18, 210, 19, 78, 27, 33, 344, 74, 105, 110, 136, 26, 12, 124, 83, 180, 0)
s = 87: (0, 119, 86, 156, 249, 190, 60, 40, 222, 398, 116, 61, 66, 78, 197, 17, 260, 31, 135, 74, 46, 221, 74, 83, 134, 184, 27, 14, 243, 67, 196, 0)
s = 88: (0, 89, 72, 100, 210, 97, 91, 37, 232, 212, 180, 110, 67, 113, 126, 16, 239, 37, 76, 48, 42, 221, 41, 85, 81, 105, 17, 12, 146, 77, 189, 0)
s = 89: (0, 132, 90, 128, 156, 170, 71, 26, 241, 435, 163, 89, 84, 115, 127, 11, 149, 25, 64, 56, 52, 141, 56, 84, 137, 74, 30, 21, 267, 85, 233, 0)
s = 90: (0, 150, 37, 146, 327, 125, 66, 32, 227, 276, 163, 56, 82, 184, 148, 13, 213, 30, 102, 35, 31, 290, 77, 79, 147, 182, 17, 22, 223, 50, 314, 0)
s = 91: (0, 109, 68, 125, 285, 173, 85, 37, 174, 462, 132, 139, 98, 97, 133, 24, 289, 21, 99, 41, 54, 214, 88, 67, 98, 86, 23, 22, 134, 75, 277, 0)
s = 92: (0, 200, 45, 110, 264, 235, 65, 17, 418, 191, 148, 141, 102, 79, 127, 28, 170, 30, 61, 48, 56, 377, 37, 129, 95, 117, 17, 15, 120, 69, 209, 0)
s = 93: (0, 164, 46, 146, 258, 215, 68, 23, 258, 273, 117, 104, 73, 171, 180, 15, 205, 25, 83, 73, 66, 188, 77, 115, 104, 116, 26, 13, 109, 63, 273, 0)
s = 94: (0, 172, 68, 120, 118, 136, 77, 25, 390, 338, 159, 91, 58, 86, 163, 18, 363, 29, 106, 42, 30, 200, 70, 75, 157, 128, 21, 22, 160, 72, 333, 0)
s = 95: (0, 185, 60, 114, 136, 157, 138, 36, 356, 142, 137, 105, 56, 160, 202, 28, 262, 22, 77, 40, 44, 193, 107, 120, 160, 131, 34, 24, 134, 66, 351, 0)
s = 96: (0, 140, 59, 102, 122, 217, 71, 24, 365, 314, 171, 110, 55, 163, 124, 16, 148, 29, 52, 50, 40, 158, 50, 84, 101, 119, 25, 30, 318, 36, 346, 0)
s = 97: (0, 115, 48, 167, 135, 102, 131, 35, 336, 241, 103, 78, 52, 105, 131, 15, 230, 33, 86, 54, 46, 275, 87, 96, 92, 116, 35, 17, 119, 43, 336, 0)
s = 98: (0, 88, 63, 100, 187, 113, 94, 18, 215, 339, 151, 65, 68, 141, 133, 15, 211, 18, 61, 42, 64, 211, 80, 101, 128, 91, 36, 16, 192, 43, 297, 0)
s = 99: (0, 168, 60, 122, 177, 238, 65, 32, 258, 179, 145, 152, 131, 121, 101, 22, 286, 24, 112, 32, 56, 224, 73, 71, 85, 131, 21, 21, 217, 44, 368, 0)
s = 100: (0, 137, 62, 165, 213, 163, 123, 23, 400, 317, 105, 98, 54, 84, 130, 18, 153, 22, 59, 48, 46, 183, 81, 67, 136, 169, 20, 25, 208, 42, 444, 0)
s = 101: (0, 103, 66, 110, 130, 159, 132, 19, 365, 471, 173, 85, 80, 97, 154, 23, 170, 26, 44, 71, 52, 211, 69, 127, 134, 96, 20, 17, 286, 64, 301, 0)
s = 102: (0, 123, 49, 114, 307, 281, 79, 31, 264, 264, 125, 121, 76, 116, 144, 26, 249, 32, 85, 49, 28, 150, 56, 84, 193, 75, 18, 14, 173, 76, 169, 0)
s = 103: (0, 124, 76, 168, 205, 177, 94, 26, 212, 246, 177, 142, 102, 133, 135, 14, 235, 25, 54, 58, 63, 243, 82, 111, 129, 145, 27, 32, 190, 62, 155, 0)
s = 104: (0, 170, 44, 115, 294, 255, 93, 35, 395, 276, 88, 87, 85, 172, 193, 19, 182, 17, 89, 29, 35, 182, 83, 86, 139, 90, 41, 11, 174, 70, 162, 0)
s = 105: (0, 121, 65, 114, 261, 104, 117, 30, 236, 219, 85, 83, 77, 110, 128, 18, 181, 45, 88, 43, 42, 320, 62, 79, 104, 145, 18, 20, 134, 74, 186, 0)
s = 106: (0, 177, 90, 174, 313, 115, 109, 31, 345, 199, 167, 130, 43, 154, 175, 16, 215, 27, 60, 50, 42, 214, 67, 136, 135, 78, 37, 15, 112, 59, 169, 0)
s = 107: (0, 128, 63, 113, 256, 201, 135, 40, 472, 167, 92, 107, 88, 132, 131, 18, 116, 30, 67, 51, 33, 173, 45, 83, 168, 107, 25, 17, 161, 62, 347, 0)
s = 108: (0, 119, 95, 64, 222, 254, 113, 20, 243, 232, 141, 95, 90, 117, 211, 19, 238, 29, 64, 60, 46, 244, 45, 50, 164, 123, 24, 19, 168, 59, 197, 0)
s = 109: (0, 128, 77, 123, 207, 202, 82, 25, 221, 320, 230, 89, 57, 149, 102, 19, 245, 26, 88, 71, 32, 166, 74, 53, 67, 73, 27, 14, 247, 90, 257, 0)
s = 110: (0, 122, 111, 121, 276, 182, 97, 24, 213, 182, 217, 105, 98, 173, 124, 29, 161, 43, 116, 29, 44, 273, 44, 67, 143, 171, 21, 27, 146, 71, 258, 0)
s = 111: (0, 169, 106, 136, 246, 251, 120, 42, 311, 300, 111, 150, 56, 171, 81, 12, 209, 29, 70, 52, 32, 168, 49, 95, 107, 63, 28, 29, 165, 89, 211, 0)
s = 112: (0, 159, 85, 158, 178, 151, 83, 39, 184, 279, 184, 101, 65, 120, 84, 19, 197, 32, 43, 66, 71, 143, 75, 58, 102, 95, 27, 22, 174, 57, 213, 0)
s = 113: (0, 126, 53, 140, 265, 99, 93, 29, 348, 218, 117, 111, 59, 132, 104, 30, 145, 25, 75, 41, 64, 247, 109, 55, 114, 115, 37, 22, 302, 35, 305, 0)
s = 114: (0, 121, 80, 117, 218, 211, 161, 31, 300, 403, 87, 98, 110, 232, 150, 17, 272, 32, 112, 54, 48, 201, 53, 90, 128, 109, 32, 16, 153, 71, 323, 0)
s = 115: (0, 155, 83, 159, 319, 127, 76, 34, 342, 292, 143, 62, 119, 93, 101, 15, 202, 24, 69, 35, 63, 174, 61, 60, 157, 99, 21, 26, 214, 58, 314, 0)
s = 116: (0, 252, 42, 122, 231, 176, 58, 37, 218, 442, 175, 141, 64, 169, 95, 25, 197, 23, 68, 39, 57, 188, 37, 132, 98, 71, 15, 15, 207, 68, 229, 0)
s = 117: (0, 180, 76, 76, 295, 119, 146, 33, 279, 438, 243, 101, 91, 124, 140, 20, 220, 30, 109, 52, 39, 354, 38, 119, 97, 79, 20, 17, 150, 74, 275, 0)
s = 118: (0, 209, 38, 153, 215, 182, 97, 21, 274, 155, 222, 62, 99, 201, 112, 22, 214, 25, 85, 53, 33, 179, 48, 66, 92, 110, 27, 14, 268, 83, 162, 0)
s = 119: (0, 203, 54, 127, 205, 93, 113, 23, 222, 241, 155, 96, 76, 121, 126, 14, 256, 28, 59, 77, 43, 147, 70, 76, 120, 82, 21, 16, 312, 40, 188, 0)
s = 120: (0, 94, 40, 84, 265, 188, 71, 36, 201, 306, 220, 97, 96, 185, 125, 23, 140, 42, 65, 43, 55, 143, 90, 70, 117, 132, 26, 24, 219, 72, 220, 0)
s = 121: (0, 90, 68, 180, 153, 117, 82, 35, 309, 185, 92, 140, 61, 141, 126, 15, 197, 21, 53, 40, 52, 217, 53, 130, 140, 148, 31, 15, 144, 74, 347, 0)
s = 122: (0, 119, 83, 161, 182, 107, 85, 27, 304, 200, 233, 60, 62, 139, 134, 17, 181, 26, 56, 33, 79, 177, 34, 62, 78, 128, 27, 16, 227, 46, 251, 0)
s = 123: (0, 130, 56, 77, 122, 224, 97, 21, 238, 390, 153, 96, 114, 104, 188, 19, 173, 30, 89, 37, 43, 183, 68, 86, 128, 138, 26, 35, 161, 41, 185, 0)
s = 124: (0, 215, 56, 101, 318, 187, 60, 34, 456, 233, 179, 105, 61, 155, 138, 17, 251, 31, 78, 58, 50, 213, 45, 73, 155, 85, 24, 18, 172, 84, 210, 0)
s = 125: (0, 175, 79, 153, 330, 117, 74, 21, 292, 315, 99, 116, 105, 83, 137, 28, 274, 46, 80, 56, 30, 194, 51, 45, 96, 86, 40, 24, 227, 61, 157, 0)
s = 126: (0, 161, 72, 111, 315, 186, 103, 24, 368, 293, 160, 125, 60, 230, 103, 23, 201, 25, 59, 31, 49, 203, 51, 56, 152, 100, 42, 31, 207, 77, 213, 0)
s = 127: (0, 207, 95, 161, 130, 126, 84, 29, 311, 220, 160, 75, 45, 163, 111, 23, 145, 51, 89, 73, 30, 192, 54, 112, 152, 105, 19, 17, 195, 44, 202, 0)
s = 128: (0, 136, 77, 130, 152, 199, 92, 29, 405, 183, 132, 66, 74, 93, 179, 16, 149, 42, 88, 46, 41, 237, 84, 130, 85, 93, 42, 19, 225, 91, 375, 0)
s = 129: (0, 187, 70, 177, 267, 227, 113, 25, 267, 363, 155, 68, 72, 149, 87, 21, 157, 17, 66, 27, 42, 246, 78, 70, 109, 97, 26, 20, 187, 63, 174, 0)
s = 130: (0, 125, 50, 91, 139, 96, 91, 36, 201, 250, 162, 82, 89, 119, 133, 25, 270, 45, 86, 36, 46, 128, 65, 82, 172, 106, 16, 35, 157, 78, 226, 0)
s = 131: (0, 87, 110, 110, 244, 122, 59, 33, 226, 240, 85, 82, 152, 74, 118, 14, 165, 39, 52, 65, 38, 256, 66, 91, 183, 134, 27, 13, 165, 51, 189, 0)
s = 132: (0, 189, 87, 120, 227, 178, 146, 26, 275, 213, 217, 132, 97, 185, 141, 11, 125, 25, 81, 42, 45, 174, 56, 75, 68, 143, 18, 31, 135, 44, 150, 0)
s = 133: (0, 141, 75, 154, 151, 232, 162, 41, 263, 347, 176, 119, 75, 223, 142, 18, 222, 23, 70, 32, 48, 232, 52, 83, 130, 96, 26, 26, 209, 77, 495, 0)
s = 134: (0, 266, 98, 122, 297, 170, 79, 26, 260, 463, 128, 113, 79, 91, 114, 19, 181, 20, 84, 29, 71, 169, 41, 105, 106, 85, 27, 32, 192, 85, 344, 0)
s = 135: (0, 84, 38, 100, 175, 94, 65, 34, 296, 213, 132, 109, 43, 203, 182, 21, 218, 32, 70, 39, 38, 142, 65, 84, 93, 115, 30, 21, 182, 56, 149, 0)
s = 136: (0, 92, 86, 89, 208, 161, 89, 41, 395, 265, 138, 75, 73, 117, 191, 17, 201, 34, 80, 61, 50, 195, 39, 127, 107, 100, 22, 21, 169, 33, 187, 0)
s = 137: (0, 118, 62, 72, 300, 133, 81, 26, 259, 285, 106, 97, 63, 138, 118, 22, 193, 16, 86, 41, 62, 286, 106, 69, 102, 107, 21, 26, 188, 66, 298, 0)
s = 138: (0, 166, 95, 78, 245, 279, 78, 27, 378, 244, 91, 136, 95, 94, 125, 26, 348, 28, 50, 47, 64, 203, 46, 85, 131, 64, 20, 18, 223, 64, 296, 0)
s = 139: (0, 156, 54, 121, 231, 179, 107, 29, 300, 282, 119, 110, 70, 101, 92, 12, 143, 22, 91, 34, 72, 180, 42, 50, 90, 101, 17, 21, 177, 72, 284, 0)
s = 140: (0, 107, 45, 100, 143, 169, 123, 44, 338, 219, 153, 78, 75, 100, 112, 15, 295, 35, 62, 56, 37, 359, 61, 83, 119, 93, 21, 19, 277, 84, 239, 0)
s = 141: (0, 100, 69, 154, 216, 126, 80, 41, 208, 244, 146, 127, 88, 163, 142, 20, 273, 21, 51, 36, 50, 452, 66, 120, 130, 113, 30, 23, 184, 35, 152, 0)
s = 142: (0, 240, 59, 93, 126, 222, 98, 28, 185, 427, 222, 66, 95, 89, 123, 20, 154, 20, 66, 48, 49, 215, 70, 51, 81, 80, 29, 17, 196, 52, 257, 0)
s = 143: (0, 179, 42, 91, 374, 231, 70, 28, 334, 256, 96, 74, 82, 125, 141, 21, 308, 31, 82, 37, 80, 184, 56, 126, 135, 159, 36, 13, 271, 74, 291, 0)
s = 144: (0, 256, 39, 65, 270, 176, 60, 22, 435, 264, 175, 89, 59, 160, 135, 25, 240, 24, 78, 50, 35, 153, 71, 52, 143, 106, 25, 16, 288, 45, 354, 0)
s = 145: (0, 97, 91, 114, 168, 184, 109, 29, 220, 289, 112, 97, 85, 152, 190, 12, 209, 25, 111, 50, 42, 123, 50, 60, 108, 88, 26, 23, 311, 41, 232, 0)
s = 146: (0, 100, 48, 99, 193, 115, 84, 28, 182, 193, 232, 94, 94, 159, 104, 18, 203, 39, 90, 59, 58, 202, 82, 52, 152, 67, 23, 37, 166, 35, 190, 0)
s = 147: (0, 152, 61, 88, 115, 197, 91, 39, 189, 174, 135, 98, 47, 138, 123, 24, 135, 33, 114, 42, 66, 220, 57, 60, 176, 108, 21, 31, 328, 62, 324, 0)
s = 148: (0, 118, 71, 142, 226, 122, 69, 49, 304, 240, 84, 69, 100, 274, 158, 17, 178, 34, 64, 45, 66, 314, 37, 53, 121, 95, 24, 16, 278, 42, 287, 0)
s = 149: (0, 108, 40, 177, 305, 154, 142, 35, 158, 392, 135, 130, 57, 107, 172, 25, 217, 42, 93, 70, 41, 235, 45, 83, 97, 64, 23, 17, 261, 66, 138, 0)
s = 150: (0, 128, 91, 109, 318, 170, 78, 27, 292, 205, 118, 139, 84, 136, 176, 26, 217, 25, 53, 37, 49, 200, 42, 109, 106, 90, 25, 14, 132, 42, 187, 0)
s = 151: (0, 134, 64, 118, 223, 207, 69, 21, 335, 364, 247, 187, 53, 154, 167, 13, 135, 33, 87, 58, 38, 222, 58, 96, 111, 90, 20, 19, 274, 100, 204, 0)
s = 152: (0, 105, 56, 120, 335, 168, 123, 27, 214, 212, 99, 87, 71, 169, 117, 14, 249, 24, 70, 52, 61, 159, 68, 109, 112, 108, 28, 13, 195, 80, 244, 0)
s = 153: (0, 134, 39, 95, 148, 100, 61, 23, 336, 355, 124, 94, 73, 75, 98, 26, 255, 21, 61, 57, 40, 196, 41, 63, 62, 79, 39, 21, 158, 67, 299, 0)
s = 154: (0, 95, 72, 91, 139, 136, 131, 37, 271, 357, 217, 74, 56, 156, 160, 15, 309, 41, 98, 43, 35, 212, 94, 83, 106, 60, 23, 38, 166, 40, 249, 0)
s = 155: (0, 219, 87, 72, 206, 184, 124, 27, 367, 200, 142, 85, 56, 182, 216, 11, 246, 27, 62, 40, 51, 139, 92, 80, 90, 93, 37, 27, 242, 57, 276, 0)
s = 156: (0, 115, 108, 109, 319, 115, 83, 25, 192, 187, 108, 174, 55, 182, 155, 26, 300, 36, 118, 52, 39, 249, 49, 51, 147, 126, 19, 22, 182, 47, 185, 0)
s = 157: (0, 204, 53, 109, 308, 218, 105, 25, 227, 295, 180, 68, 71, 110, 229, 17, 239, 48, 72, 35, 36, 242, 35, 61, 151, 93, 17, 27, 281, 58, 218, 0)
s = 158: (0, 133, 64, 136, 153, 140, 113, 39, 198, 259, 100, 124, 51, 218, 188, 12, 293, 53, 57, 50, 28, 249, 49, 88, 117, 86, 28, 13, 270, 64, 359, 0)
s = 159: (0, 142, 42, 153, 200, 171, 133, 16, 156, 383, 142, 103, 81, 103, 167, 24, 155, 51, 78, 76, 72, 268, 67, 132, 81, 131, 20, 24, 266, 53, 206, 0)
s = 160: (0, 77, 43, 124, 247, 222, 55, 20, 281, 194, 96, 140, 107, 131, 194, 22, 350, 21, 85, 47, 59, 257, 51, 96, 185, 61, 16, 20, 250, 77, 236, 0)
s = 161: (0, 128, 85, 88, 185, 171, 55, 21, 332, 227, 139, 95, 61, 142, 180, 12, 167, 26, 131, 45, 50, 162, 96, 63, 215, 82, 16, 11, 324, 70, 251, 0)
s = 162: (0, 186, 74, 79, 282, 120, 69, 33, 301, 285, 127, 94, 109, 134, 209, 16, 228, 17, 85, 54, 42, 168, 46, 92, 140, 89, 27, 27, 212, 48, 229, 0)
s = 163: (0, 76, 79, 106, 179, 174, 109, 23, 344, 164, 242, 109, 108, 125, 94, 19, 345, 23, 89, 31, 62, 277, 92, 53, 114, 85, 23, 24, 135, 40, 214, 0)
s = 164: (0, 173, 69, 125, 222, 208, 96, 35, 286, 201, 172, 92, 122, 118, 118, 20, 200, 17, 56, 64, 70, 195, 68, 55, 143, 106, 17, 23, 254, 52, 413, 0)
s = 165: (0, 91, 95, 134, 145, 117, 154, 29, 471, 342, 198, 109, 110, 176, 103, 15, 293, 23, 110, 70, 66, 343, 40, 116, 134, 114, 29, 24, 147, 65, 171, 0)
s = 166: (0, 82, 64, 103, 124, 131, 105, 34, 321, 486, 96, 171, 134, 143, 101, 20, 152, 25, 78, 85, 58, 166, 53, 65, 154, 81, 21, 19, 139, 65, 196, 0)
s = 167: (0, 176, 53, 87, 257, 114, 108, 28, 188, 396, 123, 55, 65, 98, 225, 15, 151, 48, 86, 29, 59, 112, 44, 64, 154, 83, 30, 15, 261, 78, 159, 0)
s = 168: (0, 118, 84, 172, 169, 211, 147, 30, 348, 292, 232, 93, 98, 180, 100, 17, 262, 40, 106, 29, 36, 132, 71, 64, 123, 102, 29, 18, 111, 66, 323, 0)
s = 169: (0, 132, 68, 217, 202, 135, 100, 24, 222, 304, 183, 53, 51, 145, 154, 12, 190, 26, 68, 48, 28, 126, 51, 69, 79, 139, 31, 13, 344, 62, 145, 0)
s = 170: (0, 157, 58, 137, 271, 127, 92, 28, 196, 273, 127, 51, 101, 176, 158, 15, 144, 39, 76, 48, 51, 205, 90, 77, 113, 115, 28, 26, 179, 49, 237, 0)
s = 171: (0, 117, 53, 182, 325, 115, 65, 22, 187, 217, 166, 67, 70, 85, 131, 24, 177, 23, 42, 49, 46, 187, 56, 80, 160, 145, 27, 17, 165, 52, 220, 0)
s = 172: (0, 114, 47, 151, 155, 112, 119, 25, 354, 313, 148, 108, 86, 81, 121, 20, 197, 24, 61, 36, 31, 226, 100, 111, 141, 133, 27, 19, 244, 49, 190, 0)
s = 173: (0, 142, 58, 120, 201, 172, 132, 29, 173, 314, 254, 99, 106, 162, 129, 19, 142, 36, 48, 26, 26, 144, 59, 70, 122, 154, 18, 12, 163, 92, 226, 0)
s = 174: (0, 92, 95, 173, 205, 175, 104, 23, 176, 300, 127, 73, 81, 91, 128, 11, 212, 29, 54, 66, 42, 393, 77, 63, 126, 192, 23, 17, 116, 50, 327, 0)
s = 175: (0, 164, 54, 140, 261, 237, 113, 20, 206, 260, 193, 122, 88, 81, 116, 15, 199, 36, 52, 45, 54, 206, 40, 140, 77, 67, 29, 25, 169, 87, 236, 0)
s = 176: (0, 119, 38, 82, 133, 244, 121, 19, 224, 339, 201, 127, 55, 99, 147, 10, 163, 23, 68, 36, 48, 182, 65, 53, 101, 65, 16, 22, 192, 55, 245, 0)
s = 177: (0, 118, 67, 78, 286, 142, 66, 30, 207, 426, 161, 115, 58, 91, 89, 12, 235, 31, 88, 27, 41, 150, 78, 55, 109, 116, 21, 31, 150, 54, 237, 0)
s = 178: (0, 145, 113, 180, 180, 165, 77, 28, 160, 293, 141, 82, 97, 73, 76, 19, 283, 48, 72, 67, 29, 254, 66, 109, 88, 83, 22, 19, 257, 39, 236, 0)
s = 179: (0, 162, 91, 173, 197, 118, 56, 24, 182, 413, 105, 112, 99, 134, 100, 14, 191, 31, 52, 38, 59, 196, 36, 83, 190, 133, 36, 27, 159, 53, 353, 0)
s = 180: (0, 164, 53, 89, 157, 124, 83, 30, 214, 315, 224, 56, 101, 72, 150, 18, 215, 30, 48, 32, 51, 332, 103, 98, 100, 74, 31, 27, 218, 74, 188, 0)
s = 181: (0, 148, 77, 151, 186, 174, 71, 26, 278, 213, 116, 125, 71, 112, 88, 14, 280, 39, 69, 47, 49, 209, 54, 158, 104, 107, 19, 31, 173, 50, 267, 0)
s = 182: (0, 168, 87, 138, 142, 170, 97, 18, 382, 203, 144, 117, 70, 118, 214, 22, 299, 20, 54, 32, 49, 253, 50, 94, 98, 106, 26, 23, 167, 34, 278, 0)
s = 183: (0, 143, 69, 119, 234, 157, 84, 38, 231, 332, 178, 96, 72, 122, 125, 14, 194, 47, 51, 65, 28, 249, 39, 73, 83, 137, 32, 23, 159, 49, 255, 0)
s = 184: (0, 194, 60, 88, 171, 105, 76, 35, 238, 292, 188, 100, 67, 74, 139, 27, 277, 24, 90, 60, 46, 295, 62, 78, 66, 100, 39, 15, 189, 74, 237, 0)
s = 185: (0, 107, 66, 123, 216, 163, 78, 26, 259, 252, 97, 107, 80, 99, 95, 19, 250, 37, 57, 40, 59, 250, 64, 71, 89, 100, 26, 23, 202, 56, 165, 0)
s = 186: (0, 194, 68, 126, 346, 160, 131, 29, 322, 296, 104, 75, 51, 110, 163, 16, 155, 21, 78, 41, 58, 192, 57, 74, 114, 82, 20, 25, 203, 70, 166, 0)
s = 187: (0, 91, 67, 72, 291, 192, 63, 34, 379, 258, 111, 65, 104, 220, 99, 13, 241, 22, 66, 32, 66, 224, 72, 98, 67, 129, 27, 21, 196, 64, 303, 0)
s = 188: (0, 98, 80, 85, 271, 202, 72, 35, 213, 397, 136, 128, 65, 137, 93, 16, 335, 22, 84, 55, 34, 189, 68, 108, 166, 103, 19, 17, 198, 40, 291, 0)
s = 189: (0, 84, 50, 72, 288, 201, 145, 42, 370, 203, 120, 72, 126, 154, 126, 14, 226, 31, 85, 50, 37, 191, 53, 91, 103, 123, 37, 14, 256, 38, 191, 0)
s = 190: (0, 126, 101, 71, 173, 152, 104, 36, 421, 191, 97, 81, 100, 120, 143, 18, 235, 35, 51, 62, 30, 212, 66, 57, 108, 87, 24, 26, 195, 41, 268, 0)
s = 191: (0, 154, 42, 84, 173, 144, 94, 21, 331, 233, 208, 55, 115, 86, 147, 13, 185, 22, 49, 68, 32, 215, 66, 141, 115, 138, 27, 14, 123, 55, 178, 0)
s = 192: (0, 165, 54, 65, 245, 98, 73, 28, 263, 270, 110, 106, 60, 120, 112, 18, 196, 31, 44, 44, 47, 118, 77, 112, 141, 65, 17, 21, 216, 65, 188, 0)
s = 193: (0, 177, 64, 127, 127, 137, 100, 22, 210, 197, 162, 72, 73, 143, 216, 20, 210, 30, 71, 26, 55, 309, 50, 85, 120, 167, 35, 17, 211, 62, 291, 0)
s = 194: (0, 89, 64, 179, 203, 141, 64, 25, 196, 172, 85, 87, 114, 125, 198, 14, 241, 26, 83, 79, 57, 257, 60, 109, 101, 98, 30, 17, 155, 43, 183, 0)
s = 195: (0, 133, 41, 115, 210, 162, 124, 37, 335, 233, 142, 76, 81, 197, 80, 23, 128, 34, 69, 30, 41, 245, 46, 81, 169, 141, 44, 25, 221, 35, 318, 0)
s = 196: (0, 284, 59, 106, 127, 107, 71, 20, 196, 474, 156, 93, 104, 99, 146, 22, 196, 18, 42, 49, 32, 138, 69, 103, 94, 94, 17, 26, 156, 49, 228, 0)
s = 197: (0, 156, 77, 105, 211, 133, 80, 25, 260, 317, 180, 151, 61, 91, 127, 19, 344, 36, 64, 31, 41, 171, 34, 122, 98, 108, 27, 27, 205, 54, 240, 0)
s = 198: (0, 133, 49, 109, 295, 117, 179, 35, 519, 289, 159, 87, 83, 120, 188, 11, 150, 29, 64, 42, 36, 204, 58, 61, 80, 116, 42, 23, 196, 85, 247, 0)
s = 199: (0, 131, 82, 95, 161, 181, 84, 19, 284, 333, 124, 100, 91, 145, 164, 14, 278, 24, 85, 31, 33, 335, 46, 66, 160, 182, 32, 22, 169, 84, 313, 0)
s = 200: (0, 149, 54, 79, 146, 245, 67, 24, 221, 262, 151, 91, 51, 110, 89, 14, 157, 25, 83, 51, 65, 267, 84, 50, 69, 146, 22, 24, 164, 42, 242, 0)
************************************************************************
ES/LS-VALUES:
jobnr.   ES(i)    LS(i)
------------------------------------------------------------------------
  0        0        0
  1        0       129
  2        0       90
  3        0       88
  4        5       96
  5        5       107
  6       18       110
  7       12       101
  8       13       103
  9       18       141
 10       30       123
 11       27       120
 12       18       134
 13       44       138
 14       17       120
 15       44       146
 16       40       134
 17       45       148
 18       33       137
 19       33       157
 20       11       141
 21       30       121
 22       27       142
 23       50       142
 24       14       145
 25       53       148
 26       46       150
 27       53       161
 28       61       154
 29       69       165
 30       53       153
 31       77       171
************************************************************************
BIG-M-VALUES:
M1 = 38, M2 = 519
************************************************************************
