************************************************************************
file with basedata            : j30_37.bas
initial value random generator: 1990659781
************************************************************************
projects                      :  1
jobs (incl. supersource/sink ):  32
horizon                       :  181
RESOURCES
  - renewable                 :  4   R
  - nonrenewable              :  0   N
  - doubly constrained        :  0   D
************************************************************************
PROJECT INFORMATION:
pronr.  #jobs rel.date duedate tardcost  MPM-Time
    1     30      0       54        6       54
************************************************************************
PRECEDENCE RELATIONS:
jobnr.    #modes  #successors   successors
   0        1          3           1   2   3
   1        1          3           4  13  22
   2        1          3           7  11  19
   3        1          3           7  11  17
   4        1          3           5   6  20
   5        1          1          10
   6        1          2          14  15
   7        1          3           8  10  27
   8        1          3           9  21  25
   9        1          1          12
  10        1          2          16  21
  11        1          1          22
  12        1          1          20
  13        1          3          18  24  28
  14        1          1          19
  15        1          1          18
  16        1          3          24  28  29
  17        1          2          19  26
  18        1          3          21  23  25
  19        1          2          23  24
  20        1          1          29
  21        1          1          30
  22        1          3          23  26  28
  23        1          1          27
  24        1          1          25
  25        1          1          30
  26        1          2          27  29
  27        1          1          30
  28        1          1          31
  29        1          1          31
  30        1          1          31
  31        1          0        
************************************************************************
REQUESTS/DURATIONS:
jobnr. mode duration  R 1  R 2  R 3  R 4  E(W 1)  E(W 2)
------------------------------------------------------------------------
  0      1     0       0    0    0    0     0       0
  1      1     7       0    0    0    7     0      49
  2      1     6      10    0    3    0    60      18
  3      1     5       0    0    8    5     0      65
  4      1    10       5    0    0    0    50       0
  5      1     9       0    9    0    5    81      45
  6      1     7       8    0    1    0    56      14
  7      1    10       0    9    0    2    90      20
  8      1     2       0    0    0    9     0      18
  9      1     9       0    2    2    0    18      18
 10      1    10       0    0    3    4     0      70
 11      1     3       8    0    1    9    24      33
 12      1     2       0    9    1    0    18       4
 13      1     8       7    0   10    0    56      80
 14      1     5       5    9    0    2    70      10
 15      1     8       2    1    3    0    32      24
 16      1     4       0    4    4    7    16      44
 17      1     3       8    0    6    4    24      30
 18      1     6       0    0    0    6     0      36
 19      1     5       2    3    1    6    25      40
 20      1     9       3   10    6    0    117      54
 21      1     9       1    0    0    8    18      72
 22      1     2       9    0    0    2    18       4
 23      1     8       0    0    4    4     0      64
 24      1     6       8    0    0    0    48       0
 25      1     2       0    3    0    4     6       8
 26      1     9       0    5    0    9    45      81
 27      1     1       0    0    4    0     0       4
 28      1     2       5    0    3    4    10      14
 29      1     8       8    0    0    0    64       0
 30      1     6       0    0    0    3     0      18
 31      1     0       0    0    0    0     0       0
************************************************************************
RESOURCEAVAILABILITIES:
  R 1  R 2
   26   23
************************************************************************
RESOURCE LIMITS:
jobnr.  l(R 1)  u(R 1)  l(R 2)  u(R 2)
------------------------------------------------------------------------
  0        0       0       0       0
  1        0       0       4       7
  2        5      10       2       3
  3        0       0       7      13
  4        3       5       0       0
  5        5       9       3       5
  6        4       8       1       2
  7        5       9       1       2
  8        0       0       5       9
  9        1       2       1       2
 10        0       0       4       7
 11        4       8       6      11
 12        5       9       1       2
 13        4       7       5      10
 14        8      14       1       2
 15        2       4       2       3
 16        2       4       6      11
 17        4       8       5      10
 18        0       0       3       6
 19        3       5       4       8
 20        7      13       3       6
 21        1       2       4       8
 22        5       9       1       2
 23        0       0       4       8
 24        4       8       0       0
 25        2       3       2       4
 26        3       5       5       9
 27        0       0       2       4
 28        3       5       4       7
 29        4       8       0       0
 30        0       0       2       3
 31        0       0       0       0
************************************************************************
SCENARIOS:
------------------------------------------------------------------------
RESOURCE k = 1
s = 1: (0, 0, 49, 0, 72, 63, 35, 125, 0, 31, 0, 26, 18, 74, 49, 28, 25, 42, 0, 20, 81, 21, 19, 0, 30, 4, 48, 0, 17, 99, 0, 0)
s = 2: (0, 0, 70, 0, 31, 106, 81, 118, 0, 13, 0, 27, 19, 67, 69, 57, 10, 29, 0, 14, 173, 15, 17, 0, 37, 8, 63, 0, 8, 48, 0, 0)
s = 3: (0, 0, 60, 0, 50, 133, 36, 98, 0, 25, 0, 22, 10, 46, 50, 38, 14, 33, 0, 27, 155, 22, 14, 0, 81, 8, 44, 0, 10, 84, 0, 0)
s = 4: (0, 0, 51, 0, 45, 95, 31, 55, 0, 21, 0, 20, 14, 50, 75, 30, 16, 16, 0, 27, 109, 19, 18, 0, 38, 5, 46, 0, 12, 82, 0, 0)
s = 5: (0, 0, 100, 0, 54, 62, 71, 69, 0, 17, 0, 27, 22, 46, 62, 36, 16, 21, 0, 20, 102, 13, 19, 0, 38, 6, 65, 0, 7, 68, 0, 0)
s = 6: (0, 0, 48, 0, 44, 97, 79, 120, 0, 14, 0, 25, 24, 62, 78, 20, 12, 19, 0, 23, 114, 21, 13, 0, 71, 7, 53, 0, 9, 69, 0, 0)
s = 7: (0, 0, 37, 0, 49, 68, 63, 132, 0, 21, 0, 30, 15, 45, 74, 31, 18, 21, 0, 26, 83, 18, 15, 0, 32, 7, 61, 0, 10, 64, 0, 0)
s = 8: (0, 0, 86, 0, 50, 62, 49, 102, 0, 13, 0, 23, 25, 45, 89, 29, 16, 22, 0, 31, 91, 19, 17, 0, 41, 7, 63, 0, 12, 65, 0, 0)
s = 9: (0, 0, 45, 0, 41, 56, 63, 147, 0, 16, 0, 30, 17, 39, 42, 27, 11, 16, 0, 23, 92, 13, 27, 0, 38, 6, 33, 0, 11, 42, 0, 0)
s = 10: (0, 0, 64, 0, 60, 73, 76, 100, 0, 15, 0, 15, 17, 55, 82, 48, 27, 21, 0, 19, 138, 21, 19, 0, 34, 8, 28, 0, 10, 46, 0, 0)
s = 11: (0, 0, 54, 0, 64, 67, 73, 101, 0, 15, 0, 27, 32, 75, 41, 34, 15, 36, 0, 34, 102, 11, 18, 0, 54, 6, 35, 0, 16, 37, 0, 0)
s = 12: (0, 0, 80, 0, 35, 64, 38, 69, 0, 15, 0, 27, 12, 30, 90, 43, 21, 17, 0, 40, 153, 21, 15, 0, 41, 7, 59, 0, 10, 74, 0, 0)
s = 13: (0, 0, 81, 0, 49, 140, 44, 60, 0, 19, 0, 21, 11, 72, 71, 23, 21, 24, 0, 26, 87, 13, 20, 0, 46, 6, 30, 0, 7, 86, 0, 0)
s = 14: (0, 0, 61, 0, 40, 73, 65, 76, 0, 13, 0, 27, 19, 36, 52, 24, 11, 22, 0, 43, 97, 16, 22, 0, 43, 6, 27, 0, 14, 86, 0, 0)
s = 15: (0, 0, 75, 0, 32, 103, 82, 78, 0, 18, 0, 38, 26, 62, 67, 23, 10, 18, 0, 30, 106, 23, 22, 0, 42, 9, 39, 0, 9, 37, 0, 0)
s = 16: (0, 0, 73, 0, 55, 79, 40, 97, 0, 13, 0, 22, 11, 53, 87, 32, 22, 25, 0, 25, 165, 10, 25, 0, 60, 7, 40, 0, 9, 65, 0, 0)
s = 17: (0, 0, 73, 0, 33, 124, 68, 134, 0, 20, 0, 16, 20, 65, 81, 41, 16, 16, 0, 20, 92, 13, 15, 0, 41, 5, 26, 0, 10, 81, 0, 0)
s = 18: (0, 0, 93, 0, 66, 60, 36, 91, 0, 21, 0, 26, 26, 55, 39, 26, 12, 17, 0, 24, 74, 25, 16, 0, 48, 6, 44, 0, 13, 51, 0, 0)
s = 19: (0, 0, 50, 0, 32, 127, 51, 84, 0, 17, 0, 26, 19, 42, 61, 39, 14, 30, 0, 14, 121, 29, 15, 0, 63, 5, 50, 0, 8, 89, 0, 0)
s = 20: (0, 0, 56, 0, 39, 74, 58, 89, 0, 16, 0, 31, 15, 29, 63, 37, 9, 26, 0, 24, 110, 11, 11, 0, 34, 5, 46, 0, 8, 50, 0, 0)
s = 21: (0, 0, 53, 0, 74, 78, 47, 124, 0, 19, 0, 14, 18, 81, 93, 38, 20, 28, 0, 18, 89, 20, 14, 0, 73, 8, 55, 0, 11, 61, 0, 0)
s = 22: (0, 0, 72, 0, 40, 96, 65, 86, 0, 17, 0, 36, 18, 50, 54, 34, 26, 32, 0, 23, 120, 17, 13, 0, 47, 8, 41, 0, 10, 88, 0, 0)
s = 23: (0, 0, 47, 0, 51, 101, 48, 94, 0, 25, 0, 21, 15, 104, 82, 24, 12, 18, 0, 18, 120, 26, 19, 0, 50, 6, 26, 0, 10, 46, 0, 0)
s = 24: (0, 0, 51, 0, 44, 73, 52, 86, 0, 12, 0, 26, 16, 77, 74, 39, 16, 18, 0, 23, 65, 22, 21, 0, 37, 6, 51, 0, 10, 55, 0, 0)
s = 25: (0, 0, 53, 0, 47, 93, 30, 50, 0, 12, 0, 34, 14, 50, 58, 29, 21, 20, 0, 40, 76, 15, 23, 0, 38, 9, 50, 0, 11, 64, 0, 0)
s = 26: (0, 0, 71, 0, 36, 78, 46, 150, 0, 14, 0, 16, 14, 73, 122, 34, 17, 31, 0, 17, 111, 27, 25, 0, 44, 5, 34, 0, 10, 83, 0, 0)
s = 27: (0, 0, 50, 0, 53, 85, 54, 130, 0, 15, 0, 44, 16, 60, 40, 40, 13, 27, 0, 16, 114, 18, 11, 0, 76, 8, 63, 0, 10, 60, 0, 0)
s = 28: (0, 0, 35, 0, 54, 58, 47, 55, 0, 32, 0, 19, 22, 53, 82, 33, 11, 24, 0, 43, 98, 24, 16, 0, 56, 9, 26, 0, 9, 53, 0, 0)
s = 29: (0, 0, 66, 0, 39, 75, 50, 147, 0, 13, 0, 25, 14, 63, 68, 33, 18, 23, 0, 17, 85, 18, 21, 0, 27, 5, 44, 0, 9, 43, 0, 0)
s = 30: (0, 0, 57, 0, 41, 53, 51, 92, 0, 26, 0, 20, 10, 60, 62, 24, 18, 27, 0, 31, 78, 18, 12, 0, 44, 8, 55, 0, 12, 41, 0, 0)
s = 31: (0, 0, 37, 0, 71, 65, 96, 58, 0, 19, 0, 22, 21, 33, 69, 23, 10, 31, 0, 19, 94, 18, 21, 0, 55, 7, 29, 0, 10, 52, 0, 0)
s = 32: (0, 0, 62, 0, 39, 110, 58, 93, 0, 17, 0, 15, 17, 48, 86, 35, 21, 28, 0, 34, 127, 17, 17, 0, 70, 7, 54, 0, 11, 46, 0, 0)
s = 33: (0, 0, 61, 0, 69, 56, 40, 81, 0, 15, 0, 27, 16, 47, 64, 32, 12, 28, 0, 32, 143, 21, 16, 0, 53, 4, 52, 0, 9, 62, 0, 0)
s = 34: (0, 0, 40, 0, 42, 85, 81, 121, 0, 16, 0, 35, 18, 42, 45, 40, 17, 28, 0, 31, 112, 26, 12, 0, 41, 7, 37, 0, 10, 96, 0, 0)
s = 35: (0, 0, 53, 0, 41, 87, 41, 104, 0, 16, 0, 26, 19, 80, 96, 49, 15, 38, 0, 27, 174, 15, 32, 0, 83, 11, 45, 0, 10, 75, 0, 0)
s = 36: (0, 0, 79, 0, 40, 88, 49, 120, 0, 24, 0, 20, 24, 74, 117, 44, 16, 17, 0, 39, 112, 14, 26, 0, 40, 7, 54, 0, 8, 68, 0, 0)
s = 37: (0, 0, 109, 0, 56, 86, 50, 75, 0, 22, 0, 20, 17, 47, 71, 30, 22, 20, 0, 18, 138, 16, 14, 0, 34, 6, 38, 0, 11, 94, 0, 0)
s = 38: (0, 0, 101, 0, 50, 103, 68, 144, 0, 25, 0, 14, 21, 33, 78, 36, 27, 17, 0, 20, 175, 18, 13, 0, 47, 5, 56, 0, 13, 59, 0, 0)
s = 39: (0, 0, 37, 0, 56, 116, 83, 105, 0, 13, 0, 17, 19, 72, 112, 46, 13, 24, 0, 32, 103, 35, 31, 0, 38, 9, 61, 0, 12, 77, 0, 0)
s = 40: (0, 0, 50, 0, 42, 90, 49, 117, 0, 23, 0, 22, 21, 42, 87, 28, 14, 21, 0, 40, 177, 20, 11, 0, 50, 7, 46, 0, 13, 61, 0, 0)
s = 41: (0, 0, 62, 0, 56, 57, 46, 59, 0, 16, 0, 23, 15, 72, 42, 27, 14, 45, 0, 33, 80, 17, 19, 0, 59, 8, 48, 0, 11, 69, 0, 0)
s = 42: (0, 0, 78, 0, 61, 87, 69, 95, 0, 15, 0, 34, 14, 55, 41, 21, 11, 23, 0, 27, 94, 13, 12, 0, 56, 6, 40, 0, 10, 74, 0, 0)
s = 43: (0, 0, 45, 0, 57, 50, 54, 85, 0, 16, 0, 22, 17, 51, 64, 28, 14, 15, 0, 33, 157, 13, 34, 0, 28, 10, 52, 0, 8, 57, 0, 0)
s = 44: (0, 0, 61, 0, 61, 92, 45, 51, 0, 16, 0, 19, 14, 65, 56, 38, 19, 16, 0, 21, 154, 18, 24, 0, 33, 8, 34, 0, 11, 57, 0, 0)
s = 45: (0, 0, 83, 0, 50, 70, 62, 91, 0, 23, 0, 42, 15, 34, 61, 47, 12, 30, 0, 17, 126, 22, 19, 0, 66, 4, 51, 0, 6, 65, 0, 0)
s = 46: (0, 0, 56, 0, 47, 78, 62, 108, 0, 21, 0, 21, 16, 94, 104, 47, 23, 37, 0, 35, 147, 19, 29, 0, 35, 5, 64, 0, 12, 62, 0, 0)
s = 47: (0, 0, 67, 0, 51, 55, 49, 95, 0, 18, 0, 34, 15, 53, 44, 36, 15, 30, 0, 27, 149, 19, 17, 0, 57, 5, 75, 0, 6, 54, 0, 0)
s = 48: (0, 0, 54, 0, 42, 65, 45, 66, 0, 14, 0, 18, 16, 48, 80, 34, 22, 26, 0, 18, 114, 15, 11, 0, 39, 7, 61, 0, 12, 84, 0, 0)
s = 49: (0, 0, 63, 0, 42, 78, 58, 59, 0, 14, 0, 19, 20, 37, 42, 21, 18, 29, 0, 27, 128, 15, 28, 0, 64, 9, 25, 0, 13, 90, 0, 0)
s = 50: (0, 0, 40, 0, 34, 42, 65, 91, 0, 17, 0, 25, 15, 52, 57, 37, 14, 19, 0, 27, 146, 24, 18, 0, 87, 4, 35, 0, 7, 53, 0, 0)
s = 51: (0, 0, 46, 0, 65, 65, 55, 76, 0, 14, 0, 14, 28, 37, 78, 44, 16, 19, 0, 26, 76, 25, 16, 0, 39, 9, 41, 0, 11, 62, 0, 0)
s = 52: (0, 0, 41, 0, 66, 88, 60, 80, 0, 12, 0, 21, 13, 82, 85, 35, 14, 20, 0, 22, 91, 20, 11, 0, 46, 5, 44, 0, 17, 51, 0, 0)
s = 53: (0, 0, 111, 0, 40, 60, 78, 66, 0, 25, 0, 31, 17, 47, 61, 48, 22, 24, 0, 35, 147, 20, 26, 0, 53, 6, 54, 0, 9, 48, 0, 0)
s = 54: (0, 0, 47, 0, 62, 92, 42, 69, 0, 18, 0, 22, 15, 48, 94, 25, 15, 23, 0, 43, 129, 21, 26, 0, 44, 8, 59, 0, 8, 51, 0, 0)
s = 55: (0, 0, 75, 0, 50, 69, 87, 94, 0, 18, 0, 26, 20, 76, 74, 41, 16, 21, 0, 35, 151, 19, 19, 0, 35, 6, 34, 0, 8, 71, 0, 0)
s = 56: (0, 0, 82, 0, 53, 123, 90, 114, 0, 14, 0, 16, 25, 58, 41, 35, 14, 15, 0, 31, 196, 17, 15, 0, 44, 6, 53, 0, 9, 79, 0, 0)
s = 57: (0, 0, 76, 0, 51, 74, 76, 147, 0, 15, 0, 21, 22, 31, 52, 58, 15, 24, 0, 25, 121, 14, 25, 0, 35, 7, 34, 0, 8, 43, 0, 0)
s = 58: (0, 0, 37, 0, 43, 62, 70, 82, 0, 14, 0, 27, 11, 68, 86, 28, 18, 24, 0, 28, 103, 17, 14, 0, 51, 5, 64, 0, 14, 40, 0, 0)
s = 59: (0, 0, 64, 0, 48, 105, 44, 103, 0, 13, 0, 20, 20, 66, 66, 37, 12, 39, 0, 22, 94, 22, 15, 0, 70, 5, 32, 0, 7, 43, 0, 0)
s = 60: (0, 0, 64, 0, 71, 96, 40, 76, 0, 33, 0, 25, 24, 55, 45, 35, 19, 20, 0, 24, 165, 27, 12, 0, 35, 4, 45, 0, 13, 96, 0, 0)
s = 61: (0, 0, 48, 0, 59, 54, 39, 96, 0, 12, 0, 22, 14, 94, 55, 32, 14, 24, 0, 38, 71, 12, 12, 0, 76, 6, 32, 0, 14, 82, 0, 0)
s = 62: (0, 0, 94, 0, 56, 87, 74, 66, 0, 27, 0, 28, 24, 55, 55, 42, 14, 35, 0, 20, 105, 15, 25, 0, 69, 5, 43, 0, 12, 58, 0, 0)
s = 63: (0, 0, 83, 0, 89, 58, 52, 55, 0, 19, 0, 38, 25, 56, 52, 38, 20, 29, 0, 23, 67, 11, 15, 0, 52, 6, 33, 0, 9, 65, 0, 0)
s = 64: (0, 0, 39, 0, 52, 98, 56, 90, 0, 13, 0, 29, 30, 39, 100, 36, 22, 32, 0, 22, 86, 15, 14, 0, 64, 9, 49, 0, 12, 36, 0, 0)
s = 65: (0, 0, 61, 0, 51, 100, 53, 71, 0, 21, 0, 14, 12, 48, 76, 31, 10, 20, 0, 21, 67, 25, 14, 0, 58, 8, 47, 0, 7, 39, 0, 0)
s = 66: (0, 0, 47, 0, 53, 89, 35, 66, 0, 18, 0, 24, 12, 72, 84, 30, 26, 19, 0, 33, 210, 16, 13, 0, 48, 5, 39, 0, 16, 56, 0, 0)
s = 67: (0, 0, 60, 0, 32, 89, 78, 71, 0, 12, 0, 23, 22, 64, 65, 39, 19, 23, 0, 14, 92, 11, 16, 0, 28, 6, 27, 0, 12, 80, 0, 0)
s = 68: (0, 0, 56, 0, 43, 90, 36, 73, 0, 17, 0, 26, 14, 55, 53, 32, 16, 33, 0, 19, 128, 13, 15, 0, 44, 6, 30, 0, 10, 67, 0, 0)
s = 69: (0, 0, 47, 0, 96, 77, 68, 103, 0, 24, 0, 30, 19, 35, 55, 21, 22, 30, 0, 34, 132, 17, 17, 0, 43, 7, 40, 0, 13, 54, 0, 0)
s = 70: (0, 0, 39, 0, 67, 102, 80, 99, 0, 25, 0, 17, 11, 62, 45, 33, 10, 23, 0, 23, 77, 14, 15, 0, 36, 6, 76, 0, 8, 101, 0, 0)
s = 71: (0, 0, 95, 0, 54, 87, 39, 111, 0, 11, 0, 18, 17, 55, 82, 18, 16, 21, 0, 19, 97, 35, 15, 0, 38, 8, 39, 0, 11, 56, 0, 0)
s = 72: (0, 0, 62, 0, 50, 71, 33, 91, 0, 14, 0, 28, 17, 38, 60, 18, 19, 21, 0, 23, 113, 22, 18, 0, 46, 9, 46, 0, 8, 73, 0, 0)
s = 73: (0, 0, 73, 0, 51, 46, 54, 90, 0, 12, 0, 20, 31, 58, 40, 35, 17, 30, 0, 34, 144, 17, 15, 0, 78, 5, 43, 0, 13, 72, 0, 0)
s = 74: (0, 0, 45, 0, 36, 113, 37, 64, 0, 16, 0, 43, 19, 65, 67, 34, 16, 18, 0, 27, 69, 19, 21, 0, 48, 7, 37, 0, 9, 52, 0, 0)
s = 75: (0, 0, 67, 0, 66, 51, 48, 97, 0, 20, 0, 15, 14, 33, 57, 49, 11, 24, 0, 22, 71, 23, 22, 0, 44, 4, 44, 0, 14, 75, 0, 0)
s = 76: (0, 0, 87, 0, 48, 104, 40, 108, 0, 26, 0, 24, 32, 52, 87, 20, 19, 31, 0, 16, 96, 19, 23, 0, 40, 4, 37, 0, 9, 46, 0, 0)
s = 77: (0, 0, 80, 0, 32, 68, 41, 84, 0, 18, 0, 24, 21, 58, 60, 43, 22, 25, 0, 43, 85, 23, 16, 0, 58, 4, 33, 0, 9, 83, 0, 0)
s = 78: (0, 0, 42, 0, 80, 85, 40, 104, 0, 13, 0, 28, 26, 72, 68, 29, 21, 24, 0, 24, 144, 26, 15, 0, 83, 7, 80, 0, 16, 110, 0, 0)
s = 79: (0, 0, 61, 0, 74, 60, 51, 93, 0, 22, 0, 24, 29, 81, 50, 22, 18, 18, 0, 20, 83, 20, 18, 0, 43, 7, 27, 0, 9, 48, 0, 0)
s = 80: (0, 0, 49, 0, 44, 112, 36, 128, 0, 20, 0, 24, 16, 81, 68, 23, 16, 28, 0, 17, 82, 19, 23, 0, 48, 10, 26, 0, 10, 52, 0, 0)
s = 81: (0, 0, 58, 0, 88, 116, 37, 99, 0, 22, 0, 22, 11, 52, 51, 39, 19, 34, 0, 27, 113, 17, 12, 0, 32, 10, 53, 0, 9, 114, 0, 0)
s = 82: (0, 0, 58, 0, 56, 65, 46, 67, 0, 33, 0, 16, 10, 81, 98, 31, 20, 29, 0, 37, 153, 18, 20, 0, 44, 8, 53, 0, 9, 50, 0, 0)
s = 83: (0, 0, 65, 0, 65, 82, 98, 124, 0, 13, 0, 26, 25, 75, 70, 25, 10, 20, 0, 23, 133, 13, 22, 0, 76, 10, 29, 0, 13, 91, 0, 0)
s = 84: (0, 0, 50, 0, 38, 78, 60, 93, 0, 23, 0, 19, 14, 43, 79, 55, 15, 15, 0, 23, 98, 15, 12, 0, 38, 4, 44, 0, 14, 51, 0, 0)
s = 85: (0, 0, 47, 0, 29, 76, 59, 56, 0, 31, 0, 26, 23, 66, 72, 31, 24, 29, 0, 31, 100, 14, 27, 0, 49, 7, 28, 0, 13, 109, 0, 0)
s = 86: (0, 0, 80, 0, 73, 73, 32, 104, 0, 11, 0, 19, 18, 66, 77, 41, 13, 25, 0, 22, 78, 23, 26, 0, 51, 6, 60, 0, 11, 102, 0, 0)
s = 87: (0, 0, 55, 0, 31, 78, 31, 152, 0, 11, 0, 24, 14, 66, 86, 32, 17, 28, 0, 26, 114, 17, 18, 0, 61, 6, 50, 0, 11, 91, 0, 0)
s = 88: (0, 0, 84, 0, 87, 109, 63, 72, 0, 21, 0, 18, 32, 44, 64, 22, 11, 26, 0, 21, 102, 25, 21, 0, 56, 8, 48, 0, 9, 80, 0, 0)
s = 89: (0, 0, 66, 0, 39, 129, 52, 88, 0, 28, 0, 20, 12, 63, 51, 52, 28, 18, 0, 25, 176, 30, 14, 0, 44, 10, 42, 0, 11, 63, 0, 0)
s = 90: (0, 0, 70, 0, 37, 82, 38, 134, 0, 14, 0, 20, 15, 63, 48, 54, 13, 22, 0, 30, 116, 12, 14, 0, 41, 6, 41, 0, 12, 46, 0, 0)
s = 91: (0, 0, 42, 0, 29, 56, 72, 59, 0, 13, 0, 34, 13, 58, 58, 47, 13, 21, 0, 30, 103, 31, 18, 0, 48, 5, 45, 0, 7, 54, 0, 0)
s = 92: (0, 0, 115, 0, 51, 90, 56, 131, 0, 12, 0, 30, 25, 33, 76, 44, 28, 18, 0, 20, 80, 11, 17, 0, 44, 7, 52, 0, 15, 34, 0, 0)
s = 93: (0, 0, 53, 0, 53, 97, 92, 76, 0, 23, 0, 29, 29, 82, 51, 25, 11, 30, 0, 32, 73, 18, 12, 0, 58, 7, 44, 0, 10, 57, 0, 0)
s = 94: (0, 0, 41, 0, 45, 77, 48, 66, 0, 30, 0, 25, 25, 49, 64, 34, 13, 26, 0, 26, 86, 29, 19, 0, 52, 7, 31, 0, 10, 45, 0, 0)
s = 95: (0, 0, 97, 0, 30, 55, 64, 72, 0, 11, 0, 16, 19, 55, 77, 33, 11, 17, 0, 33, 105, 18, 25, 0, 49, 7, 49, 0, 11, 46, 0, 0)
s = 96: (0, 0, 48, 0, 56, 137, 95, 67, 0, 14, 0, 20, 16, 49, 62, 37, 14, 16, 0, 31, 133, 13, 13, 0, 36, 4, 30, 0, 11, 55, 0, 0)
s = 97: (0, 0, 44, 0, 42, 52, 53, 55, 0, 24, 0, 17, 20, 73, 84, 43, 16, 29, 0, 29, 124, 21, 12, 0, 51, 6, 56, 0, 9, 64, 0, 0)
s = 98: (0, 0, 53, 0, 36, 59, 74, 90, 0, 11, 0, 14, 16, 52, 80, 29, 16, 38, 0, 31, 68, 15, 20, 0, 72, 4, 38, 0, 13, 78, 0, 0)
s = 99: (0, 0, 51, 0, 41, 91, 30, 112, 0, 20, 0, 23, 21, 33, 108, 61, 26, 20, 0, 20, 130, 15, 14, 0, 44, 8, 79, 0, 12, 41, 0, 0)
s = 100: (0, 0, 60, 0, 54, 95, 105, 98, 0, 24, 0, 20, 12, 69, 62, 47, 13, 16, 0, 26, 98, 32, 12, 0, 56, 7, 42, 0, 9, 50, 0, 0)
s = 101: (0, 0, 75, 0, 39, 103, 43, 69, 0, 22, 0, 33, 14, 41, 93, 47, 12, 22, 0, 27, 199, 19, 15, 0, 37, 5, 34, 0, 17, 75, 0, 0)
s = 102: (0, 0, 82, 0, 47, 58, 66, 103, 0, 18, 0, 18, 19, 63, 80, 35, 11, 27, 0, 26, 151, 23, 18, 0, 36, 6, 36, 0, 12, 61, 0, 0)
s = 103: (0, 0, 58, 0, 61, 65, 51, 148, 0, 14, 0, 19, 20, 47, 52, 32, 12, 33, 0, 31, 100, 16, 13, 0, 81, 7, 39, 0, 11, 53, 0, 0)
s = 104: (0, 0, 84, 0, 50, 83, 51, 60, 0, 14, 0, 23, 10, 77, 42, 28, 18, 37, 0, 32, 151, 13, 19, 0, 44, 8, 36, 0, 8, 35, 0, 0)
s = 105: (0, 0, 58, 0, 41, 98, 32, 119, 0, 12, 0, 26, 23, 79, 49, 26, 16, 23, 0, 18, 92, 18, 10, 0, 53, 4, 31, 0, 11, 44, 0, 0)
s = 106: (0, 0, 127, 0, 69, 69, 73, 63, 0, 20, 0, 21, 20, 51, 86, 29, 10, 24, 0, 31, 98, 18, 17, 0, 80, 10, 38, 0, 10, 61, 0, 0)
s = 107: (0, 0, 49, 0, 66, 74, 51, 67, 0, 20, 0, 21, 14, 66, 69, 35, 16, 17, 0, 31, 61, 22, 12, 0, 65, 5, 35, 0, 6, 40, 0, 0)
s = 108: (0, 0, 38, 0, 52, 68, 63, 86, 0, 26, 0, 19, 18, 65, 54, 32, 12, 22, 0, 26, 81, 18, 11, 0, 52, 4, 62, 0, 9, 76, 0, 0)
s = 109: (0, 0, 67, 0, 69, 134, 55, 117, 0, 27, 0, 20, 25, 54, 66, 36, 17, 19, 0, 20, 86, 22, 15, 0, 56, 6, 37, 0, 8, 48, 0, 0)
s = 110: (0, 0, 67, 0, 74, 76, 55, 76, 0, 15, 0, 22, 22, 50, 47, 39, 10, 36, 0, 21, 147, 17, 12, 0, 34, 10, 56, 0, 11, 67, 0, 0)
s = 111: (0, 0, 57, 0, 64, 71, 68, 85, 0, 13, 0, 23, 18, 42, 98, 25, 13, 15, 0, 17, 200, 15, 26, 0, 38, 7, 31, 0, 7, 57, 0, 0)
s = 112: (0, 0, 69, 0, 37, 70, 81, 97, 0, 24, 0, 19, 25, 81, 82, 47, 13, 25, 0, 20, 186, 16, 17, 0, 40, 4, 47, 0, 10, 91, 0, 0)
s = 113: (0, 0, 86, 0, 36, 74, 40, 94, 0, 11, 0, 17, 15, 39, 57, 32, 13, 17, 0, 17, 198, 13, 21, 0, 31, 6, 71, 0, 9, 51, 0, 0)
s = 114: (0, 0, 89, 0, 57, 86, 51, 125, 0, 17, 0, 22, 22, 31, 60, 27, 14, 21, 0, 21, 154, 21, 31, 0, 47, 6, 67, 0, 12, 39, 0, 0)
s = 115: (0, 0, 37, 0, 36, 96, 59, 125, 0, 20, 0, 19, 17, 58, 86, 21, 16, 18, 0, 47, 87, 11, 13, 0, 31, 8, 27, 0, 7, 57, 0, 0)
s = 116: (0, 0, 80, 0, 51, 55, 65, 121, 0, 13, 0, 21, 16, 53, 71, 38, 11, 39, 0, 23, 105, 19, 22, 0, 38, 5, 48, 0, 7, 60, 0, 0)
s = 117: (0, 0, 89, 0, 68, 101, 43, 90, 0, 11, 0, 39, 13, 56, 82, 51, 25, 21, 0, 27, 104, 20, 14, 0, 45, 7, 64, 0, 8, 66, 0, 0)
s = 118: (0, 0, 47, 0, 27, 80, 55, 115, 0, 14, 0, 19, 14, 61, 63, 23, 13, 24, 0, 21, 168, 14, 20, 0, 54, 6, 48, 0, 20, 69, 0, 0)
s = 119: (0, 0, 79, 0, 39, 76, 35, 62, 0, 15, 0, 27, 13, 43, 95, 50, 14, 35, 0, 23, 71, 13, 25, 0, 31, 6, 57, 0, 13, 63, 0, 0)
s = 120: (0, 0, 45, 0, 28, 153, 69, 62, 0, 15, 0, 30, 26, 52, 41, 33, 14, 24, 0, 32, 160, 18, 30, 0, 38, 4, 48, 0, 7, 64, 0, 0)
s = 121: (0, 0, 53, 0, 49, 61, 62, 139, 0, 24, 0, 25, 11, 71, 70, 40, 19, 18, 0, 32, 213, 17, 21, 0, 34, 4, 42, 0, 7, 42, 0, 0)
s = 122: (0, 0, 48, 0, 47, 95, 61, 73, 0, 16, 0, 23, 33, 50, 58, 38, 16, 25, 0, 32, 95, 15, 24, 0, 45, 7, 48, 0, 9, 88, 0, 0)
s = 123: (0, 0, 62, 0, 42, 81, 67, 135, 0, 21, 0, 31, 12, 55, 40, 22, 19, 26, 0, 27, 130, 16, 32, 0, 55, 7, 36, 0, 6, 54, 0, 0)
s = 124: (0, 0, 56, 0, 35, 55, 58, 78, 0, 12, 0, 17, 24, 63, 67, 51, 22, 27, 0, 25, 92, 17, 16, 0, 44, 8, 35, 0, 16, 39, 0, 0)
s = 125: (0, 0, 47, 0, 65, 96, 39, 81, 0, 15, 0, 31, 17, 47, 80, 33, 11, 32, 0, 22, 112, 15, 14, 0, 36, 8, 49, 0, 12, 47, 0, 0)
s = 126: (0, 0, 54, 0, 38, 84, 41, 73, 0, 27, 0, 29, 20, 48, 112, 35, 11, 16, 0, 33, 111, 16, 19, 0, 48, 6, 56, 0, 13, 56, 0, 0)
s = 127: (0, 0, 48, 0, 30, 68, 60, 113, 0, 29, 0, 20, 16, 69, 42, 28, 9, 25, 0, 16, 74, 23, 17, 0, 44, 6, 52, 0, 7, 48, 0, 0)
s = 128: (0, 0, 52, 0, 57, 65, 66, 70, 0, 14, 0, 17, 17, 71, 82, 36, 16, 28, 0, 20, 91, 30, 15, 0, 25, 9, 26, 0, 12, 57, 0, 0)
s = 129: (0, 0, 62, 0, 74, 139, 83, 176, 0, 33, 0, 16, 17, 82, 53, 18, 19, 30, 0, 41, 109, 11, 27, 0, 61, 9, 44, 0, 8, 47, 0, 0)
s = 130: (0, 0, 66, 0, 41, 93, 53, 83, 0, 14, 0, 31, 15, 58, 104, 28, 11, 22, 0, 29, 97, 11, 16, 0, 50, 6, 32, 0, 14, 77, 0, 0)
s = 131: (0, 0, 58, 0, 44, 135, 68, 117, 0, 13, 0, 21, 33, 65, 77, 43, 14, 15, 0, 34, 74, 15, 23, 0, 32, 6, 35, 0, 7, 41, 0, 0)
s = 132: (0, 0, 62, 0, 74, 90, 74, 115, 0, 17, 0, 18, 18, 74, 44, 39, 25, 34, 0, 14, 78, 13, 19, 0, 27, 9, 75, 0, 9, 65, 0, 0)
s = 133: (0, 0, 68, 0, 39, 59, 55, 65, 0, 20, 0, 23, 12, 62, 67, 24, 26, 20, 0, 15, 90, 17, 19, 0, 25, 5, 58, 0, 8, 96, 0, 0)
s = 134: (0, 0, 62, 0, 50, 109, 33, 131, 0, 12, 0, 16, 20, 46, 59, 29, 20, 25, 0, 25, 73, 21, 16, 0, 63, 7, 41, 0, 8, 37, 0, 0)
s = 135: (0, 0, 44, 0, 43, 107, 42, 68, 0, 18, 0, 28, 20, 92, 122, 31, 18, 29, 0, 16, 122, 27, 12, 0, 44, 10, 50, 0, 10, 105, 0, 0)
s = 136: (0, 0, 57, 0, 75, 70, 53, 135, 0, 21, 0, 16, 24, 38, 100, 33, 18, 18, 0, 19, 119, 10, 18, 0, 46, 6, 49, 0, 10, 46, 0, 0)
s = 137: (0, 0, 67, 0, 37, 57, 37, 93, 0, 19, 0, 17, 19, 39, 45, 31, 11, 13, 0, 17, 69, 18, 21, 0, 41, 6, 52, 0, 10, 107, 0, 0)
s = 138: (0, 0, 51, 0, 31, 110, 72, 105, 0, 22, 0, 39, 14, 92, 59, 32, 14, 32, 0, 31, 137, 16, 15, 0, 56, 5, 48, 0, 9, 53, 0, 0)
s = 139: (0, 0, 35, 0, 39, 79, 54, 119, 0, 11, 0, 23, 28, 35, 81, 44, 15, 30, 0, 17, 177, 12, 15, 0, 51, 7, 38, 0, 14, 37, 0, 0)
s = 140: (0, 0, 57, 0, 39, 82, 74, 110, 0, 21, 0, 35, 15, 45, 65, 31, 19, 18, 0, 29, 84, 21, 24, 0, 35, 9, 42, 0, 16, 109, 0, 0)
s = 141: (0, 0, 49, 0, 51, 103, 36, 75, 0, 15, 0, 19, 25, 56, 87, 43, 17, 20, 0, 33, 208, 20, 11, 0, 60, 10, 57, 0, 8, 71, 0, 0)
s = 142: (0, 0, 99, 0, 38, 83, 58, 78, 0, 22, 0, 21, 26, 52, 56, 24, 17, 35, 0, 30, 138, 31, 24, 0, 44, 5, 30, 0, 8, 61, 0, 0)
s = 143: (0, 0, 46, 0, 62, 62, 35, 114, 0, 13, 0, 28, 18, 43, 117, 29, 13, 32, 0, 20, 60, 13, 17, 0, 31, 7, 43, 0, 12, 89, 0, 0)
s = 144: (0, 0, 44, 0, 64, 55, 72, 84, 0, 16, 0, 13, 16, 106, 66, 34, 19, 25, 0, 33, 130, 22, 27, 0, 74, 5, 31, 0, 11, 82, 0, 0)
s = 145: (0, 0, 48, 0, 45, 87, 48, 108, 0, 17, 0, 23, 15, 52, 94, 26, 23, 29, 0, 28, 130, 11, 19, 0, 43, 10, 64, 0, 7, 94, 0, 0)
s = 146: (0, 0, 89, 0, 53, 88, 67, 76, 0, 18, 0, 25, 17, 80, 64, 37, 13, 40, 0, 13, 105, 19, 18, 0, 61, 5, 55, 0, 10, 44, 0, 0)
s = 147: (0, 0, 83, 0, 44, 64, 59, 97, 0, 15, 0, 27, 23, 34, 53, 27, 14, 15, 0, 18, 195, 22, 14, 0, 63, 5, 46, 0, 11, 57, 0, 0)
s = 148: (0, 0, 76, 0, 81, 79, 49, 159, 0, 20, 0, 14, 22, 77, 89, 27, 15, 25, 0, 35, 91, 25, 19, 0, 36, 4, 39, 0, 10, 80, 0, 0)
s = 149: (0, 0, 38, 0, 47, 102, 49, 99, 0, 19, 0, 42, 18, 50, 56, 29, 13, 22, 0, 21, 68, 26, 19, 0, 35, 7, 44, 0, 7, 89, 0, 0)
s = 150: (0, 0, 115, 0, 68, 59, 70, 55, 0, 34, 0, 14, 13, 53, 69, 22, 16, 21, 0, 36, 172, 19, 27, 0, 75, 7, 32, 0, 9, 46, 0, 0)
s = 151: (0, 0, 83, 0, 66, 123, 48, 50, 0, 21, 0, 15, 25, 37, 84, 23, 12, 18, 0, 20, 166, 21, 23, 0, 28, 6, 35, 0, 10, 74, 0, 0)
s = 152: (0, 0, 46, 0, 49, 66, 31, 131, 0, 20, 0, 28, 14, 44, 78, 22, 15, 18, 0, 18, 172, 22, 11, 0, 65, 7, 68, 0, 7, 55, 0, 0)
s = 153: (0, 0, 67, 0, 59, 70, 58, 110, 0, 15, 0, 28, 11, 46, 50, 39, 23, 28, 0, 36, 122, 15, 17, 0, 31, 4, 37, 0, 12, 131, 0, 0)
s = 154: (0, 0, 60, 0, 34, 58, 35, 51, 0, 17, 0, 22, 13, 44, 49, 31, 25, 33, 0, 20, 90, 11, 19, 0, 38, 4, 64, 0, 18, 105, 0, 0)
s = 155: (0, 0, 65, 0, 48, 86, 54, 85, 0, 19, 0, 31, 29, 36, 88, 35, 15, 50, 0, 28, 119, 15, 16, 0, 32, 7, 65, 0, 12, 58, 0, 0)
s = 156: (0, 0, 57, 0, 75, 79, 85, 95, 0, 11, 0, 30, 29, 33, 69, 19, 17, 21, 0, 22, 165, 23, 21, 0, 56, 4, 66, 0, 13, 77, 0, 0)
s = 157: (0, 0, 70, 0, 40, 81, 68, 93, 0, 22, 0, 38, 17, 33, 105, 34, 16, 15, 0, 24, 148, 23, 15, 0, 45, 5, 53, 0, 7, 67, 0, 0)
s = 158: (0, 0, 90, 0, 47, 59, 38, 55, 0, 20, 0, 24, 17, 41, 114, 23, 10, 13, 0, 15, 84, 15, 16, 0, 33, 6, 51, 0, 10, 76, 0, 0)
s = 159: (0, 0, 49, 0, 54, 78, 58, 87, 0, 11, 0, 20, 21, 56, 84, 37, 18, 18, 0, 13, 117, 19, 32, 0, 40, 10, 34, 0, 8, 41, 0, 0)
s = 160: (0, 0, 59, 0, 43, 53, 51, 116, 0, 25, 0, 17, 13, 44, 37, 38, 21, 21, 0, 15, 79, 26, 20, 0, 48, 4, 59, 0, 10, 67, 0, 0)
s = 161: (0, 0, 65, 0, 37, 92, 64, 99, 0, 18, 0, 22, 33, 47, 46, 40, 25, 22, 0, 24, 160, 17, 22, 0, 47, 6, 57, 0, 8, 98, 0, 0)
s = 162: (0, 0, 40, 0, 34, 54, 70, 69, 0, 15, 0, 32, 12, 73, 96, 22, 18, 28, 0, 19, 120, 16, 25, 0, 45, 7, 60, 0, 15, 44, 0, 0)
s = 163: (0, 0, 65, 0, 37, 90, 75, 92, 0, 19, 0, 27, 22, 46, 66, 38, 10, 17, 0, 36, 94, 23, 13, 0, 74, 7, 34, 0, 7, 86, 0, 0)
s = 164: (0, 0, 63, 0, 37, 116, 55, 102, 0, 15, 0, 17, 20, 47, 72, 29, 16, 29, 0, 32, 182, 13, 18, 0, 38, 5, 59, 0, 11, 56, 0, 0)
s = 165: (0, 0, 59, 0, 32, 49, 42, 72, 0, 20, 0, 23, 21, 43, 81, 27, 20, 22, 0, 20, 92, 17, 17, 0, 57, 6, 35, 0, 18, 90, 0, 0)
s = 166: (0, 0, 54, 0, 29, 78, 37, 74, 0, 18, 0, 13, 23, 52, 50, 50, 11, 37, 0, 26, 113, 21, 12, 0, 57, 4, 37, 0, 10, 64, 0, 0)
s = 167: (0, 0, 61, 0, 48, 66, 72, 64, 0, 16, 0, 34, 10, 34, 48, 30, 17, 21, 0, 15, 109, 14, 17, 0, 41, 6, 56, 0, 7, 46, 0, 0)
s = 168: (0, 0, 59, 0, 85, 79, 39, 92, 0, 13, 0, 23, 11, 41, 80, 30, 20, 24, 0, 19, 87, 20, 18, 0, 52, 6, 44, 0, 7, 72, 0, 0)
s = 169: (0, 0, 116, 0, 39, 66, 52, 97, 0, 20, 0, 15, 12, 46, 55, 42, 13, 22, 0, 22, 135, 18, 14, 0, 51, 6, 55, 0, 7, 72, 0, 0)
s = 170: (0, 0, 45, 0, 62, 88, 92, 60, 0, 25, 0, 18, 17, 52, 56, 28, 22, 17, 0, 27, 116, 17, 24, 0, 46, 6, 58, 0, 10, 60, 0, 0)
s = 171: (0, 0, 36, 0, 75, 83, 72, 68, 0, 28, 0, 39, 21, 32, 70, 36, 20, 22, 0, 25, 174, 15, 20, 0, 63, 7, 69, 0, 12, 80, 0, 0)
s = 172: (0, 0, 83, 0, 46, 108, 35, 96, 0, 22, 0, 19, 30, 62, 123, 33, 17, 31, 0, 21, 101, 12, 17, 0, 69, 7, 38, 0, 13, 92, 0, 0)
s = 173: (0, 0, 77, 0, 57, 90, 58, 82, 0, 13, 0, 31, 12, 65, 81, 39, 19, 26, 0, 18, 218, 13, 21, 0, 84, 5, 32, 0, 14, 80, 0, 0)
s = 174: (0, 0, 52, 0, 52, 47, 49, 130, 0, 14, 0, 33, 11, 79, 47, 18, 17, 20, 0, 34, 110, 26, 15, 0, 70, 8, 50, 0, 8, 58, 0, 0)
s = 175: (0, 0, 59, 0, 61, 83, 49, 50, 0, 16, 0, 34, 15, 102, 78, 30, 18, 17, 0, 40, 131, 18, 14, 0, 42, 5, 32, 0, 6, 71, 0, 0)
s = 176: (0, 0, 83, 0, 28, 53, 74, 73, 0, 21, 0, 35, 31, 38, 80, 23, 18, 33, 0, 20, 225, 15, 24, 0, 28, 8, 44, 0, 19, 71, 0, 0)
s = 177: (0, 0, 53, 0, 35, 55, 72, 72, 0, 15, 0, 26, 21, 54, 63, 18, 11, 23, 0, 17, 84, 31, 11, 0, 54, 9, 47, 0, 10, 91, 0, 0)
s = 178: (0, 0, 61, 0, 39, 54, 78, 89, 0, 15, 0, 24, 18, 63, 83, 25, 18, 22, 0, 20, 88, 11, 16, 0, 85, 7, 33, 0, 9, 50, 0, 0)
s = 179: (0, 0, 58, 0, 92, 62, 59, 57, 0, 15, 0, 16, 17, 43, 63, 41, 22, 19, 0, 22, 106, 11, 11, 0, 70, 9, 40, 0, 7, 45, 0, 0)
s = 180: (0, 0, 35, 0, 67, 88, 62, 96, 0, 16, 0, 35, 18, 45, 59, 36, 23, 26, 0, 27, 81, 16, 13, 0, 37, 6, 32, 0, 11, 67, 0, 0)
s = 181: (0, 0, 82, 0, 49, 81, 32, 172, 0, 23, 0, 19, 30, 74, 66, 30, 13, 20, 0, 24, 88, 13, 10, 0, 39, 10, 46, 0, 7, 61, 0, 0)
s = 182: (0, 0, 70, 0, 28, 56, 58, 112, 0, 12, 0, 31, 12, 86, 62, 40, 14, 26, 0, 20, 81, 24, 14, 0, 46, 5, 46, 0, 13, 63, 0, 0)
s = 183: (0, 0, 55, 0, 68, 77, 53, 52, 0, 20, 0, 21, 24, 54, 69, 33, 19, 28, 0, 23, 174, 12, 16, 0, 47, 6, 51, 0, 18, 52, 0, 0)
s = 184: (0, 0, 63, 0, 31, 79, 53, 106, 0, 17, 0, 16, 13, 38, 78, 23, 19, 42, 0, 28, 150, 23, 28, 0, 40, 4, 29, 0, 9, 42, 0, 0)
s = 185: (0, 0, 79, 0, 65, 74, 34, 97, 0, 11, 0, 25, 14, 76, 46, 36, 22, 15, 0, 31, 64, 13, 26, 0, 59, 5, 63, 0, 8, 38, 0, 0)
s = 186: (0, 0, 52, 0, 30, 87, 58, 56, 0, 19, 0, 29, 17, 54, 41, 27, 15, 30, 0, 18, 136, 16, 27, 0, 46, 4, 52, 0, 14, 76, 0, 0)
s = 187: (0, 0, 56, 0, 62, 106, 40, 68, 0, 21, 0, 18, 14, 51, 55, 33, 14, 22, 0, 21, 121, 18, 20, 0, 56, 6, 39, 0, 13, 78, 0, 0)
s = 188: (0, 0, 78, 0, 33, 90, 62, 110, 0, 22, 0, 24, 12, 67, 58, 46, 15, 33, 0, 37, 85, 24, 23, 0, 35, 5, 35, 0, 10, 47, 0, 0)
s = 189: (0, 0, 54, 0, 31, 112, 92, 97, 0, 14, 0, 30, 15, 37, 39, 45, 13, 42, 0, 21, 109, 14, 17, 0, 40, 6, 49, 0, 7, 100, 0, 0)
s = 190: (0, 0, 49, 0, 47, 79, 68, 76, 0, 31, 0, 20, 23, 65, 91, 23, 15, 13, 0, 32, 116, 22, 17, 0, 58, 6, 54, 0, 13, 63, 0, 0)
s = 191: (0, 0, 79, 0, 40, 69, 76, 96, 0, 24, 0, 41, 26, 52, 72, 21, 10, 17, 0, 19, 88, 27, 36, 0, 38, 6, 56, 0, 9, 40, 0, 0)
s = 192: (0, 0, 45, 0, 86, 82, 37, 57, 0, 15, 0, 21, 24, 38, 113, 34, 15, 29, 0, 23, 100, 11, 12, 0, 58, 5, 35, 0, 10, 94, 0, 0)
s = 193: (0, 0, 79, 0, 83, 71, 42, 82, 0, 14, 0, 17, 21, 54, 58, 46, 10, 28, 0, 38, 150, 16, 17, 0, 60, 4, 29, 0, 10, 66, 0, 0)
s = 194: (0, 0, 49, 0, 31, 110, 44, 100, 0, 18, 0, 34, 24, 42, 51, 44, 12, 24, 0, 18, 170, 20, 29, 0, 48, 5, 56, 0, 9, 85, 0, 0)
s = 195: (0, 0, 37, 0, 66, 82, 79, 77, 0, 25, 0, 17, 16, 73, 75, 33, 21, 23, 0, 32, 146, 14, 14, 0, 44, 8, 56, 0, 9, 70, 0, 0)
s = 196: (0, 0, 51, 0, 46, 69, 74, 60, 0, 18, 0, 29, 25, 49, 107, 22, 11, 21, 0, 26, 77, 15, 12, 0, 32, 5, 37, 0, 8, 54, 0, 0)
s = 197: (0, 0, 53, 0, 46, 51, 58, 66, 0, 15, 0, 28, 15, 54, 71, 31, 18, 27, 0, 33, 70, 20, 14, 0, 64, 4, 47, 0, 10, 69, 0, 0)
s = 198: (0, 0, 85, 0, 44, 68, 71, 99, 0, 27, 0, 24, 12, 60, 69, 49, 18, 30, 0, 32, 123, 25, 21, 0, 35, 6, 39, 0, 14, 102, 0, 0)
s = 199: (0, 0, 60, 0, 56, 115, 46, 89, 0, 20, 0, 19, 17, 65, 67, 30, 24, 20, 0, 29, 111, 17, 14, 0, 50, 8, 48, 0, 14, 92, 0, 0)
s = 200: (0, 0, 91, 0, 51, 77, 79, 69, 0, 16, 0, 30, 18, 62, 59, 27, 17, 31, 0, 26, 157, 17, 13, 0, 32, 7, 50, 0, 7, 51, 0, 0)
------------------------------------------------------------------------
RESOURCE k = 2
s = 1: (0, 52, 15, 83, 0, 35, 9, 28, 21, 31, 86, 36, 4, 105, 7, 21, 68, 52, 25, 32, 38, 84, 5, 50, 0, 5, 86, 5, 23, 0, 19, 0)
s = 2: (0, 63, 21, 112, 0, 59, 21, 27, 13, 13, 53, 36, 5, 96, 10, 43, 26, 36, 33, 22, 80, 59, 4, 57, 0, 10, 113, 5, 12, 0, 27, 0)
s = 3: (0, 59, 18, 51, 0, 74, 9, 22, 14, 25, 51, 30, 3, 65, 8, 29, 37, 41, 40, 42, 72, 85, 4, 79, 0, 10, 79, 4, 14, 0, 20, 0)
s = 4: (0, 73, 16, 75, 0, 53, 8, 13, 18, 21, 50, 27, 3, 72, 11, 23, 44, 19, 25, 42, 51, 76, 4, 45, 0, 6, 82, 3, 17, 0, 14, 0)
s = 5: (0, 39, 30, 63, 0, 35, 18, 16, 17, 17, 54, 36, 5, 65, 9, 27, 43, 26, 26, 32, 48, 50, 5, 60, 0, 8, 117, 5, 10, 0, 17, 0)
s = 6: (0, 37, 15, 87, 0, 54, 20, 27, 14, 14, 52, 34, 6, 88, 12, 15, 32, 24, 45, 36, 53, 81, 3, 56, 0, 9, 96, 5, 12, 0, 14, 0)
s = 7: (0, 58, 11, 63, 0, 38, 16, 30, 18, 21, 80, 42, 4, 64, 11, 23, 47, 26, 33, 42, 39, 70, 4, 47, 0, 9, 109, 4, 14, 0, 11, 0)
s = 8: (0, 60, 26, 73, 0, 35, 13, 23, 15, 13, 62, 31, 6, 64, 13, 22, 42, 28, 33, 49, 42, 76, 4, 40, 0, 9, 113, 3, 17, 0, 16, 0)
s = 9: (0, 35, 14, 53, 0, 31, 16, 33, 14, 16, 43, 42, 4, 55, 6, 20, 29, 20, 56, 37, 43, 50, 6, 80, 0, 7, 59, 5, 15, 0, 30, 0)
s = 10: (0, 74, 20, 80, 0, 41, 19, 23, 21, 15, 97, 20, 4, 79, 12, 36, 72, 27, 42, 30, 64, 81, 5, 63, 0, 10, 50, 4, 13, 0, 21, 0)
s = 11: (0, 53, 17, 81, 0, 37, 19, 23, 20, 15, 51, 36, 8, 107, 6, 25, 42, 44, 25, 54, 48, 43, 4, 50, 0, 8, 62, 4, 23, 0, 21, 0)
s = 12: (0, 51, 24, 45, 0, 36, 10, 16, 27, 15, 52, 37, 3, 43, 13, 32, 57, 22, 27, 64, 71, 82, 4, 77, 0, 9, 105, 6, 14, 0, 18, 0)
s = 13: (0, 62, 25, 50, 0, 78, 11, 14, 17, 19, 46, 28, 3, 103, 11, 17, 58, 29, 46, 41, 40, 52, 5, 46, 0, 8, 54, 5, 10, 0, 15, 0)
s = 14: (0, 30, 19, 100, 0, 41, 17, 17, 17, 13, 57, 37, 5, 51, 8, 18, 30, 28, 22, 69, 45, 62, 5, 67, 0, 7, 49, 5, 19, 0, 20, 0)
s = 15: (0, 36, 23, 104, 0, 57, 21, 18, 14, 18, 64, 52, 6, 88, 10, 18, 26, 22, 21, 47, 49, 89, 5, 54, 0, 12, 70, 3, 13, 0, 12, 0)
s = 16: (0, 81, 22, 52, 0, 44, 10, 22, 27, 13, 97, 30, 3, 75, 13, 24, 59, 31, 40, 39, 76, 40, 6, 79, 0, 9, 72, 5, 13, 0, 18, 0)
s = 17: (0, 80, 22, 51, 0, 69, 17, 30, 17, 20, 49, 21, 5, 93, 12, 31, 43, 19, 46, 32, 43, 49, 4, 48, 0, 7, 47, 3, 14, 0, 15, 0)
s = 18: (0, 35, 28, 51, 0, 33, 9, 21, 13, 21, 48, 36, 6, 78, 6, 20, 32, 21, 21, 38, 34, 99, 4, 110, 0, 8, 79, 5, 18, 0, 19, 0)
s = 19: (0, 45, 15, 77, 0, 71, 13, 19, 20, 17, 42, 35, 5, 60, 9, 29, 39, 38, 45, 22, 56, 114, 4, 42, 0, 7, 90, 6, 12, 0, 13, 0)
s = 20: (0, 34, 17, 75, 0, 42, 15, 20, 24, 16, 72, 42, 4, 41, 9, 28, 24, 32, 36, 38, 51, 43, 3, 66, 0, 7, 83, 4, 10, 0, 26, 0)
s = 21: (0, 39, 16, 83, 0, 44, 12, 28, 15, 19, 61, 20, 4, 115, 14, 29, 55, 35, 30, 29, 41, 77, 4, 50, 0, 11, 99, 4, 16, 0, 21, 0)
s = 22: (0, 29, 22, 40, 0, 53, 17, 19, 17, 17, 46, 50, 4, 72, 8, 25, 69, 40, 64, 36, 56, 65, 3, 67, 0, 11, 74, 4, 14, 0, 16, 0)
s = 23: (0, 45, 14, 80, 0, 56, 12, 21, 16, 25, 71, 29, 4, 148, 12, 18, 31, 22, 24, 28, 56, 103, 5, 42, 0, 8, 46, 5, 14, 0, 29, 0)
s = 24: (0, 38, 16, 60, 0, 41, 13, 20, 19, 12, 47, 35, 4, 110, 11, 29, 42, 22, 50, 36, 30, 85, 5, 51, 0, 8, 91, 3, 14, 0, 18, 0)
s = 25: (0, 52, 16, 108, 0, 52, 8, 12, 22, 12, 43, 47, 4, 72, 9, 22, 57, 25, 22, 63, 35, 59, 5, 55, 0, 12, 89, 5, 15, 0, 14, 0)
s = 26: (0, 41, 22, 44, 0, 43, 12, 34, 14, 14, 52, 21, 3, 105, 18, 26, 47, 39, 44, 27, 51, 107, 6, 82, 0, 7, 61, 3, 13, 0, 19, 0)
s = 27: (0, 37, 15, 57, 0, 48, 14, 29, 20, 15, 114, 60, 4, 86, 6, 30, 35, 34, 36, 26, 53, 70, 3, 81, 0, 10, 112, 3, 13, 0, 19, 0)
s = 28: (0, 73, 11, 87, 0, 33, 12, 13, 16, 32, 62, 26, 5, 76, 12, 25, 29, 30, 48, 69, 45, 93, 4, 56, 0, 11, 47, 4, 12, 0, 25, 0)
s = 29: (0, 46, 20, 51, 0, 42, 13, 33, 13, 13, 90, 34, 3, 90, 10, 25, 47, 29, 52, 27, 39, 70, 5, 83, 0, 6, 79, 3, 12, 0, 12, 0)
s = 30: (0, 45, 17, 71, 0, 30, 13, 21, 24, 26, 83, 27, 3, 86, 9, 18, 49, 34, 36, 49, 36, 70, 3, 56, 0, 10, 99, 3, 17, 0, 19, 0)
s = 31: (0, 70, 12, 50, 0, 36, 24, 13, 20, 19, 53, 30, 5, 47, 10, 18, 28, 39, 25, 29, 44, 72, 5, 42, 0, 9, 51, 5, 14, 0, 28, 0)
s = 32: (0, 69, 19, 46, 0, 61, 15, 21, 24, 17, 77, 20, 4, 68, 13, 27, 56, 35, 51, 54, 59, 65, 4, 48, 0, 9, 96, 5, 16, 0, 20, 0)
s = 33: (0, 35, 19, 74, 0, 31, 10, 18, 22, 15, 51, 37, 4, 67, 10, 24, 33, 35, 34, 51, 66, 82, 4, 75, 0, 5, 94, 3, 13, 0, 21, 0)
s = 34: (0, 61, 12, 54, 0, 47, 21, 27, 13, 16, 54, 47, 4, 60, 7, 30, 47, 35, 36, 49, 52, 103, 3, 74, 0, 9, 66, 5, 13, 0, 15, 0)
s = 35: (0, 41, 16, 84, 0, 48, 11, 23, 17, 16, 79, 35, 5, 113, 14, 37, 41, 47, 45, 44, 81, 59, 7, 93, 0, 15, 81, 3, 14, 0, 11, 0)
s = 36: (0, 45, 24, 64, 0, 49, 13, 27, 32, 24, 67, 27, 6, 105, 17, 33, 44, 21, 20, 62, 52, 56, 6, 68, 0, 9, 96, 3, 10, 0, 17, 0)
s = 37: (0, 38, 33, 48, 0, 48, 13, 17, 16, 22, 98, 28, 4, 67, 11, 23, 59, 25, 27, 28, 64, 64, 4, 63, 0, 7, 68, 4, 15, 0, 21, 0)
s = 38: (0, 55, 31, 75, 0, 58, 17, 32, 17, 25, 47, 19, 5, 46, 12, 27, 72, 21, 34, 32, 81, 72, 3, 50, 0, 7, 100, 3, 17, 0, 17, 0)
s = 39: (0, 50, 12, 92, 0, 64, 21, 24, 14, 13, 89, 23, 5, 103, 16, 35, 35, 30, 29, 50, 48, 139, 7, 88, 0, 11, 110, 7, 16, 0, 11, 0)
s = 40: (0, 36, 15, 67, 0, 50, 13, 26, 18, 23, 45, 30, 5, 60, 13, 21, 38, 27, 40, 64, 82, 77, 3, 47, 0, 9, 82, 6, 17, 0, 18, 0)
s = 41: (0, 83, 19, 49, 0, 32, 12, 13, 14, 16, 76, 31, 4, 103, 6, 21, 39, 56, 32, 52, 37, 68, 5, 49, 0, 11, 85, 3, 15, 0, 27, 0)
s = 42: (0, 50, 24, 98, 0, 49, 18, 22, 18, 15, 81, 47, 4, 79, 6, 16, 30, 29, 63, 42, 44, 50, 3, 75, 0, 7, 71, 6, 14, 0, 17, 0)
s = 43: (0, 39, 14, 75, 0, 28, 14, 19, 10, 16, 65, 30, 4, 72, 10, 21, 38, 18, 36, 52, 73, 49, 8, 49, 0, 13, 94, 3, 11, 0, 13, 0)
s = 44: (0, 40, 19, 49, 0, 52, 12, 12, 18, 16, 53, 26, 4, 92, 8, 29, 50, 20, 37, 34, 71, 70, 6, 80, 0, 11, 62, 3, 15, 0, 24, 0)
s = 45: (0, 43, 25, 53, 0, 39, 16, 21, 26, 23, 49, 58, 4, 48, 9, 35, 31, 37, 42, 26, 58, 86, 5, 46, 0, 5, 92, 3, 8, 0, 35, 0)
s = 46: (0, 43, 17, 72, 0, 44, 16, 24, 11, 21, 107, 29, 4, 133, 15, 35, 64, 46, 53, 55, 68, 76, 7, 62, 0, 6, 115, 4, 17, 0, 15, 0)
s = 47: (0, 52, 21, 47, 0, 31, 13, 22, 21, 18, 54, 47, 4, 75, 7, 27, 41, 37, 34, 43, 69, 73, 4, 50, 0, 7, 135, 8, 8, 0, 14, 0)
s = 48: (0, 42, 16, 55, 0, 36, 12, 15, 16, 14, 46, 25, 4, 69, 12, 25, 59, 32, 50, 29, 53, 57, 3, 34, 0, 9, 110, 4, 16, 0, 20, 0)
s = 49: (0, 46, 19, 80, 0, 43, 15, 13, 14, 14, 81, 26, 5, 53, 6, 16, 49, 36, 57, 42, 60, 60, 7, 67, 0, 12, 45, 6, 18, 0, 19, 0)
s = 50: (0, 42, 12, 36, 0, 24, 17, 21, 25, 17, 71, 34, 4, 74, 9, 28, 38, 23, 32, 43, 67, 93, 4, 54, 0, 5, 62, 3, 10, 0, 21, 0)
s = 51: (0, 47, 14, 107, 0, 36, 14, 17, 12, 14, 43, 19, 7, 53, 12, 33, 44, 23, 36, 42, 35, 97, 4, 85, 0, 11, 74, 3, 16, 0, 12, 0)
s = 52: (0, 44, 13, 66, 0, 49, 15, 18, 16, 12, 126, 28, 3, 117, 13, 27, 39, 24, 36, 35, 42, 80, 3, 95, 0, 6, 79, 3, 23, 0, 16, 0)
s = 53: (0, 73, 34, 60, 0, 33, 20, 15, 12, 25, 59, 42, 4, 66, 9, 36, 58, 30, 44, 55, 68, 78, 6, 59, 0, 8, 96, 3, 13, 0, 18, 0)
s = 54: (0, 71, 14, 80, 0, 52, 11, 16, 16, 18, 65, 30, 4, 68, 14, 19, 40, 29, 29, 69, 60, 84, 6, 96, 0, 10, 105, 7, 10, 0, 20, 0)
s = 55: (0, 41, 23, 71, 0, 38, 22, 21, 11, 18, 68, 35, 5, 108, 11, 31, 42, 27, 29, 56, 70, 76, 5, 42, 0, 8, 61, 4, 11, 0, 18, 0)
s = 56: (0, 48, 25, 64, 0, 69, 23, 26, 17, 14, 56, 22, 6, 82, 6, 27, 38, 19, 41, 49, 91, 68, 4, 39, 0, 8, 94, 5, 12, 0, 11, 0)
s = 57: (0, 86, 23, 50, 0, 41, 19, 33, 21, 15, 81, 29, 5, 45, 8, 44, 40, 30, 41, 39, 56, 54, 6, 51, 0, 9, 61, 4, 11, 0, 25, 0)
s = 58: (0, 29, 12, 49, 0, 35, 18, 19, 19, 14, 60, 37, 3, 97, 13, 21, 49, 29, 47, 45, 48, 66, 3, 69, 0, 6, 115, 4, 19, 0, 14, 0)
s = 59: (0, 61, 19, 55, 0, 59, 11, 23, 27, 13, 114, 27, 5, 94, 10, 28, 31, 49, 39, 35, 44, 85, 4, 38, 0, 7, 58, 5, 10, 0, 23, 0)
s = 60: (0, 52, 20, 73, 0, 54, 10, 17, 18, 33, 64, 34, 6, 78, 7, 27, 53, 25, 47, 38, 77, 106, 3, 61, 0, 5, 80, 6, 18, 0, 23, 0)
s = 61: (0, 63, 15, 53, 0, 30, 10, 22, 26, 12, 111, 31, 3, 134, 8, 24, 37, 30, 52, 61, 33, 46, 3, 85, 0, 7, 57, 5, 20, 0, 24, 0)
s = 62: (0, 47, 29, 42, 0, 48, 19, 15, 15, 27, 68, 38, 6, 78, 8, 31, 37, 44, 22, 32, 49, 59, 6, 68, 0, 6, 77, 6, 17, 0, 17, 0)
s = 63: (0, 59, 25, 58, 0, 32, 13, 13, 16, 19, 91, 52, 6, 79, 8, 29, 55, 36, 35, 36, 31, 41, 4, 46, 0, 8, 58, 5, 13, 0, 31, 0)
s = 64: (0, 65, 12, 72, 0, 54, 14, 20, 17, 13, 97, 40, 7, 55, 15, 27, 59, 40, 22, 35, 40, 59, 4, 63, 0, 11, 88, 4, 16, 0, 16, 0)
s = 65: (0, 81, 19, 59, 0, 56, 14, 16, 15, 21, 71, 19, 3, 68, 11, 23, 27, 25, 37, 34, 31, 97, 4, 71, 0, 10, 85, 4, 9, 0, 17, 0)
s = 66: (0, 37, 15, 50, 0, 50, 9, 15, 15, 18, 70, 32, 3, 103, 12, 23, 69, 24, 54, 53, 97, 63, 3, 62, 0, 7, 70, 5, 23, 0, 22, 0)
s = 67: (0, 42, 18, 42, 0, 50, 20, 16, 17, 12, 79, 32, 5, 91, 10, 29, 51, 29, 41, 23, 43, 42, 4, 48, 0, 7, 48, 4, 17, 0, 14, 0)
s = 68: (0, 66, 17, 63, 0, 50, 9, 17, 18, 17, 52, 35, 4, 78, 8, 24, 43, 41, 44, 30, 59, 50, 4, 57, 0, 8, 53, 7, 14, 0, 21, 0)
s = 69: (0, 54, 15, 59, 0, 43, 17, 23, 19, 24, 86, 42, 5, 50, 8, 16, 59, 37, 34, 54, 61, 67, 4, 84, 0, 9, 71, 5, 17, 0, 21, 0)
s = 70: (0, 53, 12, 39, 0, 57, 20, 22, 14, 25, 39, 23, 3, 89, 7, 25, 25, 29, 26, 37, 36, 55, 4, 61, 0, 8, 136, 6, 11, 0, 27, 0)
s = 71: (0, 55, 29, 58, 0, 49, 10, 25, 10, 11, 68, 25, 4, 78, 12, 14, 42, 26, 64, 30, 45, 140, 4, 68, 0, 10, 70, 5, 15, 0, 12, 0)
s = 72: (0, 34, 19, 81, 0, 40, 9, 21, 19, 14, 47, 38, 4, 54, 9, 14, 51, 26, 31, 37, 53, 85, 4, 98, 0, 12, 83, 3, 11, 0, 31, 0)
s = 73: (0, 38, 22, 97, 0, 26, 14, 20, 19, 12, 70, 27, 7, 82, 6, 27, 45, 37, 44, 55, 67, 66, 4, 46, 0, 6, 78, 4, 18, 0, 13, 0)
s = 74: (0, 54, 14, 74, 0, 63, 10, 15, 22, 16, 58, 59, 5, 92, 10, 25, 43, 23, 44, 43, 32, 73, 5, 54, 0, 9, 66, 3, 12, 0, 22, 0)
s = 75: (0, 74, 20, 48, 0, 28, 12, 22, 17, 20, 39, 21, 4, 46, 9, 37, 30, 30, 34, 34, 33, 92, 5, 46, 0, 5, 80, 4, 19, 0, 21, 0)
s = 76: (0, 66, 27, 54, 0, 58, 10, 24, 20, 26, 101, 32, 7, 74, 13, 15, 51, 38, 38, 25, 45, 75, 5, 55, 0, 5, 65, 8, 12, 0, 23, 0)
s = 77: (0, 48, 24, 68, 0, 38, 11, 19, 17, 18, 55, 33, 5, 83, 9, 33, 61, 31, 24, 68, 40, 91, 4, 88, 0, 5, 59, 5, 13, 0, 23, 0)
s = 78: (0, 51, 13, 72, 0, 48, 10, 23, 11, 13, 70, 39, 6, 102, 10, 22, 56, 30, 40, 38, 67, 103, 4, 111, 0, 9, 143, 3, 22, 0, 14, 0)
s = 79: (0, 42, 19, 73, 0, 34, 13, 21, 22, 22, 52, 32, 7, 116, 8, 17, 48, 22, 44, 32, 39, 78, 4, 37, 0, 9, 48, 7, 13, 0, 11, 0)
s = 80: (0, 26, 15, 50, 0, 62, 9, 29, 17, 20, 86, 33, 4, 116, 10, 18, 44, 35, 29, 27, 38, 73, 5, 44, 0, 13, 47, 5, 14, 0, 22, 0)
s = 81: (0, 58, 18, 74, 0, 65, 10, 22, 21, 22, 57, 30, 3, 74, 8, 30, 50, 43, 34, 43, 52, 66, 3, 35, 0, 13, 94, 6, 12, 0, 19, 0)
s = 82: (0, 31, 18, 69, 0, 37, 12, 15, 16, 33, 73, 22, 3, 115, 14, 24, 55, 37, 28, 60, 71, 71, 5, 71, 0, 10, 96, 6, 13, 0, 21, 0)
s = 83: (0, 66, 20, 75, 0, 46, 25, 28, 17, 13, 56, 35, 6, 107, 10, 19, 27, 24, 49, 37, 61, 49, 5, 41, 0, 13, 52, 6, 17, 0, 36, 0)
s = 84: (0, 52, 15, 65, 0, 44, 15, 21, 20, 23, 46, 27, 3, 61, 12, 42, 40, 19, 38, 36, 45, 60, 3, 46, 0, 6, 78, 3, 20, 0, 22, 0)
s = 85: (0, 26, 14, 54, 0, 43, 15, 13, 24, 31, 63, 35, 5, 94, 11, 23, 66, 36, 27, 49, 46, 56, 6, 59, 0, 9, 50, 4, 18, 0, 27, 0)
s = 86: (0, 53, 24, 77, 0, 41, 8, 23, 16, 11, 69, 26, 4, 94, 11, 31, 36, 31, 33, 35, 36, 91, 6, 87, 0, 8, 107, 5, 15, 0, 14, 0)
s = 87: (0, 36, 17, 43, 0, 43, 8, 34, 15, 11, 67, 33, 3, 94, 13, 24, 45, 35, 26, 41, 53, 67, 4, 74, 0, 8, 90, 4, 15, 0, 24, 0)
s = 88: (0, 57, 25, 72, 0, 61, 16, 16, 15, 21, 69, 25, 8, 63, 10, 16, 28, 32, 47, 33, 47, 98, 5, 53, 0, 10, 85, 4, 13, 0, 16, 0)
s = 89: (0, 47, 20, 60, 0, 72, 13, 20, 15, 28, 75, 27, 3, 90, 8, 39, 76, 22, 27, 40, 82, 120, 4, 77, 0, 13, 75, 5, 15, 0, 20, 0)
s = 90: (0, 45, 21, 55, 0, 46, 10, 30, 18, 14, 38, 27, 4, 90, 7, 40, 35, 27, 23, 48, 54, 46, 3, 72, 0, 8, 73, 3, 16, 0, 15, 0)
s = 91: (0, 47, 13, 53, 0, 31, 18, 13, 24, 13, 63, 47, 3, 83, 9, 35, 34, 26, 51, 47, 48, 124, 4, 45, 0, 6, 81, 5, 10, 0, 22, 0)
s = 92: (0, 55, 35, 77, 0, 50, 14, 29, 11, 12, 48, 41, 6, 47, 11, 33, 75, 22, 61, 31, 37, 43, 4, 52, 0, 9, 93, 4, 20, 0, 19, 0)
s = 93: (0, 52, 16, 89, 0, 54, 23, 17, 21, 23, 43, 40, 7, 117, 8, 19, 31, 37, 26, 50, 34, 72, 3, 71, 0, 10, 79, 3, 14, 0, 16, 0)
s = 94: (0, 47, 13, 58, 0, 43, 12, 15, 20, 30, 57, 35, 6, 69, 10, 26, 34, 32, 29, 41, 40, 114, 5, 35, 0, 9, 56, 4, 13, 0, 11, 0)
s = 95: (0, 50, 29, 65, 0, 31, 16, 16, 18, 11, 70, 22, 5, 79, 11, 25, 28, 22, 47, 52, 49, 70, 6, 108, 0, 9, 87, 3, 15, 0, 23, 0)
s = 96: (0, 42, 15, 61, 0, 76, 24, 15, 20, 14, 60, 27, 4, 69, 9, 28, 38, 20, 55, 49, 61, 49, 3, 48, 0, 5, 54, 4, 15, 0, 12, 0)
s = 97: (0, 52, 14, 75, 0, 29, 14, 13, 18, 24, 45, 23, 5, 104, 12, 32, 42, 36, 29, 45, 58, 81, 3, 75, 0, 7, 100, 5, 13, 0, 19, 0)
s = 98: (0, 58, 16, 96, 0, 33, 19, 20, 10, 11, 66, 20, 4, 75, 12, 22, 44, 48, 42, 49, 32, 58, 5, 85, 0, 5, 68, 5, 18, 0, 27, 0)
s = 99: (0, 44, 16, 125, 0, 51, 8, 25, 16, 20, 79, 32, 5, 47, 16, 46, 71, 25, 21, 32, 60, 59, 4, 61, 0, 11, 141, 4, 16, 0, 20, 0)
s = 100: (0, 53, 18, 59, 0, 53, 27, 22, 20, 24, 59, 28, 3, 98, 9, 36, 34, 20, 44, 41, 46, 125, 3, 47, 0, 9, 76, 4, 13, 0, 21, 0)
s = 101: (0, 47, 23, 53, 0, 57, 11, 16, 26, 22, 48, 45, 4, 58, 14, 36, 33, 27, 33, 43, 92, 76, 4, 84, 0, 6, 61, 3, 23, 0, 13, 0)
s = 102: (0, 41, 25, 91, 0, 32, 17, 23, 22, 18, 74, 24, 5, 90, 12, 26, 31, 34, 36, 41, 70, 91, 4, 67, 0, 8, 64, 4, 17, 0, 14, 0)
s = 103: (0, 45, 18, 47, 0, 36, 13, 33, 17, 14, 52, 26, 5, 67, 8, 24, 32, 41, 39, 50, 46, 63, 3, 45, 0, 10, 71, 4, 15, 0, 19, 0)
s = 104: (0, 50, 26, 63, 0, 47, 13, 14, 20, 14, 97, 32, 3, 110, 6, 21, 49, 46, 42, 51, 70, 51, 5, 79, 0, 11, 64, 5, 11, 0, 14, 0)
s = 105: (0, 54, 18, 82, 0, 55, 8, 27, 14, 12, 69, 36, 5, 112, 7, 20, 43, 29, 25, 29, 43, 71, 3, 87, 0, 6, 56, 4, 15, 0, 17, 0)
s = 106: (0, 53, 38, 52, 0, 38, 19, 14, 31, 20, 95, 29, 5, 73, 13, 22, 27, 30, 34, 49, 45, 70, 4, 86, 0, 13, 68, 3, 14, 0, 15, 0)
s = 107: (0, 41, 15, 92, 0, 42, 13, 15, 20, 20, 53, 29, 4, 95, 10, 26, 43, 22, 42, 49, 28, 86, 3, 48, 0, 6, 63, 5, 8, 0, 29, 0)
s = 108: (0, 54, 12, 66, 0, 38, 16, 20, 17, 26, 63, 26, 4, 92, 8, 24, 33, 28, 38, 41, 38, 71, 3, 58, 0, 6, 111, 3, 13, 0, 16, 0)
s = 109: (0, 82, 20, 81, 0, 75, 14, 26, 23, 27, 73, 27, 6, 77, 10, 27, 46, 23, 26, 32, 40, 85, 4, 49, 0, 7, 65, 7, 11, 0, 18, 0)
s = 110: (0, 32, 20, 87, 0, 43, 14, 17, 30, 15, 45, 30, 5, 71, 7, 29, 26, 45, 29, 34, 68, 66, 3, 63, 0, 13, 101, 6, 15, 0, 26, 0)
s = 111: (0, 39, 17, 79, 0, 39, 17, 19, 13, 13, 70, 32, 4, 59, 14, 19, 35, 19, 37, 27, 92, 59, 6, 64, 0, 9, 56, 5, 9, 0, 14, 0)
s = 112: (0, 45, 21, 70, 0, 39, 21, 22, 28, 24, 86, 26, 6, 116, 12, 35, 36, 32, 27, 31, 86, 61, 4, 89, 0, 5, 84, 4, 14, 0, 18, 0)
s = 113: (0, 51, 26, 107, 0, 41, 10, 21, 14, 11, 71, 24, 4, 55, 9, 24, 34, 21, 22, 27, 92, 52, 5, 58, 0, 8, 127, 6, 13, 0, 16, 0)
s = 114: (0, 41, 27, 63, 0, 48, 13, 28, 13, 17, 58, 30, 5, 44, 9, 20, 38, 26, 44, 33, 71, 81, 7, 78, 0, 8, 121, 4, 17, 0, 13, 0)
s = 115: (0, 41, 11, 64, 0, 54, 15, 28, 21, 20, 76, 26, 4, 83, 13, 16, 44, 22, 26, 75, 40, 44, 3, 39, 0, 10, 48, 5, 10, 0, 16, 0)
s = 116: (0, 48, 24, 34, 0, 31, 17, 27, 21, 13, 57, 28, 4, 76, 11, 29, 30, 49, 33, 37, 49, 75, 5, 108, 0, 7, 85, 4, 10, 0, 21, 0)
s = 117: (0, 50, 27, 67, 0, 57, 11, 20, 14, 11, 88, 54, 3, 80, 12, 39, 68, 26, 38, 43, 48, 78, 3, 64, 0, 9, 115, 5, 10, 0, 15, 0)
s = 118: (0, 48, 15, 71, 0, 45, 14, 26, 17, 14, 45, 25, 4, 87, 9, 18, 36, 30, 31, 34, 78, 56, 5, 45, 0, 8, 86, 4, 28, 0, 17, 0)
s = 119: (0, 37, 24, 47, 0, 42, 9, 14, 11, 15, 71, 37, 3, 61, 14, 38, 37, 44, 62, 36, 33, 50, 6, 107, 0, 8, 102, 3, 18, 0, 12, 0)
s = 120: (0, 51, 14, 38, 0, 85, 18, 14, 15, 15, 103, 40, 6, 75, 6, 25, 39, 29, 31, 51, 74, 69, 7, 70, 0, 5, 86, 5, 10, 0, 10, 0)
s = 121: (0, 83, 16, 59, 0, 34, 16, 31, 13, 24, 111, 34, 3, 101, 10, 30, 51, 23, 41, 51, 98, 67, 5, 82, 0, 5, 76, 5, 10, 0, 11, 0)
s = 122: (0, 56, 15, 57, 0, 53, 16, 17, 18, 16, 70, 31, 8, 71, 9, 29, 44, 31, 39, 51, 44, 57, 6, 64, 0, 10, 87, 4, 12, 0, 19, 0)
s = 123: (0, 46, 19, 113, 0, 45, 17, 30, 23, 21, 48, 43, 3, 78, 6, 16, 51, 32, 23, 43, 60, 62, 8, 75, 0, 9, 64, 4, 8, 0, 17, 0)
s = 124: (0, 69, 17, 65, 0, 31, 15, 18, 25, 12, 47, 23, 6, 90, 10, 38, 59, 34, 39, 40, 43, 66, 4, 51, 0, 10, 63, 3, 22, 0, 26, 0)
s = 125: (0, 58, 14, 76, 0, 53, 10, 18, 23, 15, 41, 42, 4, 66, 12, 25, 29, 39, 22, 35, 52, 60, 3, 77, 0, 10, 88, 5, 16, 0, 19, 0)
s = 126: (0, 53, 17, 69, 0, 47, 11, 17, 18, 27, 61, 39, 5, 69, 16, 27, 30, 20, 22, 53, 52, 64, 5, 67, 0, 8, 100, 3, 18, 0, 17, 0)
s = 127: (0, 57, 15, 89, 0, 38, 15, 26, 15, 29, 53, 27, 4, 99, 6, 21, 25, 31, 28, 26, 35, 92, 4, 67, 0, 8, 93, 8, 10, 0, 26, 0)
s = 128: (0, 30, 16, 75, 0, 36, 17, 16, 21, 14, 85, 24, 4, 101, 12, 27, 43, 35, 62, 32, 42, 117, 4, 79, 0, 12, 47, 4, 16, 0, 16, 0)
s = 129: (0, 37, 19, 46, 0, 77, 21, 40, 20, 33, 64, 22, 4, 117, 8, 14, 52, 37, 23, 65, 50, 44, 6, 77, 0, 12, 79, 3, 11, 0, 18, 0)
s = 130: (0, 46, 20, 78, 0, 52, 14, 19, 22, 14, 66, 42, 4, 83, 15, 21, 30, 28, 25, 46, 45, 42, 4, 78, 0, 8, 57, 4, 20, 0, 17, 0)
s = 131: (0, 42, 18, 58, 0, 75, 17, 26, 17, 13, 74, 29, 8, 93, 11, 33, 38, 18, 42, 55, 34, 59, 5, 46, 0, 8, 62, 6, 10, 0, 16, 0)
s = 132: (0, 54, 19, 40, 0, 50, 19, 26, 15, 17, 76, 25, 4, 105, 7, 29, 69, 42, 59, 23, 36, 50, 5, 35, 0, 12, 135, 5, 13, 0, 11, 0)
s = 133: (0, 50, 21, 51, 0, 33, 14, 15, 21, 20, 71, 32, 3, 89, 10, 18, 69, 25, 53, 24, 42, 66, 5, 53, 0, 7, 105, 3, 11, 0, 18, 0)
s = 134: (0, 55, 19, 86, 0, 61, 9, 29, 13, 12, 108, 22, 5, 66, 9, 22, 53, 31, 35, 39, 34, 82, 4, 73, 0, 9, 74, 4, 10, 0, 13, 0)
s = 135: (0, 44, 14, 50, 0, 60, 11, 16, 23, 18, 47, 39, 5, 131, 18, 23, 47, 36, 24, 26, 56, 106, 3, 41, 0, 13, 90, 6, 14, 0, 16, 0)
s = 136: (0, 45, 17, 52, 0, 39, 14, 30, 11, 21, 61, 22, 6, 55, 15, 25, 50, 23, 25, 31, 55, 38, 4, 77, 0, 7, 88, 5, 14, 0, 12, 0)
s = 137: (0, 95, 21, 66, 0, 32, 10, 21, 20, 19, 60, 23, 5, 55, 7, 24, 28, 17, 28, 26, 32, 72, 5, 83, 0, 8, 94, 4, 14, 0, 21, 0)
s = 138: (0, 36, 16, 83, 0, 61, 18, 24, 33, 22, 69, 53, 4, 131, 9, 24, 39, 40, 39, 49, 63, 63, 4, 55, 0, 6, 87, 6, 12, 0, 23, 0)
s = 139: (0, 57, 11, 37, 0, 44, 14, 27, 20, 11, 40, 31, 7, 50, 12, 33, 41, 38, 23, 27, 82, 47, 4, 52, 0, 9, 68, 5, 19, 0, 14, 0)
s = 140: (0, 59, 17, 115, 0, 46, 19, 25, 12, 21, 58, 47, 4, 64, 10, 24, 51, 22, 34, 46, 39, 81, 6, 87, 0, 11, 75, 5, 22, 0, 16, 0)
s = 141: (0, 51, 15, 53, 0, 57, 9, 17, 11, 15, 89, 26, 6, 79, 13, 32, 47, 25, 35, 52, 96, 77, 3, 73, 0, 13, 102, 7, 10, 0, 23, 0)
s = 142: (0, 59, 30, 42, 0, 46, 15, 18, 14, 22, 70, 28, 6, 74, 8, 18, 45, 44, 24, 48, 64, 123, 6, 49, 0, 6, 54, 6, 11, 0, 11, 0)
s = 143: (0, 41, 14, 44, 0, 35, 9, 26, 17, 13, 119, 38, 4, 62, 17, 22, 34, 40, 60, 32, 28, 52, 4, 89, 0, 9, 77, 3, 17, 0, 16, 0)
s = 144: (0, 56, 14, 69, 0, 31, 18, 19, 20, 16, 51, 18, 4, 151, 10, 26, 51, 31, 36, 52, 60, 85, 6, 91, 0, 6, 55, 5, 16, 0, 15, 0)
s = 145: (0, 60, 15, 67, 0, 48, 12, 24, 11, 17, 54, 31, 4, 75, 14, 20, 63, 36, 38, 45, 60, 42, 5, 47, 0, 14, 114, 3, 10, 0, 32, 0)
s = 146: (0, 53, 27, 49, 0, 49, 17, 17, 19, 18, 50, 34, 4, 114, 10, 28, 35, 50, 30, 21, 49, 73, 4, 83, 0, 7, 99, 8, 13, 0, 15, 0)
s = 147: (0, 64, 25, 49, 0, 36, 15, 22, 28, 15, 78, 36, 6, 48, 8, 21, 37, 19, 46, 29, 90, 87, 4, 62, 0, 6, 82, 4, 15, 0, 18, 0)
s = 148: (0, 52, 23, 98, 0, 44, 13, 36, 13, 20, 53, 20, 5, 109, 13, 20, 40, 31, 31, 56, 42, 99, 5, 51, 0, 5, 71, 5, 14, 0, 15, 0)
s = 149: (0, 64, 12, 97, 0, 57, 13, 22, 13, 19, 60, 57, 4, 71, 8, 22, 35, 27, 56, 34, 32, 101, 5, 77, 0, 9, 79, 5, 9, 0, 17, 0)
s = 150: (0, 67, 35, 93, 0, 33, 18, 13, 17, 34, 64, 19, 3, 76, 10, 17, 43, 27, 20, 57, 80, 73, 6, 36, 0, 9, 56, 5, 12, 0, 22, 0)
s = 151: (0, 39, 25, 109, 0, 68, 12, 11, 16, 21, 69, 21, 6, 53, 12, 18, 32, 22, 55, 32, 77, 83, 5, 45, 0, 8, 62, 3, 13, 0, 17, 0)
s = 152: (0, 79, 14, 68, 0, 37, 8, 29, 22, 20, 77, 39, 4, 62, 12, 17, 42, 23, 27, 28, 80, 85, 3, 59, 0, 9, 121, 6, 9, 0, 22, 0)
s = 153: (0, 41, 20, 66, 0, 39, 15, 25, 22, 15, 54, 38, 3, 65, 8, 29, 63, 34, 33, 57, 56, 60, 4, 67, 0, 6, 66, 5, 16, 0, 15, 0)
s = 154: (0, 42, 18, 75, 0, 33, 9, 12, 11, 17, 62, 30, 3, 62, 7, 24, 68, 41, 33, 32, 42, 41, 5, 73, 0, 5, 114, 5, 25, 0, 16, 0)
s = 155: (0, 62, 20, 104, 0, 48, 14, 19, 21, 19, 42, 43, 7, 51, 13, 27, 40, 62, 20, 44, 55, 57, 4, 101, 0, 9, 117, 4, 17, 0, 14, 0)
s = 156: (0, 38, 17, 80, 0, 44, 22, 21, 18, 11, 122, 41, 7, 46, 10, 14, 46, 26, 34, 35, 76, 92, 5, 42, 0, 5, 119, 3, 18, 0, 11, 0)
s = 157: (0, 51, 21, 37, 0, 45, 17, 21, 19, 22, 67, 52, 4, 48, 15, 26, 42, 18, 49, 38, 69, 91, 4, 46, 0, 7, 95, 6, 10, 0, 13, 0)
s = 158: (0, 51, 27, 49, 0, 33, 10, 13, 11, 20, 55, 33, 4, 59, 17, 18, 26, 16, 36, 24, 39, 60, 4, 50, 0, 8, 91, 5, 14, 0, 18, 0)
s = 159: (0, 49, 15, 101, 0, 43, 15, 20, 19, 11, 49, 27, 5, 80, 12, 28, 49, 23, 38, 21, 54, 76, 7, 46, 0, 14, 61, 3, 10, 0, 33, 0)
s = 160: (0, 62, 18, 85, 0, 30, 13, 26, 35, 25, 57, 23, 3, 62, 6, 29, 58, 26, 35, 23, 37, 101, 5, 50, 0, 5, 105, 5, 14, 0, 17, 0)
s = 161: (0, 72, 20, 70, 0, 51, 16, 22, 17, 18, 48, 30, 8, 66, 7, 30, 67, 28, 52, 39, 74, 65, 5, 73, 0, 8, 103, 5, 11, 0, 23, 0)
s = 162: (0, 30, 12, 61, 0, 30, 18, 16, 15, 15, 63, 44, 3, 103, 14, 17, 49, 34, 47, 29, 55, 63, 6, 94, 0, 9, 108, 4, 21, 0, 15, 0)
s = 163: (0, 62, 20, 73, 0, 50, 19, 21, 28, 19, 46, 37, 5, 65, 10, 28, 28, 21, 39, 58, 44, 92, 3, 66, 0, 9, 61, 3, 10, 0, 21, 0)
s = 164: (0, 49, 19, 49, 0, 65, 14, 23, 29, 15, 70, 23, 5, 68, 11, 22, 42, 36, 22, 51, 84, 49, 4, 61, 0, 6, 105, 4, 15, 0, 18, 0)
s = 165: (0, 44, 18, 44, 0, 27, 11, 16, 13, 20, 106, 31, 5, 61, 12, 20, 53, 27, 50, 32, 43, 66, 4, 97, 0, 8, 63, 6, 25, 0, 19, 0)
s = 166: (0, 39, 17, 74, 0, 43, 10, 17, 18, 18, 111, 18, 5, 74, 8, 38, 29, 47, 42, 42, 52, 81, 3, 60, 0, 6, 66, 5, 14, 0, 19, 0)
s = 167: (0, 37, 19, 65, 0, 37, 18, 15, 30, 16, 77, 47, 3, 48, 7, 23, 46, 26, 25, 23, 51, 53, 4, 53, 0, 8, 100, 5, 10, 0, 11, 0)
s = 168: (0, 32, 18, 74, 0, 44, 10, 21, 12, 13, 39, 32, 3, 58, 12, 23, 55, 30, 57, 29, 40, 80, 4, 40, 0, 8, 78, 5, 10, 0, 16, 0)
s = 169: (0, 44, 35, 84, 0, 37, 13, 22, 22, 20, 66, 20, 3, 65, 8, 32, 34, 27, 32, 35, 63, 72, 3, 55, 0, 8, 99, 4, 10, 0, 16, 0)
s = 170: (0, 34, 14, 80, 0, 49, 23, 14, 18, 25, 62, 24, 4, 74, 8, 21, 60, 21, 37, 43, 54, 67, 6, 106, 0, 8, 105, 6, 14, 0, 11, 0)
s = 171: (0, 67, 11, 68, 0, 46, 18, 16, 20, 28, 73, 53, 5, 46, 10, 27, 54, 27, 43, 39, 80, 58, 5, 51, 0, 9, 125, 5, 16, 0, 11, 0)
s = 172: (0, 59, 25, 89, 0, 60, 9, 22, 18, 22, 61, 27, 7, 88, 18, 25, 45, 39, 35, 33, 47, 47, 4, 50, 0, 10, 67, 4, 18, 0, 15, 0)
s = 173: (0, 66, 23, 74, 0, 50, 15, 19, 18, 13, 54, 42, 3, 93, 12, 30, 52, 32, 37, 28, 101, 51, 5, 60, 0, 7, 58, 3, 19, 0, 20, 0)
s = 174: (0, 40, 16, 51, 0, 26, 13, 29, 13, 14, 71, 45, 3, 112, 7, 14, 46, 25, 37, 54, 51, 102, 4, 55, 0, 11, 89, 6, 11, 0, 13, 0)
s = 175: (0, 44, 18, 56, 0, 46, 13, 12, 20, 16, 92, 47, 4, 146, 12, 23, 50, 21, 52, 63, 61, 70, 4, 39, 0, 7, 57, 4, 9, 0, 14, 0)
s = 176: (0, 69, 25, 105, 0, 30, 19, 17, 15, 21, 45, 48, 7, 54, 12, 17, 47, 42, 50, 32, 104, 58, 6, 50, 0, 10, 78, 6, 26, 0, 21, 0)
s = 177: (0, 50, 16, 37, 0, 31, 18, 16, 29, 15, 56, 35, 5, 77, 9, 14, 28, 29, 45, 26, 39, 122, 3, 54, 0, 12, 85, 4, 13, 0, 20, 0)
s = 178: (0, 42, 19, 80, 0, 30, 20, 20, 11, 15, 71, 32, 4, 89, 12, 19, 50, 27, 33, 32, 41, 44, 4, 79, 0, 10, 59, 3, 12, 0, 29, 0)
s = 179: (0, 66, 18, 53, 0, 35, 15, 13, 11, 15, 67, 22, 4, 61, 9, 31, 60, 23, 29, 35, 49, 44, 3, 56, 0, 12, 72, 4, 9, 0, 19, 0)
s = 180: (0, 31, 11, 45, 0, 49, 16, 22, 15, 16, 123, 48, 4, 64, 9, 27, 63, 32, 36, 43, 38, 62, 3, 61, 0, 8, 57, 7, 15, 0, 13, 0)
s = 181: (0, 41, 25, 85, 0, 45, 8, 39, 22, 23, 99, 25, 7, 106, 10, 23, 35, 25, 34, 38, 41, 52, 3, 72, 0, 14, 82, 4, 10, 0, 13, 0)
s = 182: (0, 53, 21, 47, 0, 31, 15, 25, 15, 12, 99, 42, 3, 123, 9, 30, 37, 33, 31, 31, 38, 94, 3, 101, 0, 6, 82, 4, 18, 0, 18, 0)
s = 183: (0, 41, 17, 52, 0, 43, 14, 12, 19, 20, 50, 29, 6, 77, 10, 25, 52, 35, 34, 37, 81, 48, 4, 53, 0, 8, 91, 3, 25, 0, 12, 0)
s = 184: (0, 55, 19, 76, 0, 44, 14, 24, 14, 17, 57, 22, 3, 54, 12, 17, 51, 52, 38, 45, 70, 91, 7, 46, 0, 5, 53, 4, 13, 0, 29, 0)
s = 185: (0, 45, 24, 45, 0, 41, 9, 22, 24, 11, 42, 34, 3, 108, 7, 27, 61, 19, 28, 49, 30, 51, 6, 47, 0, 6, 114, 4, 11, 0, 28, 0)
s = 186: (0, 39, 16, 61, 0, 49, 15, 13, 16, 19, 60, 40, 4, 77, 6, 20, 40, 37, 43, 29, 63, 61, 6, 56, 0, 5, 94, 4, 19, 0, 13, 0)
s = 187: (0, 41, 17, 86, 0, 59, 10, 15, 19, 21, 39, 25, 3, 72, 8, 25, 37, 27, 36, 33, 56, 71, 5, 83, 0, 8, 71, 4, 18, 0, 20, 0)
s = 188: (0, 50, 24, 92, 0, 50, 16, 25, 18, 22, 54, 33, 3, 96, 9, 34, 40, 41, 37, 59, 40, 93, 6, 48, 0, 7, 62, 6, 13, 0, 15, 0)
s = 189: (0, 44, 16, 70, 0, 63, 23, 22, 23, 14, 106, 40, 4, 53, 6, 34, 35, 53, 44, 33, 51, 56, 4, 105, 0, 8, 88, 4, 9, 0, 18, 0)
s = 190: (0, 33, 15, 65, 0, 44, 17, 17, 25, 31, 91, 27, 6, 93, 13, 17, 39, 16, 26, 51, 54, 88, 4, 119, 0, 7, 98, 6, 18, 0, 18, 0)
s = 191: (0, 59, 24, 50, 0, 39, 19, 22, 21, 24, 60, 56, 6, 74, 11, 16, 26, 21, 34, 31, 41, 108, 8, 94, 0, 8, 100, 4, 12, 0, 19, 0)
s = 192: (0, 62, 14, 40, 0, 46, 10, 13, 15, 15, 57, 29, 6, 55, 17, 25, 42, 36, 71, 36, 46, 41, 3, 50, 0, 6, 63, 3, 14, 0, 11, 0)
s = 193: (0, 49, 24, 34, 0, 40, 11, 19, 19, 14, 46, 23, 5, 77, 9, 35, 27, 35, 20, 61, 70, 64, 4, 68, 0, 5, 53, 5, 14, 0, 25, 0)
s = 194: (0, 50, 15, 48, 0, 62, 11, 23, 16, 18, 64, 47, 6, 60, 8, 33, 33, 30, 53, 29, 79, 77, 7, 61, 0, 7, 101, 5, 13, 0, 19, 0)
s = 195: (0, 40, 12, 48, 0, 46, 20, 17, 22, 25, 78, 23, 4, 105, 11, 25, 57, 28, 31, 51, 68, 56, 4, 59, 0, 10, 101, 4, 13, 0, 14, 0)
s = 196: (0, 53, 16, 55, 0, 38, 19, 14, 20, 18, 105, 40, 6, 70, 16, 17, 30, 27, 28, 41, 36, 58, 3, 47, 0, 7, 66, 5, 11, 0, 17, 0)
s = 197: (0, 52, 16, 38, 0, 28, 15, 15, 27, 15, 81, 39, 4, 77, 11, 24, 49, 33, 38, 52, 33, 80, 3, 60, 0, 5, 84, 3, 14, 0, 16, 0)
s = 198: (0, 51, 26, 57, 0, 38, 18, 22, 20, 27, 47, 33, 3, 85, 10, 37, 48, 38, 36, 50, 57, 99, 5, 45, 0, 8, 70, 3, 19, 0, 23, 0)
s = 199: (0, 46, 18, 51, 0, 64, 12, 20, 12, 20, 68, 26, 4, 92, 10, 22, 64, 25, 36, 46, 52, 66, 3, 56, 0, 10, 86, 4, 19, 0, 12, 0)
s = 200: (0, 31, 28, 91, 0, 43, 20, 16, 15, 16, 85, 41, 4, 89, 9, 20, 46, 38, 27, 42, 73, 65, 3, 40, 0, 9, 90, 5, 9, 0, 33, 0)
************************************************************************
ES/LS-VALUES:
jobnr.   ES(i)    LS(i)
------------------------------------------------------------------------
  0        0        0
  1        0       75
  2        0       88
  3        0       91
  4       13       89
  5       32       112
  6       32       109
  7       12       101
  8       32       121
  9       35       125
 10       49       129
 11       12       138
 12       52       142
 13       13       123
 14       45       133
 15       45       123
 16       67       147
 17        9       135
 18       60       139
 19       54       142
 20       56       146
 21       71       151
 22       17       144
 23       71       152
 24       74       154
 25       84       165
 26       21       148
 27       85       167
 28       74       177
 29       74       164
 30       88       169
 31       100       181
************************************************************************
BIG-M-VALUES:
M1 = 76, M2 = 330
************************************************************************
