************************************************************************
file with basedata            : j30_59.bas
initial value random generator: 799690886
************************************************************************
projects                      :  1
jobs (incl. supersource/sink ):  32
horizon                       :  170
RESOURCES
  - renewable                 :  4   R
  - nonrenewable              :  0   N
  - doubly constrained        :  0   D
************************************************************************
PROJECT INFORMATION:
pronr.  #jobs rel.date duedate tardcost  MPM-Time
    1     30      0       52       17       52
************************************************************************
PRECEDENCE RELATIONS:
jobnr.    #modes  #successors   successors
   0        1          3           1   2   3
   1        1          3           9  14  20
   2        1          3           5   6  18
   3        1          3           4   8  11
   4        1          3          15  17  23
   5        1          3           7  13  22
   6        1          3          10  16  17
   7        1          3           9  14  15
   8        1          3           9  18  20
   9        1          3          17  24  28
  10        1          3          11  13  14
  11        1          3          12  20  22
  12        1          1          15
  13        1          2          19  21
  14        1          2          19  21
  15        1          2          19  25
  16        1          3          23  27  30
  17        1          2          27  30
  18        1          3          21  22  23
  19        1          1          24
  20        1          2          26  29
  21        1          3          25  28  29
  22        1          3          24  25  27
  23        1          1          28
  24        1          1          26
  25        1          1          26
  26        1          1          30
  27        1          1          29
  28        1          1          31
  29        1          1          31
  30        1          1          31
  31        1          0        
************************************************************************
REQUESTS/DURATIONS:
jobnr. mode duration  R 1  R 2  R 3  R 4  E(W 1)  E(W 2)
------------------------------------------------------------------------
  0      1     0       0    0    0    0     0       0
  1      1    10       2    9    0    0    110       0
  2      1     1       0    0    8    6     0      14
  3      1     8       6    7    4    6    104      80
  4      1     7       0    9    2   10    63      84
  5      1    10       0    2    6    0    20      60
  6      1     4       0    5    7    1    20      36
  7      1     2       3    6    0    0    18       0
  8      1     9       4   10    0    1    126      18
  9      1     9      10    0    2    1    90      36
 10      1     1       5    6    8   10    11      18
 11      1     4       6    5    0    0    44       0
 12      1     8       3    9    5    1    96      56
 13      1     7       7    0    0    8    49      56
 14      1     1       9    5    1    0    14       2
 15      1     2       0    0    9    0     0      18
 16      1     7       6   10    9    6    112      105
 17      1     3       7   10   10    9    51      57
 18      1    10       0    2    4    5    20      90
 19      1     2       8    7    1    8    30      20
 20      1     2       8   10    6   10    36      32
 21      1     6       3   10    0    8    78      48
 22      1     7       1    0    6   10    14      112
 23      1     5       2    3    5    3    25      40
 24      1     7       2    0    7    8    14      105
 25      1     7       4    4    0    5    56      35
 26      1     2       5    9    4    3    28      14
 27      1     8       5    6    0    2    88      16
 28      1     8       4    4    6    3    64      72
 29      1     4       0    4    7    0    16      28
 30      1     9       0    7    9    2    63      99
 31      1     0       0    0    0    0     0       0
************************************************************************
RESOURCEAVAILABILITIES:
  R 1  R 2
   58   46
************************************************************************
RESOURCE LIMITS:
jobnr.  l(R 1)  u(R 1)  l(R 2)  u(R 2)
------------------------------------------------------------------------
  0        0       0       0       0
  1        6      11       0       0
  2        0       0       7      14
  3        7      13       5      10
  4        5       9       6      12
  5        1       2       3       6
  6        3       5       5       9
  7        5       9       0       0
  8        7      14       1       2
  9        5      10       2       4
 10        6      11       9      18
 11        6      11       0       0
 12        7      12       4       7
 13        4       7       4       8
 14        8      14       1       2
 15        0       0       5       9
 16        8      16       8      15
 17        9      17      10      19
 18        1       2       5       9
 19        8      15       5      10
 20        9      18       8      16
 21        7      13       4       8
 22        1       2       8      16
 23        3       5       5       8
 24        1       2       8      15
 25        4       8       3       5
 26        8      14       4       7
 27        6      11       1       2
 28        4       8       5       9
 29        2       4       4       7
 30        4       7       6      11
 31        0       0       0       0
************************************************************************
SCENARIOS:
------------------------------------------------------------------------
RESOURCE k = 1
s = 1: (0, 114, 0, 127, 97, 12, 24, 26, 79, 64, 8, 34, 110, 41, 15, 0, 122, 52, 16, 26, 54, 117, 8, 21, 11, 78, 17, 69, 58, 13, 65, 0)
s = 2: (0, 111, 0, 98, 90, 21, 21, 13, 191, 65, 13, 36, 172, 58, 10, 0, 75, 57, 22, 30, 26, 63, 9, 29, 12, 40, 24, 83, 51, 24, 98, 0)
s = 3: (0, 123, 0, 156, 76, 20, 21, 12, 108, 90, 9, 61, 88, 39, 17, 0, 102, 34, 13, 20, 35, 87, 12, 20, 10, 85, 30, 104, 40, 11, 87, 0)
s = 4: (0, 146, 0, 120, 58, 23, 18, 15, 107, 108, 11, 53, 100, 59, 11, 0, 87, 43, 27, 27, 34, 95, 13, 20, 12, 45, 34, 85, 43, 19, 66, 0)
s = 5: (0, 107, 0, 108, 61, 23, 18, 17, 181, 90, 12, 45, 76, 76, 12, 0, 102, 61, 13, 40, 48, 79, 10, 24, 19, 85, 23, 66, 59, 11, 64, 0)
s = 6: (0, 122, 0, 68, 51, 23, 19, 13, 169, 103, 10, 31, 73, 47, 11, 0, 118, 40, 21, 23, 36, 98, 13, 43, 12, 37, 19, 69, 91, 19, 100, 0)
s = 7: (0, 79, 0, 165, 46, 26, 28, 16, 135, 76, 7, 64, 134, 31, 12, 0, 80, 45, 16, 50, 32, 93, 21, 36, 18, 73, 20, 76, 65, 14, 59, 0)
s = 8: (0, 60, 0, 98, 65, 30, 14, 20, 94, 105, 8, 37, 63, 46, 11, 0, 127, 59, 23, 51, 22, 55, 10, 20, 16, 61, 17, 97, 92, 19, 41, 0)
s = 9: (0, 73, 0, 113, 85, 21, 22, 19, 100, 101, 14, 66, 74, 41, 18, 0, 86, 28, 21, 19, 43, 77, 17, 27, 13, 58, 20, 76, 64, 26, 47, 0)
s = 10: (0, 60, 0, 62, 94, 19, 25, 17, 158, 65, 19, 63, 87, 40, 10, 0, 81, 69, 18, 40, 36, 66, 20, 21, 11, 38, 40, 52, 40, 16, 51, 0)
s = 11: (0, 101, 0, 113, 64, 24, 16, 20, 95, 88, 7, 54, 65, 60, 22, 0, 84, 49, 16, 41, 42, 113, 12, 37, 14, 44, 20, 62, 40, 30, 66, 0)
s = 12: (0, 215, 0, 163, 49, 23, 31, 24, 129, 112, 15, 39, 53, 39, 16, 0, 134, 45, 20, 20, 41, 85, 14, 30, 16, 93, 36, 63, 83, 11, 50, 0)
s = 13: (0, 154, 0, 114, 57, 16, 35, 13, 132, 127, 8, 49, 83, 49, 22, 0, 90, 36, 23, 29, 30, 87, 12, 45, 22, 81, 29, 82, 61, 11, 43, 0)
s = 14: (0, 119, 0, 93, 64, 18, 24, 19, 116, 94, 10, 32, 134, 49, 17, 0, 140, 43, 13, 31, 22, 81, 9, 24, 13, 57, 30, 142, 60, 16, 47, 0)
s = 15: (0, 90, 0, 98, 37, 24, 18, 12, 172, 129, 9, 42, 80, 77, 12, 0, 129, 52, 33, 19, 29, 59, 12, 18, 18, 54, 29, 66, 57, 20, 54, 0)
s = 16: (0, 115, 0, 58, 97, 22, 26, 21, 137, 50, 17, 38, 127, 66, 10, 0, 82, 37, 20, 22, 54, 128, 17, 38, 11, 53, 22, 147, 113, 17, 47, 0)
s = 17: (0, 80, 0, 150, 71, 18, 23, 12, 99, 132, 14, 44, 108, 52, 20, 0, 107, 50, 17, 26, 42, 97, 17, 30, 15, 41, 27, 87, 86, 11, 37, 0)
s = 18: (0, 138, 0, 143, 59, 13, 13, 32, 107, 109, 18, 56, 128, 66, 10, 0, 170, 63, 26, 27, 21, 55, 16, 18, 12, 57, 32, 123, 47, 21, 70, 0)
s = 19: (0, 108, 0, 103, 68, 14, 20, 24, 90, 112, 16, 36, 100, 51, 15, 0, 105, 54, 26, 26, 26, 53, 12, 29, 10, 53, 28, 114, 65, 15, 53, 0)
s = 20: (0, 111, 0, 92, 54, 11, 31, 19, 217, 73, 11, 32, 93, 44, 21, 0, 107, 38, 17, 43, 33, 66, 13, 26, 19, 50, 24, 75, 53, 19, 48, 0)
s = 21: (0, 147, 0, 87, 56, 24, 33, 29, 174, 94, 13, 36, 104, 71, 12, 0, 82, 69, 11, 21, 60, 104, 23, 22, 12, 48, 21, 94, 44, 24, 47, 0)
s = 22: (0, 96, 0, 182, 50, 17, 18, 25, 79, 162, 15, 40, 70, 66, 10, 0, 168, 38, 30, 24, 32, 119, 13, 26, 9, 77, 25, 112, 59, 20, 68, 0)
s = 23: (0, 151, 0, 74, 84, 23, 15, 23, 100, 125, 10, 42, 110, 35, 12, 0, 94, 32, 24, 24, 37, 115, 16, 25, 18, 47, 24, 119, 68, 16, 79, 0)
s = 24: (0, 65, 0, 158, 51, 16, 31, 13, 192, 113, 7, 29, 106, 27, 13, 0, 98, 52, 14, 25, 32, 73, 15, 32, 17, 56, 25, 116, 47, 13, 92, 0)
s = 25: (0, 70, 0, 96, 48, 14, 17, 23, 103, 68, 15, 56, 74, 33, 13, 0, 196, 73, 31, 25, 44, 99, 13, 21, 13, 72, 35, 120, 83, 18, 53, 0)
s = 26: (0, 111, 0, 107, 49, 18, 15, 16, 122, 97, 8, 53, 95, 31, 11, 0, 165, 65, 21, 37, 40, 69, 21, 26, 12, 34, 33, 77, 76, 13, 82, 0)
s = 27: (0, 83, 0, 97, 87, 26, 18, 27, 171, 74, 8, 54, 108, 34, 18, 0, 114, 57, 17, 31, 32, 66, 13, 27, 12, 69, 34, 101, 43, 15, 45, 0)
s = 28: (0, 112, 0, 70, 86, 27, 25, 19, 91, 96, 13, 27, 96, 27, 15, 0, 135, 43, 22, 27, 48, 49, 19, 22, 12, 44, 22, 61, 57, 14, 53, 0)
s = 29: (0, 127, 0, 73, 39, 26, 29, 23, 96, 69, 15, 71, 73, 37, 17, 0, 126, 32, 14, 38, 43, 80, 9, 23, 20, 46, 42, 106, 88, 11, 58, 0)
s = 30: (0, 106, 0, 77, 79, 30, 20, 18, 119, 132, 10, 35, 84, 31, 18, 0, 83, 66, 22, 32, 36, 100, 19, 25, 13, 90, 29, 79, 40, 12, 82, 0)
s = 31: (0, 137, 0, 144, 59, 15, 32, 23, 101, 87, 9, 44, 73, 47, 10, 0, 164, 45, 11, 21, 39, 75, 19, 23, 11, 57, 33, 120, 53, 16, 60, 0)
s = 32: (0, 109, 0, 159, 44, 14, 34, 22, 172, 62, 7, 37, 85, 39, 13, 0, 129, 48, 27, 40, 32, 85, 12, 24, 17, 37, 34, 57, 95, 14, 44, 0)
s = 33: (0, 143, 0, 93, 71, 26, 20, 21, 177, 84, 8, 55, 87, 32, 14, 0, 148, 63, 22, 44, 52, 76, 13, 18, 9, 56, 28, 121, 61, 17, 48, 0)
s = 34: (0, 131, 0, 154, 71, 16, 21, 14, 139, 73, 10, 49, 87, 48, 13, 0, 122, 50, 23, 34, 38, 77, 14, 23, 17, 72, 41, 62, 43, 15, 106, 0)
s = 35: (0, 63, 0, 152, 42, 18, 14, 20, 189, 130, 19, 35, 105, 52, 11, 0, 148, 39, 18, 24, 44, 86, 15, 34, 14, 88, 19, 118, 61, 17, 50, 0)
s = 36: (0, 109, 0, 68, 70, 25, 21, 18, 89, 110, 13, 71, 157, 41, 13, 0, 105, 63, 16, 26, 24, 62, 11, 34, 13, 40, 29, 59, 52, 18, 40, 0)
s = 37: (0, 100, 0, 128, 59, 21, 20, 29, 138, 145, 11, 50, 93, 46, 11, 0, 92, 73, 24, 33, 34, 64, 12, 29, 14, 40, 44, 91, 64, 14, 44, 0)
s = 38: (0, 73, 0, 170, 64, 20, 35, 17, 167, 118, 11, 54, 53, 43, 10, 0, 198, 45, 21, 40, 20, 112, 13, 38, 11, 72, 36, 67, 65, 20, 67, 0)
s = 39: (0, 153, 0, 114, 60, 15, 40, 14, 160, 124, 14, 56, 78, 82, 25, 0, 93, 38, 30, 36, 29, 115, 17, 33, 16, 69, 30, 131, 35, 17, 51, 0)
s = 40: (0, 76, 0, 121, 60, 13, 26, 25, 79, 83, 13, 41, 94, 41, 14, 0, 71, 36, 27, 41, 22, 103, 28, 23, 8, 63, 46, 69, 41, 14, 61, 0)
s = 41: (0, 111, 0, 108, 47, 21, 20, 19, 128, 83, 6, 26, 56, 57, 16, 0, 152, 52, 23, 21, 32, 69, 17, 42, 16, 43, 35, 83, 42, 16, 98, 0)
s = 42: (0, 109, 0, 129, 95, 24, 28, 17, 89, 61, 18, 31, 96, 27, 14, 0, 94, 53, 21, 29, 29, 55, 14, 19, 15, 33, 27, 81, 52, 17, 36, 0)
s = 43: (0, 161, 0, 65, 38, 26, 32, 14, 125, 102, 13, 36, 95, 46, 18, 0, 85, 49, 22, 29, 36, 94, 15, 29, 12, 40, 26, 122, 60, 15, 60, 0)
s = 44: (0, 102, 0, 80, 47, 29, 22, 16, 139, 94, 10, 32, 65, 56, 21, 0, 61, 62, 19, 37, 38, 140, 9, 30, 14, 56, 22, 84, 90, 17, 44, 0)
s = 45: (0, 73, 0, 86, 60, 15, 27, 15, 110, 117, 10, 31, 124, 62, 12, 0, 130, 60, 16, 36, 21, 55, 22, 21, 11, 58, 40, 131, 101, 14, 89, 0)
s = 46: (0, 78, 0, 155, 66, 28, 31, 27, 92, 53, 15, 73, 88, 61, 9, 0, 86, 47, 21, 30, 41, 88, 13, 15, 10, 59, 27, 82, 68, 18, 52, 0)
s = 47: (0, 71, 0, 82, 82, 23, 12, 15, 198, 77, 14, 28, 85, 41, 18, 0, 89, 38, 13, 31, 47, 82, 10, 22, 23, 72, 19, 69, 49, 16, 68, 0)
s = 48: (0, 134, 0, 95, 52, 28, 17, 14, 179, 100, 10, 41, 94, 39, 16, 0, 96, 69, 19, 36, 27, 66, 13, 16, 9, 84, 21, 81, 51, 20, 55, 0)
s = 49: (0, 161, 0, 98, 56, 35, 21, 23, 127, 120, 11, 50, 84, 67, 8, 0, 121, 73, 20, 21, 35, 112, 16, 16, 17, 51, 27, 82, 43, 18, 59, 0)
s = 50: (0, 76, 0, 84, 49, 19, 25, 18, 178, 60, 10, 30, 75, 44, 13, 0, 87, 60, 20, 33, 40, 57, 21, 25, 15, 39, 36, 111, 57, 15, 38, 0)
s = 51: (0, 109, 0, 171, 68, 18, 14, 17, 76, 118, 10, 55, 100, 61, 8, 0, 131, 57, 20, 22, 23, 103, 9, 24, 10, 53, 26, 61, 47, 14, 72, 0)
s = 52: (0, 81, 0, 78, 46, 37, 26, 13, 172, 152, 7, 39, 64, 55, 10, 0, 72, 51, 21, 22, 30, 55, 14, 14, 13, 73, 18, 73, 55, 22, 73, 0)
s = 53: (0, 74, 0, 60, 51, 21, 15, 16, 105, 58, 10, 48, 108, 45, 20, 0, 127, 55, 17, 20, 42, 118, 20, 24, 10, 98, 41, 83, 119, 23, 52, 0)
s = 54: (0, 122, 0, 86, 53, 19, 24, 31, 225, 97, 9, 64, 125, 40, 18, 0, 137, 39, 13, 37, 36, 115, 8, 37, 10, 63, 17, 88, 95, 23, 53, 0)
s = 55: (0, 180, 0, 134, 60, 21, 17, 25, 114, 112, 10, 49, 135, 26, 11, 0, 122, 68, 17, 48, 25, 100, 15, 22, 14, 48, 25, 102, 45, 16, 81, 0)
s = 56: (0, 79, 0, 100, 40, 25, 36, 24, 107, 63, 10, 50, 56, 48, 26, 0, 173, 62, 30, 31, 33, 73, 16, 30, 9, 39, 20, 120, 119, 15, 60, 0)
s = 57: (0, 68, 0, 142, 59, 19, 29, 19, 103, 97, 7, 48, 84, 47, 11, 0, 99, 73, 21, 34, 51, 62, 14, 28, 14, 95, 41, 58, 46, 21, 71, 0)
s = 58: (0, 144, 0, 76, 78, 21, 18, 23, 98, 67, 12, 36, 126, 41, 14, 0, 86, 54, 13, 29, 50, 55, 16, 29, 13, 31, 33, 74, 71, 16, 58, 0)
s = 59: (0, 61, 0, 80, 79, 24, 23, 14, 81, 117, 12, 58, 80, 53, 10, 0, 84, 52, 23, 23, 32, 70, 23, 23, 8, 80, 29, 112, 48, 15, 66, 0)
s = 60: (0, 118, 0, 111, 90, 19, 27, 11, 127, 87, 11, 37, 67, 46, 10, 0, 160, 45, 22, 37, 47, 97, 20, 26, 11, 53, 17, 68, 60, 13, 50, 0)
s = 61: (0, 87, 0, 146, 97, 18, 24, 20, 125, 81, 11, 56, 107, 60, 12, 0, 174, 34, 15, 30, 45, 85, 16, 17, 15, 79, 43, 116, 83, 11, 50, 0)
s = 62: (0, 72, 0, 109, 46, 14, 21, 14, 195, 65, 10, 55, 105, 55, 11, 0, 96, 57, 18, 20, 37, 78, 12, 21, 17, 69, 33, 91, 49, 27, 34, 0)
s = 63: (0, 102, 0, 130, 86, 18, 22, 20, 93, 107, 17, 38, 109, 44, 8, 0, 96, 65, 16, 23, 25, 100, 16, 22, 11, 63, 28, 68, 61, 19, 36, 0)
s = 64: (0, 167, 0, 114, 39, 13, 18, 17, 118, 101, 8, 51, 106, 46, 19, 0, 115, 63, 21, 21, 21, 81, 13, 18, 8, 30, 31, 72, 66, 17, 40, 0)
s = 65: (0, 137, 0, 133, 66, 12, 16, 13, 151, 107, 13, 31, 115, 47, 20, 0, 85, 59, 15, 36, 44, 98, 12, 32, 12, 58, 25, 79, 66, 17, 61, 0)
s = 66: (0, 89, 0, 122, 88, 19, 14, 23, 89, 110, 9, 37, 71, 44, 13, 0, 83, 46, 15, 28, 29, 87, 9, 15, 12, 42, 27, 67, 47, 17, 58, 0)
s = 67: (0, 76, 0, 71, 63, 14, 12, 15, 99, 106, 11, 34, 91, 34, 14, 0, 161, 41, 13, 25, 26, 68, 20, 19, 14, 64, 21, 68, 47, 20, 55, 0)
s = 68: (0, 131, 0, 103, 56, 34, 26, 13, 96, 114, 17, 31, 57, 40, 14, 0, 86, 41, 16, 32, 35, 71, 12, 24, 13, 82, 30, 156, 60, 17, 48, 0)
s = 69: (0, 86, 0, 98, 100, 13, 11, 12, 123, 94, 10, 37, 96, 30, 11, 0, 79, 37, 21, 20, 33, 45, 19, 23, 16, 38, 16, 61, 56, 15, 70, 0)
s = 70: (0, 143, 0, 87, 47, 17, 15, 19, 83, 79, 17, 50, 82, 50, 25, 0, 117, 42, 17, 22, 24, 96, 12, 22, 12, 46, 25, 62, 52, 15, 47, 0)
s = 71: (0, 94, 0, 124, 52, 22, 12, 23, 101, 63, 13, 28, 120, 67, 8, 0, 137, 59, 12, 16, 22, 78, 11, 23, 16, 54, 31, 81, 50, 15, 45, 0)
s = 72: (0, 85, 0, 68, 50, 15, 24, 12, 147, 120, 8, 33, 116, 35, 16, 0, 126, 61, 26, 25, 37, 47, 12, 32, 13, 84, 48, 140, 41, 15, 44, 0)
s = 73: (0, 95, 0, 73, 53, 30, 16, 18, 96, 109, 11, 25, 100, 81, 9, 0, 96, 65, 15, 33, 29, 45, 8, 27, 9, 57, 19, 56, 60, 26, 63, 0)
s = 74: (0, 144, 0, 99, 34, 14, 30, 20, 160, 65, 10, 51, 83, 38, 19, 0, 94, 59, 18, 40, 29, 46, 19, 25, 12, 70, 28, 109, 69, 19, 72, 0)
s = 75: (0, 68, 0, 102, 71, 25, 19, 23, 162, 95, 12, 68, 87, 67, 15, 0, 148, 62, 23, 28, 23, 63, 18, 37, 18, 91, 46, 91, 75, 11, 70, 0)
s = 76: (0, 69, 0, 53, 78, 15, 29, 24, 130, 109, 11, 46, 112, 42, 14, 0, 122, 71, 24, 32, 39, 87, 18, 18, 15, 67, 32, 62, 73, 28, 66, 0)
s = 77: (0, 151, 0, 156, 40, 19, 18, 13, 159, 65, 16, 33, 103, 43, 12, 0, 140, 68, 19, 24, 24, 77, 13, 34, 19, 38, 21, 54, 81, 11, 57, 0)
s = 78: (0, 77, 0, 183, 52, 22, 17, 10, 116, 80, 14, 49, 130, 53, 17, 0, 103, 47, 25, 29, 59, 104, 12, 38, 8, 80, 30, 69, 48, 14, 43, 0)
s = 79: (0, 107, 0, 114, 72, 19, 26, 13, 114, 75, 10, 30, 81, 51, 22, 0, 74, 50, 13, 27, 29, 60, 18, 19, 24, 62, 36, 97, 57, 21, 80, 0)
s = 80: (0, 150, 0, 102, 59, 17, 17, 24, 88, 110, 13, 57, 87, 38, 12, 0, 171, 49, 23, 27, 26, 66, 10, 26, 17, 78, 30, 74, 70, 12, 42, 0)
s = 81: (0, 124, 0, 64, 95, 33, 16, 23, 123, 111, 17, 41, 80, 34, 11, 0, 104, 55, 16, 24, 34, 78, 8, 28, 12, 38, 26, 77, 61, 13, 39, 0)
s = 82: (0, 135, 0, 63, 51, 20, 28, 15, 113, 79, 11, 49, 112, 41, 12, 0, 116, 53, 14, 23, 29, 96, 12, 29, 17, 53, 23, 87, 37, 11, 73, 0)
s = 83: (0, 86, 0, 112, 52, 24, 33, 12, 147, 119, 17, 42, 116, 45, 10, 0, 81, 58, 16, 21, 47, 65, 11, 33, 15, 60, 31, 139, 52, 13, 54, 0)
s = 84: (0, 105, 0, 115, 117, 21, 21, 20, 88, 55, 15, 35, 118, 63, 13, 0, 67, 34, 16, 25, 28, 50, 25, 19, 16, 55, 25, 70, 65, 16, 76, 0)
s = 85: (0, 200, 0, 135, 41, 20, 16, 19, 204, 103, 13, 41, 151, 48, 10, 0, 118, 59, 22, 40, 46, 67, 15, 28, 18, 33, 24, 75, 76, 14, 51, 0)
s = 86: (0, 116, 0, 72, 70, 28, 28, 18, 127, 120, 19, 69, 105, 65, 11, 0, 101, 95, 16, 31, 38, 107, 11, 22, 13, 63, 33, 58, 77, 15, 69, 0)
s = 87: (0, 109, 0, 115, 74, 17, 16, 16, 120, 129, 8, 65, 117, 62, 12, 0, 133, 34, 23, 32, 55, 41, 15, 23, 19, 65, 41, 125, 69, 15, 65, 0)
s = 88: (0, 112, 0, 95, 49, 14, 15, 22, 118, 118, 13, 44, 79, 60, 19, 0, 75, 30, 14, 22, 44, 85, 19, 34, 12, 76, 34, 105, 44, 13, 59, 0)
s = 89: (0, 120, 0, 67, 58, 16, 23, 12, 150, 57, 16, 49, 88, 68, 12, 0, 107, 60, 21, 43, 57, 78, 12, 30, 20, 50, 32, 115, 54, 18, 104, 0)
s = 90: (0, 80, 0, 76, 69, 26, 21, 17, 131, 96, 14, 27, 78, 34, 26, 0, 99, 32, 26, 19, 26, 87, 17, 18, 22, 82, 27, 132, 52, 22, 76, 0)
s = 91: (0, 73, 0, 69, 66, 17, 20, 22, 116, 144, 12, 60, 94, 27, 23, 0, 82, 88, 29, 28, 48, 60, 14, 31, 12, 100, 26, 88, 56, 10, 85, 0)
s = 92: (0, 79, 0, 72, 75, 19, 21, 15, 106, 73, 11, 57, 130, 59, 21, 0, 133, 42, 13, 31, 23, 52, 13, 29, 14, 34, 24, 141, 40, 14, 97, 0)
s = 93: (0, 99, 0, 162, 53, 27, 27, 20, 126, 115, 16, 31, 86, 36, 9, 0, 75, 63, 13, 25, 53, 92, 17, 23, 13, 58, 20, 91, 40, 16, 78, 0)
s = 94: (0, 100, 0, 150, 58, 11, 15, 13, 175, 73, 10, 30, 121, 60, 19, 0, 87, 38, 24, 28, 28, 52, 13, 40, 17, 82, 38, 59, 46, 14, 76, 0)
s = 95: (0, 92, 0, 55, 76, 25, 14, 12, 168, 81, 19, 52, 131, 71, 9, 0, 90, 46, 13, 37, 44, 71, 11, 19, 23, 45, 28, 127, 43, 21, 48, 0)
s = 96: (0, 114, 0, 137, 49, 17, 36, 11, 117, 83, 8, 51, 71, 65, 17, 0, 102, 76, 23, 48, 45, 93, 15, 23, 18, 44, 32, 131, 55, 15, 75, 0)
s = 97: (0, 70, 0, 77, 49, 39, 30, 18, 176, 81, 10, 38, 92, 37, 11, 0, 109, 51, 13, 26, 48, 59, 8, 24, 21, 70, 25, 65, 96, 12, 71, 0)
s = 98: (0, 117, 0, 132, 65, 19, 21, 19, 148, 137, 7, 60, 74, 53, 16, 0, 113, 37, 17, 26, 32, 80, 20, 20, 11, 94, 26, 51, 56, 17, 53, 0)
s = 99: (0, 63, 0, 112, 67, 22, 17, 16, 111, 111, 9, 49, 96, 66, 10, 0, 84, 42, 26, 22, 41, 100, 9, 30, 14, 55, 41, 59, 61, 9, 74, 0)
s = 100: (0, 81, 0, 111, 41, 20, 22, 33, 134, 142, 9, 46, 85, 39, 22, 0, 94, 44, 30, 31, 42, 78, 10, 31, 18, 68, 42, 100, 69, 16, 82, 0)
s = 101: (0, 141, 0, 82, 99, 12, 21, 18, 112, 47, 10, 45, 66, 55, 11, 0, 92, 52, 24, 27, 35, 81, 20, 35, 14, 48, 16, 52, 73, 10, 70, 0)
s = 102: (0, 155, 0, 112, 83, 21, 27, 29, 160, 86, 15, 49, 99, 52, 15, 0, 144, 53, 23, 28, 38, 136, 16, 23, 18, 67, 35, 66, 85, 20, 81, 0)
s = 103: (0, 84, 0, 108, 74, 23, 19, 24, 127, 63, 14, 52, 65, 54, 14, 0, 120, 51, 23, 18, 42, 82, 12, 23, 9, 58, 27, 73, 42, 18, 84, 0)
s = 104: (0, 164, 0, 102, 87, 33, 22, 18, 167, 98, 10, 29, 78, 38, 12, 0, 92, 66, 22, 22, 48, 70, 16, 16, 22, 33, 34, 53, 61, 19, 42, 0)
s = 105: (0, 119, 0, 98, 39, 19, 19, 23, 122, 110, 18, 61, 98, 44, 14, 0, 99, 57, 15, 25, 27, 78, 15, 25, 16, 90, 25, 64, 70, 14, 51, 0)
s = 106: (0, 109, 0, 105, 56, 14, 23, 19, 89, 65, 11, 39, 122, 57, 16, 0, 93, 56, 11, 20, 30, 78, 18, 35, 17, 38, 24, 86, 41, 12, 70, 0)
s = 107: (0, 90, 0, 94, 38, 17, 21, 14, 93, 88, 12, 56, 110, 40, 9, 0, 147, 49, 19, 45, 30, 79, 12, 27, 24, 59, 20, 87, 71, 11, 80, 0)
s = 108: (0, 101, 0, 160, 39, 14, 22, 21, 117, 64, 16, 44, 89, 56, 8, 0, 113, 79, 31, 40, 34, 106, 22, 21, 18, 57, 38, 85, 69, 15, 57, 0)
s = 109: (0, 102, 0, 115, 69, 16, 11, 17, 82, 136, 15, 58, 85, 30, 9, 0, 82, 65, 20, 25, 26, 85, 19, 32, 9, 48, 18, 84, 55, 22, 37, 0)
s = 110: (0, 77, 0, 83, 56, 12, 22, 12, 86, 82, 7, 71, 87, 49, 19, 0, 144, 38, 29, 26, 26, 63, 14, 16, 10, 33, 19, 78, 66, 20, 60, 0)
s = 111: (0, 79, 0, 178, 49, 31, 22, 15, 83, 68, 17, 32, 108, 37, 13, 0, 134, 43, 26, 31, 34, 51, 14, 26, 11, 66, 20, 50, 92, 15, 88, 0)
s = 112: (0, 89, 0, 72, 65, 18, 30, 24, 174, 68, 7, 31, 74, 57, 12, 0, 125, 39, 18, 44, 35, 76, 15, 25, 9, 39, 24, 80, 94, 18, 48, 0)
s = 113: (0, 108, 0, 143, 66, 28, 30, 14, 97, 91, 10, 38, 121, 42, 10, 0, 140, 49, 33, 38, 26, 76, 13, 26, 15, 38, 22, 94, 62, 13, 58, 0)
s = 114: (0, 166, 0, 59, 64, 19, 11, 20, 165, 110, 9, 35, 70, 30, 16, 0, 126, 31, 23, 22, 37, 70, 16, 33, 21, 67, 33, 55, 82, 13, 50, 0)
s = 115: (0, 92, 0, 107, 61, 16, 19, 23, 123, 77, 12, 54, 111, 35, 14, 0, 90, 51, 23, 26, 38, 112, 21, 20, 9, 37, 24, 136, 46, 9, 52, 0)
s = 116: (0, 84, 0, 90, 62, 13, 27, 21, 78, 125, 9, 55, 104, 44, 16, 0, 155, 53, 21, 34, 63, 85, 12, 18, 11, 69, 27, 58, 71, 18, 55, 0)
s = 117: (0, 129, 0, 97, 62, 21, 16, 21, 117, 93, 15, 37, 136, 68, 10, 0, 122, 41, 25, 31, 48, 77, 12, 19, 13, 70, 32, 68, 65, 20, 81, 0)
s = 118: (0, 182, 0, 143, 55, 31, 18, 17, 99, 58, 13, 57, 70, 87, 19, 0, 138, 41, 22, 37, 30, 54, 20, 23, 16, 51, 49, 78, 39, 22, 48, 0)
s = 119: (0, 165, 0, 91, 112, 18, 23, 17, 121, 112, 13, 31, 98, 43, 11, 0, 73, 35, 29, 34, 28, 86, 8, 20, 12, 75, 16, 73, 67, 15, 64, 0)
s = 120: (0, 94, 0, 111, 39, 34, 14, 13, 182, 104, 15, 49, 136, 54, 16, 0, 96, 82, 22, 22, 30, 93, 18, 27, 16, 48, 23, 71, 78, 19, 39, 0)
s = 121: (0, 96, 0, 95, 55, 19, 15, 15, 129, 74, 14, 39, 80, 80, 20, 0, 122, 70, 20, 33, 36, 82, 22, 17, 17, 38, 20, 117, 52, 23, 76, 0)
s = 122: (0, 159, 0, 83, 60, 16, 24, 24, 92, 71, 14, 39, 109, 53, 10, 0, 124, 73, 23, 23, 51, 62, 23, 41, 20, 46, 30, 77, 42, 14, 88, 0)
s = 123: (0, 78, 0, 124, 75, 19, 24, 19, 72, 82, 17, 26, 72, 55, 13, 0, 169, 49, 27, 44, 35, 102, 9, 21, 12, 62, 30, 108, 93, 20, 63, 0)
s = 124: (0, 148, 0, 86, 84, 19, 20, 24, 82, 99, 9, 60, 142, 71, 12, 0, 173, 66, 26, 38, 48, 96, 22, 16, 15, 60, 21, 103, 83, 24, 99, 0)
s = 125: (0, 128, 0, 72, 35, 25, 14, 22, 91, 98, 9, 69, 55, 79, 12, 0, 72, 56, 20, 52, 32, 72, 16, 18, 15, 58, 25, 86, 52, 13, 60, 0)
s = 126: (0, 137, 0, 125, 87, 23, 30, 15, 95, 117, 16, 39, 116, 56, 9, 0, 70, 56, 13, 23, 30, 98, 13, 24, 15, 56, 37, 108, 78, 18, 60, 0)
s = 127: (0, 118, 0, 122, 58, 23, 15, 14, 106, 120, 9, 62, 131, 48, 13, 0, 148, 60, 18, 25, 24, 88, 11, 20, 13, 53, 33, 124, 60, 16, 83, 0)
s = 128: (0, 79, 0, 103, 58, 20, 18, 13, 102, 71, 16, 48, 100, 57, 11, 0, 86, 70, 32, 43, 38, 55, 18, 32, 20, 85, 28, 51, 66, 13, 77, 0)
s = 129: (0, 124, 0, 88, 107, 21, 26, 12, 125, 52, 17, 43, 123, 50, 12, 0, 96, 30, 11, 26, 23, 89, 11, 30, 21, 55, 29, 79, 42, 14, 65, 0)
s = 130: (0, 97, 0, 112, 86, 23, 23, 19, 115, 83, 21, 39, 155, 46, 11, 0, 161, 55, 17, 30, 54, 59, 11, 29, 13, 41, 22, 76, 72, 22, 53, 0)
s = 131: (0, 121, 0, 149, 66, 21, 14, 14, 122, 90, 13, 57, 54, 39, 23, 0, 190, 70, 21, 42, 40, 81, 13, 15, 16, 50, 19, 98, 74, 18, 43, 0)
s = 132: (0, 118, 0, 107, 57, 16, 30, 15, 141, 93, 17, 50, 80, 49, 9, 0, 83, 51, 15, 26, 34, 91, 14, 17, 15, 42, 20, 66, 35, 13, 86, 0)
s = 133: (0, 177, 0, 74, 62, 18, 22, 19, 101, 92, 9, 30, 116, 66, 10, 0, 125, 40, 23, 39, 35, 44, 26, 15, 10, 78, 35, 134, 65, 19, 58, 0)
s = 134: (0, 145, 0, 88, 55, 22, 29, 14, 121, 162, 8, 51, 81, 30, 21, 0, 156, 44, 18, 33, 51, 55, 10, 29, 20, 51, 22, 93, 59, 14, 54, 0)
s = 135: (0, 118, 0, 84, 83, 17, 17, 25, 157, 95, 9, 47, 105, 62, 9, 0, 67, 70, 29, 44, 46, 70, 15, 35, 9, 68, 46, 69, 71, 20, 61, 0)
s = 136: (0, 81, 0, 74, 66, 34, 20, 18, 107, 67, 10, 32, 94, 34, 10, 0, 91, 49, 35, 42, 43, 115, 13, 16, 18, 69, 27, 91, 54, 12, 69, 0)
s = 137: (0, 105, 0, 95, 91, 14, 14, 12, 81, 69, 15, 37, 84, 74, 11, 0, 81, 40, 21, 36, 40, 54, 15, 14, 15, 45, 39, 161, 55, 22, 70, 0)
s = 138: (0, 83, 0, 123, 83, 21, 20, 18, 108, 63, 9, 38, 69, 41, 18, 0, 127, 46, 21, 24, 46, 51, 14, 22, 12, 41, 54, 133, 112, 13, 57, 0)
s = 139: (0, 145, 0, 77, 66, 23, 18, 18, 122, 79, 9, 47, 74, 67, 21, 0, 70, 53, 15, 25, 26, 88, 11, 29, 12, 33, 16, 87, 71, 18, 61, 0)
s = 140: (0, 92, 0, 123, 91, 13, 19, 15, 189, 102, 13, 29, 65, 39, 12, 0, 117, 51, 16, 24, 32, 58, 17, 15, 11, 48, 18, 109, 54, 25, 63, 0)
s = 141: (0, 91, 0, 73, 128, 20, 26, 19, 109, 60, 13, 39, 92, 36, 16, 0, 114, 31, 22, 32, 37, 109, 17, 21, 14, 71, 30, 102, 83, 15, 49, 0)
s = 142: (0, 62, 0, 117, 88, 19, 20, 14, 95, 56, 18, 41, 125, 58, 15, 0, 92, 72, 17, 28, 37, 70, 18, 17, 17, 76, 31, 84, 35, 11, 39, 0)
s = 143: (0, 109, 0, 74, 82, 26, 24, 21, 146, 60, 7, 40, 72, 57, 16, 0, 105, 45, 18, 35, 31, 68, 18, 21, 18, 50, 24, 57, 63, 12, 48, 0)
s = 144: (0, 108, 0, 81, 45, 16, 26, 22, 148, 49, 11, 56, 131, 45, 11, 0, 61, 76, 28, 41, 31, 73, 20, 20, 16, 62, 37, 110, 51, 15, 39, 0)
s = 145: (0, 83, 0, 57, 50, 16, 29, 21, 106, 67, 7, 31, 129, 64, 14, 0, 146, 43, 32, 22, 38, 65, 14, 30, 18, 39, 23, 104, 67, 20, 69, 0)
s = 146: (0, 154, 0, 89, 76, 18, 23, 22, 89, 69, 9, 63, 85, 49, 11, 0, 137, 37, 24, 29, 31, 80, 13, 16, 14, 67, 39, 88, 73, 13, 62, 0)
s = 147: (0, 154, 0, 107, 42, 20, 21, 26, 173, 131, 13, 52, 58, 38, 8, 0, 106, 58, 21, 18, 30, 88, 11, 19, 9, 56, 24, 72, 79, 24, 43, 0)
s = 148: (0, 120, 0, 104, 59, 23, 17, 17, 108, 97, 11, 29, 68, 83, 10, 0, 168, 58, 17, 25, 30, 75, 16, 27, 14, 42, 21, 72, 57, 18, 39, 0)
s = 149: (0, 80, 0, 101, 86, 23, 16, 14, 103, 82, 9, 30, 104, 44, 14, 0, 99, 60, 28, 38, 34, 66, 14, 24, 13, 71, 19, 90, 49, 14, 47, 0)
s = 150: (0, 90, 0, 109, 64, 18, 15, 10, 124, 94, 13, 37, 100, 42, 21, 0, 150, 36, 16, 46, 27, 91, 13, 16, 23, 67, 27, 89, 95, 22, 48, 0)
s = 151: (0, 83, 0, 142, 51, 30, 19, 21, 97, 87, 10, 45, 122, 30, 17, 0, 152, 74, 26, 32, 39, 41, 18, 23, 11, 50, 21, 75, 47, 20, 49, 0)
s = 152: (0, 102, 0, 64, 72, 17, 18, 22, 85, 71, 8, 57, 60, 37, 10, 0, 92, 40, 14, 24, 51, 68, 10, 21, 14, 50, 20, 83, 50, 21, 52, 0)
s = 153: (0, 131, 0, 120, 80, 27, 25, 21, 80, 119, 13, 51, 56, 73, 16, 0, 106, 48, 20, 24, 45, 51, 20, 19, 11, 72, 27, 106, 41, 10, 55, 0)
s = 154: (0, 91, 0, 89, 115, 18, 15, 13, 186, 83, 13, 56, 102, 31, 13, 0, 106, 48, 22, 25, 22, 88, 17, 35, 18, 64, 32, 115, 44, 17, 119, 0)
s = 155: (0, 107, 0, 118, 37, 17, 15, 11, 118, 74, 8, 42, 105, 60, 17, 0, 78, 44, 26, 37, 27, 91, 12, 17, 15, 69, 24, 78, 55, 17, 53, 0)
s = 156: (0, 83, 0, 164, 54, 29, 14, 21, 113, 87, 9, 49, 101, 49, 23, 0, 120, 76, 25, 41, 44, 98, 20, 23, 14, 49, 41, 167, 50, 14, 71, 0)
s = 157: (0, 165, 0, 115, 43, 14, 20, 27, 107, 55, 9, 25, 109, 94, 13, 0, 127, 31, 15, 29, 46, 68, 9, 29, 13, 39, 26, 66, 76, 15, 54, 0)
s = 158: (0, 63, 0, 96, 69, 14, 17, 16, 73, 116, 9, 46, 78, 57, 12, 0, 127, 41, 21, 31, 46, 79, 18, 30, 12, 60, 31, 80, 76, 16, 94, 0)
s = 159: (0, 205, 0, 86, 92, 20, 26, 30, 131, 75, 10, 40, 113, 49, 9, 0, 128, 60, 14, 46, 40, 55, 15, 18, 16, 37, 30, 67, 73, 16, 73, 0)
s = 160: (0, 105, 0, 103, 62, 25, 16, 22, 175, 134, 14, 59, 106, 78, 11, 0, 109, 34, 15, 30, 33, 74, 14, 14, 10, 55, 21, 53, 45, 18, 52, 0)
s = 161: (0, 96, 0, 120, 74, 23, 14, 16, 129, 87, 7, 42, 87, 51, 10, 0, 103, 47, 20, 27, 47, 65, 13, 20, 11, 48, 46, 132, 81, 19, 59, 0)
s = 162: (0, 143, 0, 117, 65, 24, 14, 12, 116, 133, 8, 24, 122, 40, 10, 0, 100, 34, 26, 21, 53, 65, 11, 25, 18, 53, 32, 70, 54, 19, 89, 0)
s = 163: (0, 74, 0, 117, 75, 21, 23, 21, 98, 100, 11, 54, 98, 51, 8, 0, 128, 47, 13, 21, 27, 77, 25, 26, 18, 81, 29, 63, 58, 16, 41, 0)
s = 164: (0, 141, 0, 199, 113, 18, 19, 17, 171, 108, 16, 28, 89, 50, 19, 0, 72, 50, 11, 22, 57, 81, 14, 17, 11, 71, 23, 95, 44, 14, 59, 0)
s = 165: (0, 140, 0, 76, 55, 32, 14, 13, 169, 90, 14, 42, 94, 43, 26, 0, 78, 60, 32, 26, 23, 70, 18, 26, 12, 100, 32, 71, 84, 12, 63, 0)
s = 166: (0, 146, 0, 109, 56, 25, 18, 22, 115, 64, 10, 54, 66, 40, 12, 0, 134, 32, 18, 42, 43, 108, 15, 27, 20, 44, 41, 63, 51, 14, 85, 0)
s = 167: (0, 100, 0, 103, 69, 14, 18, 17, 107, 92, 13, 31, 123, 46, 15, 0, 74, 53, 13, 19, 38, 101, 21, 32, 19, 60, 28, 63, 88, 12, 55, 0)
s = 168: (0, 92, 0, 58, 45, 18, 17, 22, 79, 60, 11, 50, 94, 37, 15, 0, 88, 47, 27, 24, 29, 61, 14, 21, 18, 33, 33, 68, 55, 10, 57, 0)
s = 169: (0, 159, 0, 96, 57, 17, 14, 19, 94, 134, 14, 38, 60, 35, 16, 0, 105, 55, 27, 20, 48, 148, 18, 21, 12, 61, 33, 111, 67, 25, 52, 0)
s = 170: (0, 85, 0, 97, 85, 14, 19, 30, 85, 63, 12, 37, 126, 54, 14, 0, 115, 36, 28, 42, 23, 65, 18, 28, 18, 59, 28, 117, 77, 24, 45, 0)
s = 171: (0, 117, 0, 86, 107, 31, 16, 12, 195, 116, 16, 48, 97, 69, 17, 0, 103, 39, 24, 16, 35, 63, 17, 31, 10, 41, 44, 63, 46, 17, 57, 0)
s = 172: (0, 203, 0, 154, 94, 21, 12, 16, 72, 77, 8, 75, 79, 66, 12, 0, 127, 36, 12, 29, 44, 77, 14, 22, 13, 63, 36, 65, 83, 13, 59, 0)
s = 173: (0, 101, 0, 161, 46, 16, 25, 18, 146, 49, 10, 50, 127, 64, 17, 0, 139, 50, 17, 42, 28, 88, 15, 34, 18, 53, 37, 112, 39, 17, 50, 0)
s = 174: (0, 112, 0, 128, 39, 22, 14, 29, 95, 86, 12, 63, 106, 46, 23, 0, 107, 65, 25, 18, 56, 111, 16, 15, 12, 61, 38, 101, 57, 21, 49, 0)
s = 175: (0, 111, 0, 64, 69, 21, 17, 12, 124, 87, 10, 50, 120, 75, 26, 0, 103, 38, 20, 33, 29, 118, 15, 21, 9, 58, 17, 72, 72, 16, 45, 0)
s = 176: (0, 91, 0, 97, 93, 21, 21, 17, 73, 109, 14, 47, 157, 28, 13, 0, 77, 40, 19, 23, 21, 69, 12, 24, 15, 31, 29, 97, 53, 12, 81, 0)
s = 177: (0, 89, 0, 120, 72, 18, 19, 26, 100, 71, 15, 45, 98, 50, 13, 0, 127, 44, 12, 29, 42, 107, 10, 19, 18, 56, 24, 51, 118, 20, 53, 0)
s = 178: (0, 88, 0, 76, 47, 20, 14, 15, 98, 89, 9, 31, 58, 35, 12, 0, 84, 42, 16, 19, 36, 79, 13, 26, 18, 76, 38, 93, 46, 17, 75, 0)
s = 179: (0, 112, 0, 87, 45, 28, 16, 18, 85, 87, 18, 57, 111, 76, 10, 0, 82, 50, 14, 31, 32, 74, 19, 29, 18, 48, 22, 58, 61, 13, 54, 0)
s = 180: (0, 137, 0, 76, 72, 23, 19, 25, 98, 87, 9, 49, 90, 58, 19, 0, 113, 38, 22, 29, 29, 58, 11, 42, 11, 46, 44, 87, 37, 12, 71, 0)
s = 181: (0, 71, 0, 132, 63, 15, 15, 24, 127, 115, 12, 63, 118, 76, 12, 0, 163, 36, 16, 41, 20, 71, 10, 16, 18, 31, 27, 114, 78, 21, 39, 0)
s = 182: (0, 143, 0, 151, 60, 23, 23, 24, 100, 74, 11, 38, 73, 40, 14, 0, 69, 80, 14, 33, 35, 48, 15, 26, 20, 35, 28, 120, 66, 14, 74, 0)
s = 183: (0, 116, 0, 98, 57, 12, 18, 21, 106, 73, 12, 39, 112, 41, 13, 0, 75, 38, 20, 43, 26, 94, 11, 35, 12, 65, 29, 64, 122, 14, 84, 0)
s = 184: (0, 115, 0, 75, 45, 12, 22, 17, 74, 124, 7, 49, 136, 65, 18, 0, 118, 33, 33, 31, 33, 113, 22, 32, 24, 34, 32, 66, 67, 16, 82, 0)
s = 185: (0, 152, 0, 142, 47, 14, 27, 28, 107, 73, 11, 36, 162, 77, 13, 0, 65, 61, 29, 40, 43, 108, 10, 30, 9, 60, 32, 62, 58, 14, 62, 0)
s = 186: (0, 99, 0, 64, 63, 24, 23, 13, 122, 104, 20, 48, 102, 35, 9, 0, 98, 56, 18, 25, 50, 51, 13, 30, 11, 61, 34, 122, 53, 18, 64, 0)
s = 187: (0, 215, 0, 84, 74, 16, 19, 13, 187, 74, 9, 68, 144, 37, 24, 0, 87, 41, 18, 41, 32, 97, 17, 21, 14, 64, 23, 85, 56, 11, 63, 0)
s = 188: (0, 111, 0, 123, 48, 21, 33, 15, 122, 70, 11, 61, 96, 63, 10, 0, 116, 34, 19, 28, 53, 109, 18, 21, 17, 32, 33, 66, 102, 21, 65, 0)
s = 189: (0, 114, 0, 113, 78, 21, 30, 16, 139, 94, 8, 38, 99, 59, 13, 0, 169, 54, 13, 22, 30, 92, 15, 16, 11, 99, 28, 131, 63, 20, 55, 0)
s = 190: (0, 100, 0, 151, 49, 16, 28, 21, 142, 74, 9, 27, 94, 72, 18, 0, 140, 43, 23, 26, 27, 84, 17, 22, 17, 35, 16, 84, 67, 12, 71, 0)
s = 191: (0, 86, 0, 163, 47, 21, 20, 16, 139, 121, 15, 31, 120, 63, 12, 0, 139, 36, 18, 27, 26, 65, 11, 35, 18, 39, 30, 85, 95, 14, 58, 0)
s = 192: (0, 118, 0, 68, 52, 18, 17, 12, 183, 65, 10, 46, 103, 41, 14, 0, 110, 34, 19, 38, 55, 56, 11, 22, 17, 82, 26, 57, 59, 15, 64, 0)
s = 193: (0, 72, 0, 146, 41, 27, 16, 12, 129, 123, 15, 37, 80, 54, 16, 0, 85, 40, 16, 45, 28, 114, 15, 14, 19, 44, 19, 61, 57, 11, 61, 0)
s = 194: (0, 70, 0, 105, 92, 15, 13, 17, 102, 95, 16, 41, 96, 46, 11, 0, 138, 40, 15, 26, 34, 83, 22, 41, 18, 65, 38, 72, 56, 13, 65, 0)
s = 195: (0, 123, 0, 144, 63, 29, 14, 19, 80, 93, 13, 45, 75, 52, 14, 0, 122, 67, 18, 31, 36, 64, 11, 19, 23, 45, 16, 88, 74, 12, 52, 0)
s = 196: (0, 120, 0, 116, 80, 20, 24, 27, 163, 102, 15, 46, 173, 39, 10, 0, 80, 45, 23, 26, 43, 72, 15, 34, 13, 60, 21, 64, 68, 22, 49, 0)
s = 197: (0, 63, 0, 123, 101, 14, 34, 15, 71, 57, 14, 38, 101, 58, 18, 0, 78, 57, 25, 23, 37, 58, 13, 19, 14, 67, 20, 54, 44, 13, 64, 0)
s = 198: (0, 70, 0, 148, 44, 20, 12, 17, 123, 97, 11, 41, 84, 78, 10, 0, 116, 49, 23, 22, 33, 68, 17, 19, 18, 57, 38, 98, 60, 12, 102, 0)
s = 199: (0, 60, 0, 134, 77, 23, 24, 16, 87, 57, 14, 47, 84, 48, 18, 0, 88, 62, 19, 32, 36, 69, 11, 17, 11, 39, 17, 62, 56, 21, 42, 0)
s = 200: (0, 130, 0, 70, 46, 12, 26, 22, 109, 54, 14, 28, 89, 60, 10, 0, 82, 46, 30, 27, 56, 64, 11, 41, 25, 82, 20, 71, 43, 19, 82, 0)
------------------------------------------------------------------------
RESOURCE k = 2
s = 1: (0, 0, 14, 98, 130, 36, 42, 0, 12, 26, 13, 0, 64, 47, 3, 24, 114, 58, 71, 17, 48, 72, 58, 33, 76, 49, 9, 13, 65, 22, 101, 0)
s = 2: (0, 0, 15, 75, 120, 61, 38, 0, 28, 26, 21, 0, 101, 66, 2, 14, 70, 64, 95, 20, 23, 39, 68, 45, 85, 25, 12, 15, 57, 41, 153, 0)
s = 3: (0, 0, 13, 120, 101, 58, 38, 0, 16, 36, 15, 0, 51, 44, 3, 13, 96, 38, 58, 14, 31, 54, 95, 32, 68, 53, 15, 19, 45, 20, 137, 0)
s = 4: (0, 0, 16, 92, 77, 69, 31, 0, 16, 43, 18, 0, 59, 67, 2, 15, 81, 48, 118, 18, 30, 58, 103, 32, 89, 28, 17, 16, 48, 33, 103, 0)
s = 5: (0, 0, 11, 83, 81, 68, 31, 0, 26, 36, 19, 0, 44, 87, 2, 12, 96, 68, 59, 27, 43, 49, 75, 38, 136, 53, 12, 12, 67, 19, 101, 0)
s = 6: (0, 0, 17, 52, 68, 68, 34, 0, 25, 41, 16, 0, 43, 54, 2, 17, 111, 45, 94, 16, 32, 61, 101, 68, 90, 23, 10, 13, 102, 33, 157, 0)
s = 7: (0, 0, 11, 127, 61, 77, 50, 0, 20, 31, 12, 0, 78, 35, 2, 20, 75, 51, 70, 34, 28, 57, 162, 57, 133, 46, 10, 14, 73, 25, 93, 0)
s = 8: (0, 0, 13, 76, 87, 90, 24, 0, 14, 42, 13, 0, 37, 53, 2, 16, 119, 65, 100, 34, 20, 34, 73, 32, 114, 38, 9, 18, 103, 33, 65, 0)
s = 9: (0, 0, 22, 87, 114, 62, 40, 0, 15, 41, 22, 0, 43, 47, 3, 23, 80, 31, 94, 13, 38, 47, 136, 43, 94, 36, 10, 14, 72, 45, 74, 0)
s = 10: (0, 0, 9, 48, 126, 55, 45, 0, 23, 26, 31, 0, 51, 46, 2, 14, 76, 77, 79, 27, 32, 41, 157, 33, 82, 24, 20, 10, 45, 28, 80, 0)
s = 11: (0, 0, 9, 87, 85, 70, 28, 0, 14, 36, 10, 0, 38, 69, 4, 22, 79, 54, 69, 28, 38, 70, 90, 58, 101, 28, 10, 12, 45, 52, 104, 0)
s = 12: (0, 0, 11, 126, 65, 68, 56, 0, 19, 45, 24, 0, 31, 45, 3, 12, 126, 50, 86, 14, 36, 53, 107, 47, 120, 58, 18, 12, 93, 18, 79, 0)
s = 13: (0, 0, 12, 88, 76, 47, 62, 0, 19, 51, 13, 0, 49, 56, 4, 14, 84, 40, 104, 19, 26, 54, 92, 72, 165, 51, 15, 15, 69, 18, 68, 0)
s = 14: (0, 0, 13, 71, 86, 52, 42, 0, 17, 38, 16, 0, 78, 56, 3, 17, 131, 49, 55, 21, 20, 50, 70, 38, 93, 36, 15, 26, 67, 27, 73, 0)
s = 15: (0, 0, 9, 76, 49, 72, 31, 0, 25, 52, 15, 0, 47, 88, 2, 21, 121, 58, 145, 13, 26, 36, 92, 29, 132, 34, 15, 12, 64, 34, 85, 0)
s = 16: (0, 0, 14, 44, 129, 64, 46, 0, 20, 20, 28, 0, 75, 75, 2, 27, 77, 41, 90, 15, 48, 79, 129, 61, 82, 34, 11, 27, 127, 30, 73, 0)
s = 17: (0, 0, 22, 116, 95, 52, 41, 0, 15, 53, 22, 0, 63, 60, 3, 34, 100, 56, 74, 18, 37, 60, 133, 47, 112, 26, 14, 16, 96, 20, 57, 0)
s = 18: (0, 0, 19, 110, 79, 39, 24, 0, 16, 44, 30, 0, 75, 76, 2, 19, 159, 70, 113, 18, 19, 34, 125, 29, 84, 36, 16, 23, 53, 37, 109, 0)
s = 19: (0, 0, 19, 79, 91, 42, 36, 0, 13, 45, 26, 0, 59, 58, 3, 21, 99, 61, 115, 17, 23, 33, 92, 46, 70, 33, 14, 21, 74, 25, 83, 0)
s = 20: (0, 0, 13, 71, 72, 32, 55, 0, 31, 30, 18, 0, 54, 50, 3, 17, 100, 43, 74, 29, 29, 41, 104, 41, 138, 32, 12, 14, 59, 34, 75, 0)
s = 21: (0, 0, 20, 67, 75, 72, 58, 0, 25, 38, 20, 0, 61, 81, 2, 26, 77, 77, 46, 14, 53, 64, 180, 34, 85, 30, 11, 17, 49, 42, 73, 0)
s = 22: (0, 0, 11, 140, 67, 50, 31, 0, 12, 65, 24, 0, 41, 75, 2, 32, 158, 42, 132, 16, 28, 73, 104, 41, 62, 48, 13, 21, 66, 35, 106, 0)
s = 23: (0, 0, 10, 57, 112, 67, 27, 0, 15, 50, 15, 0, 64, 40, 2, 19, 88, 36, 106, 16, 33, 71, 123, 40, 130, 30, 12, 22, 76, 28, 124, 0)
s = 24: (0, 0, 13, 122, 67, 46, 55, 0, 28, 45, 11, 0, 62, 31, 2, 16, 92, 58, 63, 17, 28, 45, 119, 52, 122, 35, 13, 22, 53, 22, 144, 0)
s = 25: (0, 0, 19, 74, 64, 42, 30, 0, 15, 28, 24, 0, 43, 38, 2, 16, 184, 82, 136, 17, 39, 61, 104, 33, 92, 45, 18, 22, 93, 32, 84, 0)
s = 26: (0, 0, 10, 83, 65, 52, 26, 0, 18, 39, 13, 0, 56, 35, 2, 20, 155, 73, 91, 25, 36, 43, 168, 41, 89, 21, 17, 14, 85, 23, 129, 0)
s = 27: (0, 0, 11, 75, 116, 76, 32, 0, 25, 30, 14, 0, 63, 39, 3, 14, 107, 64, 74, 21, 29, 41, 98, 43, 88, 43, 17, 19, 49, 26, 71, 0)
s = 28: (0, 0, 12, 54, 115, 80, 45, 0, 13, 39, 21, 0, 56, 30, 3, 21, 126, 48, 95, 18, 42, 30, 147, 35, 85, 28, 11, 11, 64, 24, 83, 0)
s = 29: (0, 0, 13, 56, 52, 78, 52, 0, 14, 28, 25, 0, 43, 42, 3, 15, 118, 35, 62, 26, 38, 49, 65, 37, 148, 29, 21, 20, 99, 19, 92, 0)
s = 30: (0, 0, 12, 59, 105, 88, 35, 0, 17, 53, 16, 0, 49, 35, 3, 16, 78, 74, 98, 22, 32, 62, 145, 40, 94, 56, 15, 15, 45, 20, 129, 0)
s = 31: (0, 0, 14, 111, 78, 45, 56, 0, 15, 35, 14, 0, 43, 54, 2, 21, 154, 50, 48, 14, 35, 47, 146, 36, 79, 36, 17, 22, 59, 28, 94, 0)
s = 32: (0, 0, 12, 122, 59, 40, 61, 0, 25, 25, 12, 0, 50, 44, 2, 22, 121, 53, 118, 27, 29, 52, 91, 39, 126, 23, 17, 11, 106, 24, 70, 0)
s = 33: (0, 0, 9, 71, 95, 77, 35, 0, 26, 34, 12, 0, 51, 37, 2, 17, 139, 70, 99, 29, 46, 47, 104, 28, 66, 35, 14, 22, 69, 29, 76, 0)
s = 34: (0, 0, 19, 118, 94, 47, 37, 0, 20, 30, 17, 0, 51, 55, 2, 22, 114, 55, 101, 23, 34, 48, 110, 36, 122, 45, 21, 12, 48, 25, 166, 0)
s = 35: (0, 0, 14, 117, 56, 54, 26, 0, 27, 52, 30, 0, 61, 59, 2, 20, 139, 44, 79, 16, 40, 53, 113, 55, 102, 55, 10, 22, 69, 29, 78, 0)
s = 36: (0, 0, 11, 52, 94, 74, 38, 0, 13, 44, 22, 0, 92, 47, 2, 15, 99, 70, 70, 17, 22, 38, 86, 55, 91, 25, 15, 11, 58, 32, 62, 0)
s = 37: (0, 0, 17, 99, 79, 63, 36, 0, 20, 58, 18, 0, 54, 52, 2, 16, 86, 81, 107, 22, 30, 40, 94, 46, 104, 25, 22, 17, 72, 23, 70, 0)
s = 38: (0, 0, 19, 131, 85, 59, 62, 0, 24, 47, 18, 0, 31, 49, 2, 16, 185, 50, 91, 27, 18, 69, 102, 61, 76, 45, 18, 13, 73, 35, 105, 0)
s = 39: (0, 0, 18, 88, 80, 43, 72, 0, 23, 50, 23, 0, 46, 94, 4, 17, 87, 43, 133, 24, 26, 71, 136, 53, 114, 43, 15, 24, 40, 29, 80, 0)
s = 40: (0, 0, 17, 93, 80, 39, 47, 0, 12, 33, 21, 0, 55, 46, 2, 22, 66, 40, 118, 27, 20, 64, 223, 37, 59, 39, 23, 13, 46, 23, 95, 0)
s = 41: (0, 0, 12, 83, 63, 62, 35, 0, 19, 34, 10, 0, 33, 66, 3, 31, 143, 58, 103, 14, 28, 43, 129, 67, 113, 27, 18, 16, 48, 27, 154, 0)
s = 42: (0, 0, 14, 99, 127, 70, 50, 0, 13, 25, 29, 0, 56, 31, 2, 23, 88, 59, 93, 19, 26, 34, 108, 30, 109, 21, 14, 15, 58, 29, 56, 0)
s = 43: (0, 0, 15, 50, 50, 76, 58, 0, 18, 41, 21, 0, 55, 53, 3, 17, 80, 54, 98, 19, 32, 58, 117, 46, 85, 25, 13, 23, 68, 25, 94, 0)
s = 44: (0, 0, 22, 62, 62, 85, 39, 0, 20, 38, 17, 0, 38, 64, 3, 13, 57, 70, 83, 25, 34, 86, 70, 48, 98, 35, 11, 16, 101, 29, 69, 0)
s = 45: (0, 0, 12, 67, 79, 43, 47, 0, 16, 47, 16, 0, 73, 71, 2, 24, 122, 67, 68, 24, 19, 34, 171, 34, 82, 37, 20, 24, 113, 24, 139, 0)
s = 46: (0, 0, 13, 119, 88, 83, 55, 0, 14, 21, 24, 0, 52, 69, 2, 18, 80, 52, 95, 20, 37, 54, 99, 24, 69, 37, 14, 15, 76, 31, 81, 0)
s = 47: (0, 0, 19, 63, 110, 69, 21, 0, 29, 31, 23, 0, 50, 47, 3, 18, 83, 42, 59, 21, 42, 51, 74, 35, 168, 45, 10, 13, 56, 28, 107, 0)
s = 48: (0, 0, 16, 73, 69, 82, 30, 0, 26, 40, 16, 0, 55, 44, 3, 24, 90, 77, 82, 24, 24, 41, 101, 26, 62, 52, 11, 15, 57, 34, 86, 0)
s = 49: (0, 0, 10, 76, 74, 104, 37, 0, 19, 48, 18, 0, 49, 77, 2, 17, 114, 82, 90, 14, 31, 69, 125, 25, 124, 32, 14, 15, 49, 32, 92, 0)
s = 50: (0, 0, 18, 65, 66, 55, 44, 0, 26, 24, 17, 0, 44, 51, 2, 14, 82, 67, 86, 22, 35, 35, 163, 40, 109, 25, 18, 21, 64, 27, 60, 0)
s = 51: (0, 0, 13, 132, 90, 54, 24, 0, 11, 47, 16, 0, 59, 70, 2, 18, 123, 64, 86, 15, 21, 64, 70, 38, 69, 33, 13, 11, 53, 23, 113, 0)
s = 52: (0, 0, 12, 60, 61, 110, 47, 0, 25, 61, 11, 0, 38, 63, 2, 15, 68, 56, 93, 15, 27, 34, 110, 22, 95, 46, 9, 14, 62, 38, 114, 0)
s = 53: (0, 0, 11, 46, 67, 62, 27, 0, 15, 24, 16, 0, 63, 51, 3, 21, 119, 62, 77, 13, 38, 73, 156, 39, 74, 61, 21, 15, 134, 40, 81, 0)
s = 54: (0, 0, 11, 67, 70, 56, 44, 0, 33, 39, 14, 0, 73, 46, 3, 13, 128, 44, 56, 25, 32, 71, 62, 58, 70, 39, 9, 16, 106, 40, 84, 0)
s = 55: (0, 0, 13, 103, 79, 61, 30, 0, 17, 45, 16, 0, 79, 30, 2, 20, 115, 76, 73, 32, 22, 62, 118, 35, 99, 30, 13, 19, 51, 27, 128, 0)
s = 56: (0, 0, 17, 77, 54, 73, 64, 0, 16, 26, 15, 0, 33, 55, 4, 21, 162, 69, 134, 21, 29, 45, 126, 48, 61, 24, 10, 22, 134, 26, 94, 0)
s = 57: (0, 0, 18, 109, 78, 57, 52, 0, 15, 39, 11, 0, 49, 53, 2, 20, 93, 81, 93, 23, 45, 38, 106, 45, 104, 60, 21, 11, 52, 36, 111, 0)
s = 58: (0, 0, 11, 58, 104, 62, 31, 0, 14, 27, 19, 0, 74, 47, 2, 12, 80, 60, 59, 20, 44, 34, 123, 46, 94, 20, 17, 14, 80, 28, 91, 0)
s = 59: (0, 0, 15, 62, 105, 71, 41, 0, 12, 47, 20, 0, 47, 60, 2, 18, 79, 58, 102, 15, 29, 43, 177, 37, 59, 50, 15, 21, 54, 25, 103, 0)
s = 60: (0, 0, 10, 86, 120, 57, 48, 0, 19, 35, 18, 0, 39, 53, 2, 22, 150, 50, 98, 25, 42, 60, 157, 41, 80, 33, 9, 13, 67, 23, 78, 0)
s = 61: (0, 0, 20, 112, 129, 54, 43, 0, 18, 33, 17, 0, 63, 69, 2, 15, 164, 38, 68, 20, 40, 52, 128, 27, 109, 49, 22, 21, 93, 18, 78, 0)
s = 62: (0, 0, 20, 84, 61, 41, 38, 0, 28, 26, 17, 0, 62, 63, 2, 13, 90, 63, 80, 14, 33, 48, 92, 34, 122, 43, 17, 17, 55, 47, 54, 0)
s = 63: (0, 0, 16, 100, 114, 53, 39, 0, 14, 43, 28, 0, 64, 51, 2, 32, 90, 73, 69, 16, 22, 62, 124, 35, 81, 40, 14, 13, 68, 33, 56, 0)
s = 64: (0, 0, 15, 88, 52, 37, 32, 0, 17, 41, 13, 0, 62, 52, 3, 29, 108, 71, 92, 14, 19, 50, 104, 28, 59, 19, 16, 13, 74, 29, 63, 0)
s = 65: (0, 0, 10, 103, 87, 34, 28, 0, 22, 43, 21, 0, 67, 54, 3, 12, 79, 66, 65, 24, 39, 60, 95, 51, 83, 36, 13, 15, 75, 30, 95, 0)
s = 66: (0, 0, 12, 94, 117, 56, 24, 0, 13, 44, 15, 0, 42, 50, 2, 21, 78, 51, 65, 19, 26, 54, 67, 24, 85, 26, 14, 13, 52, 29, 90, 0)
s = 67: (0, 0, 12, 55, 84, 41, 21, 0, 15, 43, 17, 0, 53, 39, 2, 15, 151, 46, 59, 17, 23, 42, 160, 30, 102, 40, 11, 13, 53, 35, 87, 0)
s = 68: (0, 0, 22, 79, 74, 102, 47, 0, 14, 46, 27, 0, 34, 46, 2, 21, 81, 45, 71, 21, 31, 44, 89, 38, 91, 52, 15, 29, 68, 29, 75, 0)
s = 69: (0, 0, 13, 75, 134, 39, 20, 0, 18, 38, 16, 0, 56, 34, 2, 15, 74, 41, 94, 14, 29, 28, 151, 36, 118, 24, 8, 12, 63, 25, 110, 0)
s = 70: (0, 0, 9, 67, 63, 49, 27, 0, 12, 32, 28, 0, 48, 57, 4, 15, 110, 47, 73, 15, 21, 59, 92, 35, 87, 29, 13, 12, 58, 25, 74, 0)
s = 71: (0, 0, 10, 95, 70, 64, 20, 0, 15, 25, 21, 0, 70, 76, 2, 21, 129, 66, 53, 11, 20, 48, 82, 37, 120, 34, 16, 15, 56, 25, 71, 0)
s = 72: (0, 0, 19, 52, 66, 44, 42, 0, 21, 48, 12, 0, 68, 39, 3, 25, 118, 68, 114, 17, 33, 29, 93, 51, 95, 53, 24, 26, 46, 25, 70, 0)
s = 73: (0, 0, 11, 56, 71, 90, 29, 0, 14, 44, 17, 0, 58, 93, 2, 11, 90, 72, 68, 22, 26, 28, 61, 44, 68, 36, 10, 11, 67, 45, 99, 0)
s = 74: (0, 0, 15, 76, 46, 41, 53, 0, 23, 26, 15, 0, 49, 44, 3, 15, 88, 66, 77, 27, 26, 28, 148, 40, 88, 44, 14, 20, 78, 33, 114, 0)
s = 75: (0, 0, 14, 78, 95, 74, 34, 0, 24, 38, 20, 0, 51, 76, 3, 20, 139, 69, 103, 19, 21, 39, 137, 59, 133, 57, 23, 17, 85, 19, 109, 0)
s = 76: (0, 0, 11, 41, 103, 43, 52, 0, 19, 44, 17, 0, 65, 48, 2, 14, 115, 79, 104, 22, 34, 54, 144, 29, 111, 42, 16, 12, 82, 48, 104, 0)
s = 77: (0, 0, 14, 120, 53, 55, 33, 0, 23, 26, 26, 0, 60, 49, 2, 12, 132, 76, 84, 16, 21, 48, 99, 54, 141, 24, 11, 10, 91, 20, 90, 0)
s = 78: (0, 0, 12, 141, 69, 65, 30, 0, 17, 32, 23, 0, 76, 60, 3, 15, 97, 53, 112, 20, 52, 64, 93, 61, 57, 50, 15, 13, 54, 24, 67, 0)
s = 79: (0, 0, 21, 88, 95, 55, 46, 0, 17, 30, 16, 0, 47, 59, 4, 31, 70, 56, 56, 18, 26, 37, 137, 30, 174, 39, 18, 18, 64, 36, 125, 0)
s = 80: (0, 0, 12, 79, 79, 51, 30, 0, 13, 44, 20, 0, 51, 43, 2, 16, 160, 54, 104, 18, 23, 41, 75, 41, 121, 49, 15, 14, 79, 21, 66, 0)
s = 81: (0, 0, 12, 49, 126, 97, 28, 0, 18, 45, 27, 0, 47, 39, 2, 20, 97, 61, 70, 16, 30, 48, 63, 44, 87, 24, 13, 14, 69, 22, 61, 0)
s = 82: (0, 0, 11, 48, 68, 59, 50, 0, 17, 32, 17, 0, 66, 46, 2, 19, 109, 59, 63, 15, 26, 59, 95, 45, 127, 33, 12, 16, 42, 19, 114, 0)
s = 83: (0, 0, 12, 86, 70, 72, 60, 0, 21, 48, 27, 0, 68, 52, 2, 22, 76, 65, 71, 14, 42, 40, 84, 53, 106, 38, 16, 26, 58, 22, 84, 0)
s = 84: (0, 0, 11, 89, 156, 63, 38, 0, 13, 22, 24, 0, 69, 72, 2, 13, 63, 37, 70, 17, 25, 31, 193, 30, 120, 35, 13, 13, 73, 28, 119, 0)
s = 85: (0, 0, 22, 104, 55, 60, 29, 0, 30, 42, 21, 0, 88, 54, 2, 17, 110, 66, 96, 27, 41, 41, 115, 44, 132, 21, 12, 14, 86, 25, 80, 0)
s = 86: (0, 0, 17, 56, 93, 82, 49, 0, 19, 48, 31, 0, 61, 75, 2, 20, 95, 106, 72, 21, 34, 66, 82, 34, 95, 40, 17, 11, 87, 27, 109, 0)
s = 87: (0, 0, 15, 89, 99, 51, 28, 0, 18, 52, 13, 0, 69, 70, 2, 18, 125, 38, 102, 21, 49, 26, 116, 36, 139, 41, 21, 23, 78, 25, 101, 0)
s = 88: (0, 0, 19, 73, 65, 42, 27, 0, 17, 47, 21, 0, 46, 69, 3, 14, 70, 33, 59, 15, 39, 52, 150, 55, 85, 48, 17, 20, 49, 22, 92, 0)
s = 89: (0, 0, 9, 52, 77, 47, 41, 0, 22, 23, 25, 0, 51, 78, 2, 15, 100, 67, 93, 29, 51, 48, 90, 47, 149, 32, 16, 21, 61, 31, 163, 0)
s = 90: (0, 0, 15, 59, 91, 76, 38, 0, 19, 39, 23, 0, 46, 38, 4, 13, 92, 35, 114, 13, 23, 54, 129, 29, 160, 52, 14, 24, 59, 38, 118, 0)
s = 91: (0, 0, 18, 53, 88, 50, 36, 0, 17, 58, 19, 0, 55, 31, 4, 15, 77, 98, 128, 19, 43, 37, 108, 50, 87, 63, 13, 16, 63, 17, 134, 0)
s = 92: (0, 0, 11, 55, 100, 55, 37, 0, 16, 30, 17, 0, 76, 68, 3, 23, 125, 47, 58, 21, 21, 32, 97, 47, 101, 21, 12, 26, 45, 24, 152, 0)
s = 93: (0, 0, 14, 125, 71, 81, 49, 0, 18, 46, 26, 0, 50, 41, 2, 14, 70, 70, 59, 17, 47, 57, 133, 37, 91, 36, 10, 17, 44, 28, 122, 0)
s = 94: (0, 0, 8, 115, 77, 33, 27, 0, 25, 30, 17, 0, 71, 69, 3, 25, 82, 43, 106, 19, 25, 32, 103, 64, 125, 51, 19, 11, 52, 24, 120, 0)
s = 95: (0, 0, 9, 42, 102, 74, 25, 0, 24, 33, 31, 0, 77, 81, 2, 27, 84, 52, 58, 25, 39, 44, 84, 30, 167, 29, 14, 23, 49, 36, 75, 0)
s = 96: (0, 0, 16, 105, 66, 50, 64, 0, 17, 34, 13, 0, 41, 74, 3, 20, 96, 85, 100, 32, 40, 57, 113, 36, 131, 28, 16, 24, 62, 26, 118, 0)
s = 97: (0, 0, 13, 59, 66, 115, 53, 0, 26, 33, 15, 0, 54, 42, 2, 12, 103, 57, 57, 17, 43, 37, 64, 38, 151, 44, 13, 12, 108, 20, 112, 0)
s = 98: (0, 0, 18, 102, 87, 55, 37, 0, 22, 55, 12, 0, 43, 60, 3, 12, 106, 42, 73, 18, 29, 50, 160, 32, 78, 59, 13, 10, 63, 29, 83, 0)
s = 99: (0, 0, 15, 86, 89, 66, 30, 0, 16, 45, 15, 0, 56, 75, 2, 13, 78, 47, 116, 15, 37, 62, 67, 47, 98, 35, 21, 11, 69, 15, 117, 0)
s = 100: (0, 0, 14, 86, 55, 60, 39, 0, 20, 57, 15, 0, 50, 45, 4, 14, 88, 49, 133, 21, 38, 48, 78, 49, 135, 42, 21, 19, 77, 28, 129, 0)
s = 101: (0, 0, 15, 63, 132, 35, 37, 0, 16, 19, 17, 0, 39, 63, 2, 24, 86, 58, 104, 18, 31, 50, 159, 55, 99, 30, 8, 10, 82, 18, 110, 0)
s = 102: (0, 0, 12, 87, 111, 63, 48, 0, 23, 35, 24, 0, 58, 59, 3, 24, 135, 60, 100, 19, 34, 84, 128, 36, 132, 42, 18, 12, 96, 34, 127, 0)
s = 103: (0, 0, 12, 83, 98, 67, 33, 0, 19, 26, 23, 0, 38, 62, 2, 18, 113, 57, 102, 12, 37, 51, 93, 37, 67, 37, 14, 14, 47, 31, 132, 0)
s = 104: (0, 0, 13, 78, 116, 97, 39, 0, 24, 40, 16, 0, 46, 44, 2, 22, 86, 74, 96, 15, 43, 43, 126, 25, 161, 21, 17, 10, 69, 33, 66, 0)
s = 105: (0, 0, 11, 76, 52, 56, 34, 0, 18, 44, 28, 0, 57, 51, 2, 23, 93, 63, 64, 17, 24, 48, 115, 39, 116, 56, 13, 12, 79, 24, 80, 0)
s = 106: (0, 0, 16, 81, 74, 40, 42, 0, 13, 26, 17, 0, 72, 65, 3, 16, 87, 62, 49, 13, 27, 48, 137, 56, 122, 24, 12, 16, 46, 20, 109, 0)
s = 107: (0, 0, 13, 72, 51, 49, 37, 0, 14, 35, 20, 0, 65, 45, 2, 20, 138, 55, 85, 30, 26, 49, 94, 42, 176, 37, 10, 16, 79, 19, 125, 0)
s = 108: (0, 0, 24, 123, 51, 41, 39, 0, 17, 26, 26, 0, 52, 64, 2, 17, 106, 88, 139, 27, 31, 65, 172, 34, 133, 36, 19, 16, 78, 26, 90, 0)
s = 109: (0, 0, 21, 89, 92, 48, 19, 0, 12, 55, 24, 0, 50, 35, 2, 22, 77, 72, 86, 17, 23, 53, 148, 51, 62, 30, 9, 16, 62, 39, 57, 0)
s = 110: (0, 0, 12, 64, 74, 34, 39, 0, 13, 33, 12, 0, 51, 56, 3, 15, 135, 42, 127, 17, 23, 39, 111, 25, 73, 21, 10, 15, 75, 35, 94, 0)
s = 111: (0, 0, 23, 137, 65, 91, 40, 0, 12, 28, 27, 0, 63, 43, 2, 26, 125, 48, 114, 21, 30, 31, 111, 42, 78, 41, 10, 10, 103, 27, 138, 0)
s = 112: (0, 0, 17, 56, 86, 52, 53, 0, 25, 28, 12, 0, 43, 65, 2, 24, 118, 43, 81, 29, 31, 47, 116, 40, 64, 25, 12, 15, 106, 30, 75, 0)
s = 113: (0, 0, 14, 110, 88, 84, 54, 0, 14, 37, 17, 0, 71, 48, 2, 24, 131, 54, 148, 26, 23, 47, 98, 42, 111, 24, 11, 17, 69, 22, 91, 0)
s = 114: (0, 0, 13, 45, 85, 57, 19, 0, 24, 44, 15, 0, 41, 34, 3, 10, 118, 35, 102, 15, 33, 44, 124, 53, 153, 42, 17, 10, 92, 22, 79, 0)
s = 115: (0, 0, 13, 82, 81, 48, 33, 0, 18, 31, 20, 0, 65, 40, 2, 19, 84, 57, 100, 17, 34, 69, 165, 32, 65, 23, 12, 25, 51, 16, 81, 0)
s = 116: (0, 0, 11, 69, 83, 38, 48, 0, 12, 50, 15, 0, 61, 50, 3, 19, 145, 59, 93, 23, 56, 53, 91, 29, 80, 43, 14, 11, 80, 31, 86, 0)
s = 117: (0, 0, 16, 75, 83, 63, 28, 0, 17, 37, 24, 0, 80, 78, 2, 19, 114, 46, 111, 21, 43, 48, 92, 30, 98, 44, 16, 13, 73, 34, 127, 0)
s = 118: (0, 0, 16, 110, 74, 91, 32, 0, 15, 24, 21, 0, 41, 99, 3, 23, 130, 45, 96, 25, 26, 34, 158, 36, 118, 32, 25, 15, 44, 38, 76, 0)
s = 119: (0, 0, 8, 70, 149, 54, 42, 0, 18, 45, 21, 0, 57, 50, 2, 18, 69, 39, 130, 23, 25, 53, 64, 32, 88, 47, 8, 14, 76, 26, 100, 0)
s = 120: (0, 0, 19, 85, 52, 102, 25, 0, 26, 42, 23, 0, 80, 61, 3, 22, 90, 91, 99, 15, 27, 57, 137, 43, 118, 30, 12, 13, 88, 34, 60, 0)
s = 121: (0, 0, 9, 73, 73, 55, 26, 0, 19, 30, 22, 0, 47, 91, 3, 20, 115, 79, 89, 22, 32, 51, 169, 28, 125, 24, 10, 22, 58, 40, 120, 0)
s = 122: (0, 0, 14, 64, 80, 48, 42, 0, 14, 29, 22, 0, 64, 60, 2, 16, 116, 82, 104, 15, 46, 38, 180, 66, 147, 29, 15, 14, 47, 24, 138, 0)
s = 123: (0, 0, 16, 95, 100, 57, 42, 0, 11, 33, 27, 0, 42, 63, 2, 23, 158, 55, 121, 30, 31, 63, 72, 33, 86, 39, 15, 20, 105, 34, 98, 0)
s = 124: (0, 0, 20, 67, 112, 55, 35, 0, 12, 40, 15, 0, 83, 81, 2, 17, 162, 74, 114, 25, 43, 59, 172, 26, 110, 37, 11, 19, 93, 42, 155, 0)
s = 125: (0, 0, 16, 56, 46, 75, 24, 0, 13, 40, 15, 0, 32, 91, 2, 11, 68, 63, 90, 35, 29, 45, 128, 29, 109, 36, 13, 16, 59, 23, 94, 0)
s = 126: (0, 0, 25, 96, 115, 68, 54, 0, 14, 47, 26, 0, 68, 64, 2, 14, 66, 63, 55, 15, 26, 60, 99, 38, 112, 35, 19, 20, 87, 31, 94, 0)
s = 127: (0, 0, 12, 94, 77, 67, 26, 0, 16, 48, 14, 0, 77, 55, 2, 13, 138, 67, 79, 17, 22, 54, 88, 31, 97, 33, 17, 23, 67, 27, 131, 0)
s = 128: (0, 0, 21, 79, 77, 59, 32, 0, 15, 29, 26, 0, 59, 65, 2, 20, 81, 78, 143, 29, 33, 34, 143, 51, 144, 53, 14, 10, 74, 23, 121, 0)
s = 129: (0, 0, 14, 68, 143, 62, 46, 0, 18, 21, 27, 0, 72, 57, 2, 18, 90, 34, 50, 18, 21, 55, 84, 47, 154, 35, 15, 15, 48, 25, 102, 0)
s = 130: (0, 0, 19, 86, 115, 67, 42, 0, 17, 34, 34, 0, 91, 52, 2, 21, 151, 62, 73, 20, 48, 37, 87, 47, 97, 26, 11, 14, 81, 38, 83, 0)
s = 131: (0, 0, 20, 114, 88, 63, 26, 0, 18, 36, 20, 0, 32, 44, 4, 15, 178, 78, 95, 28, 35, 50, 98, 24, 117, 31, 10, 18, 83, 31, 67, 0)
s = 132: (0, 0, 14, 82, 76, 48, 54, 0, 21, 37, 27, 0, 47, 56, 2, 24, 78, 57, 65, 18, 30, 56, 106, 27, 108, 26, 10, 12, 39, 22, 135, 0)
s = 133: (0, 0, 11, 57, 82, 52, 40, 0, 15, 37, 14, 0, 68, 75, 2, 20, 117, 45, 103, 26, 31, 27, 204, 23, 73, 49, 18, 25, 73, 32, 91, 0)
s = 134: (0, 0, 14, 68, 74, 65, 51, 0, 18, 65, 14, 0, 48, 34, 3, 17, 146, 49, 81, 22, 45, 34, 73, 47, 144, 32, 11, 17, 66, 24, 84, 0)
s = 135: (0, 0, 18, 65, 111, 50, 30, 0, 23, 38, 14, 0, 62, 70, 2, 22, 63, 78, 129, 30, 41, 43, 120, 56, 63, 42, 23, 13, 80, 34, 95, 0)
s = 136: (0, 0, 21, 57, 88, 100, 35, 0, 16, 27, 16, 0, 55, 39, 2, 16, 86, 54, 157, 28, 39, 71, 98, 26, 128, 43, 14, 17, 61, 20, 108, 0)
s = 137: (0, 0, 15, 74, 121, 42, 24, 0, 12, 28, 25, 0, 49, 85, 2, 14, 76, 45, 94, 24, 35, 34, 116, 23, 107, 28, 20, 30, 62, 38, 109, 0)
s = 138: (0, 0, 15, 95, 110, 61, 35, 0, 16, 26, 15, 0, 41, 47, 3, 20, 119, 51, 92, 16, 41, 31, 110, 34, 84, 26, 27, 25, 125, 22, 89, 0)
s = 139: (0, 0, 19, 60, 88, 67, 32, 0, 18, 32, 14, 0, 44, 77, 3, 20, 66, 59, 65, 17, 23, 54, 87, 47, 84, 21, 8, 16, 80, 31, 95, 0)
s = 140: (0, 0, 12, 95, 121, 39, 34, 0, 27, 41, 21, 0, 38, 44, 2, 23, 110, 57, 71, 16, 28, 36, 129, 24, 81, 30, 9, 20, 61, 44, 98, 0)
s = 141: (0, 0, 11, 56, 170, 59, 46, 0, 16, 24, 20, 0, 54, 42, 3, 26, 107, 34, 97, 21, 33, 67, 135, 34, 98, 44, 15, 19, 93, 26, 77, 0)
s = 142: (0, 0, 19, 90, 118, 55, 35, 0, 14, 23, 30, 0, 73, 66, 3, 15, 86, 81, 73, 19, 33, 43, 138, 27, 128, 48, 16, 16, 40, 19, 61, 0)
s = 143: (0, 0, 22, 57, 109, 76, 43, 0, 21, 24, 10, 0, 42, 65, 3, 17, 99, 51, 80, 24, 28, 42, 143, 34, 132, 32, 12, 11, 71, 21, 75, 0)
s = 144: (0, 0, 11, 62, 60, 48, 47, 0, 22, 20, 17, 0, 77, 51, 2, 21, 57, 85, 124, 28, 28, 45, 160, 32, 120, 39, 19, 20, 58, 25, 61, 0)
s = 145: (0, 0, 21, 44, 66, 46, 52, 0, 16, 27, 11, 0, 76, 73, 2, 26, 137, 48, 143, 15, 34, 40, 110, 47, 131, 25, 12, 19, 75, 35, 108, 0)
s = 146: (0, 0, 12, 69, 101, 52, 40, 0, 13, 28, 15, 0, 50, 56, 2, 23, 128, 41, 108, 19, 27, 49, 103, 25, 103, 42, 20, 16, 82, 23, 97, 0)
s = 147: (0, 0, 13, 83, 55, 58, 37, 0, 25, 53, 21, 0, 34, 44, 2, 23, 99, 64, 95, 12, 27, 55, 84, 29, 64, 35, 12, 14, 88, 42, 68, 0)
s = 148: (0, 0, 15, 80, 78, 69, 30, 0, 16, 39, 18, 0, 40, 94, 2, 13, 157, 65, 73, 17, 27, 46, 124, 43, 98, 26, 11, 14, 65, 31, 61, 0)
s = 149: (0, 0, 17, 78, 115, 69, 28, 0, 15, 33, 14, 0, 61, 50, 2, 15, 93, 67, 125, 25, 30, 41, 107, 38, 93, 44, 10, 17, 55, 25, 74, 0)
s = 150: (0, 0, 23, 84, 85, 52, 27, 0, 18, 38, 21, 0, 59, 47, 3, 15, 141, 40, 68, 31, 24, 56, 103, 25, 167, 42, 14, 17, 107, 38, 75, 0)
s = 151: (0, 0, 10, 109, 68, 90, 34, 0, 14, 35, 16, 0, 71, 35, 3, 23, 143, 83, 117, 21, 35, 26, 144, 37, 81, 31, 11, 14, 53, 35, 76, 0)
s = 152: (0, 0, 19, 50, 96, 50, 32, 0, 13, 29, 14, 0, 35, 42, 2, 17, 86, 44, 60, 16, 45, 42, 76, 34, 100, 32, 10, 16, 56, 36, 81, 0)
s = 153: (0, 0, 20, 93, 107, 81, 44, 0, 12, 48, 20, 0, 33, 83, 3, 18, 100, 54, 87, 16, 40, 32, 155, 31, 83, 45, 14, 20, 46, 16, 87, 0)
s = 154: (0, 0, 10, 68, 153, 53, 26, 0, 27, 33, 22, 0, 60, 36, 2, 25, 99, 54, 97, 17, 20, 54, 129, 56, 134, 40, 16, 21, 49, 29, 187, 0)
s = 155: (0, 0, 17, 91, 49, 49, 26, 0, 17, 30, 13, 0, 62, 68, 3, 15, 73, 49, 114, 25, 24, 56, 93, 26, 111, 43, 12, 15, 61, 30, 83, 0)
s = 156: (0, 0, 18, 126, 71, 85, 25, 0, 17, 35, 15, 0, 59, 56, 4, 19, 112, 85, 113, 27, 39, 61, 157, 37, 102, 31, 21, 31, 56, 23, 111, 0)
s = 157: (0, 0, 13, 88, 58, 40, 35, 0, 16, 22, 14, 0, 64, 107, 2, 26, 119, 35, 64, 20, 41, 42, 69, 46, 92, 25, 13, 12, 85, 25, 84, 0)
s = 158: (0, 0, 13, 74, 92, 40, 30, 0, 11, 47, 15, 0, 45, 66, 2, 23, 119, 46, 93, 21, 41, 49, 143, 48, 86, 38, 16, 15, 85, 27, 148, 0)
s = 159: (0, 0, 25, 66, 122, 58, 46, 0, 19, 30, 16, 0, 66, 56, 2, 13, 120, 67, 63, 31, 35, 34, 115, 29, 119, 23, 15, 13, 82, 27, 115, 0)
s = 160: (0, 0, 15, 79, 82, 73, 29, 0, 25, 54, 22, 0, 62, 89, 2, 15, 102, 38, 65, 20, 30, 46, 107, 22, 69, 35, 11, 10, 50, 31, 81, 0)
s = 161: (0, 0, 15, 92, 98, 67, 25, 0, 19, 35, 11, 0, 51, 58, 2, 26, 96, 53, 87, 18, 41, 40, 102, 32, 77, 30, 23, 24, 91, 33, 92, 0)
s = 162: (0, 0, 16, 90, 86, 70, 24, 0, 17, 54, 13, 0, 72, 45, 2, 16, 94, 38, 117, 14, 47, 40, 82, 40, 131, 33, 16, 13, 61, 33, 140, 0)
s = 163: (0, 0, 13, 90, 100, 61, 40, 0, 14, 40, 18, 0, 57, 58, 2, 21, 120, 53, 57, 14, 24, 47, 193, 42, 130, 51, 15, 12, 66, 27, 64, 0)
s = 164: (0, 0, 18, 153, 151, 52, 33, 0, 25, 43, 27, 0, 52, 58, 3, 20, 67, 56, 50, 15, 51, 50, 107, 27, 81, 44, 12, 18, 49, 23, 93, 0)
s = 165: (0, 0, 11, 58, 73, 94, 25, 0, 25, 36, 22, 0, 55, 49, 4, 17, 73, 67, 144, 17, 21, 43, 142, 41, 86, 63, 16, 13, 95, 21, 99, 0)
s = 166: (0, 0, 22, 84, 74, 74, 33, 0, 17, 26, 16, 0, 39, 45, 2, 16, 125, 35, 80, 28, 38, 67, 120, 43, 150, 28, 21, 12, 57, 25, 133, 0)
s = 167: (0, 0, 8, 80, 91, 41, 32, 0, 16, 37, 20, 0, 72, 52, 3, 10, 69, 59, 56, 13, 33, 62, 166, 50, 137, 37, 14, 12, 98, 20, 86, 0)
s = 168: (0, 0, 12, 45, 60, 54, 31, 0, 12, 24, 17, 0, 55, 42, 3, 18, 83, 52, 118, 16, 26, 38, 105, 33, 133, 21, 17, 13, 62, 18, 90, 0)
s = 169: (0, 0, 16, 74, 76, 51, 26, 0, 14, 54, 23, 0, 35, 40, 3, 10, 99, 62, 121, 13, 43, 91, 140, 34, 86, 38, 17, 21, 76, 43, 82, 0)
s = 170: (0, 0, 26, 75, 113, 40, 34, 0, 13, 26, 20, 0, 74, 62, 2, 19, 108, 40, 126, 28, 21, 40, 143, 44, 133, 37, 14, 22, 86, 42, 70, 0)
s = 171: (0, 0, 18, 66, 143, 91, 28, 0, 28, 47, 25, 0, 57, 79, 3, 15, 96, 44, 108, 11, 32, 39, 136, 49, 73, 26, 22, 12, 52, 30, 89, 0)
s = 172: (0, 0, 15, 118, 125, 63, 22, 0, 11, 31, 13, 0, 46, 75, 2, 15, 119, 40, 52, 19, 40, 48, 109, 35, 92, 40, 18, 12, 93, 23, 92, 0)
s = 173: (0, 0, 10, 124, 62, 46, 44, 0, 21, 20, 17, 0, 74, 73, 3, 16, 130, 56, 73, 28, 25, 54, 117, 54, 130, 33, 19, 21, 43, 29, 78, 0)
s = 174: (0, 0, 16, 99, 52, 64, 24, 0, 14, 35, 19, 0, 62, 53, 4, 22, 100, 72, 112, 12, 50, 69, 126, 23, 87, 38, 19, 19, 64, 37, 76, 0)
s = 175: (0, 0, 22, 49, 91, 61, 30, 0, 18, 35, 15, 0, 70, 86, 4, 18, 96, 42, 88, 22, 26, 73, 118, 33, 66, 37, 9, 13, 81, 28, 70, 0)
s = 176: (0, 0, 16, 75, 124, 61, 38, 0, 11, 44, 23, 0, 92, 32, 2, 11, 72, 44, 85, 15, 19, 43, 91, 38, 107, 19, 15, 18, 60, 20, 128, 0)
s = 177: (0, 0, 16, 92, 96, 53, 33, 0, 15, 29, 24, 0, 58, 57, 2, 22, 119, 49, 52, 19, 37, 66, 80, 30, 128, 35, 12, 10, 132, 35, 83, 0)
s = 178: (0, 0, 8, 59, 63, 60, 25, 0, 14, 36, 14, 0, 34, 39, 2, 15, 79, 47, 69, 13, 32, 49, 101, 41, 134, 48, 19, 17, 51, 29, 118, 0)
s = 179: (0, 0, 12, 67, 59, 83, 29, 0, 13, 35, 29, 0, 65, 87, 2, 24, 77, 55, 59, 21, 29, 46, 151, 46, 131, 30, 11, 11, 68, 23, 84, 0)
s = 180: (0, 0, 8, 59, 96, 68, 34, 0, 14, 35, 15, 0, 53, 66, 3, 17, 106, 42, 99, 19, 26, 36, 82, 66, 81, 29, 22, 16, 41, 20, 111, 0)
s = 181: (0, 0, 15, 102, 83, 44, 27, 0, 19, 46, 19, 0, 69, 86, 2, 26, 152, 41, 70, 28, 17, 44, 75, 25, 132, 20, 14, 21, 88, 36, 61, 0)
s = 182: (0, 0, 9, 116, 79, 68, 42, 0, 15, 30, 17, 0, 43, 45, 2, 18, 65, 89, 60, 22, 32, 30, 116, 41, 145, 22, 14, 22, 74, 25, 117, 0)
s = 183: (0, 0, 18, 76, 75, 34, 33, 0, 16, 29, 19, 0, 65, 47, 2, 16, 70, 43, 90, 29, 23, 58, 83, 56, 89, 41, 15, 12, 137, 23, 131, 0)
s = 184: (0, 0, 12, 58, 59, 35, 39, 0, 11, 50, 11, 0, 79, 75, 3, 14, 111, 37, 147, 21, 30, 70, 172, 50, 174, 22, 16, 12, 75, 28, 129, 0)
s = 185: (0, 0, 17, 109, 62, 42, 49, 0, 16, 30, 18, 0, 95, 88, 2, 19, 61, 69, 127, 27, 38, 67, 75, 48, 61, 38, 16, 12, 65, 25, 97, 0)
s = 186: (0, 0, 13, 49, 84, 72, 40, 0, 18, 42, 32, 0, 59, 39, 2, 28, 92, 62, 77, 17, 44, 31, 102, 47, 76, 39, 17, 23, 59, 32, 100, 0)
s = 187: (0, 0, 12, 65, 99, 46, 35, 0, 27, 30, 15, 0, 84, 43, 4, 20, 81, 46, 80, 27, 28, 60, 129, 33, 104, 40, 12, 16, 63, 18, 99, 0)
s = 188: (0, 0, 10, 95, 64, 62, 58, 0, 18, 28, 17, 0, 56, 72, 2, 20, 109, 38, 86, 19, 47, 67, 142, 34, 124, 20, 17, 12, 115, 37, 101, 0)
s = 189: (0, 0, 13, 87, 103, 62, 54, 0, 20, 38, 13, 0, 58, 67, 2, 24, 158, 61, 58, 15, 26, 57, 114, 25, 81, 62, 14, 24, 70, 34, 86, 0)
s = 190: (0, 0, 12, 116, 65, 48, 49, 0, 21, 30, 14, 0, 55, 82, 3, 11, 131, 48, 103, 17, 24, 52, 132, 35, 122, 22, 8, 16, 76, 21, 111, 0)
s = 191: (0, 0, 17, 126, 63, 62, 36, 0, 20, 49, 24, 0, 70, 72, 2, 28, 130, 40, 79, 18, 23, 40, 87, 55, 131, 24, 15, 16, 107, 24, 91, 0)
s = 192: (0, 0, 13, 53, 69, 53, 31, 0, 27, 26, 15, 0, 61, 47, 2, 29, 103, 38, 85, 25, 49, 35, 87, 34, 127, 52, 13, 11, 66, 25, 101, 0)
s = 193: (0, 0, 11, 112, 54, 79, 29, 0, 19, 50, 25, 0, 47, 62, 3, 18, 80, 45, 71, 30, 25, 70, 120, 21, 140, 28, 10, 11, 64, 19, 95, 0)
s = 194: (0, 0, 19, 81, 123, 43, 23, 0, 15, 38, 26, 0, 56, 53, 2, 17, 129, 44, 64, 17, 30, 51, 173, 65, 133, 41, 19, 13, 62, 23, 102, 0)
s = 195: (0, 0, 12, 111, 83, 86, 24, 0, 12, 38, 21, 0, 44, 60, 2, 11, 114, 75, 77, 21, 32, 39, 83, 31, 173, 28, 8, 16, 83, 20, 81, 0)
s = 196: (0, 0, 16, 89, 107, 59, 44, 0, 24, 41, 25, 0, 101, 45, 2, 21, 75, 50, 100, 17, 38, 44, 113, 54, 96, 37, 11, 12, 76, 38, 77, 0)
s = 197: (0, 0, 8, 95, 134, 40, 61, 0, 11, 23, 22, 0, 59, 66, 3, 21, 73, 63, 112, 16, 33, 36, 97, 30, 102, 42, 10, 10, 50, 23, 100, 0)
s = 198: (0, 0, 13, 114, 59, 59, 22, 0, 18, 39, 17, 0, 49, 89, 2, 22, 109, 54, 100, 15, 30, 42, 129, 30, 130, 36, 19, 18, 67, 21, 161, 0)
s = 199: (0, 0, 13, 103, 102, 68, 43, 0, 13, 23, 23, 0, 49, 55, 3, 28, 82, 69, 82, 22, 32, 43, 84, 27, 78, 25, 9, 12, 63, 37, 66, 0)
s = 200: (0, 0, 9, 54, 61, 36, 46, 0, 16, 22, 22, 0, 52, 68, 2, 19, 77, 51, 132, 18, 49, 40, 82, 66, 183, 51, 10, 13, 49, 32, 129, 0)
************************************************************************
ES/LS-VALUES:
jobnr.   ES(i)    LS(i)
------------------------------------------------------------------------
  0        0        0
  1        0       99
  2        0       88
  3        0       71
  4       15       113
  5        1       90
  6        1       96
  7       20       115
  8       15       87
  9       31       119
 10        9       104
 11       15       106
 12       21       113
 13       20       110
 14       23       122
 15       35       128
 16        9       132
 17       47       140
 18       31       104
 19       38       132
 20       31       145
 21       48       124
 22       48       122
 23       48       145
 24       62       136
 25       62       136
 26       74       149
 27       62       146
 28       59       154
 29       77       162
 30       77       153
 31       94       170
************************************************************************
BIG-M-VALUES:
M1 = 78, M2 = 383
************************************************************************
