************************************************************************
file with basedata            : ma14_.bas
initial value random generator: 820710445
************************************************************************
projects                      :  1
jobs (incl. supersource/sink ):  12
horizon                       :  78
RESOURCES
  - renewable                 :  2   R
  - nonrenewable              :  2   N
  - doubly constrained        :  0   D
************************************************************************
PROJECT INFORMATION:
pronr.  #jobs rel.date duedate tardcost  MPM-Time
    1     10      0       19        2       19
************************************************************************
PRECEDENCE RELATIONS:
jobnr.    #modes  #successors   successors
   0        1          3           1   2   3
   1        3          2           4  10
   2        3          3           6   8   9
   3        3          2           7   8
   4        3          1           5
   5        3          2           7   8
   6        3          1          10
   7        3          1           9
   8        3          1          11
   9        3          1          11
  10        3          1          11
  11        1          0        
************************************************************************
REQUESTS/DURATIONS:
jobnr. mode duration  R 1  R 2  R 3  R 4  E(W 1)  E(W 2)  E(W 3)
------------------------------------------------------------------------
  0      1     0       0    0    0    0     0       0       0
  1      1     6       5    9    7    5    84      42      30
  2      1     3      10    6    7    6    48      21      18
  3      1     4      10    1    3    5    48      12      20
  4      1     4       7   10   10    7    68      40      28
  5      1     3       9    8    6    5    51      18      15
  6      1     3       7    9    8    9    48      24      27
  7      1     2       5    7    8    4    24      16       8
  8      1     6       4    9    7    7    78      42      42
  9      1     1       8    5    8    9    13       8       9
 10      1     4       5    5    8    4    40      32      16
 11      1     0       0    0    0    0     0       0       0
************************************************************************
RESOURCEAVAILABILITIES:
  R 1  R 2  R 3
   46   53   41
************************************************************************
RESOURCE LIMITS:
jobnr.  l(R 1)  u(R 1)  l(R 2)  u(R 2)  l(R 3)  u(R 3)
------------------------------------------------------------------------
  0        0       0       0       0       0       0
  1        8      14       4       7       3       5
  2        8      16       4       7       3       6
  3        6      12       2       3       3       5
  4        9      17       5      10       4       7
  5        9      17       3       6       3       5
  6        9      16       4       8       5       9
  7        7      12       4       8       2       4
  8        7      13       4       7       4       7
  9        7      13       4       8       5       9
 10        6      10       4       8       2       4
 11        0       0       0       0       0       0
************************************************************************
SCENARIOS:
------------------------------------------------------------------------
RESOURCE k = 1
s = 1: (0, 82, 46, 66, 64, 48, 34, 15, 70, 12, 55, 0)
s = 2: (0, 97, 38, 52, 73, 31, 47, 18, 109, 12, 23, 0)
s = 3: (0, 78, 50, 53, 50, 70, 70, 20, 74, 11, 36, 0)
s = 4: (0, 80, 43, 43, 51, 45, 42, 18, 85, 12, 25, 0)
s = 5: (0, 100, 51, 28, 76, 77, 34, 17, 71, 20, 48, 0)
s = 6: (0, 68, 31, 32, 96, 82, 45, 33, 116, 14, 48, 0)
s = 7: (0, 80, 43, 39, 67, 40, 79, 25, 54, 16, 47, 0)
s = 8: (0, 80, 57, 57, 54, 53, 33, 24, 129, 10, 34, 0)
s = 9: (0, 58, 40, 45, 95, 60, 49, 25, 73, 16, 30, 0)
s = 10: (0, 78, 55, 40, 138, 56, 39, 21, 86, 20, 61, 0)
s = 11: (0, 94, 65, 70, 42, 62, 49, 24, 58, 15, 27, 0)
s = 12: (0, 70, 68, 34, 83, 52, 43, 22, 56, 9, 30, 0)
s = 13: (0, 92, 54, 59, 60, 47, 43, 21, 99, 13, 29, 0)
s = 14: (0, 93, 46, 64, 64, 29, 59, 30, 55, 10, 42, 0)
s = 15: (0, 70, 44, 38, 54, 44, 58, 33, 57, 12, 37, 0)
s = 16: (0, 77, 56, 38, 77, 45, 38, 36, 73, 8, 41, 0)
s = 17: (0, 72, 46, 36, 65, 40, 35, 22, 133, 21, 63, 0)
s = 18: (0, 60, 38, 63, 100, 53, 34, 32, 75, 15, 26, 0)
s = 19: (0, 57, 49, 46, 56, 56, 31, 32, 97, 8, 54, 0)
s = 20: (0, 59, 89, 79, 48, 72, 54, 22, 111, 12, 41, 0)
s = 21: (0, 57, 63, 49, 73, 76, 68, 27, 112, 8, 34, 0)
s = 22: (0, 100, 68, 48, 44, 72, 50, 20, 82, 14, 25, 0)
s = 23: (0, 76, 55, 40, 87, 65, 37, 22, 109, 11, 43, 0)
s = 24: (0, 57, 43, 50, 45, 42, 28, 22, 101, 20, 50, 0)
s = 25: (0, 115, 55, 44, 100, 56, 54, 18, 133, 17, 27, 0)
s = 26: (0, 46, 55, 58, 63, 31, 65, 26, 58, 10, 35, 0)
s = 27: (0, 69, 55, 32, 53, 62, 52, 18, 86, 10, 24, 0)
s = 28: (0, 66, 62, 60, 68, 47, 38, 15, 112, 9, 24, 0)
s = 29: (0, 108, 43, 49, 73, 45, 29, 23, 74, 9, 47, 0)
s = 30: (0, 75, 27, 54, 93, 30, 30, 14, 61, 16, 51, 0)
s = 31: (0, 104, 58, 35, 51, 61, 39, 33, 87, 14, 39, 0)
s = 32: (0, 97, 59, 52, 120, 73, 78, 19, 103, 16, 34, 0)
s = 33: (0, 69, 36, 42, 37, 59, 31, 25, 60, 11, 70, 0)
s = 34: (0, 110, 36, 56, 66, 45, 49, 33, 96, 18, 37, 0)
s = 35: (0, 98, 66, 40, 89, 70, 54, 23, 55, 19, 27, 0)
s = 36: (0, 93, 44, 48, 105, 41, 37, 16, 45, 25, 65, 0)
s = 37: (0, 56, 41, 49, 86, 40, 52, 29, 88, 13, 36, 0)
s = 38: (0, 76, 59, 34, 107, 60, 44, 19, 113, 14, 68, 0)
s = 39: (0, 84, 56, 73, 76, 64, 45, 23, 82, 13, 38, 0)
s = 40: (0, 71, 87, 51, 57, 44, 59, 19, 72, 15, 39, 0)
s = 41: (0, 88, 49, 39, 105, 43, 59, 24, 60, 13, 42, 0)
s = 42: (0, 99, 37, 73, 75, 76, 49, 20, 70, 14, 36, 0)
s = 43: (0, 47, 52, 57, 52, 46, 39, 39, 97, 10, 38, 0)
s = 44: (0, 85, 52, 48, 114, 51, 58, 21, 104, 10, 47, 0)
s = 45: (0, 45, 34, 39, 42, 36, 48, 22, 85, 10, 32, 0)
s = 46: (0, 67, 52, 55, 60, 48, 45, 28, 54, 13, 32, 0)
s = 47: (0, 62, 44, 42, 93, 64, 43, 14, 81, 14, 35, 0)
s = 48: (0, 85, 39, 29, 71, 47, 28, 18, 68, 8, 33, 0)
s = 49: (0, 69, 33, 78, 65, 45, 37, 16, 63, 15, 40, 0)
s = 50: (0, 83, 41, 67, 88, 66, 32, 23, 72, 17, 56, 0)
s = 51: (0, 102, 61, 39, 81, 51, 54, 22, 94, 14, 44, 0)
s = 52: (0, 57, 41, 62, 53, 47, 37, 20, 59, 10, 46, 0)
s = 53: (0, 75, 29, 45, 94, 76, 50, 20, 63, 14, 40, 0)
s = 54: (0, 75, 35, 52, 101, 58, 46, 22, 70, 16, 31, 0)
s = 55: (0, 70, 63, 43, 45, 40, 41, 36, 72, 12, 41, 0)
s = 56: (0, 125, 38, 59, 85, 81, 31, 16, 59, 18, 23, 0)
s = 57: (0, 102, 36, 56, 57, 43, 39, 35, 73, 11, 65, 0)
s = 58: (0, 64, 44, 58, 75, 30, 67, 16, 72, 17, 30, 0)
s = 59: (0, 81, 87, 28, 39, 58, 35, 16, 108, 13, 49, 0)
s = 60: (0, 58, 40, 42, 70, 28, 38, 29, 97, 10, 40, 0)
s = 61: (0, 90, 47, 53, 74, 52, 41, 28, 84, 13, 54, 0)
s = 62: (0, 64, 65, 35, 63, 69, 45, 23, 89, 14, 29, 0)
s = 63: (0, 64, 29, 68, 68, 43, 55, 21, 105, 9, 51, 0)
s = 64: (0, 64, 47, 41, 40, 89, 52, 27, 61, 18, 45, 0)
s = 65: (0, 87, 29, 49, 44, 32, 50, 29, 75, 13, 43, 0)
s = 66: (0, 75, 52, 59, 104, 58, 30, 28, 111, 16, 64, 0)
s = 67: (0, 128, 31, 65, 42, 66, 42, 26, 64, 11, 23, 0)
s = 68: (0, 104, 46, 29, 90, 62, 78, 28, 87, 10, 29, 0)
s = 69: (0, 77, 51, 41, 46, 35, 75, 44, 89, 11, 24, 0)
s = 70: (0, 113, 43, 59, 63, 38, 76, 22, 86, 9, 46, 0)
s = 71: (0, 85, 56, 31, 94, 31, 60, 14, 115, 11, 53, 0)
s = 72: (0, 95, 29, 78, 56, 37, 27, 20, 125, 17, 53, 0)
s = 73: (0, 157, 29, 52, 55, 73, 57, 14, 57, 11, 51, 0)
s = 74: (0, 61, 27, 40, 89, 58, 31, 14, 118, 21, 67, 0)
s = 75: (0, 59, 31, 34, 65, 37, 68, 48, 109, 13, 43, 0)
s = 76: (0, 54, 78, 45, 69, 62, 61, 23, 92, 13, 53, 0)
s = 77: (0, 47, 75, 62, 47, 41, 62, 39, 58, 13, 44, 0)
s = 78: (0, 56, 42, 34, 84, 48, 44, 24, 87, 15, 30, 0)
s = 79: (0, 74, 48, 32, 81, 51, 59, 27, 64, 11, 48, 0)
s = 80: (0, 104, 51, 58, 114, 81, 33, 30, 103, 9, 42, 0)
s = 81: (0, 67, 70, 68, 37, 62, 58, 39, 90, 16, 38, 0)
s = 82: (0, 105, 36, 51, 79, 48, 32, 26, 80, 15, 42, 0)
s = 83: (0, 139, 40, 41, 73, 50, 56, 20, 85, 9, 37, 0)
s = 84: (0, 68, 51, 43, 106, 35, 44, 18, 150, 14, 56, 0)
s = 85: (0, 73, 37, 29, 60, 59, 59, 32, 89, 19, 29, 0)
s = 86: (0, 109, 51, 37, 62, 63, 49, 30, 83, 15, 34, 0)
s = 87: (0, 76, 41, 62, 52, 50, 54, 31, 45, 18, 36, 0)
s = 88: (0, 59, 37, 39, 68, 52, 40, 41, 72, 12, 23, 0)
s = 89: (0, 76, 70, 52, 84, 32, 66, 34, 73, 13, 46, 0)
s = 90: (0, 76, 55, 30, 116, 41, 40, 20, 57, 9, 45, 0)
s = 91: (0, 64, 71, 28, 64, 93, 42, 23, 83, 18, 38, 0)
s = 92: (0, 83, 59, 44, 79, 68, 31, 18, 66, 16, 35, 0)
s = 93: (0, 79, 41, 56, 73, 48, 49, 30, 105, 8, 50, 0)
s = 94: (0, 70, 63, 45, 69, 61, 43, 19, 54, 21, 27, 0)
s = 95: (0, 52, 41, 34, 49, 80, 35, 18, 69, 17, 25, 0)
s = 96: (0, 46, 61, 39, 42, 70, 77, 32, 80, 14, 27, 0)
s = 97: (0, 125, 38, 43, 55, 27, 35, 39, 74, 9, 51, 0)
s = 98: (0, 70, 31, 44, 78, 76, 36, 37, 51, 21, 25, 0)
s = 99: (0, 62, 46, 34, 107, 74, 27, 16, 73, 15, 36, 0)
s = 100: (0, 83, 50, 62, 53, 29, 38, 40, 57, 11, 54, 0)
s = 101: (0, 79, 57, 66, 85, 54, 33, 17, 73, 18, 42, 0)
s = 102: (0, 100, 48, 36, 40, 44, 76, 21, 75, 10, 22, 0)
s = 103: (0, 107, 60, 32, 45, 60, 70, 21, 75, 12, 52, 0)
s = 104: (0, 77, 48, 64, 74, 59, 55, 14, 55, 14, 23, 0)
s = 105: (0, 126, 38, 33, 45, 36, 56, 17, 97, 14, 23, 0)
s = 106: (0, 72, 46, 43, 67, 49, 53, 29, 64, 18, 39, 0)
s = 107: (0, 80, 39, 36, 48, 55, 38, 35, 47, 14, 33, 0)
s = 108: (0, 74, 66, 32, 50, 45, 34, 35, 80, 10, 33, 0)
s = 109: (0, 124, 34, 46, 84, 69, 53, 28, 69, 13, 29, 0)
s = 110: (0, 69, 71, 45, 132, 43, 40, 38, 79, 12, 46, 0)
s = 111: (0, 65, 37, 31, 80, 38, 57, 23, 114, 16, 60, 0)
s = 112: (0, 63, 63, 66, 58, 48, 75, 21, 78, 12, 27, 0)
s = 113: (0, 87, 30, 54, 116, 59, 63, 26, 44, 21, 31, 0)
s = 114: (0, 67, 69, 37, 64, 73, 27, 20, 135, 15, 41, 0)
s = 115: (0, 96, 52, 49, 74, 78, 34, 20, 105, 13, 33, 0)
s = 116: (0, 46, 41, 37, 84, 42, 58, 34, 85, 16, 23, 0)
s = 117: (0, 67, 95, 44, 40, 62, 34, 15, 131, 12, 34, 0)
s = 118: (0, 74, 50, 45, 50, 61, 59, 27, 92, 12, 28, 0)
s = 119: (0, 70, 59, 70, 45, 48, 31, 28, 88, 15, 27, 0)
s = 120: (0, 65, 43, 45, 77, 39, 46, 15, 77, 16, 33, 0)
s = 121: (0, 107, 29, 44, 78, 45, 40, 20, 80, 8, 63, 0)
s = 122: (0, 65, 43, 48, 53, 49, 71, 21, 107, 9, 29, 0)
s = 123: (0, 97, 67, 52, 80, 52, 47, 36, 82, 14, 36, 0)
s = 124: (0, 134, 89, 51, 69, 51, 50, 23, 92, 12, 33, 0)
s = 125: (0, 127, 57, 64, 51, 61, 40, 29, 82, 17, 33, 0)
s = 126: (0, 51, 45, 63, 46, 66, 54, 20, 81, 13, 42, 0)
s = 127: (0, 89, 48, 65, 53, 54, 56, 15, 81, 20, 60, 0)
s = 128: (0, 131, 64, 35, 82, 42, 64, 26, 71, 12, 42, 0)
s = 129: (0, 77, 39, 68, 67, 67, 65, 47, 60, 10, 43, 0)
s = 130: (0, 58, 89, 53, 74, 78, 42, 28, 72, 16, 32, 0)
s = 131: (0, 74, 28, 56, 70, 47, 38, 21, 94, 17, 51, 0)
s = 132: (0, 95, 71, 81, 70, 37, 44, 28, 79, 10, 52, 0)
s = 133: (0, 117, 49, 43, 89, 42, 50, 20, 79, 17, 36, 0)
s = 134: (0, 65, 50, 42, 73, 49, 39, 18, 76, 16, 55, 0)
s = 135: (0, 73, 59, 61, 42, 42, 42, 17, 64, 18, 25, 0)
s = 136: (0, 61, 61, 49, 48, 38, 37, 38, 59, 12, 58, 0)
s = 137: (0, 103, 66, 43, 49, 33, 44, 16, 63, 9, 39, 0)
s = 138: (0, 59, 46, 38, 78, 40, 50, 17, 64, 21, 46, 0)
s = 139: (0, 77, 46, 55, 45, 46, 51, 19, 56, 18, 56, 0)
s = 140: (0, 125, 41, 38, 71, 68, 41, 17, 81, 13, 30, 0)
s = 141: (0, 68, 43, 34, 83, 39, 44, 28, 56, 14, 41, 0)
s = 142: (0, 106, 80, 30, 73, 75, 61, 24, 88, 20, 45, 0)
s = 143: (0, 112, 43, 53, 98, 33, 55, 26, 60, 12, 32, 0)
s = 144: (0, 92, 56, 46, 58, 35, 35, 30, 74, 10, 46, 0)
s = 145: (0, 95, 47, 59, 71, 31, 46, 30, 60, 17, 26, 0)
s = 146: (0, 95, 39, 54, 61, 59, 80, 18, 75, 22, 39, 0)
s = 147: (0, 64, 39, 50, 88, 33, 39, 14, 85, 9, 43, 0)
s = 148: (0, 56, 37, 43, 45, 49, 34, 24, 69, 13, 26, 0)
s = 149: (0, 72, 58, 68, 53, 74, 65, 23, 50, 15, 28, 0)
s = 150: (0, 62, 46, 47, 38, 76, 46, 27, 89, 8, 38, 0)
s = 151: (0, 61, 53, 34, 55, 56, 76, 22, 117, 12, 43, 0)
s = 152: (0, 68, 30, 37, 65, 76, 57, 17, 86, 11, 28, 0)
s = 153: (0, 66, 33, 55, 50, 36, 57, 15, 54, 13, 36, 0)
s = 154: (0, 108, 44, 44, 76, 93, 61, 18, 82, 12, 31, 0)
s = 155: (0, 88, 38, 37, 95, 46, 79, 21, 75, 11, 36, 0)
s = 156: (0, 70, 56, 43, 85, 41, 68, 34, 47, 19, 52, 0)
s = 157: (0, 62, 54, 44, 46, 38, 45, 16, 92, 18, 64, 0)
s = 158: (0, 76, 48, 53, 40, 61, 43, 16, 102, 12, 43, 0)
s = 159: (0, 74, 29, 43, 69, 41, 90, 23, 68, 13, 51, 0)
s = 160: (0, 53, 45, 53, 72, 57, 45, 21, 53, 9, 43, 0)
s = 161: (0, 86, 51, 73, 89, 47, 61, 18, 78, 16, 74, 0)
s = 162: (0, 96, 60, 75, 75, 61, 45, 20, 80, 8, 40, 0)
s = 163: (0, 65, 66, 44, 55, 54, 75, 24, 56, 10, 46, 0)
s = 164: (0, 138, 52, 72, 84, 39, 48, 16, 121, 16, 37, 0)
s = 165: (0, 91, 32, 52, 49, 30, 38, 14, 98, 17, 37, 0)
s = 166: (0, 84, 42, 38, 97, 74, 60, 25, 95, 10, 27, 0)
s = 167: (0, 83, 43, 51, 126, 33, 55, 21, 78, 20, 47, 0)
s = 168: (0, 57, 57, 69, 58, 76, 65, 15, 69, 15, 26, 0)
s = 169: (0, 108, 36, 60, 51, 52, 65, 25, 63, 19, 36, 0)
s = 170: (0, 96, 41, 32, 58, 45, 61, 18, 101, 12, 47, 0)
s = 171: (0, 82, 56, 44, 43, 35, 58, 38, 53, 11, 35, 0)
s = 172: (0, 70, 39, 67, 61, 50, 34, 17, 102, 7, 32, 0)
s = 173: (0, 81, 36, 29, 71, 61, 72, 14, 68, 10, 48, 0)
s = 174: (0, 83, 46, 62, 47, 68, 47, 23, 109, 19, 41, 0)
s = 175: (0, 102, 41, 59, 73, 40, 39, 29, 70, 15, 26, 0)
s = 176: (0, 59, 29, 46, 85, 60, 36, 29, 51, 18, 40, 0)
s = 177: (0, 56, 43, 54, 84, 33, 49, 23, 68, 18, 27, 0)
s = 178: (0, 81, 56, 48, 66, 68, 36, 24, 47, 17, 43, 0)
s = 179: (0, 111, 28, 50, 53, 69, 43, 26, 61, 12, 46, 0)
s = 180: (0, 125, 51, 59, 74, 37, 52, 17, 86, 16, 46, 0)
s = 181: (0, 95, 42, 54, 105, 66, 58, 20, 80, 12, 41, 0)
s = 182: (0, 107, 41, 38, 70, 63, 52, 19, 68, 17, 27, 0)
s = 183: (0, 62, 48, 51, 70, 53, 76, 15, 77, 19, 32, 0)
s = 184: (0, 52, 51, 39, 106, 65, 39, 37, 69, 14, 37, 0)
s = 185: (0, 79, 35, 53, 106, 40, 26, 17, 88, 11, 30, 0)
s = 186: (0, 112, 36, 35, 61, 84, 38, 17, 52, 14, 45, 0)
s = 187: (0, 60, 54, 52, 67, 41, 73, 16, 84, 16, 31, 0)
s = 188: (0, 103, 50, 47, 60, 53, 35, 14, 92, 19, 45, 0)
s = 189: (0, 99, 60, 64, 78, 52, 72, 36, 94, 12, 37, 0)
s = 190: (0, 48, 32, 36, 53, 61, 39, 16, 67, 10, 51, 0)
s = 191: (0, 97, 63, 63, 59, 80, 33, 22, 92, 10, 28, 0)
s = 192: (0, 102, 66, 32, 65, 53, 31, 20, 74, 12, 44, 0)
s = 193: (0, 45, 49, 69, 55, 43, 50, 20, 53, 14, 60, 0)
s = 194: (0, 82, 67, 35, 124, 51, 69, 32, 48, 13, 22, 0)
s = 195: (0, 70, 55, 38, 84, 54, 66, 28, 101, 12, 43, 0)
s = 196: (0, 54, 49, 48, 82, 38, 44, 31, 95, 21, 44, 0)
s = 197: (0, 88, 76, 35, 81, 67, 93, 33, 54, 11, 23, 0)
s = 198: (0, 90, 28, 36, 65, 66, 40, 25, 90, 20, 35, 0)
s = 199: (0, 134, 49, 58, 75, 59, 57, 39, 75, 17, 25, 0)
s = 200: (0, 69, 62, 70, 108, 63, 52, 24, 58, 15, 32, 0)
------------------------------------------------------------------------
RESOURCE k = 2
s = 1: (0, 41, 20, 17, 38, 17, 17, 10, 38, 8, 44, 0)
s = 2: (0, 49, 17, 13, 43, 11, 24, 12, 59, 7, 19, 0)
s = 3: (0, 39, 22, 14, 30, 25, 35, 13, 40, 7, 29, 0)
s = 4: (0, 40, 19, 11, 30, 16, 21, 12, 46, 7, 20, 0)
s = 5: (0, 50, 23, 7, 45, 28, 17, 11, 38, 12, 38, 0)
s = 6: (0, 34, 14, 8, 57, 29, 23, 22, 63, 9, 38, 0)
s = 7: (0, 40, 19, 10, 40, 14, 40, 17, 29, 10, 37, 0)
s = 8: (0, 40, 25, 15, 32, 19, 17, 16, 70, 7, 27, 0)
s = 9: (0, 29, 18, 12, 56, 22, 25, 17, 40, 10, 24, 0)
s = 10: (0, 39, 24, 10, 81, 20, 20, 14, 47, 13, 49, 0)
s = 11: (0, 47, 29, 18, 25, 22, 25, 16, 31, 9, 21, 0)
s = 12: (0, 35, 30, 9, 49, 19, 22, 15, 30, 6, 24, 0)
s = 13: (0, 46, 24, 15, 35, 17, 22, 14, 53, 8, 23, 0)
s = 14: (0, 47, 20, 16, 38, 11, 30, 20, 30, 6, 34, 0)
s = 15: (0, 35, 20, 10, 32, 16, 29, 22, 31, 7, 30, 0)
s = 16: (0, 39, 25, 10, 46, 16, 19, 24, 40, 5, 33, 0)
s = 17: (0, 36, 21, 9, 39, 15, 18, 15, 72, 13, 50, 0)
s = 18: (0, 30, 17, 16, 59, 19, 17, 22, 40, 10, 21, 0)
s = 19: (0, 29, 22, 12, 33, 20, 16, 22, 53, 5, 44, 0)
s = 20: (0, 30, 39, 20, 28, 26, 27, 15, 60, 8, 33, 0)
s = 21: (0, 29, 28, 13, 43, 27, 34, 18, 61, 5, 28, 0)
s = 22: (0, 50, 30, 12, 26, 26, 25, 13, 44, 9, 20, 0)
s = 23: (0, 38, 24, 10, 52, 23, 19, 15, 59, 7, 35, 0)
s = 24: (0, 29, 19, 13, 27, 15, 14, 15, 54, 13, 40, 0)
s = 25: (0, 58, 24, 11, 59, 20, 27, 12, 72, 11, 22, 0)
s = 26: (0, 23, 24, 15, 37, 11, 33, 17, 31, 7, 28, 0)
s = 27: (0, 35, 25, 8, 31, 22, 26, 12, 46, 6, 19, 0)
s = 28: (0, 33, 27, 15, 40, 17, 19, 10, 61, 6, 19, 0)
s = 29: (0, 54, 19, 13, 43, 16, 15, 15, 40, 6, 38, 0)
s = 30: (0, 38, 12, 14, 55, 11, 15, 10, 33, 10, 41, 0)
s = 31: (0, 52, 25, 9, 30, 22, 20, 22, 47, 9, 31, 0)
s = 32: (0, 49, 26, 13, 71, 26, 39, 13, 56, 10, 27, 0)
s = 33: (0, 35, 16, 11, 22, 21, 16, 17, 33, 7, 56, 0)
s = 34: (0, 55, 16, 14, 39, 16, 25, 22, 52, 12, 30, 0)
s = 35: (0, 49, 29, 10, 53, 25, 27, 16, 30, 12, 22, 0)
s = 36: (0, 47, 19, 12, 62, 15, 19, 11, 24, 16, 52, 0)
s = 37: (0, 28, 18, 13, 51, 14, 26, 19, 48, 8, 29, 0)
s = 38: (0, 38, 26, 9, 63, 21, 22, 13, 61, 9, 54, 0)
s = 39: (0, 42, 25, 19, 45, 23, 23, 16, 44, 8, 31, 0)
s = 40: (0, 36, 38, 13, 34, 16, 30, 13, 39, 10, 31, 0)
s = 41: (0, 44, 22, 10, 62, 16, 30, 16, 33, 8, 34, 0)
s = 42: (0, 50, 17, 19, 45, 27, 25, 13, 38, 9, 29, 0)
s = 43: (0, 24, 23, 15, 31, 17, 20, 26, 52, 6, 30, 0)
s = 44: (0, 43, 23, 12, 67, 18, 29, 14, 56, 6, 37, 0)
s = 45: (0, 23, 15, 10, 25, 13, 24, 15, 46, 6, 26, 0)
s = 46: (0, 34, 23, 14, 35, 17, 23, 19, 29, 8, 26, 0)
s = 47: (0, 31, 20, 11, 55, 23, 22, 10, 44, 9, 28, 0)
s = 48: (0, 43, 17, 8, 42, 17, 14, 12, 37, 5, 27, 0)
s = 49: (0, 35, 15, 20, 39, 16, 19, 11, 34, 10, 32, 0)
s = 50: (0, 42, 18, 17, 52, 24, 16, 16, 39, 11, 45, 0)
s = 51: (0, 51, 27, 10, 48, 18, 27, 15, 51, 9, 35, 0)
s = 52: (0, 29, 18, 16, 32, 17, 19, 14, 32, 6, 37, 0)
s = 53: (0, 38, 13, 12, 55, 27, 25, 13, 34, 9, 32, 0)
s = 54: (0, 38, 16, 13, 60, 21, 23, 15, 38, 10, 25, 0)
s = 55: (0, 35, 28, 11, 27, 14, 21, 24, 39, 7, 33, 0)
s = 56: (0, 63, 17, 15, 50, 29, 16, 11, 32, 11, 19, 0)
s = 57: (0, 51, 16, 14, 34, 16, 20, 24, 39, 7, 52, 0)
s = 58: (0, 32, 19, 15, 44, 11, 34, 11, 39, 11, 24, 0)
s = 59: (0, 41, 38, 7, 23, 21, 18, 11, 58, 8, 39, 0)
s = 60: (0, 29, 18, 11, 41, 10, 19, 19, 53, 6, 32, 0)
s = 61: (0, 45, 21, 14, 44, 19, 21, 19, 45, 8, 44, 0)
s = 62: (0, 32, 29, 9, 37, 25, 23, 15, 48, 9, 24, 0)
s = 63: (0, 32, 13, 17, 40, 15, 28, 14, 57, 6, 41, 0)
s = 64: (0, 32, 21, 11, 23, 32, 26, 18, 33, 11, 36, 0)
s = 65: (0, 44, 13, 13, 26, 12, 25, 20, 41, 8, 34, 0)
s = 66: (0, 38, 23, 15, 62, 21, 15, 19, 60, 10, 51, 0)
s = 67: (0, 64, 14, 17, 25, 24, 21, 17, 35, 7, 19, 0)
s = 68: (0, 52, 20, 8, 53, 22, 39, 19, 47, 6, 23, 0)
s = 69: (0, 39, 22, 11, 27, 13, 38, 30, 48, 7, 20, 0)
s = 70: (0, 57, 19, 15, 37, 14, 38, 15, 46, 6, 37, 0)
s = 71: (0, 43, 25, 8, 55, 11, 30, 10, 62, 7, 43, 0)
s = 72: (0, 48, 13, 20, 33, 13, 14, 14, 68, 11, 43, 0)
s = 73: (0, 79, 13, 13, 33, 26, 29, 9, 31, 7, 41, 0)
s = 74: (0, 31, 12, 10, 53, 21, 16, 9, 64, 13, 54, 0)
s = 75: (0, 30, 14, 9, 38, 13, 34, 32, 59, 8, 34, 0)
s = 76: (0, 27, 34, 12, 41, 22, 31, 16, 50, 8, 42, 0)
s = 77: (0, 24, 33, 16, 28, 15, 31, 26, 32, 8, 35, 0)
s = 78: (0, 28, 19, 9, 50, 17, 22, 16, 47, 9, 24, 0)
s = 79: (0, 37, 21, 8, 48, 18, 30, 18, 35, 7, 39, 0)
s = 80: (0, 52, 23, 15, 67, 29, 17, 20, 56, 5, 34, 0)
s = 81: (0, 34, 31, 17, 22, 22, 29, 26, 49, 10, 31, 0)
s = 82: (0, 53, 16, 13, 47, 17, 16, 18, 43, 9, 34, 0)
s = 83: (0, 70, 18, 11, 43, 18, 28, 13, 46, 6, 30, 0)
s = 84: (0, 34, 23, 11, 62, 13, 22, 12, 81, 9, 45, 0)
s = 85: (0, 37, 16, 8, 36, 21, 30, 21, 48, 12, 23, 0)
s = 86: (0, 55, 23, 10, 37, 22, 25, 20, 45, 10, 28, 0)
s = 87: (0, 38, 18, 16, 31, 18, 27, 21, 24, 11, 29, 0)
s = 88: (0, 30, 16, 10, 40, 19, 20, 27, 39, 7, 19, 0)
s = 89: (0, 38, 31, 13, 50, 11, 33, 23, 40, 8, 37, 0)
s = 90: (0, 38, 25, 8, 69, 15, 20, 13, 31, 6, 36, 0)
s = 91: (0, 32, 31, 7, 38, 33, 21, 16, 45, 11, 31, 0)
s = 92: (0, 42, 26, 11, 47, 24, 16, 12, 36, 10, 28, 0)
s = 93: (0, 40, 18, 14, 43, 17, 25, 20, 57, 5, 40, 0)
s = 94: (0, 35, 28, 12, 41, 22, 22, 13, 29, 13, 22, 0)
s = 95: (0, 26, 18, 9, 29, 29, 18, 12, 37, 11, 20, 0)
s = 96: (0, 23, 27, 10, 25, 25, 39, 21, 43, 9, 21, 0)
s = 97: (0, 63, 17, 11, 32, 10, 18, 26, 40, 6, 41, 0)
s = 98: (0, 35, 14, 11, 46, 27, 18, 25, 28, 13, 20, 0)
s = 99: (0, 31, 20, 9, 63, 26, 14, 11, 39, 10, 29, 0)
s = 100: (0, 42, 22, 16, 31, 11, 19, 27, 31, 7, 43, 0)
s = 101: (0, 40, 25, 17, 50, 20, 17, 12, 39, 11, 34, 0)
s = 102: (0, 50, 21, 9, 24, 16, 38, 14, 41, 6, 18, 0)
s = 103: (0, 54, 26, 8, 27, 21, 35, 14, 41, 7, 41, 0)
s = 104: (0, 39, 21, 16, 44, 21, 28, 9, 30, 9, 19, 0)
s = 105: (0, 63, 17, 9, 27, 13, 28, 12, 52, 9, 18, 0)
s = 106: (0, 36, 20, 11, 40, 18, 27, 20, 35, 11, 31, 0)
s = 107: (0, 40, 17, 9, 28, 20, 19, 24, 25, 9, 26, 0)
s = 108: (0, 37, 29, 8, 30, 16, 17, 23, 43, 7, 26, 0)
s = 109: (0, 62, 15, 12, 50, 25, 27, 19, 37, 8, 23, 0)
s = 110: (0, 35, 31, 12, 78, 16, 20, 26, 43, 8, 37, 0)
s = 111: (0, 33, 17, 8, 47, 14, 29, 15, 62, 10, 48, 0)
s = 112: (0, 32, 28, 17, 34, 17, 38, 14, 42, 8, 22, 0)
s = 113: (0, 44, 13, 14, 68, 21, 32, 18, 24, 13, 25, 0)
s = 114: (0, 34, 31, 10, 38, 26, 14, 14, 73, 10, 33, 0)
s = 115: (0, 48, 23, 13, 44, 28, 17, 14, 57, 8, 27, 0)
s = 116: (0, 23, 18, 10, 49, 15, 29, 23, 46, 10, 18, 0)
s = 117: (0, 34, 42, 11, 24, 22, 17, 10, 71, 7, 27, 0)
s = 118: (0, 37, 22, 12, 30, 22, 30, 18, 50, 8, 23, 0)
s = 119: (0, 35, 26, 18, 26, 17, 16, 19, 47, 9, 22, 0)
s = 120: (0, 33, 19, 12, 45, 14, 23, 10, 42, 10, 27, 0)
s = 121: (0, 54, 13, 11, 46, 16, 20, 14, 43, 5, 50, 0)
s = 122: (0, 33, 19, 12, 31, 18, 36, 14, 58, 6, 23, 0)
s = 123: (0, 49, 29, 13, 47, 19, 24, 24, 44, 9, 29, 0)
s = 124: (0, 67, 39, 13, 41, 18, 25, 15, 50, 7, 26, 0)
s = 125: (0, 64, 25, 16, 30, 22, 20, 20, 44, 11, 27, 0)
s = 126: (0, 26, 20, 16, 27, 24, 27, 13, 44, 8, 34, 0)
s = 127: (0, 45, 21, 17, 32, 19, 28, 10, 44, 13, 48, 0)
s = 128: (0, 66, 28, 9, 48, 15, 32, 17, 39, 8, 33, 0)
s = 129: (0, 39, 17, 17, 40, 24, 33, 31, 32, 6, 35, 0)
s = 130: (0, 29, 39, 14, 43, 28, 21, 19, 39, 10, 25, 0)
s = 131: (0, 37, 13, 14, 41, 17, 19, 14, 51, 10, 41, 0)
s = 132: (0, 48, 31, 21, 41, 13, 22, 19, 43, 7, 42, 0)
s = 133: (0, 59, 22, 11, 52, 15, 25, 14, 43, 11, 29, 0)
s = 134: (0, 33, 22, 11, 43, 18, 20, 12, 41, 10, 44, 0)
s = 135: (0, 37, 26, 16, 25, 15, 21, 11, 35, 11, 20, 0)
s = 136: (0, 31, 27, 13, 28, 14, 19, 26, 32, 8, 47, 0)
s = 137: (0, 52, 29, 11, 29, 12, 22, 11, 34, 6, 31, 0)
s = 138: (0, 30, 20, 10, 46, 15, 25, 11, 35, 13, 37, 0)
s = 139: (0, 39, 20, 14, 27, 17, 26, 13, 30, 12, 45, 0)
s = 140: (0, 63, 18, 10, 42, 24, 21, 11, 44, 8, 24, 0)
s = 141: (0, 34, 19, 9, 49, 14, 22, 19, 31, 9, 33, 0)
s = 142: (0, 53, 35, 8, 43, 27, 31, 16, 48, 13, 36, 0)
s = 143: (0, 56, 19, 14, 58, 12, 28, 18, 33, 8, 26, 0)
s = 144: (0, 46, 25, 12, 34, 13, 18, 20, 40, 7, 37, 0)
s = 145: (0, 48, 21, 15, 42, 11, 23, 20, 32, 11, 21, 0)
s = 146: (0, 48, 17, 14, 36, 21, 40, 12, 41, 14, 31, 0)
s = 147: (0, 32, 17, 13, 52, 12, 20, 9, 46, 5, 35, 0)
s = 148: (0, 28, 17, 11, 27, 18, 17, 16, 37, 8, 21, 0)
s = 149: (0, 36, 26, 17, 31, 26, 33, 16, 27, 9, 23, 0)
s = 150: (0, 31, 21, 12, 23, 27, 23, 18, 48, 5, 30, 0)
s = 151: (0, 31, 24, 9, 32, 20, 38, 15, 63, 8, 35, 0)
s = 152: (0, 34, 13, 10, 39, 27, 29, 11, 46, 7, 23, 0)
s = 153: (0, 33, 15, 14, 30, 13, 29, 10, 29, 8, 29, 0)
s = 154: (0, 54, 19, 11, 45, 33, 31, 12, 45, 8, 25, 0)
s = 155: (0, 44, 17, 10, 56, 17, 40, 14, 41, 7, 29, 0)
s = 156: (0, 35, 25, 11, 50, 15, 34, 23, 25, 12, 42, 0)
s = 157: (0, 31, 24, 11, 27, 14, 23, 11, 50, 11, 52, 0)
s = 158: (0, 38, 21, 14, 23, 22, 22, 11, 55, 7, 35, 0)
s = 159: (0, 37, 13, 11, 41, 15, 45, 16, 37, 8, 41, 0)
s = 160: (0, 27, 20, 14, 43, 21, 23, 14, 29, 6, 34, 0)
s = 161: (0, 43, 23, 19, 53, 17, 31, 12, 42, 10, 59, 0)
s = 162: (0, 48, 26, 19, 44, 22, 23, 13, 43, 5, 32, 0)
s = 163: (0, 33, 29, 11, 33, 19, 38, 16, 31, 6, 37, 0)
s = 164: (0, 69, 23, 18, 50, 14, 24, 11, 65, 10, 30, 0)
s = 165: (0, 46, 14, 13, 29, 11, 19, 10, 53, 11, 30, 0)
s = 166: (0, 42, 19, 10, 57, 26, 30, 17, 51, 6, 22, 0)
s = 167: (0, 42, 19, 13, 74, 12, 28, 14, 42, 13, 37, 0)
s = 168: (0, 29, 25, 18, 35, 27, 33, 10, 37, 10, 21, 0)
s = 169: (0, 54, 16, 15, 30, 19, 33, 17, 34, 12, 29, 0)
s = 170: (0, 48, 18, 8, 35, 16, 31, 12, 55, 7, 38, 0)
s = 171: (0, 41, 25, 11, 25, 13, 29, 26, 29, 7, 28, 0)
s = 172: (0, 35, 17, 17, 36, 18, 17, 11, 55, 5, 26, 0)
s = 173: (0, 41, 16, 8, 42, 22, 36, 10, 37, 6, 38, 0)
s = 174: (0, 42, 21, 16, 28, 24, 24, 16, 59, 12, 33, 0)
s = 175: (0, 51, 18, 15, 43, 14, 20, 19, 38, 9, 21, 0)
s = 176: (0, 30, 13, 12, 50, 21, 18, 20, 28, 11, 32, 0)
s = 177: (0, 28, 19, 14, 50, 12, 25, 16, 37, 11, 22, 0)
s = 178: (0, 41, 25, 12, 39, 24, 18, 16, 26, 11, 34, 0)
s = 179: (0, 56, 13, 13, 31, 25, 22, 18, 33, 8, 37, 0)
s = 180: (0, 63, 23, 15, 44, 14, 26, 11, 47, 10, 37, 0)
s = 181: (0, 48, 19, 14, 62, 24, 29, 14, 43, 8, 33, 0)
s = 182: (0, 54, 18, 10, 41, 23, 26, 13, 37, 10, 22, 0)
s = 183: (0, 31, 21, 13, 41, 19, 38, 10, 42, 12, 26, 0)
s = 184: (0, 26, 23, 10, 62, 23, 20, 25, 38, 9, 30, 0)
s = 185: (0, 40, 16, 14, 62, 14, 13, 12, 48, 7, 24, 0)
s = 186: (0, 56, 16, 9, 36, 30, 19, 11, 28, 9, 36, 0)
s = 187: (0, 30, 24, 13, 40, 15, 37, 11, 45, 10, 25, 0)
s = 188: (0, 52, 22, 12, 35, 19, 18, 10, 50, 12, 36, 0)
s = 189: (0, 50, 27, 16, 46, 19, 36, 24, 51, 8, 30, 0)
s = 190: (0, 24, 14, 9, 31, 22, 20, 11, 36, 7, 41, 0)
s = 191: (0, 49, 28, 16, 35, 28, 17, 15, 50, 6, 22, 0)
s = 192: (0, 51, 29, 8, 38, 19, 16, 13, 40, 8, 35, 0)
s = 193: (0, 23, 22, 18, 33, 15, 25, 14, 29, 9, 48, 0)
s = 194: (0, 41, 30, 9, 73, 18, 35, 21, 26, 8, 18, 0)
s = 195: (0, 35, 24, 10, 50, 19, 33, 19, 55, 7, 34, 0)
s = 196: (0, 27, 22, 12, 49, 14, 22, 21, 51, 13, 35, 0)
s = 197: (0, 44, 33, 9, 48, 24, 47, 22, 29, 7, 18, 0)
s = 198: (0, 45, 12, 9, 38, 24, 20, 17, 49, 13, 28, 0)
s = 199: (0, 67, 22, 15, 44, 21, 29, 26, 41, 11, 20, 0)
s = 200: (0, 35, 27, 18, 64, 23, 26, 16, 31, 10, 26, 0)
------------------------------------------------------------------------
RESOURCE k = 3
s = 1: (0, 30, 17, 28, 27, 14, 20, 5, 38, 9, 22, 0)
s = 2: (0, 35, 15, 22, 30, 9, 27, 6, 59, 8, 10, 0)
s = 3: (0, 28, 19, 22, 21, 21, 39, 7, 40, 8, 15, 0)
s = 4: (0, 29, 16, 18, 21, 14, 24, 6, 46, 8, 10, 0)
s = 5: (0, 36, 19, 12, 31, 23, 19, 6, 38, 14, 19, 0)
s = 6: (0, 25, 12, 14, 40, 25, 25, 11, 63, 10, 19, 0)
s = 7: (0, 29, 16, 17, 28, 12, 44, 9, 29, 11, 19, 0)
s = 8: (0, 29, 22, 24, 22, 16, 19, 8, 70, 7, 14, 0)
s = 9: (0, 21, 15, 19, 39, 18, 28, 9, 40, 11, 12, 0)
s = 10: (0, 28, 21, 17, 57, 17, 22, 7, 47, 14, 25, 0)
s = 11: (0, 34, 25, 30, 17, 18, 28, 8, 31, 10, 11, 0)
s = 12: (0, 25, 26, 14, 34, 16, 24, 8, 30, 6, 12, 0)
s = 13: (0, 33, 21, 25, 25, 14, 24, 7, 53, 9, 12, 0)
s = 14: (0, 34, 17, 27, 27, 9, 33, 10, 30, 7, 17, 0)
s = 15: (0, 25, 17, 16, 23, 13, 33, 11, 31, 8, 15, 0)
s = 16: (0, 28, 21, 16, 32, 14, 22, 12, 40, 5, 17, 0)
s = 17: (0, 26, 18, 15, 27, 12, 20, 8, 72, 15, 25, 0)
s = 18: (0, 22, 15, 27, 42, 16, 19, 11, 40, 11, 11, 0)
s = 19: (0, 21, 19, 20, 23, 17, 18, 11, 53, 6, 22, 0)
s = 20: (0, 21, 34, 33, 20, 22, 30, 8, 60, 9, 17, 0)
s = 21: (0, 21, 24, 21, 30, 23, 39, 9, 61, 6, 14, 0)
s = 22: (0, 36, 26, 20, 18, 22, 28, 7, 44, 10, 10, 0)
s = 23: (0, 27, 21, 17, 36, 19, 21, 8, 59, 8, 18, 0)
s = 24: (0, 21, 16, 21, 19, 13, 16, 8, 54, 14, 20, 0)
s = 25: (0, 41, 21, 19, 41, 17, 30, 6, 72, 12, 11, 0)
s = 26: (0, 17, 21, 25, 26, 10, 37, 9, 31, 7, 14, 0)
s = 27: (0, 25, 21, 14, 22, 19, 30, 6, 46, 7, 10, 0)
s = 28: (0, 24, 24, 25, 28, 14, 22, 5, 61, 6, 10, 0)
s = 29: (0, 39, 16, 21, 30, 14, 16, 8, 40, 7, 19, 0)
s = 30: (0, 27, 10, 23, 39, 9, 17, 5, 33, 11, 21, 0)
s = 31: (0, 37, 22, 15, 21, 18, 22, 11, 47, 10, 16, 0)
s = 32: (0, 35, 22, 22, 50, 22, 44, 7, 56, 11, 14, 0)
s = 33: (0, 25, 14, 18, 16, 18, 18, 9, 33, 8, 28, 0)
s = 34: (0, 39, 14, 23, 27, 14, 28, 11, 52, 13, 15, 0)
s = 35: (0, 35, 25, 17, 37, 21, 31, 8, 30, 13, 11, 0)
s = 36: (0, 34, 17, 20, 44, 12, 21, 6, 24, 18, 26, 0)
s = 37: (0, 20, 16, 21, 36, 12, 30, 10, 48, 9, 15, 0)
s = 38: (0, 28, 22, 14, 44, 18, 25, 7, 61, 10, 27, 0)
s = 39: (0, 30, 21, 31, 31, 19, 26, 8, 44, 9, 16, 0)
s = 40: (0, 26, 33, 21, 24, 13, 33, 7, 39, 11, 16, 0)
s = 41: (0, 32, 19, 17, 44, 13, 33, 8, 33, 9, 17, 0)
s = 42: (0, 36, 14, 31, 31, 23, 28, 7, 38, 10, 15, 0)
s = 43: (0, 17, 20, 24, 22, 14, 22, 13, 52, 7, 15, 0)
s = 44: (0, 31, 20, 20, 47, 15, 33, 7, 56, 7, 19, 0)
s = 45: (0, 16, 13, 16, 17, 11, 27, 8, 46, 7, 13, 0)
s = 46: (0, 24, 20, 23, 25, 15, 25, 10, 29, 9, 13, 0)
s = 47: (0, 23, 17, 18, 38, 19, 24, 5, 44, 10, 14, 0)
s = 48: (0, 31, 15, 12, 29, 14, 16, 6, 37, 6, 14, 0)
s = 49: (0, 25, 13, 33, 27, 14, 21, 6, 34, 11, 16, 0)
s = 50: (0, 30, 16, 28, 36, 20, 18, 8, 39, 12, 23, 0)
s = 51: (0, 37, 23, 17, 34, 15, 31, 8, 51, 10, 18, 0)
s = 52: (0, 21, 16, 26, 22, 14, 21, 7, 32, 7, 19, 0)
s = 53: (0, 27, 11, 19, 39, 23, 28, 7, 34, 10, 16, 0)
s = 54: (0, 27, 13, 22, 42, 17, 26, 8, 38, 12, 13, 0)
s = 55: (0, 25, 24, 18, 19, 12, 23, 12, 39, 8, 17, 0)
s = 56: (0, 45, 15, 25, 35, 24, 17, 6, 32, 12, 10, 0)
s = 57: (0, 37, 14, 24, 24, 13, 22, 12, 39, 8, 26, 0)
s = 58: (0, 23, 17, 25, 31, 9, 38, 6, 39, 12, 12, 0)
s = 59: (0, 29, 33, 12, 16, 17, 20, 6, 58, 9, 20, 0)
s = 60: (0, 21, 15, 18, 29, 9, 21, 10, 53, 7, 16, 0)
s = 61: (0, 32, 18, 22, 31, 16, 23, 10, 45, 9, 22, 0)
s = 62: (0, 23, 25, 15, 26, 21, 25, 8, 48, 10, 12, 0)
s = 63: (0, 23, 11, 28, 28, 13, 31, 7, 57, 6, 21, 0)
s = 64: (0, 23, 18, 17, 17, 26, 29, 9, 33, 13, 18, 0)
s = 65: (0, 31, 11, 21, 19, 10, 28, 10, 41, 9, 17, 0)
s = 66: (0, 27, 20, 25, 43, 17, 17, 10, 60, 11, 26, 0)
s = 67: (0, 46, 12, 27, 18, 20, 24, 9, 35, 8, 10, 0)
s = 68: (0, 38, 18, 12, 37, 18, 44, 10, 47, 7, 12, 0)
s = 69: (0, 28, 19, 17, 19, 11, 42, 15, 48, 8, 10, 0)
s = 70: (0, 41, 16, 25, 26, 11, 43, 8, 46, 6, 19, 0)
s = 71: (0, 31, 21, 13, 39, 10, 34, 5, 62, 8, 22, 0)
s = 72: (0, 34, 11, 33, 23, 11, 15, 7, 68, 12, 22, 0)
s = 73: (0, 56, 11, 22, 23, 22, 32, 5, 31, 8, 21, 0)
s = 74: (0, 22, 11, 17, 37, 18, 18, 5, 64, 14, 27, 0)
s = 75: (0, 21, 12, 14, 27, 11, 38, 16, 59, 9, 17, 0)
s = 76: (0, 20, 29, 19, 29, 19, 34, 8, 50, 9, 21, 0)
s = 77: (0, 17, 29, 26, 20, 12, 35, 13, 32, 9, 18, 0)
s = 78: (0, 20, 16, 15, 35, 15, 25, 8, 47, 10, 12, 0)
s = 79: (0, 27, 18, 14, 34, 15, 33, 9, 35, 8, 20, 0)
s = 80: (0, 38, 19, 24, 47, 24, 19, 10, 56, 6, 17, 0)
s = 81: (0, 24, 27, 29, 15, 19, 33, 13, 49, 11, 16, 0)
s = 82: (0, 38, 14, 21, 33, 15, 18, 9, 43, 10, 17, 0)
s = 83: (0, 50, 15, 17, 30, 15, 32, 7, 46, 7, 15, 0)
s = 84: (0, 25, 20, 18, 44, 11, 25, 6, 81, 10, 23, 0)
s = 85: (0, 26, 14, 13, 25, 18, 34, 11, 48, 13, 12, 0)
s = 86: (0, 39, 20, 16, 26, 19, 28, 10, 45, 11, 14, 0)
s = 87: (0, 27, 16, 26, 22, 15, 30, 11, 24, 13, 15, 0)
s = 88: (0, 21, 14, 17, 28, 16, 23, 14, 39, 8, 10, 0)
s = 89: (0, 28, 27, 22, 35, 10, 37, 12, 40, 9, 19, 0)
s = 90: (0, 27, 21, 13, 48, 12, 23, 7, 31, 7, 18, 0)
s = 91: (0, 23, 27, 12, 27, 28, 24, 8, 45, 12, 16, 0)
s = 92: (0, 30, 23, 19, 33, 20, 18, 6, 36, 11, 14, 0)
s = 93: (0, 29, 16, 23, 30, 15, 28, 10, 57, 6, 20, 0)
s = 94: (0, 25, 24, 19, 29, 18, 24, 7, 29, 15, 11, 0)
s = 95: (0, 19, 16, 14, 21, 24, 20, 6, 37, 12, 10, 0)
s = 96: (0, 17, 23, 17, 18, 21, 44, 11, 43, 10, 11, 0)
s = 97: (0, 45, 14, 18, 23, 8, 20, 13, 40, 6, 21, 0)
s = 98: (0, 25, 12, 19, 32, 23, 20, 13, 28, 15, 10, 0)
s = 99: (0, 23, 18, 14, 44, 22, 15, 6, 39, 11, 15, 0)
s = 100: (0, 30, 19, 26, 22, 9, 21, 14, 31, 8, 22, 0)
s = 101: (0, 28, 22, 28, 35, 16, 19, 6, 39, 13, 17, 0)
s = 102: (0, 36, 18, 15, 17, 13, 43, 7, 41, 7, 9, 0)
s = 103: (0, 39, 23, 14, 19, 18, 40, 7, 41, 8, 21, 0)
s = 104: (0, 28, 18, 27, 31, 18, 31, 5, 30, 10, 10, 0)
s = 105: (0, 45, 15, 14, 19, 11, 32, 6, 52, 10, 9, 0)
s = 106: (0, 26, 18, 18, 28, 15, 30, 10, 35, 13, 16, 0)
s = 107: (0, 29, 15, 15, 20, 16, 21, 12, 25, 10, 13, 0)
s = 108: (0, 27, 25, 14, 21, 14, 19, 12, 43, 7, 13, 0)
s = 109: (0, 45, 13, 20, 35, 21, 30, 10, 37, 9, 12, 0)
s = 110: (0, 25, 27, 19, 55, 13, 23, 13, 43, 9, 19, 0)
s = 111: (0, 24, 14, 13, 33, 12, 32, 8, 62, 11, 24, 0)
s = 112: (0, 23, 24, 28, 24, 14, 42, 7, 42, 9, 11, 0)
s = 113: (0, 31, 12, 23, 48, 18, 36, 9, 24, 14, 13, 0)
s = 114: (0, 24, 26, 16, 27, 22, 16, 7, 73, 11, 17, 0)
s = 115: (0, 35, 20, 21, 31, 23, 19, 7, 57, 9, 14, 0)
s = 116: (0, 17, 16, 16, 35, 13, 33, 12, 46, 11, 9, 0)
s = 117: (0, 24, 36, 19, 17, 19, 19, 5, 71, 8, 14, 0)
s = 118: (0, 27, 19, 19, 21, 18, 33, 9, 50, 9, 12, 0)
s = 119: (0, 25, 23, 30, 19, 14, 18, 10, 47, 10, 11, 0)
s = 120: (0, 24, 16, 19, 32, 12, 26, 5, 42, 11, 14, 0)
s = 121: (0, 38, 11, 19, 32, 14, 23, 7, 43, 6, 25, 0)
s = 122: (0, 23, 16, 20, 22, 15, 40, 7, 58, 7, 12, 0)
s = 123: (0, 35, 25, 22, 33, 16, 27, 12, 44, 10, 15, 0)
s = 124: (0, 48, 34, 21, 29, 15, 29, 8, 50, 8, 13, 0)
s = 125: (0, 46, 22, 27, 21, 18, 23, 10, 44, 12, 14, 0)
s = 126: (0, 19, 17, 27, 19, 20, 31, 7, 44, 9, 17, 0)
s = 127: (0, 32, 18, 27, 22, 16, 32, 5, 44, 14, 24, 0)
s = 128: (0, 47, 24, 15, 34, 13, 36, 9, 39, 9, 17, 0)
s = 129: (0, 28, 15, 29, 28, 20, 37, 16, 32, 7, 18, 0)
s = 130: (0, 21, 34, 22, 31, 23, 24, 10, 39, 11, 13, 0)
s = 131: (0, 27, 11, 24, 29, 14, 22, 7, 51, 12, 21, 0)
s = 132: (0, 34, 27, 34, 29, 11, 25, 10, 43, 7, 21, 0)
s = 133: (0, 42, 19, 18, 37, 13, 29, 7, 43, 12, 15, 0)
s = 134: (0, 23, 19, 18, 30, 15, 22, 6, 41, 11, 22, 0)
s = 135: (0, 26, 22, 26, 18, 13, 24, 6, 35, 13, 10, 0)
s = 136: (0, 22, 23, 21, 20, 12, 21, 13, 32, 9, 24, 0)
s = 137: (0, 37, 25, 18, 21, 10, 25, 6, 34, 6, 16, 0)
s = 138: (0, 21, 17, 16, 32, 12, 29, 6, 35, 15, 19, 0)
s = 139: (0, 28, 17, 23, 19, 14, 29, 7, 30, 13, 23, 0)
s = 140: (0, 45, 16, 16, 30, 20, 23, 6, 44, 9, 12, 0)
s = 141: (0, 25, 16, 15, 35, 12, 25, 10, 31, 10, 17, 0)
s = 142: (0, 38, 30, 13, 30, 22, 35, 8, 48, 14, 18, 0)
s = 143: (0, 40, 16, 22, 41, 10, 31, 9, 33, 9, 13, 0)
s = 144: (0, 33, 21, 19, 24, 11, 20, 10, 40, 7, 19, 0)
s = 145: (0, 34, 18, 25, 29, 9, 26, 10, 32, 12, 11, 0)
s = 146: (0, 34, 15, 23, 25, 18, 45, 6, 41, 15, 16, 0)
s = 147: (0, 23, 15, 21, 37, 10, 22, 5, 46, 6, 18, 0)
s = 148: (0, 20, 14, 18, 19, 15, 19, 8, 37, 9, 11, 0)
s = 149: (0, 26, 22, 29, 22, 22, 37, 8, 27, 10, 12, 0)
s = 150: (0, 22, 18, 20, 16, 23, 26, 9, 48, 6, 15, 0)
s = 151: (0, 22, 20, 15, 23, 17, 43, 8, 63, 8, 18, 0)
s = 152: (0, 25, 11, 16, 27, 23, 32, 6, 46, 8, 12, 0)
s = 153: (0, 24, 13, 23, 21, 11, 32, 5, 29, 9, 15, 0)
s = 154: (0, 39, 17, 19, 32, 28, 34, 6, 45, 9, 13, 0)
s = 155: (0, 32, 14, 16, 40, 14, 45, 7, 41, 8, 15, 0)
s = 156: (0, 25, 21, 18, 35, 12, 39, 12, 25, 13, 21, 0)
s = 157: (0, 22, 21, 19, 19, 12, 26, 6, 50, 13, 26, 0)
s = 158: (0, 28, 18, 22, 17, 18, 24, 6, 55, 8, 18, 0)
s = 159: (0, 27, 11, 18, 29, 12, 51, 8, 37, 9, 21, 0)
s = 160: (0, 19, 17, 22, 30, 17, 26, 7, 29, 6, 17, 0)
s = 161: (0, 31, 19, 31, 37, 14, 35, 6, 42, 11, 30, 0)
s = 162: (0, 35, 23, 31, 31, 18, 25, 7, 43, 6, 16, 0)
s = 163: (0, 23, 25, 19, 23, 16, 42, 8, 31, 7, 19, 0)
s = 164: (0, 50, 20, 30, 35, 12, 27, 6, 65, 11, 15, 0)
s = 165: (0, 33, 12, 22, 20, 9, 22, 5, 53, 12, 15, 0)
s = 166: (0, 30, 16, 16, 40, 22, 34, 9, 51, 7, 11, 0)
s = 167: (0, 30, 16, 22, 52, 10, 31, 7, 42, 14, 19, 0)
s = 168: (0, 21, 22, 29, 24, 23, 37, 5, 37, 11, 11, 0)
s = 169: (0, 39, 14, 25, 21, 16, 37, 9, 34, 13, 15, 0)
s = 170: (0, 34, 16, 14, 24, 14, 35, 6, 55, 8, 19, 0)
s = 171: (0, 30, 21, 19, 18, 11, 33, 13, 29, 7, 14, 0)
s = 172: (0, 25, 15, 28, 25, 15, 19, 6, 55, 5, 13, 0)
s = 173: (0, 29, 14, 12, 30, 18, 41, 5, 37, 7, 19, 0)
s = 174: (0, 30, 18, 26, 20, 20, 26, 8, 59, 14, 17, 0)
s = 175: (0, 37, 16, 25, 30, 12, 22, 10, 38, 10, 11, 0)
s = 176: (0, 21, 11, 19, 35, 18, 20, 10, 28, 12, 16, 0)
s = 177: (0, 20, 16, 23, 35, 10, 28, 8, 37, 12, 11, 0)
s = 178: (0, 29, 21, 20, 28, 20, 20, 8, 26, 12, 17, 0)
s = 179: (0, 40, 11, 21, 22, 21, 25, 9, 33, 8, 19, 0)
s = 180: (0, 45, 19, 25, 31, 11, 29, 6, 47, 11, 19, 0)
s = 181: (0, 34, 16, 23, 44, 20, 33, 7, 43, 9, 17, 0)
s = 182: (0, 38, 16, 16, 29, 19, 29, 7, 37, 12, 11, 0)
s = 183: (0, 23, 18, 22, 29, 16, 43, 5, 42, 13, 13, 0)
s = 184: (0, 19, 19, 16, 44, 19, 22, 13, 38, 10, 15, 0)
s = 185: (0, 28, 13, 22, 44, 12, 15, 6, 48, 8, 12, 0)
s = 186: (0, 40, 14, 15, 26, 25, 22, 6, 28, 10, 18, 0)
s = 187: (0, 22, 21, 22, 28, 12, 41, 6, 45, 11, 13, 0)
s = 188: (0, 37, 19, 20, 25, 16, 20, 5, 50, 14, 18, 0)
s = 189: (0, 36, 23, 27, 32, 16, 41, 12, 51, 9, 15, 0)
s = 190: (0, 17, 12, 15, 22, 18, 22, 6, 36, 7, 21, 0)
s = 191: (0, 35, 24, 26, 24, 24, 19, 8, 50, 7, 11, 0)
s = 192: (0, 37, 25, 14, 27, 16, 18, 7, 40, 9, 18, 0)
s = 193: (0, 16, 19, 29, 23, 13, 28, 7, 29, 10, 24, 0)
s = 194: (0, 30, 25, 15, 51, 15, 39, 11, 26, 9, 9, 0)
s = 195: (0, 25, 21, 16, 35, 16, 38, 10, 55, 8, 17, 0)
s = 196: (0, 20, 19, 20, 34, 11, 25, 11, 51, 15, 18, 0)
s = 197: (0, 32, 29, 15, 34, 20, 52, 11, 29, 8, 9, 0)
s = 198: (0, 32, 11, 15, 27, 20, 22, 9, 49, 14, 14, 0)
s = 199: (0, 48, 19, 25, 31, 18, 33, 13, 41, 12, 10, 0)
s = 200: (0, 25, 24, 30, 45, 19, 30, 8, 31, 11, 13, 0)
************************************************************************
ES/LS-VALUES:
jobnr.   ES(i)    LS(i)
------------------------------------------------------------------------
  0        0        0
  1        0       39
  2        0       58
  3        0       59
  4       11       51
  5       19       60
  6        6       64
  7       24       72
  8       24       66
  9       28       76
 10       11       70
 11       35       78
************************************************************************
BIG-M-VALUES:
M1 = 64, M2 = 312
************************************************************************
