************************************************************************
file with basedata            : j30_32.bas
initial value random generator: 416709090
************************************************************************
projects                      :  1
jobs (incl. supersource/sink ):  32
horizon                       :  154
RESOURCES
  - renewable                 :  4   R
  - nonrenewable              :  0   N
  - doubly constrained        :  0   D
************************************************************************
PROJECT INFORMATION:
pronr.  #jobs rel.date duedate tardcost  MPM-Time
    1     30      0       47        6       47
************************************************************************
PRECEDENCE RELATIONS:
jobnr.    #modes  #successors   successors
   0        1          3           1   2   3
   1        1          2           4   6
   2        1          3           4   5  11
   3        1          2          12  19
   4        1          1          28
   5        1          2          10  14
   6        1          3           7   8   9
   7        1          3          22  28  29
   8        1          1          13
   9        1          1          20
  10        1          2          15  27
  11        1          3          16  23  30
  12        1          1          15
  13        1          2          18  22
  14        1          1          21
  15        1          2          17  24
  16        1          2          18  20
  17        1          1          26
  18        1          1          21
  19        1          1          28
  20        1          1          24
  21        1          1          27
  22        1          1          25
  23        1          1          27
  24        1          1          29
  25        1          1          26
  26        1          1          30
  27        1          1          29
  28        1          1          31
  29        1          1          31
  30        1          1          31
  31        1          0        
************************************************************************
REQUESTS/DURATIONS:
jobnr. mode duration  R 1  R 2  R 3  R 4  E(W 1)  E(W 2)
------------------------------------------------------------------------
  0      1     0       0    0    0    0     0       0
  1      1     4       4    5    6    2    36      32
  2      1     1       3    4    7    6     7      13
  3      1     8       5    6    4    5    88      72
  4      1     8      10    2    2    2    96      32
  5      1     6       5    8    5    6    78      66
  6      1     2       9    9    1    8    36      20
  7      1    10       1    2    1    3    40      50
  8      1     1       9    2    3    5    11       8
  9      1     1       4    5    8    1     9      10
 10      1     5       2    2    4   10    20      70
 11      1     8       5    1    3    3    56      48
 12      1     6       3    1    4    6    30      60
 13      1     6       9    6    2   10    90      72
 14      1     4       2    5    2    6    28      32
 15      1     7       3    6    3    8    63      77
 16      1     3       2    4    9    4    18      39
 17      1     1       8    7    1    6    15       8
 18      1     7       5    1   10    3    49      91
 19      1     5       5    9    8    4    70      60
 20      1     2       3    6   10    3    18      26
 21      1     5       6    5    7    5    55      60
 22      1     8       8    8   10    6    128      128
 23      1     1       8    8    5    1    16       7
 24      1     3       1    6    6    3    24      27
 25      1    10       3    3    2    2    60      40
 26      1     4      10    5   10    2    60      48
 27      1     9       7    3    6    7    90      117
 28      1     4       2    4    3    5    24      32
 29      1     6       8    7    2    3    90      30
 30      1     9       1    8    1    3    90      45
 31      1     0       0    0    0    0     0       0
************************************************************************
RESOURCEAVAILABILITIES:
  R 1  R 2
   81   83
************************************************************************
RESOURCE LIMITS:
jobnr.  l(R 1)  u(R 1)  l(R 2)  u(R 2)
------------------------------------------------------------------------
  0        0       0       0       0
  1        5       9       4       8
  2        4       7       7      13
  3        6      11       5       9
  4        6      12       2       4
  5        7      13       6      11
  6       10      18       5      10
  7        2       4       3       5
  8        6      11       5       8
  9        5       9       5      10
 10        2       4       7      14
 11        4       7       4       6
 12        3       5       5      10
 13        8      15       6      12
 14        4       7       4       8
 15        5       9       6      11
 16        3       6       7      13
 17        8      15       4       8
 18        4       7       7      13
 19        8      14       6      12
 20        5       9       7      13
 21        6      11       7      12
 22        8      16       8      16
 23        8      16       4       7
 24        4       8       5       9
 25        4       6       2       4
 26        8      15       6      12
 27        6      10       7      13
 28        3       6       5       8
 29        8      15       3       5
 30        5      10       3       5
 31        0       0       0       0
************************************************************************
SCENARIOS:
------------------------------------------------------------------------
RESOURCE k = 1
s = 1: (0, 31, 7, 56, 127, 101, 38, 54, 9, 10, 19, 49, 50, 122, 29, 51, 11, 21, 45, 60, 33, 93, 85, 12, 28, 79, 46, 92, 34, 83, 58, 0)
s = 2: (0, 39, 7, 54, 152, 117, 31, 46, 13, 11, 16, 53, 41, 82, 28, 65, 30, 17, 38, 62, 19, 53, 89, 11, 20, 91, 73, 125, 22, 59, 136, 0)
s = 3: (0, 41, 8, 54, 64, 48, 54, 48, 16, 8, 22, 55, 21, 68, 23, 74, 22, 9, 46, 48, 13, 45, 121, 13, 18, 65, 54, 94, 28, 77, 83, 0)
s = 4: (0, 32, 9, 95, 78, 73, 38, 49, 16, 10, 15, 54, 19, 65, 21, 66, 13, 18, 37, 89, 18, 78, 160, 13, 18, 59, 35, 104, 31, 84, 124, 0)
s = 5: (0, 41, 8, 85, 110, 80, 23, 28, 15, 7, 20, 60, 28, 64, 33, 66, 25, 14, 64, 52, 15, 47, 88, 12, 25, 50, 60, 82, 22, 103, 71, 0)
s = 6: (0, 49, 8, 71, 153, 98, 38, 36, 7, 9, 20, 61, 34, 71, 28, 47, 15, 13, 43, 43, 24, 58, 89, 24, 23, 60, 54, 95, 27, 49, 117, 0)
s = 7: (0, 30, 12, 127, 127, 67, 51, 48, 11, 12, 26, 51, 37, 73, 33, 73, 18, 12, 41, 94, 23, 54, 99, 15, 29, 36, 53, 99, 24, 68, 124, 0)
s = 8: (0, 37, 8, 76, 111, 74, 40, 42, 8, 8, 30, 66, 26, 80, 16, 51, 13, 20, 53, 80, 27, 70, 111, 15, 23, 49, 38, 84, 21, 71, 56, 0)
s = 9: (0, 46, 9, 100, 91, 133, 33, 39, 14, 13, 14, 75, 33, 123, 21, 84, 24, 21, 46, 63, 27, 79, 144, 23, 28, 61, 78, 89, 14, 74, 93, 0)
s = 10: (0, 30, 7, 75, 79, 63, 33, 43, 12, 8, 23, 33, 21, 86, 42, 72, 11, 16, 81, 100, 16, 38, 68, 20, 32, 55, 37, 90, 33, 123, 85, 0)
s = 11: (0, 26, 8, 126, 100, 83, 61, 36, 11, 10, 11, 88, 24, 79, 24, 118, 19, 21, 33, 69, 16, 34, 176, 19, 27, 39, 39, 70, 30, 61, 69, 0)
s = 12: (0, 65, 6, 101, 92, 51, 31, 40, 11, 10, 23, 59, 36, 110, 28, 54, 10, 14, 53, 47, 18, 66, 103, 12, 37, 70, 83, 89, 27, 79, 164, 0)
s = 13: (0, 33, 7, 78, 55, 88, 52, 51, 10, 7, 17, 70, 29, 108, 33, 90, 22, 25, 41, 58, 13, 74, 125, 22, 21, 40, 86, 107, 24, 73, 95, 0)
s = 14: (0, 41, 7, 123, 102, 66, 38, 52, 11, 16, 23, 48, 27, 94, 33, 71, 13, 18, 48, 82, 20, 71, 72, 14, 28, 50, 72, 66, 33, 141, 127, 0)
s = 15: (0, 28, 9, 125, 107, 99, 35, 26, 9, 6, 18, 62, 43, 114, 17, 63, 20, 9, 47, 77, 25, 69, 127, 12, 22, 92, 34, 118, 31, 107, 67, 0)
s = 16: (0, 32, 7, 69, 78, 47, 27, 33, 10, 11, 21, 57, 21, 65, 17, 78, 14, 19, 38, 78, 20, 70, 145, 21, 26, 42, 65, 88, 21, 99, 70, 0)
s = 17: (0, 41, 7, 80, 83, 61, 20, 32, 12, 9, 14, 46, 24, 101, 36, 68, 11, 18, 61, 81, 20, 40, 74, 11, 33, 66, 60, 73, 32, 80, 119, 0)
s = 18: (0, 39, 7, 89, 63, 46, 28, 38, 10, 6, 18, 50, 41, 54, 42, 69, 10, 21, 41, 65, 11, 72, 103, 15, 18, 68, 83, 73, 17, 79, 91, 0)
s = 19: (0, 34, 8, 87, 71, 122, 54, 52, 8, 9, 14, 45, 27, 116, 38, 59, 13, 9, 31, 74, 17, 42, 206, 18, 14, 41, 55, 108, 19, 64, 65, 0)
s = 20: (0, 51, 8, 86, 73, 75, 38, 52, 13, 11, 14, 61, 39, 100, 22, 68, 22, 15, 48, 74, 25, 39, 165, 14, 42, 35, 78, 75, 25, 113, 56, 0)
s = 21: (0, 32, 7, 124, 62, 66, 41, 52, 10, 8, 19, 32, 22, 68, 37, 56, 20, 19, 35, 58, 20, 57, 154, 19, 41, 38, 34, 75, 27, 68, 85, 0)
s = 22: (0, 36, 12, 74, 89, 73, 32, 44, 14, 7, 11, 63, 49, 127, 22, 63, 12, 12, 47, 68, 22, 40, 117, 16, 34, 93, 76, 63, 47, 109, 101, 0)
s = 23: (0, 46, 6, 78, 118, 62, 26, 29, 6, 9, 17, 71, 30, 72, 23, 47, 19, 23, 61, 58, 14, 36, 90, 24, 28, 41, 58, 97, 22, 59, 88, 0)
s = 24: (0, 27, 6, 57, 83, 103, 31, 26, 8, 9, 22, 37, 30, 74, 24, 49, 22, 23, 39, 73, 19, 63, 148, 9, 20, 72, 57, 53, 16, 117, 80, 0)
s = 25: (0, 44, 7, 51, 73, 58, 37, 45, 9, 9, 22, 50, 32, 106, 27, 57, 16, 20, 40, 79, 15, 35, 99, 21, 17, 41, 100, 65, 22, 106, 88, 0)
s = 26: (0, 52, 7, 103, 101, 90, 26, 29, 8, 6, 23, 60, 40, 101, 46, 42, 20, 22, 43, 62, 17, 50, 99, 22, 14, 53, 72, 92, 24, 84, 117, 0)
s = 27: (0, 37, 8, 148, 98, 110, 40, 28, 11, 8, 33, 52, 30, 83, 25, 44, 19, 14, 51, 78, 19, 42, 176, 23, 36, 59, 54, 87, 18, 62, 107, 0)
s = 28: (0, 29, 10, 69, 93, 70, 37, 46, 7, 11, 17, 50, 27, 85, 37, 72, 13, 11, 63, 58, 21, 44, 97, 19, 21, 62, 38, 118, 30, 67, 95, 0)
s = 29: (0, 24, 6, 86, 56, 67, 40, 29, 17, 12, 24, 47, 23, 64, 31, 54, 23, 14, 43, 102, 14, 69, 70, 22, 14, 50, 63, 79, 21, 112, 95, 0)
s = 30: (0, 55, 10, 54, 111, 88, 58, 50, 13, 7, 21, 59, 28, 160, 33, 48, 18, 14, 61, 115, 18, 49, 127, 11, 14, 53, 75, 87, 32, 71, 72, 0)
s = 31: (0, 26, 9, 130, 121, 99, 33, 36, 10, 8, 21, 66, 23, 103, 23, 75, 27, 18, 46, 103, 17, 73, 86, 18, 22, 62, 46, 94, 17, 122, 55, 0)
s = 32: (0, 37, 9, 96, 60, 76, 37, 41, 7, 9, 14, 47, 20, 107, 27, 54, 21, 24, 56, 75, 14, 53, 120, 14, 34, 67, 49, 84, 38, 104, 110, 0)
s = 33: (0, 26, 6, 88, 84, 54, 40, 35, 17, 8, 21, 42, 17, 75, 28, 48, 15, 12, 30, 95, 25, 43, 185, 13, 32, 38, 38, 68, 18, 64, 76, 0)
s = 34: (0, 21, 7, 100, 118, 46, 27, 43, 9, 9, 21, 29, 41, 56, 21, 93, 17, 11, 68, 69, 11, 77, 152, 15, 18, 76, 76, 64, 39, 86, 79, 0)
s = 35: (0, 28, 6, 80, 84, 45, 40, 29, 18, 13, 19, 72, 24, 55, 33, 71, 10, 21, 43, 50, 19, 65, 78, 18, 15, 46, 54, 70, 22, 100, 70, 0)
s = 36: (0, 24, 6, 60, 105, 77, 27, 44, 8, 13, 24, 53, 29, 68, 38, 67, 23, 14, 44, 93, 18, 63, 140, 15, 19, 38, 57, 75, 19, 126, 85, 0)
s = 37: (0, 33, 8, 79, 147, 59, 36, 49, 11, 9, 31, 55, 31, 56, 33, 48, 22, 11, 55, 66, 20, 78, 130, 18, 21, 54, 86, 61, 24, 79, 79, 0)
s = 38: (0, 41, 9, 101, 89, 73, 32, 64, 14, 7, 12, 44, 39, 68, 32, 68, 18, 14, 55, 88, 13, 46, 191, 16, 25, 62, 47, 70, 20, 98, 135, 0)
s = 39: (0, 25, 4, 99, 89, 51, 47, 32, 18, 7, 13, 76, 36, 65, 49, 46, 30, 21, 49, 72, 31, 56, 88, 13, 18, 76, 84, 88, 36, 85, 111, 0)
s = 40: (0, 32, 6, 61, 82, 81, 30, 22, 10, 10, 18, 54, 28, 94, 25, 39, 17, 11, 47, 122, 18, 59, 118, 21, 25, 82, 72, 60, 22, 131, 69, 0)
s = 41: (0, 52, 10, 160, 85, 79, 42, 35, 11, 14, 16, 42, 19, 82, 31, 76, 17, 10, 50, 52, 27, 59, 143, 11, 21, 36, 55, 136, 26, 99, 96, 0)
s = 42: (0, 52, 11, 97, 146, 62, 42, 46, 15, 8, 23, 53, 26, 60, 34, 57, 35, 25, 62, 106, 19, 64, 118, 17, 25, 65, 94, 61, 26, 52, 104, 0)
s = 43: (0, 56, 9, 86, 55, 100, 37, 35, 12, 10, 17, 51, 43, 95, 35, 46, 11, 10, 43, 66, 12, 54, 118, 25, 21, 62, 71, 76, 34, 78, 150, 0)
s = 44: (0, 43, 7, 72, 57, 74, 33, 47, 19, 8, 23, 51, 28, 81, 23, 62, 16, 16, 37, 69, 19, 45, 119, 16, 21, 75, 101, 122, 24, 81, 134, 0)
s = 45: (0, 46, 11, 64, 94, 64, 49, 49, 11, 8, 21, 60, 30, 130, 26, 40, 18, 11, 83, 81, 12, 43, 182, 21, 25, 62, 83, 62, 26, 99, 70, 0)
s = 46: (0, 32, 8, 54, 88, 84, 43, 41, 12, 6, 28, 49, 39, 68, 24, 61, 19, 17, 29, 54, 13, 70, 193, 17, 25, 75, 46, 80, 26, 87, 126, 0)
s = 47: (0, 58, 7, 110, 104, 74, 25, 40, 13, 10, 19, 46, 19, 79, 33, 65, 15, 18, 29, 66, 18, 68, 87, 16, 23, 76, 47, 69, 27, 68, 142, 0)
s = 48: (0, 37, 9, 85, 103, 86, 36, 35, 6, 11, 18, 94, 29, 64, 34, 55, 23, 11, 52, 46, 15, 88, 140, 11, 14, 35, 76, 136, 39, 95, 121, 0)
s = 49: (0, 21, 11, 111, 117, 64, 37, 41, 8, 12, 25, 42, 28, 100, 26, 79, 20, 22, 68, 48, 19, 52, 115, 13, 28, 59, 45, 87, 25, 95, 89, 0)
s = 50: (0, 40, 8, 94, 79, 62, 20, 54, 17, 13, 22, 75, 24, 75, 39, 48, 15, 18, 64, 127, 23, 74, 125, 11, 30, 68, 58, 100, 29, 106, 98, 0)
s = 51: (0, 29, 7, 59, 115, 66, 30, 26, 8, 8, 23, 66, 29, 117, 32, 42, 15, 18, 39, 52, 12, 62, 118, 20, 25, 72, 39, 59, 20, 98, 93, 0)
s = 52: (0, 43, 10, 60, 82, 61, 35, 61, 9, 7, 12, 51, 28, 116, 30, 68, 21, 14, 43, 58, 11, 32, 138, 18, 23, 49, 53, 88, 14, 57, 71, 0)
s = 53: (0, 27, 4, 121, 79, 51, 37, 23, 15, 15, 12, 35, 41, 98, 34, 68, 13, 11, 39, 50, 19, 35, 109, 16, 15, 42, 69, 103, 33, 92, 121, 0)
s = 54: (0, 28, 7, 114, 114, 83, 25, 42, 11, 13, 26, 37, 28, 90, 28, 110, 30, 13, 50, 53, 18, 53, 71, 12, 16, 57, 89, 75, 15, 77, 116, 0)
s = 55: (0, 47, 5, 82, 96, 67, 40, 30, 11, 9, 23, 80, 36, 72, 20, 53, 24, 8, 53, 69, 16, 53, 85, 14, 28, 82, 45, 89, 32, 128, 78, 0)
s = 56: (0, 23, 6, 114, 120, 84, 23, 32, 10, 9, 21, 42, 18, 94, 37, 66, 14, 16, 43, 87, 27, 46, 128, 18, 25, 63, 62, 136, 17, 100, 81, 0)
s = 57: (0, 53, 8, 87, 88, 88, 31, 43, 16, 6, 18, 41, 23, 158, 40, 70, 13, 12, 46, 52, 18, 57, 155, 17, 28, 38, 107, 53, 29, 87, 148, 0)
s = 58: (0, 42, 10, 88, 144, 118, 28, 40, 14, 7, 28, 32, 29, 84, 19, 62, 19, 16, 70, 60, 21, 32, 183, 10, 25, 56, 111, 70, 31, 57, 166, 0)
s = 59: (0, 35, 9, 132, 68, 89, 45, 33, 13, 7, 15, 35, 27, 174, 24, 65, 12, 13, 50, 109, 23, 55, 106, 16, 19, 48, 46, 103, 26, 115, 124, 0)
s = 60: (0, 32, 9, 63, 91, 76, 51, 35, 17, 10, 27, 49, 44, 95, 48, 76, 25, 14, 37, 95, 25, 58, 155, 22, 24, 46, 52, 82, 24, 141, 158, 0)
s = 61: (0, 34, 8, 58, 84, 93, 29, 48, 14, 6, 32, 56, 33, 83, 16, 65, 14, 21, 40, 57, 13, 43, 112, 17, 30, 41, 80, 67, 27, 130, 94, 0)
s = 62: (0, 67, 6, 137, 76, 68, 33, 35, 10, 10, 24, 44, 22, 120, 30, 89, 12, 14, 53, 85, 18, 47, 105, 20, 20, 71, 41, 72, 28, 127, 112, 0)
s = 63: (0, 26, 10, 85, 115, 61, 32, 34, 13, 12, 14, 79, 31, 89, 41, 48, 16, 16, 71, 53, 16, 53, 86, 15, 28, 63, 49, 61, 21, 50, 110, 0)
s = 64: (0, 30, 5, 103, 127, 58, 44, 36, 15, 10, 18, 55, 21, 84, 28, 65, 21, 13, 46, 99, 22, 86, 152, 15, 29, 65, 59, 93, 38, 73, 63, 0)
s = 65: (0, 22, 6, 65, 56, 63, 36, 48, 13, 7, 16, 57, 33, 96, 33, 78, 23, 16, 41, 83, 26, 72, 133, 21, 22, 59, 38, 62, 31, 99, 75, 0)
s = 66: (0, 26, 6, 92, 71, 68, 63, 39, 9, 11, 16, 66, 24, 98, 19, 87, 22, 16, 46, 63, 16, 79, 132, 16, 18, 58, 47, 125, 20, 72, 50, 0)
s = 67: (0, 38, 7, 91, 64, 51, 35, 27, 11, 10, 20, 62, 28, 65, 16, 54, 17, 14, 66, 62, 12, 46, 192, 21, 28, 63, 40, 105, 35, 84, 91, 0)
s = 68: (0, 32, 8, 69, 54, 84, 36, 41, 14, 9, 20, 69, 23, 106, 21, 88, 20, 11, 50, 69, 24, 39, 147, 13, 26, 74, 65, 61, 18, 90, 51, 0)
s = 69: (0, 34, 6, 63, 78, 100, 22, 28, 10, 9, 20, 47, 25, 143, 32, 87, 21, 17, 57, 51, 23, 70, 140, 19, 29, 48, 64, 90, 29, 62, 92, 0)
s = 70: (0, 30, 8, 91, 122, 150, 60, 49, 9, 10, 22, 32, 38, 100, 31, 37, 19, 12, 74, 39, 13, 42, 164, 13, 27, 66, 80, 86, 39, 68, 100, 0)
s = 71: (0, 37, 6, 107, 110, 59, 38, 32, 17, 9, 17, 51, 30, 97, 24, 87, 17, 17, 45, 42, 12, 59, 78, 20, 31, 51, 48, 113, 22, 70, 62, 0)
s = 72: (0, 43, 9, 111, 69, 45, 43, 38, 8, 8, 28, 42, 38, 95, 16, 64, 16, 23, 39, 68, 15, 82, 108, 12, 21, 67, 79, 100, 17, 83, 71, 0)
s = 73: (0, 44, 9, 144, 58, 71, 52, 52, 11, 7, 28, 41, 34, 94, 22, 69, 18, 13, 56, 74, 23, 47, 172, 16, 25, 46, 45, 91, 23, 92, 63, 0)
s = 74: (0, 44, 7, 125, 120, 75, 25, 43, 9, 9, 17, 48, 53, 76, 26, 107, 10, 19, 36, 55, 12, 59, 143, 10, 13, 77, 44, 127, 22, 101, 89, 0)
s = 75: (0, 41, 6, 83, 101, 102, 27, 26, 19, 6, 21, 65, 44, 62, 25, 55, 20, 15, 39, 51, 14, 40, 120, 16, 34, 51, 56, 80, 20, 83, 107, 0)
s = 76: (0, 47, 8, 64, 123, 92, 41, 24, 14, 9, 19, 38, 32, 78, 22, 38, 22, 13, 34, 94, 30, 58, 108, 17, 18, 34, 52, 67, 40, 67, 72, 0)
s = 77: (0, 26, 6, 97, 84, 111, 48, 47, 12, 6, 22, 59, 44, 82, 42, 84, 15, 23, 59, 52, 21, 61, 121, 16, 32, 47, 39, 75, 18, 88, 111, 0)
s = 78: (0, 50, 6, 97, 91, 110, 29, 61, 7, 12, 18, 47, 36, 128, 39, 74, 19, 9, 30, 72, 20, 50, 127, 18, 34, 49, 47, 97, 21, 81, 52, 0)
s = 79: (0, 33, 9, 87, 114, 74, 31, 48, 11, 10, 12, 64, 33, 112, 44, 60, 25, 13, 41, 73, 19, 76, 204, 14, 44, 43, 59, 88, 30, 81, 93, 0)
s = 80: (0, 28, 8, 68, 107, 89, 41, 39, 10, 8, 22, 87, 28, 116, 28, 38, 32, 15, 38, 54, 10, 55, 91, 21, 24, 37, 66, 72, 24, 110, 99, 0)
s = 81: (0, 24, 9, 129, 138, 65, 24, 35, 8, 11, 21, 50, 40, 94, 28, 57, 19, 12, 35, 45, 26, 52, 141, 12, 30, 53, 62, 95, 20, 73, 91, 0)
s = 82: (0, 28, 10, 84, 125, 57, 40, 32, 16, 9, 25, 85, 26, 58, 24, 59, 13, 13, 41, 45, 16, 33, 91, 26, 25, 57, 53, 85, 36, 121, 78, 0)
s = 83: (0, 28, 6, 57, 141, 45, 33, 63, 11, 11, 18, 62, 57, 100, 35, 85, 22, 25, 51, 64, 13, 63, 123, 25, 20, 41, 73, 111, 34, 101, 86, 0)
s = 84: (0, 44, 6, 146, 108, 53, 47, 54, 14, 6, 24, 58, 49, 61, 19, 53, 22, 25, 64, 74, 17, 64, 118, 16, 19, 85, 50, 89, 29, 60, 121, 0)
s = 85: (0, 35, 9, 85, 90, 62, 33, 35, 14, 14, 23, 44, 37, 118, 33, 38, 21, 10, 49, 104, 20, 38, 107, 11, 36, 81, 40, 60, 20, 110, 69, 0)
s = 86: (0, 39, 8, 85, 90, 92, 33, 57, 8, 9, 29, 67, 34, 89, 24, 44, 28, 12, 45, 81, 25, 51, 124, 14, 24, 48, 38, 98, 28, 88, 114, 0)
s = 87: (0, 27, 10, 86, 106, 79, 21, 27, 12, 15, 15, 33, 29, 127, 25, 95, 13, 17, 73, 106, 16, 41, 86, 14, 36, 67, 52, 80, 17, 79, 89, 0)
s = 88: (0, 54, 12, 95, 81, 85, 50, 29, 9, 8, 24, 76, 28, 55, 32, 72, 27, 11, 47, 47, 12, 57, 118, 17, 35, 71, 64, 57, 29, 129, 119, 0)
s = 89: (0, 48, 9, 101, 81, 94, 52, 74, 18, 10, 32, 64, 30, 139, 45, 59, 15, 13, 51, 80, 16, 68, 133, 16, 31, 43, 41, 57, 29, 84, 106, 0)
s = 90: (0, 36, 6, 66, 68, 79, 32, 42, 19, 8, 30, 45, 37, 161, 27, 61, 22, 23, 57, 62, 11, 39, 75, 22, 20, 50, 48, 79, 24, 115, 57, 0)
s = 91: (0, 31, 5, 122, 125, 80, 34, 38, 9, 8, 33, 44, 22, 81, 17, 100, 16, 16, 39, 82, 17, 43, 157, 19, 29, 68, 62, 92, 23, 88, 124, 0)
s = 92: (0, 50, 9, 80, 111, 79, 29, 44, 15, 14, 30, 34, 20, 105, 18, 37, 14, 18, 73, 78, 23, 43, 86, 20, 26, 47, 59, 98, 24, 150, 137, 0)
s = 93: (0, 41, 6, 116, 75, 51, 44, 61, 10, 9, 21, 88, 34, 90, 28, 43, 20, 15, 35, 92, 14, 65, 107, 15, 27, 103, 91, 101, 19, 75, 69, 0)
s = 94: (0, 38, 6, 100, 63, 62, 44, 37, 20, 6, 30, 72, 24, 83, 23, 52, 15, 25, 30, 58, 15, 34, 158, 20, 19, 70, 52, 85, 31, 104, 153, 0)
s = 95: (0, 46, 9, 49, 91, 66, 30, 26, 7, 11, 20, 59, 34, 72, 46, 44, 30, 23, 77, 44, 12, 35, 241, 11, 38, 38, 45, 76, 22, 99, 109, 0)
s = 96: (0, 38, 6, 98, 102, 77, 38, 34, 14, 6, 28, 78, 19, 100, 17, 41, 25, 17, 35, 50, 14, 46, 134, 17, 26, 42, 51, 82, 15, 63, 65, 0)
s = 97: (0, 44, 7, 94, 88, 101, 27, 48, 10, 8, 30, 49, 21, 89, 21, 66, 17, 13, 50, 98, 21, 57, 114, 17, 41, 64, 78, 110, 14, 105, 133, 0)
s = 98: (0, 43, 7, 63, 117, 69, 26, 62, 10, 7, 16, 47, 32, 131, 32, 58, 12, 15, 38, 93, 12, 41, 193, 13, 35, 60, 48, 71, 16, 93, 127, 0)
s = 99: (0, 48, 7, 89, 86, 77, 40, 30, 10, 10, 18, 46, 24, 76, 30, 82, 20, 10, 41, 55, 16, 54, 116, 11, 23, 63, 63, 64, 25, 62, 108, 0)
s = 100: (0, 22, 7, 89, 72, 72, 45, 59, 9, 13, 18, 47, 30, 153, 25, 81, 17, 24, 61, 53, 19, 55, 188, 15, 17, 98, 53, 122, 35, 70, 92, 0)
s = 101: (0, 23, 9, 95, 102, 108, 22, 33, 13, 7, 24, 50, 31, 115, 28, 51, 23, 12, 35, 77, 11, 77, 153, 16, 30, 51, 56, 64, 23, 101, 83, 0)
s = 102: (0, 34, 7, 55, 130, 72, 57, 37, 12, 7, 29, 41, 49, 79, 29, 61, 21, 14, 45, 60, 23, 56, 86, 10, 27, 49, 79, 76, 19, 68, 87, 0)
s = 103: (0, 37, 8, 59, 78, 88, 36, 58, 20, 6, 17, 66, 34, 66, 22, 88, 18, 25, 56, 103, 18, 50, 95, 14, 27, 69, 60, 103, 21, 77, 119, 0)
s = 104: (0, 23, 9, 84, 110, 71, 60, 34, 12, 10, 29, 42, 17, 72, 31, 55, 15, 19, 63, 79, 39, 48, 84, 12, 21, 85, 86, 120, 29, 91, 119, 0)
s = 105: (0, 32, 6, 88, 127, 89, 32, 33, 9, 6, 19, 41, 23, 64, 28, 66, 23, 12, 30, 52, 19, 46, 136, 17, 40, 52, 58, 74, 19, 61, 99, 0)
s = 106: (0, 29, 9, 83, 132, 80, 23, 28, 6, 11, 18, 58, 36, 68, 27, 107, 20, 18, 43, 41, 15, 77, 100, 28, 34, 73, 37, 80, 33, 98, 94, 0)
s = 107: (0, 27, 6, 92, 93, 83, 32, 44, 7, 6, 21, 52, 23, 115, 41, 80, 22, 17, 59, 106, 19, 65, 122, 13, 19, 77, 52, 131, 39, 92, 65, 0)
s = 108: (0, 28, 7, 93, 63, 64, 32, 32, 13, 11, 31, 43, 23, 73, 29, 45, 19, 15, 46, 55, 19, 53, 104, 14, 30, 64, 32, 74, 20, 65, 94, 0)
s = 109: (0, 39, 6, 78, 99, 72, 35, 30, 10, 13, 24, 45, 27, 99, 33, 96, 25, 16, 43, 64, 17, 47, 119, 20, 38, 77, 65, 81, 15, 124, 118, 0)
s = 110: (0, 42, 5, 121, 143, 53, 40, 30, 9, 12, 28, 61, 33, 97, 27, 63, 13, 18, 26, 56, 12, 33, 115, 16, 19, 87, 36, 122, 14, 52, 59, 0)
s = 111: (0, 35, 9, 136, 76, 126, 39, 38, 8, 10, 23, 35, 32, 61, 20, 55, 19, 14, 33, 47, 16, 79, 142, 12, 31, 67, 83, 115, 18, 123, 50, 0)
s = 112: (0, 49, 7, 84, 107, 65, 40, 23, 13, 11, 17, 53, 23, 133, 33, 55, 18, 16, 59, 70, 16, 75, 114, 13, 26, 85, 66, 120, 26, 58, 89, 0)
s = 113: (0, 50, 9, 74, 158, 90, 33, 35, 11, 14, 27, 48, 19, 110, 37, 39, 14, 26, 38, 76, 13, 48, 141, 18, 39, 57, 67, 94, 26, 87, 60, 0)
s = 114: (0, 36, 7, 86, 83, 55, 49, 38, 10, 10, 19, 42, 37, 109, 32, 74, 23, 13, 71, 85, 21, 58, 113, 14, 20, 59, 48, 57, 27, 93, 70, 0)
s = 115: (0, 43, 10, 111, 127, 75, 39, 31, 7, 13, 11, 55, 28, 89, 25, 50, 18, 19, 35, 80, 24, 48, 176, 17, 15, 66, 53, 91, 15, 52, 62, 0)
s = 116: (0, 53, 8, 123, 70, 89, 24, 49, 9, 7, 21, 65, 34, 113, 23, 62, 19, 13, 78, 64, 23, 75, 157, 22, 28, 75, 43, 90, 28, 66, 67, 0)
s = 117: (0, 32, 6, 99, 84, 99, 44, 40, 14, 10, 18, 59, 22, 122, 37, 73, 17, 17, 45, 81, 15, 56, 230, 9, 18, 46, 73, 63, 23, 100, 90, 0)
s = 118: (0, 47, 10, 59, 60, 76, 34, 33, 9, 8, 19, 79, 23, 95, 25, 73, 14, 12, 35, 86, 18, 62, 116, 20, 28, 60, 52, 51, 28, 81, 151, 0)
s = 119: (0, 49, 9, 137, 70, 115, 33, 37, 16, 11, 17, 44, 35, 75, 25, 65, 16, 13, 47, 41, 34, 61, 78, 25, 33, 89, 73, 94, 22, 75, 98, 0)
s = 120: (0, 36, 6, 90, 135, 65, 25, 47, 13, 8, 26, 70, 38, 88, 21, 64, 30, 17, 53, 111, 25, 58, 218, 11, 31, 64, 43, 88, 36, 73, 99, 0)
s = 121: (0, 24, 6, 169, 85, 56, 44, 32, 16, 10, 18, 36, 21, 131, 18, 37, 18, 11, 85, 48, 19, 32, 91, 24, 22, 60, 54, 94, 21, 142, 79, 0)
s = 122: (0, 45, 10, 53, 121, 90, 31, 31, 14, 6, 18, 52, 46, 116, 30, 71, 13, 15, 36, 68, 20, 50, 162, 26, 28, 92, 73, 102, 16, 90, 78, 0)
s = 123: (0, 46, 6, 117, 108, 60, 41, 31, 9, 7, 21, 63, 36, 108, 27, 51, 12, 14, 56, 37, 23, 44, 163, 18, 28, 72, 54, 91, 16, 78, 73, 0)
s = 124: (0, 52, 8, 121, 94, 69, 32, 33, 9, 9, 20, 43, 25, 127, 21, 83, 16, 13, 72, 86, 13, 52, 106, 15, 22, 73, 85, 106, 21, 126, 118, 0)
s = 125: (0, 27, 6, 85, 110, 44, 36, 35, 9, 9, 26, 66, 44, 85, 21, 54, 25, 18, 41, 54, 15, 58, 179, 21, 39, 59, 69, 76, 22, 96, 118, 0)
s = 126: (0, 38, 11, 79, 104, 64, 29, 37, 9, 10, 21, 76, 35, 153, 36, 51, 36, 23, 59, 60, 24, 57, 124, 20, 20, 58, 54, 68, 31, 77, 73, 0)
s = 127: (0, 51, 6, 117, 110, 77, 31, 56, 7, 9, 26, 39, 46, 84, 26, 52, 23, 14, 53, 52, 29, 47, 140, 15, 16, 44, 73, 65, 24, 69, 94, 0)
s = 128: (0, 32, 5, 74, 98, 53, 39, 26, 10, 14, 20, 69, 27, 96, 18, 67, 17, 16, 37, 79, 13, 60, 153, 13, 31, 62, 60, 66, 20, 112, 122, 0)
s = 129: (0, 39, 6, 54, 122, 95, 23, 27, 7, 14, 32, 36, 17, 69, 36, 74, 16, 10, 69, 47, 13, 37, 129, 13, 21, 41, 82, 80, 25, 97, 75, 0)
s = 130: (0, 28, 8, 90, 72, 97, 23, 29, 7, 7, 34, 57, 30, 78, 21, 56, 27, 11, 41, 56, 26, 55, 158, 18, 23, 50, 43, 58, 17, 115, 93, 0)
s = 131: (0, 22, 8, 72, 76, 50, 47, 46, 14, 11, 21, 44, 31, 70, 48, 71, 13, 15, 65, 110, 23, 32, 219, 20, 39, 75, 59, 66, 19, 69, 71, 0)
s = 132: (0, 29, 5, 64, 57, 81, 37, 37, 15, 6, 22, 54, 17, 118, 41, 76, 26, 16, 57, 99, 15, 63, 122, 26, 16, 66, 70, 98, 28, 144, 90, 0)
s = 133: (0, 26, 11, 114, 71, 47, 30, 41, 12, 6, 16, 41, 23, 94, 27, 63, 11, 12, 31, 55, 27, 42, 118, 14, 20, 38, 40, 123, 38, 91, 59, 0)
s = 134: (0, 29, 9, 83, 76, 73, 46, 43, 12, 12, 16, 81, 27, 88, 34, 59, 17, 10, 54, 86, 16, 59, 119, 9, 20, 36, 97, 110, 31, 116, 59, 0)
s = 135: (0, 25, 5, 77, 68, 92, 36, 61, 12, 9, 19, 53, 41, 93, 31, 56, 25, 18, 35, 105, 15, 48, 114, 21, 25, 40, 75, 104, 22, 77, 150, 0)
s = 136: (0, 30, 6, 98, 124, 49, 59, 31, 11, 11, 21, 78, 44, 85, 26, 59, 16, 14, 28, 78, 18, 49, 151, 12, 23, 107, 63, 75, 15, 94, 85, 0)
s = 137: (0, 44, 6, 69, 80, 48, 47, 27, 13, 11, 22, 86, 41, 92, 30, 64, 19, 18, 44, 76, 24, 62, 149, 14, 17, 57, 43, 85, 23, 66, 174, 0)
s = 138: (0, 34, 5, 98, 66, 67, 31, 33, 8, 10, 14, 78, 29, 76, 20, 108, 20, 12, 41, 70, 12, 56, 122, 10, 24, 33, 37, 127, 18, 59, 64, 0)
s = 139: (0, 47, 8, 96, 89, 111, 28, 27, 10, 7, 17, 59, 29, 106, 19, 81, 20, 16, 66, 67, 12, 62, 83, 19, 17, 71, 51, 98, 22, 101, 99, 0)
s = 140: (0, 27, 7, 79, 116, 68, 34, 52, 11, 10, 18, 71, 27, 79, 22, 41, 28, 11, 54, 53, 16, 30, 100, 27, 16, 66, 46, 66, 27, 77, 90, 0)
s = 141: (0, 46, 8, 90, 71, 87, 28, 25, 11, 9, 20, 33, 32, 98, 18, 38, 13, 22, 44, 59, 25, 67, 75, 9, 23, 70, 97, 67, 27, 97, 93, 0)
s = 142: (0, 25, 9, 62, 147, 99, 42, 44, 13, 8, 20, 60, 42, 98, 20, 63, 20, 18, 53, 69, 22, 42, 148, 23, 26, 114, 56, 54, 24, 90, 114, 0)
s = 143: (0, 32, 10, 151, 98, 106, 33, 65, 9, 7, 19, 71, 31, 64, 22, 50, 23, 12, 63, 67, 19, 90, 115, 21, 33, 37, 55, 83, 24, 80, 83, 0)
s = 144: (0, 23, 6, 86, 113, 65, 39, 48, 12, 15, 16, 65, 22, 90, 24, 90, 24, 11, 36, 69, 26, 38, 80, 23, 18, 52, 53, 102, 25, 83, 100, 0)
s = 145: (0, 41, 13, 77, 91, 92, 38, 42, 12, 10, 20, 50, 18, 102, 26, 110, 17, 17, 47, 49, 26, 34, 142, 15, 20, 49, 48, 59, 20, 50, 119, 0)
s = 146: (0, 25, 7, 70, 131, 74, 33, 27, 13, 8, 25, 43, 25, 104, 34, 42, 13, 22, 71, 69, 27, 72, 97, 9, 31, 41, 77, 101, 27, 112, 90, 0)
s = 147: (0, 39, 7, 98, 103, 52, 28, 59, 10, 12, 17, 43, 24, 134, 26, 77, 20, 13, 49, 55, 14, 90, 167, 17, 22, 73, 91, 93, 36, 71, 58, 0)
s = 148: (0, 38, 11, 79, 79, 103, 38, 32, 8, 9, 15, 74, 31, 61, 20, 40, 20, 14, 41, 41, 23, 47, 82, 12, 28, 44, 59, 70, 38, 141, 147, 0)
s = 149: (0, 37, 6, 77, 126, 73, 34, 48, 17, 11, 16, 41, 26, 64, 20, 54, 13, 13, 32, 61, 22, 34, 189, 17, 23, 67, 50, 89, 23, 100, 70, 0)
s = 150: (0, 43, 6, 98, 94, 119, 28, 61, 16, 9, 19, 76, 23, 77, 28, 67, 15, 11, 50, 90, 12, 40, 102, 15, 25, 43, 39, 81, 34, 77, 64, 0)
s = 151: (0, 27, 6, 97, 102, 80, 35, 58, 13, 7, 16, 54, 39, 105, 30, 39, 33, 12, 35, 75, 15, 53, 141, 16, 23, 100, 52, 126, 23, 111, 80, 0)
s = 152: (0, 37, 8, 100, 127, 106, 39, 40, 7, 10, 16, 44, 19, 58, 29, 56, 31, 23, 79, 123, 29, 51, 150, 16, 18, 40, 47, 121, 32, 101, 71, 0)
s = 153: (0, 44, 6, 123, 87, 96, 22, 32, 13, 7, 22, 34, 28, 92, 18, 46, 17, 10, 49, 65, 17, 54, 136, 14, 22, 78, 49, 101, 35, 83, 111, 0)
s = 154: (0, 30, 7, 100, 115, 100, 26, 31, 9, 10, 40, 77, 22, 86, 21, 45, 16, 17, 55, 64, 18, 52, 173, 17, 14, 52, 41, 89, 37, 72, 93, 0)
s = 155: (0, 46, 7, 120, 146, 102, 32, 63, 8, 10, 20, 57, 33, 125, 35, 92, 23, 12, 52, 41, 23, 36, 109, 13, 23, 58, 65, 107, 24, 120, 108, 0)
s = 156: (0, 31, 9, 64, 59, 87, 29, 33, 11, 6, 20, 39, 30, 93, 33, 104, 16, 14, 40, 94, 14, 48, 73, 18, 23, 33, 56, 79, 26, 57, 81, 0)
s = 157: (0, 23, 7, 80, 116, 66, 31, 23, 12, 14, 19, 36, 28, 99, 20, 116, 23, 17, 29, 63, 15, 58, 113, 13, 38, 69, 61, 59, 23, 131, 112, 0)
s = 158: (0, 61, 8, 66, 51, 115, 25, 41, 14, 11, 14, 70, 44, 54, 34, 68, 17, 12, 35, 94, 13, 60, 84, 16, 16, 62, 44, 84, 36, 76, 69, 0)
s = 159: (0, 29, 10, 68, 72, 113, 34, 41, 12, 6, 13, 49, 30, 83, 19, 52, 16, 12, 29, 51, 18, 50, 128, 19, 36, 64, 75, 102, 27, 140, 115, 0)
s = 160: (0, 44, 9, 72, 66, 115, 45, 61, 9, 11, 18, 52, 27, 78, 28, 54, 25, 12, 41, 40, 15, 86, 108, 15, 24, 49, 59, 66, 37, 122, 163, 0)
s = 161: (0, 32, 9, 89, 130, 89, 37, 34, 14, 11, 20, 38, 30, 90, 39, 47, 12, 12, 44, 51, 12, 108, 179, 23, 24, 55, 54, 112, 22, 93, 128, 0)
s = 162: (0, 27, 8, 75, 86, 99, 41, 40, 12, 9, 27, 53, 28, 62, 33, 37, 16, 14, 76, 91, 20, 49, 118, 13, 22, 63, 47, 112, 22, 88, 83, 0)
s = 163: (0, 38, 6, 114, 98, 139, 39, 40, 9, 12, 13, 47, 51, 142, 15, 52, 16, 11, 41, 80, 18, 55, 156, 16, 21, 51, 73, 118, 23, 105, 87, 0)
s = 164: (0, 30, 8, 89, 110, 47, 39, 37, 15, 6, 23, 38, 30, 127, 42, 56, 13, 13, 30, 80, 24, 71, 149, 23, 23, 39, 83, 82, 28, 93, 89, 0)
s = 165: (0, 25, 10, 107, 132, 60, 38, 55, 10, 9, 13, 54, 41, 118, 30, 102, 24, 16, 48, 93, 23, 72, 161, 14, 23, 81, 44, 100, 28, 67, 118, 0)
s = 166: (0, 50, 8, 83, 84, 96, 31, 37, 20, 7, 16, 60, 22, 86, 19, 71, 15, 24, 32, 68, 32, 95, 112, 19, 18, 57, 50, 119, 17, 49, 71, 0)
s = 167: (0, 22, 5, 50, 103, 58, 32, 61, 15, 12, 19, 35, 48, 72, 34, 92, 18, 13, 43, 60, 16, 67, 91, 19, 19, 63, 53, 83, 37, 88, 115, 0)
s = 168: (0, 22, 8, 89, 68, 111, 35, 49, 15, 12, 18, 57, 37, 120, 23, 70, 16, 12, 29, 87, 18, 61, 119, 12, 29, 54, 71, 82, 13, 130, 101, 0)
s = 169: (0, 62, 5, 100, 95, 52, 37, 35, 11, 10, 24, 57, 34, 102, 37, 54, 18, 18, 31, 91, 12, 72, 97, 12, 21, 40, 95, 81, 31, 104, 105, 0)
s = 170: (0, 36, 6, 142, 82, 84, 38, 30, 8, 12, 13, 65, 29, 84, 43, 45, 21, 15, 91, 70, 14, 35, 101, 21, 32, 68, 64, 64, 37, 64, 77, 0)
s = 171: (0, 32, 4, 85, 177, 120, 28, 66, 15, 15, 14, 40, 36, 69, 28, 105, 14, 27, 28, 82, 17, 68, 131, 11, 25, 57, 99, 162, 25, 122, 124, 0)
s = 172: (0, 39, 4, 79, 158, 61, 34, 59, 9, 10, 30, 32, 25, 141, 25, 56, 17, 25, 29, 56, 17, 57, 182, 12, 40, 39, 45, 114, 20, 116, 115, 0)
s = 173: (0, 37, 9, 77, 77, 61, 29, 41, 11, 6, 26, 75, 39, 73, 27, 85, 25, 15, 50, 53, 17, 51, 154, 19, 20, 55, 66, 72, 25, 60, 119, 0)
s = 174: (0, 34, 7, 78, 74, 75, 34, 32, 11, 11, 32, 53, 36, 97, 20, 81, 14, 15, 42, 41, 16, 66, 133, 18, 26, 49, 56, 108, 25, 87, 74, 0)
s = 175: (0, 25, 6, 60, 90, 54, 29, 25, 12, 9, 20, 62, 22, 129, 25, 73, 19, 26, 42, 88, 26, 98, 115, 20, 22, 54, 74, 102, 16, 68, 95, 0)
s = 176: (0, 23, 7, 90, 98, 84, 54, 56, 8, 9, 16, 76, 33, 106, 32, 37, 17, 24, 47, 94, 15, 47, 96, 11, 19, 69, 79, 77, 27, 130, 102, 0)
s = 177: (0, 47, 6, 88, 121, 90, 25, 55, 10, 14, 23, 49, 23, 54, 19, 56, 23, 19, 36, 90, 21, 39, 164, 19, 31, 56, 92, 134, 16, 99, 114, 0)
s = 178: (0, 25, 5, 72, 53, 89, 46, 40, 12, 11, 17, 40, 40, 92, 25, 48, 26, 14, 44, 67, 28, 58, 160, 15, 30, 81, 62, 94, 22, 80, 92, 0)
s = 179: (0, 43, 6, 69, 93, 72, 32, 30, 8, 12, 14, 75, 23, 141, 37, 67, 14, 15, 67, 61, 17, 58, 118, 22, 25, 45, 50, 101, 18, 106, 63, 0)
s = 180: (0, 32, 5, 103, 63, 59, 51, 33, 9, 7, 19, 82, 23, 80, 26, 63, 17, 22, 45, 69, 22, 51, 79, 21, 33, 73, 56, 110, 19, 129, 69, 0)
s = 181: (0, 43, 6, 82, 93, 73, 19, 75, 15, 6, 18, 51, 30, 85, 41, 56, 21, 10, 63, 95, 14, 38, 104, 12, 19, 73, 52, 93, 42, 60, 120, 0)
s = 182: (0, 20, 6, 64, 59, 103, 44, 38, 9, 9, 18, 65, 33, 130, 29, 37, 18, 23, 39, 54, 13, 39, 72, 22, 29, 60, 55, 127, 38, 73, 56, 0)
s = 183: (0, 22, 11, 54, 113, 53, 32, 55, 10, 6, 20, 51, 17, 79, 33, 56, 18, 23, 30, 60, 15, 67, 126, 19, 22, 78, 47, 59, 26, 120, 77, 0)
s = 184: (0, 41, 5, 65, 122, 73, 32, 38, 7, 6, 33, 95, 17, 132, 18, 64, 17, 15, 61, 111, 18, 60, 197, 12, 25, 75, 60, 51, 15, 79, 75, 0)
s = 185: (0, 48, 9, 83, 84, 86, 35, 31, 10, 8, 20, 84, 30, 83, 25, 47, 30, 12, 39, 49, 11, 55, 105, 18, 20, 50, 33, 93, 33, 85, 58, 0)
s = 186: (0, 25, 6, 65, 70, 45, 30, 53, 8, 11, 24, 46, 31, 78, 27, 95, 27, 20, 30, 79, 18, 48, 141, 25, 26, 43, 72, 69, 42, 77, 63, 0)
s = 187: (0, 33, 9, 101, 119, 62, 38, 46, 10, 8, 22, 33, 50, 69, 19, 81, 30, 12, 29, 50, 17, 78, 100, 12, 16, 49, 55, 86, 29, 136, 76, 0)
s = 188: (0, 36, 5, 55, 64, 84, 29, 30, 9, 14, 11, 52, 21, 60, 29, 63, 16, 18, 46, 48, 12, 99, 111, 32, 31, 42, 38, 94, 30, 119, 90, 0)
s = 189: (0, 19, 6, 110, 61, 125, 42, 31, 9, 8, 20, 86, 35, 71, 20, 58, 18, 11, 38, 66, 14, 59, 149, 12, 26, 37, 56, 66, 20, 76, 102, 0)
s = 190: (0, 23, 7, 64, 85, 111, 38, 25, 9, 13, 19, 42, 24, 96, 38, 61, 14, 16, 52, 46, 16, 53, 152, 11, 15, 49, 54, 82, 20, 154, 96, 0)
s = 191: (0, 36, 11, 109, 106, 67, 42, 70, 14, 8, 22, 56, 30, 139, 25, 62, 27, 17, 34, 50, 24, 50, 140, 25, 25, 70, 53, 103, 21, 52, 101, 0)
s = 192: (0, 26, 9, 95, 62, 92, 60, 61, 10, 11, 23, 75, 39, 107, 26, 90, 25, 19, 33, 79, 13, 46, 211, 13, 33, 38, 41, 126, 23, 103, 88, 0)
s = 193: (0, 33, 7, 103, 115, 49, 38, 43, 9, 9, 20, 54, 31, 62, 42, 112, 15, 14, 36, 86, 20, 64, 154, 13, 17, 63, 87, 123, 16, 102, 61, 0)
s = 194: (0, 25, 8, 76, 112, 79, 30, 51, 12, 11, 16, 59, 21, 97, 21, 72, 21, 10, 29, 82, 17, 86, 179, 14, 15, 44, 52, 124, 21, 95, 82, 0)
s = 195: (0, 25, 5, 88, 111, 113, 61, 27, 16, 7, 19, 93, 31, 157, 31, 84, 13, 12, 33, 59, 16, 38, 119, 21, 24, 52, 40, 73, 30, 85, 150, 0)
s = 196: (0, 48, 9, 59, 69, 96, 36, 31, 12, 10, 14, 43, 23, 121, 19, 77, 16, 11, 38, 65, 11, 57, 155, 16, 26, 46, 47, 74, 20, 95, 61, 0)
s = 197: (0, 36, 5, 49, 141, 134, 24, 36, 15, 12, 22, 36, 34, 103, 39, 62, 18, 20, 50, 68, 15, 38, 130, 24, 24, 59, 62, 108, 21, 131, 67, 0)
s = 198: (0, 53, 9, 77, 80, 80, 30, 32, 16, 12, 22, 51, 29, 98, 35, 40, 12, 18, 39, 58, 12, 71, 113, 18, 15, 74, 112, 58, 33, 112, 105, 0)
s = 199: (0, 34, 5, 134, 114, 89, 26, 47, 9, 9, 13, 78, 20, 77, 46, 64, 16, 16, 53, 53, 20, 68, 106, 9, 22, 75, 73, 121, 26, 69, 128, 0)
s = 200: (0, 21, 9, 100, 82, 55, 37, 52, 10, 10, 11, 53, 25, 76, 19, 71, 12, 12, 49, 82, 12, 49, 168, 17, 24, 83, 41, 85, 17, 56, 78, 0)
------------------------------------------------------------------------
RESOURCE k = 2
s = 1: (0, 27, 13, 46, 43, 86, 22, 67, 6, 11, 66, 42, 99, 98, 33, 62, 22, 12, 82, 52, 47, 102, 85, 6, 31, 53, 37, 119, 45, 28, 29, 0)
s = 2: (0, 34, 13, 45, 51, 99, 18, 58, 10, 12, 55, 45, 82, 66, 32, 80, 64, 9, 70, 53, 27, 58, 89, 5, 22, 61, 59, 163, 30, 20, 68, 0)
s = 3: (0, 36, 15, 44, 22, 41, 30, 60, 12, 9, 75, 47, 42, 54, 27, 90, 46, 5, 85, 41, 18, 49, 121, 6, 20, 44, 43, 122, 37, 26, 42, 0)
s = 4: (0, 28, 16, 78, 26, 62, 21, 62, 12, 11, 50, 46, 38, 52, 24, 80, 27, 10, 68, 76, 26, 85, 160, 6, 20, 39, 28, 135, 41, 28, 62, 0)
s = 5: (0, 37, 14, 70, 37, 68, 13, 35, 11, 8, 68, 52, 55, 51, 37, 81, 53, 8, 119, 44, 21, 51, 88, 5, 28, 33, 48, 106, 29, 35, 36, 0)
s = 6: (0, 43, 14, 58, 51, 83, 22, 44, 5, 10, 67, 53, 67, 57, 32, 58, 32, 7, 79, 37, 34, 64, 89, 11, 26, 40, 43, 123, 36, 17, 59, 0)
s = 7: (0, 27, 22, 104, 43, 57, 29, 60, 8, 13, 91, 44, 74, 59, 37, 89, 38, 7, 76, 80, 32, 58, 99, 7, 32, 24, 42, 128, 32, 23, 62, 0)
s = 8: (0, 33, 14, 62, 37, 63, 22, 53, 6, 9, 105, 57, 51, 64, 18, 62, 27, 11, 97, 68, 39, 76, 111, 7, 26, 33, 31, 109, 28, 24, 28, 0)
s = 9: (0, 41, 17, 82, 31, 113, 19, 48, 10, 14, 46, 64, 66, 99, 24, 102, 52, 11, 85, 54, 38, 86, 144, 10, 31, 41, 62, 116, 18, 25, 47, 0)
s = 10: (0, 26, 13, 61, 27, 53, 19, 54, 9, 8, 79, 28, 42, 69, 48, 88, 23, 9, 151, 85, 23, 42, 68, 9, 36, 37, 30, 116, 44, 41, 43, 0)
s = 11: (0, 23, 14, 103, 34, 71, 34, 44, 8, 11, 36, 76, 47, 63, 27, 144, 41, 11, 60, 60, 23, 38, 176, 8, 30, 26, 31, 91, 40, 21, 35, 0)
s = 12: (0, 58, 10, 83, 31, 44, 17, 50, 8, 11, 79, 51, 72, 88, 32, 65, 22, 8, 98, 40, 26, 72, 103, 6, 41, 47, 66, 116, 36, 27, 82, 0)
s = 13: (0, 29, 13, 64, 19, 75, 29, 63, 8, 7, 58, 60, 58, 87, 38, 110, 46, 13, 76, 50, 18, 81, 125, 10, 24, 27, 69, 139, 32, 25, 48, 0)
s = 14: (0, 37, 12, 101, 34, 56, 22, 65, 8, 18, 78, 41, 53, 76, 38, 86, 27, 10, 89, 70, 29, 78, 72, 6, 31, 34, 58, 85, 43, 47, 64, 0)
s = 15: (0, 25, 16, 102, 36, 84, 20, 33, 6, 7, 60, 53, 86, 92, 19, 77, 44, 5, 87, 66, 36, 75, 127, 5, 24, 62, 27, 153, 41, 36, 34, 0)
s = 16: (0, 28, 12, 56, 26, 40, 15, 42, 8, 12, 71, 49, 41, 52, 20, 96, 30, 10, 69, 67, 29, 76, 145, 10, 30, 28, 52, 114, 28, 33, 35, 0)
s = 17: (0, 36, 12, 66, 28, 51, 12, 40, 9, 10, 49, 40, 48, 81, 41, 83, 22, 10, 113, 70, 29, 43, 74, 5, 37, 44, 48, 95, 43, 27, 60, 0)
s = 18: (0, 35, 13, 73, 21, 39, 16, 48, 8, 7, 63, 43, 82, 43, 48, 84, 22, 11, 75, 56, 15, 79, 103, 7, 21, 45, 66, 94, 23, 27, 46, 0)
s = 19: (0, 30, 15, 72, 24, 103, 30, 65, 6, 10, 48, 39, 54, 93, 43, 72, 27, 5, 56, 64, 25, 45, 206, 8, 16, 28, 44, 140, 25, 22, 33, 0)
s = 20: (0, 45, 14, 71, 25, 63, 22, 65, 9, 13, 49, 53, 77, 80, 25, 83, 48, 8, 90, 63, 36, 43, 165, 6, 47, 23, 62, 97, 33, 38, 28, 0)
s = 21: (0, 28, 13, 102, 21, 56, 23, 65, 7, 9, 65, 28, 44, 55, 42, 69, 43, 11, 65, 50, 28, 62, 154, 9, 46, 26, 27, 98, 35, 23, 43, 0)
s = 22: (0, 32, 22, 61, 30, 62, 18, 55, 10, 8, 39, 54, 98, 102, 25, 77, 26, 7, 87, 58, 31, 44, 117, 7, 38, 62, 61, 82, 62, 37, 51, 0)
s = 23: (0, 41, 11, 64, 40, 53, 14, 37, 5, 10, 60, 61, 60, 57, 26, 58, 41, 12, 113, 50, 20, 40, 90, 11, 31, 27, 47, 126, 29, 20, 44, 0)
s = 24: (0, 24, 11, 46, 28, 87, 17, 32, 6, 10, 75, 32, 60, 59, 28, 59, 47, 13, 71, 63, 28, 69, 148, 4, 23, 48, 46, 69, 21, 39, 40, 0)
s = 25: (0, 39, 13, 42, 25, 49, 21, 56, 7, 10, 76, 43, 63, 85, 31, 70, 35, 11, 73, 68, 21, 38, 99, 10, 19, 27, 80, 84, 29, 36, 44, 0)
s = 26: (0, 46, 13, 84, 34, 76, 15, 36, 6, 7, 80, 51, 80, 81, 53, 51, 44, 12, 79, 53, 24, 54, 99, 10, 15, 36, 58, 119, 32, 28, 59, 0)
s = 27: (0, 33, 15, 121, 33, 93, 23, 35, 8, 9, 113, 45, 59, 67, 28, 53, 41, 8, 94, 67, 27, 45, 176, 10, 40, 39, 43, 113, 23, 21, 54, 0)
s = 28: (0, 25, 18, 56, 31, 59, 21, 57, 5, 13, 57, 43, 54, 68, 43, 88, 27, 6, 117, 50, 30, 48, 97, 9, 24, 42, 30, 153, 39, 23, 48, 0)
s = 29: (0, 21, 12, 71, 19, 57, 23, 36, 12, 13, 83, 41, 46, 52, 35, 66, 50, 8, 79, 87, 19, 75, 70, 10, 16, 34, 51, 103, 28, 38, 48, 0)
s = 30: (0, 49, 18, 45, 37, 75, 33, 63, 10, 8, 71, 50, 55, 128, 38, 59, 38, 8, 113, 99, 25, 53, 127, 5, 16, 36, 60, 113, 42, 24, 36, 0)
s = 31: (0, 23, 17, 106, 41, 84, 18, 45, 7, 9, 71, 57, 45, 83, 26, 91, 57, 10, 85, 88, 24, 79, 86, 8, 24, 42, 37, 123, 23, 41, 28, 0)
s = 32: (0, 33, 17, 79, 20, 64, 21, 51, 5, 10, 47, 41, 39, 85, 31, 66, 46, 13, 104, 64, 19, 58, 120, 6, 39, 45, 39, 110, 51, 35, 55, 0)
s = 33: (0, 23, 11, 72, 28, 46, 22, 44, 12, 9, 71, 36, 33, 60, 32, 59, 32, 7, 55, 82, 36, 47, 185, 6, 36, 25, 30, 88, 24, 22, 38, 0)
s = 34: (0, 19, 12, 82, 40, 39, 15, 53, 7, 10, 73, 25, 81, 45, 24, 114, 36, 6, 126, 59, 16, 84, 152, 7, 20, 51, 61, 83, 52, 29, 40, 0)
s = 35: (0, 25, 10, 66, 28, 38, 22, 36, 13, 14, 65, 62, 48, 44, 37, 87, 22, 11, 79, 43, 27, 71, 78, 8, 17, 31, 44, 90, 29, 34, 35, 0)
s = 36: (0, 21, 11, 49, 35, 65, 15, 55, 6, 14, 84, 46, 57, 55, 43, 82, 50, 8, 82, 80, 26, 68, 140, 7, 21, 25, 46, 97, 25, 42, 43, 0)
s = 37: (0, 30, 15, 65, 49, 50, 20, 61, 8, 10, 106, 48, 61, 45, 38, 59, 47, 6, 101, 56, 28, 85, 130, 8, 23, 36, 69, 79, 32, 27, 40, 0)
s = 38: (0, 37, 17, 83, 30, 62, 18, 80, 10, 8, 41, 38, 78, 54, 37, 83, 38, 8, 101, 76, 19, 50, 191, 7, 28, 42, 37, 90, 27, 33, 68, 0)
s = 39: (0, 23, 8, 81, 30, 44, 26, 40, 14, 8, 45, 65, 72, 52, 56, 56, 64, 11, 91, 62, 44, 61, 88, 6, 20, 51, 68, 114, 47, 29, 56, 0)
s = 40: (0, 29, 10, 50, 28, 68, 17, 27, 7, 11, 62, 47, 55, 75, 29, 48, 37, 6, 88, 104, 25, 65, 118, 9, 28, 55, 58, 77, 30, 44, 35, 0)
s = 41: (0, 46, 17, 131, 29, 67, 23, 44, 8, 16, 54, 36, 38, 65, 36, 93, 37, 6, 92, 44, 39, 64, 143, 5, 24, 24, 44, 176, 34, 33, 48, 0)
s = 42: (0, 46, 21, 80, 49, 52, 24, 57, 11, 9, 78, 45, 51, 48, 39, 70, 74, 13, 115, 91, 27, 70, 118, 8, 28, 43, 76, 79, 34, 18, 52, 0)
s = 43: (0, 50, 16, 70, 19, 84, 21, 44, 9, 11, 60, 44, 86, 76, 40, 56, 24, 5, 80, 57, 18, 59, 118, 11, 24, 41, 57, 99, 45, 26, 75, 0)
s = 44: (0, 39, 12, 59, 19, 62, 19, 58, 14, 9, 79, 44, 55, 65, 27, 75, 35, 9, 68, 59, 27, 49, 119, 7, 23, 50, 81, 159, 32, 27, 67, 0)
s = 45: (0, 41, 20, 52, 32, 54, 27, 61, 8, 9, 72, 52, 59, 104, 29, 49, 39, 6, 153, 69, 17, 47, 182, 9, 28, 42, 66, 80, 35, 33, 35, 0)
s = 46: (0, 28, 14, 44, 30, 71, 24, 51, 9, 7, 95, 42, 77, 54, 27, 74, 41, 9, 54, 46, 18, 76, 193, 8, 28, 50, 37, 104, 35, 29, 63, 0)
s = 47: (0, 51, 12, 90, 35, 63, 14, 50, 9, 11, 64, 40, 37, 63, 37, 80, 33, 10, 54, 57, 26, 74, 87, 7, 26, 51, 38, 89, 36, 23, 71, 0)
s = 48: (0, 33, 16, 69, 35, 73, 20, 44, 5, 12, 60, 81, 57, 51, 39, 67, 49, 6, 97, 39, 21, 96, 140, 5, 15, 24, 61, 176, 52, 32, 61, 0)
s = 49: (0, 19, 20, 91, 39, 55, 21, 51, 6, 13, 85, 36, 56, 80, 29, 96, 43, 12, 126, 42, 28, 57, 115, 6, 32, 40, 36, 114, 33, 32, 45, 0)
s = 50: (0, 36, 14, 77, 27, 52, 11, 67, 13, 14, 75, 65, 47, 60, 44, 58, 31, 10, 118, 109, 32, 81, 125, 5, 34, 45, 46, 129, 38, 36, 49, 0)
s = 51: (0, 26, 13, 49, 39, 56, 17, 32, 6, 9, 79, 57, 58, 94, 36, 51, 33, 10, 71, 44, 17, 68, 118, 9, 28, 48, 31, 77, 26, 33, 47, 0)
s = 52: (0, 38, 19, 49, 28, 51, 20, 76, 7, 8, 42, 44, 56, 93, 35, 82, 45, 7, 80, 50, 16, 35, 138, 8, 26, 33, 43, 115, 18, 19, 36, 0)
s = 53: (0, 24, 8, 99, 27, 44, 21, 28, 11, 17, 39, 30, 82, 78, 39, 83, 27, 6, 72, 43, 27, 39, 109, 7, 17, 28, 55, 134, 43, 31, 61, 0)
s = 54: (0, 25, 13, 93, 38, 70, 14, 52, 8, 14, 90, 32, 55, 72, 31, 134, 63, 7, 92, 45, 26, 58, 71, 5, 18, 38, 71, 97, 20, 26, 58, 0)
s = 55: (0, 42, 8, 67, 32, 56, 22, 37, 8, 10, 78, 69, 71, 58, 22, 64, 51, 5, 98, 59, 23, 58, 85, 6, 31, 55, 36, 115, 42, 43, 39, 0)
s = 56: (0, 21, 10, 93, 40, 71, 13, 39, 8, 10, 72, 36, 35, 76, 42, 80, 29, 9, 80, 75, 39, 50, 128, 8, 28, 42, 50, 176, 22, 34, 41, 0)
s = 57: (0, 47, 14, 72, 30, 75, 17, 54, 12, 7, 63, 35, 46, 126, 46, 85, 27, 7, 84, 45, 26, 62, 155, 8, 32, 26, 86, 69, 38, 29, 74, 0)
s = 58: (0, 37, 18, 72, 48, 100, 16, 50, 10, 8, 98, 27, 57, 68, 22, 76, 40, 9, 130, 52, 29, 35, 183, 5, 28, 37, 89, 91, 42, 19, 83, 0)
s = 59: (0, 31, 16, 108, 23, 75, 25, 41, 10, 8, 52, 30, 54, 139, 27, 79, 24, 7, 92, 94, 33, 60, 106, 7, 22, 32, 37, 133, 35, 39, 62, 0)
s = 60: (0, 28, 16, 52, 31, 65, 28, 43, 13, 11, 94, 42, 87, 76, 55, 93, 53, 8, 68, 81, 36, 63, 155, 10, 27, 31, 41, 106, 32, 47, 79, 0)
s = 61: (0, 30, 14, 48, 28, 79, 17, 60, 10, 7, 110, 48, 65, 66, 18, 79, 29, 11, 74, 49, 18, 47, 112, 8, 34, 27, 64, 87, 36, 44, 47, 0)
s = 62: (0, 59, 10, 113, 26, 57, 19, 44, 7, 11, 82, 38, 43, 96, 34, 109, 26, 8, 98, 73, 26, 51, 105, 9, 23, 47, 33, 94, 37, 43, 56, 0)
s = 63: (0, 24, 17, 70, 39, 52, 18, 42, 10, 13, 47, 68, 62, 72, 47, 59, 35, 9, 131, 45, 22, 58, 86, 7, 32, 42, 40, 79, 28, 17, 55, 0)
s = 64: (0, 27, 9, 84, 43, 49, 25, 45, 11, 11, 63, 47, 42, 68, 32, 80, 46, 7, 85, 85, 32, 94, 152, 7, 33, 43, 48, 121, 51, 25, 32, 0)
s = 65: (0, 20, 11, 53, 19, 53, 20, 59, 10, 8, 53, 49, 65, 77, 38, 95, 50, 9, 75, 72, 37, 79, 133, 10, 25, 40, 31, 81, 41, 33, 38, 0)
s = 66: (0, 23, 11, 76, 24, 58, 35, 48, 7, 13, 56, 57, 47, 79, 22, 107, 47, 9, 85, 54, 22, 86, 132, 7, 20, 39, 37, 162, 26, 24, 25, 0)
s = 67: (0, 34, 13, 75, 22, 43, 20, 34, 8, 11, 69, 53, 55, 52, 18, 65, 35, 8, 123, 54, 17, 51, 192, 10, 31, 42, 32, 136, 46, 28, 46, 0)
s = 68: (0, 28, 15, 56, 18, 71, 20, 51, 11, 10, 70, 60, 45, 85, 24, 107, 42, 6, 92, 59, 35, 42, 147, 6, 29, 50, 52, 80, 24, 30, 26, 0)
s = 69: (0, 30, 11, 51, 26, 85, 13, 35, 7, 10, 68, 40, 49, 115, 37, 106, 45, 10, 106, 44, 33, 77, 140, 9, 33, 32, 51, 117, 38, 21, 46, 0)
s = 70: (0, 27, 14, 74, 41, 127, 34, 62, 7, 11, 76, 28, 76, 80, 35, 45, 41, 7, 136, 33, 19, 46, 164, 6, 31, 44, 64, 111, 52, 23, 50, 0)
s = 71: (0, 33, 11, 88, 37, 50, 22, 40, 12, 10, 58, 44, 59, 78, 28, 106, 35, 9, 83, 36, 18, 64, 78, 9, 35, 34, 38, 146, 29, 24, 31, 0)
s = 72: (0, 38, 16, 91, 23, 38, 24, 47, 6, 9, 95, 36, 75, 76, 18, 79, 33, 13, 73, 59, 22, 90, 108, 6, 23, 45, 63, 130, 23, 28, 36, 0)
s = 73: (0, 39, 16, 118, 20, 61, 29, 64, 8, 8, 98, 35, 68, 75, 25, 84, 39, 7, 104, 64, 34, 51, 172, 7, 28, 31, 36, 118, 30, 31, 32, 0)
s = 74: (0, 39, 13, 102, 40, 63, 14, 53, 7, 10, 60, 42, 106, 61, 29, 131, 21, 11, 66, 47, 17, 65, 143, 5, 14, 52, 35, 165, 29, 34, 45, 0)
s = 75: (0, 36, 10, 68, 34, 87, 15, 32, 14, 6, 73, 56, 87, 49, 28, 67, 42, 8, 72, 44, 20, 44, 120, 7, 38, 34, 45, 103, 27, 28, 54, 0)
s = 76: (0, 42, 14, 52, 41, 78, 23, 30, 11, 10, 67, 32, 63, 62, 25, 47, 46, 7, 62, 81, 43, 64, 108, 8, 21, 23, 42, 87, 53, 23, 36, 0)
s = 77: (0, 23, 10, 79, 28, 94, 27, 58, 9, 6, 76, 51, 87, 65, 48, 103, 31, 13, 108, 44, 30, 66, 121, 7, 36, 32, 32, 98, 24, 30, 56, 0)
s = 78: (0, 44, 11, 79, 31, 93, 17, 76, 5, 14, 61, 40, 71, 103, 44, 90, 40, 5, 55, 62, 29, 55, 127, 8, 38, 33, 38, 125, 28, 27, 26, 0)
s = 79: (0, 30, 17, 72, 38, 63, 17, 60, 8, 12, 40, 55, 66, 90, 51, 73, 54, 7, 75, 63, 28, 82, 204, 6, 50, 29, 47, 114, 40, 27, 47, 0)
s = 80: (0, 25, 14, 55, 36, 76, 23, 48, 8, 9, 75, 74, 56, 93, 32, 46, 68, 8, 69, 46, 15, 60, 91, 10, 27, 25, 53, 93, 31, 37, 50, 0)
s = 81: (0, 22, 17, 106, 46, 55, 13, 44, 6, 12, 73, 43, 80, 76, 32, 70, 41, 7, 65, 38, 37, 56, 141, 6, 34, 35, 50, 124, 27, 25, 46, 0)
s = 82: (0, 25, 18, 69, 42, 49, 23, 40, 12, 10, 87, 73, 52, 46, 28, 73, 27, 7, 75, 39, 23, 36, 91, 11, 28, 38, 42, 110, 48, 41, 39, 0)
s = 83: (0, 25, 11, 46, 47, 38, 19, 78, 8, 12, 62, 54, 113, 80, 40, 104, 48, 13, 95, 55, 19, 69, 123, 11, 22, 27, 59, 145, 45, 34, 43, 0)
s = 84: (0, 39, 10, 120, 36, 45, 26, 68, 11, 7, 83, 50, 97, 49, 21, 64, 47, 14, 118, 64, 24, 70, 118, 7, 21, 57, 40, 115, 39, 20, 61, 0)
s = 85: (0, 31, 16, 69, 30, 53, 19, 43, 10, 15, 81, 38, 73, 94, 38, 46, 46, 5, 91, 89, 29, 41, 107, 5, 41, 54, 32, 78, 27, 37, 35, 0)
s = 86: (0, 35, 14, 69, 30, 78, 18, 71, 6, 10, 100, 58, 67, 71, 27, 53, 59, 6, 83, 70, 36, 55, 124, 7, 27, 32, 31, 127, 38, 30, 57, 0)
s = 87: (0, 24, 18, 71, 36, 67, 12, 34, 9, 16, 51, 29, 58, 102, 28, 116, 28, 9, 135, 91, 23, 44, 86, 6, 40, 45, 42, 104, 23, 27, 45, 0)
s = 88: (0, 48, 22, 78, 27, 72, 28, 36, 6, 8, 84, 65, 56, 44, 37, 88, 58, 6, 88, 40, 17, 63, 118, 8, 39, 47, 51, 73, 38, 43, 60, 0)
s = 89: (0, 42, 16, 83, 27, 80, 29, 92, 13, 11, 111, 55, 60, 111, 51, 72, 31, 7, 94, 69, 23, 74, 133, 7, 35, 29, 33, 74, 39, 28, 53, 0)
s = 90: (0, 32, 11, 54, 23, 67, 18, 53, 14, 8, 105, 38, 74, 129, 31, 75, 47, 13, 105, 53, 16, 43, 75, 10, 22, 33, 38, 102, 32, 39, 29, 0)
s = 91: (0, 27, 9, 100, 42, 68, 19, 47, 7, 9, 115, 38, 44, 65, 19, 122, 35, 9, 72, 71, 24, 47, 157, 8, 33, 46, 50, 120, 30, 30, 62, 0)
s = 92: (0, 44, 16, 65, 37, 67, 16, 55, 11, 15, 105, 30, 40, 84, 20, 45, 29, 10, 134, 67, 33, 47, 86, 9, 29, 31, 47, 128, 31, 50, 69, 0)
s = 93: (0, 36, 10, 95, 25, 43, 25, 77, 7, 10, 71, 75, 68, 72, 32, 53, 43, 8, 65, 79, 20, 71, 107, 7, 30, 69, 73, 131, 25, 25, 35, 0)
s = 94: (0, 34, 10, 82, 21, 52, 25, 46, 14, 7, 103, 61, 47, 66, 26, 64, 31, 13, 55, 50, 21, 37, 158, 9, 22, 47, 42, 111, 41, 35, 77, 0)
s = 95: (0, 41, 16, 40, 31, 56, 17, 32, 6, 13, 67, 50, 68, 57, 53, 54, 64, 13, 143, 38, 16, 38, 241, 5, 42, 25, 36, 98, 29, 33, 55, 0)
s = 96: (0, 34, 11, 80, 34, 66, 21, 43, 10, 7, 96, 67, 37, 80, 20, 50, 53, 9, 65, 43, 20, 51, 134, 8, 29, 28, 41, 106, 20, 21, 33, 0)
s = 97: (0, 39, 13, 77, 30, 86, 15, 60, 8, 9, 104, 42, 41, 71, 24, 80, 36, 7, 92, 84, 30, 62, 114, 8, 46, 43, 63, 143, 18, 35, 67, 0)
s = 98: (0, 38, 13, 52, 39, 59, 15, 77, 8, 8, 56, 41, 63, 105, 36, 71, 26, 8, 69, 80, 17, 45, 193, 6, 40, 40, 39, 92, 21, 31, 64, 0)
s = 99: (0, 42, 12, 73, 29, 65, 22, 38, 8, 12, 61, 40, 47, 61, 34, 100, 43, 6, 77, 47, 22, 58, 116, 5, 26, 42, 51, 83, 33, 21, 54, 0)
s = 100: (0, 19, 13, 73, 24, 61, 25, 73, 7, 14, 61, 40, 60, 122, 28, 99, 36, 13, 114, 45, 28, 60, 188, 7, 19, 66, 42, 159, 46, 24, 46, 0)
s = 101: (0, 21, 16, 77, 34, 92, 13, 42, 9, 8, 81, 43, 61, 92, 32, 62, 50, 6, 64, 66, 15, 84, 153, 7, 34, 34, 45, 82, 31, 34, 42, 0)
s = 102: (0, 30, 13, 45, 44, 61, 32, 46, 9, 7, 99, 35, 97, 64, 34, 75, 45, 8, 83, 52, 32, 61, 86, 5, 30, 33, 63, 99, 25, 23, 44, 0)
s = 103: (0, 33, 15, 48, 26, 74, 20, 72, 15, 7, 57, 57, 67, 53, 25, 107, 38, 14, 104, 88, 26, 54, 95, 6, 30, 46, 48, 133, 28, 26, 60, 0)
s = 104: (0, 20, 17, 69, 37, 60, 34, 43, 9, 11, 99, 36, 34, 58, 35, 67, 32, 11, 117, 68, 56, 52, 84, 6, 24, 57, 69, 156, 39, 31, 60, 0)
s = 105: (0, 28, 10, 72, 43, 76, 18, 41, 7, 6, 64, 35, 45, 51, 32, 81, 49, 7, 54, 45, 27, 50, 136, 8, 45, 35, 46, 96, 26, 21, 50, 0)
s = 106: (0, 26, 17, 68, 44, 68, 13, 35, 5, 13, 62, 50, 71, 55, 31, 131, 42, 10, 80, 35, 22, 84, 100, 12, 38, 49, 30, 104, 44, 33, 47, 0)
s = 107: (0, 24, 11, 76, 31, 70, 18, 55, 5, 7, 73, 45, 45, 92, 47, 98, 47, 9, 109, 91, 27, 71, 122, 6, 21, 51, 42, 170, 52, 31, 33, 0)
s = 108: (0, 25, 12, 76, 21, 55, 18, 40, 10, 12, 106, 37, 46, 59, 33, 54, 40, 8, 85, 47, 27, 58, 104, 6, 33, 43, 26, 96, 27, 22, 47, 0)
s = 109: (0, 34, 11, 64, 33, 61, 20, 37, 8, 14, 84, 39, 53, 80, 38, 117, 53, 9, 79, 55, 25, 51, 119, 9, 42, 51, 52, 105, 20, 42, 59, 0)
s = 110: (0, 37, 8, 99, 48, 45, 22, 37, 7, 13, 97, 52, 65, 78, 31, 77, 28, 10, 47, 48, 17, 36, 115, 7, 22, 58, 29, 159, 18, 18, 30, 0)
s = 111: (0, 31, 17, 111, 26, 107, 22, 47, 6, 11, 80, 30, 64, 49, 22, 67, 40, 8, 61, 40, 23, 86, 142, 6, 35, 45, 66, 150, 23, 41, 25, 0)
s = 112: (0, 44, 13, 69, 36, 55, 23, 29, 9, 12, 57, 46, 46, 106, 38, 67, 38, 9, 109, 60, 23, 82, 114, 6, 29, 57, 53, 156, 34, 20, 45, 0)
s = 113: (0, 44, 17, 61, 53, 76, 19, 44, 8, 16, 92, 42, 37, 88, 42, 48, 30, 14, 71, 66, 18, 52, 141, 8, 44, 38, 53, 122, 35, 29, 30, 0)
s = 114: (0, 32, 12, 70, 28, 46, 28, 47, 7, 11, 64, 36, 74, 87, 36, 91, 48, 7, 132, 73, 30, 63, 113, 6, 22, 39, 38, 74, 36, 31, 35, 0)
s = 115: (0, 39, 18, 91, 43, 63, 22, 39, 5, 15, 39, 47, 55, 71, 29, 60, 38, 11, 64, 68, 35, 53, 176, 8, 17, 44, 43, 118, 20, 18, 31, 0)
s = 116: (0, 47, 14, 100, 24, 76, 14, 61, 7, 8, 72, 56, 67, 90, 26, 75, 40, 7, 144, 55, 33, 82, 157, 10, 31, 50, 34, 116, 37, 22, 34, 0)
s = 117: (0, 28, 11, 81, 28, 84, 25, 50, 10, 12, 63, 51, 43, 98, 43, 89, 36, 9, 83, 70, 22, 61, 230, 4, 20, 31, 59, 82, 30, 34, 45, 0)
s = 118: (0, 42, 18, 48, 20, 64, 19, 41, 7, 9, 65, 68, 45, 76, 28, 89, 30, 7, 64, 74, 26, 68, 116, 9, 31, 40, 41, 66, 37, 27, 76, 0)
s = 119: (0, 43, 17, 112, 24, 98, 18, 46, 11, 12, 57, 38, 69, 60, 29, 79, 35, 7, 87, 35, 48, 67, 78, 11, 37, 59, 58, 123, 29, 25, 49, 0)
s = 120: (0, 32, 10, 74, 45, 55, 14, 58, 10, 8, 91, 60, 75, 70, 23, 78, 64, 10, 97, 95, 36, 63, 218, 5, 35, 43, 35, 115, 48, 25, 50, 0)
s = 121: (0, 22, 10, 139, 29, 47, 25, 40, 12, 11, 60, 31, 41, 105, 20, 45, 39, 6, 158, 41, 27, 35, 91, 11, 25, 40, 43, 122, 28, 48, 40, 0)
s = 122: (0, 40, 19, 43, 41, 76, 17, 38, 11, 6, 61, 44, 92, 93, 34, 87, 27, 8, 66, 58, 29, 54, 162, 12, 32, 62, 59, 132, 22, 30, 39, 0)
s = 123: (0, 41, 11, 96, 36, 51, 23, 38, 7, 7, 73, 54, 71, 86, 31, 62, 25, 8, 103, 31, 34, 48, 163, 8, 32, 48, 43, 118, 21, 26, 37, 0)
s = 124: (0, 46, 15, 99, 32, 59, 18, 41, 7, 10, 68, 37, 49, 102, 24, 101, 34, 7, 133, 74, 19, 57, 106, 7, 25, 49, 68, 138, 28, 42, 59, 0)
s = 125: (0, 24, 11, 69, 37, 37, 20, 43, 6, 10, 91, 56, 87, 68, 24, 66, 53, 10, 75, 47, 22, 63, 179, 10, 44, 40, 55, 99, 29, 32, 59, 0)
s = 126: (0, 34, 20, 65, 35, 54, 16, 46, 7, 11, 74, 65, 70, 123, 42, 62, 78, 12, 109, 52, 35, 62, 124, 9, 22, 39, 43, 89, 41, 26, 37, 0)
s = 127: (0, 46, 10, 96, 37, 65, 17, 70, 5, 10, 90, 34, 91, 67, 30, 64, 49, 8, 98, 45, 41, 52, 140, 7, 18, 30, 58, 84, 32, 23, 47, 0)
s = 128: (0, 28, 9, 60, 33, 45, 22, 32, 7, 16, 68, 59, 53, 77, 21, 82, 37, 9, 68, 67, 19, 65, 153, 6, 35, 42, 48, 85, 26, 38, 61, 0)
s = 129: (0, 35, 10, 44, 41, 80, 13, 33, 5, 15, 109, 31, 34, 55, 41, 90, 34, 6, 128, 41, 18, 40, 129, 6, 24, 28, 66, 104, 34, 33, 38, 0)
s = 130: (0, 25, 14, 74, 24, 82, 13, 37, 5, 7, 117, 49, 59, 62, 24, 68, 57, 6, 76, 48, 38, 60, 158, 8, 26, 34, 35, 75, 22, 39, 47, 0)
s = 131: (0, 19, 15, 59, 26, 42, 26, 58, 10, 12, 71, 38, 62, 56, 55, 87, 27, 8, 120, 94, 33, 35, 219, 9, 44, 50, 47, 86, 25, 23, 36, 0)
s = 132: (0, 26, 8, 52, 19, 68, 21, 46, 11, 7, 75, 46, 34, 95, 47, 93, 57, 9, 105, 85, 22, 69, 122, 11, 17, 44, 56, 128, 37, 48, 45, 0)
s = 133: (0, 24, 19, 93, 24, 40, 17, 51, 9, 7, 56, 36, 46, 75, 31, 77, 23, 6, 57, 47, 39, 46, 118, 7, 22, 25, 32, 160, 51, 31, 30, 0)
s = 134: (0, 26, 17, 68, 26, 62, 26, 54, 9, 13, 53, 70, 53, 71, 39, 72, 36, 6, 101, 74, 23, 65, 119, 4, 23, 24, 78, 143, 41, 39, 30, 0)
s = 135: (0, 22, 10, 63, 23, 78, 20, 76, 9, 10, 65, 45, 81, 75, 36, 68, 54, 10, 64, 90, 21, 53, 114, 9, 28, 27, 60, 135, 30, 26, 75, 0)
s = 136: (0, 27, 10, 81, 42, 42, 33, 39, 8, 13, 73, 67, 88, 68, 29, 72, 34, 8, 51, 67, 26, 53, 151, 5, 26, 72, 51, 97, 20, 32, 43, 0)
s = 137: (0, 39, 10, 57, 27, 41, 26, 34, 10, 12, 75, 74, 81, 73, 34, 78, 40, 10, 81, 66, 34, 67, 149, 6, 19, 38, 34, 111, 31, 22, 87, 0)
s = 138: (0, 30, 9, 80, 22, 56, 17, 42, 6, 11, 46, 67, 58, 61, 23, 132, 43, 6, 76, 60, 17, 61, 122, 5, 26, 22, 30, 165, 23, 20, 32, 0)
s = 139: (0, 42, 14, 78, 30, 94, 16, 34, 7, 7, 59, 51, 58, 85, 22, 99, 42, 9, 122, 58, 17, 68, 83, 8, 19, 47, 41, 127, 29, 34, 50, 0)
s = 140: (0, 24, 12, 65, 39, 58, 19, 65, 8, 11, 62, 61, 54, 63, 25, 50, 60, 6, 100, 46, 23, 33, 100, 12, 18, 44, 37, 86, 35, 26, 45, 0)
s = 141: (0, 41, 14, 74, 24, 74, 16, 32, 8, 10, 70, 28, 63, 79, 20, 46, 28, 12, 82, 50, 36, 73, 75, 4, 26, 47, 77, 87, 36, 33, 47, 0)
s = 142: (0, 22, 17, 50, 49, 83, 23, 55, 9, 9, 69, 51, 83, 79, 23, 77, 43, 10, 98, 59, 31, 46, 148, 10, 30, 76, 45, 70, 32, 30, 57, 0)
s = 143: (0, 29, 17, 124, 33, 89, 18, 81, 7, 8, 67, 61, 61, 51, 25, 61, 48, 7, 117, 57, 27, 98, 115, 9, 37, 25, 44, 108, 32, 27, 42, 0)
s = 144: (0, 21, 11, 70, 38, 55, 22, 60, 9, 17, 55, 56, 43, 72, 27, 110, 51, 6, 66, 59, 38, 41, 80, 10, 20, 35, 42, 133, 33, 28, 50, 0)
s = 145: (0, 37, 23, 63, 31, 78, 21, 52, 9, 11, 70, 43, 35, 81, 30, 134, 36, 9, 86, 42, 37, 37, 142, 7, 22, 33, 38, 77, 26, 17, 60, 0)
s = 146: (0, 22, 13, 57, 44, 63, 18, 34, 10, 9, 86, 37, 50, 83, 39, 52, 28, 12, 132, 59, 38, 79, 97, 4, 35, 28, 62, 131, 35, 38, 45, 0)
s = 147: (0, 35, 12, 81, 35, 44, 16, 73, 7, 13, 58, 37, 48, 107, 30, 94, 42, 7, 91, 47, 19, 98, 167, 8, 25, 49, 73, 120, 47, 24, 29, 0)
s = 148: (0, 34, 19, 65, 27, 87, 21, 40, 6, 10, 53, 63, 61, 49, 23, 49, 42, 8, 76, 35, 34, 51, 82, 5, 32, 30, 47, 91, 50, 47, 74, 0)
s = 149: (0, 33, 10, 63, 42, 62, 19, 60, 12, 12, 55, 35, 51, 51, 23, 66, 27, 7, 59, 52, 31, 37, 189, 8, 25, 45, 40, 115, 31, 34, 35, 0)
s = 150: (0, 38, 12, 80, 32, 101, 16, 76, 12, 10, 66, 65, 45, 61, 32, 82, 32, 6, 92, 78, 17, 44, 102, 7, 28, 29, 31, 106, 45, 26, 32, 0)
s = 151: (0, 24, 11, 79, 34, 68, 20, 72, 10, 8, 54, 46, 77, 84, 34, 48, 72, 7, 65, 65, 21, 58, 141, 7, 25, 67, 42, 164, 30, 37, 40, 0)
s = 152: (0, 33, 15, 82, 43, 89, 22, 50, 5, 11, 54, 37, 38, 46, 33, 69, 67, 13, 146, 106, 42, 55, 150, 7, 20, 27, 38, 157, 43, 34, 36, 0)
s = 153: (0, 39, 10, 101, 29, 82, 12, 39, 10, 7, 75, 29, 56, 73, 20, 57, 37, 6, 91, 55, 25, 59, 136, 6, 24, 52, 39, 131, 47, 28, 56, 0)
s = 154: (0, 26, 12, 82, 39, 85, 15, 39, 6, 12, 139, 66, 43, 69, 24, 55, 35, 9, 101, 55, 25, 57, 173, 8, 16, 35, 33, 116, 49, 24, 47, 0)
s = 155: (0, 41, 13, 99, 49, 86, 18, 79, 6, 11, 70, 49, 65, 100, 40, 112, 49, 7, 96, 35, 32, 40, 109, 6, 26, 39, 52, 139, 31, 40, 54, 0)
s = 156: (0, 27, 16, 53, 20, 74, 17, 41, 8, 7, 68, 33, 60, 74, 37, 127, 35, 8, 74, 80, 20, 53, 73, 8, 26, 22, 45, 102, 34, 19, 41, 0)
s = 157: (0, 20, 12, 66, 39, 56, 17, 28, 9, 15, 66, 31, 55, 79, 23, 141, 49, 9, 54, 54, 21, 64, 113, 6, 42, 46, 49, 77, 30, 44, 56, 0)
s = 158: (0, 54, 15, 54, 17, 97, 14, 51, 10, 13, 49, 60, 87, 44, 39, 82, 37, 7, 64, 81, 19, 65, 84, 7, 18, 42, 35, 109, 48, 26, 35, 0)
s = 159: (0, 25, 18, 56, 24, 95, 19, 51, 9, 7, 43, 42, 60, 67, 22, 64, 34, 7, 53, 44, 26, 55, 128, 9, 40, 43, 60, 132, 36, 47, 58, 0)
s = 160: (0, 39, 16, 59, 22, 98, 25, 76, 7, 12, 61, 45, 53, 63, 32, 65, 53, 7, 76, 34, 21, 94, 108, 7, 27, 33, 47, 86, 49, 41, 82, 0)
s = 161: (0, 29, 16, 73, 44, 75, 21, 42, 10, 13, 70, 32, 60, 72, 44, 58, 25, 7, 82, 44, 17, 118, 179, 10, 27, 37, 43, 146, 29, 31, 64, 0)
s = 162: (0, 24, 14, 62, 29, 84, 23, 50, 9, 10, 94, 46, 55, 49, 38, 45, 34, 8, 141, 78, 29, 53, 118, 6, 24, 42, 38, 146, 30, 30, 42, 0)
s = 163: (0, 34, 11, 94, 33, 118, 22, 50, 7, 13, 45, 40, 101, 114, 17, 63, 33, 6, 76, 69, 26, 60, 156, 7, 23, 34, 58, 154, 30, 35, 44, 0)
s = 164: (0, 27, 14, 73, 37, 40, 22, 46, 11, 7, 78, 33, 60, 102, 47, 69, 28, 7, 56, 68, 34, 78, 149, 10, 25, 26, 66, 106, 38, 31, 45, 0)
s = 165: (0, 22, 18, 88, 44, 51, 21, 69, 7, 10, 45, 46, 82, 94, 34, 124, 52, 9, 88, 80, 33, 78, 161, 6, 26, 54, 35, 129, 38, 23, 59, 0)
s = 166: (0, 44, 14, 68, 28, 81, 17, 47, 15, 7, 56, 51, 44, 69, 22, 86, 32, 13, 59, 59, 46, 104, 112, 9, 20, 38, 40, 154, 23, 17, 36, 0)
s = 167: (0, 19, 9, 41, 35, 49, 18, 76, 11, 14, 65, 30, 95, 58, 38, 112, 38, 7, 80, 52, 23, 73, 91, 9, 21, 42, 42, 108, 50, 30, 58, 0)
s = 168: (0, 19, 15, 73, 23, 94, 20, 61, 11, 14, 62, 49, 74, 96, 26, 86, 35, 7, 54, 74, 26, 66, 119, 6, 32, 36, 57, 107, 17, 44, 51, 0)
s = 169: (0, 55, 8, 82, 32, 44, 21, 44, 8, 12, 84, 49, 67, 82, 42, 65, 39, 10, 56, 78, 17, 78, 97, 6, 23, 27, 76, 105, 41, 35, 53, 0)
s = 170: (0, 32, 11, 117, 28, 71, 21, 37, 6, 13, 45, 56, 57, 68, 49, 55, 45, 8, 168, 60, 20, 38, 101, 9, 36, 46, 51, 83, 49, 22, 39, 0)
s = 171: (0, 29, 8, 70, 59, 102, 16, 82, 11, 17, 49, 35, 71, 56, 32, 128, 29, 15, 52, 70, 24, 74, 131, 5, 28, 38, 79, 211, 33, 41, 62, 0)
s = 172: (0, 34, 8, 65, 53, 52, 19, 73, 7, 11, 103, 28, 49, 113, 29, 68, 36, 14, 53, 48, 24, 62, 182, 6, 45, 26, 36, 148, 27, 39, 58, 0)
s = 173: (0, 33, 17, 63, 26, 52, 17, 51, 8, 7, 90, 64, 77, 59, 30, 104, 53, 8, 92, 45, 24, 55, 154, 8, 22, 37, 53, 94, 33, 20, 60, 0)
s = 174: (0, 31, 12, 64, 25, 64, 19, 40, 8, 12, 111, 46, 72, 78, 23, 99, 29, 8, 78, 36, 23, 72, 133, 8, 29, 33, 45, 141, 33, 29, 37, 0)
s = 175: (0, 22, 11, 49, 30, 46, 16, 31, 9, 10, 70, 53, 43, 103, 28, 89, 41, 14, 78, 76, 38, 106, 115, 9, 25, 36, 59, 132, 21, 23, 48, 0)
s = 176: (0, 20, 12, 73, 33, 71, 30, 69, 6, 10, 54, 65, 66, 85, 36, 45, 36, 13, 87, 81, 21, 51, 96, 5, 21, 46, 63, 100, 35, 44, 51, 0)
s = 177: (0, 42, 11, 72, 41, 76, 14, 69, 7, 15, 79, 42, 45, 43, 22, 68, 49, 10, 67, 77, 30, 43, 164, 9, 34, 37, 74, 173, 21, 33, 57, 0)
s = 178: (0, 22, 10, 59, 18, 76, 26, 50, 9, 12, 60, 34, 79, 74, 29, 59, 57, 8, 82, 57, 41, 63, 160, 7, 34, 54, 50, 123, 29, 27, 46, 0)
s = 179: (0, 38, 11, 57, 31, 61, 18, 37, 6, 13, 47, 64, 45, 113, 42, 82, 29, 8, 125, 52, 25, 63, 118, 10, 28, 30, 40, 131, 24, 36, 32, 0)
s = 180: (0, 28, 9, 85, 21, 50, 29, 41, 6, 8, 66, 71, 45, 64, 29, 77, 37, 12, 83, 59, 31, 55, 79, 9, 37, 49, 45, 142, 25, 43, 35, 0)
s = 181: (0, 39, 11, 68, 31, 61, 11, 93, 11, 7, 62, 43, 59, 68, 46, 68, 45, 6, 116, 82, 20, 41, 104, 5, 21, 49, 42, 120, 56, 20, 60, 0)
s = 182: (0, 17, 11, 52, 20, 87, 25, 47, 6, 10, 63, 56, 66, 104, 33, 45, 39, 12, 71, 46, 18, 42, 72, 10, 33, 40, 44, 166, 50, 25, 28, 0)
s = 183: (0, 20, 19, 44, 38, 45, 18, 69, 7, 6, 70, 44, 33, 63, 38, 68, 39, 13, 54, 52, 21, 73, 126, 8, 24, 52, 37, 77, 34, 40, 39, 0)
s = 184: (0, 37, 9, 53, 41, 62, 18, 47, 5, 6, 115, 81, 34, 106, 21, 78, 36, 8, 113, 95, 26, 66, 197, 6, 28, 50, 48, 67, 19, 27, 38, 0)
s = 185: (0, 43, 16, 68, 28, 73, 19, 38, 7, 9, 68, 72, 59, 66, 28, 57, 65, 7, 72, 42, 16, 60, 105, 8, 22, 33, 26, 121, 44, 29, 29, 0)
s = 186: (0, 22, 12, 53, 24, 39, 17, 66, 6, 12, 84, 40, 62, 63, 30, 116, 58, 11, 56, 67, 25, 52, 141, 11, 29, 29, 58, 89, 56, 26, 32, 0)
s = 187: (0, 29, 16, 83, 40, 52, 21, 57, 8, 8, 77, 28, 100, 56, 21, 99, 65, 7, 53, 43, 24, 85, 100, 5, 18, 33, 44, 112, 39, 46, 38, 0)
s = 188: (0, 32, 8, 45, 22, 71, 16, 37, 7, 16, 39, 45, 41, 48, 33, 77, 34, 10, 84, 41, 16, 108, 111, 14, 35, 28, 30, 122, 40, 40, 45, 0)
s = 189: (0, 17, 10, 90, 21, 106, 24, 39, 7, 9, 68, 74, 70, 57, 23, 71, 39, 6, 70, 57, 20, 65, 149, 6, 30, 25, 45, 86, 27, 26, 51, 0)
s = 190: (0, 20, 13, 52, 29, 94, 21, 31, 7, 15, 67, 36, 47, 77, 43, 75, 30, 9, 95, 39, 23, 57, 152, 5, 17, 33, 43, 107, 27, 52, 48, 0)
s = 191: (0, 32, 19, 90, 36, 57, 24, 87, 10, 8, 77, 48, 59, 111, 29, 76, 59, 9, 63, 43, 34, 54, 140, 11, 28, 47, 43, 134, 28, 18, 51, 0)
s = 192: (0, 23, 16, 78, 21, 78, 33, 76, 7, 12, 78, 64, 78, 86, 30, 110, 53, 11, 61, 68, 19, 50, 211, 6, 38, 26, 33, 164, 30, 35, 44, 0)
s = 193: (0, 30, 12, 84, 39, 42, 22, 54, 7, 9, 69, 47, 61, 50, 48, 137, 32, 8, 66, 74, 28, 69, 154, 6, 19, 42, 70, 160, 21, 34, 31, 0)
s = 194: (0, 22, 15, 63, 38, 67, 17, 63, 9, 12, 56, 51, 42, 78, 24, 88, 46, 6, 54, 71, 24, 94, 179, 6, 17, 30, 42, 161, 28, 32, 41, 0)
s = 195: (0, 22, 9, 72, 37, 96, 34, 34, 12, 8, 64, 80, 62, 125, 35, 102, 27, 7, 61, 51, 23, 42, 119, 9, 27, 35, 32, 94, 40, 29, 75, 0)
s = 196: (0, 43, 17, 48, 23, 82, 20, 38, 9, 11, 49, 37, 46, 97, 21, 94, 35, 6, 70, 55, 16, 62, 155, 7, 30, 31, 37, 96, 26, 32, 31, 0)
s = 197: (0, 32, 9, 40, 47, 113, 14, 45, 11, 13, 76, 31, 68, 83, 44, 76, 38, 11, 92, 59, 22, 42, 130, 11, 27, 40, 49, 140, 28, 44, 34, 0)
s = 198: (0, 48, 15, 63, 27, 68, 17, 40, 12, 13, 77, 44, 58, 78, 40, 49, 26, 10, 72, 50, 18, 78, 113, 8, 17, 49, 90, 76, 44, 38, 53, 0)
s = 199: (0, 31, 9, 109, 38, 76, 15, 58, 7, 10, 45, 67, 40, 61, 52, 78, 35, 9, 98, 45, 28, 75, 106, 4, 25, 50, 58, 157, 35, 23, 64, 0)
s = 200: (0, 19, 17, 82, 28, 46, 21, 65, 8, 11, 37, 45, 50, 61, 22, 86, 25, 7, 90, 70, 17, 53, 168, 8, 27, 56, 33, 110, 23, 19, 39, 0)
************************************************************************
ES/LS-VALUES:
jobnr.   ES(i)    LS(i)
------------------------------------------------------------------------
  0        0        0
  1        0       62
  2        0       81
  3        0       84
  4        7       131
  5        1       90
  6        7       70
  7       10       74
  8       10       79
  9       10       130
 10       12       102
 11        1       83
 12       15       100
 13       11       81
 14       12       109
 15       26       112
 16       14       97
 17       39       126
 18       22       103
 19       15       136
 20       20       132
 21       35       116
 22       28       93
 23       14       124
 24       39       137
 25       43       109
 26       62       128
 27       44       126
 28       28       146
 29       60       143
 30       69       136
 31       86       154
************************************************************************
BIG-M-VALUES:
M1 = 69, M2 = 482
************************************************************************
