************************************************************************
file with basedata            : mm13_.bas
initial value random generator: 1976217678
************************************************************************
projects                      :  1
jobs (incl. supersource/sink ):  12
horizon                       :  80
RESOURCES
  - renewable                 :  2   R
  - nonrenewable              :  2   N
  - doubly constrained        :  0   D
************************************************************************
PROJECT INFORMATION:
pronr.  #jobs rel.date duedate tardcost  MPM-Time
    1     10      0       17        3       17
************************************************************************
PRECEDENCE RELATIONS:
jobnr.    #modes  #successors   successors
   0        1          3           1   2   3
   1        3          2           4   6
   2        3          2           8  10
   3        3          2           5   7
   4        3          3           8   9  10
   5        3          1           9
   6        3          1          10
   7        3          1           8
   8        3          1          11
   9        3          1          11
  10        3          1          11
  11        1          0        
************************************************************************
REQUESTS/DURATIONS:
jobnr. mode duration  R 1  R 2  R 3  R 4  E(W 1)  E(W 2)  E(W 3)
------------------------------------------------------------------------
  0      1     0       0    0    0    0     0       0       0
  1      1     5       0    7   10    5    35      50      25
  2      1     8       0    9    6    5    72      48      40
  3      1     2       3    0    9    5     6      18      10
  4      1     1       8    0    8    6     8       8       6
  5      1     2       5    0    7    9    10      14      18
  6      1     1       0    5    6    6     5       6       6
  7      1     1       0    8    8    7     8       8       7
  8      1     2       0    3    7    6     6      14      12
  9      1     2       0    5    6    7    10      12      14
 10      1     9       4    0    6    5    36      54      45
 11      1     0       0    0    0    0     0       0       0
************************************************************************
RESOURCEAVAILABILITIES:
  R 1  R 2  R 3
   30   51   50
************************************************************************
RESOURCE LIMITS:
jobnr.  l(R 1)  u(R 1)  l(R 2)  u(R 2)  l(R 3)  u(R 3)
------------------------------------------------------------------------
  0        0       0       0       0       0       0
  1        4       7       5      10       3       5
  2        5       9       3       6       3       5
  3        2       3       5       9       3       5
  4        4       8       4       8       3       6
  5        3       5       4       7       5       9
  6        3       5       3       6       3       6
  7        4       8       4       8       4       7
  8        2       3       4       7       3       6
  9        3       5       3       6       4       7
 10        2       4       3       6       3       5
 11        0       0       0       0       0       0
************************************************************************
SCENARIOS:
------------------------------------------------------------------------
RESOURCE k = 1
s = 1: (0, 36, 60, 6, 11, 14, 7, 10, 7, 8, 45, 0)
s = 2: (0, 26, 98, 6, 7, 7, 5, 9, 10, 11, 48, 0)
s = 3: (0, 38, 58, 8, 12, 8, 5, 9, 5, 11, 24, 0)
s = 4: (0, 44, 111, 5, 12, 15, 8, 8, 5, 9, 36, 0)
s = 5: (0, 52, 97, 10, 5, 12, 4, 8, 5, 10, 36, 0)
s = 6: (0, 47, 61, 5, 11, 7, 5, 8, 10, 13, 40, 0)
s = 7: (0, 26, 55, 9, 11, 11, 5, 10, 7, 10, 22, 0)
s = 8: (0, 31, 45, 8, 7, 13, 5, 9, 6, 8, 36, 0)
s = 9: (0, 38, 82, 6, 10, 9, 7, 7, 6, 7, 49, 0)
s = 10: (0, 42, 46, 7, 13, 13, 7, 8, 8, 7, 24, 0)
s = 11: (0, 56, 76, 6, 8, 10, 5, 6, 6, 7, 38, 0)
s = 12: (0, 25, 90, 10, 6, 9, 7, 8, 6, 10, 48, 0)
s = 13: (0, 32, 45, 8, 8, 14, 7, 10, 6, 8, 49, 0)
s = 14: (0, 43, 74, 5, 6, 13, 5, 13, 6, 8, 25, 0)
s = 15: (0, 30, 70, 9, 8, 12, 5, 12, 8, 12, 33, 0)
s = 16: (0, 37, 84, 7, 11, 12, 7, 6, 5, 16, 41, 0)
s = 17: (0, 36, 66, 7, 5, 11, 7, 10, 5, 7, 40, 0)
s = 18: (0, 30, 48, 6, 9, 9, 6, 8, 6, 17, 37, 0)
s = 19: (0, 44, 45, 5, 10, 9, 6, 9, 10, 7, 59, 0)
s = 20: (0, 52, 54, 5, 7, 15, 8, 7, 6, 12, 57, 0)
s = 21: (0, 42, 91, 6, 9, 6, 6, 8, 7, 11, 38, 0)
s = 22: (0, 37, 46, 7, 6, 9, 5, 10, 8, 13, 26, 0)
s = 23: (0, 32, 90, 8, 10, 11, 7, 11, 7, 8, 47, 0)
s = 24: (0, 54, 88, 4, 5, 12, 5, 9, 7, 13, 36, 0)
s = 25: (0, 44, 69, 5, 8, 11, 7, 9, 5, 11, 52, 0)
s = 26: (0, 35, 60, 6, 7, 7, 5, 6, 6, 9, 42, 0)
s = 27: (0, 32, 47, 6, 8, 8, 5, 7, 4, 14, 41, 0)
s = 28: (0, 26, 73, 10, 14, 8, 8, 9, 6, 10, 29, 0)
s = 29: (0, 35, 56, 8, 8, 10, 6, 7, 10, 12, 33, 0)
s = 30: (0, 20, 46, 7, 8, 8, 6, 9, 9, 13, 51, 0)
s = 31: (0, 33, 111, 9, 6, 9, 7, 10, 5, 9, 48, 0)
s = 32: (0, 31, 90, 11, 10, 10, 6, 10, 7, 13, 24, 0)
s = 33: (0, 26, 77, 5, 6, 9, 7, 5, 6, 13, 31, 0)
s = 34: (0, 29, 62, 7, 9, 6, 4, 6, 5, 13, 39, 0)
s = 35: (0, 30, 87, 7, 6, 8, 6, 7, 6, 12, 25, 0)
s = 36: (0, 35, 53, 7, 7, 8, 4, 8, 7, 11, 31, 0)
s = 37: (0, 27, 66, 5, 8, 9, 5, 10, 6, 8, 40, 0)
s = 38: (0, 29, 94, 6, 9, 8, 5, 9, 5, 16, 24, 0)
s = 39: (0, 29, 61, 9, 13, 12, 5, 7, 5, 7, 26, 0)
s = 40: (0, 31, 78, 9, 6, 9, 6, 5, 4, 14, 61, 0)
s = 41: (0, 48, 46, 8, 10, 11, 7, 6, 5, 12, 32, 0)
s = 42: (0, 25, 62, 8, 9, 9, 5, 6, 4, 13, 23, 0)
s = 43: (0, 48, 73, 4, 6, 14, 5, 11, 6, 12, 53, 0)
s = 44: (0, 39, 72, 9, 12, 7, 6, 6, 7, 16, 39, 0)
s = 45: (0, 32, 108, 6, 11, 16, 5, 15, 12, 7, 42, 0)
s = 46: (0, 43, 55, 7, 7, 11, 3, 10, 6, 6, 28, 0)
s = 47: (0, 57, 45, 5, 5, 10, 4, 9, 10, 13, 60, 0)
s = 48: (0, 39, 62, 6, 6, 10, 6, 12, 7, 11, 40, 0)
s = 49: (0, 21, 73, 5, 13, 11, 8, 8, 5, 10, 26, 0)
s = 50: (0, 32, 67, 5, 6, 7, 7, 11, 5, 11, 37, 0)
s = 51: (0, 41, 48, 5, 12, 12, 4, 7, 5, 14, 33, 0)
s = 52: (0, 32, 85, 10, 10, 14, 5, 7, 9, 11, 33, 0)
s = 53: (0, 31, 43, 6, 7, 10, 6, 15, 5, 7, 40, 0)
s = 54: (0, 54, 94, 7, 9, 13, 6, 10, 5, 10, 62, 0)
s = 55: (0, 57, 95, 6, 6, 11, 4, 8, 8, 8, 42, 0)
s = 56: (0, 25, 100, 8, 8, 8, 8, 9, 5, 13, 59, 0)
s = 57: (0, 41, 71, 5, 12, 8, 4, 8, 7, 11, 31, 0)
s = 58: (0, 29, 83, 5, 7, 12, 7, 8, 4, 15, 53, 0)
s = 59: (0, 38, 80, 6, 6, 8, 6, 8, 8, 12, 32, 0)
s = 60: (0, 26, 44, 9, 8, 16, 7, 5, 5, 9, 36, 0)
s = 61: (0, 24, 68, 5, 8, 16, 8, 10, 7, 13, 28, 0)
s = 62: (0, 23, 73, 5, 6, 16, 5, 10, 6, 11, 34, 0)
s = 63: (0, 45, 89, 5, 10, 10, 6, 8, 7, 10, 26, 0)
s = 64: (0, 26, 70, 4, 9, 7, 5, 7, 7, 10, 38, 0)
s = 65: (0, 47, 116, 7, 7, 8, 4, 5, 9, 9, 32, 0)
s = 66: (0, 23, 55, 4, 6, 13, 7, 8, 8, 14, 40, 0)
s = 67: (0, 28, 57, 6, 6, 6, 7, 10, 5, 6, 23, 0)
s = 68: (0, 41, 41, 8, 8, 14, 5, 13, 9, 14, 40, 0)
s = 69: (0, 48, 86, 5, 6, 8, 5, 7, 7, 9, 27, 0)
s = 70: (0, 36, 68, 6, 7, 7, 8, 9, 9, 12, 28, 0)
s = 71: (0, 28, 47, 6, 8, 7, 7, 8, 8, 13, 28, 0)
s = 72: (0, 29, 115, 7, 12, 10, 8, 8, 8, 6, 54, 0)
s = 73: (0, 44, 66, 7, 5, 9, 8, 12, 7, 10, 29, 0)
s = 74: (0, 40, 80, 7, 5, 12, 4, 8, 5, 9, 29, 0)
s = 75: (0, 26, 46, 5, 7, 6, 5, 9, 8, 13, 31, 0)
s = 76: (0, 32, 90, 8, 7, 9, 7, 10, 8, 9, 55, 0)
s = 77: (0, 31, 39, 12, 7, 15, 4, 9, 4, 11, 22, 0)
s = 78: (0, 48, 100, 7, 8, 6, 8, 9, 5, 10, 38, 0)
s = 79: (0, 32, 41, 12, 6, 16, 4, 6, 7, 10, 32, 0)
s = 80: (0, 34, 64, 8, 7, 8, 8, 10, 9, 7, 26, 0)
s = 81: (0, 45, 89, 9, 8, 6, 4, 11, 4, 13, 43, 0)
s = 82: (0, 33, 80, 7, 11, 11, 7, 6, 5, 9, 38, 0)
s = 83: (0, 20, 86, 9, 10, 12, 7, 9, 5, 14, 48, 0)
s = 84: (0, 34, 65, 7, 12, 15, 8, 10, 5, 11, 25, 0)
s = 85: (0, 30, 74, 4, 13, 13, 7, 10, 7, 10, 45, 0)
s = 86: (0, 36, 79, 6, 6, 9, 4, 10, 9, 12, 34, 0)
s = 87: (0, 29, 111, 6, 7, 13, 6, 9, 6, 7, 22, 0)
s = 88: (0, 39, 52, 5, 9, 9, 5, 8, 6, 13, 41, 0)
s = 89: (0, 45, 71, 7, 10, 13, 5, 8, 4, 14, 21, 0)
s = 90: (0, 38, 77, 11, 9, 12, 6, 9, 6, 12, 55, 0)
s = 91: (0, 44, 60, 8, 11, 7, 5, 10, 9, 12, 28, 0)
s = 92: (0, 32, 49, 5, 9, 7, 5, 14, 5, 10, 35, 0)
s = 93: (0, 50, 75, 7, 7, 12, 5, 8, 7, 9, 33, 0)
s = 94: (0, 40, 99, 8, 8, 11, 3, 11, 8, 8, 39, 0)
s = 95: (0, 32, 64, 4, 8, 11, 5, 10, 6, 11, 51, 0)
s = 96: (0, 25, 54, 5, 11, 8, 6, 7, 7, 13, 29, 0)
s = 97: (0, 33, 80, 4, 10, 14, 5, 8, 7, 9, 22, 0)
s = 98: (0, 26, 73, 5, 7, 14, 6, 13, 6, 7, 28, 0)
s = 99: (0, 35, 82, 5, 7, 7, 7, 8, 6, 12, 45, 0)
s = 100: (0, 41, 84, 6, 9, 6, 4, 8, 8, 13, 58, 0)
s = 101: (0, 34, 88, 4, 10, 8, 5, 12, 4, 14, 39, 0)
s = 102: (0, 56, 66, 5, 7, 11, 5, 10, 9, 8, 58, 0)
s = 103: (0, 32, 51, 6, 9, 7, 4, 7, 7, 14, 38, 0)
s = 104: (0, 30, 49, 5, 7, 8, 8, 12, 5, 12, 31, 0)
s = 105: (0, 61, 59, 8, 9, 12, 4, 6, 5, 14, 29, 0)
s = 106: (0, 32, 89, 7, 8, 6, 5, 7, 8, 9, 34, 0)
s = 107: (0, 30, 95, 11, 9, 12, 4, 10, 5, 14, 62, 0)
s = 108: (0, 44, 94, 7, 7, 8, 5, 6, 8, 6, 51, 0)
s = 109: (0, 51, 95, 5, 8, 7, 5, 13, 9, 14, 52, 0)
s = 110: (0, 40, 98, 6, 6, 9, 4, 9, 9, 8, 34, 0)
s = 111: (0, 28, 80, 7, 6, 7, 4, 8, 4, 9, 52, 0)
s = 112: (0, 26, 58, 6, 7, 13, 4, 6, 4, 10, 22, 0)
s = 113: (0, 29, 82, 6, 6, 18, 6, 5, 5, 11, 35, 0)
s = 114: (0, 33, 57, 9, 9, 12, 3, 11, 8, 11, 37, 0)
s = 115: (0, 27, 91, 11, 8, 9, 6, 9, 8, 10, 33, 0)
s = 116: (0, 28, 56, 5, 8, 11, 5, 8, 6, 13, 33, 0)
s = 117: (0, 47, 95, 6, 9, 6, 3, 5, 5, 10, 29, 0)
s = 118: (0, 25, 102, 7, 8, 8, 5, 7, 6, 16, 26, 0)
s = 119: (0, 41, 68, 4, 11, 11, 6, 5, 4, 13, 22, 0)
s = 120: (0, 30, 64, 7, 11, 13, 9, 7, 11, 9, 30, 0)
s = 121: (0, 38, 41, 4, 12, 9, 5, 11, 5, 9, 30, 0)
s = 122: (0, 34, 71, 4, 9, 8, 6, 12, 7, 7, 29, 0)
s = 123: (0, 31, 73, 5, 7, 14, 7, 8, 7, 15, 54, 0)
s = 124: (0, 31, 81, 4, 9, 15, 4, 6, 4, 8, 33, 0)
s = 125: (0, 28, 69, 6, 8, 8, 4, 7, 6, 15, 31, 0)
s = 126: (0, 32, 95, 4, 9, 10, 6, 12, 6, 11, 28, 0)
s = 127: (0, 48, 58, 4, 6, 12, 4, 7, 5, 12, 27, 0)
s = 128: (0, 50, 54, 4, 6, 10, 6, 8, 6, 9, 29, 0)
s = 129: (0, 36, 81, 8, 10, 11, 3, 8, 5, 7, 36, 0)
s = 130: (0, 26, 51, 7, 6, 11, 5, 13, 8, 8, 38, 0)
s = 131: (0, 28, 61, 8, 9, 12, 6, 9, 7, 9, 27, 0)
s = 132: (0, 29, 58, 7, 6, 16, 5, 7, 6, 13, 21, 0)
s = 133: (0, 38, 60, 6, 9, 7, 4, 9, 9, 8, 47, 0)
s = 134: (0, 31, 48, 5, 7, 12, 7, 9, 7, 15, 35, 0)
s = 135: (0, 27, 75, 9, 12, 17, 4, 11, 7, 12, 31, 0)
s = 136: (0, 22, 66, 8, 5, 13, 5, 11, 6, 9, 27, 0)
s = 137: (0, 39, 80, 5, 8, 13, 8, 11, 4, 11, 46, 0)
s = 138: (0, 37, 57, 4, 11, 11, 3, 7, 8, 12, 27, 0)
s = 139: (0, 47, 50, 5, 9, 14, 8, 5, 8, 8, 29, 0)
s = 140: (0, 27, 54, 6, 6, 9, 6, 6, 9, 13, 40, 0)
s = 141: (0, 30, 72, 9, 7, 9, 6, 14, 5, 7, 41, 0)
s = 142: (0, 36, 60, 8, 8, 10, 5, 12, 10, 11, 39, 0)
s = 143: (0, 36, 120, 5, 5, 16, 5, 9, 6, 11, 48, 0)
s = 144: (0, 34, 38, 7, 9, 12, 5, 11, 6, 14, 31, 0)
s = 145: (0, 32, 83, 6, 7, 7, 4, 10, 8, 12, 37, 0)
s = 146: (0, 22, 47, 4, 8, 10, 5, 5, 4, 12, 45, 0)
s = 147: (0, 24, 50, 8, 9, 12, 5, 11, 7, 6, 34, 0)
s = 148: (0, 40, 64, 6, 7, 9, 5, 8, 9, 12, 52, 0)
s = 149: (0, 54, 75, 6, 6, 14, 4, 7, 5, 6, 44, 0)
s = 150: (0, 38, 67, 8, 10, 8, 8, 9, 6, 9, 37, 0)
s = 151: (0, 47, 46, 4, 12, 14, 4, 7, 8, 12, 28, 0)
s = 152: (0, 28, 86, 9, 6, 12, 7, 10, 6, 10, 23, 0)
s = 153: (0, 56, 89, 6, 6, 8, 4, 7, 8, 10, 35, 0)
s = 154: (0, 27, 77, 11, 8, 7, 6, 6, 6, 15, 30, 0)
s = 155: (0, 30, 105, 9, 9, 11, 7, 5, 5, 7, 45, 0)
s = 156: (0, 39, 49, 7, 10, 9, 8, 5, 5, 11, 51, 0)
s = 157: (0, 21, 100, 9, 8, 12, 3, 8, 4, 11, 37, 0)
s = 158: (0, 61, 69, 5, 7, 14, 5, 8, 8, 11, 48, 0)
s = 159: (0, 18, 82, 7, 8, 14, 6, 6, 5, 13, 37, 0)
s = 160: (0, 41, 38, 7, 11, 7, 6, 10, 6, 7, 40, 0)
s = 161: (0, 40, 47, 7, 10, 10, 6, 10, 7, 11, 56, 0)
s = 162: (0, 43, 80, 7, 6, 16, 4, 9, 5, 10, 59, 0)
s = 163: (0, 19, 60, 8, 8, 10, 7, 9, 12, 9, 42, 0)
s = 164: (0, 48, 91, 6, 7, 11, 8, 8, 10, 8, 32, 0)
s = 165: (0, 44, 45, 8, 9, 10, 4, 11, 6, 12, 40, 0)
s = 166: (0, 27, 47, 4, 9, 10, 6, 10, 5, 9, 44, 0)
s = 167: (0, 29, 50, 7, 10, 13, 5, 7, 7, 15, 33, 0)
s = 168: (0, 29, 77, 8, 10, 6, 5, 10, 7, 8, 29, 0)
s = 169: (0, 26, 49, 7, 7, 12, 4, 6, 4, 7, 29, 0)
s = 170: (0, 32, 75, 6, 7, 16, 7, 9, 7, 9, 36, 0)
s = 171: (0, 46, 96, 4, 5, 12, 6, 10, 7, 14, 44, 0)
s = 172: (0, 32, 71, 5, 11, 9, 5, 10, 6, 6, 29, 0)
s = 173: (0, 40, 61, 6, 6, 7, 8, 6, 6, 9, 39, 0)
s = 174: (0, 38, 44, 5, 12, 9, 5, 10, 8, 8, 47, 0)
s = 175: (0, 47, 72, 8, 10, 9, 6, 5, 6, 12, 42, 0)
s = 176: (0, 37, 64, 5, 6, 10, 6, 5, 5, 6, 43, 0)
s = 177: (0, 31, 66, 6, 9, 15, 6, 5, 9, 12, 36, 0)
s = 178: (0, 35, 96, 9, 6, 8, 4, 7, 6, 18, 41, 0)
s = 179: (0, 29, 50, 5, 9, 13, 5, 10, 8, 9, 58, 0)
s = 180: (0, 36, 51, 8, 5, 10, 6, 7, 6, 16, 33, 0)
s = 181: (0, 37, 106, 8, 7, 7, 9, 8, 4, 6, 48, 0)
s = 182: (0, 27, 54, 5, 10, 15, 9, 7, 4, 15, 38, 0)
s = 183: (0, 48, 42, 6, 7, 9, 5, 6, 7, 9, 39, 0)
s = 184: (0, 22, 79, 6, 8, 7, 6, 6, 7, 10, 34, 0)
s = 185: (0, 23, 58, 6, 7, 9, 4, 8, 5, 12, 46, 0)
s = 186: (0, 41, 62, 4, 7, 12, 4, 10, 6, 10, 30, 0)
s = 187: (0, 27, 86, 4, 10, 11, 4, 10, 8, 9, 59, 0)
s = 188: (0, 23, 51, 7, 8, 7, 4, 5, 6, 7, 36, 0)
s = 189: (0, 41, 76, 5, 7, 12, 4, 6, 7, 11, 28, 0)
s = 190: (0, 32, 47, 6, 8, 8, 6, 9, 6, 13, 34, 0)
s = 191: (0, 24, 58, 6, 10, 9, 6, 13, 9, 6, 29, 0)
s = 192: (0, 29, 45, 5, 8, 11, 6, 7, 7, 10, 29, 0)
s = 193: (0, 21, 83, 10, 9, 12, 4, 7, 7, 15, 27, 0)
s = 194: (0, 26, 51, 8, 6, 8, 4, 9, 7, 14, 38, 0)
s = 195: (0, 33, 55, 4, 8, 9, 5, 9, 6, 7, 37, 0)
s = 196: (0, 36, 43, 10, 8, 10, 4, 15, 7, 15, 20, 0)
s = 197: (0, 38, 60, 7, 11, 9, 5, 7, 5, 12, 23, 0)
s = 198: (0, 46, 106, 9, 6, 12, 5, 7, 7, 9, 37, 0)
s = 199: (0, 32, 115, 8, 6, 13, 6, 12, 7, 7, 60, 0)
s = 200: (0, 32, 104, 9, 8, 16, 5, 7, 6, 12, 57, 0)
------------------------------------------------------------------------
RESOURCE k = 2
s = 1: (0, 52, 40, 17, 11, 20, 8, 10, 16, 9, 67, 0)
s = 2: (0, 37, 66, 16, 7, 10, 5, 9, 22, 14, 71, 0)
s = 3: (0, 54, 39, 22, 12, 10, 6, 9, 11, 13, 35, 0)
s = 4: (0, 62, 74, 13, 12, 21, 10, 8, 12, 10, 54, 0)
s = 5: (0, 75, 65, 28, 5, 17, 5, 8, 10, 12, 54, 0)
s = 6: (0, 67, 41, 14, 11, 10, 6, 8, 23, 16, 60, 0)
s = 7: (0, 37, 37, 27, 11, 15, 6, 10, 15, 11, 32, 0)
s = 8: (0, 44, 30, 24, 7, 18, 6, 9, 13, 9, 54, 0)
s = 9: (0, 54, 55, 16, 10, 12, 9, 7, 14, 8, 73, 0)
s = 10: (0, 60, 31, 20, 13, 18, 9, 8, 19, 9, 36, 0)
s = 11: (0, 80, 51, 17, 8, 13, 5, 6, 14, 8, 56, 0)
s = 12: (0, 35, 60, 29, 6, 13, 8, 8, 13, 12, 72, 0)
s = 13: (0, 45, 30, 23, 8, 20, 9, 10, 13, 9, 73, 0)
s = 14: (0, 62, 50, 14, 6, 18, 6, 13, 14, 10, 37, 0)
s = 15: (0, 43, 47, 25, 8, 16, 6, 12, 17, 15, 49, 0)
s = 16: (0, 53, 56, 19, 11, 16, 8, 6, 11, 20, 62, 0)
s = 17: (0, 52, 44, 19, 5, 16, 8, 10, 10, 9, 59, 0)
s = 18: (0, 43, 32, 17, 9, 13, 7, 8, 14, 20, 55, 0)
s = 19: (0, 63, 30, 13, 10, 13, 7, 9, 22, 9, 88, 0)
s = 20: (0, 73, 36, 14, 7, 21, 10, 7, 13, 14, 85, 0)
s = 21: (0, 59, 61, 18, 9, 9, 7, 8, 17, 13, 56, 0)
s = 22: (0, 52, 31, 19, 6, 12, 6, 10, 17, 16, 39, 0)
s = 23: (0, 46, 60, 23, 10, 16, 8, 11, 16, 9, 70, 0)
s = 24: (0, 78, 59, 11, 5, 17, 6, 9, 15, 15, 54, 0)
s = 25: (0, 63, 46, 13, 8, 15, 8, 9, 10, 14, 78, 0)
s = 26: (0, 49, 40, 16, 7, 9, 6, 6, 13, 11, 62, 0)
s = 27: (0, 45, 32, 16, 8, 11, 6, 7, 9, 16, 61, 0)
s = 28: (0, 37, 49, 28, 14, 11, 9, 9, 13, 12, 43, 0)
s = 29: (0, 50, 37, 23, 8, 14, 7, 7, 22, 15, 50, 0)
s = 30: (0, 28, 31, 20, 8, 11, 7, 9, 21, 16, 76, 0)
s = 31: (0, 47, 74, 25, 6, 12, 8, 10, 12, 10, 72, 0)
s = 32: (0, 44, 60, 31, 10, 14, 7, 10, 15, 15, 36, 0)
s = 33: (0, 37, 52, 15, 6, 12, 9, 5, 13, 16, 46, 0)
s = 34: (0, 41, 41, 20, 9, 8, 5, 6, 12, 15, 58, 0)
s = 35: (0, 42, 58, 21, 6, 11, 7, 7, 13, 14, 37, 0)
s = 36: (0, 50, 36, 21, 7, 11, 4, 8, 15, 13, 46, 0)
s = 37: (0, 38, 44, 15, 8, 12, 6, 10, 13, 9, 60, 0)
s = 38: (0, 42, 63, 17, 9, 11, 6, 9, 10, 19, 36, 0)
s = 39: (0, 41, 41, 27, 13, 16, 6, 7, 10, 8, 38, 0)
s = 40: (0, 44, 52, 26, 6, 12, 7, 5, 8, 16, 91, 0)
s = 41: (0, 68, 31, 24, 10, 15, 9, 6, 12, 15, 48, 0)
s = 42: (0, 36, 41, 23, 9, 13, 6, 6, 9, 16, 34, 0)
s = 43: (0, 69, 49, 12, 6, 20, 6, 11, 13, 14, 79, 0)
s = 44: (0, 55, 48, 25, 12, 10, 7, 6, 15, 19, 58, 0)
s = 45: (0, 45, 72, 18, 11, 22, 6, 15, 26, 8, 62, 0)
s = 46: (0, 61, 37, 21, 7, 16, 4, 10, 12, 7, 41, 0)
s = 47: (0, 81, 30, 14, 5, 14, 5, 9, 23, 15, 90, 0)
s = 48: (0, 56, 42, 16, 6, 14, 7, 12, 15, 13, 59, 0)
s = 49: (0, 30, 49, 15, 13, 16, 9, 8, 12, 12, 38, 0)
s = 50: (0, 45, 45, 14, 6, 10, 8, 11, 12, 13, 55, 0)
s = 51: (0, 59, 32, 14, 12, 17, 5, 7, 10, 17, 50, 0)
s = 52: (0, 46, 57, 30, 10, 20, 6, 7, 20, 13, 50, 0)
s = 53: (0, 45, 29, 17, 7, 13, 7, 15, 12, 9, 59, 0)
s = 54: (0, 78, 63, 20, 9, 18, 7, 10, 12, 12, 93, 0)
s = 55: (0, 81, 63, 16, 6, 15, 5, 8, 17, 9, 63, 0)
s = 56: (0, 35, 67, 23, 8, 11, 9, 9, 11, 16, 88, 0)
s = 57: (0, 59, 47, 14, 12, 10, 4, 8, 15, 13, 46, 0)
s = 58: (0, 41, 55, 15, 7, 17, 8, 8, 8, 17, 80, 0)
s = 59: (0, 53, 53, 16, 6, 11, 7, 8, 17, 15, 48, 0)
s = 60: (0, 37, 29, 25, 8, 23, 9, 5, 12, 11, 53, 0)
s = 61: (0, 34, 45, 14, 8, 22, 10, 10, 15, 15, 41, 0)
s = 62: (0, 32, 49, 15, 6, 22, 6, 10, 14, 13, 50, 0)
s = 63: (0, 65, 59, 14, 10, 14, 7, 8, 17, 12, 39, 0)
s = 64: (0, 36, 47, 11, 9, 9, 6, 7, 17, 12, 57, 0)
s = 65: (0, 67, 77, 19, 7, 11, 5, 5, 21, 11, 48, 0)
s = 66: (0, 32, 37, 11, 6, 18, 8, 8, 18, 17, 60, 0)
s = 67: (0, 40, 38, 18, 6, 9, 9, 10, 10, 7, 34, 0)
s = 68: (0, 58, 27, 22, 8, 20, 5, 13, 20, 17, 60, 0)
s = 69: (0, 68, 58, 15, 6, 11, 5, 7, 16, 10, 40, 0)
s = 70: (0, 51, 45, 16, 7, 9, 9, 9, 20, 14, 41, 0)
s = 71: (0, 39, 31, 16, 8, 10, 8, 8, 18, 15, 42, 0)
s = 72: (0, 41, 77, 20, 12, 14, 9, 8, 17, 7, 81, 0)
s = 73: (0, 62, 44, 20, 5, 13, 9, 12, 16, 11, 43, 0)
s = 74: (0, 57, 53, 19, 5, 17, 5, 8, 12, 11, 43, 0)
s = 75: (0, 38, 31, 14, 7, 9, 6, 9, 18, 15, 46, 0)
s = 76: (0, 45, 60, 22, 7, 12, 8, 10, 17, 11, 82, 0)
s = 77: (0, 45, 26, 36, 7, 21, 5, 9, 9, 13, 32, 0)
s = 78: (0, 68, 67, 21, 8, 9, 9, 9, 12, 12, 57, 0)
s = 79: (0, 45, 28, 34, 6, 23, 5, 6, 15, 12, 48, 0)
s = 80: (0, 48, 43, 23, 7, 11, 9, 10, 20, 8, 39, 0)
s = 81: (0, 64, 59, 25, 8, 9, 5, 11, 9, 15, 65, 0)
s = 82: (0, 47, 53, 19, 11, 15, 8, 6, 11, 11, 57, 0)
s = 83: (0, 28, 58, 27, 10, 17, 9, 9, 11, 17, 71, 0)
s = 84: (0, 48, 43, 19, 12, 21, 9, 10, 11, 14, 37, 0)
s = 85: (0, 42, 49, 12, 13, 19, 8, 10, 15, 12, 67, 0)
s = 86: (0, 51, 53, 17, 6, 13, 5, 10, 20, 14, 51, 0)
s = 87: (0, 41, 74, 16, 7, 18, 7, 9, 13, 9, 32, 0)
s = 88: (0, 56, 35, 14, 9, 12, 6, 8, 14, 15, 62, 0)
s = 89: (0, 65, 48, 20, 10, 17, 6, 8, 9, 17, 31, 0)
s = 90: (0, 54, 51, 31, 9, 16, 7, 9, 13, 14, 83, 0)
s = 91: (0, 63, 40, 23, 11, 10, 6, 10, 20, 14, 42, 0)
s = 92: (0, 45, 33, 14, 9, 10, 6, 14, 12, 12, 53, 0)
s = 93: (0, 72, 50, 21, 7, 16, 6, 8, 16, 10, 49, 0)
s = 94: (0, 58, 66, 24, 8, 15, 4, 11, 19, 9, 59, 0)
s = 95: (0, 46, 43, 10, 8, 16, 6, 10, 13, 13, 76, 0)
s = 96: (0, 35, 36, 13, 11, 11, 7, 7, 15, 15, 44, 0)
s = 97: (0, 48, 54, 11, 10, 19, 6, 8, 16, 10, 33, 0)
s = 98: (0, 37, 49, 15, 7, 19, 8, 13, 13, 9, 41, 0)
s = 99: (0, 49, 55, 14, 7, 10, 9, 8, 13, 14, 68, 0)
s = 100: (0, 59, 56, 18, 9, 8, 5, 8, 19, 16, 87, 0)
s = 101: (0, 48, 59, 10, 10, 11, 6, 12, 8, 17, 58, 0)
s = 102: (0, 80, 44, 14, 7, 16, 6, 10, 20, 10, 87, 0)
s = 103: (0, 46, 34, 18, 9, 10, 5, 7, 15, 16, 57, 0)
s = 104: (0, 43, 33, 14, 7, 12, 10, 12, 11, 15, 46, 0)
s = 105: (0, 87, 40, 22, 9, 16, 5, 6, 12, 16, 43, 0)
s = 106: (0, 45, 60, 21, 8, 8, 6, 7, 17, 10, 51, 0)
s = 107: (0, 42, 63, 31, 9, 17, 5, 10, 10, 17, 93, 0)
s = 108: (0, 63, 63, 21, 7, 11, 5, 6, 17, 7, 76, 0)
s = 109: (0, 73, 63, 15, 8, 10, 6, 13, 21, 17, 78, 0)
s = 110: (0, 57, 66, 16, 6, 13, 4, 9, 19, 10, 50, 0)
s = 111: (0, 39, 54, 20, 6, 10, 4, 8, 9, 11, 78, 0)
s = 112: (0, 38, 39, 16, 7, 18, 5, 6, 10, 11, 33, 0)
s = 113: (0, 41, 55, 16, 6, 25, 7, 5, 10, 13, 52, 0)
s = 114: (0, 46, 38, 25, 9, 16, 4, 11, 18, 13, 55, 0)
s = 115: (0, 38, 61, 31, 8, 12, 7, 9, 17, 12, 49, 0)
s = 116: (0, 40, 38, 13, 8, 15, 6, 8, 13, 15, 49, 0)
s = 117: (0, 67, 63, 16, 9, 9, 4, 5, 10, 12, 44, 0)
s = 118: (0, 35, 68, 21, 8, 11, 5, 7, 14, 19, 38, 0)
s = 119: (0, 59, 46, 12, 11, 15, 7, 5, 9, 15, 33, 0)
s = 120: (0, 43, 43, 19, 11, 17, 11, 7, 25, 11, 44, 0)
s = 121: (0, 54, 28, 10, 12, 13, 6, 11, 11, 11, 45, 0)
s = 122: (0, 48, 48, 12, 9, 11, 7, 12, 15, 8, 44, 0)
s = 123: (0, 45, 49, 13, 7, 19, 8, 8, 15, 18, 80, 0)
s = 124: (0, 44, 54, 10, 9, 21, 5, 6, 8, 10, 49, 0)
s = 125: (0, 40, 46, 17, 8, 11, 5, 7, 12, 18, 47, 0)
s = 126: (0, 46, 63, 11, 9, 13, 7, 12, 13, 13, 42, 0)
s = 127: (0, 69, 39, 11, 6, 17, 5, 7, 11, 15, 40, 0)
s = 128: (0, 71, 36, 11, 6, 13, 7, 8, 14, 11, 43, 0)
s = 129: (0, 51, 54, 24, 10, 15, 4, 8, 12, 9, 54, 0)
s = 130: (0, 37, 34, 19, 6, 15, 6, 13, 18, 9, 57, 0)
s = 131: (0, 40, 41, 22, 9, 16, 7, 9, 15, 10, 40, 0)
s = 132: (0, 42, 39, 20, 6, 22, 6, 7, 13, 15, 32, 0)
s = 133: (0, 54, 40, 17, 9, 9, 4, 9, 21, 10, 70, 0)
s = 134: (0, 44, 32, 14, 7, 17, 8, 9, 15, 18, 53, 0)
s = 135: (0, 38, 50, 27, 12, 23, 5, 11, 15, 14, 47, 0)
s = 136: (0, 32, 44, 23, 5, 18, 6, 11, 13, 11, 41, 0)
s = 137: (0, 55, 53, 15, 8, 18, 10, 11, 9, 13, 68, 0)
s = 138: (0, 52, 38, 12, 11, 16, 4, 7, 18, 14, 40, 0)
s = 139: (0, 68, 34, 15, 9, 19, 10, 5, 19, 9, 43, 0)
s = 140: (0, 38, 36, 17, 6, 13, 7, 6, 19, 16, 59, 0)
s = 141: (0, 43, 48, 25, 7, 12, 8, 14, 11, 9, 61, 0)
s = 142: (0, 51, 40, 23, 8, 14, 6, 12, 24, 13, 59, 0)
s = 143: (0, 51, 80, 14, 5, 22, 6, 9, 14, 13, 72, 0)
s = 144: (0, 48, 26, 20, 9, 17, 6, 11, 13, 17, 47, 0)
s = 145: (0, 45, 56, 18, 7, 9, 4, 10, 17, 14, 56, 0)
s = 146: (0, 32, 31, 12, 8, 14, 6, 5, 10, 14, 67, 0)
s = 147: (0, 34, 34, 23, 9, 16, 6, 11, 16, 7, 50, 0)
s = 148: (0, 56, 43, 17, 7, 12, 6, 8, 21, 15, 78, 0)
s = 149: (0, 76, 50, 17, 6, 19, 4, 7, 11, 8, 65, 0)
s = 150: (0, 54, 45, 23, 10, 11, 9, 9, 13, 11, 55, 0)
s = 151: (0, 66, 31, 12, 12, 20, 5, 7, 17, 14, 41, 0)
s = 152: (0, 40, 57, 25, 6, 17, 8, 10, 13, 12, 35, 0)
s = 153: (0, 80, 59, 17, 6, 11, 5, 7, 19, 12, 53, 0)
s = 154: (0, 38, 52, 31, 8, 9, 8, 6, 14, 18, 44, 0)
s = 155: (0, 43, 70, 26, 9, 15, 8, 5, 11, 9, 67, 0)
s = 156: (0, 56, 33, 21, 10, 12, 9, 5, 11, 13, 76, 0)
s = 157: (0, 30, 67, 26, 8, 16, 4, 8, 9, 13, 55, 0)
s = 158: (0, 87, 46, 14, 7, 19, 6, 8, 18, 13, 71, 0)
s = 159: (0, 26, 55, 21, 8, 20, 7, 6, 10, 15, 55, 0)
s = 160: (0, 58, 25, 21, 11, 9, 7, 10, 13, 8, 60, 0)
s = 161: (0, 56, 32, 20, 10, 14, 7, 10, 15, 13, 83, 0)
s = 162: (0, 61, 53, 19, 6, 23, 5, 9, 11, 12, 89, 0)
s = 163: (0, 27, 40, 23, 8, 14, 9, 9, 28, 11, 62, 0)
s = 164: (0, 69, 61, 16, 7, 16, 10, 8, 22, 9, 48, 0)
s = 165: (0, 62, 30, 23, 9, 14, 5, 11, 12, 14, 59, 0)
s = 166: (0, 38, 32, 12, 9, 14, 7, 10, 11, 11, 65, 0)
s = 167: (0, 41, 33, 20, 10, 18, 6, 7, 16, 18, 50, 0)
s = 168: (0, 42, 52, 22, 10, 8, 5, 10, 15, 10, 44, 0)
s = 169: (0, 37, 33, 19, 7, 17, 5, 6, 9, 9, 43, 0)
s = 170: (0, 46, 50, 16, 7, 23, 8, 9, 16, 11, 54, 0)
s = 171: (0, 66, 64, 11, 5, 17, 7, 10, 16, 17, 66, 0)
s = 172: (0, 46, 47, 13, 11, 13, 6, 10, 14, 7, 43, 0)
s = 173: (0, 56, 41, 17, 6, 10, 9, 6, 13, 10, 58, 0)
s = 174: (0, 55, 30, 14, 12, 12, 6, 10, 17, 9, 71, 0)
s = 175: (0, 66, 48, 22, 10, 12, 7, 5, 13, 14, 62, 0)
s = 176: (0, 53, 43, 13, 6, 14, 7, 5, 11, 8, 64, 0)
s = 177: (0, 44, 44, 17, 9, 21, 7, 5, 20, 15, 54, 0)
s = 178: (0, 50, 64, 26, 6, 11, 5, 7, 13, 21, 61, 0)
s = 179: (0, 42, 33, 14, 9, 18, 6, 10, 17, 10, 87, 0)
s = 180: (0, 51, 34, 22, 5, 13, 7, 7, 13, 19, 50, 0)
s = 181: (0, 53, 71, 22, 7, 10, 10, 8, 10, 7, 71, 0)
s = 182: (0, 38, 36, 14, 10, 20, 10, 7, 8, 18, 57, 0)
s = 183: (0, 68, 28, 16, 7, 13, 6, 6, 16, 11, 58, 0)
s = 184: (0, 31, 53, 17, 8, 10, 7, 6, 15, 12, 50, 0)
s = 185: (0, 32, 39, 17, 7, 12, 4, 8, 12, 14, 68, 0)
s = 186: (0, 59, 41, 12, 7, 17, 4, 10, 13, 12, 45, 0)
s = 187: (0, 39, 57, 11, 10, 16, 5, 10, 17, 11, 89, 0)
s = 188: (0, 32, 34, 20, 8, 9, 5, 5, 13, 9, 54, 0)
s = 189: (0, 58, 51, 13, 7, 17, 5, 6, 16, 13, 42, 0)
s = 190: (0, 45, 32, 17, 8, 12, 7, 9, 13, 15, 50, 0)
s = 191: (0, 34, 39, 18, 10, 12, 8, 13, 21, 8, 43, 0)
s = 192: (0, 41, 30, 15, 8, 16, 7, 7, 16, 11, 43, 0)
s = 193: (0, 30, 55, 28, 9, 16, 5, 7, 15, 17, 41, 0)
s = 194: (0, 36, 34, 24, 6, 10, 5, 9, 15, 16, 56, 0)
s = 195: (0, 47, 37, 11, 8, 12, 6, 9, 14, 8, 55, 0)
s = 196: (0, 52, 29, 29, 8, 14, 5, 15, 16, 18, 29, 0)
s = 197: (0, 53, 40, 21, 11, 13, 6, 7, 10, 15, 34, 0)
s = 198: (0, 65, 71, 27, 6, 16, 6, 7, 15, 11, 55, 0)
s = 199: (0, 45, 77, 22, 6, 17, 7, 12, 16, 8, 89, 0)
s = 200: (0, 46, 70, 26, 8, 23, 6, 7, 13, 14, 85, 0)
------------------------------------------------------------------------
RESOURCE k = 3
s = 1: (0, 26, 33, 9, 8, 25, 8, 8, 14, 11, 56, 0)
s = 2: (0, 19, 55, 9, 6, 13, 5, 8, 19, 16, 60, 0)
s = 3: (0, 27, 32, 12, 9, 13, 6, 8, 10, 15, 30, 0)
s = 4: (0, 31, 62, 7, 9, 27, 10, 7, 10, 12, 45, 0)
s = 5: (0, 38, 54, 16, 4, 22, 5, 7, 9, 14, 45, 0)
s = 6: (0, 34, 34, 8, 8, 13, 6, 7, 20, 18, 50, 0)
s = 7: (0, 19, 31, 15, 8, 19, 6, 9, 13, 13, 27, 0)
s = 8: (0, 22, 25, 14, 6, 23, 6, 8, 11, 11, 45, 0)
s = 9: (0, 27, 46, 9, 8, 15, 9, 6, 12, 10, 61, 0)
s = 10: (0, 30, 26, 11, 10, 23, 9, 7, 16, 10, 30, 0)
s = 11: (0, 40, 43, 10, 6, 17, 5, 5, 12, 10, 47, 0)
s = 12: (0, 18, 50, 16, 5, 16, 8, 7, 11, 14, 60, 0)
s = 13: (0, 23, 25, 13, 6, 25, 9, 9, 11, 11, 61, 0)
s = 14: (0, 31, 42, 8, 4, 24, 6, 11, 12, 11, 31, 0)
s = 15: (0, 22, 39, 14, 6, 21, 6, 11, 15, 17, 41, 0)
s = 16: (0, 27, 47, 11, 8, 21, 8, 6, 9, 23, 52, 0)
s = 17: (0, 26, 37, 11, 4, 20, 8, 9, 9, 10, 49, 0)
s = 18: (0, 22, 27, 9, 7, 16, 7, 7, 12, 23, 46, 0)
s = 19: (0, 32, 25, 8, 8, 17, 7, 8, 19, 10, 74, 0)
s = 20: (0, 37, 30, 8, 5, 27, 10, 7, 11, 16, 71, 0)
s = 21: (0, 30, 51, 10, 7, 11, 7, 7, 14, 16, 47, 0)
s = 22: (0, 26, 26, 11, 5, 16, 6, 9, 15, 19, 32, 0)
s = 23: (0, 23, 50, 13, 7, 20, 8, 9, 14, 11, 58, 0)
s = 24: (0, 39, 49, 6, 4, 22, 6, 8, 13, 17, 45, 0)
s = 25: (0, 32, 38, 7, 6, 20, 8, 8, 9, 16, 65, 0)
s = 26: (0, 25, 33, 9, 5, 12, 6, 5, 11, 12, 52, 0)
s = 27: (0, 23, 27, 9, 6, 14, 6, 6, 8, 19, 51, 0)
s = 28: (0, 19, 41, 16, 10, 14, 9, 8, 11, 14, 36, 0)
s = 29: (0, 25, 31, 13, 6, 18, 7, 6, 19, 17, 41, 0)
s = 30: (0, 14, 26, 11, 6, 13, 7, 8, 18, 19, 63, 0)
s = 31: (0, 24, 62, 14, 5, 16, 8, 9, 10, 12, 60, 0)
s = 32: (0, 22, 50, 17, 8, 17, 7, 9, 13, 18, 30, 0)
s = 33: (0, 19, 43, 9, 5, 15, 9, 4, 11, 19, 38, 0)
s = 34: (0, 21, 35, 11, 7, 10, 5, 5, 10, 17, 49, 0)
s = 35: (0, 21, 49, 12, 5, 13, 7, 6, 11, 16, 31, 0)
s = 36: (0, 25, 30, 12, 5, 14, 4, 7, 13, 15, 39, 0)
s = 37: (0, 19, 37, 9, 6, 16, 6, 9, 11, 11, 50, 0)
s = 38: (0, 21, 53, 9, 7, 13, 6, 8, 9, 23, 30, 0)
s = 39: (0, 21, 34, 15, 10, 21, 6, 7, 9, 9, 32, 0)
s = 40: (0, 22, 43, 14, 5, 15, 7, 5, 7, 19, 76, 0)
s = 41: (0, 34, 26, 14, 7, 19, 9, 5, 10, 17, 40, 0)
s = 42: (0, 18, 34, 13, 7, 16, 6, 6, 8, 18, 29, 0)
s = 43: (0, 35, 41, 7, 5, 25, 6, 10, 11, 17, 66, 0)
s = 44: (0, 28, 40, 14, 9, 13, 7, 5, 13, 23, 49, 0)
s = 45: (0, 23, 60, 10, 8, 28, 6, 13, 23, 9, 52, 0)
s = 46: (0, 31, 31, 12, 6, 20, 4, 9, 11, 9, 34, 0)
s = 47: (0, 41, 25, 8, 4, 18, 5, 8, 20, 17, 75, 0)
s = 48: (0, 28, 35, 9, 4, 18, 7, 11, 13, 15, 49, 0)
s = 49: (0, 15, 41, 9, 10, 20, 9, 7, 10, 14, 32, 0)
s = 50: (0, 23, 37, 8, 5, 13, 8, 10, 10, 15, 46, 0)
s = 51: (0, 30, 27, 8, 9, 22, 5, 7, 9, 19, 42, 0)
s = 52: (0, 23, 47, 17, 7, 25, 6, 7, 17, 15, 41, 0)
s = 53: (0, 23, 24, 10, 5, 17, 7, 13, 10, 10, 50, 0)
s = 54: (0, 39, 53, 11, 7, 23, 7, 9, 10, 13, 77, 0)
s = 55: (0, 41, 53, 9, 5, 20, 5, 7, 15, 11, 52, 0)
s = 56: (0, 18, 56, 13, 6, 15, 9, 8, 9, 18, 73, 0)
s = 57: (0, 30, 40, 8, 9, 13, 4, 7, 13, 15, 38, 0)
s = 58: (0, 21, 46, 8, 6, 22, 8, 7, 7, 20, 67, 0)
s = 59: (0, 27, 45, 9, 5, 14, 7, 7, 15, 17, 40, 0)
s = 60: (0, 19, 24, 14, 6, 29, 9, 5, 10, 12, 45, 0)
s = 61: (0, 17, 38, 8, 6, 28, 10, 9, 13, 17, 34, 0)
s = 62: (0, 16, 41, 9, 5, 28, 6, 9, 12, 15, 42, 0)
s = 63: (0, 33, 49, 8, 8, 18, 7, 7, 14, 14, 33, 0)
s = 64: (0, 18, 39, 7, 7, 12, 6, 6, 14, 14, 47, 0)
s = 65: (0, 34, 65, 11, 5, 14, 5, 4, 18, 12, 40, 0)
s = 66: (0, 16, 31, 6, 5, 23, 8, 7, 15, 20, 50, 0)
s = 67: (0, 20, 32, 10, 5, 11, 9, 9, 9, 8, 29, 0)
s = 68: (0, 29, 23, 12, 6, 25, 5, 11, 17, 19, 50, 0)
s = 69: (0, 34, 48, 8, 5, 14, 5, 7, 14, 12, 34, 0)
s = 70: (0, 26, 38, 9, 5, 11, 9, 8, 18, 16, 34, 0)
s = 71: (0, 20, 26, 9, 6, 13, 8, 7, 15, 18, 35, 0)
s = 72: (0, 21, 64, 11, 9, 17, 9, 7, 15, 8, 67, 0)
s = 73: (0, 31, 37, 11, 4, 16, 9, 11, 14, 13, 36, 0)
s = 74: (0, 29, 44, 11, 4, 21, 5, 7, 10, 12, 36, 0)
s = 75: (0, 19, 26, 8, 6, 11, 6, 8, 16, 18, 38, 0)
s = 76: (0, 23, 50, 13, 6, 15, 8, 9, 15, 13, 69, 0)
s = 77: (0, 23, 22, 20, 5, 27, 5, 8, 8, 15, 27, 0)
s = 78: (0, 34, 56, 12, 6, 11, 9, 8, 10, 14, 47, 0)
s = 79: (0, 23, 23, 19, 5, 29, 5, 6, 13, 14, 40, 0)
s = 80: (0, 24, 36, 13, 6, 14, 9, 9, 17, 10, 32, 0)
s = 81: (0, 32, 50, 14, 6, 11, 5, 10, 8, 18, 54, 0)
s = 82: (0, 24, 45, 11, 8, 19, 8, 5, 10, 13, 47, 0)
s = 83: (0, 14, 48, 15, 8, 21, 9, 8, 9, 20, 60, 0)
s = 84: (0, 24, 36, 11, 9, 27, 9, 9, 10, 16, 31, 0)
s = 85: (0, 21, 41, 7, 10, 24, 8, 8, 13, 14, 56, 0)
s = 86: (0, 26, 44, 9, 5, 16, 5, 9, 17, 16, 43, 0)
s = 87: (0, 21, 62, 9, 5, 24, 7, 8, 11, 10, 27, 0)
s = 88: (0, 28, 29, 8, 7, 15, 6, 7, 12, 18, 52, 0)
s = 89: (0, 33, 40, 11, 8, 22, 6, 7, 8, 20, 26, 0)
s = 90: (0, 27, 43, 18, 7, 21, 7, 8, 11, 17, 69, 0)
s = 91: (0, 32, 33, 13, 9, 13, 6, 9, 18, 16, 35, 0)
s = 92: (0, 23, 27, 8, 7, 12, 6, 12, 10, 14, 44, 0)
s = 93: (0, 36, 42, 12, 5, 21, 6, 7, 13, 12, 41, 0)
s = 94: (0, 29, 55, 13, 6, 19, 4, 9, 16, 11, 49, 0)
s = 95: (0, 23, 36, 6, 6, 20, 6, 9, 11, 15, 63, 0)
s = 96: (0, 18, 30, 7, 9, 15, 7, 6, 13, 17, 36, 0)
s = 97: (0, 24, 45, 6, 7, 24, 6, 7, 14, 12, 28, 0)
s = 98: (0, 19, 41, 8, 6, 24, 8, 11, 12, 10, 34, 0)
s = 99: (0, 25, 46, 8, 5, 12, 9, 7, 12, 16, 56, 0)
s = 100: (0, 30, 47, 10, 7, 10, 5, 7, 16, 18, 72, 0)
s = 101: (0, 24, 49, 6, 8, 13, 6, 11, 7, 20, 48, 0)
s = 102: (0, 40, 37, 8, 5, 20, 6, 8, 17, 11, 72, 0)
s = 103: (0, 23, 28, 10, 7, 12, 5, 6, 13, 19, 48, 0)
s = 104: (0, 22, 28, 8, 5, 15, 10, 11, 10, 17, 38, 0)
s = 105: (0, 44, 33, 13, 7, 20, 5, 6, 10, 19, 36, 0)
s = 106: (0, 23, 50, 12, 6, 11, 6, 6, 15, 12, 43, 0)
s = 107: (0, 21, 53, 17, 7, 21, 5, 9, 9, 19, 77, 0)
s = 108: (0, 32, 52, 12, 6, 14, 5, 5, 15, 8, 63, 0)
s = 109: (0, 37, 53, 8, 6, 12, 6, 12, 18, 19, 65, 0)
s = 110: (0, 29, 55, 9, 5, 17, 4, 8, 17, 11, 42, 0)
s = 111: (0, 20, 45, 11, 5, 13, 4, 7, 8, 12, 65, 0)
s = 112: (0, 19, 32, 9, 5, 23, 5, 6, 8, 13, 27, 0)
s = 113: (0, 21, 46, 9, 5, 31, 7, 5, 9, 15, 44, 0)
s = 114: (0, 23, 32, 14, 7, 20, 4, 10, 15, 15, 46, 0)
s = 115: (0, 19, 51, 17, 6, 15, 7, 8, 15, 13, 41, 0)
s = 116: (0, 20, 31, 7, 6, 19, 6, 7, 11, 18, 41, 0)
s = 117: (0, 34, 53, 9, 7, 11, 4, 4, 9, 14, 36, 0)
s = 118: (0, 18, 57, 12, 6, 14, 5, 6, 12, 22, 32, 0)
s = 119: (0, 30, 38, 7, 8, 20, 7, 5, 8, 18, 28, 0)
s = 120: (0, 22, 36, 11, 9, 22, 11, 6, 21, 13, 37, 0)
s = 121: (0, 27, 23, 6, 9, 16, 6, 10, 9, 13, 38, 0)
s = 122: (0, 24, 40, 7, 7, 14, 7, 10, 13, 10, 36, 0)
s = 123: (0, 23, 41, 8, 5, 25, 8, 7, 13, 21, 67, 0)
s = 124: (0, 22, 45, 6, 7, 27, 5, 5, 7, 11, 41, 0)
s = 125: (0, 20, 38, 10, 6, 14, 5, 6, 11, 21, 39, 0)
s = 126: (0, 23, 53, 7, 7, 17, 7, 11, 11, 15, 35, 0)
s = 127: (0, 35, 33, 7, 4, 22, 5, 6, 9, 17, 33, 0)
s = 128: (0, 36, 30, 7, 4, 17, 7, 7, 12, 13, 36, 0)
s = 129: (0, 26, 45, 14, 7, 19, 4, 7, 10, 10, 45, 0)
s = 130: (0, 19, 28, 11, 5, 19, 6, 12, 16, 11, 48, 0)
s = 131: (0, 20, 34, 13, 7, 20, 7, 8, 13, 12, 34, 0)
s = 132: (0, 21, 32, 11, 5, 28, 6, 6, 11, 18, 27, 0)
s = 133: (0, 27, 33, 9, 7, 12, 4, 8, 18, 11, 59, 0)
s = 134: (0, 22, 27, 8, 6, 22, 8, 8, 13, 21, 44, 0)
s = 135: (0, 19, 42, 15, 9, 30, 5, 9, 13, 16, 39, 0)
s = 136: (0, 16, 37, 13, 4, 23, 6, 10, 12, 13, 34, 0)
s = 137: (0, 28, 45, 8, 6, 23, 10, 10, 8, 15, 57, 0)
s = 138: (0, 26, 32, 7, 9, 20, 4, 6, 16, 17, 34, 0)
s = 139: (0, 34, 28, 9, 7, 25, 10, 5, 16, 11, 36, 0)
s = 140: (0, 19, 30, 10, 4, 16, 7, 5, 17, 19, 49, 0)
s = 141: (0, 22, 40, 14, 5, 16, 8, 12, 9, 10, 51, 0)
s = 142: (0, 26, 34, 13, 6, 18, 6, 11, 20, 16, 49, 0)
s = 143: (0, 26, 67, 8, 4, 28, 6, 8, 12, 15, 60, 0)
s = 144: (0, 24, 22, 11, 7, 22, 6, 10, 11, 19, 39, 0)
s = 145: (0, 23, 47, 10, 5, 12, 4, 9, 15, 16, 47, 0)
s = 146: (0, 16, 26, 7, 6, 18, 6, 5, 8, 16, 56, 0)
s = 147: (0, 17, 28, 13, 7, 21, 6, 9, 13, 8, 42, 0)
s = 148: (0, 28, 36, 10, 5, 15, 6, 7, 18, 17, 65, 0)
s = 149: (0, 38, 42, 10, 5, 24, 4, 6, 10, 9, 54, 0)
s = 150: (0, 27, 38, 13, 8, 14, 9, 8, 11, 13, 46, 0)
s = 151: (0, 33, 26, 7, 9, 25, 5, 6, 15, 17, 35, 0)
s = 152: (0, 20, 48, 14, 5, 21, 8, 9, 11, 14, 29, 0)
s = 153: (0, 40, 50, 10, 4, 14, 5, 7, 16, 14, 44, 0)
s = 154: (0, 19, 43, 17, 6, 12, 8, 6, 12, 20, 37, 0)
s = 155: (0, 22, 58, 15, 7, 19, 8, 5, 10, 10, 56, 0)
s = 156: (0, 28, 28, 12, 8, 16, 9, 5, 9, 15, 63, 0)
s = 157: (0, 15, 56, 15, 6, 21, 4, 7, 8, 15, 46, 0)
s = 158: (0, 44, 39, 8, 6, 24, 6, 7, 15, 15, 60, 0)
s = 159: (0, 13, 46, 12, 6, 26, 7, 5, 9, 17, 46, 0)
s = 160: (0, 29, 21, 12, 8, 12, 7, 9, 11, 10, 50, 0)
s = 161: (0, 28, 26, 11, 8, 18, 7, 9, 13, 15, 70, 0)
s = 162: (0, 31, 44, 11, 5, 29, 5, 8, 10, 14, 74, 0)
s = 163: (0, 14, 34, 13, 6, 18, 9, 8, 24, 12, 52, 0)
s = 164: (0, 35, 51, 9, 6, 20, 10, 7, 19, 10, 40, 0)
s = 165: (0, 31, 25, 13, 7, 18, 5, 9, 11, 17, 50, 0)
s = 166: (0, 19, 26, 7, 7, 18, 7, 9, 9, 12, 54, 0)
s = 167: (0, 21, 28, 11, 7, 23, 6, 6, 14, 21, 42, 0)
s = 168: (0, 21, 43, 12, 8, 11, 5, 9, 13, 12, 37, 0)
s = 169: (0, 19, 27, 11, 6, 22, 5, 6, 8, 10, 36, 0)
s = 170: (0, 23, 42, 9, 6, 29, 8, 8, 14, 13, 45, 0)
s = 171: (0, 33, 53, 6, 4, 22, 7, 8, 14, 20, 55, 0)
s = 172: (0, 23, 40, 8, 8, 16, 6, 9, 12, 8, 36, 0)
s = 173: (0, 28, 34, 9, 5, 12, 9, 6, 11, 12, 49, 0)
s = 174: (0, 28, 25, 8, 9, 16, 6, 9, 15, 11, 59, 0)
s = 175: (0, 33, 40, 12, 8, 15, 7, 5, 11, 17, 52, 0)
s = 176: (0, 27, 36, 8, 5, 18, 7, 5, 9, 9, 53, 0)
s = 177: (0, 22, 37, 10, 7, 27, 7, 5, 18, 17, 45, 0)
s = 178: (0, 25, 53, 14, 5, 14, 5, 7, 11, 25, 51, 0)
s = 179: (0, 21, 28, 8, 7, 23, 6, 8, 15, 12, 72, 0)
s = 180: (0, 26, 28, 13, 4, 17, 7, 6, 11, 22, 41, 0)
s = 181: (0, 27, 59, 13, 5, 12, 10, 7, 8, 8, 59, 0)
s = 182: (0, 19, 30, 8, 7, 26, 10, 6, 7, 21, 47, 0)
s = 183: (0, 34, 23, 9, 5, 17, 6, 5, 14, 12, 49, 0)
s = 184: (0, 16, 44, 10, 6, 13, 7, 5, 13, 14, 42, 0)
s = 185: (0, 16, 32, 10, 5, 15, 4, 7, 10, 17, 57, 0)
s = 186: (0, 30, 34, 7, 5, 22, 4, 8, 11, 14, 37, 0)
s = 187: (0, 20, 48, 6, 7, 20, 5, 9, 15, 13, 74, 0)
s = 188: (0, 16, 28, 11, 6, 11, 5, 4, 11, 10, 45, 0)
s = 189: (0, 29, 43, 8, 5, 21, 5, 6, 14, 15, 35, 0)
s = 190: (0, 23, 27, 10, 6, 15, 7, 8, 12, 18, 42, 0)
s = 191: (0, 17, 32, 10, 7, 15, 8, 11, 18, 9, 36, 0)
s = 192: (0, 21, 25, 9, 6, 20, 7, 6, 13, 13, 36, 0)
s = 193: (0, 15, 46, 16, 7, 21, 5, 6, 13, 20, 34, 0)
s = 194: (0, 18, 28, 14, 5, 13, 5, 8, 13, 19, 47, 0)
s = 195: (0, 24, 31, 6, 6, 15, 6, 8, 12, 9, 46, 0)
s = 196: (0, 26, 24, 16, 6, 18, 5, 13, 14, 21, 25, 0)
s = 197: (0, 27, 34, 12, 8, 17, 6, 6, 9, 17, 28, 0)
s = 198: (0, 33, 59, 15, 5, 20, 6, 6, 13, 13, 46, 0)
s = 199: (0, 23, 64, 12, 5, 22, 7, 11, 14, 9, 74, 0)
s = 200: (0, 23, 58, 14, 6, 29, 6, 7, 11, 17, 71, 0)
************************************************************************
ES/LS-VALUES:
jobnr.   ES(i)    LS(i)
------------------------------------------------------------------------
  0        0        0
  1        0       53
  2        0       50
  3        0       68
  4        8       62
  5        4       72
  6        8       62
  7        4       74
  8       13       76
  9        9       76
 10       13       64
 11       28       80
************************************************************************
BIG-M-VALUES:
M1 = 88, M2 = 278
************************************************************************
