************************************************************************
file with basedata            : j30_47.bas
initial value random generator: 213031519
************************************************************************
projects                      :  1
jobs (incl. supersource/sink ):  32
horizon                       :  189
RESOURCES
  - renewable                 :  4   R
  - nonrenewable              :  0   N
  - doubly constrained        :  0   D
************************************************************************
PROJECT INFORMATION:
pronr.  #jobs rel.date duedate tardcost  MPM-Time
    1     30      0       61       16       61
************************************************************************
PRECEDENCE RELATIONS:
jobnr.    #modes  #successors   successors
   0        1          3           1   2   3
   1        1          2          10  14
   2        1          3           7  13  16
   3        1          3           4   5  18
   4        1          1          24
   5        1          2           6  26
   6        1          2           8  11
   7        1          3           9  17  20
   8        1          2          13  15
   9        1          3          10  18  24
  10        1          3          11  23  27
  11        1          3          12  19  25
  12        1          1          30
  13        1          1          21
  14        1          3          16  22  29
  15        1          3          16  23  28
  16        1          1          24
  17        1          1          28
  18        1          3          19  21  26
  19        1          2          22  30
  20        1          3          21  22  25
  21        1          1          23
  22        1          1          28
  23        1          1          29
  24        1          1          27
  25        1          1          29
  26        1          1          27
  27        1          1          30
  28        1          1          31
  29        1          1          31
  30        1          1          31
  31        1          0        
************************************************************************
REQUESTS/DURATIONS:
jobnr. mode duration  R 1  R 2  R 3  R 4  E(W 1)  E(W 2)  E(W 3)
------------------------------------------------------------------------
  0      1     0       0    0    0    0     0       0       0
  1      1     9       8    7    9    4    135      81      36
  2      1     5      10    5    6   10    75      30      50
  3      1     8       9    8    3    2    136      24      16
  4      1     3       6    7    9   10    39      27      30
  5      1     9       4   10    1    1    126      18      18
  6      1     4       3    4    5    9    28      20      36
  7      1     4       9    4    2    1    52       8       8
  8      1     2       8    8    1    9    32       4      18
  9      1     9       8    3    9    4    99      81      36
 10      1     9       4    5    3    1    81      27      18
 11      1     9       3    4    7    2    63      63      18
 12      1     5       6    2    3    5    40      15      25
 13      1     2       4    7   10    6    22      20      12
 14      1     5       7    9   10    2    80      50      10
 15      1     8       6    5    7    4    88      56      32
 16      1     9       2    6    4    3    72      36      27
 17      1    10       6    1    5    6    80      50      60
 18      1    10      10    8    6    5    180      60      50
 19      1     9       3    6    1    3    81      18      27
 20      1     1       1    6    7    2     8       7       2
 21      1     5       9    2    4    4    55      20      20
 22      1     7       4    9    8    7    91      56      49
 23      1     6       8    8    8    8    96      48      48
 24      1     8       9    8    2    9    136      16      72
 25      1     9       2    8   10    1    90      90      18
 26      1     3       2    3   10    1    15      30       6
 27      1     7       6    2   10    2    56      70      14
 28      1     7       8   10    4   10    126      28      70
 29      1     1       3    9   10    8    12      10       8
 30      1     6       9    7   10    3    96      60      18
 31      1     0       0    0    0    0     0       0       0
************************************************************************
RESOURCEAVAILABILITIES:
  R 1  R 2  R 3
   53   32   21
************************************************************************
RESOURCE LIMITS:
jobnr.  l(R 1)  u(R 1)  l(R 2)  u(R 2)  l(R 3)  u(R 3)
------------------------------------------------------------------------
  0        0       0       0       0       0       0
  1        8      15       5       9       2       4
  2        8      15       3       6       5      10
  3        9      17       2       3       1       2
  4        7      13       5       9       5      10
  5        7      14       1       2       1       2
  6        4       7       3       5       5       9
  7        7      13       1       2       1       2
  8        8      16       1       2       5       9
  9        6      11       5       9       2       4
 10        5       9       2       3       1       2
 11        4       7       4       7       1       2
 12        4       8       2       3       3       5
 13        6      11       5      10       3       6
 14        9      16       5      10       1       2
 15        6      11       4       7       2       4
 16        4       8       2       4       2       3
 17        4       8       3       5       3       6
 18        9      18       3       6       3       5
 19        5       9       1       2       2       3
 20        4       8       4       7       1       2
 21        6      11       2       4       2       4
 22        7      13       4       8       4       7
 23        8      16       4       8       4       8
 24        9      17       1       2       5       9
 25        5      10       5      10       1       2
 26        3       5       5      10       1       2
 27        4       8       5      10       1       2
 28        9      18       2       4       5      10
 29        7      12       5      10       4       8
 30        9      16       5      10       2       3
 31        0       0       0       0       0       0
************************************************************************
SCENARIOS:
------------------------------------------------------------------------
RESOURCE k = 1
s = 1: (0, 191, 60, 77, 25, 137, 19, 41, 32, 75, 112, 77, 61, 21, 65, 121, 53, 55, 317, 66, 10, 41, 62, 119, 167, 113, 23, 66, 148, 11, 87, 0)
s = 2: (0, 207, 86, 96, 42, 177, 30, 39, 37, 82, 59, 49, 46, 12, 92, 143, 48, 82, 273, 65, 9, 45, 99, 97, 172, 84, 13, 86, 127, 20, 123, 0)
s = 3: (0, 127, 54, 213, 46, 143, 27, 57, 45, 145, 64, 72, 51, 16, 64, 57, 81, 75, 211, 77, 12, 55, 116, 143, 127, 113, 20, 67, 102, 14, 146, 0)
s = 4: (0, 145, 63, 132, 30, 87, 24, 36, 32, 135, 91, 83, 35, 26, 115, 78, 64, 92, 161, 72, 13, 41, 82, 63, 99, 76, 18, 67, 112, 12, 110, 0)
s = 5: (0, 86, 62, 97, 28, 82, 32, 41, 25, 95, 57, 63, 26, 16, 73, 74, 59, 125, 179, 56, 10, 65, 95, 79, 88, 85, 18, 40, 177, 12, 75, 0)
s = 6: (0, 135, 77, 174, 31, 84, 41, 60, 27, 117, 121, 42, 31, 20, 93, 50, 67, 48, 110, 92, 10, 66, 110, 74, 97, 57, 17, 43, 113, 21, 81, 0)
s = 7: (0, 109, 57, 130, 39, 82, 23, 42, 29, 101, 86, 65, 46, 16, 112, 73, 80, 97, 202, 96, 10, 71, 54, 75, 72, 79, 24, 57, 128, 7, 101, 0)
s = 8: (0, 98, 63, 193, 41, 158, 27, 31, 50, 127, 75, 82, 28, 33, 96, 49, 87, 85, 263, 84, 10, 57, 68, 101, 131, 74, 17, 38, 120, 9, 81, 0)
s = 9: (0, 146, 63, 179, 39, 138, 27, 64, 33, 82, 58, 97, 31, 15, 71, 84, 46, 85, 159, 63, 6, 47, 77, 73, 87, 79, 17, 50, 116, 15, 58, 0)
s = 10: (0, 224, 73, 153, 47, 229, 34, 36, 24, 67, 82, 87, 29, 26, 56, 103, 52, 58, 154, 118, 10, 68, 78, 91, 146, 72, 22, 87, 139, 11, 105, 0)
s = 11: (0, 106, 100, 103, 37, 84, 27, 37, 30, 172, 57, 92, 25, 23, 108, 57, 79, 99, 192, 80, 11, 55, 88, 79, 135, 88, 18, 35, 161, 12, 78, 0)
s = 12: (0, 124, 69, 81, 55, 95, 15, 63, 25, 104, 104, 62, 45, 15, 95, 84, 93, 62, 138, 61, 7, 56, 124, 66, 185, 97, 11, 52, 131, 17, 172, 0)
s = 13: (0, 130, 76, 186, 30, 125, 31, 63, 49, 104, 92, 72, 55, 31, 60, 94, 56, 100, 176, 64, 8, 52, 81, 90, 140, 67, 17, 44, 204, 11, 136, 0)
s = 14: (0, 121, 69, 113, 48, 134, 30, 52, 26, 64, 143, 51, 47, 16, 46, 123, 64, 126, 203, 71, 7, 46, 128, 70, 101, 69, 15, 72, 125, 15, 109, 0)
s = 15: (0, 136, 115, 80, 52, 84, 25, 68, 50, 100, 60, 82, 64, 23, 74, 119, 93, 60, 124, 81, 8, 70, 84, 63, 137, 68, 16, 56, 89, 12, 93, 0)
s = 16: (0, 114, 65, 124, 23, 98, 23, 56, 37, 80, 96, 38, 22, 26, 50, 71, 41, 52, 236, 59, 7, 60, 95, 68, 174, 94, 11, 74, 141, 8, 64, 0)
s = 17: (0, 131, 102, 120, 43, 106, 35, 50, 45, 64, 90, 91, 55, 16, 81, 78, 48, 96, 131, 90, 12, 37, 61, 117, 108, 75, 11, 58, 126, 14, 122, 0)
s = 18: (0, 86, 73, 157, 33, 178, 17, 55, 18, 76, 72, 43, 55, 29, 95, 67, 65, 49, 114, 56, 6, 44, 50, 119, 130, 86, 10, 45, 67, 10, 99, 0)
s = 19: (0, 106, 43, 75, 30, 238, 40, 54, 20, 74, 55, 76, 58, 25, 44, 86, 49, 71, 136, 52, 6, 30, 108, 81, 170, 66, 14, 77, 99, 12, 97, 0)
s = 20: (0, 180, 69, 199, 25, 124, 26, 61, 27, 72, 52, 64, 47, 15, 109, 88, 86, 87, 187, 87, 6, 37, 106, 83, 240, 127, 12, 38, 103, 14, 93, 0)
s = 21: (0, 93, 97, 179, 44, 128, 39, 77, 29, 90, 79, 51, 22, 28, 83, 59, 93, 68, 193, 113, 7, 71, 70, 64, 74, 73, 15, 68, 114, 21, 99, 0)
s = 22: (0, 76, 75, 148, 66, 187, 23, 42, 19, 98, 113, 47, 56, 26, 81, 73, 63, 82, 282, 77, 11, 81, 90, 153, 200, 72, 10, 43, 108, 14, 106, 0)
s = 23: (0, 99, 71, 88, 29, 174, 22, 65, 35, 98, 69, 73, 46, 33, 115, 68, 84, 70, 175, 63, 12, 38, 144, 64, 82, 63, 16, 72, 176, 20, 85, 0)
s = 24: (0, 136, 45, 113, 42, 149, 38, 33, 26, 131, 97, 77, 64, 13, 116, 99, 58, 85, 198, 71, 8, 63, 79, 86, 181, 75, 11, 55, 157, 12, 93, 0)
s = 25: (0, 128, 90, 87, 47, 160, 21, 32, 40, 72, 77, 66, 47, 21, 132, 80, 63, 106, 243, 66, 7, 73, 99, 85, 118, 51, 15, 46, 178, 8, 92, 0)
s = 26: (0, 171, 61, 148, 44, 127, 37, 52, 36, 81, 54, 45, 46, 15, 82, 59, 71, 84, 205, 61, 7, 45, 144, 112, 223, 101, 19, 81, 116, 14, 78, 0)
s = 27: (0, 109, 65, 130, 36, 123, 32, 61, 23, 122, 47, 69, 30, 35, 69, 101, 64, 79, 211, 110, 9, 67, 66, 71, 102, 78, 19, 69, 157, 14, 93, 0)
s = 28: (0, 102, 96, 135, 27, 166, 39, 52, 28, 95, 73, 59, 53, 19, 90, 91, 83, 122, 223, 85, 12, 53, 61, 83, 105, 100, 19, 44, 202, 13, 152, 0)
s = 29: (0, 105, 70, 108, 35, 103, 20, 65, 35, 86, 63, 61, 50, 27, 88, 121, 78, 94, 100, 109, 6, 51, 122, 110, 131, 73, 13, 44, 84, 18, 55, 0)
s = 30: (0, 177, 65, 118, 51, 192, 26, 39, 23, 67, 47, 86, 47, 27, 79, 87, 128, 59, 158, 60, 10, 56, 116, 115, 145, 120, 17, 38, 77, 12, 111, 0)
s = 31: (0, 106, 61, 87, 58, 140, 28, 52, 26, 185, 121, 76, 63, 29, 73, 52, 60, 72, 122, 65, 10, 67, 63, 145, 74, 65, 15, 36, 104, 8, 86, 0)
s = 32: (0, 160, 101, 212, 48, 85, 18, 92, 52, 148, 73, 56, 62, 24, 68, 128, 94, 64, 149, 58, 9, 42, 127, 112, 186, 66, 15, 64, 120, 8, 113, 0)
s = 33: (0, 140, 99, 215, 38, 207, 21, 61, 31, 99, 67, 58, 45, 18, 94, 95, 134, 67, 187, 104, 9, 56, 69, 83, 109, 56, 15, 44, 113, 20, 71, 0)
s = 34: (0, 117, 68, 151, 36, 152, 29, 44, 30, 64, 101, 75, 28, 22, 90, 82, 121, 86, 260, 55, 8, 46, 94, 88, 217, 136, 20, 58, 156, 7, 108, 0)
s = 35: (0, 156, 51, 71, 41, 139, 22, 58, 33, 86, 53, 82, 31, 45, 61, 65, 48, 54, 216, 67, 8, 53, 138, 73, 106, 90, 24, 50, 163, 7, 114, 0)
s = 36: (0, 81, 53, 137, 66, 169, 27, 68, 32, 117, 48, 71, 47, 31, 82, 138, 76, 101, 171, 69, 12, 65, 121, 69, 82, 96, 13, 38, 132, 15, 134, 0)
s = 37: (0, 122, 74, 260, 52, 146, 29, 41, 24, 110, 56, 50, 56, 20, 133, 71, 99, 91, 192, 78, 16, 40, 58, 115, 116, 83, 11, 41, 199, 17, 101, 0)
s = 38: (0, 224, 59, 95, 42, 111, 25, 30, 31, 61, 76, 62, 35, 15, 55, 97, 104, 100, 205, 59, 11, 83, 101, 88, 159, 56, 10, 63, 73, 8, 74, 0)
s = 39: (0, 163, 56, 83, 26, 84, 22, 37, 37, 57, 66, 54, 40, 23, 112, 52, 57, 62, 229, 123, 8, 49, 96, 170, 124, 76, 12, 91, 138, 11, 120, 0)
s = 40: (0, 115, 79, 219, 51, 134, 26, 49, 29, 78, 107, 70, 46, 27, 44, 96, 79, 81, 220, 114, 7, 95, 63, 96, 114, 110, 20, 47, 123, 14, 72, 0)
s = 41: (0, 112, 136, 176, 40, 94, 30, 65, 24, 71, 51, 74, 31, 16, 88, 86, 80, 45, 179, 106, 11, 46, 62, 102, 129, 93, 11, 75, 143, 10, 97, 0)
s = 42: (0, 145, 74, 132, 36, 102, 33, 43, 37, 120, 93, 55, 32, 29, 67, 67, 42, 58, 260, 131, 6, 76, 69, 62, 152, 67, 18, 62, 107, 13, 85, 0)
s = 43: (0, 152, 103, 129, 25, 133, 23, 43, 27, 113, 97, 74, 39, 15, 113, 146, 67, 53, 102, 85, 10, 58, 78, 114, 237, 70, 17, 52, 85, 16, 125, 0)
s = 44: (0, 104, 109, 137, 46, 75, 18, 38, 23, 94, 93, 55, 35, 23, 102, 64, 51, 82, 153, 67, 13, 34, 84, 104, 120, 54, 10, 46, 152, 11, 121, 0)
s = 45: (0, 144, 98, 86, 55, 126, 38, 69, 31, 73, 82, 75, 29, 18, 67, 102, 84, 79, 229, 65, 11, 37, 64, 97, 125, 81, 12, 56, 130, 9, 72, 0)
s = 46: (0, 94, 90, 117, 40, 156, 25, 50, 24, 62, 78, 65, 36, 13, 50, 77, 53, 63, 152, 99, 12, 68, 99, 94, 90, 79, 14, 65, 115, 15, 103, 0)
s = 47: (0, 137, 91, 110, 47, 85, 23, 46, 41, 105, 97, 56, 49, 22, 55, 88, 61, 66, 126, 62, 8, 46, 86, 103, 108, 122, 10, 44, 88, 16, 87, 0)
s = 48: (0, 98, 47, 174, 27, 125, 34, 47, 35, 55, 96, 42, 32, 13, 104, 73, 45, 87, 166, 97, 10, 65, 122, 175, 107, 123, 19, 90, 98, 8, 79, 0)
s = 49: (0, 117, 67, 212, 30, 80, 18, 31, 23, 93, 86, 90, 52, 21, 60, 61, 127, 92, 103, 144, 6, 69, 125, 91, 152, 87, 15, 48, 105, 10, 82, 0)
s = 50: (0, 104, 74, 112, 47, 110, 33, 46, 26, 56, 107, 41, 48, 15, 77, 141, 78, 100, 183, 76, 9, 48, 66, 90, 156, 111, 23, 43, 88, 16, 109, 0)
s = 51: (0, 117, 57, 183, 23, 90, 30, 49, 43, 106, 54, 64, 44, 24, 127, 82, 52, 71, 240, 51, 9, 33, 148, 102, 123, 97, 12, 49, 132, 14, 107, 0)
s = 52: (0, 112, 115, 151, 32, 161, 38, 46, 43, 118, 62, 45, 53, 26, 94, 115, 107, 76, 238, 129, 9, 44, 85, 62, 100, 80, 22, 73, 208, 16, 88, 0)
s = 53: (0, 125, 96, 180, 43, 74, 26, 45, 39, 65, 79, 75, 63, 19, 77, 120, 48, 85, 235, 48, 5, 60, 126, 101, 128, 106, 15, 66, 100, 9, 126, 0)
s = 54: (0, 90, 128, 104, 27, 196, 19, 34, 21, 91, 84, 59, 60, 31, 87, 59, 61, 81, 221, 129, 11, 65, 128, 75, 85, 124, 9, 37, 149, 10, 87, 0)
s = 55: (0, 170, 123, 173, 41, 113, 23, 49, 37, 114, 63, 80, 34, 22, 87, 127, 58, 72, 180, 58, 6, 44, 94, 74, 148, 94, 14, 61, 126, 16, 129, 0)
s = 56: (0, 100, 56, 133, 35, 151, 27, 65, 28, 93, 69, 76, 29, 16, 110, 86, 41, 76, 142, 71, 12, 37, 62, 54, 122, 64, 24, 51, 89, 11, 76, 0)
s = 57: (0, 146, 75, 154, 30, 94, 16, 55, 46, 130, 92, 50, 32, 27, 95, 115, 100, 66, 223, 82, 11, 54, 131, 74, 139, 157, 13, 79, 100, 16, 62, 0)
s = 58: (0, 143, 92, 217, 58, 80, 32, 55, 23, 119, 82, 65, 48, 26, 122, 81, 66, 83, 230, 73, 7, 33, 145, 118, 145, 129, 20, 51, 190, 17, 78, 0)
s = 59: (0, 118, 64, 226, 54, 91, 27, 31, 24, 77, 90, 50, 26, 41, 82, 94, 103, 59, 255, 82, 8, 54, 122, 134, 116, 102, 15, 55, 101, 12, 50, 0)
s = 60: (0, 106, 85, 111, 33, 106, 24, 46, 22, 84, 110, 53, 44, 14, 119, 94, 120, 105, 226, 44, 6, 38, 87, 127, 199, 89, 14, 94, 72, 9, 71, 0)
s = 61: (0, 106, 72, 120, 41, 83, 16, 48, 42, 132, 118, 54, 25, 13, 87, 110, 67, 49, 133, 68, 7, 86, 83, 94, 176, 70, 10, 68, 98, 11, 97, 0)
s = 62: (0, 188, 58, 208, 47, 139, 18, 86, 24, 70, 75, 54, 39, 22, 108, 88, 76, 48, 169, 68, 6, 51, 110, 132, 156, 139, 19, 65, 78, 7, 122, 0)
s = 63: (0, 99, 71, 161, 53, 99, 29, 75, 49, 65, 76, 86, 31, 21, 65, 73, 72, 56, 192, 102, 7, 80, 128, 112, 151, 113, 19, 53, 108, 12, 71, 0)
s = 64: (0, 96, 100, 139, 27, 107, 34, 31, 24, 113, 55, 56, 53, 22, 83, 102, 113, 91, 152, 88, 6, 55, 130, 101, 121, 99, 15, 52, 180, 9, 173, 0)
s = 65: (0, 113, 81, 105, 45, 116, 26, 63, 25, 133, 86, 42, 48, 22, 63, 72, 54, 67, 289, 77, 14, 39, 83, 106, 139, 49, 12, 61, 106, 10, 107, 0)
s = 66: (0, 100, 61, 97, 28, 122, 36, 46, 35, 83, 77, 50, 23, 27, 61, 84, 52, 100, 166, 53, 7, 51, 112, 66, 104, 106, 17, 62, 112, 9, 64, 0)
s = 67: (0, 144, 78, 183, 25, 224, 20, 42, 34, 99, 113, 46, 30, 29, 93, 101, 42, 83, 190, 72, 13, 50, 65, 70, 201, 88, 14, 51, 104, 14, 66, 0)
s = 68: (0, 186, 47, 109, 28, 120, 34, 65, 35, 87, 77, 63, 41, 25, 67, 64, 58, 96, 172, 53, 9, 59, 69, 82, 140, 124, 12, 53, 141, 13, 82, 0)
s = 69: (0, 166, 47, 143, 52, 147, 21, 88, 25, 146, 81, 32, 54, 25, 107, 81, 80, 92, 160, 71, 9, 46, 83, 68, 115, 116, 13, 51, 90, 12, 59, 0)
s = 70: (0, 144, 54, 137, 25, 141, 37, 47, 31, 95, 85, 68, 29, 19, 59, 91, 73, 70, 159, 95, 8, 73, 126, 69, 211, 58, 14, 58, 72, 11, 134, 0)
s = 71: (0, 149, 98, 170, 50, 88, 26, 59, 34, 165, 104, 45, 29, 34, 56, 93, 64, 73, 154, 82, 9, 42, 78, 73, 79, 84, 19, 61, 91, 18, 95, 0)
s = 72: (0, 139, 87, 181, 45, 93, 39, 54, 35, 70, 60, 71, 37, 24, 47, 63, 67, 78, 115, 84, 10, 51, 69, 80, 147, 117, 18, 47, 126, 11, 98, 0)
s = 73: (0, 154, 54, 138, 31, 100, 22, 63, 46, 58, 69, 72, 40, 14, 45, 63, 53, 74, 162, 67, 11, 91, 124, 125, 108, 114, 11, 42, 85, 13, 108, 0)
s = 74: (0, 73, 73, 111, 37, 120, 46, 46, 32, 88, 76, 74, 47, 21, 49, 52, 65, 102, 190, 47, 11, 75, 144, 72, 111, 79, 13, 62, 168, 16, 121, 0)
s = 75: (0, 117, 90, 131, 58, 105, 47, 42, 33, 146, 84, 57, 41, 16, 63, 115, 52, 63, 260, 125, 7, 37, 84, 119, 152, 69, 13, 36, 103, 10, 59, 0)
s = 76: (0, 147, 73, 110, 30, 110, 39, 47, 30, 58, 106, 98, 26, 16, 84, 173, 79, 75, 231, 144, 10, 46, 110, 106, 100, 130, 10, 44, 104, 8, 137, 0)
s = 77: (0, 173, 59, 117, 38, 110, 39, 42, 24, 83, 88, 47, 39, 28, 75, 107, 74, 86, 170, 133, 9, 58, 180, 129, 189, 61, 16, 88, 134, 15, 95, 0)
s = 78: (0, 129, 75, 195, 57, 106, 34, 39, 24, 93, 57, 59, 27, 20, 52, 134, 60, 84, 134, 56, 6, 72, 81, 70, 130, 74, 16, 31, 91, 10, 103, 0)
s = 79: (0, 171, 68, 78, 50, 125, 21, 76, 28, 188, 96, 74, 76, 16, 56, 132, 88, 65, 106, 59, 11, 37, 107, 68, 153, 78, 15, 36, 106, 15, 89, 0)
s = 80: (0, 113, 90, 227, 51, 142, 19, 36, 37, 183, 86, 59, 26, 20, 61, 80, 61, 83, 213, 63, 6, 54, 61, 80, 221, 82, 12, 62, 97, 13, 67, 0)
s = 81: (0, 123, 93, 97, 71, 90, 32, 57, 43, 67, 67, 56, 25, 33, 93, 90, 84, 148, 160, 83, 7, 42, 101, 122, 146, 62, 16, 42, 114, 11, 108, 0)
s = 82: (0, 177, 101, 91, 46, 105, 28, 74, 38, 57, 66, 53, 31, 25, 55, 55, 57, 109, 237, 75, 11, 38, 65, 71, 104, 77, 21, 61, 86, 11, 98, 0)
s = 83: (0, 114, 53, 94, 33, 139, 22, 46, 35, 122, 106, 94, 36, 20, 96, 75, 97, 80, 181, 131, 7, 66, 84, 127, 157, 142, 13, 60, 97, 13, 84, 0)
s = 84: (0, 110, 116, 81, 41, 87, 36, 58, 34, 94, 77, 96, 31, 23, 52, 122, 50, 46, 154, 74, 8, 54, 80, 64, 166, 74, 21, 81, 83, 9, 133, 0)
s = 85: (0, 84, 122, 76, 36, 96, 22, 63, 34, 118, 68, 45, 44, 22, 105, 83, 89, 79, 142, 120, 8, 56, 158, 88, 153, 84, 17, 38, 166, 14, 164, 0)
s = 86: (0, 157, 119, 199, 31, 80, 19, 51, 22, 68, 80, 54, 28, 22, 52, 129, 60, 80, 307, 111, 10, 55, 115, 71, 113, 84, 14, 50, 103, 10, 123, 0)
s = 87: (0, 170, 68, 89, 58, 141, 33, 59, 21, 89, 93, 76, 36, 32, 93, 56, 90, 56, 162, 83, 8, 55, 122, 85, 118, 49, 21, 82, 105, 19, 91, 0)
s = 88: (0, 114, 96, 222, 47, 162, 41, 60, 27, 93, 47, 67, 24, 22, 58, 120, 57, 76, 125, 76, 10, 73, 74, 58, 150, 50, 28, 69, 108, 19, 157, 0)
s = 89: (0, 152, 66, 105, 58, 79, 36, 67, 32, 100, 50, 36, 27, 19, 121, 50, 67, 98, 206, 49, 7, 62, 80, 67, 112, 115, 12, 43, 85, 10, 146, 0)
s = 90: (0, 152, 62, 137, 31, 147, 26, 51, 36, 81, 68, 52, 39, 20, 100, 60, 75, 60, 119, 103, 9, 43, 117, 119, 144, 119, 18, 60, 132, 11, 66, 0)
s = 91: (0, 124, 113, 96, 41, 157, 29, 51, 26, 92, 64, 41, 40, 23, 79, 72, 47, 79, 136, 69, 5, 47, 82, 187, 122, 130, 21, 69, 172, 8, 150, 0)
s = 92: (0, 109, 89, 203, 26, 160, 37, 53, 44, 72, 110, 68, 58, 21, 65, 74, 73, 82, 204, 42, 13, 32, 91, 76, 121, 75, 24, 52, 182, 16, 71, 0)
s = 93: (0, 147, 76, 136, 50, 150, 33, 61, 35, 81, 62, 52, 32, 18, 52, 117, 78, 51, 231, 144, 6, 56, 112, 73, 113, 89, 23, 50, 149, 8, 82, 0)
s = 94: (0, 163, 90, 94, 31, 85, 20, 38, 23, 111, 118, 50, 23, 26, 101, 84, 68, 69, 164, 66, 7, 56, 127, 98, 184, 51, 14, 53, 75, 17, 71, 0)
s = 95: (0, 166, 60, 118, 41, 80, 28, 38, 24, 58, 149, 52, 38, 31, 92, 60, 109, 53, 185, 126, 8, 55, 90, 94, 91, 108, 13, 42, 67, 9, 101, 0)
s = 96: (0, 147, 41, 130, 30, 90, 16, 85, 45, 101, 105, 52, 43, 12, 54, 65, 77, 86, 152, 109, 7, 35, 70, 101, 126, 115, 13, 74, 172, 10, 99, 0)
s = 97: (0, 139, 73, 134, 39, 110, 29, 29, 57, 151, 85, 66, 25, 16, 53, 84, 82, 99, 211, 69, 7, 45, 75, 94, 96, 96, 27, 51, 139, 9, 81, 0)
s = 98: (0, 149, 50, 176, 27, 103, 20, 58, 46, 75, 68, 36, 39, 18, 64, 73, 81, 110, 274, 47, 11, 41, 69, 70, 122, 123, 12, 60, 127, 10, 122, 0)
s = 99: (0, 85, 78, 136, 51, 149, 16, 49, 32, 140, 117, 64, 35, 19, 93, 62, 61, 65, 164, 58, 11, 78, 86, 91, 120, 102, 21, 57, 119, 13, 98, 0)
s = 100: (0, 168, 49, 153, 48, 93, 41, 54, 18, 92, 98, 45, 47, 18, 113, 81, 62, 69, 209, 51, 8, 42, 70, 52, 183, 82, 23, 80, 81, 12, 132, 0)
s = 101: (0, 143, 85, 89, 23, 76, 25, 80, 33, 104, 99, 39, 46, 29, 69, 82, 73, 66, 174, 80, 10, 55, 78, 71, 176, 71, 16, 36, 155, 20, 125, 0)
s = 102: (0, 102, 76, 76, 54, 74, 23, 99, 29, 102, 125, 46, 31, 33, 73, 86, 80, 128, 149, 66, 13, 66, 72, 75, 214, 49, 14, 43, 65, 8, 75, 0)
s = 103: (0, 200, 55, 241, 27, 150, 38, 91, 19, 116, 70, 50, 48, 28, 67, 66, 50, 70, 187, 61, 11, 36, 95, 97, 152, 99, 9, 46, 128, 9, 128, 0)
s = 104: (0, 115, 56, 131, 48, 132, 25, 83, 52, 91, 71, 44, 41, 23, 64, 51, 64, 42, 265, 129, 8, 61, 128, 56, 114, 94, 10, 30, 120, 18, 112, 0)
s = 105: (0, 147, 52, 163, 21, 91, 34, 76, 18, 82, 121, 36, 31, 13, 61, 67, 51, 73, 148, 55, 8, 67, 67, 111, 217, 74, 11, 52, 123, 8, 151, 0)
s = 106: (0, 115, 48, 138, 50, 90, 23, 38, 20, 130, 55, 70, 34, 19, 84, 82, 84, 100, 131, 79, 6, 42, 144, 169, 122, 66, 20, 46, 151, 12, 96, 0)
s = 107: (0, 206, 59, 191, 36, 124, 28, 42, 37, 101, 92, 84, 28, 20, 105, 64, 126, 81, 107, 72, 6, 41, 97, 144, 98, 117, 13, 42, 213, 10, 99, 0)
s = 108: (0, 96, 80, 133, 39, 117, 22, 36, 33, 114, 51, 53, 35, 18, 62, 71, 44, 123, 164, 66, 7, 28, 114, 95, 166, 68, 16, 48, 117, 7, 122, 0)
s = 109: (0, 170, 66, 71, 24, 140, 19, 59, 29, 88, 67, 69, 72, 21, 78, 114, 62, 70, 232, 74, 9, 64, 59, 73, 82, 96, 10, 51, 181, 7, 73, 0)
s = 110: (0, 157, 95, 165, 33, 121, 37, 42, 28, 66, 89, 61, 61, 35, 88, 104, 58, 64, 152, 78, 7, 36, 99, 89, 133, 77, 9, 63, 75, 12, 71, 0)
s = 111: (0, 96, 61, 121, 30, 147, 27, 48, 45, 109, 66, 56, 41, 21, 67, 93, 47, 78, 100, 109, 11, 49, 120, 67, 152, 69, 23, 37, 100, 9, 103, 0)
s = 112: (0, 105, 98, 189, 35, 77, 16, 38, 24, 89, 55, 32, 38, 21, 101, 68, 60, 64, 216, 94, 6, 47, 84, 121, 123, 106, 16, 73, 143, 17, 85, 0)
s = 113: (0, 84, 49, 123, 48, 144, 21, 58, 24, 55, 89, 76, 51, 26, 112, 87, 56, 73, 146, 83, 9, 38, 110, 98, 122, 88, 10, 44, 138, 13, 104, 0)
s = 114: (0, 149, 60, 139, 27, 81, 20, 47, 39, 132, 66, 78, 29, 22, 76, 77, 92, 66, 123, 96, 5, 30, 130, 139, 179, 66, 14, 39, 85, 8, 126, 0)
s = 115: (0, 145, 79, 133, 25, 213, 26, 62, 33, 122, 116, 83, 44, 15, 68, 63, 71, 89, 198, 97, 12, 65, 84, 100, 146, 84, 12, 37, 117, 18, 108, 0)
s = 116: (0, 105, 92, 132, 38, 171, 45, 64, 28, 84, 104, 55, 31, 22, 77, 99, 39, 109, 162, 71, 10, 51, 77, 129, 180, 68, 15, 61, 136, 10, 88, 0)
s = 117: (0, 126, 74, 193, 32, 151, 37, 35, 33, 158, 53, 38, 52, 29, 134, 54, 55, 85, 180, 81, 6, 37, 158, 61, 122, 99, 16, 59, 105, 15, 96, 0)
s = 118: (0, 73, 77, 169, 43, 200, 18, 58, 20, 95, 54, 91, 50, 29, 81, 84, 72, 94, 184, 82, 8, 107, 60, 121, 113, 101, 15, 44, 88, 9, 122, 0)
s = 119: (0, 130, 79, 150, 36, 94, 35, 31, 37, 75, 90, 46, 37, 19, 81, 114, 51, 99, 141, 111, 11, 43, 89, 85, 114, 135, 22, 38, 136, 11, 125, 0)
s = 120: (0, 155, 92, 97, 50, 97, 20, 46, 23, 84, 62, 88, 53, 22, 74, 59, 66, 56, 96, 74, 9, 72, 87, 97, 158, 98, 21, 79, 119, 10, 63, 0)
s = 121: (0, 130, 77, 129, 74, 187, 47, 36, 23, 79, 99, 61, 35, 15, 82, 87, 81, 90, 139, 84, 8, 49, 78, 72, 153, 97, 17, 52, 147, 16, 91, 0)
s = 122: (0, 108, 65, 78, 24, 186, 17, 53, 25, 61, 118, 42, 39, 23, 56, 149, 64, 44, 194, 61, 6, 34, 83, 86, 110, 67, 18, 60, 163, 11, 96, 0)
s = 123: (0, 199, 68, 124, 51, 94, 33, 40, 44, 102, 64, 38, 44, 24, 77, 109, 64, 47, 173, 62, 9, 42, 61, 119, 145, 80, 16, 56, 98, 17, 117, 0)
s = 124: (0, 142, 58, 78, 22, 101, 25, 36, 31, 73, 94, 44, 30, 14, 61, 62, 110, 110, 187, 102, 9, 61, 85, 58, 129, 114, 17, 57, 104, 14, 65, 0)
s = 125: (0, 135, 110, 197, 41, 79, 34, 59, 47, 142, 75, 63, 31, 26, 84, 74, 86, 107, 297, 53, 9, 47, 66, 74, 87, 91, 12, 69, 113, 12, 78, 0)
s = 126: (0, 149, 63, 79, 29, 203, 21, 75, 34, 142, 99, 50, 25, 23, 52, 59, 82, 97, 227, 91, 11, 45, 96, 93, 91, 91, 17, 62, 68, 16, 106, 0)
s = 127: (0, 118, 116, 150, 28, 134, 45, 31, 33, 120, 93, 69, 54, 18, 55, 81, 90, 108, 204, 50, 10, 43, 72, 81, 148, 90, 10, 65, 122, 18, 106, 0)
s = 128: (0, 106, 88, 235, 24, 111, 18, 69, 33, 117, 61, 74, 38, 21, 107, 130, 108, 83, 173, 73, 11, 57, 115, 114, 202, 105, 10, 43, 138, 12, 61, 0)
s = 129: (0, 95, 119, 203, 29, 163, 25, 48, 36, 121, 56, 118, 49, 33, 79, 88, 106, 71, 170, 116, 7, 79, 134, 124, 117, 67, 13, 59, 190, 15, 97, 0)
s = 130: (0, 115, 40, 117, 38, 171, 40, 53, 29, 84, 61, 75, 47, 15, 74, 128, 59, 101, 136, 72, 10, 80, 75, 61, 177, 50, 12, 51, 130, 13, 86, 0)
s = 131: (0, 92, 78, 166, 40, 115, 35, 65, 34, 114, 109, 38, 28, 32, 90, 64, 61, 48, 225, 89, 8, 73, 140, 99, 171, 77, 23, 64, 157, 9, 93, 0)
s = 132: (0, 96, 72, 119, 38, 121, 23, 44, 31, 77, 107, 102, 28, 21, 83, 109, 43, 55, 217, 83, 14, 72, 87, 127, 125, 93, 19, 43, 154, 11, 78, 0)
s = 133: (0, 98, 70, 143, 39, 80, 25, 59, 25, 108, 76, 74, 46, 26, 91, 109, 46, 92, 128, 67, 9, 36, 123, 73, 74, 67, 17, 75, 149, 15, 101, 0)
s = 134: (0, 154, 57, 88, 37, 181, 22, 51, 25, 83, 63, 41, 36, 19, 73, 101, 42, 147, 229, 82, 9, 51, 70, 86, 108, 91, 17, 71, 73, 14, 102, 0)
s = 135: (0, 84, 71, 174, 56, 105, 45, 52, 30, 94, 96, 56, 31, 19, 120, 168, 62, 75, 287, 61, 8, 29, 49, 107, 81, 74, 16, 42, 94, 11, 101, 0)
s = 136: (0, 170, 70, 99, 28, 134, 17, 37, 38, 72, 57, 69, 37, 16, 110, 141, 91, 45, 194, 68, 9, 68, 69, 90, 104, 72, 12, 49, 141, 12, 151, 0)
s = 137: (0, 133, 67, 194, 68, 75, 18, 32, 28, 100, 100, 94, 58, 14, 51, 120, 77, 72, 206, 100, 11, 56, 117, 57, 109, 71, 12, 89, 68, 11, 90, 0)
s = 138: (0, 106, 125, 208, 49, 138, 27, 31, 45, 94, 61, 78, 29, 28, 66, 61, 63, 93, 226, 85, 6, 64, 167, 126, 128, 136, 15, 52, 110, 9, 97, 0)
s = 139: (0, 78, 56, 192, 30, 91, 31, 51, 45, 130, 80, 38, 34, 20, 115, 101, 53, 87, 232, 94, 9, 58, 110, 71, 231, 118, 16, 37, 196, 11, 80, 0)
s = 140: (0, 163, 66, 86, 30, 143, 35, 50, 26, 88, 60, 33, 55, 17, 54, 68, 109, 91, 241, 58, 11, 57, 99, 62, 95, 58, 16, 70, 149, 23, 122, 0)
s = 141: (0, 159, 72, 174, 46, 106, 30, 41, 48, 88, 80, 62, 45, 20, 62, 153, 65, 55, 120, 96, 10, 45, 84, 108, 116, 134, 11, 78, 94, 7, 126, 0)
s = 142: (0, 160, 44, 107, 26, 132, 29, 78, 43, 112, 98, 82, 37, 20, 67, 103, 70, 49, 193, 88, 8, 61, 83, 106, 105, 151, 18, 54, 129, 12, 78, 0)
s = 143: (0, 101, 75, 176, 30, 95, 21, 77, 37, 113, 78, 85, 23, 18, 53, 82, 58, 81, 171, 69, 7, 48, 157, 106, 97, 119, 14, 65, 77, 18, 101, 0)
s = 144: (0, 172, 85, 105, 55, 144, 17, 59, 35, 88, 92, 34, 37, 23, 93, 143, 57, 55, 139, 101, 8, 67, 75, 58, 109, 77, 16, 44, 75, 11, 121, 0)
s = 145: (0, 92, 53, 122, 24, 140, 20, 41, 21, 78, 90, 38, 25, 16, 77, 111, 80, 100, 244, 57, 13, 50, 89, 120, 149, 67, 20, 60, 99, 10, 74, 0)
s = 146: (0, 109, 59, 151, 31, 117, 29, 51, 36, 63, 118, 67, 44, 23, 99, 65, 53, 72, 215, 63, 8, 54, 67, 111, 125, 121, 11, 61, 130, 10, 83, 0)
s = 147: (0, 84, 86, 155, 39, 109, 36, 36, 32, 62, 58, 100, 28, 22, 74, 50, 121, 76, 130, 92, 10, 45, 89, 80, 116, 93, 14, 59, 122, 8, 109, 0)
s = 148: (0, 183, 117, 104, 31, 139, 18, 79, 25, 114, 51, 82, 56, 26, 111, 108, 70, 56, 169, 72, 7, 43, 159, 57, 140, 86, 11, 53, 140, 9, 109, 0)
s = 149: (0, 104, 74, 99, 36, 191, 40, 70, 27, 117, 112, 71, 29, 24, 68, 101, 59, 99, 125, 71, 10, 57, 94, 116, 169, 84, 13, 68, 125, 10, 73, 0)
s = 150: (0, 185, 111, 91, 32, 104, 40, 64, 28, 77, 75, 84, 25, 21, 69, 120, 78, 87, 233, 90, 9, 37, 78, 121, 130, 69, 17, 55, 169, 12, 85, 0)
s = 151: (0, 116, 77, 81, 42, 114, 23, 48, 32, 77, 84, 71, 43, 23, 62, 78, 48, 89, 133, 108, 8, 70, 58, 122, 202, 75, 18, 56, 126, 10, 83, 0)
s = 152: (0, 93, 107, 143, 43, 130, 30, 32, 25, 76, 79, 88, 28, 18, 80, 70, 111, 88, 184, 67, 9, 86, 73, 126, 191, 93, 22, 52, 105, 13, 91, 0)
s = 153: (0, 106, 101, 147, 44, 101, 20, 70, 26, 144, 66, 73, 47, 17, 85, 105, 98, 95, 171, 56, 8, 42, 117, 109, 175, 73, 13, 47, 182, 12, 68, 0)
s = 154: (0, 76, 58, 132, 30, 119, 28, 73, 37, 83, 51, 96, 36, 13, 55, 83, 64, 104, 169, 62, 9, 30, 76, 110, 73, 153, 15, 45, 164, 12, 56, 0)
s = 155: (0, 131, 55, 116, 60, 118, 19, 84, 33, 115, 68, 55, 45, 32, 80, 88, 79, 67, 228, 71, 6, 50, 118, 89, 87, 57, 15, 43, 92, 12, 79, 0)
s = 156: (0, 150, 76, 97, 41, 113, 22, 48, 37, 132, 78, 54, 29, 22, 101, 96, 77, 55, 103, 45, 6, 36, 97, 128, 164, 58, 11, 44, 98, 16, 97, 0)
s = 157: (0, 155, 65, 94, 30, 107, 22, 80, 33, 71, 124, 77, 61, 21, 49, 94, 70, 102, 133, 84, 9, 52, 74, 67, 94, 79, 14, 68, 99, 12, 119, 0)
s = 158: (0, 153, 108, 120, 24, 76, 33, 35, 49, 77, 75, 60, 36, 21, 51, 118, 55, 80, 129, 77, 5, 53, 124, 63, 71, 117, 17, 55, 106, 11, 84, 0)
s = 159: (0, 182, 107, 138, 38, 127, 22, 53, 30, 130, 82, 89, 36, 31, 105, 93, 43, 98, 150, 69, 11, 64, 100, 56, 127, 138, 25, 36, 170, 13, 130, 0)
s = 160: (0, 155, 75, 123, 46, 93, 21, 72, 38, 149, 67, 38, 62, 17, 70, 68, 51, 74, 140, 75, 6, 66, 114, 120, 85, 113, 11, 80, 257, 17, 97, 0)
s = 161: (0, 113, 65, 95, 55, 107, 23, 48, 39, 106, 114, 89, 40, 16, 81, 102, 48, 79, 172, 89, 12, 84, 111, 107, 151, 52, 14, 45, 76, 10, 103, 0)
s = 162: (0, 93, 52, 84, 60, 138, 26, 40, 18, 76, 86, 39, 24, 21, 52, 74, 59, 61, 122, 61, 9, 36, 99, 77, 87, 97, 16, 35, 148, 13, 60, 0)
s = 163: (0, 93, 66, 105, 24, 91, 29, 39, 60, 101, 96, 85, 25, 20, 100, 169, 59, 94, 217, 86, 7, 75, 112, 118, 105, 86, 13, 54, 81, 14, 69, 0)
s = 164: (0, 153, 69, 148, 27, 124, 24, 54, 32, 56, 80, 76, 39, 17, 78, 106, 82, 82, 156, 129, 10, 56, 79, 116, 147, 94, 11, 59, 110, 9, 71, 0)
s = 165: (0, 142, 52, 214, 42, 87, 31, 92, 45, 96, 87, 67, 54, 33, 91, 113, 42, 85, 135, 88, 8, 78, 47, 86, 114, 79, 17, 33, 137, 20, 72, 0)
s = 166: (0, 181, 48, 126, 33, 187, 29, 51, 29, 170, 54, 69, 27, 39, 56, 57, 52, 90, 171, 55, 8, 74, 54, 80, 203, 134, 24, 49, 76, 17, 55, 0)
s = 167: (0, 155, 65, 83, 32, 135, 32, 45, 22, 111, 73, 84, 29, 30, 53, 84, 48, 64, 293, 124, 8, 74, 86, 79, 148, 63, 21, 76, 128, 17, 119, 0)
s = 168: (0, 129, 81, 95, 39, 164, 25, 40, 28, 64, 56, 50, 40, 34, 98, 78, 112, 98, 274, 61, 9, 77, 70, 105, 130, 78, 17, 60, 134, 18, 97, 0)
s = 169: (0, 97, 103, 215, 35, 175, 36, 57, 44, 65, 137, 102, 36, 25, 96, 69, 58, 59, 96, 92, 11, 56, 65, 101, 109, 127, 11, 55, 140, 9, 146, 0)
s = 170: (0, 83, 72, 172, 23, 237, 21, 41, 34, 74, 55, 73, 60, 22, 98, 63, 70, 90, 126, 94, 5, 64, 66, 107, 142, 106, 11, 50, 74, 15, 85, 0)
s = 171: (0, 175, 61, 106, 29, 132, 45, 46, 48, 84, 65, 56, 38, 33, 74, 71, 70, 114, 191, 51, 5, 52, 137, 70, 106, 122, 10, 54, 125, 14, 99, 0)
s = 172: (0, 132, 78, 101, 34, 166, 21, 46, 20, 101, 98, 61, 41, 18, 88, 93, 59, 46, 164, 47, 6, 50, 89, 77, 179, 102, 21, 57, 102, 7, 175, 0)
s = 173: (0, 167, 67, 76, 30, 116, 40, 61, 24, 95, 53, 43, 52, 21, 108, 124, 64, 94, 166, 95, 8, 89, 119, 96, 217, 83, 17, 91, 121, 10, 58, 0)
s = 174: (0, 207, 53, 119, 61, 153, 35, 55, 26, 89, 56, 48, 37, 26, 74, 113, 108, 105, 189, 87, 10, 90, 83, 95, 107, 113, 11, 43, 153, 16, 80, 0)
s = 175: (0, 136, 68, 131, 35, 66, 20, 60, 31, 131, 69, 43, 61, 14, 51, 115, 77, 128, 238, 56, 10, 65, 80, 86, 175, 80, 11, 62, 103, 8, 146, 0)
s = 176: (0, 173, 74, 187, 41, 92, 30, 47, 42, 116, 50, 62, 29, 23, 75, 98, 78, 87, 114, 89, 9, 42, 114, 83, 132, 86, 16, 52, 111, 15, 107, 0)
s = 177: (0, 182, 64, 96, 37, 153, 21, 35, 51, 81, 46, 48, 50, 15, 45, 66, 96, 55, 184, 65, 10, 45, 57, 89, 140, 111, 18, 35, 87, 15, 62, 0)
s = 178: (0, 129, 51, 178, 42, 168, 19, 74, 45, 82, 56, 70, 67, 29, 67, 53, 48, 89, 113, 45, 12, 62, 66, 79, 188, 57, 15, 37, 136, 15, 145, 0)
s = 179: (0, 136, 88, 182, 37, 133, 23, 39, 42, 133, 100, 66, 53, 25, 63, 109, 64, 111, 259, 53, 8, 69, 106, 98, 120, 58, 17, 65, 124, 12, 109, 0)
s = 180: (0, 70, 89, 121, 28, 96, 39, 68, 35, 124, 77, 100, 30, 19, 67, 69, 52, 120, 113, 116, 7, 45, 142, 89, 86, 98, 12, 57, 141, 15, 77, 0)
s = 181: (0, 105, 75, 117, 31, 229, 18, 56, 48, 100, 102, 47, 42, 24, 78, 91, 100, 114, 143, 51, 7, 51, 118, 130, 124, 108, 12, 64, 134, 17, 74, 0)
s = 182: (0, 163, 80, 124, 33, 90, 25, 64, 43, 66, 84, 70, 33, 27, 53, 82, 116, 54, 151, 59, 8, 59, 131, 58, 126, 98, 12, 39, 141, 13, 131, 0)
s = 183: (0, 75, 65, 216, 50, 97, 32, 58, 41, 172, 77, 97, 34, 25, 68, 76, 89, 113, 315, 59, 8, 45, 123, 58, 171, 84, 24, 56, 130, 14, 73, 0)
s = 184: (0, 178, 66, 122, 46, 81, 23, 34, 24, 58, 71, 75, 42, 25, 62, 115, 91, 73, 152, 79, 8, 74, 138, 104, 130, 91, 12, 64, 130, 10, 83, 0)
s = 185: (0, 119, 43, 196, 45, 137, 36, 49, 50, 133, 65, 66, 53, 17, 91, 108, 93, 77, 224, 60, 10, 37, 94, 120, 110, 62, 18, 37, 105, 13, 53, 0)
s = 186: (0, 111, 51, 128, 62, 152, 39, 68, 33, 62, 72, 61, 59, 24, 47, 89, 47, 108, 190, 84, 8, 29, 68, 88, 181, 82, 18, 63, 124, 9, 62, 0)
s = 187: (0, 158, 81, 155, 45, 97, 19, 41, 66, 92, 75, 72, 39, 15, 85, 72, 41, 68, 210, 96, 10, 57, 63, 102, 111, 63, 18, 36, 98, 15, 117, 0)
s = 188: (0, 153, 43, 143, 28, 146, 26, 68, 28, 90, 88, 67, 30, 37, 121, 126, 120, 79, 225, 94, 10, 74, 91, 78, 109, 72, 26, 36, 146, 13, 101, 0)
s = 189: (0, 76, 74, 86, 41, 149, 20, 63, 39, 101, 72, 96, 43, 27, 48, 169, 66, 55, 192, 52, 7, 49, 93, 60, 184, 93, 12, 71, 87, 12, 60, 0)
s = 190: (0, 183, 70, 90, 30, 66, 35, 46, 47, 130, 108, 63, 49, 21, 83, 116, 89, 124, 215, 138, 11, 53, 64, 110, 175, 74, 10, 47, 85, 15, 96, 0)
s = 191: (0, 106, 60, 92, 34, 89, 36, 48, 32, 104, 53, 55, 47, 16, 58, 75, 97, 115, 126, 54, 7, 87, 87, 74, 146, 126, 11, 45, 182, 13, 102, 0)
s = 192: (0, 132, 103, 84, 43, 155, 32, 43, 30, 116, 49, 100, 34, 29, 42, 68, 78, 139, 154, 98, 9, 38, 117, 76, 144, 114, 9, 73, 156, 10, 107, 0)
s = 193: (0, 83, 54, 151, 32, 116, 18, 39, 27, 111, 69, 65, 59, 19, 52, 134, 69, 52, 153, 76, 10, 74, 70, 98, 108, 52, 17, 47, 113, 10, 79, 0)
s = 194: (0, 141, 66, 135, 39, 144, 25, 47, 40, 76, 70, 54, 55, 32, 46, 65, 62, 107, 142, 88, 7, 31, 153, 129, 113, 61, 10, 31, 171, 14, 76, 0)
s = 195: (0, 100, 49, 159, 66, 105, 27, 66, 21, 139, 53, 83, 37, 17, 64, 66, 70, 67, 140, 111, 11, 60, 128, 137, 103, 100, 12, 47, 128, 16, 84, 0)
s = 196: (0, 78, 83, 166, 43, 73, 20, 43, 38, 110, 111, 70, 59, 31, 55, 92, 79, 105, 263, 53, 10, 42, 65, 82, 82, 134, 13, 72, 130, 10, 108, 0)
s = 197: (0, 118, 136, 141, 26, 87, 24, 76, 22, 86, 71, 64, 47, 29, 72, 80, 66, 87, 158, 99, 9, 30, 121, 84, 149, 143, 13, 52, 104, 12, 74, 0)
s = 198: (0, 92, 69, 104, 48, 157, 36, 32, 37, 95, 77, 62, 41, 37, 107, 77, 55, 123, 285, 47, 10, 30, 108, 108, 123, 75, 12, 55, 98, 15, 82, 0)
s = 199: (0, 170, 58, 191, 65, 130, 31, 59, 29, 82, 47, 54, 38, 19, 83, 106, 71, 72, 281, 50, 9, 70, 95, 93, 110, 111, 10, 42, 108, 7, 72, 0)
s = 200: (0, 187, 100, 138, 33, 101, 22, 88, 33, 104, 69, 106, 50, 25, 106, 62, 100, 91, 236, 65, 6, 39, 128, 93, 115, 121, 9, 51, 83, 13, 102, 0)
------------------------------------------------------------------------
RESOURCE k = 2
s = 1: (0, 115, 24, 14, 18, 20, 14, 7, 4, 61, 38, 77, 23, 19, 41, 77, 27, 35, 106, 15, 9, 15, 39, 60, 20, 113, 46, 82, 33, 10, 54, 0)
s = 2: (0, 124, 35, 17, 29, 26, 21, 6, 5, 67, 20, 49, 18, 11, 58, 91, 24, 51, 91, 15, 8, 17, 61, 49, 21, 84, 26, 107, 29, 17, 77, 0)
s = 3: (0, 76, 22, 38, 32, 21, 20, 9, 6, 118, 22, 72, 20, 15, 40, 36, 41, 47, 71, 18, 10, 20, 72, 72, 15, 113, 40, 83, 23, 12, 91, 0)
s = 4: (0, 87, 25, 24, 21, 13, 17, 6, 4, 110, 31, 83, 13, 23, 72, 50, 32, 58, 54, 16, 11, 15, 51, 32, 12, 76, 35, 84, 25, 10, 69, 0)
s = 5: (0, 52, 25, 17, 20, 12, 23, 7, 4, 78, 19, 63, 10, 15, 46, 47, 30, 78, 60, 13, 9, 24, 58, 40, 11, 85, 36, 49, 40, 10, 47, 0)
s = 6: (0, 81, 31, 31, 21, 12, 29, 10, 4, 96, 41, 42, 12, 18, 58, 32, 34, 30, 37, 21, 9, 24, 68, 37, 12, 57, 34, 54, 26, 18, 51, 0)
s = 7: (0, 66, 23, 23, 27, 12, 17, 7, 4, 83, 29, 65, 18, 15, 70, 46, 40, 61, 68, 22, 9, 26, 34, 38, 9, 79, 48, 71, 29, 6, 63, 0)
s = 8: (0, 59, 26, 35, 28, 23, 19, 5, 7, 104, 25, 82, 11, 30, 60, 32, 44, 54, 88, 19, 9, 21, 42, 51, 16, 74, 33, 47, 27, 8, 51, 0)
s = 9: (0, 88, 25, 32, 27, 20, 19, 10, 5, 67, 20, 97, 12, 14, 44, 53, 23, 53, 53, 14, 6, 17, 48, 37, 11, 79, 34, 62, 26, 12, 36, 0)
s = 10: (0, 135, 30, 27, 33, 33, 25, 6, 3, 55, 28, 87, 11, 24, 35, 66, 26, 36, 52, 27, 8, 25, 48, 46, 18, 72, 43, 109, 31, 9, 66, 0)
s = 11: (0, 64, 40, 19, 26, 12, 19, 6, 4, 141, 19, 92, 10, 21, 68, 37, 40, 62, 64, 18, 10, 20, 54, 40, 16, 88, 36, 44, 36, 10, 49, 0)
s = 12: (0, 75, 28, 15, 38, 14, 11, 10, 4, 85, 35, 62, 17, 13, 60, 54, 47, 39, 46, 14, 6, 21, 77, 33, 22, 97, 22, 64, 29, 14, 108, 0)
s = 13: (0, 78, 31, 33, 21, 18, 22, 10, 7, 85, 31, 72, 21, 28, 38, 60, 28, 62, 59, 15, 7, 19, 50, 45, 17, 67, 34, 55, 46, 9, 85, 0)
s = 14: (0, 73, 28, 20, 33, 20, 22, 8, 4, 53, 48, 51, 18, 15, 29, 78, 32, 79, 68, 16, 6, 17, 79, 35, 12, 69, 29, 90, 28, 12, 68, 0)
s = 15: (0, 82, 46, 15, 36, 12, 18, 11, 7, 82, 20, 82, 24, 21, 46, 76, 47, 37, 42, 18, 7, 26, 52, 32, 17, 68, 32, 70, 20, 10, 58, 0)
s = 16: (0, 68, 26, 22, 16, 14, 16, 9, 5, 65, 32, 38, 8, 23, 31, 45, 21, 33, 79, 13, 7, 22, 59, 34, 21, 94, 22, 92, 32, 7, 40, 0)
s = 17: (0, 79, 41, 22, 30, 16, 25, 8, 6, 52, 30, 91, 21, 15, 51, 50, 24, 60, 44, 20, 11, 14, 38, 59, 13, 75, 21, 72, 28, 12, 76, 0)
s = 18: (0, 52, 30, 28, 23, 26, 12, 9, 3, 62, 24, 43, 21, 26, 60, 43, 33, 31, 38, 13, 6, 16, 31, 60, 16, 86, 20, 56, 15, 9, 62, 0)
s = 19: (0, 64, 18, 14, 21, 34, 29, 9, 3, 60, 19, 76, 22, 23, 28, 55, 25, 44, 46, 12, 5, 11, 67, 41, 20, 66, 27, 96, 22, 10, 61, 0)
s = 20: (0, 108, 28, 36, 18, 18, 19, 10, 4, 59, 18, 64, 18, 13, 68, 56, 43, 55, 63, 20, 5, 14, 65, 42, 29, 127, 23, 47, 23, 12, 59, 0)
s = 21: (0, 56, 39, 32, 31, 19, 28, 12, 4, 74, 27, 51, 8, 26, 52, 38, 47, 43, 65, 26, 6, 26, 43, 32, 9, 73, 29, 85, 26, 17, 62, 0)
s = 22: (0, 46, 30, 26, 46, 27, 17, 7, 3, 80, 38, 47, 21, 23, 51, 47, 32, 51, 94, 17, 9, 30, 56, 77, 24, 72, 20, 54, 24, 11, 67, 0)
s = 23: (0, 59, 29, 16, 20, 25, 16, 10, 5, 80, 23, 73, 18, 30, 72, 43, 42, 44, 59, 14, 11, 14, 89, 32, 10, 63, 32, 90, 40, 17, 53, 0)
s = 24: (0, 82, 18, 20, 29, 22, 27, 5, 4, 107, 33, 77, 24, 12, 73, 63, 29, 53, 66, 16, 7, 23, 49, 43, 22, 75, 22, 69, 35, 10, 58, 0)
s = 25: (0, 77, 36, 16, 33, 23, 15, 5, 5, 59, 26, 66, 18, 20, 83, 51, 32, 66, 81, 15, 6, 27, 61, 43, 14, 51, 29, 58, 40, 7, 57, 0)
s = 26: (0, 103, 25, 27, 31, 19, 27, 8, 5, 66, 18, 45, 17, 14, 51, 38, 36, 53, 69, 14, 7, 17, 89, 56, 27, 101, 38, 101, 26, 11, 49, 0)
s = 27: (0, 65, 26, 23, 25, 18, 23, 10, 3, 100, 16, 69, 12, 32, 43, 65, 32, 49, 71, 25, 8, 25, 41, 36, 12, 78, 37, 86, 35, 12, 58, 0)
s = 28: (0, 61, 39, 24, 19, 24, 28, 8, 4, 78, 25, 59, 20, 17, 56, 58, 42, 76, 75, 19, 10, 20, 38, 42, 13, 100, 38, 55, 45, 11, 95, 0)
s = 29: (0, 63, 28, 20, 25, 15, 14, 10, 5, 71, 21, 61, 19, 24, 55, 77, 39, 59, 34, 25, 5, 19, 75, 55, 16, 73, 26, 55, 19, 15, 35, 0)
s = 30: (0, 106, 26, 21, 35, 28, 18, 6, 3, 55, 16, 86, 18, 24, 49, 56, 64, 37, 53, 14, 9, 21, 72, 58, 18, 120, 33, 47, 17, 10, 70, 0)
s = 31: (0, 64, 25, 16, 40, 20, 20, 8, 4, 151, 41, 76, 24, 27, 46, 33, 30, 45, 41, 15, 9, 25, 39, 73, 9, 65, 30, 45, 23, 7, 54, 0)
s = 32: (0, 96, 41, 38, 33, 13, 13, 15, 7, 121, 25, 56, 23, 22, 43, 82, 47, 40, 50, 13, 8, 16, 78, 56, 22, 66, 30, 79, 27, 7, 71, 0)
s = 33: (0, 84, 40, 38, 27, 30, 15, 10, 4, 81, 23, 58, 17, 17, 59, 60, 67, 42, 63, 24, 8, 21, 42, 42, 13, 56, 30, 54, 25, 17, 44, 0)
s = 34: (0, 70, 28, 27, 25, 22, 21, 7, 4, 52, 34, 75, 11, 20, 56, 52, 61, 54, 87, 13, 7, 17, 58, 44, 26, 136, 39, 73, 35, 6, 68, 0)
s = 35: (0, 94, 21, 13, 28, 20, 16, 9, 5, 71, 18, 82, 12, 41, 38, 41, 24, 34, 72, 15, 7, 20, 85, 37, 13, 90, 47, 63, 37, 6, 71, 0)
s = 36: (0, 49, 21, 25, 46, 25, 19, 11, 4, 96, 16, 71, 18, 29, 51, 88, 38, 63, 57, 16, 11, 24, 75, 35, 10, 96, 25, 47, 30, 13, 84, 0)
s = 37: (0, 73, 30, 46, 36, 21, 21, 7, 3, 90, 19, 50, 21, 18, 83, 45, 50, 57, 64, 18, 14, 15, 36, 58, 14, 83, 22, 52, 45, 14, 63, 0)
s = 38: (0, 135, 24, 17, 29, 16, 18, 5, 4, 50, 26, 62, 13, 14, 35, 62, 52, 63, 69, 13, 10, 30, 62, 44, 19, 56, 19, 79, 17, 7, 46, 0)
s = 39: (0, 98, 23, 15, 18, 12, 16, 6, 5, 46, 22, 54, 15, 21, 70, 33, 29, 39, 77, 28, 7, 18, 59, 85, 15, 76, 23, 113, 31, 10, 75, 0)
s = 40: (0, 69, 32, 39, 36, 20, 19, 8, 4, 64, 36, 70, 18, 24, 28, 61, 40, 51, 74, 26, 7, 35, 39, 48, 14, 110, 40, 59, 28, 12, 45, 0)
s = 41: (0, 68, 55, 31, 28, 14, 21, 10, 3, 58, 17, 74, 12, 15, 55, 55, 40, 28, 60, 24, 9, 17, 38, 51, 16, 93, 21, 94, 32, 9, 61, 0)
s = 42: (0, 87, 30, 24, 25, 15, 23, 7, 5, 99, 31, 55, 12, 26, 42, 43, 21, 37, 87, 29, 5, 28, 43, 31, 18, 67, 36, 77, 24, 11, 53, 0)
s = 43: (0, 92, 42, 23, 18, 19, 16, 7, 4, 93, 33, 74, 15, 14, 71, 93, 34, 34, 34, 19, 9, 21, 48, 57, 28, 70, 33, 65, 19, 13, 79, 0)
s = 44: (0, 63, 44, 25, 32, 11, 13, 6, 3, 77, 31, 55, 14, 21, 64, 41, 26, 51, 51, 15, 12, 13, 52, 52, 15, 54, 19, 58, 34, 9, 76, 0)
s = 45: (0, 86, 40, 16, 38, 18, 27, 11, 4, 60, 28, 75, 11, 16, 42, 65, 42, 49, 77, 15, 10, 14, 39, 49, 15, 81, 23, 70, 29, 8, 45, 0)
s = 46: (0, 57, 36, 21, 28, 23, 18, 8, 3, 51, 26, 65, 14, 12, 31, 49, 27, 39, 51, 22, 11, 25, 61, 47, 11, 79, 27, 81, 26, 13, 64, 0)
s = 47: (0, 82, 37, 20, 32, 13, 17, 8, 6, 86, 33, 56, 19, 20, 34, 56, 31, 41, 42, 14, 7, 17, 53, 52, 13, 122, 19, 55, 20, 13, 54, 0)
s = 48: (0, 59, 19, 31, 19, 18, 25, 8, 5, 45, 32, 42, 12, 11, 65, 47, 23, 55, 56, 22, 9, 24, 75, 88, 13, 123, 37, 112, 22, 7, 50, 0)
s = 49: (0, 70, 27, 38, 21, 12, 13, 5, 3, 76, 29, 90, 20, 19, 38, 39, 64, 58, 35, 32, 5, 26, 77, 46, 18, 87, 29, 59, 24, 9, 51, 0)
s = 50: (0, 62, 30, 20, 33, 16, 24, 7, 4, 46, 36, 41, 18, 14, 48, 90, 39, 63, 61, 17, 8, 18, 41, 45, 19, 111, 46, 54, 20, 14, 68, 0)
s = 51: (0, 70, 23, 33, 16, 13, 21, 8, 6, 87, 18, 64, 17, 22, 79, 52, 26, 44, 80, 12, 8, 12, 91, 51, 15, 97, 24, 61, 30, 12, 67, 0)
s = 52: (0, 68, 46, 27, 22, 23, 27, 7, 6, 97, 21, 45, 20, 23, 59, 74, 54, 47, 80, 29, 8, 16, 53, 31, 12, 80, 44, 91, 47, 13, 55, 0)
s = 53: (0, 75, 39, 32, 30, 11, 19, 7, 5, 53, 27, 75, 24, 17, 48, 77, 24, 53, 79, 11, 5, 22, 78, 51, 16, 106, 29, 83, 23, 7, 79, 0)
s = 54: (0, 54, 51, 19, 19, 28, 14, 6, 3, 74, 28, 59, 23, 28, 55, 38, 31, 51, 74, 29, 10, 24, 79, 38, 10, 124, 17, 46, 34, 8, 54, 0)
s = 55: (0, 102, 50, 31, 28, 17, 16, 8, 5, 94, 21, 80, 13, 20, 55, 81, 29, 45, 60, 13, 6, 16, 58, 37, 18, 94, 28, 76, 28, 13, 81, 0)
s = 56: (0, 60, 23, 24, 24, 22, 19, 10, 4, 77, 23, 76, 11, 15, 69, 55, 21, 48, 48, 16, 10, 14, 39, 27, 15, 64, 47, 63, 20, 9, 47, 0)
s = 57: (0, 88, 30, 28, 21, 14, 11, 9, 6, 106, 31, 50, 12, 25, 60, 73, 50, 41, 75, 19, 9, 20, 81, 37, 17, 157, 26, 99, 23, 14, 39, 0)
s = 58: (0, 86, 37, 39, 41, 12, 23, 9, 3, 97, 28, 65, 18, 24, 76, 51, 33, 52, 77, 17, 6, 12, 90, 59, 18, 129, 40, 63, 43, 14, 49, 0)
s = 59: (0, 71, 26, 40, 37, 13, 19, 5, 3, 63, 30, 50, 10, 37, 51, 60, 52, 37, 85, 19, 7, 20, 75, 67, 14, 102, 29, 68, 23, 10, 32, 0)
s = 60: (0, 64, 34, 20, 23, 16, 17, 7, 3, 69, 37, 53, 17, 13, 74, 60, 60, 66, 76, 10, 6, 14, 54, 64, 24, 89, 28, 118, 16, 7, 45, 0)
s = 61: (0, 64, 29, 22, 28, 12, 11, 8, 6, 108, 40, 54, 10, 11, 55, 70, 34, 31, 45, 16, 6, 32, 51, 47, 21, 70, 19, 84, 22, 9, 61, 0)
s = 62: (0, 113, 24, 37, 32, 20, 13, 14, 3, 57, 25, 54, 15, 20, 68, 56, 38, 30, 57, 15, 5, 19, 68, 66, 19, 139, 37, 81, 18, 6, 76, 0)
s = 63: (0, 59, 29, 29, 37, 15, 21, 12, 7, 53, 26, 86, 12, 19, 41, 47, 36, 35, 64, 23, 6, 29, 79, 56, 18, 113, 37, 66, 24, 10, 45, 0)
s = 64: (0, 58, 40, 25, 19, 16, 25, 5, 3, 93, 19, 56, 20, 20, 52, 65, 57, 57, 51, 20, 5, 20, 80, 51, 15, 99, 29, 65, 40, 7, 108, 0)
s = 65: (0, 68, 33, 19, 31, 17, 19, 10, 4, 109, 29, 42, 18, 20, 40, 46, 27, 42, 97, 18, 12, 15, 51, 53, 17, 49, 24, 76, 24, 8, 67, 0)
s = 66: (0, 60, 25, 18, 20, 18, 26, 8, 5, 68, 26, 50, 9, 24, 38, 54, 26, 63, 56, 12, 6, 19, 69, 33, 13, 106, 34, 77, 25, 8, 40, 0)
s = 67: (0, 87, 32, 33, 17, 32, 15, 7, 5, 81, 38, 46, 12, 26, 58, 64, 21, 52, 64, 16, 12, 19, 40, 35, 24, 88, 27, 64, 24, 12, 41, 0)
s = 68: (0, 112, 19, 20, 19, 18, 25, 10, 5, 71, 26, 63, 16, 22, 42, 41, 29, 60, 58, 12, 8, 22, 43, 41, 17, 124, 23, 66, 32, 11, 51, 0)
s = 69: (0, 100, 19, 26, 36, 21, 15, 14, 4, 119, 27, 32, 21, 23, 67, 52, 40, 58, 54, 16, 8, 17, 51, 34, 14, 116, 25, 64, 20, 10, 37, 0)
s = 70: (0, 86, 22, 25, 17, 21, 27, 8, 4, 78, 29, 68, 11, 17, 37, 58, 37, 44, 53, 21, 7, 27, 78, 35, 25, 58, 28, 73, 16, 9, 84, 0)
s = 71: (0, 89, 39, 30, 35, 13, 19, 10, 5, 135, 35, 45, 11, 31, 35, 59, 32, 46, 52, 19, 8, 16, 48, 37, 10, 84, 38, 76, 21, 15, 59, 0)
s = 72: (0, 84, 35, 32, 31, 14, 28, 9, 5, 58, 20, 71, 14, 22, 30, 40, 34, 49, 39, 19, 9, 19, 43, 40, 18, 117, 35, 58, 28, 9, 61, 0)
s = 73: (0, 92, 22, 25, 22, 15, 16, 10, 6, 48, 23, 72, 15, 12, 29, 40, 27, 47, 54, 15, 10, 34, 77, 63, 13, 114, 22, 53, 19, 11, 67, 0)
s = 74: (0, 44, 30, 20, 25, 18, 33, 7, 4, 72, 26, 74, 18, 19, 31, 33, 33, 64, 64, 11, 10, 27, 89, 36, 13, 79, 26, 78, 38, 14, 76, 0)
s = 75: (0, 70, 36, 23, 40, 15, 34, 7, 5, 119, 28, 57, 16, 15, 39, 73, 26, 39, 87, 28, 6, 14, 52, 60, 18, 69, 26, 44, 23, 9, 37, 0)
s = 76: (0, 88, 30, 20, 21, 16, 28, 8, 4, 48, 36, 98, 10, 15, 53, 110, 40, 47, 77, 32, 9, 17, 68, 53, 12, 130, 20, 54, 23, 7, 86, 0)
s = 77: (0, 104, 24, 21, 27, 16, 28, 7, 3, 68, 30, 47, 15, 25, 47, 68, 37, 54, 57, 30, 8, 22, 111, 65, 23, 61, 31, 110, 30, 12, 60, 0)
s = 78: (0, 78, 30, 35, 40, 16, 24, 6, 3, 76, 19, 59, 10, 18, 33, 85, 30, 53, 45, 13, 5, 26, 50, 35, 16, 74, 31, 39, 21, 9, 65, 0)
s = 79: (0, 103, 27, 14, 35, 18, 15, 12, 4, 154, 32, 74, 29, 15, 35, 84, 44, 41, 36, 13, 10, 14, 66, 34, 18, 78, 29, 45, 24, 13, 56, 0)
s = 80: (0, 68, 36, 41, 35, 21, 14, 6, 5, 150, 29, 59, 10, 18, 38, 51, 31, 52, 71, 14, 6, 20, 38, 40, 26, 82, 24, 78, 22, 11, 42, 0)
s = 81: (0, 74, 37, 18, 49, 13, 23, 9, 6, 55, 23, 56, 10, 30, 58, 57, 42, 93, 54, 19, 6, 16, 62, 61, 18, 62, 32, 52, 26, 9, 67, 0)
s = 82: (0, 106, 41, 16, 32, 15, 20, 12, 5, 46, 22, 53, 12, 22, 35, 35, 29, 68, 79, 17, 10, 14, 40, 36, 13, 77, 42, 76, 20, 9, 61, 0)
s = 83: (0, 69, 22, 17, 23, 20, 16, 7, 5, 100, 36, 94, 14, 18, 60, 48, 49, 50, 61, 30, 6, 24, 52, 64, 19, 142, 26, 75, 22, 11, 53, 0)
s = 84: (0, 66, 47, 15, 29, 13, 26, 9, 5, 77, 26, 96, 12, 21, 33, 78, 25, 29, 52, 17, 7, 20, 50, 32, 20, 74, 42, 101, 19, 8, 83, 0)
s = 85: (0, 51, 49, 14, 25, 14, 16, 10, 5, 97, 23, 45, 17, 20, 66, 53, 45, 49, 48, 27, 7, 21, 98, 44, 18, 84, 34, 47, 37, 11, 103, 0)
s = 86: (0, 95, 48, 36, 21, 12, 14, 8, 3, 56, 27, 54, 11, 20, 33, 82, 30, 50, 103, 25, 8, 20, 71, 36, 14, 84, 27, 62, 23, 8, 77, 0)
s = 87: (0, 102, 27, 16, 40, 21, 24, 10, 3, 73, 31, 76, 14, 29, 58, 36, 45, 35, 54, 19, 7, 20, 76, 43, 14, 49, 41, 102, 24, 16, 57, 0)
s = 88: (0, 68, 39, 40, 33, 24, 29, 10, 4, 76, 16, 67, 9, 20, 36, 77, 29, 48, 42, 17, 9, 27, 46, 29, 18, 50, 55, 86, 24, 16, 98, 0)
s = 89: (0, 91, 27, 19, 40, 12, 26, 11, 4, 82, 17, 36, 10, 18, 76, 32, 34, 61, 69, 11, 6, 23, 49, 34, 14, 115, 24, 54, 19, 9, 91, 0)
s = 90: (0, 91, 25, 25, 22, 21, 19, 8, 5, 66, 23, 52, 15, 18, 63, 38, 38, 37, 40, 23, 8, 16, 72, 60, 17, 119, 35, 75, 30, 9, 42, 0)
s = 91: (0, 75, 45, 17, 29, 23, 21, 8, 4, 75, 22, 41, 15, 21, 50, 46, 24, 50, 46, 16, 5, 17, 50, 94, 15, 130, 42, 87, 39, 6, 94, 0)
s = 92: (0, 66, 36, 36, 18, 23, 27, 9, 6, 59, 37, 68, 22, 19, 41, 47, 37, 51, 68, 10, 11, 12, 56, 38, 15, 75, 47, 64, 41, 13, 44, 0)
s = 93: (0, 88, 31, 24, 35, 22, 24, 10, 5, 67, 21, 52, 12, 16, 32, 75, 39, 32, 77, 32, 6, 21, 69, 37, 14, 89, 45, 63, 33, 7, 51, 0)
s = 94: (0, 98, 36, 17, 22, 13, 15, 6, 3, 91, 40, 50, 9, 23, 63, 54, 34, 43, 55, 15, 6, 21, 79, 49, 22, 51, 28, 66, 17, 14, 44, 0)
s = 95: (0, 100, 24, 21, 29, 12, 20, 6, 3, 48, 50, 52, 15, 28, 58, 38, 55, 33, 62, 28, 7, 20, 55, 47, 11, 108, 26, 53, 15, 7, 63, 0)
s = 96: (0, 88, 17, 23, 21, 13, 11, 14, 6, 82, 35, 52, 16, 11, 34, 41, 39, 54, 51, 25, 6, 13, 43, 51, 15, 115, 25, 93, 39, 8, 62, 0)
s = 97: (0, 83, 30, 24, 27, 16, 21, 5, 8, 124, 29, 66, 10, 15, 33, 54, 41, 62, 71, 16, 7, 17, 47, 47, 12, 96, 53, 63, 31, 8, 51, 0)
s = 98: (0, 90, 20, 31, 19, 15, 14, 9, 6, 62, 23, 36, 15, 17, 40, 47, 41, 69, 92, 11, 10, 15, 42, 35, 15, 123, 23, 75, 29, 8, 77, 0)
s = 99: (0, 51, 31, 24, 35, 22, 12, 8, 4, 114, 39, 64, 13, 17, 58, 40, 31, 41, 55, 13, 10, 29, 53, 46, 15, 102, 42, 71, 27, 11, 61, 0)
s = 100: (0, 101, 20, 27, 33, 14, 30, 9, 3, 76, 33, 45, 18, 16, 71, 51, 31, 43, 70, 12, 7, 16, 43, 26, 22, 82, 45, 100, 18, 10, 83, 0)
s = 101: (0, 86, 34, 16, 16, 11, 18, 13, 5, 85, 33, 39, 18, 27, 43, 52, 37, 41, 58, 18, 9, 20, 48, 36, 21, 71, 31, 45, 35, 17, 78, 0)
s = 102: (0, 61, 31, 14, 38, 11, 17, 16, 4, 84, 42, 46, 12, 30, 46, 55, 40, 80, 50, 15, 11, 24, 44, 38, 26, 49, 27, 53, 15, 7, 47, 0)
s = 103: (0, 120, 22, 43, 19, 22, 27, 14, 3, 95, 24, 50, 18, 26, 42, 42, 25, 44, 63, 14, 10, 13, 59, 49, 18, 99, 17, 57, 29, 7, 80, 0)
s = 104: (0, 69, 23, 24, 33, 19, 18, 13, 7, 74, 24, 44, 16, 21, 40, 33, 32, 26, 89, 29, 7, 23, 79, 28, 14, 94, 19, 38, 27, 15, 70, 0)
s = 105: (0, 88, 21, 29, 15, 13, 24, 12, 3, 67, 41, 36, 12, 12, 38, 43, 26, 46, 50, 13, 7, 25, 41, 56, 26, 74, 22, 65, 28, 7, 95, 0)
s = 106: (0, 69, 20, 25, 35, 13, 17, 6, 3, 106, 19, 70, 13, 17, 53, 53, 42, 63, 44, 18, 5, 16, 89, 85, 15, 66, 39, 57, 34, 10, 60, 0)
s = 107: (0, 124, 24, 34, 25, 18, 20, 7, 5, 83, 31, 84, 11, 18, 66, 41, 63, 51, 36, 16, 5, 15, 60, 72, 12, 117, 26, 52, 48, 8, 62, 0)
s = 108: (0, 58, 32, 24, 27, 17, 16, 6, 5, 93, 17, 53, 13, 17, 39, 45, 22, 77, 55, 15, 6, 11, 70, 48, 20, 68, 32, 60, 26, 6, 77, 0)
s = 109: (0, 102, 27, 13, 17, 20, 14, 10, 4, 72, 23, 69, 27, 19, 49, 73, 31, 44, 78, 17, 8, 24, 37, 37, 10, 96, 20, 63, 41, 6, 46, 0)
s = 110: (0, 94, 38, 29, 23, 18, 27, 7, 4, 54, 30, 61, 23, 32, 55, 67, 29, 40, 51, 18, 6, 14, 61, 45, 16, 77, 18, 79, 17, 10, 45, 0)
s = 111: (0, 58, 25, 22, 21, 21, 19, 8, 6, 89, 22, 56, 16, 19, 42, 59, 24, 49, 34, 25, 9, 18, 74, 34, 18, 69, 46, 46, 23, 8, 65, 0)
s = 112: (0, 63, 39, 34, 24, 11, 12, 6, 3, 73, 19, 32, 15, 19, 63, 44, 30, 40, 72, 21, 5, 18, 52, 61, 15, 106, 32, 92, 32, 15, 53, 0)
s = 113: (0, 51, 20, 22, 34, 21, 15, 9, 3, 45, 30, 76, 19, 23, 70, 55, 28, 46, 49, 19, 8, 14, 68, 49, 15, 88, 19, 55, 31, 11, 65, 0)
s = 114: (0, 90, 24, 25, 19, 12, 15, 8, 5, 108, 22, 78, 11, 20, 47, 49, 46, 42, 41, 22, 5, 11, 80, 70, 22, 66, 27, 49, 19, 7, 79, 0)
s = 115: (0, 87, 32, 24, 17, 31, 19, 10, 5, 100, 39, 83, 17, 14, 43, 40, 36, 56, 66, 22, 10, 24, 52, 50, 18, 84, 23, 47, 26, 15, 68, 0)
s = 116: (0, 63, 37, 24, 26, 25, 32, 10, 4, 69, 35, 55, 12, 20, 48, 63, 20, 68, 54, 16, 9, 19, 48, 65, 22, 68, 30, 77, 31, 9, 55, 0)
s = 117: (0, 76, 30, 35, 23, 22, 26, 6, 5, 129, 18, 38, 20, 26, 84, 35, 28, 53, 60, 18, 6, 14, 97, 31, 15, 99, 32, 73, 24, 13, 60, 0)
s = 118: (0, 44, 31, 30, 30, 29, 13, 9, 3, 78, 18, 91, 19, 27, 51, 54, 36, 59, 62, 19, 7, 39, 37, 61, 14, 101, 30, 55, 20, 8, 76, 0)
s = 119: (0, 78, 32, 27, 25, 14, 25, 5, 5, 61, 30, 46, 14, 18, 51, 73, 26, 62, 47, 25, 10, 16, 55, 43, 14, 135, 44, 47, 31, 9, 78, 0)
s = 120: (0, 93, 37, 17, 35, 14, 14, 7, 3, 69, 21, 88, 20, 20, 46, 38, 33, 35, 32, 17, 8, 26, 54, 49, 19, 98, 41, 98, 27, 8, 39, 0)
s = 121: (0, 78, 31, 23, 52, 27, 34, 6, 3, 64, 33, 61, 14, 14, 52, 55, 41, 56, 47, 19, 7, 18, 48, 36, 18, 97, 34, 65, 33, 14, 57, 0)
s = 122: (0, 65, 26, 14, 17, 27, 12, 9, 4, 50, 40, 42, 15, 21, 35, 95, 32, 28, 65, 14, 5, 13, 51, 43, 13, 67, 36, 74, 37, 10, 60, 0)
s = 123: (0, 119, 27, 22, 36, 14, 24, 7, 6, 84, 22, 38, 17, 21, 49, 69, 32, 29, 58, 14, 8, 16, 38, 60, 17, 80, 31, 70, 22, 15, 74, 0)
s = 124: (0, 85, 24, 14, 15, 15, 18, 6, 4, 60, 32, 44, 11, 13, 39, 39, 55, 69, 63, 23, 8, 22, 52, 29, 16, 114, 33, 71, 23, 12, 41, 0)
s = 125: (0, 81, 44, 35, 29, 12, 24, 9, 6, 116, 25, 63, 12, 23, 53, 47, 43, 67, 99, 12, 8, 17, 41, 37, 11, 91, 23, 87, 26, 10, 49, 0)
s = 126: (0, 90, 25, 14, 20, 29, 15, 12, 5, 116, 33, 50, 10, 21, 33, 38, 41, 61, 76, 21, 10, 17, 59, 47, 11, 91, 33, 78, 16, 14, 67, 0)
s = 127: (0, 71, 47, 27, 20, 20, 32, 5, 5, 98, 31, 69, 21, 16, 34, 52, 45, 68, 68, 11, 9, 16, 44, 41, 18, 90, 20, 81, 28, 15, 67, 0)
s = 128: (0, 64, 36, 42, 17, 16, 13, 11, 5, 96, 21, 74, 15, 19, 67, 83, 54, 52, 58, 17, 10, 21, 71, 57, 24, 105, 20, 54, 31, 10, 38, 0)
s = 129: (0, 57, 48, 36, 20, 24, 18, 8, 5, 99, 19, 118, 19, 30, 49, 56, 53, 45, 57, 26, 6, 29, 83, 62, 14, 67, 26, 73, 43, 13, 61, 0)
s = 130: (0, 69, 16, 21, 26, 25, 28, 9, 4, 69, 21, 75, 18, 14, 46, 82, 30, 64, 46, 16, 8, 30, 46, 31, 21, 50, 24, 64, 29, 11, 54, 0)
s = 131: (0, 56, 31, 30, 28, 17, 25, 10, 5, 93, 37, 38, 11, 29, 56, 41, 31, 30, 75, 20, 7, 27, 86, 50, 21, 77, 46, 80, 35, 7, 58, 0)
s = 132: (0, 58, 29, 21, 26, 18, 17, 7, 4, 63, 36, 102, 11, 19, 52, 69, 22, 35, 73, 19, 13, 26, 54, 64, 15, 93, 38, 53, 35, 9, 49, 0)
s = 133: (0, 59, 28, 26, 27, 12, 18, 9, 4, 89, 26, 74, 17, 23, 57, 69, 23, 58, 43, 15, 8, 14, 76, 37, 9, 67, 33, 94, 33, 13, 63, 0)
s = 134: (0, 93, 23, 16, 26, 26, 16, 8, 4, 68, 21, 41, 14, 17, 46, 64, 21, 92, 77, 19, 8, 19, 43, 43, 13, 91, 34, 89, 17, 12, 64, 0)
s = 135: (0, 51, 29, 31, 39, 15, 32, 8, 4, 77, 32, 56, 12, 17, 75, 107, 31, 47, 96, 14, 7, 11, 30, 54, 10, 74, 32, 53, 21, 9, 64, 0)
s = 136: (0, 102, 28, 18, 19, 20, 12, 6, 5, 59, 19, 69, 14, 15, 69, 90, 46, 28, 65, 16, 8, 25, 42, 45, 13, 72, 23, 62, 32, 10, 95, 0)
s = 137: (0, 80, 27, 35, 47, 11, 13, 5, 4, 82, 34, 94, 22, 13, 32, 77, 39, 45, 69, 23, 10, 21, 72, 29, 13, 71, 23, 112, 16, 9, 57, 0)
s = 138: (0, 64, 50, 37, 34, 20, 19, 5, 6, 77, 21, 78, 11, 26, 42, 39, 32, 59, 76, 19, 5, 24, 103, 63, 16, 136, 30, 65, 25, 8, 61, 0)
s = 139: (0, 47, 23, 34, 21, 13, 22, 8, 6, 107, 27, 38, 13, 18, 72, 64, 27, 55, 78, 21, 8, 21, 68, 36, 28, 118, 31, 46, 44, 9, 50, 0)
s = 140: (0, 98, 27, 16, 21, 21, 25, 8, 4, 72, 20, 33, 21, 15, 34, 43, 55, 57, 81, 13, 10, 21, 61, 31, 12, 58, 32, 87, 34, 19, 76, 0)
s = 141: (0, 96, 29, 31, 32, 16, 22, 7, 6, 72, 27, 62, 17, 18, 39, 98, 33, 35, 40, 22, 9, 17, 52, 54, 14, 134, 21, 97, 21, 6, 79, 0)
s = 142: (0, 96, 18, 19, 18, 19, 21, 12, 6, 91, 33, 82, 14, 18, 42, 66, 35, 31, 65, 20, 7, 22, 51, 53, 13, 151, 36, 68, 29, 10, 49, 0)
s = 143: (0, 61, 30, 31, 21, 14, 15, 12, 5, 92, 26, 85, 9, 16, 34, 53, 29, 51, 57, 16, 6, 18, 97, 53, 12, 119, 27, 82, 17, 15, 63, 0)
s = 144: (0, 103, 34, 19, 38, 21, 13, 10, 5, 72, 31, 34, 14, 21, 59, 91, 29, 35, 47, 23, 7, 25, 47, 29, 13, 77, 31, 55, 17, 9, 76, 0)
s = 145: (0, 55, 22, 22, 17, 20, 15, 7, 3, 64, 30, 38, 10, 14, 49, 71, 40, 63, 82, 13, 12, 18, 55, 60, 18, 67, 39, 75, 22, 9, 46, 0)
s = 146: (0, 66, 24, 27, 21, 17, 21, 8, 5, 52, 40, 67, 17, 21, 62, 42, 27, 45, 72, 14, 7, 20, 42, 56, 15, 121, 22, 76, 29, 8, 52, 0)
s = 147: (0, 50, 35, 28, 27, 16, 26, 6, 4, 50, 20, 100, 11, 20, 46, 32, 61, 48, 44, 21, 9, 17, 55, 40, 14, 93, 28, 73, 28, 7, 68, 0)
s = 148: (0, 110, 47, 19, 22, 20, 13, 13, 4, 93, 17, 82, 21, 23, 70, 69, 35, 35, 57, 16, 6, 16, 98, 29, 17, 86, 22, 66, 32, 8, 68, 0)
s = 149: (0, 63, 30, 18, 25, 28, 29, 11, 4, 96, 38, 71, 11, 22, 43, 65, 30, 62, 42, 16, 9, 21, 58, 58, 20, 84, 26, 84, 28, 9, 46, 0)
s = 150: (0, 111, 45, 16, 22, 15, 28, 10, 4, 63, 25, 84, 10, 19, 44, 76, 39, 54, 78, 20, 8, 14, 48, 61, 16, 69, 34, 69, 38, 10, 53, 0)
s = 151: (0, 70, 31, 15, 30, 17, 16, 8, 4, 63, 28, 71, 17, 21, 39, 50, 24, 56, 45, 24, 7, 26, 36, 61, 24, 75, 36, 70, 28, 9, 52, 0)
s = 152: (0, 56, 43, 26, 30, 19, 21, 5, 4, 63, 27, 88, 11, 17, 50, 45, 56, 55, 62, 15, 8, 32, 45, 63, 23, 93, 44, 64, 24, 11, 57, 0)
s = 153: (0, 64, 41, 26, 31, 15, 14, 11, 4, 118, 22, 73, 18, 15, 54, 67, 49, 60, 57, 13, 7, 16, 72, 55, 21, 73, 25, 58, 41, 10, 42, 0)
s = 154: (0, 46, 24, 24, 21, 17, 20, 12, 5, 68, 17, 96, 14, 12, 35, 53, 32, 65, 57, 14, 8, 11, 47, 55, 9, 153, 29, 57, 37, 10, 35, 0)
s = 155: (0, 79, 22, 21, 41, 17, 14, 13, 5, 94, 23, 55, 17, 29, 50, 56, 40, 42, 76, 16, 5, 19, 73, 45, 11, 57, 30, 53, 21, 10, 50, 0)
s = 156: (0, 90, 31, 18, 29, 17, 16, 8, 5, 108, 26, 54, 11, 20, 63, 61, 39, 35, 35, 10, 6, 14, 60, 64, 20, 58, 22, 54, 22, 14, 61, 0)
s = 157: (0, 93, 26, 17, 21, 16, 16, 13, 5, 58, 42, 77, 23, 19, 31, 60, 35, 64, 45, 19, 8, 19, 46, 34, 11, 79, 28, 85, 22, 10, 74, 0)
s = 158: (0, 92, 43, 22, 17, 11, 24, 6, 7, 63, 25, 60, 14, 19, 32, 75, 28, 50, 43, 18, 5, 20, 77, 32, 9, 117, 34, 68, 24, 9, 53, 0)
s = 159: (0, 110, 43, 25, 26, 19, 16, 9, 4, 106, 28, 89, 14, 28, 66, 59, 22, 61, 50, 16, 9, 23, 62, 28, 15, 138, 50, 45, 38, 11, 82, 0)
s = 160: (0, 93, 30, 22, 32, 14, 15, 12, 5, 122, 23, 38, 24, 15, 44, 43, 26, 46, 47, 17, 5, 24, 70, 60, 10, 113, 22, 99, 57, 14, 61, 0)
s = 161: (0, 68, 26, 17, 38, 16, 17, 8, 5, 87, 38, 89, 15, 15, 51, 65, 24, 50, 58, 20, 10, 31, 69, 54, 18, 52, 27, 56, 17, 8, 65, 0)
s = 162: (0, 56, 21, 15, 42, 20, 19, 7, 3, 62, 29, 39, 9, 19, 33, 47, 30, 39, 41, 14, 8, 13, 61, 39, 11, 97, 32, 44, 33, 11, 38, 0)
s = 163: (0, 56, 27, 19, 17, 13, 21, 6, 8, 83, 32, 85, 10, 18, 63, 108, 30, 59, 73, 19, 6, 28, 69, 59, 13, 86, 26, 67, 18, 11, 43, 0)
s = 164: (0, 92, 28, 26, 19, 18, 17, 9, 4, 46, 27, 76, 15, 15, 49, 68, 41, 52, 52, 29, 9, 21, 49, 58, 18, 94, 22, 73, 25, 8, 44, 0)
s = 165: (0, 85, 21, 38, 29, 13, 22, 15, 6, 78, 29, 67, 21, 30, 57, 72, 21, 53, 45, 20, 7, 29, 29, 43, 14, 79, 34, 41, 31, 16, 45, 0)
s = 166: (0, 109, 19, 23, 23, 27, 21, 8, 4, 139, 18, 69, 10, 35, 35, 36, 26, 56, 57, 13, 7, 27, 33, 40, 24, 134, 47, 61, 17, 14, 35, 0)
s = 167: (0, 93, 26, 15, 22, 20, 23, 7, 3, 91, 25, 84, 11, 27, 33, 53, 24, 40, 98, 28, 7, 27, 53, 40, 18, 63, 42, 95, 29, 14, 74, 0)
s = 168: (0, 77, 33, 17, 27, 24, 18, 7, 4, 53, 19, 50, 15, 31, 61, 50, 56, 61, 92, 14, 8, 28, 43, 53, 16, 78, 33, 74, 30, 15, 61, 0)
s = 169: (0, 58, 42, 38, 24, 25, 26, 9, 6, 53, 46, 102, 14, 23, 60, 44, 29, 37, 32, 21, 9, 21, 40, 51, 13, 127, 22, 68, 31, 8, 91, 0)
s = 170: (0, 50, 29, 31, 16, 34, 15, 7, 5, 60, 19, 73, 23, 20, 61, 40, 35, 57, 42, 21, 5, 24, 41, 54, 17, 106, 21, 62, 17, 12, 54, 0)
s = 171: (0, 105, 25, 19, 20, 19, 32, 7, 6, 69, 22, 56, 14, 30, 46, 45, 35, 71, 64, 12, 5, 19, 84, 35, 13, 122, 19, 68, 28, 12, 62, 0)
s = 172: (0, 80, 32, 18, 24, 24, 15, 7, 3, 83, 33, 61, 16, 16, 55, 59, 30, 29, 55, 11, 5, 18, 55, 39, 22, 102, 41, 71, 23, 6, 109, 0)
s = 173: (0, 100, 27, 14, 21, 17, 29, 10, 3, 78, 18, 43, 20, 19, 68, 79, 32, 59, 56, 22, 7, 33, 73, 48, 26, 83, 33, 114, 27, 9, 36, 0)
s = 174: (0, 125, 21, 21, 43, 22, 25, 9, 4, 73, 19, 48, 14, 24, 47, 72, 54, 66, 63, 20, 9, 33, 51, 48, 13, 113, 22, 54, 34, 13, 50, 0)
s = 175: (0, 82, 27, 24, 24, 10, 14, 10, 4, 107, 23, 43, 23, 13, 32, 73, 39, 80, 80, 13, 9, 24, 49, 43, 21, 80, 22, 77, 23, 7, 92, 0)
s = 176: (0, 104, 30, 33, 29, 14, 21, 8, 6, 95, 17, 62, 11, 21, 47, 63, 39, 55, 38, 20, 8, 16, 71, 42, 16, 86, 32, 65, 25, 12, 67, 0)
s = 177: (0, 109, 26, 17, 26, 22, 15, 6, 7, 66, 16, 48, 19, 14, 28, 42, 48, 34, 62, 15, 9, 17, 35, 45, 17, 111, 36, 43, 20, 13, 39, 0)
s = 178: (0, 77, 21, 32, 29, 24, 14, 12, 6, 67, 19, 70, 25, 27, 42, 34, 24, 56, 38, 10, 11, 23, 41, 40, 23, 57, 30, 46, 31, 12, 91, 0)
s = 179: (0, 82, 35, 33, 25, 19, 17, 6, 6, 109, 34, 66, 20, 23, 40, 69, 32, 70, 87, 12, 7, 25, 65, 49, 15, 58, 33, 81, 28, 10, 68, 0)
s = 180: (0, 42, 36, 22, 19, 14, 28, 11, 5, 102, 26, 100, 12, 18, 42, 44, 26, 75, 38, 26, 6, 17, 87, 45, 11, 98, 24, 71, 32, 12, 48, 0)
s = 181: (0, 63, 30, 21, 22, 33, 13, 9, 6, 82, 34, 47, 16, 22, 49, 58, 50, 72, 48, 12, 6, 19, 73, 65, 15, 108, 23, 80, 30, 14, 47, 0)
s = 182: (0, 98, 32, 22, 23, 13, 18, 10, 6, 54, 28, 70, 13, 24, 33, 52, 58, 34, 51, 13, 7, 22, 81, 29, 15, 98, 23, 48, 32, 11, 82, 0)
s = 183: (0, 45, 26, 38, 35, 14, 23, 9, 6, 140, 26, 97, 13, 23, 42, 49, 45, 71, 105, 14, 7, 17, 76, 29, 21, 84, 48, 70, 29, 11, 46, 0)
s = 184: (0, 107, 27, 22, 32, 12, 17, 6, 3, 48, 24, 75, 16, 23, 39, 73, 46, 46, 51, 18, 7, 27, 85, 52, 16, 91, 23, 79, 29, 8, 52, 0)
s = 185: (0, 72, 18, 35, 32, 20, 26, 8, 7, 109, 22, 66, 20, 16, 57, 69, 47, 48, 75, 14, 9, 14, 58, 60, 13, 62, 36, 46, 24, 11, 33, 0)
s = 186: (0, 67, 21, 23, 43, 22, 28, 11, 5, 51, 24, 61, 23, 22, 30, 57, 24, 68, 64, 19, 7, 11, 42, 44, 22, 82, 35, 79, 28, 7, 39, 0)
s = 187: (0, 95, 33, 28, 31, 14, 14, 7, 9, 76, 25, 72, 15, 14, 53, 46, 21, 43, 70, 22, 9, 21, 39, 51, 13, 63, 36, 45, 22, 13, 73, 0)
s = 188: (0, 92, 18, 26, 20, 21, 18, 11, 4, 74, 30, 67, 12, 34, 76, 80, 60, 49, 75, 21, 9, 27, 56, 39, 13, 72, 51, 45, 33, 11, 63, 0)
s = 189: (0, 46, 30, 16, 29, 22, 14, 10, 5, 83, 24, 96, 16, 25, 30, 107, 33, 34, 64, 12, 6, 18, 57, 30, 22, 93, 24, 89, 20, 10, 38, 0)
s = 190: (0, 110, 28, 16, 21, 10, 25, 8, 6, 106, 36, 63, 19, 19, 52, 74, 45, 78, 72, 31, 9, 20, 39, 55, 21, 74, 19, 58, 19, 12, 60, 0)
s = 191: (0, 64, 24, 17, 24, 13, 26, 8, 4, 85, 18, 55, 18, 15, 36, 48, 49, 72, 42, 12, 6, 32, 54, 37, 18, 126, 21, 56, 41, 11, 64, 0)
s = 192: (0, 79, 42, 15, 30, 23, 23, 7, 4, 95, 17, 100, 13, 26, 26, 43, 39, 87, 52, 22, 8, 14, 72, 38, 17, 114, 17, 92, 35, 8, 67, 0)
s = 193: (0, 50, 22, 27, 22, 17, 13, 6, 4, 91, 23, 65, 22, 17, 33, 86, 35, 33, 51, 17, 9, 27, 43, 49, 13, 52, 33, 59, 25, 8, 50, 0)
s = 194: (0, 85, 27, 24, 27, 21, 18, 8, 5, 62, 24, 54, 21, 29, 29, 41, 31, 67, 48, 20, 7, 12, 94, 65, 14, 61, 20, 39, 38, 12, 48, 0)
s = 195: (0, 60, 20, 28, 46, 15, 19, 11, 3, 114, 18, 83, 14, 15, 40, 42, 35, 42, 47, 25, 10, 22, 79, 69, 13, 100, 23, 59, 29, 13, 52, 0)
s = 196: (0, 47, 34, 30, 30, 11, 14, 7, 5, 90, 37, 70, 22, 28, 35, 59, 40, 66, 88, 12, 9, 15, 40, 41, 10, 134, 26, 89, 29, 9, 68, 0)
s = 197: (0, 71, 55, 25, 18, 13, 17, 12, 3, 70, 24, 64, 18, 26, 45, 51, 33, 54, 53, 22, 8, 11, 74, 42, 18, 143, 26, 65, 24, 10, 46, 0)
s = 198: (0, 56, 28, 19, 33, 23, 26, 5, 5, 78, 26, 62, 16, 34, 67, 49, 28, 77, 95, 11, 9, 11, 66, 54, 15, 75, 24, 68, 22, 13, 52, 0)
s = 199: (0, 102, 24, 34, 45, 19, 22, 10, 4, 67, 16, 54, 14, 17, 52, 68, 36, 45, 94, 11, 8, 26, 59, 47, 13, 111, 19, 52, 24, 6, 45, 0)
s = 200: (0, 113, 40, 25, 23, 15, 16, 14, 5, 85, 23, 106, 19, 23, 67, 40, 50, 57, 79, 15, 5, 15, 79, 47, 14, 121, 17, 64, 19, 11, 64, 0)
------------------------------------------------------------------------
RESOURCE k = 3
s = 1: (0, 51, 40, 10, 20, 20, 25, 7, 18, 27, 25, 22, 38, 12, 9, 44, 20, 42, 88, 22, 3, 15, 34, 60, 89, 23, 10, 17, 83, 8, 17, 0)
s = 2: (0, 56, 58, 12, 32, 26, 38, 6, 21, 30, 14, 14, 29, 7, 12, 52, 18, 62, 76, 22, 3, 17, 54, 49, 91, 17, 6, 22, 71, 13, 23, 0)
s = 3: (0, 34, 36, 25, 36, 21, 35, 9, 25, 53, 15, 21, 32, 9, 8, 21, 31, 56, 59, 26, 3, 20, 63, 72, 68, 23, 8, 17, 57, 10, 28, 0)
s = 4: (0, 39, 42, 16, 23, 13, 31, 6, 18, 49, 21, 24, 22, 14, 15, 29, 24, 69, 45, 24, 4, 15, 45, 32, 53, 16, 7, 17, 62, 8, 21, 0)
s = 5: (0, 23, 41, 12, 22, 12, 40, 7, 14, 35, 13, 18, 17, 9, 10, 27, 22, 94, 50, 19, 3, 24, 51, 40, 47, 17, 8, 10, 99, 8, 15, 0)
s = 6: (0, 36, 51, 21, 24, 12, 52, 10, 15, 43, 27, 12, 20, 11, 12, 19, 25, 36, 31, 31, 3, 24, 60, 37, 52, 12, 7, 11, 63, 14, 16, 0)
s = 7: (0, 30, 38, 16, 30, 12, 29, 7, 16, 37, 19, 19, 29, 9, 14, 27, 30, 73, 57, 32, 3, 26, 29, 38, 38, 16, 10, 15, 71, 5, 19, 0)
s = 8: (0, 27, 42, 23, 32, 23, 35, 5, 28, 46, 17, 24, 18, 18, 12, 18, 33, 64, 73, 28, 3, 21, 37, 51, 70, 15, 7, 10, 67, 6, 16, 0)
s = 9: (0, 39, 42, 21, 30, 20, 34, 10, 19, 30, 13, 28, 20, 9, 9, 31, 18, 64, 45, 21, 2, 17, 42, 37, 46, 16, 7, 13, 65, 10, 11, 0)
s = 10: (0, 60, 49, 18, 36, 33, 44, 6, 13, 25, 19, 25, 18, 14, 7, 38, 20, 43, 43, 40, 3, 25, 42, 46, 77, 15, 9, 22, 78, 7, 20, 0)
s = 11: (0, 29, 67, 13, 28, 12, 34, 6, 17, 63, 13, 27, 16, 13, 14, 21, 30, 75, 54, 27, 3, 20, 48, 40, 72, 18, 8, 9, 90, 8, 15, 0)
s = 12: (0, 34, 46, 10, 42, 14, 19, 10, 14, 38, 23, 18, 28, 8, 12, 31, 35, 47, 39, 21, 2, 21, 67, 33, 98, 20, 5, 13, 73, 11, 33, 0)
s = 13: (0, 35, 51, 22, 23, 18, 39, 10, 28, 38, 21, 21, 34, 17, 8, 34, 21, 75, 49, 22, 2, 19, 44, 45, 75, 14, 7, 11, 113, 7, 26, 0)
s = 14: (0, 33, 46, 14, 37, 20, 38, 8, 15, 24, 32, 15, 30, 9, 6, 45, 24, 95, 57, 24, 2, 17, 69, 35, 53, 14, 6, 18, 69, 10, 21, 0)
s = 15: (0, 37, 77, 10, 40, 12, 32, 11, 28, 37, 14, 24, 40, 13, 10, 43, 35, 45, 35, 27, 2, 26, 46, 32, 73, 14, 7, 14, 50, 8, 18, 0)
s = 16: (0, 31, 44, 15, 18, 14, 29, 9, 21, 29, 22, 11, 14, 14, 7, 26, 16, 39, 66, 20, 2, 22, 51, 34, 92, 19, 5, 19, 79, 6, 12, 0)
s = 17: (0, 35, 68, 15, 33, 16, 44, 8, 26, 23, 20, 26, 35, 9, 11, 29, 18, 72, 37, 30, 3, 14, 33, 59, 57, 15, 5, 15, 70, 10, 23, 0)
s = 18: (0, 23, 49, 19, 25, 26, 22, 9, 10, 28, 16, 13, 34, 16, 12, 25, 25, 37, 32, 19, 2, 16, 27, 60, 69, 18, 4, 12, 38, 7, 19, 0)
s = 19: (0, 29, 29, 9, 23, 34, 52, 9, 11, 27, 13, 22, 36, 14, 6, 32, 19, 53, 38, 18, 2, 11, 58, 41, 90, 14, 6, 20, 55, 8, 19, 0)
s = 20: (0, 48, 46, 24, 20, 18, 34, 10, 15, 27, 12, 19, 30, 8, 14, 32, 32, 65, 52, 29, 2, 14, 57, 42, 127, 26, 5, 10, 57, 9, 18, 0)
s = 21: (0, 25, 65, 21, 34, 19, 49, 12, 17, 33, 18, 15, 14, 16, 11, 22, 35, 51, 54, 38, 2, 26, 38, 32, 40, 15, 6, 17, 63, 14, 19, 0)
s = 22: (0, 21, 50, 18, 51, 27, 30, 7, 11, 36, 25, 14, 35, 14, 11, 27, 24, 61, 79, 26, 3, 30, 49, 77, 106, 15, 4, 11, 60, 9, 20, 0)
s = 23: (0, 27, 48, 11, 22, 25, 28, 10, 20, 36, 16, 21, 29, 18, 15, 25, 32, 53, 49, 21, 3, 14, 78, 32, 43, 13, 7, 18, 98, 13, 16, 0)
s = 24: (0, 37, 30, 14, 32, 22, 49, 5, 15, 48, 22, 22, 40, 7, 15, 36, 22, 64, 55, 24, 2, 23, 43, 43, 96, 15, 5, 14, 88, 8, 18, 0)
s = 25: (0, 35, 60, 11, 36, 23, 27, 5, 22, 26, 17, 19, 29, 12, 17, 29, 24, 79, 68, 22, 2, 27, 54, 43, 63, 11, 6, 12, 99, 6, 18, 0)
s = 26: (0, 46, 41, 18, 34, 19, 48, 8, 20, 30, 12, 13, 29, 9, 11, 22, 27, 63, 57, 21, 2, 17, 78, 56, 118, 21, 8, 21, 65, 9, 15, 0)
s = 27: (0, 29, 43, 16, 28, 18, 41, 10, 13, 45, 11, 20, 19, 19, 9, 37, 24, 59, 59, 37, 3, 25, 36, 36, 54, 16, 8, 18, 88, 9, 18, 0)
s = 28: (0, 27, 64, 16, 21, 24, 50, 8, 16, 35, 17, 17, 33, 10, 12, 33, 31, 91, 62, 29, 3, 20, 33, 42, 56, 20, 8, 11, 112, 9, 29, 0)
s = 29: (0, 28, 47, 13, 27, 15, 25, 10, 20, 32, 14, 18, 32, 15, 11, 44, 29, 70, 28, 37, 2, 19, 66, 55, 70, 15, 6, 11, 47, 12, 11, 0)
s = 30: (0, 48, 43, 14, 39, 28, 33, 6, 13, 25, 11, 25, 30, 15, 10, 32, 48, 44, 44, 20, 3, 21, 63, 58, 77, 24, 7, 10, 43, 8, 21, 0)
s = 31: (0, 29, 41, 11, 45, 20, 36, 8, 15, 67, 27, 22, 39, 16, 10, 19, 23, 54, 34, 22, 3, 25, 34, 73, 39, 13, 6, 9, 58, 6, 17, 0)
s = 32: (0, 43, 67, 25, 37, 13, 23, 15, 30, 54, 17, 16, 39, 13, 9, 47, 35, 48, 42, 20, 3, 16, 69, 56, 99, 14, 6, 16, 67, 6, 22, 0)
s = 33: (0, 38, 66, 26, 30, 30, 26, 10, 18, 36, 15, 17, 29, 10, 12, 35, 51, 51, 52, 35, 3, 21, 37, 42, 58, 12, 6, 11, 63, 14, 14, 0)
s = 34: (0, 31, 46, 18, 28, 22, 37, 7, 17, 23, 23, 22, 18, 12, 12, 30, 46, 64, 73, 19, 2, 17, 51, 44, 115, 28, 8, 15, 87, 5, 21, 0)
s = 35: (0, 42, 34, 9, 31, 20, 29, 9, 19, 32, 12, 24, 20, 25, 8, 24, 18, 40, 60, 23, 2, 20, 74, 37, 56, 18, 10, 13, 91, 5, 22, 0)
s = 36: (0, 22, 35, 17, 51, 25, 34, 11, 18, 43, 11, 21, 30, 17, 11, 50, 29, 76, 48, 23, 3, 24, 66, 35, 44, 20, 5, 10, 73, 10, 26, 0)
s = 37: (0, 33, 49, 31, 40, 21, 37, 7, 14, 40, 13, 15, 35, 11, 17, 26, 37, 69, 54, 26, 4, 15, 32, 58, 62, 17, 5, 11, 111, 11, 19, 0)
s = 38: (0, 60, 40, 12, 32, 16, 32, 5, 18, 22, 17, 18, 22, 8, 7, 36, 39, 75, 57, 20, 3, 30, 55, 44, 84, 12, 4, 16, 41, 6, 14, 0)
s = 39: (0, 44, 37, 10, 20, 12, 28, 6, 21, 21, 15, 16, 25, 13, 14, 19, 22, 46, 64, 41, 2, 18, 52, 85, 66, 16, 5, 23, 77, 8, 23, 0)
s = 40: (0, 31, 53, 26, 40, 20, 33, 8, 17, 29, 24, 20, 29, 15, 6, 35, 30, 61, 61, 38, 2, 35, 34, 48, 61, 22, 8, 12, 68, 10, 14, 0)
s = 41: (0, 30, 91, 21, 31, 14, 38, 10, 14, 26, 12, 22, 19, 9, 11, 32, 30, 34, 50, 36, 3, 17, 34, 51, 68, 19, 5, 19, 80, 7, 19, 0)
s = 42: (0, 39, 49, 16, 28, 15, 42, 7, 21, 44, 21, 16, 20, 16, 9, 25, 16, 44, 72, 44, 2, 28, 37, 31, 81, 14, 8, 16, 60, 9, 16, 0)
s = 43: (0, 41, 69, 16, 20, 19, 29, 7, 15, 42, 22, 22, 25, 9, 15, 54, 26, 40, 29, 29, 3, 21, 42, 57, 126, 14, 7, 13, 47, 11, 24, 0)
s = 44: (0, 28, 73, 17, 35, 11, 23, 6, 13, 34, 21, 16, 22, 13, 13, 24, 19, 61, 43, 23, 4, 13, 46, 52, 64, 11, 4, 12, 85, 7, 23, 0)
s = 45: (0, 39, 66, 11, 42, 18, 48, 11, 18, 27, 19, 22, 19, 10, 9, 37, 32, 59, 64, 22, 3, 14, 35, 49, 67, 17, 5, 14, 72, 6, 14, 0)
s = 46: (0, 25, 60, 14, 31, 23, 32, 8, 14, 23, 18, 19, 23, 7, 7, 28, 20, 47, 43, 33, 3, 25, 53, 47, 48, 16, 6, 17, 64, 10, 20, 0)
s = 47: (0, 37, 61, 13, 36, 13, 29, 8, 23, 39, 22, 16, 31, 12, 7, 32, 23, 49, 35, 21, 2, 17, 47, 52, 57, 25, 4, 11, 49, 11, 17, 0)
s = 48: (0, 26, 32, 21, 21, 18, 44, 8, 20, 20, 22, 12, 20, 7, 13, 27, 17, 65, 47, 33, 3, 24, 66, 88, 57, 25, 8, 23, 55, 6, 15, 0)
s = 49: (0, 32, 45, 25, 23, 12, 23, 5, 13, 34, 20, 26, 33, 12, 8, 22, 48, 69, 29, 48, 2, 26, 67, 46, 81, 18, 6, 12, 58, 7, 16, 0)
s = 50: (0, 28, 50, 14, 37, 16, 42, 7, 15, 21, 24, 12, 30, 8, 10, 52, 30, 75, 51, 26, 3, 18, 36, 45, 83, 23, 10, 11, 49, 11, 21, 0)
s = 51: (0, 32, 38, 22, 18, 13, 38, 8, 25, 39, 12, 19, 28, 13, 16, 30, 20, 53, 67, 17, 3, 12, 80, 51, 65, 20, 5, 13, 74, 9, 20, 0)
s = 52: (0, 30, 77, 18, 25, 23, 49, 7, 24, 43, 14, 13, 33, 14, 12, 42, 41, 57, 66, 43, 3, 16, 46, 31, 53, 16, 9, 19, 116, 11, 17, 0)
s = 53: (0, 34, 64, 22, 33, 11, 33, 7, 22, 24, 18, 22, 39, 10, 10, 44, 18, 64, 66, 16, 2, 22, 68, 51, 68, 22, 6, 17, 56, 6, 24, 0)
s = 54: (0, 24, 85, 13, 21, 28, 25, 6, 12, 33, 19, 17, 38, 17, 11, 22, 23, 61, 62, 43, 3, 24, 69, 38, 45, 25, 4, 10, 83, 7, 17, 0)
s = 55: (0, 46, 82, 21, 31, 17, 29, 8, 21, 42, 14, 23, 21, 12, 11, 46, 22, 54, 50, 20, 2, 16, 51, 37, 78, 19, 6, 16, 70, 11, 25, 0)
s = 56: (0, 27, 38, 16, 27, 22, 34, 10, 16, 34, 16, 22, 18, 9, 14, 32, 16, 57, 40, 24, 3, 14, 34, 27, 65, 13, 10, 13, 49, 8, 15, 0)
s = 57: (0, 39, 50, 19, 23, 14, 20, 9, 26, 48, 21, 15, 20, 15, 12, 42, 38, 49, 62, 28, 3, 20, 71, 37, 74, 32, 6, 20, 56, 11, 12, 0)
s = 58: (0, 39, 62, 26, 45, 12, 41, 9, 13, 44, 19, 19, 30, 15, 16, 30, 25, 62, 64, 25, 2, 12, 79, 59, 77, 26, 8, 13, 106, 12, 15, 0)
s = 59: (0, 32, 43, 27, 41, 13, 35, 5, 14, 28, 20, 15, 17, 23, 11, 34, 39, 44, 71, 28, 2, 20, 66, 67, 62, 21, 6, 14, 56, 8, 10, 0)
s = 60: (0, 29, 57, 13, 25, 16, 30, 7, 12, 31, 25, 16, 28, 8, 15, 35, 45, 79, 63, 15, 2, 14, 47, 64, 105, 18, 6, 24, 40, 6, 14, 0)
s = 61: (0, 29, 48, 15, 32, 12, 20, 8, 24, 48, 27, 16, 16, 7, 11, 40, 25, 37, 37, 23, 2, 32, 45, 47, 93, 14, 4, 17, 55, 8, 19, 0)
s = 62: (0, 51, 39, 25, 36, 20, 24, 14, 14, 26, 17, 16, 25, 12, 14, 32, 29, 36, 47, 23, 2, 19, 60, 66, 83, 28, 8, 17, 44, 5, 23, 0)
s = 63: (0, 27, 48, 19, 41, 15, 37, 12, 28, 24, 17, 25, 20, 11, 9, 27, 27, 42, 54, 34, 2, 29, 69, 56, 80, 23, 8, 14, 60, 8, 14, 0)
s = 64: (0, 26, 67, 17, 21, 16, 44, 5, 13, 41, 13, 16, 33, 12, 11, 37, 43, 68, 42, 30, 2, 20, 70, 51, 64, 20, 6, 13, 100, 6, 33, 0)
s = 65: (0, 31, 54, 13, 35, 17, 34, 10, 14, 49, 19, 12, 30, 12, 8, 27, 21, 51, 81, 26, 4, 15, 45, 53, 74, 10, 5, 16, 59, 7, 20, 0)
s = 66: (0, 27, 41, 12, 22, 18, 47, 8, 20, 30, 18, 15, 15, 15, 8, 31, 20, 75, 47, 18, 2, 19, 61, 33, 55, 22, 7, 16, 63, 6, 12, 0)
s = 67: (0, 39, 52, 22, 19, 32, 26, 7, 20, 36, 25, 14, 19, 16, 12, 37, 16, 63, 53, 24, 4, 19, 35, 35, 107, 18, 6, 13, 58, 9, 13, 0)
s = 68: (0, 50, 31, 13, 22, 18, 44, 10, 20, 32, 18, 18, 26, 14, 9, 24, 22, 72, 48, 18, 3, 22, 37, 41, 75, 25, 5, 14, 78, 9, 16, 0)
s = 69: (0, 45, 32, 17, 40, 21, 26, 14, 14, 53, 18, 10, 34, 14, 14, 30, 30, 69, 45, 24, 3, 17, 45, 34, 61, 24, 5, 13, 50, 8, 11, 0)
s = 70: (0, 39, 36, 17, 19, 21, 48, 8, 18, 35, 19, 20, 18, 10, 8, 34, 28, 53, 45, 32, 2, 27, 68, 35, 112, 12, 6, 15, 40, 8, 26, 0)
s = 71: (0, 40, 65, 20, 39, 13, 34, 10, 19, 60, 23, 13, 18, 19, 7, 34, 24, 55, 43, 28, 3, 16, 42, 37, 42, 17, 8, 16, 51, 12, 18, 0)
s = 72: (0, 38, 58, 22, 35, 14, 50, 9, 20, 26, 14, 21, 23, 14, 6, 23, 26, 59, 32, 28, 3, 19, 38, 40, 78, 24, 7, 12, 70, 7, 19, 0)
s = 73: (0, 41, 36, 17, 24, 15, 28, 10, 26, 22, 16, 21, 25, 8, 6, 23, 20, 56, 45, 23, 3, 34, 67, 63, 57, 23, 5, 11, 48, 9, 21, 0)
s = 74: (0, 20, 49, 14, 28, 18, 59, 7, 18, 32, 17, 21, 29, 12, 7, 19, 25, 76, 53, 16, 3, 27, 78, 36, 59, 16, 6, 16, 94, 11, 23, 0)
s = 75: (0, 32, 60, 16, 45, 15, 60, 7, 19, 53, 19, 17, 26, 9, 8, 42, 20, 47, 73, 42, 2, 14, 45, 60, 81, 14, 6, 9, 57, 7, 11, 0)
s = 76: (0, 40, 49, 13, 23, 16, 49, 8, 17, 22, 24, 28, 16, 9, 11, 63, 30, 56, 65, 48, 3, 17, 60, 53, 53, 26, 4, 11, 58, 6, 26, 0)
s = 77: (0, 47, 40, 14, 30, 16, 50, 7, 14, 31, 20, 14, 25, 15, 10, 39, 28, 65, 48, 45, 3, 22, 97, 65, 100, 13, 7, 22, 75, 10, 18, 0)
s = 78: (0, 35, 50, 23, 44, 16, 43, 6, 14, 34, 13, 17, 17, 11, 7, 49, 23, 63, 38, 19, 2, 26, 44, 35, 69, 15, 7, 8, 51, 7, 20, 0)
s = 79: (0, 46, 45, 10, 38, 18, 27, 12, 16, 69, 22, 21, 48, 9, 7, 48, 33, 49, 30, 20, 3, 14, 58, 34, 81, 16, 6, 9, 59, 10, 17, 0)
s = 80: (0, 30, 60, 27, 39, 21, 24, 6, 21, 67, 19, 17, 16, 11, 8, 30, 23, 63, 60, 21, 2, 20, 33, 40, 117, 17, 5, 16, 54, 9, 13, 0)
s = 81: (0, 33, 62, 12, 55, 13, 41, 9, 25, 25, 15, 16, 16, 18, 12, 33, 32, 111, 45, 28, 2, 16, 54, 61, 77, 13, 7, 11, 64, 7, 21, 0)
s = 82: (0, 48, 67, 11, 35, 15, 35, 12, 22, 21, 15, 15, 19, 14, 7, 20, 22, 82, 66, 25, 3, 14, 35, 36, 55, 16, 9, 16, 48, 8, 19, 0)
s = 83: (0, 31, 36, 12, 25, 20, 28, 7, 20, 45, 24, 27, 23, 11, 12, 28, 37, 60, 51, 44, 2, 24, 46, 64, 83, 29, 6, 15, 54, 9, 16, 0)
s = 84: (0, 30, 77, 10, 32, 13, 47, 9, 19, 35, 18, 28, 20, 13, 7, 45, 19, 35, 43, 25, 2, 20, 43, 32, 88, 15, 9, 21, 47, 6, 25, 0)
s = 85: (0, 23, 82, 9, 28, 14, 29, 10, 20, 43, 16, 13, 28, 12, 14, 31, 34, 59, 40, 40, 2, 21, 85, 44, 81, 17, 7, 10, 93, 9, 31, 0)
s = 86: (0, 42, 80, 24, 24, 12, 25, 8, 13, 25, 18, 16, 18, 12, 7, 47, 23, 60, 86, 37, 3, 20, 62, 36, 60, 17, 6, 13, 58, 7, 23, 0)
s = 87: (0, 46, 45, 11, 45, 21, 43, 10, 12, 33, 21, 22, 23, 18, 12, 21, 34, 42, 45, 28, 2, 20, 66, 43, 63, 10, 9, 21, 58, 13, 17, 0)
s = 88: (0, 31, 64, 27, 37, 24, 52, 10, 15, 34, 11, 20, 15, 12, 8, 44, 22, 57, 35, 26, 3, 27, 40, 29, 79, 10, 11, 18, 60, 13, 30, 0)
s = 89: (0, 41, 44, 13, 45, 12, 46, 11, 18, 37, 12, 11, 17, 11, 16, 19, 26, 73, 57, 17, 2, 23, 43, 34, 59, 23, 5, 11, 48, 7, 28, 0)
s = 90: (0, 41, 41, 17, 24, 21, 34, 8, 21, 30, 16, 15, 24, 11, 13, 22, 29, 45, 33, 35, 3, 16, 63, 60, 77, 24, 7, 15, 74, 7, 13, 0)
s = 91: (0, 34, 75, 12, 32, 23, 37, 8, 15, 34, 15, 12, 25, 13, 10, 26, 18, 59, 38, 23, 2, 17, 44, 94, 65, 26, 9, 18, 96, 5, 28, 0)
s = 92: (0, 29, 60, 24, 20, 23, 48, 9, 25, 26, 25, 20, 36, 12, 9, 27, 28, 62, 57, 14, 4, 12, 49, 38, 64, 15, 10, 13, 101, 11, 14, 0)
s = 93: (0, 40, 51, 16, 38, 22, 43, 10, 20, 30, 14, 15, 20, 10, 7, 43, 30, 38, 64, 48, 2, 21, 60, 37, 60, 18, 9, 13, 83, 6, 16, 0)
s = 94: (0, 44, 60, 12, 24, 13, 26, 6, 13, 41, 27, 15, 15, 14, 13, 31, 26, 52, 46, 22, 2, 21, 69, 49, 98, 11, 6, 14, 42, 11, 14, 0)
s = 95: (0, 45, 40, 14, 32, 12, 36, 6, 14, 22, 34, 15, 24, 17, 12, 22, 41, 40, 52, 42, 2, 20, 49, 47, 48, 22, 6, 11, 38, 6, 19, 0)
s = 96: (0, 39, 28, 16, 23, 13, 20, 14, 25, 37, 24, 15, 27, 7, 7, 24, 29, 64, 43, 37, 2, 13, 38, 51, 67, 23, 5, 19, 96, 7, 19, 0)
s = 97: (0, 37, 49, 16, 30, 16, 38, 5, 32, 55, 19, 19, 16, 9, 7, 31, 31, 74, 59, 23, 2, 17, 41, 47, 51, 20, 11, 13, 77, 6, 16, 0)
s = 98: (0, 40, 34, 21, 21, 15, 25, 9, 26, 28, 15, 11, 24, 10, 8, 27, 31, 83, 76, 16, 3, 15, 37, 35, 65, 25, 5, 15, 71, 7, 23, 0)
s = 99: (0, 23, 52, 16, 39, 22, 21, 8, 18, 51, 26, 19, 22, 11, 12, 23, 23, 49, 46, 20, 3, 29, 46, 46, 64, 21, 9, 15, 66, 9, 19, 0)
s = 100: (0, 45, 33, 18, 37, 14, 53, 9, 11, 34, 22, 13, 29, 10, 15, 30, 24, 52, 58, 17, 2, 16, 38, 26, 97, 17, 9, 20, 45, 8, 25, 0)
s = 101: (0, 39, 57, 11, 17, 11, 32, 13, 19, 38, 22, 11, 29, 16, 9, 30, 28, 49, 49, 27, 3, 20, 42, 36, 93, 15, 7, 9, 86, 14, 24, 0)
s = 102: (0, 27, 51, 9, 42, 11, 29, 16, 17, 38, 28, 13, 20, 18, 10, 32, 30, 96, 42, 22, 4, 24, 39, 38, 113, 10, 6, 11, 36, 6, 14, 0)
s = 103: (0, 54, 37, 29, 21, 22, 49, 14, 11, 43, 16, 15, 30, 16, 9, 24, 19, 53, 52, 21, 3, 13, 51, 49, 81, 20, 4, 12, 71, 6, 24, 0)
s = 104: (0, 31, 38, 16, 37, 19, 32, 13, 30, 33, 16, 13, 26, 13, 8, 19, 24, 32, 74, 43, 2, 23, 69, 28, 60, 19, 4, 8, 67, 12, 21, 0)
s = 105: (0, 39, 35, 20, 16, 13, 44, 12, 10, 30, 27, 11, 20, 7, 8, 25, 19, 55, 41, 19, 2, 25, 36, 56, 115, 15, 5, 13, 68, 6, 29, 0)
s = 106: (0, 31, 32, 17, 38, 13, 30, 6, 11, 47, 13, 20, 22, 10, 11, 30, 32, 75, 37, 27, 2, 16, 78, 85, 65, 14, 8, 12, 84, 8, 18, 0)
s = 107: (0, 55, 40, 23, 28, 18, 35, 7, 21, 37, 21, 24, 18, 11, 14, 24, 48, 61, 30, 24, 2, 15, 52, 72, 52, 24, 6, 11, 118, 7, 19, 0)
s = 108: (0, 26, 54, 16, 30, 17, 28, 6, 19, 42, 12, 15, 22, 10, 8, 26, 17, 92, 46, 22, 2, 11, 62, 48, 88, 14, 7, 12, 65, 5, 23, 0)
s = 109: (0, 46, 44, 9, 19, 20, 24, 10, 17, 32, 15, 20, 45, 11, 10, 42, 24, 53, 65, 25, 3, 24, 32, 37, 43, 20, 4, 13, 101, 5, 14, 0)
s = 110: (0, 42, 63, 20, 25, 18, 48, 7, 16, 24, 20, 18, 38, 19, 11, 38, 22, 48, 43, 26, 2, 14, 53, 45, 71, 16, 4, 16, 42, 8, 14, 0)
s = 111: (0, 26, 41, 15, 23, 21, 34, 8, 25, 40, 15, 16, 26, 12, 9, 34, 18, 59, 28, 37, 3, 18, 65, 34, 81, 14, 10, 10, 56, 6, 20, 0)
s = 112: (0, 28, 65, 23, 27, 11, 21, 6, 13, 33, 13, 10, 24, 12, 13, 25, 23, 48, 60, 32, 2, 18, 46, 61, 66, 22, 7, 19, 80, 12, 16, 0)
s = 113: (0, 23, 33, 15, 37, 21, 27, 9, 13, 20, 20, 22, 32, 14, 14, 32, 21, 55, 41, 28, 3, 14, 60, 49, 65, 18, 4, 11, 77, 9, 20, 0)
s = 114: (0, 40, 40, 17, 21, 12, 26, 8, 22, 48, 15, 23, 18, 12, 10, 28, 35, 50, 34, 32, 2, 11, 70, 70, 95, 14, 6, 10, 47, 5, 24, 0)
s = 115: (0, 39, 53, 16, 19, 31, 34, 10, 19, 45, 26, 24, 28, 8, 9, 23, 27, 67, 55, 33, 3, 24, 45, 50, 78, 17, 5, 10, 65, 12, 21, 0)
s = 116: (0, 28, 61, 16, 29, 25, 58, 10, 16, 31, 23, 16, 19, 12, 10, 36, 15, 82, 45, 24, 3, 19, 42, 65, 96, 14, 6, 16, 76, 7, 17, 0)
s = 117: (0, 34, 49, 23, 25, 22, 47, 6, 19, 58, 12, 11, 33, 16, 17, 20, 21, 64, 50, 27, 2, 14, 85, 31, 65, 20, 7, 15, 59, 10, 18, 0)
s = 118: (0, 20, 51, 20, 34, 29, 23, 9, 12, 35, 12, 26, 32, 16, 11, 31, 27, 71, 51, 28, 2, 39, 33, 61, 60, 21, 6, 11, 49, 6, 23, 0)
s = 119: (0, 35, 53, 18, 28, 14, 45, 5, 21, 28, 20, 14, 24, 11, 11, 42, 19, 75, 40, 37, 3, 16, 48, 43, 61, 27, 9, 10, 76, 7, 24, 0)
s = 120: (0, 42, 61, 12, 39, 14, 25, 7, 13, 31, 14, 26, 34, 12, 10, 22, 25, 42, 27, 25, 3, 26, 47, 49, 84, 20, 9, 20, 66, 7, 12, 0)
s = 121: (0, 35, 51, 16, 57, 27, 60, 6, 13, 29, 22, 18, 22, 8, 11, 32, 31, 67, 39, 28, 2, 18, 42, 36, 81, 20, 7, 13, 82, 11, 17, 0)
s = 122: (0, 29, 44, 10, 18, 27, 21, 9, 14, 23, 27, 12, 24, 13, 7, 54, 24, 33, 54, 21, 2, 13, 45, 43, 58, 14, 8, 15, 91, 8, 18, 0)
s = 123: (0, 53, 45, 15, 39, 14, 42, 7, 25, 37, 15, 11, 28, 13, 10, 40, 24, 35, 48, 21, 3, 16, 33, 60, 77, 16, 7, 14, 55, 12, 22, 0)
s = 124: (0, 38, 39, 10, 17, 15, 32, 6, 18, 27, 21, 13, 19, 8, 8, 23, 42, 83, 52, 34, 3, 22, 46, 29, 68, 23, 7, 15, 58, 9, 13, 0)
s = 125: (0, 36, 73, 24, 32, 12, 43, 9, 27, 52, 17, 18, 20, 14, 11, 27, 33, 80, 83, 18, 3, 17, 36, 37, 46, 19, 5, 18, 63, 8, 15, 0)
s = 126: (0, 40, 42, 10, 22, 29, 26, 12, 20, 52, 22, 15, 16, 13, 7, 22, 31, 73, 63, 31, 3, 17, 52, 47, 49, 19, 7, 16, 38, 11, 20, 0)
s = 127: (0, 32, 77, 18, 22, 20, 57, 5, 19, 44, 21, 20, 34, 10, 7, 30, 34, 81, 57, 17, 3, 16, 39, 41, 79, 18, 4, 17, 68, 12, 20, 0)
s = 128: (0, 29, 59, 28, 18, 16, 23, 11, 19, 43, 14, 22, 24, 12, 14, 47, 41, 63, 48, 25, 3, 21, 62, 57, 107, 21, 4, 11, 77, 8, 12, 0)
s = 129: (0, 26, 80, 24, 22, 24, 32, 8, 21, 44, 13, 34, 31, 18, 10, 32, 40, 54, 48, 39, 2, 29, 72, 62, 62, 14, 6, 15, 106, 10, 19, 0)
s = 130: (0, 31, 27, 14, 29, 25, 51, 9, 17, 31, 14, 22, 29, 9, 10, 47, 22, 76, 38, 24, 3, 30, 41, 31, 94, 10, 5, 13, 72, 9, 17, 0)
s = 131: (0, 25, 52, 20, 31, 17, 45, 10, 19, 42, 25, 11, 17, 18, 12, 23, 23, 36, 63, 30, 2, 27, 75, 50, 91, 16, 10, 16, 87, 6, 18, 0)
s = 132: (0, 26, 48, 14, 29, 18, 30, 7, 18, 28, 24, 30, 18, 12, 11, 40, 16, 42, 61, 28, 4, 26, 47, 64, 67, 19, 8, 11, 86, 8, 15, 0)
s = 133: (0, 26, 47, 17, 30, 12, 32, 9, 14, 40, 17, 22, 29, 14, 12, 40, 17, 69, 36, 23, 3, 14, 67, 37, 39, 14, 7, 19, 83, 10, 19, 0)
s = 134: (0, 41, 38, 11, 29, 26, 28, 8, 14, 31, 14, 12, 23, 11, 10, 37, 16, 110, 64, 28, 3, 19, 38, 43, 57, 19, 7, 18, 41, 10, 20, 0)
s = 135: (0, 23, 47, 21, 43, 15, 58, 8, 17, 34, 22, 16, 19, 10, 15, 61, 23, 57, 80, 21, 2, 11, 26, 54, 43, 15, 7, 11, 52, 7, 19, 0)
s = 136: (0, 46, 47, 12, 21, 20, 22, 6, 22, 26, 13, 20, 23, 9, 14, 52, 34, 34, 54, 23, 3, 25, 37, 45, 55, 15, 5, 13, 78, 8, 29, 0)
s = 137: (0, 36, 45, 23, 52, 11, 23, 5, 16, 37, 23, 27, 37, 8, 7, 44, 29, 54, 58, 34, 3, 21, 63, 29, 58, 15, 5, 23, 38, 8, 17, 0)
s = 138: (0, 29, 83, 25, 38, 20, 34, 5, 26, 34, 14, 23, 18, 16, 9, 23, 24, 70, 63, 29, 2, 24, 90, 63, 68, 28, 6, 13, 61, 6, 19, 0)
s = 139: (0, 21, 38, 23, 23, 13, 40, 8, 26, 48, 18, 11, 21, 11, 15, 37, 20, 66, 65, 32, 3, 21, 59, 36, 123, 24, 7, 10, 109, 7, 15, 0)
s = 140: (0, 44, 44, 11, 23, 21, 45, 8, 15, 32, 14, 10, 35, 9, 7, 25, 41, 68, 67, 20, 3, 21, 54, 31, 50, 12, 7, 18, 83, 15, 23, 0)
s = 141: (0, 43, 48, 21, 36, 16, 38, 7, 27, 32, 18, 18, 28, 11, 8, 56, 25, 42, 34, 32, 3, 17, 45, 54, 62, 27, 5, 20, 53, 5, 24, 0)
s = 142: (0, 43, 29, 13, 20, 19, 37, 12, 24, 41, 22, 24, 23, 11, 9, 38, 27, 37, 54, 30, 2, 22, 45, 53, 56, 31, 8, 14, 72, 8, 15, 0)
s = 143: (0, 27, 50, 21, 23, 14, 27, 12, 21, 41, 18, 25, 15, 10, 7, 30, 22, 61, 48, 23, 2, 18, 85, 53, 52, 24, 6, 17, 43, 12, 19, 0)
s = 144: (0, 46, 57, 13, 42, 21, 22, 10, 20, 32, 21, 10, 23, 13, 12, 52, 22, 41, 39, 34, 2, 25, 41, 29, 58, 16, 7, 11, 42, 8, 23, 0)
s = 145: (0, 25, 36, 15, 19, 20, 26, 7, 12, 29, 20, 11, 16, 9, 10, 41, 30, 75, 68, 19, 4, 18, 48, 60, 79, 14, 8, 15, 55, 7, 14, 0)
s = 146: (0, 30, 40, 18, 24, 17, 37, 8, 21, 23, 27, 20, 28, 13, 13, 24, 20, 54, 60, 21, 2, 20, 36, 56, 67, 25, 5, 16, 72, 7, 16, 0)
s = 147: (0, 23, 57, 19, 30, 16, 46, 6, 18, 23, 13, 29, 17, 12, 10, 19, 46, 57, 37, 31, 3, 17, 48, 40, 61, 19, 6, 15, 68, 5, 21, 0)
s = 148: (0, 49, 78, 13, 24, 20, 23, 13, 14, 42, 12, 24, 35, 14, 14, 40, 26, 42, 47, 24, 2, 16, 86, 29, 74, 18, 5, 14, 78, 6, 21, 0)
s = 149: (0, 28, 50, 12, 28, 28, 52, 11, 15, 43, 25, 21, 18, 13, 9, 37, 22, 75, 35, 24, 3, 21, 51, 58, 90, 17, 6, 17, 70, 7, 14, 0)
s = 150: (0, 50, 74, 11, 24, 15, 51, 10, 16, 28, 17, 24, 16, 12, 9, 44, 29, 65, 65, 30, 3, 14, 42, 61, 69, 14, 7, 14, 94, 8, 16, 0)
s = 151: (0, 31, 51, 10, 33, 17, 29, 8, 18, 28, 19, 21, 27, 13, 8, 29, 18, 67, 37, 36, 2, 26, 31, 61, 107, 15, 8, 14, 70, 7, 16, 0)
s = 152: (0, 25, 72, 17, 33, 19, 38, 5, 14, 28, 18, 25, 18, 10, 10, 26, 42, 66, 51, 23, 3, 32, 40, 63, 101, 19, 9, 13, 59, 9, 17, 0)
s = 153: (0, 29, 68, 18, 34, 15, 25, 11, 15, 53, 15, 21, 30, 9, 11, 38, 37, 71, 48, 19, 2, 16, 63, 55, 93, 15, 5, 12, 101, 8, 13, 0)
s = 154: (0, 21, 39, 16, 23, 17, 36, 12, 21, 30, 12, 28, 23, 7, 7, 30, 24, 78, 47, 21, 3, 11, 41, 55, 39, 31, 6, 12, 92, 8, 11, 0)
s = 155: (0, 35, 37, 14, 46, 17, 25, 13, 19, 42, 16, 16, 28, 18, 10, 32, 30, 50, 64, 24, 2, 19, 64, 45, 46, 12, 6, 11, 52, 8, 15, 0)
s = 156: (0, 40, 51, 12, 32, 17, 29, 8, 21, 48, 18, 16, 18, 12, 13, 35, 29, 42, 29, 15, 2, 14, 53, 64, 87, 12, 5, 11, 55, 11, 19, 0)
s = 157: (0, 42, 43, 12, 23, 16, 29, 13, 19, 26, 28, 22, 38, 12, 7, 35, 26, 77, 37, 28, 3, 19, 40, 34, 50, 16, 6, 17, 55, 8, 23, 0)
s = 158: (0, 41, 72, 15, 19, 11, 43, 6, 28, 28, 17, 18, 23, 12, 7, 43, 21, 60, 36, 26, 2, 20, 67, 32, 38, 24, 7, 14, 59, 8, 16, 0)
s = 159: (0, 49, 72, 17, 29, 19, 28, 9, 17, 48, 19, 26, 23, 17, 14, 34, 17, 73, 42, 23, 3, 23, 54, 28, 68, 28, 10, 9, 95, 9, 25, 0)
s = 160: (0, 42, 50, 15, 36, 14, 27, 12, 21, 55, 15, 11, 39, 9, 9, 25, 19, 55, 39, 25, 2, 24, 61, 60, 45, 23, 5, 20, 143, 11, 19, 0)
s = 161: (0, 31, 44, 12, 43, 16, 29, 8, 22, 39, 26, 26, 25, 9, 11, 37, 18, 59, 48, 30, 3, 31, 60, 54, 80, 11, 6, 12, 42, 7, 20, 0)
s = 162: (0, 25, 35, 10, 46, 20, 33, 7, 10, 28, 19, 12, 15, 12, 7, 27, 23, 46, 34, 21, 3, 13, 53, 39, 46, 20, 7, 9, 82, 9, 12, 0)
s = 163: (0, 25, 44, 13, 19, 13, 37, 6, 34, 37, 22, 25, 16, 11, 13, 62, 22, 71, 61, 29, 2, 28, 61, 59, 56, 18, 6, 14, 45, 9, 13, 0)
s = 164: (0, 41, 46, 18, 21, 18, 30, 9, 18, 21, 18, 22, 25, 9, 10, 39, 31, 62, 44, 43, 3, 21, 43, 58, 78, 19, 5, 15, 61, 6, 14, 0)
s = 165: (0, 38, 35, 26, 32, 13, 40, 15, 25, 35, 20, 19, 34, 18, 12, 41, 16, 64, 38, 30, 2, 29, 26, 43, 61, 16, 7, 9, 76, 13, 14, 0)
s = 166: (0, 49, 32, 15, 25, 27, 37, 8, 16, 62, 12, 20, 17, 21, 7, 21, 20, 67, 48, 19, 2, 27, 29, 40, 107, 27, 10, 13, 42, 11, 11, 0)
s = 167: (0, 42, 44, 10, 24, 20, 41, 7, 13, 41, 17, 24, 18, 16, 7, 31, 18, 48, 82, 42, 2, 27, 47, 40, 78, 13, 9, 19, 71, 12, 23, 0)
s = 168: (0, 35, 54, 12, 30, 24, 33, 7, 16, 24, 13, 15, 25, 19, 13, 29, 42, 73, 77, 21, 3, 28, 38, 53, 69, 16, 7, 15, 75, 12, 19, 0)
s = 169: (0, 26, 69, 26, 27, 25, 46, 9, 25, 24, 31, 29, 23, 14, 12, 25, 22, 44, 27, 31, 3, 21, 35, 51, 58, 26, 5, 14, 78, 6, 28, 0)
s = 170: (0, 23, 48, 21, 18, 34, 27, 7, 19, 27, 13, 21, 38, 12, 13, 23, 27, 68, 35, 32, 2, 24, 36, 54, 75, 22, 5, 13, 41, 10, 16, 0)
s = 171: (0, 47, 41, 13, 22, 19, 57, 7, 27, 31, 15, 16, 24, 18, 10, 26, 26, 85, 54, 17, 2, 19, 74, 35, 56, 25, 4, 14, 70, 10, 19, 0)
s = 172: (0, 36, 52, 12, 26, 24, 27, 7, 12, 37, 22, 18, 26, 10, 11, 34, 23, 34, 46, 16, 2, 18, 48, 39, 95, 21, 9, 15, 57, 5, 33, 0)
s = 173: (0, 45, 45, 9, 23, 17, 52, 10, 14, 35, 12, 13, 32, 12, 14, 45, 24, 71, 47, 32, 2, 33, 64, 48, 115, 17, 7, 23, 68, 7, 11, 0)
s = 174: (0, 56, 35, 14, 47, 22, 45, 9, 15, 33, 13, 14, 24, 14, 10, 41, 41, 79, 53, 29, 3, 33, 45, 48, 57, 23, 5, 11, 85, 11, 15, 0)
s = 175: (0, 37, 45, 16, 27, 10, 25, 10, 17, 48, 16, 13, 39, 8, 7, 42, 29, 96, 67, 19, 3, 24, 43, 43, 93, 16, 5, 16, 58, 6, 28, 0)
s = 176: (0, 46, 49, 22, 32, 14, 38, 8, 24, 43, 12, 18, 18, 13, 10, 36, 30, 65, 32, 30, 3, 16, 62, 42, 70, 18, 7, 13, 62, 10, 20, 0)
s = 177: (0, 49, 43, 12, 29, 22, 27, 6, 29, 30, 11, 14, 32, 9, 6, 24, 36, 41, 51, 22, 3, 17, 31, 45, 74, 23, 8, 9, 49, 10, 12, 0)
s = 178: (0, 35, 34, 21, 32, 24, 24, 12, 26, 30, 13, 20, 42, 16, 9, 20, 18, 67, 32, 15, 3, 23, 36, 40, 100, 12, 6, 10, 76, 10, 28, 0)
s = 179: (0, 37, 59, 22, 28, 19, 30, 6, 24, 49, 23, 19, 34, 14, 8, 40, 24, 83, 72, 18, 2, 25, 57, 49, 64, 12, 7, 17, 69, 8, 21, 0)
s = 180: (0, 19, 59, 15, 21, 14, 50, 11, 20, 46, 17, 29, 19, 11, 9, 26, 20, 90, 32, 39, 2, 17, 77, 45, 46, 20, 5, 15, 78, 10, 15, 0)
s = 181: (0, 28, 50, 14, 24, 33, 23, 9, 27, 37, 23, 14, 27, 13, 10, 34, 38, 86, 40, 17, 2, 19, 64, 65, 66, 22, 5, 16, 74, 11, 14, 0)
s = 182: (0, 44, 54, 15, 26, 13, 32, 10, 25, 24, 19, 20, 21, 15, 7, 30, 44, 40, 42, 20, 2, 22, 71, 29, 67, 20, 5, 10, 79, 9, 25, 0)
s = 183: (0, 20, 43, 26, 39, 14, 41, 9, 23, 63, 18, 28, 21, 14, 9, 28, 34, 85, 88, 20, 2, 17, 66, 29, 91, 17, 10, 14, 72, 9, 14, 0)
s = 184: (0, 48, 44, 15, 36, 12, 30, 6, 14, 21, 16, 22, 26, 14, 8, 42, 34, 55, 43, 27, 2, 27, 75, 52, 69, 19, 5, 16, 73, 7, 16, 0)
s = 185: (0, 32, 29, 24, 35, 20, 47, 8, 28, 49, 15, 19, 34, 10, 12, 40, 35, 58, 63, 20, 3, 14, 51, 60, 59, 13, 8, 10, 58, 9, 10, 0)
s = 186: (0, 30, 34, 15, 47, 22, 49, 11, 19, 23, 16, 18, 37, 13, 6, 33, 18, 81, 53, 28, 2, 11, 37, 44, 96, 17, 7, 16, 69, 6, 12, 0)
s = 187: (0, 42, 54, 19, 34, 14, 24, 7, 38, 34, 17, 21, 25, 9, 11, 27, 16, 51, 59, 32, 3, 21, 34, 51, 59, 13, 8, 9, 55, 10, 22, 0)
s = 188: (0, 41, 29, 17, 22, 21, 33, 11, 16, 33, 20, 19, 19, 21, 16, 46, 45, 59, 63, 32, 3, 27, 49, 39, 58, 15, 11, 9, 81, 9, 19, 0)
s = 189: (0, 21, 49, 11, 32, 22, 25, 10, 22, 37, 16, 28, 27, 15, 6, 62, 25, 41, 54, 18, 2, 18, 50, 30, 98, 19, 5, 18, 49, 8, 12, 0)
s = 190: (0, 49, 47, 11, 23, 10, 45, 8, 27, 47, 24, 18, 31, 12, 11, 42, 34, 93, 60, 46, 3, 20, 34, 55, 93, 15, 4, 12, 48, 10, 18, 0)
s = 191: (0, 29, 40, 11, 26, 13, 46, 8, 18, 38, 12, 16, 29, 9, 8, 28, 37, 87, 35, 18, 2, 32, 47, 37, 78, 26, 5, 12, 101, 9, 20, 0)
s = 192: (0, 36, 69, 10, 33, 23, 41, 7, 17, 42, 11, 29, 21, 16, 6, 25, 30, 105, 43, 33, 3, 14, 63, 38, 77, 23, 4, 19, 87, 7, 20, 0)
s = 193: (0, 22, 36, 18, 25, 17, 23, 6, 16, 41, 16, 19, 37, 11, 7, 49, 26, 39, 43, 26, 3, 27, 38, 49, 58, 11, 7, 12, 63, 7, 15, 0)
s = 194: (0, 38, 44, 16, 30, 21, 32, 8, 22, 28, 16, 16, 35, 18, 6, 24, 24, 81, 40, 30, 2, 12, 82, 65, 60, 13, 4, 8, 95, 10, 15, 0)
s = 195: (0, 27, 33, 19, 51, 15, 34, 11, 12, 51, 12, 24, 23, 9, 8, 24, 26, 50, 39, 37, 3, 22, 69, 69, 55, 20, 5, 12, 71, 11, 16, 0)
s = 196: (0, 21, 56, 20, 33, 11, 25, 7, 21, 40, 25, 20, 37, 17, 7, 34, 30, 79, 73, 18, 3, 15, 35, 41, 44, 27, 6, 18, 72, 7, 21, 0)
s = 197: (0, 32, 91, 17, 20, 13, 30, 12, 13, 31, 16, 19, 29, 16, 9, 29, 25, 65, 44, 33, 3, 11, 65, 42, 79, 29, 6, 13, 58, 8, 14, 0)
s = 198: (0, 25, 46, 13, 37, 23, 46, 5, 21, 35, 17, 18, 26, 20, 14, 28, 21, 92, 79, 16, 3, 11, 58, 54, 65, 15, 5, 14, 55, 10, 16, 0)
s = 199: (0, 46, 39, 23, 50, 19, 39, 10, 16, 30, 11, 16, 24, 10, 11, 39, 27, 54, 78, 17, 3, 26, 51, 47, 58, 23, 4, 11, 60, 5, 14, 0)
s = 200: (0, 50, 67, 17, 25, 15, 29, 14, 19, 38, 16, 31, 32, 14, 14, 23, 38, 68, 66, 22, 2, 15, 69, 47, 61, 25, 4, 13, 46, 9, 20, 0)
************************************************************************
ES/LS-VALUES:
jobnr.   ES(i)    LS(i)
------------------------------------------------------------------------
  0        0        0
  1        0       95
  2        0       74
  3        0       73
  4       15       145
  5       15       89
  6       32       106
  7        9       84
  8       38       113
  9       17       92
 10       34       110
 11       51       127
 12       68       168
 13       42       160
 14       15       125
 15       42       118
 16       57       134
 17       17       155
 18       34       126
 19       68       144
 20       17       158
 21       51       165
 22       84       160
 23       60       175
 24       74       151
 25       68       171
 26       51       160
 27       88       166
 28       97       174
 29       84       187
 30       100       178
 31       111       189
************************************************************************
BIG-M-VALUES:
M1 = 105, M2 = 546
************************************************************************
