************************************************************************
file with basedata            : j9027_.bas
initial value random generator: 803376740
************************************************************************
projects                      :  1
jobs (incl. supersource/sink ):  92
horizon                       :  506
RESOURCES
  - renewable                 :  4   R
  - nonrenewable              :  0   N
  - doubly constrained        :  0   D
************************************************************************
PROJECT INFORMATION:
pronr.  #jobs rel.date duedate tardcost  MPM-Time
    1     90      0       87       42       87
************************************************************************
PRECEDENCE RELATIONS:
jobnr.    #modes  #successors   successors
   0        1          3           1   2   3
   1        1          3           6  13  20
   2        1          3           4   8  15
   3        1          3           5  23  26
   4        1          3           7  19  21
   5        1          3          22  25  33
   6        1          3          11  15  17
   7        1          2          57  78
   8        1          3           9  10  60
   9        1          2          39  63
  10        1          3          12  14  18
  11        1          2          35  69
  12        1          2          44  58
  13        1          2          40  54
  14        1          3          16  52  67
  15        1          1          37
  16        1          2          29  74
  17        1          2          43  90
  18        1          3          33  50  71
  19        1          3          28  55  69
  20        1          3          27  41  61
  21        1          3          36  47  56
  22        1          2          24  32
  23        1          1          82
  24        1          1          70
  25        1          2          54  66
  26        1          2          69  84
  27        1          3          49  58  77
  28        1          3          30  31  53
  29        1          2          53  62
  30        1          3          32  45  48
  31        1          3          34  38  61
  32        1          2          76  86
  33        1          2          65  75
  34        1          3          42  80  85
  35        1          2          57  79
  36        1          3          45  51  72
  37        1          2          39  44
  38        1          1          78
  39        1          2          43  52
  40        1          1          43
  41        1          2          46  81
  42        1          1          48
  43        1          2          65  71
  44        1          2          68  74
  45        1          2          46  60
  46        1          1          80
  47        1          1          65
  48        1          2          59  62
  49        1          1          56
  50        1          1          87
  51        1          1          59
  52        1          1          64
  53        1          2          56  83
  54        1          2          64  68
  55        1          2          60  67
  56        1          1          59
  57        1          1          87
  58        1          1          67
  59        1          2          64  89
  60        1          2          71  85
  61        1          1          83
  62        1          1          75
  63        1          1          70
  64        1          2          73  75
  65        1          3          66  72  73
  66        1          3          70  77  78
  67        1          1          79
  68        1          3          73  77  87
  69        1          2          76  88
  70        1          1          74
  71        1          1          81
  72        1          1          89
  73        1          1          81
  74        1          1          86
  75        1          1          82
  76        1          1          83
  77        1          1          79
  78        1          2          80  85
  79        1          1          82
  80        1          1          84
  81        1          1          84
  82        1          1          88
  83        1          1          90
  84        1          1          86
  85        1          1          89
  86        1          1          88
  87        1          1          90
  88        1          1          91
  89        1          1          91
  90        1          1          91
  91        1          0        
************************************************************************
REQUESTS/DURATIONS:
jobnr. mode duration  R 1  R 2  R 3  R 4  E(W 1)
------------------------------------------------------------------------
  0      1     0       0    0    0    0     0
  1      1     2       4    9   10    0    46
  2      1     7       1    3    1    1    63
  3      1     7       5    4    0    2    77
  4      1     5       9    0    9    4    110
  5      1     5       5    9    0    5    95
  6      1     8       2    0    4    0    48
  7      1     9      10    4    9    0    207
  8      1     8       2    6    0    0    64
  9      1    10       0    1   10    6    180
 10      1     6       4    1    4    0    60
 11      1     2       0   10    1    0    24
 12      1     9       9    0   10    6    225
 13      1     4       1    8    5    7    88
 14      1     3       5    0    0    9    42
 15      1     6       6    5    3    0    84
 16      1     4       0    0    9    0    36
 17      1     3       7    8    2    8    75
 18      1     9       3    2    7    7    171
 19      1     8       7    7    6    9    232
 20      1     7       6   10    5    5    182
 21      1     9       1    8    0    0    90
 22      1     4       0    2    6    7    60
 23      1    10       4    6    1    8    200
 24      1     2       0    2    1    1    12
 25      1     9       1    1    7    8    171
 26      1     2       2    3    0    2    14
 27      1     1       9    0    3    1    14
 28      1     5       0    9    0    7    80
 29      1     3       0    7    9    6    66
 30      1     9       8    1    1    9    189
 31      1     3       7    0    9    0    48
 32      1     7       0    9    0    3    84
 33      1     6       2    5    9    1    108
 34      1     5      10    0    0    4    70
 35      1     8       0    5    0    2    56
 36      1     6       0    0    0    4    24
 37      1    10      10    1    7    0    190
 38      1     8       6    4    8    0    144
 39      1     6       1    5    5    3    90
 40      1     8       7    7    7    0    168
 41      1     5       0    3    2    8    65
 42      1     3       2    9    8    0    57
 43      1     1       0    6    0    3     9
 44      1     7       0    7    8    6    147
 45      1     9       8    5    9    2    216
 46      1     2       4    0    0    9    26
 47      1     1       0    9    2    7    18
 48      1     1       2    6    2    2    12
 49      1     5       0    0    9    3    60
 50      1     4      10    6    3    0    76
 51      1     5       9    2    6    0    85
 52      1    10       2    8    5    9    240
 53      1     5       5    8    0    1    75
 54      1    10       2    9    4    8    230
 55      1     9       0    4    9    5    162
 56      1     5      10    2   10    0    110
 57      1     5       1    7   10   10    145
 58      1    10       3    0    4   10    170
 59      1     3       4   10    6    0    60
 60      1     6      10    5   10   10    210
 61      1     3       7    1    6    4    57
 62      1     7       8    1    0    0    70
 63      1     5       0    9    9    1    100
 64      1     1       2    5    0    4    11
 65      1     4      10    8    1    5    100
 66      1     3       6    6    9    0    63
 67      1     8       6    6    7    1    168
 68      1     4       2    2    0    5    36
 69      1     1       0    7    0    0     7
 70      1     8       5    6    3    0    112
 71      1     6      10    3    4    8    150
 72      1     1       5    9    3    6    23
 73      1     1       8    3    3    6    20
 74      1     7       0    0    8    6    98
 75      1     5       0    9    7    8    120
 76      1     8       0    0    9    3    96
 77      1     5       1    0    9    0    55
 78      1     8       0    6    1    9    136
 79      1     3       2    4    0    6    36
 80      1     2       0    9    0    1    22
 81      1     8       0    1    8   10    160
 82      1     9       8    5    5    3    189
 83      1     2       0    9    1    4    30
 84      1    10       1    1    9    0    130
 85      1    10       4   10    2    6    220
 86      1     9       0    7    3    8    162
 87      1     7       2    4    0    2    56
 88      1     5       9    5    6    7    135
 89      1     5      10    9    0    9    140
 90      1     2       7   10    0    0    34
 91      1     0       0    0    0    0     0
************************************************************************
RESOURCEAVAILABILITIES:
  R 1
   197
************************************************************************
RESOURCE LIMITS:
jobnr.  l(R 1)  u(R 1)
------------------------------------------------------------------------
  0        0       0
  1       12      23
  2        5       9
  3        6      11
  4       12      22
  5       11      19
  6        3       6
  7       12      23
  8        4       8
  9        9      18
 10        5      10
 11        6      12
 12       13      25
 13       12      22
 14        8      14
 15        8      14
 16        5       9
 17       13      25
 18       11      19
 19       16      29
 20       14      26
 21        5      10
 22        8      15
 23       10      20
 24        3       6
 25       10      19
 26        4       7
 27        8      14
 28        9      16
 29       12      22
 30       11      21
 31        9      16
 32        7      12
 33       10      18
 34        7      14
 35        4       7
 36        2       4
 37       10      19
 38        9      18
 39        9      15
 40       12      21
 41        7      13
 42       10      19
 43        5       9
 44       11      21
 45       13      24
 46        7      13
 47       10      18
 48        6      12
 49        7      12
 50       10      19
 51        9      17
 52       13      24
 53        8      15
 54       12      23
 55       10      18
 56       11      22
 57       15      29
 58        9      17
 59       10      20
 60       18      35
 61       10      19
 62        5      10
 63       11      20
 64        6      11
 65       13      25
 66       11      21
 67       11      21
 68        5       9
 69        4       7
 70        8      14
 71       13      25
 72       13      23
 73       11      20
 74        7      14
 75       13      24
 76        7      12
 77        6      11
 78        9      17
 79        6      12
 80        6      11
 81       10      20
 82       12      21
 83        8      15
 84        7      13
 85       11      22
 86       10      18
 87        4       8
 88       15      27
 89       15      28
 90        9      17
 91        0       0
************************************************************************
SCENARIOS:
------------------------------------------------------------------------
RESOURCE k = 1
s = 1: (0, 49, 100, 74, 89, 108, 66, 248, 118, 106, 72, 21, 250, 60, 50, 91, 37, 71, 196, 175, 146, 141, 48, 307, 12, 157, 13, 14, 90, 48, 169, 58, 105, 157, 50, 32, 29, 166, 102, 138, 129, 71, 62, 7, 167, 249, 39, 11, 10, 38, 68, 91, 321, 79, 287, 171, 61, 87, 186, 63, 254, 60, 45, 114, 7, 89, 46, 234, 23, 5, 91, 170, 19, 30, 95, 196, 121, 42, 132, 22, 17, 109, 132, 26, 90, 156, 153, 49, 88, 99, 51, 0)
s = 2: (0, 59, 42, 74, 104, 118, 89, 230, 75, 144, 75, 42, 156, 75, 39, 75, 20, 99, 143, 253, 263, 85, 60, 154, 10, 151, 10, 12, 81, 48, 159, 66, 89, 104, 55, 46, 29, 134, 195, 93, 229, 53, 57, 9, 96, 139, 31, 14, 14, 62, 94, 85, 189, 98, 383, 251, 87, 109, 106, 64, 277, 99, 54, 115, 9, 81, 49, 143, 23, 5, 108, 119, 24, 19, 86, 90, 116, 56, 145, 39, 22, 123, 185, 28, 171, 201, 151, 77, 86, 104, 27, 0)
s = 3: (0, 54, 53, 66, 114, 75, 73, 221, 62, 176, 46, 20, 284, 116, 22, 71, 36, 74, 128, 210, 252, 125, 43, 181, 19, 140, 10, 10, 67, 49, 234, 63, 109, 127, 63, 60, 18, 184, 103, 99, 127, 94, 61, 11, 218, 342, 16, 14, 14, 64, 47, 63, 270, 92, 274, 176, 162, 208, 212, 85, 247, 92, 65, 127, 7, 144, 45, 197, 26, 5, 124, 232, 39, 18, 180, 163, 127, 55, 175, 43, 17, 148, 159, 24, 144, 250, 141, 43, 150, 108, 30, 0)
s = 4: (0, 29, 85, 74, 146, 74, 42, 290, 91, 109, 39, 27, 245, 103, 53, 112, 30, 81, 247, 231, 203, 92, 52, 215, 17, 136, 16, 10, 50, 44, 197, 53, 71, 92, 84, 68, 18, 183, 103, 91, 88, 75, 41, 6, 102, 159, 35, 24, 14, 71, 87, 108, 157, 104, 312, 94, 132, 89, 142, 63, 203, 60, 65, 88, 10, 131, 74, 111, 56, 5, 146, 118, 19, 15, 59, 68, 90, 52, 89, 27, 20, 205, 133, 38, 105, 203, 290, 40, 176, 103, 36, 0)
s = 5: (0, 34, 85, 68, 108, 75, 59, 205, 55, 124, 53, 29, 236, 101, 43, 68, 23, 66, 149, 216, 178, 61, 85, 214, 12, 173, 12, 17, 84, 105, 222, 50, 98, 148, 68, 72, 28, 135, 124, 62, 124, 84, 72, 7, 102, 277, 18, 11, 12, 73, 113, 105, 229, 42, 148, 144, 81, 147, 103, 78, 188, 77, 73, 58, 14, 122, 72, 173, 43, 5, 140, 124, 17, 21, 94, 110, 113, 48, 118, 33, 19, 220, 197, 24, 194, 234, 106, 60, 104, 168, 35, 0)
s = 6: (0, 31, 42, 118, 87, 107, 88, 207, 95, 246, 78, 21, 285, 126, 25, 77, 24, 64, 219, 198, 235, 55, 37, 158, 13, 138, 21, 16, 49, 43, 267, 69, 106, 79, 59, 70, 30, 154, 105, 91, 189, 102, 40, 6, 146, 175, 32, 18, 8, 57, 65, 115, 162, 64, 147, 210, 94, 191, 173, 56, 244, 57, 83, 120, 14, 129, 54, 95, 27, 7, 130, 95, 37, 20, 86, 113, 71, 42, 128, 42, 26, 179, 283, 29, 172, 213, 200, 53, 126, 221, 21, 0)
s = 7: (0, 32, 72, 62, 127, 95, 32, 184, 65, 210, 71, 41, 291, 129, 61, 60, 37, 89, 230, 193, 118, 63, 62, 142, 18, 156, 17, 11, 50, 41, 126, 33, 71, 103, 50, 93, 16, 174, 123, 103, 143, 57, 63, 7, 122, 194, 25, 22, 11, 40, 118, 48, 173, 47, 174, 199, 104, 92, 136, 51, 187, 45, 52, 109, 15, 132, 45, 186, 52, 7, 121, 121, 15, 11, 55, 124, 132, 30, 183, 52, 28, 246, 119, 38, 103, 198, 90, 35, 187, 127, 40, 0)
s = 8: (0, 50, 55, 65, 130, 103, 33, 236, 89, 279, 45, 22, 241, 57, 48, 69, 45, 83, 137, 169, 177, 55, 45, 150, 12, 108, 18, 19, 95, 60, 136, 81, 130, 91, 74, 88, 16, 145, 133, 83, 317, 71, 55, 11, 120, 278, 44, 16, 10, 68, 59, 74, 278, 72, 427, 130, 146, 153, 157, 44, 171, 73, 92, 78, 11, 117, 85, 107, 32, 12, 125, 197, 26, 16, 118, 97, 62, 49, 125, 50, 27, 124, 162, 19, 127, 173, 230, 34, 92, 113, 44, 0)
s = 9: (0, 58, 59, 56, 91, 56, 48, 158, 49, 131, 44, 18, 239, 56, 30, 52, 21, 87, 219, 286, 119, 88, 88, 158, 17, 265, 13, 12, 74, 47, 231, 49, 102, 151, 81, 50, 21, 122, 114, 99, 217, 72, 89, 8, 195, 215, 22, 19, 8, 43, 59, 143, 440, 76, 231, 178, 64, 195, 106, 48, 128, 60, 75, 148, 10, 69, 90, 334, 30, 11, 105, 153, 26, 30, 67, 75, 136, 33, 74, 26, 21, 155, 223, 22, 128, 264, 152, 57, 199, 85, 35, 0)
s = 10: (0, 41, 110, 103, 110, 120, 43, 164, 47, 106, 63, 29, 138, 60, 28, 108, 34, 96, 180, 235, 275, 94, 46, 121, 11, 227, 13, 16, 106, 64, 121, 59, 58, 112, 51, 73, 14, 128, 98, 78, 148, 53, 73, 8, 233, 270, 16, 24, 17, 52, 55, 67, 170, 103, 176, 224, 81, 123, 160, 66, 221, 52, 91, 102, 9, 119, 50, 168, 23, 7, 167, 138, 23, 15, 127, 98, 90, 42, 86, 26, 16, 94, 189, 36, 95, 321, 204, 51, 110, 100, 32, 0)
s = 11: (0, 71, 39, 97, 144, 163, 67, 284, 58, 161, 45, 31, 168, 81, 41, 113, 25, 44, 172, 282, 126, 113, 70, 166, 7, 168, 10, 14, 126, 74, 392, 31, 98, 104, 79, 46, 21, 131, 161, 78, 131, 46, 74, 9, 152, 336, 32, 11, 15, 75, 121, 85, 157, 44, 158, 197, 110, 229, 289, 76, 275, 63, 89, 97, 12, 95, 65, 137, 52, 7, 109, 149, 27, 13, 90, 125, 95, 34, 172, 53, 21, 171, 216, 26, 136, 167, 198, 57, 159, 133, 34, 0)
s = 12: (0, 55, 49, 65, 98, 144, 62, 204, 43, 105, 56, 29, 291, 95, 45, 114, 26, 67, 220, 182, 169, 95, 43, 154, 11, 133, 8, 23, 94, 39, 269, 75, 120, 165, 54, 39, 23, 131, 128, 52, 125, 74, 67, 10, 139, 154, 34, 16, 13, 66, 56, 63, 190, 45, 257, 108, 174, 145, 120, 72, 158, 42, 89, 112, 7, 87, 84, 146, 24, 6, 60, 171, 18, 13, 153, 96, 120, 46, 112, 35, 37, 94, 156, 18, 132, 322, 136, 74, 142, 126, 46, 0)
s = 13: (0, 25, 110, 59, 154, 118, 42, 265, 123, 248, 47, 19, 201, 141, 36, 112, 26, 68, 216, 261, 155, 74, 74, 320, 18, 164, 11, 16, 69, 49, 138, 83, 82, 128, 110, 45, 20, 163, 145, 97, 143, 52, 48, 10, 235, 143, 20, 17, 10, 54, 58, 60, 274, 46, 251, 96, 149, 183, 208, 37, 137, 59, 82, 107, 11, 66, 63, 180, 32, 12, 81, 142, 22, 17, 57, 127, 88, 53, 83, 46, 23, 168, 151, 33, 92, 263, 122, 87, 86, 122, 28, 0)
s = 14: (0, 35, 74, 114, 89, 71, 65, 162, 51, 235, 45, 23, 217, 110, 36, 46, 39, 75, 143, 157, 207, 61, 34, 213, 12, 277, 11, 18, 102, 53, 254, 36, 116, 88, 69, 76, 14, 185, 115, 66, 227, 49, 75, 8, 198, 186, 18, 18, 16, 79, 88, 72, 266, 84, 264, 163, 135, 175, 131, 66, 255, 75, 80, 134, 12, 131, 66, 180, 58, 8, 174, 142, 13, 16, 100, 135, 113, 39, 112, 38, 18, 111, 118, 39, 113, 138, 226, 50, 136, 107, 29, 0)
s = 15: (0, 66, 83, 71, 111, 85, 59, 108, 56, 131, 52, 14, 239, 74, 56, 102, 62, 65, 133, 195, 193, 59, 64, 181, 19, 118, 12, 13, 55, 72, 203, 35, 109, 129, 100, 32, 15, 167, 90, 69, 236, 58, 57, 8, 118, 173, 31, 16, 12, 90, 41, 105, 196, 102, 241, 187, 112, 94, 207, 52, 138, 51, 44, 110, 14, 81, 80, 115, 34, 6, 75, 106, 13, 31, 139, 114, 87, 60, 176, 34, 17, 123, 172, 18, 112, 237, 156, 54, 201, 205, 27, 0)
s = 16: (0, 74, 34, 68, 122, 125, 38, 241, 44, 146, 32, 29, 266, 104, 49, 59, 45, 48, 150, 187, 189, 73, 71, 194, 11, 279, 25, 18, 72, 68, 191, 76, 71, 106, 81, 76, 15, 399, 174, 135, 108, 83, 37, 12, 97, 309, 37, 15, 14, 64, 62, 148, 155, 120, 233, 114, 72, 77, 178, 67, 202, 42, 110, 94, 11, 99, 79, 278, 43, 6, 127, 192, 20, 25, 66, 111, 122, 40, 97, 39, 21, 157, 167, 24, 131, 249, 152, 50, 140, 121, 22, 0)
s = 17: (0, 31, 53, 96, 88, 128, 60, 120, 51, 157, 78, 15, 181, 125, 36, 89, 26, 68, 222, 274, 213, 100, 67, 147, 11, 253, 13, 15, 63, 50, 170, 53, 74, 115, 67, 68, 31, 281, 172, 85, 128, 41, 67, 8, 127, 204, 27, 12, 8, 54, 55, 93, 193, 45, 173, 189, 115, 141, 131, 79, 176, 40, 47, 109, 10, 89, 73, 150, 47, 8, 153, 120, 24, 17, 80, 87, 88, 42, 90, 51, 35, 104, 147, 22, 145, 235, 135, 58, 96, 225, 30, 0)
s = 18: (0, 92, 60, 119, 81, 103, 70, 223, 100, 169, 38, 17, 280, 80, 44, 94, 33, 71, 169, 201, 144, 54, 70, 159, 8, 157, 12, 15, 96, 62, 213, 46, 54, 91, 49, 68, 21, 216, 118, 79, 179, 66, 33, 6, 125, 357, 20, 13, 15, 37, 84, 78, 250, 57, 237, 235, 154, 152, 130, 100, 170, 62, 75, 66, 9, 65, 56, 158, 36, 7, 72, 198, 20, 17, 132, 140, 70, 59, 122, 26, 29, 201, 205, 37, 94, 167, 177, 50, 146, 115, 22, 0)
s = 19: (0, 42, 39, 44, 91, 80, 72, 179, 79, 143, 76, 28, 199, 74, 31, 79, 27, 75, 141, 296, 166, 98, 48, 291, 17, 189, 13, 8, 119, 91, 171, 42, 126, 78, 94, 67, 16, 251, 85, 79, 234, 37, 73, 6, 111, 256, 18, 26, 19, 55, 58, 89, 251, 80, 177, 151, 88, 82, 172, 39, 380, 84, 50, 114, 11, 71, 49, 134, 22, 7, 88, 114, 20, 26, 117, 145, 60, 66, 124, 48, 28, 224, 98, 35, 159, 122, 118, 55, 101, 99, 37, 0)
s = 20: (0, 56, 86, 72, 104, 69, 72, 199, 56, 105, 43, 31, 217, 109, 31, 53, 28, 100, 187, 187, 139, 112, 51, 202, 10, 171, 14, 18, 57, 57, 232, 45, 46, 150, 89, 70, 25, 227, 152, 89, 122, 85, 45, 11, 137, 310, 19, 17, 18, 75, 92, 98, 366, 63, 226, 118, 85, 207, 184, 71, 231, 77, 88, 79, 9, 101, 47, 130, 38, 6, 102, 87, 29, 20, 116, 82, 65, 43, 102, 40, 17, 188, 272, 25, 103, 278, 136, 72, 97, 110, 40, 0)
s = 21: (0, 38, 57, 68, 165, 96, 35, 205, 93, 190, 41, 16, 125, 78, 33, 81, 31, 41, 289, 254, 209, 107, 85, 235, 13, 266, 11, 15, 86, 51, 158, 38, 111, 131, 63, 46, 24, 220, 102, 87, 179, 72, 41, 14, 106, 207, 21, 17, 10, 45, 95, 121, 242, 80, 239, 139, 91, 110, 106, 68, 186, 49, 74, 83, 8, 125, 56, 164, 24, 10, 108, 192, 24, 16, 70, 73, 99, 43, 105, 23, 23, 158, 232, 21, 83, 115, 162, 46, 90, 186, 31, 0)
s = 22: (0, 46, 41, 117, 88, 49, 37, 233, 111, 157, 71, 16, 305, 75, 47, 74, 32, 54, 170, 219, 232, 115, 66, 156, 8, 207, 15, 11, 59, 81, 121, 47, 67, 130, 61, 73, 28, 122, 118, 58, 145, 105, 92, 8, 109, 183, 21, 16, 16, 58, 74, 90, 231, 53, 210, 192, 74, 161, 243, 94, 183, 59, 43, 71, 9, 151, 62, 193, 39, 11, 85, 183, 15, 13, 95, 176, 108, 32, 160, 34, 21, 109, 112, 17, 144, 163, 90, 35, 148, 170, 53, 0)
s = 23: (0, 38, 44, 65, 95, 94, 40, 129, 56, 147, 54, 45, 132, 86, 49, 97, 35, 103, 150, 291, 130, 120, 50, 122, 15, 136, 15, 14, 90, 103, 106, 77, 48, 87, 74, 53, 25, 186, 135, 127, 126, 85, 44, 8, 152, 230, 18, 28, 11, 46, 66, 78, 194, 94, 320, 217, 138, 209, 220, 44, 181, 47, 59, 108, 10, 126, 47, 182, 36, 7, 77, 169, 19, 23, 157, 74, 62, 30, 98, 27, 24, 147, 139, 33, 103, 138, 196, 65, 115, 103, 43, 0)
s = 24: (0, 39, 47, 80, 133, 72, 36, 180, 70, 133, 61, 25, 208, 72, 59, 74, 24, 74, 186, 186, 116, 100, 36, 182, 9, 154, 14, 17, 75, 53, 155, 70, 73, 81, 60, 55, 21, 189, 162, 65, 128, 45, 32, 8, 163, 227, 18, 19, 10, 58, 46, 93, 309, 79, 279, 146, 132, 134, 168, 65, 151, 43, 74, 117, 15, 101, 97, 183, 42, 6, 138, 107, 14, 26, 90, 132, 121, 59, 85, 26, 16, 173, 263, 30, 88, 215, 110, 82, 107, 237, 42, 0)
s = 25: (0, 33, 40, 91, 61, 87, 60, 138, 47, 188, 61, 30, 189, 82, 36, 81, 51, 105, 188, 432, 189, 90, 37, 158, 13, 246, 15, 13, 104, 55, 157, 56, 119, 97, 78, 52, 30, 231, 119, 64, 134, 65, 35, 7, 160, 204, 19, 20, 13, 59, 65, 115, 243, 46, 181, 111, 73, 110, 249, 66, 185, 93, 119, 69, 7, 61, 63, 141, 39, 7, 128, 131, 16, 31, 108, 142, 108, 49, 205, 32, 16, 156, 335, 33, 127, 207, 156, 76, 160, 172, 31, 0)
s = 26: (0, 50, 102, 95, 136, 66, 33, 299, 89, 124, 34, 16, 229, 80, 27, 72, 29, 91, 201, 206, 172, 105, 44, 243, 14, 159, 14, 20, 138, 100, 166, 44, 110, 89, 49, 47, 27, 125, 144, 54, 114, 105, 39, 13, 143, 193, 35, 15, 16, 82, 89, 77, 196, 45, 259, 135, 114, 131, 199, 48, 162, 55, 81, 161, 9, 64, 34, 149, 31, 11, 129, 108, 29, 14, 129, 134, 143, 64, 73, 31, 25, 161, 172, 33, 132, 285, 193, 58, 143, 140, 43, 0)
s = 27: (0, 45, 69, 89, 108, 106, 37, 152, 79, 240, 59, 22, 306, 136, 25, 71, 31, 90, 117, 158, 114, 71, 60, 183, 11, 151, 20, 19, 116, 63, 196, 43, 80, 77, 53, 34, 27, 230, 142, 110, 183, 62, 58, 12, 100, 137, 37, 11, 12, 71, 64, 119, 411, 62, 234, 118, 103, 190, 135, 67, 176, 66, 69, 100, 15, 69, 70, 137, 35, 9, 147, 103, 21, 17, 123, 129, 77, 65, 209, 38, 16, 116, 214, 23, 95, 272, 224, 46, 118, 155, 34, 0)
s = 28: (0, 44, 36, 86, 123, 115, 34, 289, 68, 102, 97, 17, 178, 101, 56, 101, 60, 63, 131, 197, 226, 102, 43, 179, 9, 310, 12, 19, 90, 50, 206, 50, 62, 111, 46, 46, 22, 219, 143, 73, 116, 69, 51, 9, 85, 189, 16, 23, 17, 83, 53, 80, 321, 75, 205, 138, 88, 111, 249, 55, 147, 41, 46, 121, 7, 173, 69, 174, 44, 6, 120, 209, 30, 20, 136, 115, 101, 74, 96, 37, 18, 179, 170, 17, 98, 275, 116, 72, 92, 107, 62, 0)
s = 29: (0, 72, 60, 65, 151, 108, 43, 127, 55, 114, 47, 17, 220, 67, 29, 72, 42, 80, 217, 146, 150, 54, 49, 237, 20, 125, 15, 13, 84, 53, 251, 41, 68, 105, 44, 62, 28, 166, 120, 115, 119, 50, 33, 8, 177, 145, 34, 20, 11, 46, 48, 51, 229, 94, 228, 176, 61, 129, 145, 41, 172, 74, 45, 132, 12, 113, 39, 172, 37, 7, 82, 199, 36, 16, 73, 98, 142, 49, 122, 22, 15, 148, 206, 22, 71, 199, 151, 86, 110, 77, 26, 0)
s = 30: (0, 39, 55, 79, 101, 69, 50, 192, 58, 210, 86, 32, 180, 95, 32, 85, 22, 102, 116, 251, 135, 81, 83, 116, 10, 310, 8, 16, 116, 75, 197, 58, 76, 172, 73, 61, 32, 143, 152, 82, 134, 75, 48, 11, 183, 142, 23, 16, 20, 52, 74, 107, 184, 66, 196, 167, 80, 94, 142, 34, 128, 89, 57, 87, 16, 79, 63, 196, 22, 8, 116, 137, 26, 28, 61, 99, 118, 52, 159, 27, 30, 146, 175, 37, 101, 224, 165, 36, 117, 172, 34, 0)
s = 31: (0, 65, 50, 74, 143, 77, 36, 225, 70, 170, 82, 21, 302, 120, 32, 60, 25, 108, 119, 197, 166, 105, 41, 170, 10, 206, 20, 18, 119, 38, 146, 43, 129, 124, 47, 51, 41, 159, 117, 85, 151, 64, 69, 10, 171, 184, 31, 14, 9, 47, 98, 106, 236, 58, 225, 139, 91, 102, 182, 78, 227, 39, 52, 180, 10, 93, 93, 105, 41, 6, 113, 155, 24, 16, 97, 115, 115, 75, 223, 47, 25, 155, 274, 34, 119, 240, 187, 77, 72, 148, 30, 0)
s = 32: (0, 39, 43, 63, 126, 75, 60, 183, 61, 125, 62, 22, 259, 73, 52, 68, 41, 82, 118, 350, 155, 87, 36, 205, 10, 238, 10, 10, 112, 48, 196, 52, 97, 142, 61, 37, 31, 152, 99, 79, 195, 80, 32, 8, 157, 174, 28, 17, 11, 36, 62, 104, 277, 92, 149, 141, 91, 148, 109, 56, 279, 60, 76, 117, 13, 142, 97, 166, 28, 8, 100, 165, 30, 22, 70, 142, 81, 46, 120, 46, 28, 198, 228, 36, 111, 137, 197, 53, 108, 108, 30, 0)
s = 33: (0, 44, 90, 160, 125, 83, 43, 167, 58, 138, 37, 21, 148, 68, 54, 89, 38, 87, 158, 238, 171, 63, 58, 142, 18, 204, 10, 18, 77, 63, 292, 41, 65, 172, 53, 74, 28, 237, 151, 99, 102, 64, 44, 8, 146, 178, 21, 18, 12, 66, 70, 110, 196, 115, 224, 140, 121, 157, 145, 41, 264, 53, 66, 67, 8, 79, 56, 150, 30, 12, 116, 129, 20, 13, 54, 161, 136, 38, 172, 24, 27, 142, 116, 25, 88, 133, 125, 41, 151, 152, 26, 0)
s = 34: (0, 29, 75, 42, 95, 122, 39, 148, 44, 205, 49, 23, 216, 114, 41, 127, 42, 100, 157, 222, 170, 120, 48, 214, 13, 175, 12, 12, 126, 60, 172, 36, 60, 126, 62, 36, 42, 262, 111, 108, 198, 48, 35, 9, 222, 157, 36, 14, 14, 76, 86, 111, 173, 75, 297, 108, 100, 97, 163, 77, 160, 51, 99, 72, 16, 95, 68, 209, 25, 9, 145, 210, 19, 21, 109, 95, 115, 43, 187, 40, 30, 105, 215, 28, 109, 196, 165, 58, 155, 106, 30, 0)
s = 35: (0, 63, 40, 85, 121, 107, 32, 177, 62, 193, 54, 25, 223, 78, 37, 48, 29, 97, 126, 145, 181, 67, 66, 118, 14, 108, 14, 21, 64, 44, 141, 54, 101, 214, 46, 95, 28, 143, 99, 87, 167, 61, 100, 8, 97, 168, 18, 20, 11, 40, 55, 77, 318, 56, 312, 203, 165, 96, 144, 51, 327, 32, 62, 99, 9, 116, 63, 155, 41, 6, 89, 111, 18, 17, 136, 78, 90, 44, 260, 32, 29, 218, 165, 28, 92, 185, 171, 74, 160, 84, 33, 0)
s = 36: (0, 61, 64, 60, 140, 131, 37, 177, 76, 136, 73, 25, 276, 89, 42, 46, 35, 70, 199, 197, 163, 80, 83, 406, 12, 181, 9, 12, 89, 49, 142, 44, 102, 88, 68, 38, 20, 146, 165, 70, 175, 54, 31, 11, 128, 120, 45, 11, 16, 38, 79, 145, 261, 51, 262, 185, 90, 103, 166, 85, 200, 77, 76, 68, 9, 61, 80, 119, 29, 11, 85, 163, 19, 21, 87, 97, 58, 34, 111, 51, 31, 119, 253, 24, 92, 231, 118, 58, 107, 119, 34, 0)
s = 37: (0, 39, 56, 88, 133, 86, 26, 298, 46, 120, 43, 34, 142, 79, 34, 64, 34, 120, 109, 225, 338, 80, 41, 176, 12, 160, 11, 13, 93, 43, 164, 53, 109, 65, 83, 53, 21, 269, 116, 114, 156, 68, 38, 7, 138, 204, 42, 22, 17, 61, 48, 50, 219, 63, 290, 210, 76, 97, 287, 96, 236, 46, 49, 72, 14, 94, 66, 117, 34, 11, 113, 118, 18, 25, 144, 109, 52, 47, 103, 45, 19, 193, 155, 35, 199, 266, 153, 48, 163, 92, 25, 0)
s = 38: (0, 51, 55, 52, 122, 126, 31, 187, 47, 159, 47, 24, 271, 71, 32, 151, 45, 49, 137, 185, 137, 96, 47, 112, 18, 180, 14, 14, 84, 54, 158, 31, 86, 84, 93, 47, 25, 286, 152, 93, 168, 79, 91, 8, 144, 237, 31, 24, 10, 37, 60, 98, 388, 81, 182, 115, 115, 194, 136, 60, 215, 55, 55, 101, 14, 111, 47, 122, 34, 9, 88, 219, 16, 25, 86, 117, 140, 67, 193, 56, 25, 111, 241, 19, 90, 157, 204, 29, 150, 96, 47, 0)
s = 39: (0, 42, 103, 101, 104, 55, 43, 345, 59, 202, 66, 25, 282, 114, 54, 70, 54, 88, 208, 245, 175, 71, 58, 205, 8, 186, 18, 17, 96, 48, 215, 42, 101, 98, 63, 81, 30, 200, 104, 92, 197, 77, 38, 9, 145, 118, 27, 15, 11, 88, 113, 48, 154, 49, 155, 165, 80, 147, 156, 56, 308, 75, 57, 113, 9, 116, 68, 163, 25, 5, 158, 231, 26, 16, 126, 85, 104, 52, 180, 45, 17, 131, 219, 27, 107, 249, 186, 42, 152, 95, 44, 0)
s = 40: (0, 42, 36, 87, 64, 91, 54, 200, 72, 150, 57, 18, 195, 68, 46, 109, 23, 52, 177, 260, 127, 58, 59, 194, 14, 167, 9, 14, 65, 91, 174, 56, 121, 68, 81, 34, 22, 357, 88, 73, 173, 65, 66, 8, 184, 181, 26, 17, 15, 56, 97, 88, 181, 79, 174, 117, 84, 88, 179, 60, 134, 70, 67, 122, 11, 151, 49, 148, 34, 6, 92, 119, 21, 20, 124, 111, 136, 36, 121, 48, 16, 94, 218, 37, 107, 311, 209, 90, 124, 125, 31, 0)
s = 41: (0, 34, 74, 100, 121, 66, 55, 276, 107, 176, 94, 26, 196, 121, 32, 110, 38, 44, 107, 246, 150, 62, 39, 122, 11, 109, 13, 19, 60, 47, 253, 66, 48, 118, 62, 65, 36, 217, 203, 138, 187, 47, 61, 8, 96, 193, 37, 14, 13, 73, 87, 59, 343, 99, 147, 194, 97, 139, 272, 53, 223, 47, 107, 88, 15, 134, 43, 212, 24, 5, 59, 122, 25, 31, 72, 165, 92, 35, 148, 24, 25, 89, 213, 21, 155, 134, 98, 54, 133, 214, 31, 0)
s = 42: (0, 45, 72, 74, 79, 73, 70, 160, 57, 118, 48, 24, 219, 75, 43, 62, 38, 60, 156, 296, 225, 95, 32, 128, 18, 253, 28, 15, 65, 70, 236, 45, 54, 145, 72, 75, 37, 137, 120, 55, 147, 79, 44, 10, 142, 152, 31, 28, 17, 80, 53, 91, 326, 50, 156, 104, 74, 123, 93, 79, 154, 58, 50, 77, 8, 102, 40, 202, 34, 12, 91, 266, 44, 16, 86, 117, 123, 49, 111, 37, 27, 150, 306, 19, 146, 153, 184, 41, 109, 191, 43, 0)
s = 43: (0, 57, 102, 90, 82, 120, 50, 310, 44, 142, 59, 16, 241, 95, 40, 88, 28, 107, 107, 265, 207, 115, 65, 220, 13, 200, 14, 12, 80, 54, 252, 61, 96, 110, 55, 67, 31, 223, 95, 66, 98, 58, 53, 6, 127, 231, 42, 11, 7, 70, 47, 138, 175, 51, 332, 271, 82, 220, 252, 71, 138, 53, 53, 78, 11, 111, 56, 177, 30, 9, 102, 125, 14, 17, 91, 75, 61, 49, 128, 63, 15, 145, 141, 29, 168, 220, 158, 60, 111, 120, 32, 0)
s = 44: (0, 70, 100, 72, 118, 86, 46, 265, 54, 178, 54, 25, 231, 126, 48, 104, 46, 70, 177, 197, 268, 122, 75, 155, 8, 186, 19, 11, 77, 57, 189, 58, 79, 192, 94, 37, 27, 294, 147, 143, 261, 97, 88, 10, 193, 136, 25, 23, 12, 48, 85, 53, 202, 104, 286, 121, 113, 167, 121, 37, 190, 41, 67, 98, 16, 74, 43, 178, 19, 6, 142, 137, 20, 12, 56, 140, 130, 40, 228, 36, 22, 123, 262, 26, 182, 200, 151, 47, 111, 92, 59, 0)
s = 45: (0, 64, 51, 80, 101, 167, 42, 171, 44, 144, 72, 22, 377, 94, 60, 58, 41, 68, 224, 136, 289, 122, 48, 290, 9, 171, 17, 13, 82, 64, 173, 69, 57, 56, 70, 66, 27, 146, 98, 65, 176, 65, 45, 10, 146, 235, 26, 18, 10, 57, 60, 121, 220, 49, 256, 259, 185, 119, 191, 46, 214, 45, 54, 146, 7, 61, 89, 160, 65, 7, 67, 200, 23, 11, 119, 95, 90, 63, 118, 35, 34, 115, 189, 18, 130, 158, 161, 84, 101, 200, 23, 0)
s = 46: (0, 33, 75, 90, 115, 96, 42, 205, 41, 228, 46, 20, 149, 74, 38, 87, 32, 45, 308, 212, 248, 94, 68, 158, 8, 212, 16, 15, 50, 56, 244, 59, 104, 135, 47, 79, 14, 120, 149, 93, 157, 54, 52, 8, 145, 137, 17, 13, 9, 49, 116, 62, 184, 91, 251, 256, 98, 100, 95, 37, 169, 46, 59, 89, 13, 104, 71, 100, 27, 9, 103, 170, 21, 11, 103, 122, 104, 56, 165, 38, 35, 187, 214, 46, 104, 187, 162, 47, 145, 203, 29, 0)
s = 47: (0, 55, 55, 97, 117, 71, 28, 257, 52, 165, 58, 23, 174, 94, 27, 83, 37, 78, 209, 220, 227, 117, 62, 119, 11, 278, 13, 24, 76, 69, 128, 30, 66, 119, 52, 38, 27, 158, 77, 73, 131, 42, 95, 8, 146, 203, 30, 14, 16, 56, 69, 78, 209, 69, 319, 210, 118, 150, 207, 46, 227, 55, 97, 76, 10, 83, 40, 99, 25, 7, 136, 179, 31, 16, 76, 94, 118, 66, 74, 44, 17, 182, 199, 23, 176, 197, 264, 63, 99, 131, 32, 0)
s = 48: (0, 40, 65, 45, 97, 86, 52, 143, 92, 241, 95, 32, 140, 67, 46, 70, 62, 80, 273, 235, 177, 119, 47, 171, 9, 133, 10, 19, 78, 45, 123, 60, 61, 96, 85, 83, 19, 197, 119, 121, 244, 60, 32, 9, 164, 277, 34, 15, 14, 74, 80, 86, 153, 95, 180, 131, 71, 130, 132, 86, 154, 74, 98, 95, 20, 90, 56, 149, 30, 9, 121, 146, 20, 20, 75, 184, 119, 72, 85, 28, 24, 103, 125, 32, 227, 169, 199, 67, 111, 102, 33, 0)
s = 49: (0, 42, 94, 42, 135, 64, 50, 129, 92, 226, 84, 25, 224, 92, 42, 93, 34, 53, 157, 136, 234, 57, 52, 274, 13, 168, 11, 9, 72, 47, 216, 54, 76, 74, 87, 43, 24, 385, 157, 66, 137, 73, 40, 9, 128, 184, 28, 15, 16, 71, 54, 67, 283, 46, 230, 182, 77, 121, 119, 81, 187, 57, 108, 130, 9, 87, 37, 146, 36, 8, 82, 216, 13, 24, 157, 146, 97, 58, 107, 47, 20, 136, 147, 35, 94, 160, 163, 86, 158, 176, 21, 0)
s = 50: (0, 30, 85, 60, 105, 95, 34, 177, 44, 158, 48, 29, 277, 76, 26, 65, 31, 44, 199, 239, 162, 108, 78, 281, 18, 220, 15, 14, 46, 52, 156, 60, 101, 151, 84, 55, 20, 117, 198, 87, 123, 38, 49, 15, 117, 210, 14, 20, 12, 53, 52, 129, 346, 46, 128, 169, 205, 200, 125, 55, 188, 65, 93, 115, 10, 138, 50, 125, 30, 5, 148, 99, 21, 23, 101, 86, 92, 48, 209, 30, 27, 117, 221, 21, 88, 195, 192, 87, 89, 133, 31, 0)
s = 51: (0, 41, 71, 70, 89, 134, 46, 151, 64, 253, 35, 41, 192, 83, 35, 112, 49, 86, 126, 185, 236, 95, 64, 164, 9, 157, 11, 18, 78, 83, 124, 75, 70, 83, 54, 36, 22, 174, 120, 101, 163, 52, 79, 10, 184, 330, 31, 13, 11, 86, 43, 59, 238, 50, 271, 246, 184, 130, 136, 69, 389, 68, 73, 75, 11, 107, 64, 132, 62, 9, 180, 97, 24, 18, 116, 89, 141, 39, 116, 29, 18, 181, 149, 25, 125, 211, 160, 75, 208, 123, 26, 0)
s = 52: (0, 46, 63, 89, 101, 71, 50, 165, 63, 210, 89, 17, 150, 114, 26, 48, 36, 90, 150, 321, 185, 91, 60, 156, 10, 145, 16, 9, 59, 59, 181, 42, 69, 126, 46, 48, 26, 155, 121, 52, 145, 92, 78, 11, 185, 166, 30, 15, 21, 49, 88, 57, 147, 96, 262, 140, 145, 91, 119, 44, 233, 56, 67, 75, 8, 106, 57, 167, 24, 6, 118, 109, 18, 20, 110, 170, 73, 64, 139, 29, 28, 147, 259, 41, 89, 168, 211, 89, 108, 177, 33, 0)
s = 53: (0, 48, 110, 78, 168, 128, 45, 363, 94, 224, 80, 17, 307, 85, 61, 66, 55, 112, 172, 136, 179, 90, 68, 152, 14, 111, 10, 18, 67, 62, 189, 59, 87, 98, 49, 37, 27, 123, 104, 80, 106, 118, 36, 9, 136, 306, 42, 22, 9, 43, 82, 55, 283, 57, 142, 86, 80, 116, 173, 93, 246, 49, 59, 101, 15, 125, 64, 209, 41, 14, 122, 182, 20, 28, 95, 183, 76, 96, 215, 32, 19, 84, 148, 27, 103, 198, 113, 33, 111, 154, 54, 0)
s = 54: (0, 47, 69, 123, 64, 71, 64, 269, 46, 165, 34, 27, 307, 68, 35, 48, 32, 59, 274, 305, 134, 57, 53, 174, 13, 169, 11, 13, 70, 86, 146, 72, 63, 109, 134, 41, 23, 217, 106, 116, 196, 58, 85, 9, 188, 234, 17, 20, 13, 55, 68, 83, 246, 76, 265, 185, 165, 151, 166, 62, 223, 48, 110, 79, 16, 114, 78, 167, 45, 6, 76, 158, 17, 18, 117, 98, 70, 42, 100, 26, 19, 166, 182, 44, 228, 142, 246, 66, 87, 88, 57, 0)
s = 55: (0, 57, 75, 109, 84, 84, 28, 222, 71, 109, 84, 26, 346, 98, 29, 70, 33, 47, 237, 181, 311, 85, 39, 301, 24, 140, 19, 11, 78, 102, 141, 38, 102, 124, 53, 39, 25, 146, 183, 92, 125, 53, 41, 10, 107, 190, 19, 15, 8, 55, 124, 117, 128, 60, 337, 121, 108, 158, 172, 54, 228, 78, 108, 88, 11, 77, 57, 137, 51, 5, 116, 116, 17, 17, 65, 172, 76, 47, 167, 25, 28, 119, 193, 22, 114, 181, 108, 50, 92, 167, 32, 0)
s = 56: (0, 39, 60, 72, 118, 89, 62, 142, 69, 266, 77, 22, 199, 89, 34, 86, 25, 72, 220, 246, 161, 78, 61, 115, 9, 148, 15, 17, 73, 61, 191, 73, 106, 119, 95, 39, 19, 162, 137, 140, 205, 59, 67, 13, 141, 254, 42, 18, 18, 43, 109, 84, 202, 89, 280, 127, 77, 156, 280, 50, 245, 50, 58, 88, 8, 123, 54, 143, 34, 5, 130, 124, 22, 13, 152, 101, 89, 40, 87, 39, 15, 100, 311, 31, 100, 329, 248, 55, 140, 110, 46, 0)
s = 57: (0, 38, 45, 70, 166, 66, 60, 228, 98, 136, 32, 19, 268, 79, 32, 72, 27, 90, 105, 259, 257, 82, 58, 302, 12, 108, 17, 16, 46, 80, 283, 46, 78, 126, 48, 50, 16, 161, 109, 69, 174, 49, 48, 13, 166, 197, 18, 27, 10, 41, 86, 116, 172, 74, 158, 164, 91, 119, 163, 78, 136, 55, 70, 158, 9, 97, 53, 151, 24, 6, 142, 162, 15, 18, 68, 111, 88, 51, 91, 38, 25, 84, 292, 33, 119, 237, 105, 47, 203, 165, 22, 0)
s = 58: (0, 38, 44, 60, 70, 117, 40, 261, 74, 163, 52, 20, 243, 85, 26, 147, 49, 89, 147, 364, 142, 65, 57, 290, 10, 191, 14, 21, 110, 68, 146, 43, 121, 74, 51, 86, 35, 194, 95, 114, 151, 88, 37, 12, 163, 153, 30, 36, 12, 86, 84, 83, 404, 130, 261, 195, 98, 180, 126, 42, 205, 103, 52, 129, 9, 101, 51, 217, 35, 5, 166, 138, 24, 17, 59, 113, 92, 83, 120, 35, 17, 162, 159, 29, 120, 165, 115, 49, 112, 133, 35, 0)
s = 59: (0, 51, 61, 124, 75, 91, 53, 276, 37, 184, 36, 24, 165, 64, 30, 87, 39, 70, 152, 193, 263, 52, 46, 117, 8, 115, 12, 8, 65, 53, 160, 63, 87, 87, 71, 61, 24, 269, 198, 98, 201, 77, 67, 10, 290, 271, 29, 26, 16, 105, 80, 68, 233, 108, 200, 129, 76, 116, 189, 95, 200, 71, 91, 104, 14, 83, 59, 249, 34, 8, 121, 119, 32, 23, 71, 217, 113, 52, 213, 32, 19, 110, 124, 31, 163, 254, 268, 69, 120, 146, 20, 0)
s = 60: (0, 48, 79, 56, 102, 92, 55, 210, 55, 166, 114, 20, 295, 77, 49, 69, 40, 81, 258, 239, 114, 76, 61, 198, 15, 121, 9, 19, 122, 53, 203, 76, 79, 142, 54, 45, 26, 127, 126, 128, 282, 88, 58, 11, 89, 247, 32, 26, 12, 74, 75, 64, 192, 87, 157, 230, 73, 109, 171, 50, 274, 53, 72, 110, 18, 75, 44, 147, 41, 9, 92, 214, 16, 21, 151, 106, 84, 40, 109, 47, 29, 148, 139, 39, 131, 239, 259, 47, 144, 121, 27, 0)
s = 61: (0, 25, 75, 51, 123, 130, 37, 260, 73, 163, 52, 29, 193, 99, 35, 92, 38, 53, 214, 257, 191, 98, 40, 199, 16, 182, 14, 11, 77, 73, 133, 83, 97, 177, 63, 47, 16, 180, 103, 93, 233, 65, 84, 6, 176, 144, 27, 18, 9, 65, 62, 136, 390, 66, 200, 173, 165, 82, 229, 71, 128, 57, 89, 63, 7, 85, 52, 141, 28, 8, 102, 95, 31, 16, 64, 129, 93, 51, 222, 32, 34, 127, 182, 28, 159, 264, 131, 37, 104, 126, 52, 0)
s = 62: (0, 54, 74, 97, 80, 171, 56, 176, 47, 149, 51, 20, 175, 88, 34, 95, 41, 78, 138, 172, 125, 101, 92, 150, 10, 148, 16, 14, 71, 58, 182, 41, 111, 95, 54, 67, 27, 191, 92, 82, 216, 87, 52, 9, 91, 156, 26, 11, 11, 54, 105, 109, 294, 66, 372, 141, 71, 164, 167, 54, 221, 76, 93, 150, 10, 130, 43, 249, 26, 7, 68, 194, 24, 33, 86, 194, 120, 47, 103, 35, 14, 174, 130, 25, 82, 203, 150, 50, 105, 151, 32, 0)
s = 63: (0, 40, 88, 73, 79, 100, 50, 277, 42, 113, 65, 17, 235, 95, 47, 94, 28, 80, 150, 176, 200, 128, 91, 193, 10, 207, 10, 9, 75, 93, 200, 58, 70, 119, 78, 98, 28, 184, 171, 91, 144, 85, 49, 9, 141, 269, 21, 12, 8, 98, 80, 106, 268, 43, 374, 144, 68, 172, 163, 34, 134, 56, 58, 94, 17, 74, 59, 224, 31, 6, 110, 138, 17, 23, 105, 172, 137, 64, 117, 53, 30, 255, 127, 28, 140, 197, 97, 46, 122, 198, 21, 0)
s = 64: (0, 39, 109, 62, 94, 62, 59, 212, 90, 255, 61, 32, 163, 97, 53, 63, 54, 103, 95, 252, 188, 97, 36, 125, 10, 155, 15, 17, 119, 69, 208, 49, 53, 116, 59, 70, 31, 250, 142, 89, 183, 56, 49, 8, 111, 187, 36, 16, 10, 40, 110, 119, 176, 59, 182, 120, 93, 143, 152, 57, 177, 54, 68, 79, 14, 71, 49, 224, 27, 9, 129, 197, 28, 28, 102, 107, 54, 72, 140, 46, 28, 193, 267, 40, 187, 135, 160, 34, 146, 209, 52, 0)
s = 65: (0, 37, 70, 87, 93, 106, 47, 174, 65, 143, 75, 22, 356, 73, 25, 115, 30, 72, 243, 182, 147, 91, 54, 153, 15, 135, 9, 20, 113, 66, 204, 47, 82, 140, 50, 70, 33, 209, 129, 152, 280, 68, 54, 8, 115, 208, 35, 19, 15, 34, 70, 61, 386, 94, 265, 174, 80, 155, 142, 65, 299, 88, 100, 104, 13, 94, 49, 209, 22, 12, 76, 87, 33, 13, 147, 163, 128, 52, 104, 45, 22, 177, 143, 22, 158, 231, 85, 41, 108, 135, 41, 0)
s = 66: (0, 33, 35, 69, 139, 57, 57, 157, 51, 167, 36, 18, 168, 53, 37, 58, 30, 92, 192, 231, 149, 55, 80, 292, 11, 219, 13, 16, 67, 57, 159, 45, 53, 137, 38, 53, 23, 221, 101, 91, 146, 58, 41, 7, 139, 192, 20, 18, 14, 41, 82, 70, 321, 83, 144, 140, 94, 134, 162, 68, 162, 54, 51, 66, 10, 85, 54, 130, 46, 7, 127, 182, 26, 26, 107, 99, 95, 44, 214, 35, 25, 212, 196, 16, 171, 195, 149, 50, 210, 170, 27, 0)
s = 67: (0, 61, 63, 71, 121, 64, 77, 286, 75, 252, 53, 41, 310, 68, 35, 73, 49, 84, 175, 193, 166, 124, 51, 234, 15, 132, 11, 11, 46, 41, 320, 56, 81, 135, 51, 33, 32, 158, 140, 107, 192, 56, 60, 12, 237, 163, 18, 15, 24, 51, 61, 93, 260, 66, 395, 175, 102, 108, 276, 55, 146, 36, 64, 93, 11, 154, 43, 125, 38, 7, 74, 193, 28, 32, 79, 129, 63, 71, 77, 52, 27, 260, 205, 20, 117, 234, 163, 49, 100, 142, 48, 0)
s = 68: (0, 51, 56, 57, 103, 93, 36, 167, 47, 231, 61, 48, 372, 49, 29, 57, 52, 56, 205, 257, 163, 96, 60, 239, 9, 119, 12, 19, 76, 44, 251, 41, 69, 122, 67, 81, 21, 158, 109, 124, 96, 54, 55, 7, 195, 207, 23, 12, 10, 42, 73, 50, 192, 87, 203, 219, 129, 157, 202, 63, 223, 102, 63, 92, 11, 142, 41, 173, 54, 6, 130, 186, 24, 25, 143, 121, 131, 48, 73, 42, 31, 154, 296, 19, 110, 195, 277, 46, 119, 119, 41, 0)
s = 69: (0, 43, 45, 66, 126, 87, 42, 239, 37, 232, 52, 27, 170, 60, 39, 56, 45, 136, 136, 153, 129, 82, 64, 152, 16, 109, 11, 11, 93, 36, 153, 45, 73, 150, 101, 45, 22, 229, 142, 63, 167, 83, 55, 7, 120, 200, 20, 21, 11, 49, 88, 125, 170, 61, 211, 167, 111, 119, 142, 71, 262, 41, 65, 148, 13, 82, 58, 160, 25, 4, 61, 167, 26, 23, 87, 100, 115, 42, 72, 28, 20, 146, 190, 24, 112, 169, 119, 81, 112, 114, 34, 0)
s = 70: (0, 36, 57, 73, 62, 86, 62, 279, 62, 229, 48, 27, 316, 81, 29, 84, 66, 91, 154, 257, 103, 74, 55, 116, 14, 104, 10, 15, 86, 51, 244, 32, 103, 76, 111, 64, 17, 150, 87, 124, 179, 59, 70, 7, 136, 268, 20, 15, 8, 46, 79, 56, 413, 55, 365, 135, 113, 128, 188, 34, 325, 43, 74, 104, 12, 82, 65, 248, 39, 10, 111, 223, 35, 23, 57, 145, 75, 36, 122, 57, 18, 103, 253, 22, 85, 203, 110, 60, 95, 145, 24, 0)
s = 71: (0, 62, 67, 56, 101, 61, 58, 259, 54, 166, 100, 21, 219, 80, 48, 129, 50, 85, 302, 148, 168, 158, 40, 268, 10, 279, 21, 13, 92, 69, 247, 52, 84, 69, 62, 54, 19, 225, 192, 65, 90, 74, 53, 8, 249, 249, 21, 18, 8, 72, 65, 141, 269, 68, 426, 126, 78, 155, 169, 71, 154, 58, 101, 87, 9, 68, 54, 289, 34, 6, 120, 174, 28, 15, 90, 118, 80, 89, 132, 22, 23, 144, 177, 21, 98, 216, 208, 57, 155, 142, 43, 0)
s = 72: (0, 40, 52, 51, 112, 87, 54, 203, 45, 291, 41, 39, 177, 63, 34, 86, 39, 85, 239, 279, 144, 77, 67, 130, 13, 108, 9, 13, 69, 89, 113, 64, 95, 58, 58, 52, 17, 210, 191, 93, 117, 62, 62, 13, 76, 156, 27, 14, 11, 43, 96, 82, 341, 40, 353, 140, 104, 172, 243, 40, 273, 48, 52, 89, 8, 103, 86, 215, 31, 9, 150, 118, 21, 14, 112, 116, 96, 82, 89, 27, 24, 218, 124, 44, 104, 245, 123, 56, 119, 147, 28, 0)
s = 73: (0, 49, 81, 67, 154, 57, 57, 209, 49, 156, 104, 22, 133, 88, 25, 71, 34, 101, 172, 203, 155, 87, 40, 332, 9, 290, 11, 19, 75, 50, 217, 34, 113, 107, 65, 41, 26, 241, 113, 58, 145, 91, 74, 9, 231, 314, 29, 19, 9, 70, 87, 106, 181, 51, 219, 105, 91, 126, 156, 85, 214, 38, 56, 87, 11, 100, 94, 148, 37, 10, 112, 159, 23, 23, 133, 124, 153, 45, 142, 42, 26, 206, 128, 39, 144, 265, 148, 61, 82, 186, 25, 0)
s = 74: (0, 38, 51, 102, 126, 127, 50, 235, 61, 152, 60, 27, 169, 81, 66, 78, 30, 100, 239, 229, 261, 84, 73, 206, 19, 140, 13, 13, 87, 93, 160, 45, 71, 153, 89, 51, 28, 349, 166, 103, 114, 71, 57, 10, 117, 162, 21, 17, 19, 64, 108, 90, 264, 77, 219, 127, 102, 152, 170, 73, 279, 34, 97, 87, 14, 79, 39, 126, 36, 9, 142, 185, 22, 11, 109, 127, 88, 66, 143, 29, 15, 266, 245, 16, 205, 239, 209, 51, 100, 161, 24, 0)
s = 75: (0, 52, 87, 55, 134, 120, 67, 131, 46, 127, 58, 18, 234, 78, 41, 73, 30, 83, 280, 190, 152, 67, 39, 122, 9, 164, 10, 15, 57, 66, 102, 47, 90, 118, 55, 73, 31, 174, 185, 116, 124, 104, 37, 9, 165, 343, 32, 14, 13, 42, 97, 151, 260, 86, 330, 185, 184, 189, 116, 38, 175, 72, 49, 55, 10, 69, 44, 126, 36, 9, 94, 182, 25, 31, 107, 97, 134, 73, 96, 29, 23, 142, 200, 24, 189, 179, 195, 68, 163, 221, 45, 0)
s = 76: (0, 39, 90, 66, 91, 114, 58, 195, 35, 155, 70, 26, 349, 116, 53, 95, 35, 104, 181, 300, 212, 68, 95, 167, 14, 287, 19, 10, 84, 107, 256, 46, 150, 170, 67, 33, 22, 192, 143, 112, 98, 65, 41, 14, 209, 168, 31, 25, 10, 87, 81, 111, 142, 84, 230, 97, 106, 196, 173, 42, 234, 42, 87, 119, 8, 113, 56, 190, 44, 13, 121, 85, 22, 22, 92, 129, 78, 35, 138, 55, 28, 182, 132, 40, 108, 168, 261, 56, 149, 126, 38, 0)
s = 77: (0, 56, 58, 54, 73, 82, 58, 168, 96, 209, 60, 28, 253, 88, 55, 112, 30, 75, 157, 202, 106, 85, 71, 122, 14, 269, 14, 9, 90, 57, 271, 72, 76, 92, 72, 56, 28, 213, 214, 113, 177, 47, 90, 9, 98, 304, 16, 16, 8, 52, 85, 69, 150, 72, 289, 161, 143, 173, 209, 60, 208, 76, 60, 95, 13, 182, 55, 241, 23, 6, 90, 199, 20, 16, 112, 175, 92, 36, 101, 37, 33, 130, 279, 24, 129, 155, 154, 75, 115, 172, 27, 0)
s = 78: (0, 38, 64, 54, 121, 104, 49, 323, 88, 109, 99, 34, 396, 107, 32, 77, 53, 50, 232, 173, 159, 61, 40, 224, 9, 122, 19, 17, 47, 71, 165, 28, 84, 84, 80, 84, 19, 176, 140, 95, 195, 41, 65, 10, 170, 266, 38, 12, 13, 46, 117, 77, 254, 100, 400, 92, 133, 192, 242, 67, 183, 50, 69, 102, 18, 93, 42, 168, 38, 6, 107, 190, 19, 19, 65, 88, 66, 68, 93, 33, 26, 180, 123, 23, 138, 178, 100, 44, 124, 168, 53, 0)
s = 79: (0, 79, 42, 61, 166, 102, 29, 235, 55, 263, 61, 27, 225, 97, 85, 68, 30, 85, 148, 235, 201, 55, 72, 238, 11, 140, 24, 13, 69, 52, 142, 59, 54, 115, 100, 65, 28, 325, 132, 129, 157, 68, 44, 10, 116, 286, 17, 10, 11, 56, 49, 73, 265, 82, 170, 192, 171, 137, 158, 68, 171, 57, 51, 151, 8, 93, 39, 171, 42, 5, 96, 148, 19, 13, 65, 190, 75, 59, 100, 23, 29, 258, 200, 31, 94, 164, 128, 57, 109, 133, 23, 0)
s = 80: (0, 39, 68, 59, 70, 65, 35, 338, 55, 212, 59, 15, 218, 117, 44, 57, 37, 76, 169, 222, 224, 95, 61, 214, 14, 132, 12, 8, 71, 59, 279, 48, 90, 112, 51, 62, 26, 227, 148, 74, 159, 37, 81, 15, 141, 212, 32, 18, 22, 58, 53, 44, 253, 53, 198, 180, 85, 176, 102, 57, 145, 75, 54, 106, 12, 100, 39, 157, 29, 7, 133, 221, 22, 24, 137, 106, 90, 71, 174, 26, 16, 235, 182, 22, 112, 223, 155, 32, 112, 151, 42, 0)
s = 81: (0, 50, 52, 96, 99, 62, 48, 422, 84, 193, 43, 14, 226, 136, 40, 66, 26, 44, 114, 194, 211, 64, 59, 242, 12, 154, 9, 13, 88, 78, 266, 47, 63, 129, 68, 42, 30, 126, 219, 93, 131, 53, 84, 9, 145, 158, 23, 17, 18, 60, 64, 79, 177, 76, 264, 118, 76, 157, 236, 66, 174, 52, 90, 103, 10, 95, 64, 103, 59, 5, 103, 136, 28, 14, 135, 166, 61, 62, 151, 40, 19, 136, 208, 49, 178, 129, 239, 86, 78, 85, 23, 0)
s = 82: (0, 54, 41, 100, 120, 91, 67, 142, 78, 234, 41, 21, 204, 64, 26, 74, 40, 74, 159, 277, 123, 67, 105, 113, 13, 203, 14, 17, 79, 81, 166, 48, 105, 78, 91, 50, 21, 130, 241, 65, 132, 51, 54, 7, 161, 140, 24, 24, 9, 71, 48, 65, 203, 72, 340, 151, 170, 139, 119, 64, 127, 46, 111, 152, 10, 94, 58, 280, 57, 6, 123, 106, 21, 28, 86, 125, 112, 35, 198, 31, 16, 145, 164, 35, 129, 197, 147, 47, 166, 182, 22, 0)
s = 83: (0, 52, 83, 59, 158, 66, 38, 211, 62, 103, 85, 17, 158, 122, 44, 58, 36, 93, 117, 202, 243, 102, 71, 193, 15, 166, 9, 22, 70, 63, 169, 32, 53, 95, 76, 78, 43, 235, 123, 73, 143, 71, 66, 11, 131, 197, 31, 22, 15, 64, 86, 87, 322, 95, 229, 101, 88, 146, 139, 69, 159, 73, 71, 103, 9, 78, 78, 267, 45, 8, 124, 168, 18, 31, 166, 135, 84, 99, 179, 47, 34, 245, 111, 33, 94, 159, 185, 56, 128, 126, 27, 0)
s = 84: (0, 33, 85, 78, 129, 128, 29, 200, 56, 150, 73, 22, 334, 128, 46, 154, 23, 103, 173, 148, 234, 82, 44, 229, 11, 180, 10, 14, 59, 96, 133, 39, 106, 104, 75, 46, 21, 165, 147, 149, 200, 83, 34, 12, 108, 293, 32, 21, 15, 39, 65, 114, 173, 82, 319, 97, 78, 125, 276, 76, 168, 46, 62, 167, 12, 144, 52, 133, 47, 5, 65, 128, 34, 20, 92, 125, 93, 45, 141, 50, 30, 250, 139, 23, 121, 183, 165, 66, 133, 120, 32, 0)
s = 85: (0, 55, 89, 116, 81, 139, 70, 112, 116, 171, 85, 24, 245, 94, 65, 100, 37, 86, 126, 141, 157, 75, 63, 161, 18, 157, 15, 16, 87, 59, 253, 56, 97, 72, 63, 43, 29, 114, 119, 73, 147, 46, 43, 8, 113, 301, 35, 18, 16, 75, 50, 72, 469, 66, 165, 244, 131, 140, 205, 40, 236, 78, 56, 115, 12, 84, 72, 204, 48, 8, 61, 145, 29, 19, 77, 142, 90, 72, 81, 47, 38, 162, 189, 24, 113, 187, 152, 46, 118, 84, 40, 0)
s = 86: (0, 49, 56, 88, 99, 111, 36, 224, 60, 223, 44, 13, 157, 68, 35, 113, 25, 97, 165, 151, 206, 104, 45, 180, 10, 169, 19, 11, 98, 93, 177, 34, 77, 79, 116, 70, 16, 239, 132, 65, 153, 79, 44, 16, 118, 228, 42, 15, 15, 63, 64, 104, 160, 81, 158, 103, 139, 125, 212, 59, 361, 40, 117, 104, 14, 105, 54, 250, 26, 6, 105, 267, 20, 15, 177, 183, 74, 52, 150, 43, 29, 104, 254, 34, 153, 192, 131, 38, 111, 173, 32, 0)
s = 87: (0, 53, 49, 102, 116, 97, 67, 217, 43, 154, 68, 28, 182, 63, 31, 97, 22, 98, 255, 175, 185, 64, 62, 244, 10, 114, 20, 10, 92, 89, 150, 48, 89, 156, 49, 56, 36, 172, 129, 120, 90, 43, 84, 6, 199, 274, 27, 21, 15, 47, 46, 97, 159, 71, 263, 200, 96, 132, 145, 102, 177, 45, 58, 116, 8, 85, 52, 183, 38, 9, 141, 175, 23, 22, 113, 108, 77, 41, 127, 46, 20, 203, 130, 41, 131, 184, 141, 34, 94, 153, 28, 0)
s = 88: (0, 36, 54, 111, 120, 69, 37, 207, 78, 111, 57, 22, 189, 97, 33, 76, 54, 52, 113, 268, 206, 110, 92, 251, 9, 155, 13, 19, 67, 102, 212, 25, 61, 76, 82, 50, 21, 186, 152, 99, 190, 66, 39, 9, 241, 196, 27, 22, 11, 92, 64, 107, 219, 77, 370, 233, 59, 100, 168, 67, 225, 78, 58, 104, 14, 131, 98, 189, 32, 6, 139, 103, 21, 12, 94, 138, 96, 58, 119, 42, 15, 106, 150, 24, 160, 225, 203, 49, 121, 131, 34, 0)
s = 89: (0, 51, 56, 54, 112, 70, 34, 257, 41, 171, 37, 34, 293, 76, 41, 59, 31, 61, 156, 253, 121, 109, 59, 156, 11, 179, 19, 20, 121, 54, 195, 37, 121, 88, 115, 70, 21, 182, 85, 72, 190, 54, 86, 9, 96, 279, 22, 27, 11, 39, 56, 57, 273, 44, 155, 122, 119, 214, 111, 62, 166, 51, 88, 126, 17, 69, 90, 149, 47, 9, 87, 97, 17, 26, 145, 105, 94, 56, 111, 32, 31, 184, 128, 25, 123, 161, 190, 47, 159, 199, 49, 0)
s = 90: (0, 39, 52, 78, 85, 117, 53, 160, 86, 156, 80, 25, 178, 116, 58, 70, 33, 100, 298, 144, 154, 55, 64, 275, 15, 164, 21, 13, 52, 59, 208, 50, 103, 77, 77, 36, 32, 201, 119, 96, 170, 51, 37, 10, 136, 275, 31, 14, 8, 70, 142, 63, 317, 52, 167, 95, 169, 94, 146, 35, 175, 81, 102, 74, 12, 75, 77, 97, 63, 5, 129, 147, 22, 21, 92, 177, 148, 67, 140, 21, 19, 138, 233, 27, 108, 278, 143, 51, 124, 136, 27, 0)
s = 91: (0, 59, 60, 73, 119, 94, 37, 162, 72, 236, 79, 21, 201, 74, 30, 69, 27, 74, 155, 187, 170, 100, 90, 247, 8, 139, 13, 23, 95, 44, 277, 28, 82, 138, 77, 43, 33, 184, 106, 92, 226, 90, 36, 9, 158, 342, 20, 13, 8, 72, 61, 79, 146, 70, 136, 174, 67, 163, 101, 69, 227, 63, 56, 86, 7, 99, 34, 97, 39, 7, 89, 175, 23, 20, 71, 191, 109, 63, 132, 41, 12, 126, 143, 24, 99, 227, 129, 49, 136, 93, 33, 0)
s = 92: (0, 55, 62, 75, 87, 138, 61, 359, 41, 132, 49, 29, 280, 70, 50, 93, 31, 101, 114, 256, 187, 67, 86, 329, 11, 121, 24, 12, 78, 48, 131, 50, 54, 105, 94, 82, 33, 250, 99, 67, 159, 50, 50, 8, 115, 287, 44, 14, 10, 39, 69, 62, 272, 88, 168, 137, 65, 202, 270, 76, 183, 51, 80, 120, 11, 79, 79, 125, 25, 9, 102, 187, 35, 18, 118, 117, 125, 47, 200, 24, 13, 160, 217, 18, 88, 166, 83, 62, 247, 152, 40, 0)
s = 93: (0, 29, 60, 79, 100, 57, 31, 198, 80, 212, 47, 21, 220, 82, 35, 94, 33, 63, 221, 276, 181, 76, 76, 141, 12, 127, 14, 18, 104, 61, 116, 61, 102, 174, 102, 43, 20, 121, 123, 78, 221, 108, 82, 8, 192, 300, 25, 19, 13, 64, 49, 107, 181, 56, 304, 127, 115, 101, 235, 69, 178, 47, 72, 85, 10, 84, 66, 179, 28, 10, 74, 105, 32, 24, 151, 116, 131, 53, 114, 39, 35, 116, 192, 33, 133, 179, 104, 54, 187, 110, 32, 0)
s = 94: (0, 34, 59, 67, 148, 100, 53, 207, 101, 263, 82, 26, 179, 90, 58, 79, 54, 57, 104, 222, 232, 52, 47, 191, 9, 166, 21, 25, 49, 44, 325, 40, 92, 85, 53, 45, 26, 221, 170, 65, 156, 89, 58, 9, 98, 137, 20, 22, 12, 45, 133, 84, 235, 61, 142, 172, 150, 189, 182, 63, 156, 64, 61, 104, 16, 124, 60, 160, 31, 6, 102, 131, 24, 15, 141, 109, 158, 63, 147, 24, 22, 163, 176, 33, 143, 210, 136, 33, 148, 153, 44, 0)
s = 95: (0, 27, 74, 60, 76, 117, 36, 238, 43, 152, 48, 20, 242, 59, 35, 151, 42, 44, 165, 347, 139, 63, 37, 209, 9, 245, 20, 20, 62, 79, 289, 36, 89, 81, 74, 68, 29, 285, 167, 72, 168, 49, 42, 11, 149, 201, 43, 14, 8, 103, 83, 87, 256, 99, 170, 142, 135, 99, 122, 43, 201, 57, 63, 62, 11, 129, 44, 161, 26, 8, 99, 168, 27, 18, 93, 117, 106, 111, 208, 26, 19, 156, 173, 24, 193, 182, 192, 62, 125, 155, 29, 0)
s = 96: (0, 37, 41, 58, 116, 110, 40, 344, 46, 199, 83, 20, 198, 104, 53, 107, 22, 100, 114, 369, 219, 90, 90, 207, 13, 255, 20, 12, 75, 67, 242, 41, 118, 144, 106, 60, 28, 166, 86, 90, 164, 64, 62, 10, 133, 201, 29, 18, 13, 51, 74, 59, 215, 78, 294, 163, 146, 156, 132, 61, 154, 31, 40, 134, 16, 74, 39, 259, 58, 8, 70, 156, 29, 29, 109, 127, 75, 44, 134, 26, 22, 194, 161, 39, 93, 164, 166, 60, 151, 157, 34, 0)
s = 97: (0, 44, 50, 125, 97, 101, 33, 250, 48, 112, 79, 23, 196, 88, 38, 77, 27, 108, 238, 343, 229, 83, 38, 306, 14, 192, 11, 15, 49, 65, 177, 29, 89, 78, 81, 38, 33, 136, 216, 124, 107, 72, 65, 9, 188, 167, 27, 14, 13, 81, 51, 121, 225, 47, 248, 95, 126, 82, 197, 83, 396, 46, 45, 108, 13, 115, 60, 123, 30, 7, 150, 83, 36, 21, 79, 107, 72, 96, 78, 38, 32, 136, 239, 26, 107, 250, 157, 67, 159, 163, 23, 0)
s = 98: (0, 38, 46, 98, 150, 158, 37, 223, 66, 242, 43, 21, 170, 65, 40, 122, 42, 116, 138, 224, 263, 126, 58, 262, 10, 132, 13, 14, 93, 86, 277, 49, 131, 81, 80, 41, 26, 184, 148, 66, 137, 86, 70, 9, 78, 214, 31, 29, 12, 51, 55, 95, 139, 67, 204, 172, 155, 107, 129, 61, 197, 46, 44, 86, 12, 120, 69, 221, 41, 9, 109, 105, 14, 15, 107, 110, 71, 54, 85, 25, 24, 141, 121, 38, 131, 166, 162, 42, 90, 121, 40, 0)
s = 99: (0, 58, 46, 107, 140, 100, 68, 219, 76, 131, 94, 20, 133, 117, 39, 93, 29, 73, 138, 320, 231, 58, 102, 274, 12, 142, 8, 14, 97, 117, 141, 53, 59, 102, 111, 81, 32, 267, 226, 80, 189, 90, 78, 9, 132, 193, 32, 19, 15, 51, 76, 72, 309, 71, 151, 168, 171, 188, 230, 91, 267, 54, 41, 142, 8, 141, 62, 116, 43, 8, 77, 169, 18, 21, 92, 93, 114, 56, 166, 39, 17, 125, 221, 27, 120, 255, 155, 77, 121, 72, 48, 0)
s = 100: (0, 36, 70, 145, 139, 71, 59, 142, 74, 282, 47, 19, 168, 124, 25, 69, 41, 84, 229, 324, 189, 115, 47, 143, 16, 125, 15, 14, 50, 47, 171, 41, 105, 112, 85, 74, 24, 140, 177, 83, 241, 38, 64, 7, 178, 157, 19, 27, 15, 61, 43, 74, 145, 64, 149, 208, 69, 188, 180, 38, 261, 42, 77, 81, 9, 100, 62, 273, 27, 8, 182, 166, 18, 13, 160, 80, 69, 83, 143, 51, 21, 146, 120, 30, 114, 185, 215, 82, 140, 113, 24, 0)
s = 101: (0, 31, 71, 124, 110, 57, 51, 216, 58, 309, 70, 28, 245, 60, 37, 107, 52, 88, 151, 294, 211, 95, 43, 252, 12, 226, 17, 17, 76, 69, 104, 37, 126, 101, 60, 35, 31, 271, 91, 57, 175, 88, 84, 10, 118, 172, 17, 20, 11, 43, 54, 130, 142, 56, 345, 176, 140, 87, 171, 91, 221, 63, 89, 134, 16, 101, 57, 190, 30, 8, 89, 90, 17, 20, 71, 140, 63, 74, 185, 34, 21, 290, 267, 39, 167, 250, 172, 58, 145, 159, 41, 0)
s = 102: (0, 48, 61, 86, 63, 66, 56, 215, 98, 254, 63, 22, 213, 54, 39, 90, 46, 53, 125, 193, 215, 135, 72, 216, 13, 127, 9, 15, 76, 67, 198, 49, 73, 139, 72, 44, 33, 188, 128, 67, 186, 47, 47, 11, 165, 194, 22, 10, 24, 65, 53, 106, 188, 63, 315, 178, 65, 200, 165, 42, 189, 57, 86, 85, 13, 99, 67, 127, 33, 5, 103, 217, 14, 27, 98, 140, 134, 59, 80, 54, 21, 294, 191, 38, 83, 204, 183, 59, 200, 96, 52, 0)
s = 103: (0, 57, 87, 75, 99, 101, 57, 175, 57, 144, 52, 22, 266, 101, 34, 91, 25, 109, 157, 236, 139, 93, 59, 253, 14, 229, 12, 14, 81, 88, 345, 37, 56, 109, 58, 66, 33, 202, 165, 107, 262, 100, 34, 8, 157, 188, 37, 17, 13, 42, 71, 99, 181, 106, 275, 214, 153, 142, 146, 101, 256, 73, 57, 117, 11, 110, 51, 161, 64, 10, 86, 132, 24, 21, 90, 132, 75, 52, 101, 37, 24, 99, 172, 45, 107, 292, 98, 78, 151, 183, 44, 0)
s = 104: (0, 35, 36, 74, 102, 163, 28, 254, 50, 315, 55, 30, 138, 63, 36, 104, 58, 71, 138, 314, 201, 120, 51, 142, 12, 139, 15, 19, 107, 36, 127, 49, 70, 109, 97, 45, 25, 149, 129, 75, 157, 69, 64, 13, 137, 132, 22, 16, 10, 46, 84, 66, 269, 46, 253, 231, 150, 125, 210, 73, 334, 97, 91, 134, 20, 107, 73, 204, 24, 5, 121, 102, 20, 23, 105, 109, 83, 57, 152, 36, 14, 141, 132, 29, 109, 163, 138, 50, 183, 112, 39, 0)
s = 105: (0, 62, 73, 66, 61, 143, 27, 178, 90, 155, 60, 38, 254, 85, 26, 100, 28, 56, 240, 187, 336, 108, 73, 179, 13, 255, 21, 15, 75, 42, 193, 68, 88, 78, 37, 80, 20, 167, 207, 60, 172, 87, 70, 11, 255, 251, 38, 18, 13, 37, 43, 92, 245, 97, 316, 108, 90, 162, 169, 35, 192, 46, 53, 76, 10, 109, 49, 157, 30, 5, 84, 282, 23, 13, 83, 170, 157, 52, 120, 41, 22, 217, 140, 30, 111, 154, 142, 41, 106, 104, 25, 0)
s = 106: (0, 29, 64, 88, 72, 171, 48, 211, 72, 233, 45, 13, 202, 89, 50, 136, 24, 90, 172, 273, 159, 52, 34, 204, 18, 227, 10, 15, 55, 55, 225, 44, 56, 64, 57, 72, 15, 171, 92, 129, 219, 71, 49, 7, 228, 221, 26, 12, 16, 82, 114, 80, 181, 108, 227, 123, 98, 147, 208, 60, 235, 69, 75, 115, 9, 104, 38, 90, 33, 7, 82, 92, 28, 29, 77, 86, 109, 45, 84, 61, 39, 107, 117, 19, 182, 232, 185, 47, 146, 152, 55, 0)
s = 107: (0, 50, 58, 83, 97, 140, 40, 190, 77, 137, 56, 14, 275, 69, 45, 82, 34, 80, 193, 270, 126, 91, 67, 166, 12, 97, 12, 13, 51, 38, 191, 44, 112, 154, 57, 68, 23, 160, 118, 72, 164, 62, 73, 6, 158, 181, 24, 24, 10, 68, 46, 123, 143, 102, 344, 177, 85, 205, 121, 56, 272, 68, 72, 93, 10, 106, 40, 149, 65, 6, 94, 81, 13, 16, 148, 111, 115, 62, 126, 47, 26, 165, 227, 36, 144, 209, 159, 36, 129, 147, 49, 0)
s = 108: (0, 31, 84, 52, 85, 77, 56, 200, 47, 311, 63, 23, 293, 69, 34, 135, 30, 108, 241, 186, 142, 115, 63, 167, 16, 208, 20, 12, 120, 101, 112, 56, 72, 100, 82, 39, 24, 215, 118, 85, 284, 80, 61, 9, 143, 199, 18, 26, 8, 38, 68, 51, 311, 59, 203, 146, 72, 122, 146, 49, 154, 47, 42, 75, 8, 68, 88, 173, 31, 10, 92, 102, 15, 26, 133, 95, 107, 48, 208, 32, 27, 247, 160, 20, 133, 143, 120, 43, 160, 144, 23, 0)
s = 109: (0, 31, 50, 69, 72, 77, 38, 213, 67, 154, 70, 29, 175, 96, 58, 53, 35, 106, 144, 167, 197, 52, 66, 140, 14, 147, 13, 12, 115, 123, 183, 47, 68, 180, 51, 38, 14, 158, 235, 63, 242, 83, 48, 5, 140, 322, 27, 18, 10, 106, 82, 54, 157, 53, 195, 131, 101, 150, 273, 60, 191, 34, 103, 72, 11, 69, 48, 161, 54, 9, 133, 132, 16, 13, 89, 110, 65, 41, 178, 58, 20, 277, 209, 24, 90, 283, 174, 39, 216, 114, 32, 0)
s = 110: (0, 55, 72, 94, 71, 100, 29, 254, 63, 144, 67, 27, 189, 76, 45, 64, 35, 61, 206, 186, 113, 87, 89, 177, 11, 200, 12, 9, 82, 69, 162, 52, 53, 109, 79, 33, 17, 225, 100, 112, 125, 54, 62, 8, 221, 212, 17, 12, 16, 51, 53, 103, 175, 92, 189, 182, 95, 188, 188, 50, 115, 34, 78, 82, 13, 81, 76, 149, 48, 10, 136, 174, 14, 22, 127, 84, 61, 53, 95, 35, 26, 145, 140, 26, 230, 300, 206, 69, 92, 104, 55, 0)
s = 111: (0, 57, 63, 119, 90, 86, 32, 213, 89, 144, 52, 16, 176, 55, 52, 73, 38, 66, 272, 280, 226, 100, 75, 209, 8, 167, 11, 13, 85, 41, 260, 28, 65, 95, 75, 67, 36, 163, 168, 54, 120, 45, 36, 7, 83, 258, 27, 14, 16, 40, 123, 106, 265, 61, 373, 226, 122, 185, 211, 60, 159, 44, 85, 140, 7, 161, 44, 159, 30, 7, 99, 178, 32, 23, 76, 75, 79, 40, 144, 49, 18, 141, 329, 35, 106, 229, 120, 62, 88, 160, 43, 0)
s = 112: (0, 44, 94, 90, 105, 163, 51, 194, 47, 120, 61, 32, 263, 95, 42, 111, 28, 66, 156, 144, 128, 56, 90, 207, 15, 234, 14, 11, 108, 53, 197, 58, 82, 169, 64, 53, 35, 233, 155, 97, 129, 100, 59, 5, 104, 163, 25, 19, 20, 63, 70, 53, 208, 78, 199, 246, 140, 116, 139, 56, 217, 66, 61, 90, 9, 64, 34, 179, 27, 10, 107, 114, 20, 19, 80, 126, 81, 38, 156, 30, 39, 108, 265, 23, 74, 144, 137, 36, 110, 115, 28, 0)
s = 113: (0, 52, 45, 69, 113, 109, 30, 140, 94, 165, 53, 27, 191, 73, 34, 87, 29, 83, 147, 187, 222, 106, 51, 110, 9, 174, 17, 8, 48, 81, 213, 59, 125, 119, 59, 85, 24, 238, 185, 85, 127, 63, 51, 8, 187, 237, 18, 15, 8, 51, 101, 71, 210, 62, 224, 234, 89, 110, 112, 69, 153, 47, 72, 68, 12, 85, 84, 175, 36, 9, 138, 176, 19, 26, 81, 125, 60, 69, 202, 37, 16, 98, 122, 37, 155, 281, 150, 59, 90, 104, 25, 0)
s = 114: (0, 28, 61, 63, 60, 52, 77, 198, 61, 213, 63, 22, 146, 70, 74, 52, 35, 84, 99, 207, 206, 65, 100, 232, 13, 126, 9, 21, 114, 62, 202, 39, 63, 188, 48, 79, 15, 159, 125, 75, 134, 77, 67, 16, 120, 222, 32, 18, 7, 55, 109, 105, 294, 62, 280, 236, 90, 113, 104, 45, 156, 44, 102, 90, 17, 154, 69, 165, 20, 6, 135, 175, 30, 12, 128, 171, 135, 34, 250, 20, 20, 213, 320, 59, 217, 285, 88, 36, 108, 79, 29, 0)
s = 115: (0, 35, 40, 123, 124, 70, 80, 153, 40, 163, 75, 20, 337, 85, 53, 83, 46, 118, 178, 289, 149, 84, 57, 127, 13, 273, 9, 16, 118, 47, 164, 48, 95, 95, 107, 49, 25, 214, 135, 112, 182, 46, 46, 8, 217, 174, 24, 25, 11, 50, 86, 97, 141, 79, 198, 153, 181, 127, 121, 47, 139, 46, 96, 96, 12, 86, 79, 134, 46, 6, 109, 106, 22, 13, 72, 121, 75, 69, 184, 30, 21, 146, 299, 20, 74, 177, 196, 53, 96, 123, 33, 0)
s = 116: (0, 71, 93, 117, 112, 156, 47, 248, 75, 134, 49, 23, 137, 111, 30, 57, 23, 66, 134, 206, 189, 86, 67, 158, 11, 295, 10, 10, 49, 66, 185, 52, 93, 140, 68, 33, 37, 202, 120, 91, 152, 97, 66, 10, 103, 180, 40, 18, 8, 88, 63, 59, 161, 44, 149, 227, 97, 140, 123, 53, 291, 58, 44, 67, 16, 133, 80, 142, 24, 8, 117, 135, 14, 22, 83, 110, 110, 33, 138, 21, 33, 197, 303, 40, 122, 179, 233, 92, 88, 163, 55, 0)
s = 117: (0, 58, 51, 134, 132, 115, 63, 219, 60, 126, 55, 25, 285, 65, 55, 70, 32, 121, 190, 213, 199, 74, 63, 216, 9, 222, 19, 13, 72, 65, 175, 69, 106, 101, 54, 61, 22, 163, 160, 84, 121, 84, 56, 9, 83, 117, 25, 10, 14, 35, 126, 91, 138, 71, 337, 156, 155, 85, 291, 77, 309, 42, 42, 122, 7, 69, 85, 223, 29, 11, 100, 158, 38, 22, 76, 98, 116, 64, 146, 43, 31, 247, 148, 28, 94, 342, 201, 62, 108, 161, 22, 0)
s = 118: (0, 57, 54, 107, 71, 163, 44, 169, 62, 118, 37, 33, 194, 134, 51, 125, 24, 77, 188, 173, 220, 93, 77, 211, 12, 208, 15, 15, 89, 56, 156, 44, 54, 112, 43, 71, 21, 242, 146, 58, 241, 63, 68, 13, 87, 298, 18, 11, 16, 60, 77, 95, 184, 92, 176, 102, 129, 105, 124, 39, 250, 38, 50, 122, 12, 109, 55, 234, 44, 10, 166, 138, 17, 19, 142, 102, 133, 66, 93, 24, 25, 172, 130, 52, 127, 170, 135, 53, 121, 109, 39, 0)
s = 119: (0, 50, 65, 88, 104, 66, 38, 164, 81, 196, 67, 25, 236, 99, 56, 101, 37, 69, 120, 265, 189, 90, 49, 257, 11, 248, 11, 15, 97, 43, 154, 60, 66, 114, 55, 47, 15, 113, 149, 90, 140, 60, 67, 14, 210, 264, 24, 30, 13, 95, 73, 64, 323, 63, 263, 245, 94, 145, 229, 41, 214, 40, 72, 116, 10, 69, 75, 196, 41, 9, 164, 138, 12, 22, 100, 90, 103, 52, 117, 34, 18, 122, 106, 23, 113, 298, 106, 41, 126, 105, 26, 0)
s = 120: (0, 48, 87, 109, 106, 102, 88, 111, 78, 144, 76, 29, 374, 100, 40, 69, 33, 75, 130, 134, 122, 131, 81, 339, 8, 263, 10, 20, 100, 91, 147, 57, 97, 106, 46, 55, 24, 227, 169, 90, 119, 37, 77, 8, 145, 224, 26, 27, 20, 50, 130, 88, 224, 65, 284, 152, 67, 177, 153, 40, 257, 55, 55, 95, 11, 123, 48, 158, 34, 5, 82, 174, 25, 18, 101, 96, 129, 92, 72, 38, 22, 261, 128, 30, 153, 297, 125, 46, 211, 143, 40, 0)
s = 121: (0, 34, 54, 77, 171, 104, 38, 166, 86, 142, 59, 37, 157, 50, 43, 65, 28, 51, 177, 266, 153, 89, 41, 134, 18, 153, 15, 15, 78, 71, 155, 33, 80, 76, 51, 59, 22, 240, 143, 110, 135, 97, 82, 11, 137, 291, 30, 12, 10, 37, 54, 78, 254, 54, 152, 94, 98, 189, 128, 92, 305, 66, 70, 72, 15, 105, 72, 108, 31, 9, 116, 103, 33, 21, 97, 124, 123, 54, 194, 20, 14, 245, 160, 26, 177, 394, 138, 34, 168, 250, 23, 0)
s = 122: (0, 50, 48, 75, 83, 60, 32, 138, 75, 190, 76, 28, 133, 73, 51, 48, 28, 95, 216, 296, 114, 95, 53, 264, 14, 126, 17, 20, 75, 68, 268, 38, 87, 83, 62, 59, 18, 107, 165, 82, 150, 83, 94, 10, 183, 144, 18, 15, 16, 94, 72, 64, 367, 51, 199, 249, 115, 150, 207, 50, 186, 67, 80, 107, 9, 87, 68, 145, 39, 8, 88, 108, 23, 12, 71, 111, 100, 48, 177, 37, 25, 185, 159, 26, 86, 201, 99, 33, 96, 118, 26, 0)
s = 123: (0, 57, 49, 78, 160, 114, 37, 199, 60, 148, 81, 22, 171, 87, 35, 57, 27, 40, 211, 220, 205, 153, 67, 206, 10, 179, 12, 17, 53, 78, 279, 58, 122, 119, 70, 32, 25, 259, 135, 88, 178, 53, 53, 11, 105, 209, 23, 24, 24, 43, 48, 75, 307, 84, 258, 181, 164, 122, 170, 76, 287, 50, 82, 102, 6, 96, 77, 103, 27, 8, 112, 172, 32, 21, 117, 88, 98, 41, 115, 37, 23, 138, 177, 40, 121, 219, 122, 66, 138, 117, 38, 0)
s = 124: (0, 53, 78, 92, 110, 164, 34, 265, 94, 111, 63, 15, 387, 135, 36, 75, 44, 85, 190, 209, 130, 87, 63, 187, 16, 286, 18, 21, 68, 77, 211, 54, 63, 97, 74, 56, 15, 139, 194, 137, 131, 42, 76, 9, 114, 225, 19, 17, 10, 55, 64, 135, 190, 88, 280, 129, 102, 124, 193, 74, 211, 32, 102, 90, 12, 141, 51, 136, 36, 8, 86, 155, 24, 35, 114, 83, 98, 79, 99, 29, 34, 176, 260, 27, 108, 168, 275, 45, 117, 114, 27, 0)
s = 125: (0, 60, 59, 110, 158, 95, 40, 187, 68, 280, 65, 37, 275, 107, 29, 86, 33, 54, 174, 199, 195, 117, 46, 153, 10, 140, 11, 9, 115, 67, 131, 28, 55, 169, 85, 43, 19, 247, 199, 88, 161, 94, 53, 11, 111, 264, 26, 17, 9, 35, 92, 99, 170, 66, 266, 196, 86, 98, 195, 48, 267, 86, 54, 143, 8, 81, 68, 142, 29, 5, 98, 204, 29, 20, 135, 88, 83, 62, 117, 25, 23, 164, 142, 40, 96, 199, 133, 104, 114, 109, 23, 0)
s = 126: (0, 35, 66, 71, 159, 116, 39, 182, 66, 173, 86, 23, 349, 65, 48, 83, 20, 118, 207, 286, 210, 93, 51, 245, 18, 182, 8, 21, 73, 42, 322, 55, 65, 127, 96, 52, 23, 173, 85, 118, 188, 59, 43, 7, 223, 269, 22, 22, 10, 48, 96, 123, 173, 70, 219, 186, 74, 129, 225, 84, 174, 47, 50, 116, 7, 130, 43, 123, 64, 8, 157, 175, 25, 22, 97, 215, 87, 59, 123, 46, 19, 117, 205, 39, 108, 179, 161, 41, 92, 94, 44, 0)
s = 127: (0, 54, 53, 81, 98, 94, 46, 225, 77, 209, 75, 22, 276, 91, 39, 57, 33, 46, 151, 258, 249, 82, 41, 244, 15, 242, 11, 15, 108, 47, 198, 67, 101, 151, 60, 78, 18, 259, 157, 124, 187, 62, 75, 9, 85, 161, 19, 14, 16, 54, 87, 115, 230, 47, 254, 236, 67, 146, 191, 43, 360, 73, 61, 151, 17, 54, 48, 275, 33, 10, 124, 109, 19, 17, 145, 98, 65, 36, 120, 28, 18, 153, 243, 25, 123, 221, 117, 41, 192, 173, 36, 0)
s = 128: (0, 60, 62, 138, 119, 96, 60, 278, 72, 186, 63, 29, 209, 80, 43, 78, 37, 88, 174, 205, 135, 126, 35, 152, 10, 138, 10, 19, 66, 69, 179, 40, 77, 79, 70, 34, 20, 134, 146, 127, 179, 58, 64, 7, 114, 135, 24, 21, 15, 79, 85, 96, 249, 84, 311, 210, 135, 136, 207, 60, 189, 40, 79, 96, 14, 147, 47, 114, 34, 6, 89, 92, 23, 32, 105, 94, 102, 71, 171, 21, 27, 167, 256, 32, 190, 241, 189, 39, 153, 173, 23, 0)
s = 129: (0, 62, 82, 90, 79, 137, 36, 170, 54, 117, 40, 35, 361, 67, 63, 132, 32, 66, 102, 225, 199, 142, 38, 145, 10, 148, 17, 11, 95, 65, 117, 38, 77, 81, 50, 76, 26, 227, 159, 75, 277, 54, 85, 12, 128, 224, 39, 13, 15, 56, 89, 67, 245, 69, 195, 137, 82, 105, 115, 47, 163, 58, 59, 125, 14, 88, 81, 155, 34, 8, 84, 130, 18, 14, 136, 222, 91, 82, 92, 59, 13, 202, 219, 26, 110, 176, 93, 57, 133, 250, 56, 0)
s = 130: (0, 42, 69, 56, 115, 58, 45, 209, 45, 149, 53, 25, 333, 61, 38, 76, 61, 89, 158, 195, 257, 51, 54, 270, 8, 187, 8, 13, 117, 49, 234, 44, 71, 100, 63, 68, 29, 151, 96, 60, 217, 77, 81, 7, 199, 142, 26, 20, 17, 83, 50, 120, 183, 74, 134, 191, 90, 91, 193, 41, 263, 67, 49, 77, 7, 110, 53, 101, 22, 10, 139, 238, 32, 26, 118, 134, 144, 30, 110, 30, 27, 134, 139, 16, 68, 209, 220, 51, 162, 137, 45, 0)
s = 131: (0, 33, 105, 95, 158, 114, 36, 172, 82, 135, 54, 16, 320, 106, 50, 128, 27, 58, 119, 234, 321, 81, 74, 108, 15, 258, 25, 14, 73, 62, 238, 55, 130, 90, 67, 35, 17, 208, 151, 101, 219, 35, 73, 5, 129, 163, 30, 18, 13, 34, 124, 65, 148, 107, 259, 180, 121, 160, 93, 40, 152, 65, 77, 169, 16, 112, 66, 161, 25, 6, 120, 134, 27, 15, 132, 129, 143, 35, 123, 23, 13, 98, 154, 19, 88, 220, 198, 48, 118, 205, 37, 0)
s = 132: (0, 55, 62, 123, 80, 104, 30, 154, 38, 121, 51, 36, 166, 67, 31, 99, 27, 70, 151, 223, 172, 78, 44, 264, 12, 99, 11, 11, 51, 73, 214, 40, 121, 186, 82, 54, 17, 291, 158, 126, 221, 55, 53, 10, 148, 239, 39, 23, 8, 48, 91, 84, 280, 49, 173, 212, 119, 118, 136, 45, 128, 48, 76, 77, 8, 69, 70, 124, 25, 7, 136, 142, 17, 21, 75, 140, 144, 51, 78, 21, 17, 119, 239, 26, 144, 139, 218, 88, 167, 149, 51, 0)
s = 133: (0, 50, 69, 73, 161, 102, 31, 302, 44, 177, 56, 21, 208, 68, 36, 82, 29, 60, 122, 234, 136, 99, 35, 141, 10, 139, 14, 11, 61, 90, 213, 53, 76, 81, 49, 83, 25, 142, 177, 84, 152, 51, 96, 12, 154, 212, 29, 23, 11, 53, 103, 108, 379, 77, 266, 145, 133, 119, 141, 69, 299, 41, 48, 95, 13, 104, 59, 165, 24, 7, 159, 78, 26, 22, 75, 74, 117, 63, 135, 39, 17, 105, 134, 22, 110, 264, 176, 51, 138, 152, 23, 0)
s = 134: (0, 72, 48, 113, 144, 64, 72, 340, 49, 284, 65, 25, 229, 64, 40, 95, 54, 108, 114, 254, 155, 125, 37, 187, 15, 204, 13, 11, 104, 41, 149, 27, 84, 131, 61, 72, 19, 234, 218, 75, 158, 82, 65, 10, 162, 136, 30, 22, 21, 52, 100, 65, 322, 91, 223, 126, 154, 187, 140, 37, 176, 55, 70, 97, 10, 105, 76, 210, 43, 11, 133, 82, 17, 24, 160, 151, 78, 36, 175, 51, 17, 263, 209, 39, 142, 138, 211, 84, 142, 118, 42, 0)
s = 135: (0, 39, 72, 108, 70, 78, 28, 224, 78, 161, 86, 14, 223, 93, 27, 121, 50, 85, 130, 178, 157, 62, 82, 217, 10, 281, 13, 13, 56, 40, 182, 55, 92, 168, 83, 52, 19, 248, 85, 130, 134, 101, 84, 11, 162, 237, 25, 21, 7, 45, 110, 68, 187, 96, 176, 145, 109, 128, 132, 67, 276, 37, 80, 99, 10, 88, 58, 206, 42, 8, 87, 139, 26, 19, 60, 101, 157, 60, 95, 37, 22, 137, 216, 23, 170, 202, 86, 38, 119, 114, 29, 0)
s = 136: (0, 47, 68, 78, 93, 111, 53, 265, 51, 144, 40, 19, 180, 95, 43, 121, 28, 50, 270, 258, 105, 97, 34, 237, 11, 143, 21, 21, 71, 74, 223, 67, 70, 117, 71, 59, 22, 197, 168, 123, 124, 100, 41, 8, 139, 217, 29, 23, 10, 63, 72, 82, 250, 76, 217, 114, 107, 231, 172, 72, 184, 62, 69, 105, 10, 69, 47, 187, 35, 7, 76, 222, 22, 21, 100, 127, 108, 58, 91, 28, 21, 256, 299, 24, 90, 337, 251, 74, 259, 114, 39, 0)
s = 137: (0, 54, 61, 81, 99, 114, 46, 131, 97, 184, 57, 17, 236, 60, 36, 56, 26, 86, 123, 251, 183, 110, 56, 162, 15, 196, 20, 13, 133, 94, 276, 80, 90, 88, 85, 38, 23, 205, 150, 85, 163, 48, 58, 8, 119, 311, 20, 18, 9, 55, 113, 68, 248, 87, 309, 169, 107, 156, 194, 61, 167, 30, 71, 87, 9, 109, 64, 190, 56, 9, 142, 109, 19, 21, 105, 106, 148, 53, 96, 25, 35, 97, 152, 40, 139, 292, 218, 77, 95, 122, 30, 0)
s = 138: (0, 52, 72, 86, 156, 121, 44, 211, 36, 107, 57, 22, 187, 84, 33, 64, 31, 82, 252, 183, 213, 67, 95, 187, 9, 197, 25, 24, 85, 42, 170, 76, 124, 94, 83, 46, 18, 235, 87, 89, 132, 43, 46, 8, 121, 219, 21, 13, 7, 35, 95, 118, 222, 93, 187, 146, 101, 123, 172, 60, 170, 94, 86, 101, 8, 81, 48, 184, 45, 9, 119, 149, 14, 19, 57, 180, 145, 71, 154, 27, 25, 187, 313, 32, 84, 225, 239, 72, 159, 176, 44, 0)
s = 139: (0, 29, 78, 80, 144, 81, 46, 201, 41, 270, 78, 17, 289, 85, 43, 72, 46, 45, 237, 285, 201, 67, 61, 134, 12, 170, 17, 10, 79, 64, 168, 57, 115, 96, 68, 73, 26, 265, 123, 110, 203, 72, 51, 7, 191, 308, 18, 22, 17, 61, 75, 93, 276, 80, 225, 256, 95, 144, 146, 41, 327, 34, 59, 123, 10, 124, 74, 100, 19, 6, 106, 292, 20, 16, 78, 147, 135, 67, 113, 35, 25, 153, 213, 25, 120, 215, 161, 56, 129, 111, 45, 0)
s = 140: (0, 49, 35, 101, 116, 89, 43, 171, 64, 123, 59, 31, 141, 87, 31, 82, 25, 63, 179, 162, 217, 112, 46, 230, 18, 112, 11, 17, 85, 65, 191, 49, 108, 58, 48, 38, 23, 231, 145, 56, 186, 51, 43, 8, 135, 212, 20, 23, 10, 64, 57, 112, 369, 52, 142, 158, 89, 90, 175, 38, 325, 71, 59, 75, 13, 86, 85, 122, 36, 6, 78, 157, 19, 25, 121, 88, 100, 41, 158, 35, 19, 111, 213, 20, 126, 133, 155, 61, 86, 171, 24, 0)
s = 141: (0, 56, 82, 128, 135, 122, 63, 163, 70, 205, 54, 18, 218, 89, 67, 74, 39, 70, 121, 175, 142, 93, 39, 175, 10, 159, 11, 14, 89, 45, 123, 52, 56, 195, 46, 48, 39, 166, 159, 91, 106, 52, 57, 12, 148, 245, 30, 14, 10, 37, 63, 62, 311, 90, 240, 100, 77, 142, 93, 71, 153, 41, 52, 111, 12, 123, 56, 165, 35, 12, 135, 150, 26, 29, 120, 170, 93, 38, 102, 37, 23, 124, 167, 22, 99, 234, 187, 60, 96, 135, 24, 0)
s = 142: (0, 39, 65, 88, 69, 106, 55, 304, 74, 172, 63, 35, 255, 85, 31, 69, 22, 86, 103, 229, 206, 119, 68, 183, 15, 270, 13, 22, 47, 84, 105, 62, 111, 154, 58, 48, 23, 204, 121, 54, 147, 43, 60, 12, 177, 179, 19, 22, 12, 49, 75, 62, 209, 78, 326, 171, 159, 170, 132, 49, 139, 82, 60, 101, 6, 162, 64, 230, 36, 10, 72, 232, 17, 20, 111, 91, 61, 36, 154, 26, 19, 158, 147, 26, 118, 165, 117, 85, 165, 139, 21, 0)
s = 143: (0, 37, 105, 73, 116, 154, 42, 127, 87, 257, 38, 24, 185, 59, 47, 75, 51, 71, 171, 303, 227, 70, 83, 214, 15, 148, 14, 16, 97, 59, 248, 50, 86, 74, 57, 70, 23, 148, 122, 78, 278, 46, 101, 6, 128, 205, 23, 11, 12, 60, 127, 60, 268, 75, 363, 103, 118, 150, 166, 50, 140, 79, 42, 85, 8, 56, 62, 190, 59, 7, 90, 94, 37, 18, 98, 111, 128, 65, 209, 32, 30, 222, 194, 24, 163, 161, 115, 46, 91, 181, 55, 0)
s = 144: (0, 52, 74, 80, 78, 84, 63, 168, 79, 171, 87, 25, 212, 102, 54, 97, 30, 62, 123, 308, 117, 112, 55, 202, 20, 110, 17, 14, 75, 54, 147, 44, 116, 66, 82, 65, 25, 117, 124, 92, 261, 45, 38, 7, 193, 258, 36, 32, 12, 56, 74, 110, 153, 65, 313, 171, 150, 131, 123, 73, 167, 84, 60, 99, 7, 116, 44, 161, 24, 6, 111, 137, 23, 28, 113, 132, 90, 52, 102, 31, 26, 152, 264, 33, 84, 310, 180, 65, 116, 133, 46, 0)
s = 145: (0, 30, 63, 53, 146, 57, 52, 257, 43, 218, 62, 17, 136, 47, 50, 88, 31, 83, 122, 175, 177, 73, 44, 279, 12, 195, 17, 18, 110, 94, 173, 51, 87, 96, 47, 42, 23, 182, 127, 56, 136, 45, 86, 14, 92, 155, 25, 15, 10, 44, 61, 69, 140, 103, 229, 193, 128, 208, 89, 48, 123, 50, 67, 104, 11, 79, 85, 106, 36, 6, 107, 116, 15, 19, 74, 65, 86, 31, 130, 24, 38, 118, 195, 35, 178, 176, 182, 48, 143, 80, 23, 0)
s = 146: (0, 49, 35, 75, 112, 88, 47, 150, 62, 170, 84, 22, 290, 108, 24, 55, 39, 46, 197, 306, 149, 105, 73, 142, 10, 190, 17, 13, 84, 67, 240, 50, 62, 105, 44, 78, 16, 181, 162, 82, 147, 49, 66, 10, 153, 220, 26, 27, 20, 46, 95, 138, 188, 64, 285, 110, 95, 111, 221, 75, 147, 69, 98, 137, 9, 123, 75, 199, 30, 7, 75, 223, 18, 15, 88, 133, 72, 78, 100, 45, 13, 180, 320, 39, 95, 312, 240, 48, 132, 101, 39, 0)
s = 147: (0, 58, 45, 48, 214, 67, 33, 173, 54, 195, 61, 21, 168, 71, 42, 85, 34, 55, 166, 250, 207, 70, 88, 169, 9, 114, 10, 17, 101, 50, 195, 58, 57, 64, 60, 80, 19, 120, 111, 111, 92, 78, 54, 11, 88, 247, 27, 15, 15, 81, 86, 118, 196, 69, 215, 196, 123, 118, 92, 43, 174, 58, 108, 106, 14, 80, 70, 129, 31, 11, 117, 105, 28, 12, 84, 132, 125, 66, 198, 32, 14, 139, 147, 26, 148, 273, 160, 67, 115, 109, 33, 0)
s = 148: (0, 71, 75, 92, 129, 138, 38, 230, 55, 120, 63, 17, 228, 106, 49, 73, 30, 104, 144, 221, 130, 84, 34, 221, 10, 216, 19, 21, 98, 59, 211, 58, 92, 110, 87, 41, 25, 209, 131, 94, 113, 68, 41, 11, 201, 325, 29, 28, 8, 48, 89, 63, 191, 53, 241, 139, 115, 114, 140, 45, 225, 60, 56, 72, 15, 98, 52, 97, 27, 5, 124, 230, 25, 12, 113, 149, 98, 64, 105, 28, 20, 171, 266, 31, 98, 296, 184, 34, 161, 157, 48, 0)
s = 149: (0, 31, 49, 80, 86, 63, 42, 175, 62, 97, 58, 22, 195, 113, 51, 45, 21, 62, 206, 282, 250, 138, 94, 195, 15, 150, 12, 18, 47, 113, 256, 51, 112, 118, 75, 54, 31, 162, 89, 63, 133, 78, 55, 8, 122, 204, 21, 24, 18, 41, 94, 98, 211, 60, 318, 133, 125, 158, 208, 91, 253, 49, 44, 130, 15, 61, 46, 170, 43, 5, 134, 170, 16, 21, 90, 106, 89, 57, 165, 39, 30, 200, 111, 20, 148, 247, 190, 55, 149, 141, 47, 0)
s = 150: (0, 54, 45, 89, 92, 77, 40, 286, 54, 126, 57, 18, 310, 93, 31, 46, 23, 63, 200, 231, 218, 89, 96, 171, 11, 117, 11, 9, 86, 44, 247, 52, 66, 61, 70, 63, 26, 222, 131, 111, 114, 49, 36, 6, 156, 172, 23, 13, 13, 60, 65, 87, 318, 73, 178, 286, 171, 141, 155, 36, 177, 58, 110, 86, 12, 68, 90, 266, 23, 5, 123, 106, 25, 31, 129, 86, 76, 74, 99, 22, 19, 188, 107, 30, 200, 230, 204, 35, 101, 169, 22, 0)
s = 151: (0, 31, 58, 134, 70, 82, 69, 267, 43, 177, 67, 23, 151, 119, 38, 54, 22, 108, 127, 149, 147, 84, 36, 196, 11, 278, 13, 12, 80, 79, 225, 29, 93, 93, 73, 39, 18, 156, 131, 111, 156, 101, 68, 9, 286, 122, 19, 18, 13, 42, 64, 58, 192, 66, 246, 174, 125, 116, 202, 63, 215, 80, 102, 91, 8, 63, 59, 148, 26, 6, 105, 162, 28, 19, 62, 133, 73, 53, 161, 31, 23, 170, 176, 22, 103, 178, 169, 53, 112, 110, 62, 0)
s = 152: (0, 36, 78, 80, 75, 88, 43, 302, 64, 131, 37, 16, 234, 78, 67, 50, 42, 63, 173, 140, 149, 55, 65, 145, 11, 132, 20, 12, 64, 69, 194, 63, 61, 126, 43, 35, 20, 144, 217, 103, 131, 43, 50, 10, 168, 284, 34, 23, 9, 47, 55, 85, 177, 78, 313, 148, 63, 94, 146, 105, 160, 68, 63, 94, 10, 127, 58, 258, 29, 8, 177, 143, 22, 22, 106, 79, 95, 41, 100, 40, 17, 237, 160, 24, 113, 139, 113, 87, 178, 187, 23, 0)
s = 153: (0, 55, 85, 76, 81, 115, 36, 264, 69, 134, 43, 15, 192, 54, 29, 57, 37, 108, 173, 126, 194, 149, 72, 177, 15, 142, 12, 16, 91, 72, 180, 66, 55, 196, 94, 65, 17, 190, 93, 75, 143, 58, 72, 7, 134, 233, 17, 19, 14, 49, 81, 104, 224, 129, 287, 119, 94, 192, 159, 53, 121, 86, 52, 120, 11, 68, 48, 174, 27, 7, 123, 159, 26, 33, 105, 127, 87, 41, 175, 43, 23, 215, 156, 33, 127, 158, 132, 34, 214, 157, 22, 0)
s = 154: (0, 40, 69, 108, 77, 55, 40, 206, 54, 194, 57, 26, 335, 103, 51, 95, 36, 72, 155, 237, 237, 89, 48, 225, 7, 225, 13, 15, 85, 46, 188, 63, 77, 119, 83, 70, 29, 251, 152, 105, 106, 97, 80, 7, 222, 220, 19, 18, 18, 74, 55, 104, 223, 89, 258, 130, 86, 117, 112, 65, 167, 38, 51, 148, 7, 79, 69, 171, 37, 12, 117, 202, 32, 21, 111, 63, 122, 51, 130, 31, 14, 114, 217, 24, 222, 288, 206, 69, 117, 94, 22, 0)
s = 155: (0, 52, 55, 53, 159, 122, 40, 260, 64, 105, 98, 26, 199, 130, 45, 76, 33, 100, 192, 307, 211, 97, 66, 123, 11, 173, 10, 17, 111, 59, 118, 36, 123, 86, 81, 36, 18, 184, 176, 67, 222, 52, 72, 10, 151, 166, 27, 20, 13, 64, 69, 79, 239, 66, 165, 119, 63, 111, 124, 93, 219, 59, 86, 82, 15, 180, 35, 181, 36, 11, 72, 189, 22, 24, 112, 174, 93, 36, 79, 32, 12, 146, 136, 22, 131, 260, 106, 60, 106, 148, 58, 0)
s = 156: (0, 42, 51, 69, 92, 147, 37, 157, 82, 273, 46, 23, 282, 113, 51, 58, 47, 52, 195, 263, 137, 140, 54, 259, 8, 104, 16, 11, 105, 72, 227, 30, 102, 82, 72, 100, 30, 184, 109, 82, 197, 49, 49, 7, 161, 322, 37, 22, 10, 62, 64, 60, 261, 50, 380, 106, 66, 216, 254, 60, 151, 42, 69, 68, 9, 73, 79, 274, 41, 10, 114, 182, 17, 14, 57, 77, 181, 69, 122, 44, 22, 186, 323, 25, 111, 293, 239, 44, 108, 117, 49, 0)
s = 157: (0, 31, 44, 86, 137, 71, 34, 241, 101, 277, 38, 31, 179, 104, 46, 59, 30, 44, 254, 186, 228, 64, 49, 134, 11, 218, 11, 19, 48, 47, 117, 64, 89, 90, 99, 49, 19, 253, 138, 82, 123, 41, 45, 7, 179, 210, 32, 17, 10, 87, 75, 71, 248, 64, 256, 169, 133, 118, 164, 79, 134, 43, 108, 55, 11, 140, 76, 162, 38, 6, 65, 135, 14, 29, 72, 111, 132, 66, 93, 33, 22, 184, 175, 23, 95, 355, 196, 62, 153, 129, 27, 0)
s = 158: (0, 31, 85, 68, 153, 132, 52, 281, 44, 110, 71, 13, 345, 84, 31, 125, 38, 44, 131, 237, 162, 108, 45, 171, 22, 135, 16, 21, 65, 73, 256, 35, 66, 93, 72, 47, 38, 203, 191, 74, 157, 42, 53, 11, 135, 254, 25, 11, 11, 47, 75, 128, 267, 83, 385, 91, 72, 201, 253, 64, 146, 41, 53, 88, 7, 94, 58, 129, 32, 11, 111, 213, 32, 16, 57, 152, 129, 65, 141, 35, 27, 263, 182, 31, 166, 188, 209, 77, 124, 166, 23, 0)
s = 159: (0, 25, 97, 80, 160, 104, 76, 156, 66, 132, 45, 19, 165, 121, 26, 121, 32, 51, 217, 230, 133, 117, 54, 181, 13, 165, 23, 11, 79, 98, 264, 37, 74, 93, 83, 66, 28, 156, 182, 130, 122, 116, 55, 13, 115, 126, 36, 16, 10, 59, 68, 102, 234, 109, 239, 127, 141, 184, 144, 37, 142, 32, 72, 122, 14, 112, 64, 113, 23, 6, 123, 137, 20, 18, 95, 93, 94, 51, 116, 30, 28, 177, 148, 20, 206, 152, 197, 51, 142, 102, 29, 0)
s = 160: (0, 25, 62, 56, 70, 145, 38, 184, 83, 187, 31, 26, 254, 77, 24, 87, 49, 110, 234, 241, 141, 77, 50, 251, 12, 109, 18, 15, 79, 92, 122, 34, 108, 88, 50, 30, 17, 128, 146, 113, 193, 70, 72, 14, 98, 324, 32, 19, 10, 65, 62, 133, 346, 84, 253, 171, 65, 137, 153, 53, 192, 97, 101, 88, 11, 68, 50, 208, 38, 6, 76, 185, 26, 27, 86, 85, 86, 52, 149, 44, 20, 201, 288, 36, 187, 231, 171, 46, 137, 108, 24, 0)
s = 161: (0, 34, 65, 70, 149, 116, 70, 326, 83, 264, 45, 20, 156, 101, 59, 88, 30, 96, 146, 237, 228, 102, 50, 164, 12, 117, 9, 20, 75, 71, 238, 69, 99, 105, 55, 41, 14, 292, 158, 80, 151, 58, 64, 18, 117, 214, 25, 13, 10, 67, 60, 70, 284, 48, 200, 204, 79, 145, 240, 45, 148, 49, 51, 95, 10, 98, 76, 190, 30, 7, 124, 154, 20, 20, 125, 89, 137, 35, 132, 25, 31, 124, 226, 20, 129, 182, 152, 52, 114, 175, 36, 0)
s = 162: (0, 38, 43, 60, 142, 143, 26, 168, 73, 204, 61, 36, 122, 81, 32, 88, 35, 94, 170, 233, 225, 58, 64, 204, 11, 132, 13, 21, 65, 63, 117, 54, 110, 148, 61, 39, 19, 255, 174, 79, 153, 70, 46, 14, 102, 173, 34, 11, 9, 50, 85, 80, 441, 120, 179, 161, 88, 99, 236, 65, 244, 65, 49, 99, 9, 147, 44, 107, 39, 6, 80, 189, 21, 36, 160, 179, 59, 76, 125, 22, 26, 151, 332, 29, 149, 282, 141, 41, 163, 108, 26, 0)
s = 163: (0, 66, 82, 66, 116, 106, 53, 252, 91, 155, 46, 28, 158, 102, 48, 78, 33, 41, 99, 140, 142, 66, 58, 207, 9, 156, 17, 10, 87, 75, 192, 39, 74, 124, 69, 55, 25, 178, 166, 108, 121, 59, 85, 8, 96, 148, 26, 32, 10, 75, 45, 102, 279, 58, 244, 120, 99, 137, 133, 66, 253, 86, 74, 99, 7, 131, 60, 258, 51, 7, 64, 167, 19, 24, 82, 132, 53, 66, 114, 33, 21, 147, 180, 38, 128, 138, 165, 54, 116, 153, 30, 0)
s = 164: (0, 67, 80, 55, 75, 164, 57, 156, 61, 137, 72, 18, 173, 86, 44, 87, 29, 56, 156, 305, 292, 103, 38, 195, 11, 99, 13, 10, 89, 44, 328, 33, 137, 115, 61, 45, 27, 120, 174, 103, 146, 86, 52, 10, 118, 204, 38, 28, 17, 35, 70, 104, 236, 91, 251, 217, 95, 92, 109, 63, 155, 58, 65, 77, 9, 69, 45, 200, 45, 10, 96, 206, 26, 20, 99, 106, 89, 49, 135, 41, 17, 197, 203, 35, 85, 296, 228, 64, 144, 171, 30, 0)
s = 165: (0, 42, 75, 45, 109, 145, 72, 134, 57, 136, 82, 32, 141, 73, 32, 101, 38, 72, 151, 153, 191, 83, 67, 258, 13, 228, 10, 23, 56, 50, 149, 37, 85, 71, 51, 40, 21, 302, 156, 81, 223, 69, 45, 12, 203, 264, 24, 19, 15, 53, 50, 70, 290, 91, 253, 102, 95, 134, 238, 76, 283, 76, 70, 167, 11, 102, 97, 195, 43, 6, 87, 118, 19, 31, 111, 80, 100, 69, 143, 44, 24, 181, 191, 24, 150, 258, 169, 69, 103, 131, 34, 0)
s = 166: (0, 41, 70, 70, 96, 106, 29, 237, 50, 265, 44, 22, 274, 54, 75, 83, 30, 105, 230, 148, 286, 143, 59, 122, 19, 115, 17, 17, 49, 50, 168, 31, 106, 92, 58, 37, 21, 252, 157, 106, 181, 62, 47, 6, 148, 154, 32, 18, 14, 51, 90, 97, 207, 71, 142, 151, 81, 205, 208, 48, 243, 76, 85, 117, 12, 59, 61, 125, 46, 9, 113, 248, 18, 30, 73, 95, 63, 33, 119, 30, 16, 103, 138, 25, 136, 172, 191, 52, 139, 95, 23, 0)
s = 167: (0, 49, 51, 121, 192, 120, 31, 188, 39, 257, 63, 16, 206, 128, 53, 81, 32, 49, 193, 154, 307, 118, 68, 161, 12, 209, 10, 16, 83, 98, 245, 35, 107, 65, 88, 38, 30, 130, 125, 60, 200, 38, 83, 8, 158, 205, 21, 17, 9, 70, 101, 108, 197, 63, 304, 157, 85, 162, 172, 51, 156, 57, 118, 113, 8, 63, 58, 177, 29, 9, 78, 164, 25, 26, 97, 112, 130, 66, 127, 27, 27, 107, 204, 27, 112, 187, 195, 74, 102, 152, 20, 0)
s = 168: (0, 39, 34, 78, 93, 58, 44, 210, 46, 216, 72, 25, 313, 76, 28, 81, 38, 66, 188, 197, 140, 55, 54, 218, 8, 129, 14, 12, 87, 56, 156, 48, 71, 87, 97, 66, 26, 172, 158, 73, 187, 74, 51, 8, 173, 130, 27, 18, 7, 63, 83, 78, 133, 71, 316, 124, 101, 132, 140, 81, 326, 91, 58, 70, 15, 97, 42, 158, 24, 8, 106, 137, 16, 14, 66, 194, 102, 52, 106, 28, 18, 193, 165, 18, 113, 195, 185, 78, 214, 115, 24, 0)
s = 169: (0, 28, 69, 85, 103, 58, 82, 267, 89, 198, 68, 21, 267, 79, 47, 52, 43, 84, 241, 301, 122, 94, 90, 147, 12, 124, 19, 17, 57, 60, 159, 71, 94, 149, 64, 47, 24, 112, 122, 73, 118, 62, 53, 8, 110, 186, 27, 19, 12, 62, 90, 75, 274, 79, 330, 142, 78, 197, 140, 87, 213, 40, 90, 92, 16, 99, 63, 147, 23, 8, 142, 118, 33, 23, 63, 166, 61, 71, 182, 39, 20, 146, 201, 31, 74, 210, 146, 35, 130, 125, 39, 0)
s = 170: (0, 27, 41, 42, 81, 86, 37, 172, 60, 210, 53, 14, 264, 63, 26, 134, 36, 56, 164, 228, 154, 84, 98, 176, 12, 238, 13, 15, 116, 55, 185, 33, 68, 109, 63, 55, 34, 154, 160, 158, 161, 50, 70, 12, 178, 192, 26, 30, 11, 61, 69, 111, 268, 60, 170, 173, 93, 137, 125, 52, 221, 70, 104, 179, 12, 65, 44, 109, 39, 11, 141, 121, 15, 14, 104, 188, 94, 44, 158, 56, 27, 137, 129, 21, 90, 183, 145, 48, 184, 111, 33, 0)
s = 171: (0, 43, 88, 112, 103, 115, 48, 250, 79, 217, 91, 22, 188, 124, 68, 52, 24, 80, 266, 264, 220, 74, 58, 292, 8, 233, 12, 14, 62, 47, 156, 32, 103, 181, 53, 44, 34, 168, 160, 92, 215, 98, 35, 9, 104, 255, 27, 27, 12, 49, 60, 102, 130, 50, 311, 136, 100, 198, 114, 61, 188, 89, 104, 56, 9, 94, 85, 123, 29, 9, 151, 82, 21, 16, 114, 166, 56, 36, 138, 35, 32, 161, 147, 25, 169, 215, 170, 52, 136, 204, 25, 0)
s = 172: (0, 53, 76, 47, 124, 84, 41, 224, 45, 104, 53, 17, 298, 125, 86, 128, 26, 60, 166, 216, 122, 125, 72, 146, 14, 180, 14, 9, 90, 56, 220, 35, 109, 143, 50, 79, 28, 184, 169, 53, 132, 109, 41, 6, 146, 177, 27, 13, 17, 42, 65, 54, 247, 53, 236, 187, 78, 152, 119, 37, 180, 38, 77, 97, 11, 114, 87, 101, 25, 5, 174, 138, 16, 24, 59, 96, 133, 63, 122, 32, 19, 144, 267, 24, 97, 223, 153, 36, 114, 95, 25, 0)
s = 173: (0, 62, 44, 62, 86, 67, 46, 184, 50, 280, 54, 23, 140, 59, 36, 128, 31, 71, 105, 161, 328, 53, 48, 244, 9, 120, 15, 10, 51, 91, 246, 36, 113, 80, 98, 60, 22, 298, 134, 92, 195, 61, 66, 11, 137, 248, 22, 12, 12, 63, 53, 64, 270, 49, 220, 83, 130, 85, 136, 45, 205, 49, 113, 121, 9, 164, 82, 173, 37, 10, 125, 93, 44, 15, 88, 74, 70, 79, 91, 41, 35, 261, 182, 16, 104, 176, 177, 62, 140, 216, 40, 0)
s = 174: (0, 41, 72, 51, 81, 51, 37, 293, 66, 217, 67, 27, 136, 160, 54, 62, 34, 65, 163, 240, 126, 101, 60, 119, 14, 110, 17, 10, 79, 48, 254, 26, 64, 77, 82, 66, 28, 228, 149, 105, 159, 41, 41, 8, 102, 168, 21, 18, 12, 79, 69, 82, 264, 45, 202, 138, 138, 160, 133, 62, 200, 65, 61, 136, 17, 91, 87, 139, 43, 10, 83, 112, 34, 15, 78, 75, 86, 44, 155, 45, 17, 121, 181, 41, 107, 198, 247, 78, 178, 143, 50, 0)
s = 175: (0, 41, 43, 70, 87, 93, 33, 152, 44, 264, 83, 20, 175, 75, 45, 82, 34, 53, 146, 171, 223, 118, 70, 137, 11, 197, 18, 15, 100, 81, 197, 42, 74, 64, 79, 33, 34, 182, 122, 58, 189, 82, 47, 10, 246, 277, 37, 20, 11, 72, 44, 93, 259, 126, 203, 128, 61, 129, 229, 92, 174, 50, 77, 87, 10, 95, 59, 105, 30, 9, 78, 127, 19, 23, 110, 108, 125, 54, 86, 39, 17, 160, 209, 35, 92, 164, 186, 58, 78, 90, 41, 0)
s = 176: (0, 64, 70, 123, 94, 154, 37, 231, 92, 171, 81, 23, 128, 74, 55, 88, 33, 107, 198, 176, 157, 68, 42, 241, 7, 189, 21, 19, 86, 68, 263, 44, 108, 120, 102, 77, 22, 150, 111, 98, 129, 50, 44, 7, 112, 228, 16, 24, 11, 83, 51, 94, 282, 71, 213, 165, 95, 149, 189, 90, 189, 72, 91, 128, 8, 117, 62, 128, 49, 10, 98, 191, 17, 22, 136, 116, 69, 43, 137, 41, 24, 164, 119, 23, 131, 213, 234, 53, 179, 134, 30, 0)
s = 177: (0, 48, 74, 118, 100, 132, 30, 181, 57, 214, 74, 35, 211, 91, 30, 84, 42, 45, 233, 161, 140, 62, 47, 185, 18, 98, 11, 14, 55, 66, 186, 78, 69, 80, 74, 37, 34, 156, 143, 135, 187, 38, 88, 11, 94, 334, 18, 23, 18, 66, 57, 96, 297, 97, 184, 108, 101, 122, 122, 56, 150, 54, 100, 68, 16, 140, 68, 184, 41, 7, 111, 296, 21, 12, 95, 87, 78, 41, 101, 28, 21, 131, 265, 17, 107, 433, 151, 34, 112, 119, 37, 0)
s = 178: (0, 29, 61, 101, 96, 100, 72, 371, 66, 200, 56, 18, 220, 108, 24, 89, 39, 59, 154, 193, 184, 115, 61, 228, 11, 115, 14, 17, 65, 43, 188, 50, 59, 143, 50, 36, 17, 164, 121, 111, 129, 48, 60, 7, 226, 148, 18, 12, 11, 51, 111, 50, 222, 93, 262, 173, 129, 188, 186, 71, 147, 48, 88, 112, 7, 68, 41, 146, 29, 5, 125, 137, 42, 30, 84, 155, 76, 48, 155, 58, 20, 186, 223, 26, 105, 257, 192, 30, 110, 205, 33, 0)
s = 179: (0, 45, 93, 51, 140, 59, 30, 237, 77, 292, 59, 24, 342, 85, 53, 87, 42, 65, 244, 162, 196, 146, 60, 132, 10, 151, 9, 19, 104, 60, 233, 57, 76, 139, 80, 47, 25, 263, 177, 50, 169, 51, 38, 13, 110, 213, 28, 24, 12, 36, 54, 94, 165, 74, 353, 150, 109, 135, 232, 74, 158, 32, 91, 76, 12, 141, 96, 131, 42, 5, 121, 147, 21, 18, 104, 159, 79, 48, 105, 26, 22, 190, 166, 26, 76, 228, 201, 51, 144, 239, 32, 0)
s = 180: (0, 31, 46, 113, 75, 108, 37, 282, 47, 170, 71, 17, 126, 138, 46, 92, 56, 73, 142, 304, 186, 78, 45, 202, 8, 193, 16, 15, 96, 60, 181, 40, 95, 128, 42, 46, 34, 206, 157, 90, 152, 77, 42, 6, 159, 181, 25, 19, 9, 52, 65, 47, 168, 87, 219, 122, 72, 99, 144, 35, 188, 85, 70, 105, 11, 147, 52, 181, 48, 5, 110, 102, 36, 34, 91, 129, 76, 51, 96, 26, 18, 161, 157, 23, 117, 157, 190, 39, 111, 83, 27, 0)
s = 181: (0, 45, 54, 70, 136, 96, 52, 197, 56, 194, 54, 21, 163, 101, 34, 84, 33, 78, 120, 175, 128, 66, 84, 275, 13, 112, 13, 17, 87, 73, 102, 57, 74, 84, 89, 48, 24, 195, 90, 67, 149, 69, 43, 9, 151, 147, 26, 21, 14, 77, 76, 79, 210, 74, 314, 125, 123, 144, 249, 72, 287, 58, 64, 121, 10, 112, 51, 250, 39, 6, 110, 191, 31, 28, 58, 166, 127, 92, 164, 38, 29, 221, 179, 23, 168, 301, 115, 34, 110, 111, 35, 0)
s = 182: (0, 34, 80, 116, 98, 90, 65, 263, 65, 170, 65, 17, 269, 167, 41, 89, 29, 98, 223, 313, 211, 92, 50, 314, 14, 126, 12, 17, 115, 60, 157, 56, 97, 129, 53, 39, 29, 209, 99, 66, 179, 44, 66, 13, 130, 124, 23, 11, 9, 71, 63, 56, 244, 60, 255, 135, 104, 233, 117, 69, 220, 32, 45, 135, 14, 94, 42, 153, 45, 9, 144, 140, 20, 24, 155, 110, 109, 76, 265, 31, 26, 156, 128, 22, 109, 216, 195, 83, 104, 108, 44, 0)
s = 183: (0, 43, 69, 68, 113, 81, 30, 367, 43, 290, 74, 27, 174, 61, 36, 75, 66, 95, 194, 195, 170, 71, 90, 202, 13, 295, 19, 15, 96, 69, 186, 55, 91, 77, 60, 31, 26, 202, 243, 80, 217, 78, 45, 7, 138, 188, 17, 20, 8, 78, 63, 51, 178, 66, 325, 254, 96, 88, 189, 54, 298, 64, 89, 99, 8, 102, 50, 175, 33, 8, 82, 216, 15, 32, 146, 127, 78, 74, 86, 45, 34, 186, 245, 27, 122, 247, 241, 37, 167, 133, 34, 0)
s = 184: (0, 46, 81, 58, 103, 71, 32, 275, 56, 114, 86, 19, 301, 90, 53, 59, 39, 92, 160, 180, 126, 97, 52, 327, 11, 217, 14, 12, 73, 52, 261, 59, 73, 79, 58, 41, 24, 264, 134, 96, 154, 52, 55, 10, 264, 194, 18, 17, 18, 90, 105, 65, 192, 58, 282, 275, 110, 159, 299, 84, 288, 31, 53, 63, 9, 102, 59, 93, 31, 8, 82, 228, 15, 17, 77, 99, 98, 55, 127, 26, 21, 125, 192, 22, 85, 229, 139, 56, 97, 120, 50, 0)
s = 185: (0, 44, 42, 76, 66, 134, 49, 361, 54, 154, 93, 24, 248, 78, 25, 66, 29, 136, 244, 287, 161, 56, 38, 228, 20, 108, 11, 15, 62, 70, 226, 44, 75, 103, 127, 51, 23, 204, 152, 62, 267, 74, 61, 11, 207, 130, 20, 25, 18, 31, 64, 96, 226, 57, 258, 170, 74, 118, 142, 34, 212, 66, 59, 101, 7, 111, 88, 134, 40, 8, 75, 264, 31, 19, 91, 147, 74, 41, 99, 41, 26, 164, 232, 23, 123, 209, 256, 53, 94, 101, 52, 0)
s = 186: (0, 33, 73, 99, 109, 71, 43, 199, 95, 200, 52, 15, 239, 109, 29, 75, 29, 78, 257, 184, 263, 87, 62, 134, 16, 260, 14, 11, 78, 95, 142, 31, 91, 84, 74, 61, 28, 265, 98, 74, 233, 75, 54, 10, 185, 170, 28, 23, 11, 60, 95, 67, 164, 54, 181, 233, 98, 86, 128, 49, 225, 66, 57, 87, 19, 115, 52, 107, 30, 10, 94, 97, 22, 33, 99, 201, 94, 45, 136, 31, 28, 122, 135, 27, 114, 208, 119, 57, 96, 164, 25, 0)
s = 187: (0, 27, 111, 60, 64, 60, 52, 197, 41, 217, 41, 20, 222, 103, 46, 67, 42, 70, 124, 183, 253, 91, 82, 141, 11, 144, 13, 23, 46, 44, 168, 37, 136, 88, 66, 32, 18, 193, 153, 87, 108, 82, 77, 8, 111, 189, 34, 10, 14, 73, 92, 98, 256, 121, 260, 124, 109, 126, 193, 53, 154, 72, 84, 82, 8, 124, 89, 91, 42, 7, 101, 125, 32, 17, 126, 112, 113, 63, 128, 47, 15, 157, 267, 40, 150, 313, 214, 55, 133, 220, 37, 0)
s = 188: (0, 77, 38, 46, 130, 92, 59, 158, 46, 126, 44, 29, 259, 122, 50, 62, 35, 77, 110, 192, 262, 71, 55, 176, 11, 123, 15, 19, 79, 43, 199, 29, 92, 83, 138, 43, 23, 184, 165, 129, 125, 72, 44, 11, 110, 202, 22, 14, 12, 63, 74, 62, 233, 80, 180, 212, 139, 127, 118, 85, 255, 46, 70, 128, 8, 129, 61, 126, 40, 6, 63, 205, 17, 15, 116, 84, 101, 49, 190, 37, 25, 138, 219, 38, 164, 189, 190, 56, 120, 87, 30, 0)
s = 189: (0, 46, 46, 82, 146, 54, 32, 224, 91, 206, 67, 33, 242, 52, 34, 99, 41, 80, 193, 198, 242, 68, 46, 171, 11, 177, 8, 15, 52, 46, 297, 53, 49, 73, 51, 59, 22, 143, 76, 117, 180, 65, 50, 12, 124, 227, 23, 16, 9, 38, 81, 96, 163, 67, 169, 94, 75, 128, 259, 45, 244, 63, 89, 107, 10, 110, 50, 209, 39, 10, 72, 157, 19, 16, 82, 158, 70, 59, 83, 24, 35, 130, 191, 25, 184, 226, 116, 46, 136, 113, 29, 0)
s = 190: (0, 32, 68, 100, 88, 128, 37, 168, 70, 183, 82, 33, 338, 72, 61, 123, 30, 76, 200, 404, 196, 66, 60, 143, 11, 237, 12, 19, 59, 61, 191, 85, 80, 98, 47, 88, 20, 157, 138, 53, 206, 66, 66, 13, 145, 165, 19, 10, 8, 56, 48, 68, 149, 57, 244, 125, 103, 200, 140, 96, 114, 73, 46, 91, 9, 108, 51, 306, 28, 11, 161, 109, 20, 17, 60, 216, 112, 71, 169, 38, 15, 141, 306, 30, 243, 373, 204, 32, 134, 169, 27, 0)
s = 191: (0, 80, 63, 75, 95, 115, 49, 149, 54, 123, 102, 25, 225, 141, 36, 106, 49, 89, 208, 194, 282, 101, 94, 242, 11, 174, 13, 14, 93, 71, 206, 82, 51, 110, 83, 63, 35, 232, 131, 67, 123, 46, 62, 15, 84, 262, 22, 15, 11, 41, 72, 81, 201, 90, 275, 121, 163, 225, 90, 39, 122, 65, 53, 88, 7, 129, 99, 164, 56, 5, 197, 225, 25, 20, 52, 175, 168, 72, 94, 31, 28, 154, 110, 27, 91, 156, 182, 35, 136, 162, 23, 0)
s = 192: (0, 48, 43, 54, 146, 107, 66, 235, 71, 155, 45, 30, 252, 76, 70, 98, 33, 103, 114, 144, 148, 108, 61, 185, 11, 133, 14, 16, 57, 47, 183, 52, 69, 97, 67, 44, 24, 224, 126, 70, 172, 49, 44, 12, 154, 194, 28, 17, 12, 92, 74, 122, 186, 68, 214, 170, 70, 106, 171, 95, 220, 46, 74, 83, 12, 93, 104, 128, 42, 8, 68, 151, 31, 17, 160, 107, 93, 37, 106, 39, 15, 121, 237, 26, 130, 186, 139, 80, 134, 175, 40, 0)
s = 193: (0, 53, 36, 82, 110, 61, 39, 285, 101, 191, 72, 30, 231, 80, 45, 119, 33, 65, 232, 327, 213, 78, 59, 211, 8, 189, 14, 16, 122, 68, 163, 45, 63, 149, 64, 50, 15, 179, 170, 81, 177, 55, 51, 8, 134, 256, 17, 30, 12, 63, 60, 95, 161, 77, 242, 94, 147, 160, 236, 66, 140, 38, 42, 101, 8, 84, 48, 169, 41, 7, 104, 150, 20, 16, 102, 121, 59, 46, 149, 31, 23, 201, 207, 17, 122, 129, 144, 38, 177, 181, 28, 0)
s = 194: (0, 39, 77, 64, 122, 57, 36, 204, 69, 159, 49, 25, 162, 67, 77, 120, 32, 97, 205, 307, 193, 138, 54, 114, 13, 253, 13, 16, 88, 106, 177, 54, 70, 113, 43, 44, 28, 193, 127, 73, 220, 50, 48, 8, 116, 139, 29, 16, 11, 53, 58, 70, 397, 69, 174, 218, 69, 93, 113, 65, 180, 69, 60, 79, 8, 100, 45, 137, 52, 6, 61, 276, 22, 34, 99, 78, 77, 38, 95, 19, 32, 184, 130, 37, 87, 172, 230, 59, 131, 135, 39, 0)
s = 195: (0, 44, 60, 90, 114, 64, 49, 186, 78, 200, 53, 23, 134, 108, 36, 111, 32, 72, 148, 222, 130, 104, 32, 226, 13, 105, 15, 15, 85, 64, 244, 34, 118, 119, 69, 41, 24, 176, 115, 75, 132, 57, 37, 6, 210, 255, 27, 19, 13, 57, 82, 133, 305, 53, 294, 161, 135, 238, 156, 55, 196, 38, 108, 99, 13, 143, 43, 135, 21, 6, 88, 131, 18, 19, 107, 100, 122, 60, 188, 30, 28, 149, 232, 21, 91, 128, 270, 42, 123, 100, 39, 0)
s = 196: (0, 31, 88, 83, 75, 95, 49, 116, 47, 119, 69, 42, 191, 65, 45, 73, 51, 75, 134, 251, 157, 54, 82, 245, 11, 202, 24, 16, 53, 73, 231, 47, 75, 59, 42, 58, 24, 204, 160, 123, 311, 81, 64, 12, 218, 199, 26, 16, 8, 45, 76, 78, 149, 54, 217, 174, 103, 131, 107, 69, 190, 62, 41, 88, 10, 115, 48, 129, 31, 7, 88, 154, 13, 33, 109, 130, 56, 37, 149, 56, 26, 180, 183, 46, 88, 315, 128, 53, 86, 194, 40, 0)
s = 197: (0, 39, 41, 110, 164, 91, 71, 193, 51, 290, 66, 22, 226, 72, 62, 92, 29, 64, 126, 207, 93, 86, 83, 254, 7, 226, 16, 14, 135, 93, 257, 36, 102, 127, 57, 76, 27, 138, 124, 95, 229, 121, 41, 8, 190, 263, 34, 19, 13, 38, 103, 90, 306, 76, 160, 135, 93, 242, 157, 48, 119, 45, 43, 69, 18, 136, 44, 164, 31, 6, 139, 98, 30, 18, 90, 152, 128, 75, 147, 43, 20, 144, 126, 37, 134, 296, 143, 53, 231, 124, 21, 0)
s = 198: (0, 36, 59, 76, 124, 97, 56, 288, 70, 145, 49, 32, 192, 53, 62, 53, 39, 65, 105, 243, 127, 74, 50, 199, 19, 95, 22, 20, 49, 64, 186, 55, 48, 92, 84, 62, 24, 123, 169, 88, 139, 71, 78, 7, 106, 242, 23, 11, 12, 48, 72, 78, 200, 63, 330, 133, 97, 151, 110, 39, 152, 71, 49, 127, 14, 61, 69, 196, 36, 8, 102, 140, 20, 13, 76, 90, 61, 47, 114, 30, 38, 185, 290, 44, 115, 157, 157, 57, 182, 122, 45, 0)
s = 199: (0, 40, 75, 102, 120, 120, 39, 138, 95, 171, 79, 24, 336, 101, 31, 52, 33, 81, 207, 161, 147, 133, 73, 147, 9, 117, 10, 22, 67, 71, 170, 49, 66, 105, 45, 82, 18, 240, 155, 127, 271, 63, 58, 6, 202, 264, 32, 17, 14, 56, 63, 47, 398, 81, 180, 98, 68, 113, 201, 83, 290, 55, 56, 81, 13, 62, 35, 108, 42, 6, 113, 130, 17, 18, 104, 115, 56, 84, 206, 39, 24, 178, 311, 43, 187, 213, 123, 48, 106, 101, 33, 0)
s = 200: (0, 39, 89, 90, 115, 82, 37, 233, 40, 143, 96, 32, 184, 62, 41, 79, 45, 94, 113, 151, 149, 124, 53, 116, 17, 169, 17, 20, 113, 53, 179, 74, 104, 102, 56, 36, 24, 132, 115, 60, 163, 36, 44, 8, 187, 206, 36, 21, 17, 50, 87, 77, 149, 96, 281, 131, 185, 88, 164, 49, 280, 67, 65, 81, 9, 80, 33, 211, 35, 5, 89, 206, 39, 25, 74, 193, 124, 46, 141, 40, 16, 178, 162, 30, 87, 212, 172, 62, 173, 236, 27, 0)
************************************************************************
ES/LS-VALUES:
jobnr.   ES(i)    LS(i)
------------------------------------------------------------------------
  0        0        0
  1        0       359
  2        0       340
  3        0       375
  4       12       353
  5       14       390
  6        4       363
  7       21       421
  8       12       367
  9       27       392
 10       27       383
 11       18       455
 12       38       405
 13        4       401
 14       38       395
 15       18       378
 16       44       402
 17       18       419
 18       38       398
 19       21       363
 20        4       401
 21       21       379
 22       23       440
 23       14       459
 24       30       447
 25       23       399
 26       14       456
 27       17       414
 28       35       378
 29       51       410
 30       43       387
 31       43       411
 32       61       466
 33       54       415
 34       48       417
 35       22       459
 36       36       395
 37       29       389
 38       48       426
 39       50       410
 40       11       409
 41       17       435
 42       57       427
 43       60       425
 44       53       421
 45       61       406
 46       75       452
 47       36       425
 48       62       433
 49       18       416
 50       54       481
 51       46       426
 52       60       421
 53       56       416
 54       39       416
 55       35       405
 56       64       425
 57       39       480
 58       53       440
 59       73       435
 60       75       421
 61       48       492
 62       64       458
 63       44       442
 64       79       441
 65       65       427
 66       72       435
 67       70       458
 68       66       435
 69       35       480
 70       76       451
 71       86       433
 72       72       495
 73       80       443
 74       90       466
 75       80       470
 76       73       482
 77       76       463
 78       76       440
 79       86       474
 80       91       456
 81       97       445
 82       91       480
 83       88       498
 84       111       460
 85       91       477
 86       129       479
 87       73       489
 88       145       496
 89       110       497
 90       91       502
 91       154       506
************************************************************************
BIG-M-VALUES:
M1 = 41, M2 = 469
************************************************************************
