************************************************************************
file with basedata            : j30_38.bas
initial value random generator: 1407868835
************************************************************************
projects                      :  1
jobs (incl. supersource/sink ):  32
horizon                       :  146
RESOURCES
  - renewable                 :  4   R
  - nonrenewable              :  0   N
  - doubly constrained        :  0   D
************************************************************************
PROJECT INFORMATION:
pronr.  #jobs rel.date duedate tardcost  MPM-Time
    1     30      0       42       20       42
************************************************************************
PRECEDENCE RELATIONS:
jobnr.    #modes  #successors   successors
   0        1          3           1   2   3
   1        1          1          10
   2        1          3           4   6  14
   3        1          3           5   7   8
   4        1          2          16  18
   5        1          3           9  12  23
   6        1          3          11  15  16
   7        1          3          12  17  22
   8        1          3          10  21  23
   9        1          2          25  29
  10        1          1          13
  11        1          2          12  28
  12        1          1          20
  13        1          2          18  20
  14        1          1          15
  15        1          2          17  27
  16        1          2          17  19
  17        1          2          20  21
  18        1          1          24
  19        1          3          21  22  27
  20        1          1          25
  21        1          1          26
  22        1          2          26  30
  23        1          2          24  25
  24        1          2          26  27
  25        1          1          30
  26        1          2          28  29
  27        1          1          28
  28        1          1          31
  29        1          1          31
  30        1          1          31
  31        1          0        
************************************************************************
REQUESTS/DURATIONS:
jobnr. mode duration  R 1  R 2  R 3  R 4  E(W 1)  E(W 2)  E(W 3)
------------------------------------------------------------------------
  0      1     0       0    0    0    0     0       0       0
  1      1     1       2    0    9    0     2       9       0
  2      1     5       2    8    3    0    50      15       0
  3      1     7       6    7    0    0    91       0       0
  4      1    10       0    0    1    0     0      20       0
  5      1     1       0    8    0    0     8       0       0
  6      1     5       0    5    0    0    25       0       0
  7      1     1       6    0    0    6     6       0       6
  8      1     5       0    3    1    0    15      10       0
  9      1     9       0    0    0   10     0       0      90
 10      1     3       1    9    7    0    33      21       0
 11      1     7       2   10    0    8    84       0      56
 12      1     4       0    0    3    0     0      12       0
 13      1     2       7   10    0    0    34       0       0
 14      1     7       4    7    3    1    77      21      14
 15      1     6       0    7    9    0    42      54       0
 16      1     7       3   10    7   10    91      49      70
 17      1     8      10    0   10   10    80      80      80
 18      1     8       3    0    0    6    24       0      48
 19      1     8       0    4    6    0    32      48       0
 20      1     4       0    1    1    6     8       8      24
 21      1     5       0    0    4    0     0      20       0
 22      1     3       0    2    0    7     6       0      21
 23      1     5       0    1   10    0    10      50       0
 24      1    10       0    0    3    2     0      30      20
 25      1     3       4    0    1    3    12       6       9
 26      1     4       7    0    0    0    28       0       0
 27      1     3       0    1    3    0     6       9       0
 28      1     1       0    2    0    0     2       0       0
 29      1     3       0    0    6    6     0      18      18
 30      1     1       0    7    0    0     7       0       0
 31      1     0       0    0    0    0     0       0       0
************************************************************************
RESOURCEAVAILABILITIES:
  R 1  R 2  R 3
   36   19   19
************************************************************************
RESOURCE LIMITS:
jobnr.  l(R 1)  u(R 1)  l(R 2)  u(R 2)  l(R 3)  u(R 3)
------------------------------------------------------------------------
  0        0       0       0       0       0       0
  1        1       2       5       9       0       0
  2        5      10       2       3       0       0
  3        7      13       0       0       0       0
  4        0       0       1       2       0       0
  5        4       8       0       0       0       0
  6        3       5       0       0       0       0
  7        3       6       0       0       3       6
  8        2       3       1       2       0       0
  9        0       0       0       0       5      10
 10        6      11       4       7       0       0
 11        6      12       0       0       4       8
 12        0       0       2       3       0       0
 13        9      17       0       0       0       0
 14        6      11       2       3       1       2
 15        4       7       5       9       0       0
 16        7      13       4       7       5      10
 17        5      10       5      10       5      10
 18        2       3       0       0       3       6
 19        2       4       3       6       0       0
 20        1       2       1       2       3       6
 21        0       0       2       4       0       0
 22        1       2       0       0       4       7
 23        1       2       5      10       0       0
 24        0       0       2       3       1       2
 25        2       4       1       2       2       3
 26        4       7       0       0       0       0
 27        1       2       2       3       0       0
 28        1       2       0       0       0       0
 29        0       0       3       6       3       6
 30        4       7       0       0       0       0
 31        0       0       0       0       0       0
************************************************************************
SCENARIOS:
------------------------------------------------------------------------
RESOURCE k = 1
s = 1: (0, 3, 50, 81, 0, 8, 17, 4, 18, 0, 44, 109, 0, 29, 83, 27, 134, 84, 19, 19, 6, 0, 4, 12, 0, 12, 23, 7, 2, 0, 6, 0)
s = 2: (0, 3, 33, 63, 0, 9, 20, 5, 15, 0, 29, 95, 0, 27, 70, 35, 49, 108, 27, 30, 8, 0, 7, 9, 0, 12, 21, 7, 2, 0, 5, 0)
s = 3: (0, 2, 94, 80, 0, 9, 25, 9, 20, 0, 46, 105, 0, 28, 108, 27, 105, 64, 35, 43, 5, 0, 11, 13, 0, 13, 23, 7, 2, 0, 13, 0)
s = 4: (0, 3, 26, 71, 0, 5, 18, 6, 15, 0, 32, 52, 0, 40, 79, 33, 107, 52, 22, 22, 7, 0, 5, 8, 0, 23, 33, 5, 2, 0, 9, 0)
s = 5: (0, 2, 49, 70, 0, 10, 25, 7, 13, 0, 44, 107, 0, 30, 50, 51, 111, 56, 25, 25, 5, 0, 5, 8, 0, 10, 23, 6, 2, 0, 9, 0)
s = 6: (0, 2, 80, 71, 0, 6, 25, 9, 18, 0, 32, 64, 0, 24, 76, 37, 73, 81, 25, 26, 9, 0, 5, 8, 0, 13, 39, 5, 3, 0, 5, 0)
s = 7: (0, 2, 50, 83, 0, 6, 26, 7, 16, 0, 42, 73, 0, 31, 104, 59, 81, 78, 19, 27, 9, 0, 6, 6, 0, 10, 18, 9, 2, 0, 5, 0)
s = 8: (0, 3, 64, 82, 0, 9, 42, 5, 18, 0, 62, 63, 0, 23, 85, 55, 84, 85, 16, 25, 9, 0, 5, 9, 0, 11, 19, 4, 2, 0, 8, 0)
s = 9: (0, 2, 47, 75, 0, 9, 35, 5, 21, 0, 31, 102, 0, 38, 91, 63, 92, 78, 21, 27, 7, 0, 7, 9, 0, 12, 34, 4, 2, 0, 10, 0)
s = 10: (0, 2, 55, 129, 0, 10, 15, 5, 10, 0, 54, 121, 0, 41, 101, 39, 143, 49, 33, 38, 13, 0, 9, 11, 0, 13, 32, 7, 3, 0, 8, 0)
s = 11: (0, 3, 57, 75, 0, 7, 32, 7, 15, 0, 22, 58, 0, 29, 70, 53, 117, 88, 23, 39, 10, 0, 9, 9, 0, 16, 21, 6, 2, 0, 6, 0)
s = 12: (0, 2, 53, 93, 0, 7, 34, 9, 14, 0, 33, 96, 0, 43, 47, 29, 88, 85, 29, 19, 9, 0, 8, 8, 0, 10, 27, 7, 3, 0, 6, 0)
s = 13: (0, 2, 81, 107, 0, 6, 28, 5, 12, 0, 35, 111, 0, 23, 103, 27, 153, 70, 14, 43, 12, 0, 8, 6, 0, 11, 31, 6, 2, 0, 8, 0)
s = 14: (0, 3, 51, 96, 0, 7, 15, 6, 13, 0, 45, 64, 0, 50, 75, 60, 125, 43, 27, 30, 11, 0, 8, 8, 0, 14, 36, 6, 2, 0, 6, 0)
s = 15: (0, 3, 80, 128, 0, 7, 33, 8, 18, 0, 20, 62, 0, 40, 73, 43, 54, 108, 24, 20, 9, 0, 10, 13, 0, 11, 18, 8, 3, 0, 10, 0)
s = 16: (0, 3, 33, 73, 0, 8, 29, 7, 9, 0, 38, 76, 0, 36, 86, 32, 65, 75, 27, 36, 9, 0, 8, 11, 0, 15, 21, 6, 2, 0, 6, 0)
s = 17: (0, 2, 56, 115, 0, 12, 16, 5, 12, 0, 37, 75, 0, 51, 101, 28, 78, 96, 17, 34, 7, 0, 6, 9, 0, 14, 25, 6, 2, 0, 11, 0)
s = 18: (0, 2, 55, 121, 0, 9, 42, 5, 14, 0, 26, 102, 0, 39, 68, 52, 62, 102, 20, 28, 12, 0, 11, 9, 0, 12, 22, 8, 3, 0, 6, 0)
s = 19: (0, 2, 61, 130, 0, 9, 17, 8, 10, 0, 27, 90, 0, 34, 83, 39, 72, 80, 29, 35, 9, 0, 8, 11, 0, 11, 16, 5, 2, 0, 8, 0)
s = 20: (0, 2, 55, 59, 0, 8, 25, 7, 15, 0, 31, 79, 0, 48, 89, 49, 54, 113, 27, 26, 8, 0, 6, 14, 0, 12, 49, 4, 3, 0, 9, 0)
s = 21: (0, 2, 58, 58, 0, 8, 29, 7, 14, 0, 32, 110, 0, 42, 62, 43, 73, 91, 19, 34, 12, 0, 5, 8, 0, 10, 19, 4, 2, 0, 4, 0)
s = 22: (0, 3, 54, 114, 0, 9, 36, 8, 14, 0, 26, 74, 0, 23, 61, 31, 66, 74, 23, 40, 7, 0, 6, 13, 0, 11, 31, 4, 3, 0, 5, 0)
s = 23: (0, 2, 33, 76, 0, 8, 23, 7, 18, 0, 25, 110, 0, 27, 87, 50, 96, 77, 34, 52, 7, 0, 9, 6, 0, 9, 29, 7, 3, 0, 5, 0)
s = 24: (0, 3, 67, 107, 0, 13, 30, 7, 11, 0, 50, 150, 0, 41, 59, 59, 49, 83, 23, 20, 9, 0, 4, 9, 0, 11, 24, 4, 4, 0, 5, 0)
s = 25: (0, 4, 76, 98, 0, 10, 31, 6, 17, 0, 33, 66, 0, 18, 64, 62, 84, 129, 23, 22, 7, 0, 5, 12, 0, 13, 23, 6, 2, 0, 10, 0)
s = 26: (0, 2, 38, 73, 0, 12, 21, 6, 19, 0, 29, 52, 0, 36, 96, 53, 79, 87, 16, 40, 11, 0, 5, 7, 0, 19, 28, 6, 3, 0, 7, 0)
s = 27: (0, 2, 45, 84, 0, 12, 19, 9, 16, 0, 48, 75, 0, 33, 58, 26, 70, 88, 21, 53, 8, 0, 9, 7, 0, 11, 30, 4, 2, 0, 10, 0)
s = 28: (0, 3, 55, 62, 0, 7, 13, 5, 11, 0, 48, 73, 0, 39, 108, 29, 132, 124, 38, 30, 9, 0, 10, 9, 0, 10, 40, 8, 2, 0, 14, 0)
s = 29: (0, 3, 60, 74, 0, 6, 23, 5, 18, 0, 38, 54, 0, 33, 98, 30, 82, 59, 23, 41, 9, 0, 6, 12, 0, 14, 28, 6, 2, 0, 6, 0)
s = 30: (0, 2, 49, 71, 0, 9, 28, 7, 14, 0, 53, 116, 0, 24, 76, 35, 92, 45, 18, 45, 8, 0, 5, 9, 0, 12, 29, 5, 3, 0, 6, 0)
s = 31: (0, 2, 41, 83, 0, 5, 43, 6, 17, 0, 35, 73, 0, 38, 58, 35, 88, 144, 33, 25, 14, 0, 5, 11, 0, 8, 16, 12, 2, 0, 5, 0)
s = 32: (0, 3, 44, 84, 0, 5, 33, 7, 15, 0, 22, 71, 0, 48, 113, 28, 77, 73, 19, 37, 10, 0, 7, 10, 0, 9, 26, 6, 3, 0, 5, 0)
s = 33: (0, 3, 42, 118, 0, 9, 30, 7, 14, 0, 32, 106, 0, 24, 58, 38, 67, 44, 33, 39, 12, 0, 4, 12, 0, 11, 23, 9, 2, 0, 7, 0)
s = 34: (0, 3, 39, 57, 0, 12, 26, 8, 13, 0, 30, 107, 0, 28, 77, 45, 94, 74, 15, 18, 9, 0, 7, 17, 0, 8, 29, 8, 2, 0, 9, 0)
s = 35: (0, 2, 41, 122, 0, 12, 28, 5, 17, 0, 32, 67, 0, 30, 101, 29, 130, 54, 27, 33, 7, 0, 5, 15, 0, 7, 15, 5, 2, 0, 6, 0)
s = 36: (0, 2, 51, 148, 0, 9, 25, 6, 15, 0, 37, 110, 0, 44, 114, 55, 76, 64, 23, 45, 10, 0, 8, 10, 0, 7, 22, 6, 2, 0, 6, 0)
s = 37: (0, 2, 45, 109, 0, 7, 39, 8, 11, 0, 52, 86, 0, 49, 141, 24, 137, 87, 16, 23, 5, 0, 5, 15, 0, 18, 37, 6, 3, 0, 9, 0)
s = 38: (0, 2, 39, 125, 0, 7, 25, 6, 10, 0, 28, 113, 0, 31, 114, 57, 111, 78, 13, 32, 8, 0, 4, 11, 0, 15, 30, 5, 2, 0, 5, 0)
s = 39: (0, 3, 38, 99, 0, 12, 23, 8, 19, 0, 31, 53, 0, 62, 66, 35, 86, 77, 28, 33, 6, 0, 7, 10, 0, 15, 28, 4, 2, 0, 7, 0)
s = 40: (0, 2, 42, 97, 0, 10, 20, 9, 13, 0, 26, 113, 0, 34, 70, 49, 59, 64, 17, 18, 9, 0, 5, 15, 0, 17, 19, 8, 2, 0, 5, 0)
s = 41: (0, 3, 57, 68, 0, 10, 41, 7, 15, 0, 20, 81, 0, 37, 116, 30, 116, 46, 30, 27, 11, 0, 7, 10, 0, 12, 37, 6, 4, 0, 9, 0)
s = 42: (0, 2, 57, 76, 0, 7, 25, 4, 22, 0, 37, 90, 0, 42, 100, 35, 116, 49, 38, 56, 5, 0, 6, 10, 0, 13, 23, 8, 3, 0, 12, 0)
s = 43: (0, 3, 71, 118, 0, 11, 23, 10, 25, 0, 25, 103, 0, 58, 93, 32, 132, 58, 14, 22, 8, 0, 8, 9, 0, 8, 32, 4, 2, 0, 8, 0)
s = 44: (0, 2, 47, 62, 0, 7, 38, 6, 13, 0, 29, 78, 0, 24, 117, 54, 101, 106, 22, 40, 8, 0, 8, 7, 0, 10, 44, 5, 3, 0, 5, 0)
s = 45: (0, 3, 52, 66, 0, 6, 32, 4, 16, 0, 38, 122, 0, 64, 100, 60, 118, 108, 23, 43, 8, 0, 10, 8, 0, 13, 29, 5, 2, 0, 8, 0)
s = 46: (0, 2, 34, 64, 0, 10, 40, 8, 16, 0, 44, 83, 0, 40, 122, 68, 73, 90, 19, 41, 11, 0, 10, 8, 0, 9, 36, 7, 2, 0, 9, 0)
s = 47: (0, 2, 36, 86, 0, 10, 23, 5, 11, 0, 27, 81, 0, 35, 138, 57, 113, 82, 26, 28, 7, 0, 5, 13, 0, 18, 19, 6, 2, 0, 6, 0)
s = 48: (0, 3, 42, 109, 0, 10, 37, 5, 12, 0, 27, 111, 0, 31, 58, 24, 104, 103, 16, 21, 8, 0, 5, 6, 0, 15, 30, 10, 2, 0, 13, 0)
s = 49: (0, 2, 58, 64, 0, 13, 26, 8, 17, 0, 33, 105, 0, 34, 67, 38, 114, 87, 18, 37, 7, 0, 8, 14, 0, 8, 18, 5, 3, 0, 7, 0)
s = 50: (0, 2, 42, 89, 0, 9, 20, 4, 19, 0, 30, 81, 0, 29, 109, 38, 76, 64, 23, 34, 10, 0, 7, 9, 0, 9, 25, 5, 4, 0, 10, 0)
s = 51: (0, 2, 89, 62, 0, 12, 30, 8, 17, 0, 21, 96, 0, 50, 125, 40, 61, 62, 34, 17, 8, 0, 6, 10, 0, 12, 30, 5, 4, 0, 10, 0)
s = 52: (0, 2, 59, 72, 0, 8, 16, 8, 18, 0, 29, 68, 0, 27, 66, 26, 116, 119, 26, 33, 12, 0, 8, 9, 0, 20, 38, 4, 4, 0, 5, 0)
s = 53: (0, 3, 44, 101, 0, 9, 30, 5, 15, 0, 40, 53, 0, 23, 102, 38, 145, 46, 16, 42, 7, 0, 7, 16, 0, 13, 20, 6, 2, 0, 11, 0)
s = 54: (0, 2, 64, 93, 0, 7, 14, 6, 9, 0, 31, 74, 0, 30, 100, 35, 91, 61, 35, 33, 7, 0, 4, 11, 0, 9, 19, 6, 3, 0, 7, 0)
s = 55: (0, 2, 56, 68, 0, 10, 28, 7, 13, 0, 47, 111, 0, 23, 128, 56, 94, 97, 18, 42, 5, 0, 9, 7, 0, 13, 19, 10, 3, 0, 8, 0)
s = 56: (0, 3, 37, 95, 0, 10, 25, 4, 15, 0, 31, 122, 0, 42, 67, 64, 91, 69, 18, 35, 6, 0, 5, 14, 0, 14, 34, 10, 2, 0, 10, 0)
s = 57: (0, 3, 35, 139, 0, 7, 40, 4, 22, 0, 22, 78, 0, 43, 67, 34, 63, 70, 37, 20, 9, 0, 6, 8, 0, 7, 26, 5, 2, 0, 11, 0)
s = 58: (0, 3, 51, 98, 0, 5, 33, 7, 15, 0, 31, 80, 0, 31, 88, 49, 101, 70, 28, 26, 9, 0, 8, 18, 0, 15, 16, 6, 3, 0, 5, 0)
s = 59: (0, 2, 37, 99, 0, 5, 35, 7, 23, 0, 29, 50, 0, 23, 103, 31, 69, 57, 26, 32, 5, 0, 11, 10, 0, 15, 18, 9, 2, 0, 5, 0)
s = 60: (0, 2, 48, 127, 0, 9, 29, 9, 13, 0, 31, 49, 0, 48, 65, 54, 66, 68, 18, 35, 7, 0, 6, 7, 0, 8, 41, 8, 2, 0, 6, 0)
s = 61: (0, 2, 47, 111, 0, 6, 28, 6, 11, 0, 41, 121, 0, 30, 63, 36, 115, 56, 26, 22, 8, 0, 8, 7, 0, 8, 20, 6, 2, 0, 7, 0)
s = 62: (0, 3, 31, 128, 0, 7, 23, 7, 20, 0, 28, 59, 0, 34, 60, 29, 114, 108, 21, 27, 6, 0, 5, 11, 0, 15, 30, 10, 3, 0, 5, 0)
s = 63: (0, 2, 61, 88, 0, 9, 29, 6, 14, 0, 31, 108, 0, 25, 111, 39, 75, 76, 30, 38, 5, 0, 10, 12, 0, 10, 37, 6, 2, 0, 8, 0)
s = 64: (0, 3, 51, 102, 0, 5, 17, 4, 17, 0, 33, 96, 0, 60, 85, 48, 72, 97, 31, 25, 9, 0, 10, 10, 0, 13, 19, 7, 3, 0, 5, 0)
s = 65: (0, 2, 38, 77, 0, 7, 19, 5, 25, 0, 36, 123, 0, 40, 76, 38, 73, 63, 16, 33, 8, 0, 8, 12, 0, 16, 22, 6, 2, 0, 10, 0)
s = 66: (0, 2, 64, 51, 0, 9, 24, 5, 19, 0, 23, 128, 0, 51, 58, 60, 99, 101, 25, 68, 8, 0, 6, 12, 0, 14, 32, 4, 2, 0, 6, 0)
s = 67: (0, 3, 47, 88, 0, 8, 33, 7, 10, 0, 31, 110, 0, 49, 88, 41, 143, 85, 16, 40, 8, 0, 4, 7, 0, 15, 22, 6, 3, 0, 9, 0)
s = 68: (0, 3, 36, 121, 0, 12, 42, 6, 9, 0, 32, 108, 0, 32, 57, 29, 101, 86, 22, 23, 14, 0, 10, 10, 0, 12, 23, 7, 3, 0, 8, 0)
s = 69: (0, 3, 40, 86, 0, 10, 22, 9, 11, 0, 32, 129, 0, 37, 85, 28, 80, 55, 25, 36, 6, 0, 6, 7, 0, 8, 39, 9, 2, 0, 12, 0)
s = 70: (0, 3, 73, 79, 0, 8, 23, 10, 20, 0, 24, 112, 0, 30, 41, 42, 102, 67, 25, 38, 13, 0, 7, 8, 0, 17, 27, 6, 3, 0, 6, 0)
s = 71: (0, 2, 47, 90, 0, 8, 23, 5, 21, 0, 23, 85, 0, 40, 49, 41, 73, 48, 26, 25, 13, 0, 8, 16, 0, 10, 25, 6, 2, 0, 8, 0)
s = 72: (0, 2, 54, 110, 0, 7, 30, 6, 11, 0, 26, 62, 0, 28, 83, 41, 88, 114, 38, 19, 6, 0, 6, 9, 0, 12, 28, 4, 3, 0, 8, 0)
s = 73: (0, 2, 33, 155, 0, 7, 16, 4, 15, 0, 24, 128, 0, 35, 114, 52, 91, 96, 23, 25, 9, 0, 7, 9, 0, 9, 19, 6, 2, 0, 6, 0)
s = 74: (0, 3, 43, 79, 0, 9, 35, 7, 17, 0, 54, 98, 0, 50, 113, 33, 87, 52, 18, 27, 11, 0, 5, 7, 0, 12, 30, 7, 3, 0, 8, 0)
s = 75: (0, 2, 44, 106, 0, 11, 35, 8, 16, 0, 44, 109, 0, 35, 89, 40, 129, 69, 24, 33, 10, 0, 6, 11, 0, 8, 15, 10, 3, 0, 8, 0)
s = 76: (0, 3, 53, 84, 0, 6, 33, 11, 16, 0, 28, 94, 0, 30, 104, 40, 64, 63, 27, 26, 7, 0, 4, 9, 0, 13, 25, 6, 3, 0, 10, 0)
s = 77: (0, 3, 27, 100, 0, 9, 19, 6, 10, 0, 43, 94, 0, 41, 107, 33, 60, 53, 25, 41, 7, 0, 6, 6, 0, 7, 18, 6, 2, 0, 8, 0)
s = 78: (0, 4, 40, 63, 0, 9, 31, 8, 19, 0, 36, 66, 0, 38, 64, 31, 126, 43, 31, 26, 12, 0, 7, 13, 0, 15, 42, 5, 2, 0, 8, 0)
s = 79: (0, 3, 48, 75, 0, 13, 25, 7, 10, 0, 27, 87, 0, 22, 114, 68, 114, 45, 25, 20, 11, 0, 5, 6, 0, 12, 36, 7, 2, 0, 10, 0)
s = 80: (0, 3, 54, 100, 0, 8, 24, 7, 15, 0, 44, 64, 0, 47, 108, 65, 111, 56, 20, 31, 7, 0, 5, 12, 0, 8, 17, 7, 2, 0, 10, 0)
s = 81: (0, 2, 35, 99, 0, 8, 37, 6, 15, 0, 32, 84, 0, 34, 70, 58, 52, 95, 25, 31, 9, 0, 8, 7, 0, 11, 30, 9, 3, 0, 6, 0)
s = 82: (0, 3, 29, 91, 0, 6, 39, 7, 13, 0, 38, 51, 0, 39, 75, 48, 116, 53, 21, 31, 9, 0, 6, 13, 0, 18, 27, 8, 2, 0, 8, 0)
s = 83: (0, 2, 41, 128, 0, 14, 30, 5, 17, 0, 30, 104, 0, 30, 79, 60, 77, 69, 30, 22, 8, 0, 6, 8, 0, 10, 32, 8, 2, 0, 8, 0)
s = 84: (0, 2, 31, 154, 0, 7, 26, 7, 9, 0, 34, 69, 0, 28, 58, 67, 56, 54, 21, 31, 8, 0, 6, 9, 0, 12, 20, 7, 2, 0, 6, 0)
s = 85: (0, 2, 52, 92, 0, 12, 21, 4, 15, 0, 37, 72, 0, 32, 118, 27, 130, 66, 29, 46, 7, 0, 8, 12, 0, 14, 27, 6, 3, 0, 7, 0)
s = 86: (0, 3, 72, 85, 0, 8, 32, 5, 13, 0, 39, 121, 0, 26, 101, 58, 128, 47, 20, 29, 8, 0, 5, 12, 0, 11, 21, 8, 3, 0, 8, 0)
s = 87: (0, 3, 37, 51, 0, 7, 20, 7, 12, 0, 32, 110, 0, 47, 49, 39, 75, 108, 21, 20, 9, 0, 8, 11, 0, 10, 46, 8, 3, 0, 4, 0)
s = 88: (0, 2, 57, 84, 0, 9, 31, 9, 20, 0, 40, 100, 0, 33, 92, 56, 76, 45, 28, 19, 9, 0, 5, 6, 0, 13, 37, 5, 3, 0, 8, 0)
s = 89: (0, 4, 76, 89, 0, 8, 25, 4, 16, 0, 47, 80, 0, 30, 95, 51, 70, 131, 24, 35, 6, 0, 9, 8, 0, 10, 27, 6, 3, 0, 6, 0)
s = 90: (0, 2, 38, 77, 0, 6, 26, 4, 15, 0, 30, 85, 0, 44, 76, 31, 117, 89, 21, 32, 12, 0, 8, 13, 0, 11, 28, 6, 3, 0, 7, 0)
s = 91: (0, 2, 72, 123, 0, 7, 19, 5, 16, 0, 33, 67, 0, 26, 53, 37, 107, 90, 15, 31, 8, 0, 5, 7, 0, 10, 32, 5, 2, 0, 10, 0)
s = 92: (0, 2, 47, 126, 0, 7, 35, 7, 10, 0, 33, 79, 0, 29, 52, 54, 95, 73, 26, 27, 10, 0, 5, 12, 0, 15, 34, 7, 2, 0, 7, 0)
s = 93: (0, 2, 56, 99, 0, 8, 15, 6, 21, 0, 40, 70, 0, 42, 76, 45, 119, 88, 29, 30, 9, 0, 6, 7, 0, 14, 30, 8, 3, 0, 12, 0)
s = 94: (0, 3, 50, 77, 0, 8, 20, 6, 14, 0, 26, 93, 0, 41, 69, 69, 79, 68, 14, 38, 11, 0, 6, 8, 0, 14, 39, 5, 2, 0, 5, 0)
s = 95: (0, 2, 50, 105, 0, 11, 34, 6, 10, 0, 33, 69, 0, 29, 57, 34, 58, 85, 29, 38, 8, 0, 6, 8, 0, 11, 24, 5, 3, 0, 6, 0)
s = 96: (0, 2, 34, 84, 0, 8, 22, 8, 13, 0, 35, 84, 0, 45, 92, 59, 93, 63, 29, 54, 9, 0, 8, 12, 0, 8, 44, 6, 2, 0, 5, 0)
s = 97: (0, 2, 33, 80, 0, 11, 21, 7, 13, 0, 58, 71, 0, 36, 73, 51, 123, 88, 16, 29, 9, 0, 8, 12, 0, 9, 39, 5, 2, 0, 7, 0)
s = 98: (0, 2, 32, 158, 0, 9, 24, 5, 13, 0, 41, 84, 0, 26, 66, 44, 90, 52, 33, 43, 11, 0, 7, 15, 0, 11, 21, 6, 4, 0, 9, 0)
s = 99: (0, 2, 69, 73, 0, 9, 31, 5, 11, 0, 47, 56, 0, 28, 103, 34, 58, 67, 22, 22, 14, 0, 7, 8, 0, 16, 16, 7, 3, 0, 6, 0)
s = 100: (0, 4, 44, 112, 0, 8, 22, 9, 17, 0, 24, 80, 0, 33, 102, 31, 90, 140, 20, 37, 10, 0, 6, 12, 0, 9, 35, 6, 3, 0, 7, 0)
s = 101: (0, 2, 46, 117, 0, 14, 41, 5, 8, 0, 55, 51, 0, 25, 97, 36, 53, 74, 14, 20, 7, 0, 5, 9, 0, 17, 21, 9, 2, 0, 7, 0)
s = 102: (0, 2, 42, 95, 0, 7, 27, 6, 10, 0, 20, 64, 0, 19, 67, 26, 81, 65, 18, 43, 6, 0, 7, 11, 0, 9, 29, 9, 4, 0, 8, 0)
s = 103: (0, 3, 82, 83, 0, 6, 33, 6, 10, 0, 40, 77, 0, 25, 49, 44, 98, 74, 20, 31, 8, 0, 4, 15, 0, 12, 33, 6, 2, 0, 6, 0)
s = 104: (0, 2, 37, 104, 0, 9, 25, 6, 15, 0, 49, 68, 0, 31, 55, 51, 84, 83, 23, 32, 8, 0, 6, 9, 0, 14, 21, 4, 2, 0, 11, 0)
s = 105: (0, 3, 42, 169, 0, 9, 23, 6, 11, 0, 34, 138, 0, 25, 62, 23, 93, 126, 22, 35, 5, 0, 5, 10, 0, 15, 35, 5, 2, 0, 7, 0)
s = 106: (0, 2, 66, 86, 0, 5, 16, 6, 11, 0, 39, 72, 0, 37, 126, 47, 77, 81, 18, 20, 8, 0, 5, 12, 0, 20, 33, 6, 2, 0, 5, 0)
s = 107: (0, 3, 33, 144, 0, 12, 28, 6, 18, 0, 33, 54, 0, 51, 75, 52, 97, 132, 25, 55, 8, 0, 7, 9, 0, 11, 36, 4, 2, 0, 10, 0)
s = 108: (0, 3, 51, 74, 0, 9, 31, 4, 18, 0, 33, 72, 0, 35, 74, 38, 101, 120, 19, 61, 6, 0, 8, 14, 0, 11, 37, 7, 2, 0, 8, 0)
s = 109: (0, 2, 44, 70, 0, 7, 29, 5, 10, 0, 45, 75, 0, 36, 55, 32, 70, 90, 20, 24, 6, 0, 11, 11, 0, 13, 45, 6, 3, 0, 5, 0)
s = 110: (0, 3, 39, 86, 0, 9, 40, 5, 10, 0, 20, 118, 0, 22, 119, 44, 53, 85, 22, 47, 8, 0, 7, 9, 0, 11, 20, 4, 3, 0, 9, 0)
s = 111: (0, 4, 39, 110, 0, 8, 26, 5, 23, 0, 38, 66, 0, 45, 50, 41, 117, 68, 14, 29, 8, 0, 9, 10, 0, 13, 22, 11, 3, 0, 8, 0)
s = 112: (0, 2, 33, 65, 0, 8, 28, 9, 16, 0, 25, 69, 0, 37, 51, 27, 88, 92, 20, 23, 5, 0, 8, 10, 0, 17, 27, 5, 3, 0, 7, 0)
s = 113: (0, 2, 73, 79, 0, 11, 21, 6, 24, 0, 37, 77, 0, 50, 46, 39, 135, 94, 29, 26, 11, 0, 4, 11, 0, 14, 31, 7, 2, 0, 6, 0)
s = 114: (0, 2, 43, 101, 0, 8, 29, 9, 12, 0, 47, 59, 0, 30, 95, 46, 61, 57, 20, 42, 9, 0, 5, 9, 0, 9, 18, 7, 3, 0, 9, 0)
s = 115: (0, 2, 45, 112, 0, 9, 27, 4, 11, 0, 42, 90, 0, 54, 83, 40, 89, 114, 19, 38, 13, 0, 7, 13, 0, 11, 21, 7, 3, 0, 11, 0)
s = 116: (0, 2, 38, 130, 0, 7, 26, 9, 23, 0, 32, 98, 0, 28, 76, 59, 103, 104, 27, 36, 11, 0, 4, 9, 0, 11, 28, 8, 2, 0, 5, 0)
s = 117: (0, 2, 47, 58, 0, 10, 29, 5, 21, 0, 44, 85, 0, 23, 75, 46, 77, 100, 17, 40, 6, 0, 8, 11, 0, 12, 18, 6, 2, 0, 11, 0)
s = 118: (0, 2, 49, 126, 0, 6, 26, 5, 17, 0, 20, 70, 0, 42, 74, 50, 88, 51, 20, 48, 8, 0, 8, 10, 0, 12, 18, 6, 2, 0, 12, 0)
s = 119: (0, 3, 39, 117, 0, 7, 28, 10, 17, 0, 31, 102, 0, 27, 94, 55, 141, 59, 20, 26, 9, 0, 7, 7, 0, 15, 45, 5, 2, 0, 5, 0)
s = 120: (0, 3, 59, 161, 0, 10, 28, 5, 15, 0, 38, 117, 0, 21, 63, 44, 74, 64, 18, 44, 8, 0, 5, 7, 0, 15, 29, 5, 3, 0, 6, 0)
s = 121: (0, 2, 33, 96, 0, 14, 21, 8, 22, 0, 28, 93, 0, 28, 60, 41, 59, 91, 22, 20, 9, 0, 4, 7, 0, 11, 38, 7, 2, 0, 6, 0)
s = 122: (0, 2, 47, 114, 0, 10, 26, 7, 11, 0, 51, 109, 0, 25, 99, 29, 57, 99, 15, 32, 11, 0, 6, 6, 0, 13, 18, 4, 2, 0, 10, 0)
s = 123: (0, 2, 39, 76, 0, 10, 31, 6, 9, 0, 40, 87, 0, 31, 92, 24, 83, 96, 33, 35, 14, 0, 8, 11, 0, 8, 27, 6, 2, 0, 9, 0)
s = 124: (0, 3, 68, 142, 0, 8, 23, 4, 13, 0, 38, 75, 0, 27, 61, 59, 146, 56, 24, 36, 6, 0, 7, 10, 0, 11, 29, 5, 3, 0, 12, 0)
s = 125: (0, 3, 61, 57, 0, 11, 30, 5, 19, 0, 33, 97, 0, 55, 124, 24, 72, 76, 24, 21, 8, 0, 6, 11, 0, 10, 21, 8, 3, 0, 5, 0)
s = 126: (0, 2, 42, 61, 0, 9, 23, 9, 15, 0, 36, 87, 0, 28, 68, 36, 50, 86, 15, 33, 7, 0, 9, 9, 0, 20, 28, 7, 3, 0, 6, 0)
s = 127: (0, 2, 71, 129, 0, 9, 18, 5, 23, 0, 30, 78, 0, 30, 61, 52, 88, 87, 21, 27, 11, 0, 7, 12, 0, 7, 22, 7, 3, 0, 12, 0)
s = 128: (0, 3, 39, 81, 0, 9, 19, 4, 11, 0, 50, 128, 0, 37, 112, 54, 84, 84, 22, 30, 10, 0, 4, 10, 0, 15, 16, 11, 2, 0, 7, 0)
s = 129: (0, 3, 52, 72, 0, 6, 17, 5, 21, 0, 29, 67, 0, 21, 79, 48, 64, 96, 15, 25, 8, 0, 7, 16, 0, 9, 20, 6, 3, 0, 7, 0)
s = 130: (0, 2, 32, 67, 0, 8, 18, 7, 14, 0, 48, 124, 0, 19, 62, 31, 72, 120, 22, 38, 7, 0, 6, 8, 0, 11, 30, 7, 3, 0, 7, 0)
s = 131: (0, 2, 74, 62, 0, 12, 21, 4, 16, 0, 28, 64, 0, 34, 108, 39, 96, 80, 40, 34, 9, 0, 6, 8, 0, 15, 51, 7, 3, 0, 4, 0)
s = 132: (0, 2, 46, 126, 0, 10, 22, 8, 21, 0, 37, 73, 0, 22, 66, 32, 76, 105, 30, 32, 7, 0, 8, 15, 0, 14, 19, 8, 2, 0, 7, 0)
s = 133: (0, 2, 41, 106, 0, 9, 25, 8, 24, 0, 24, 92, 0, 37, 80, 59, 62, 49, 28, 22, 8, 0, 11, 12, 0, 12, 39, 5, 2, 0, 8, 0)
s = 134: (0, 3, 75, 119, 0, 5, 31, 8, 15, 0, 28, 87, 0, 34, 97, 23, 65, 62, 22, 26, 8, 0, 7, 9, 0, 17, 29, 6, 3, 0, 6, 0)
s = 135: (0, 2, 38, 72, 0, 12, 24, 8, 13, 0, 26, 66, 0, 43, 60, 27, 66, 68, 37, 23, 7, 0, 9, 12, 0, 20, 23, 8, 3, 0, 11, 0)
s = 136: (0, 2, 44, 72, 0, 10, 31, 5, 13, 0, 35, 56, 0, 25, 110, 57, 145, 106, 31, 48, 9, 0, 6, 13, 0, 10, 20, 8, 2, 0, 9, 0)
s = 137: (0, 4, 59, 106, 0, 6, 28, 7, 11, 0, 24, 113, 0, 29, 66, 31, 109, 98, 38, 20, 10, 0, 6, 7, 0, 13, 23, 8, 2, 0, 6, 0)
s = 138: (0, 3, 52, 92, 0, 7, 29, 8, 23, 0, 45, 93, 0, 43, 70, 35, 98, 77, 29, 29, 12, 0, 7, 11, 0, 12, 24, 5, 2, 0, 11, 0)
s = 139: (0, 2, 61, 78, 0, 6, 27, 8, 13, 0, 25, 57, 0, 38, 44, 70, 73, 77, 26, 34, 12, 0, 4, 11, 0, 10, 35, 5, 3, 0, 11, 0)
s = 140: (0, 3, 28, 64, 0, 10, 34, 10, 16, 0, 33, 61, 0, 25, 47, 30, 130, 86, 17, 32, 12, 0, 7, 9, 0, 17, 20, 7, 3, 0, 6, 0)
s = 141: (0, 2, 38, 142, 0, 8, 14, 4, 13, 0, 27, 77, 0, 57, 64, 37, 47, 58, 33, 26, 7, 0, 11, 11, 0, 11, 42, 5, 2, 0, 12, 0)
s = 142: (0, 2, 36, 158, 0, 7, 26, 5, 12, 0, 33, 79, 0, 35, 60, 43, 157, 90, 20, 36, 11, 0, 7, 12, 0, 16, 30, 8, 2, 0, 6, 0)
s = 143: (0, 2, 76, 73, 0, 9, 30, 9, 18, 0, 42, 81, 0, 20, 83, 28, 107, 70, 18, 26, 12, 0, 4, 14, 0, 15, 22, 7, 2, 0, 7, 0)
s = 144: (0, 3, 47, 83, 0, 10, 17, 8, 22, 0, 30, 63, 0, 26, 84, 31, 57, 117, 22, 43, 8, 0, 7, 9, 0, 8, 33, 6, 3, 0, 6, 0)
s = 145: (0, 3, 51, 89, 0, 7, 19, 6, 26, 0, 40, 87, 0, 34, 71, 38, 92, 84, 26, 21, 7, 0, 8, 16, 0, 12, 35, 8, 2, 0, 7, 0)
s = 146: (0, 3, 61, 107, 0, 10, 36, 6, 18, 0, 48, 125, 0, 41, 86, 49, 73, 63, 26, 51, 10, 0, 8, 8, 0, 12, 28, 8, 3, 0, 8, 0)
s = 147: (0, 3, 43, 64, 0, 12, 26, 4, 16, 0, 39, 61, 0, 33, 63, 55, 70, 78, 32, 20, 7, 0, 10, 11, 0, 7, 31, 4, 2, 0, 9, 0)
s = 148: (0, 2, 62, 116, 0, 8, 23, 10, 23, 0, 37, 74, 0, 43, 64, 49, 93, 130, 20, 36, 5, 0, 9, 8, 0, 17, 25, 9, 2, 0, 5, 0)
s = 149: (0, 2, 43, 87, 0, 8, 32, 6, 14, 0, 20, 100, 0, 33, 77, 51, 75, 68, 22, 30, 6, 0, 6, 10, 0, 8, 20, 8, 3, 0, 12, 0)
s = 150: (0, 3, 43, 98, 0, 7, 17, 6, 13, 0, 26, 85, 0, 30, 60, 43, 122, 87, 24, 32, 10, 0, 6, 10, 0, 13, 25, 9, 2, 0, 6, 0)
s = 151: (0, 3, 64, 89, 0, 6, 21, 6, 24, 0, 37, 86, 0, 27, 47, 45, 97, 112, 18, 37, 11, 0, 4, 10, 0, 14, 22, 8, 2, 0, 9, 0)
s = 152: (0, 3, 42, 97, 0, 10, 23, 4, 18, 0, 27, 100, 0, 40, 76, 37, 152, 80, 26, 29, 12, 0, 5, 16, 0, 7, 33, 5, 2, 0, 7, 0)
s = 153: (0, 2, 84, 106, 0, 9, 20, 9, 18, 0, 36, 50, 0, 22, 90, 51, 79, 93, 20, 28, 6, 0, 5, 9, 0, 11, 20, 6, 2, 0, 7, 0)
s = 154: (0, 2, 56, 106, 0, 6, 34, 5, 11, 0, 39, 71, 0, 32, 84, 34, 85, 80, 28, 44, 12, 0, 4, 9, 0, 12, 41, 7, 3, 0, 8, 0)
s = 155: (0, 3, 30, 82, 0, 7, 27, 8, 15, 0, 34, 74, 0, 21, 81, 32, 139, 120, 26, 24, 6, 0, 6, 12, 0, 8, 43, 6, 2, 0, 5, 0)
s = 156: (0, 3, 32, 73, 0, 7, 17, 6, 12, 0, 24, 69, 0, 33, 116, 56, 81, 65, 32, 26, 6, 0, 4, 8, 0, 16, 21, 7, 3, 0, 9, 0)
s = 157: (0, 2, 28, 99, 0, 9, 24, 6, 12, 0, 26, 98, 0, 27, 54, 52, 116, 83, 27, 39, 9, 0, 6, 9, 0, 9, 34, 6, 2, 0, 5, 0)
s = 158: (0, 3, 63, 59, 0, 14, 15, 7, 16, 0, 35, 49, 0, 26, 54, 32, 73, 75, 26, 19, 7, 0, 6, 8, 0, 11, 26, 4, 3, 0, 6, 0)
s = 159: (0, 3, 35, 59, 0, 12, 26, 7, 14, 0, 22, 62, 0, 34, 127, 29, 77, 94, 19, 21, 10, 0, 7, 14, 0, 8, 21, 7, 2, 0, 10, 0)
s = 160: (0, 2, 38, 97, 0, 10, 22, 5, 18, 0, 33, 86, 0, 30, 66, 30, 118, 107, 17, 31, 12, 0, 8, 7, 0, 14, 37, 4, 2, 0, 15, 0)
s = 161: (0, 2, 42, 59, 0, 8, 23, 8, 12, 0, 31, 90, 0, 41, 53, 40, 61, 69, 25, 29, 7, 0, 4, 7, 0, 12, 26, 7, 3, 0, 6, 0)
s = 162: (0, 4, 56, 80, 0, 11, 45, 4, 12, 0, 27, 83, 0, 44, 71, 28, 93, 123, 19, 37, 14, 0, 4, 9, 0, 21, 38, 6, 2, 0, 7, 0)
s = 163: (0, 3, 31, 116, 0, 6, 27, 8, 20, 0, 26, 83, 0, 46, 80, 46, 76, 142, 28, 36, 5, 0, 6, 12, 0, 15, 39, 6, 2, 0, 7, 0)
s = 164: (0, 3, 31, 104, 0, 9, 15, 4, 11, 0, 36, 93, 0, 35, 97, 26, 96, 91, 32, 31, 10, 0, 8, 10, 0, 9, 39, 8, 3, 0, 7, 0)
s = 165: (0, 2, 49, 91, 0, 7, 24, 7, 20, 0, 32, 135, 0, 51, 108, 45, 109, 54, 15, 27, 6, 0, 9, 7, 0, 10, 25, 6, 2, 0, 8, 0)
s = 166: (0, 2, 46, 96, 0, 6, 31, 4, 19, 0, 39, 82, 0, 24, 94, 30, 59, 78, 21, 19, 10, 0, 6, 9, 0, 12, 29, 7, 2, 0, 4, 0)
s = 167: (0, 2, 50, 89, 0, 6, 24, 9, 17, 0, 28, 91, 0, 32, 44, 38, 91, 98, 18, 32, 8, 0, 4, 13, 0, 16, 36, 6, 3, 0, 7, 0)
s = 168: (0, 2, 52, 89, 0, 9, 26, 5, 9, 0, 35, 75, 0, 27, 102, 67, 81, 65, 39, 24, 7, 0, 6, 14, 0, 13, 19, 5, 2, 0, 9, 0)
s = 169: (0, 3, 79, 87, 0, 7, 18, 9, 13, 0, 31, 47, 0, 27, 59, 38, 101, 140, 26, 22, 10, 0, 6, 7, 0, 8, 32, 7, 3, 0, 8, 0)
s = 170: (0, 2, 42, 63, 0, 9, 19, 5, 12, 0, 25, 90, 0, 48, 86, 39, 111, 96, 26, 27, 8, 0, 6, 14, 0, 19, 18, 6, 2, 0, 7, 0)
s = 171: (0, 2, 53, 90, 0, 11, 22, 4, 13, 0, 24, 135, 0, 38, 70, 59, 101, 68, 18, 21, 6, 0, 4, 10, 0, 11, 20, 6, 3, 0, 6, 0)
s = 172: (0, 3, 55, 103, 0, 8, 31, 4, 17, 0, 21, 68, 0, 34, 89, 36, 123, 86, 23, 39, 9, 0, 6, 11, 0, 14, 39, 11, 3, 0, 6, 0)
s = 173: (0, 2, 51, 74, 0, 9, 29, 5, 11, 0, 36, 98, 0, 41, 67, 35, 109, 69, 25, 26, 10, 0, 7, 6, 0, 7, 19, 7, 2, 0, 5, 0)
s = 174: (0, 3, 46, 72, 0, 6, 33, 7, 14, 0, 31, 96, 0, 47, 90, 22, 67, 67, 31, 21, 10, 0, 5, 10, 0, 8, 29, 5, 2, 0, 6, 0)
s = 175: (0, 2, 69, 95, 0, 8, 19, 5, 12, 0, 22, 55, 0, 22, 62, 39, 85, 64, 18, 31, 9, 0, 8, 7, 0, 15, 33, 6, 2, 0, 7, 0)
s = 176: (0, 2, 34, 100, 0, 9, 23, 9, 11, 0, 30, 134, 0, 20, 114, 46, 131, 105, 18, 32, 9, 0, 4, 12, 0, 13, 30, 9, 2, 0, 9, 0)
s = 177: (0, 2, 48, 63, 0, 9, 15, 5, 14, 0, 42, 91, 0, 25, 77, 30, 69, 46, 27, 45, 12, 0, 8, 10, 0, 12, 37, 5, 2, 0, 10, 0)
s = 178: (0, 3, 35, 147, 0, 5, 28, 6, 14, 0, 37, 59, 0, 58, 72, 51, 77, 78, 34, 28, 8, 0, 7, 9, 0, 14, 31, 7, 2, 0, 8, 0)
s = 179: (0, 2, 35, 112, 0, 11, 14, 5, 14, 0, 26, 64, 0, 40, 113, 32, 164, 69, 19, 55, 8, 0, 4, 7, 0, 9, 17, 6, 2, 0, 9, 0)
s = 180: (0, 3, 63, 116, 0, 9, 27, 6, 11, 0, 28, 70, 0, 33, 85, 58, 80, 110, 19, 19, 10, 0, 5, 9, 0, 8, 29, 10, 2, 0, 6, 0)
s = 181: (0, 2, 48, 84, 0, 9, 35, 8, 16, 0, 43, 89, 0, 37, 51, 47, 81, 105, 21, 33, 7, 0, 4, 9, 0, 10, 21, 5, 3, 0, 10, 0)
s = 182: (0, 3, 66, 130, 0, 11, 25, 7, 15, 0, 34, 99, 0, 29, 122, 68, 93, 84, 28, 39, 9, 0, 4, 8, 0, 15, 18, 8, 2, 0, 5, 0)
s = 183: (0, 3, 46, 73, 0, 6, 17, 5, 12, 0, 22, 86, 0, 40, 60, 34, 96, 78, 27, 49, 7, 0, 4, 13, 0, 12, 37, 7, 2, 0, 10, 0)
s = 184: (0, 4, 71, 76, 0, 8, 22, 5, 15, 0, 29, 70, 0, 43, 89, 35, 149, 71, 35, 19, 6, 0, 6, 7, 0, 15, 27, 6, 2, 0, 7, 0)
s = 185: (0, 3, 57, 108, 0, 12, 46, 8, 12, 0, 30, 63, 0, 26, 71, 65, 107, 104, 18, 32, 7, 0, 9, 10, 0, 10, 35, 9, 3, 0, 7, 0)
s = 186: (0, 3, 35, 156, 0, 9, 18, 9, 16, 0, 31, 53, 0, 45, 64, 31, 50, 81, 20, 19, 7, 0, 6, 14, 0, 8, 28, 9, 3, 0, 6, 0)
s = 187: (0, 2, 76, 71, 0, 13, 37, 6, 17, 0, 38, 71, 0, 28, 57, 26, 92, 62, 21, 29, 8, 0, 9, 8, 0, 14, 42, 5, 3, 0, 6, 0)
s = 188: (0, 3, 74, 130, 0, 7, 26, 5, 10, 0, 61, 123, 0, 30, 94, 30, 87, 61, 32, 35, 5, 0, 6, 8, 0, 18, 43, 7, 3, 0, 7, 0)
s = 189: (0, 2, 48, 123, 0, 8, 26, 6, 13, 0, 37, 141, 0, 22, 72, 40, 74, 65, 25, 20, 11, 0, 9, 10, 0, 12, 28, 9, 2, 0, 6, 0)
s = 190: (0, 2, 61, 114, 0, 6, 25, 7, 18, 0, 49, 89, 0, 39, 83, 30, 66, 49, 15, 29, 7, 0, 8, 6, 0, 8, 28, 5, 3, 0, 8, 0)
s = 191: (0, 2, 55, 70, 0, 8, 26, 8, 9, 0, 30, 67, 0, 30, 77, 61, 84, 65, 14, 28, 11, 0, 10, 7, 0, 16, 31, 6, 3, 0, 8, 0)
s = 192: (0, 2, 73, 94, 0, 7, 23, 8, 15, 0, 28, 92, 0, 27, 62, 28, 65, 53, 16, 25, 12, 0, 8, 13, 0, 11, 26, 8, 2, 0, 9, 0)
s = 193: (0, 2, 45, 56, 0, 9, 21, 6, 18, 0, 59, 86, 0, 58, 101, 37, 60, 80, 25, 44, 9, 0, 5, 8, 0, 8, 53, 5, 2, 0, 6, 0)
s = 194: (0, 2, 42, 60, 0, 9, 15, 8, 12, 0, 23, 79, 0, 21, 94, 51, 145, 72, 19, 38, 6, 0, 6, 14, 0, 14, 21, 6, 2, 0, 7, 0)
s = 195: (0, 2, 49, 115, 0, 10, 31, 4, 16, 0, 26, 73, 0, 50, 56, 50, 82, 63, 22, 57, 6, 0, 5, 14, 0, 16, 22, 9, 2, 0, 7, 0)
s = 196: (0, 2, 54, 73, 0, 6, 27, 6, 13, 0, 37, 80, 0, 43, 49, 68, 155, 72, 23, 41, 10, 0, 6, 7, 0, 11, 41, 8, 3, 0, 10, 0)
s = 197: (0, 2, 54, 94, 0, 13, 18, 5, 11, 0, 26, 67, 0, 31, 65, 43, 60, 51, 31, 20, 9, 0, 5, 13, 0, 18, 25, 7, 2, 0, 5, 0)
s = 198: (0, 2, 36, 66, 0, 6, 22, 8, 20, 0, 53, 47, 0, 19, 90, 24, 67, 82, 24, 36, 7, 0, 10, 13, 0, 11, 39, 8, 2, 0, 5, 0)
s = 199: (0, 2, 59, 86, 0, 8, 36, 6, 13, 0, 35, 61, 0, 32, 44, 51, 46, 97, 30, 36, 8, 0, 5, 11, 0, 13, 23, 6, 2, 0, 6, 0)
s = 200: (0, 2, 40, 130, 0, 10, 24, 5, 15, 0, 35, 96, 0, 57, 130, 45, 77, 58, 17, 26, 7, 0, 6, 12, 0, 10, 24, 5, 2, 0, 5, 0)
------------------------------------------------------------------------
RESOURCE k = 2
s = 1: (0, 11, 15, 0, 26, 0, 0, 0, 12, 0, 28, 0, 12, 0, 23, 34, 73, 84, 0, 29, 6, 25, 0, 57, 21, 6, 0, 10, 0, 24, 0, 0)
s = 2: (0, 10, 10, 0, 25, 0, 0, 0, 10, 0, 18, 0, 10, 0, 19, 44, 27, 108, 0, 44, 8, 23, 0, 43, 35, 6, 0, 10, 0, 23, 0, 0)
s = 3: (0, 8, 28, 0, 16, 0, 0, 0, 13, 0, 29, 0, 15, 0, 30, 34, 57, 64, 0, 64, 5, 23, 0, 63, 42, 7, 0, 10, 0, 19, 0, 0)
s = 4: (0, 10, 8, 0, 21, 0, 0, 0, 10, 0, 20, 0, 11, 0, 22, 43, 58, 52, 0, 33, 7, 23, 0, 39, 25, 12, 0, 8, 0, 16, 0, 0)
s = 5: (0, 8, 15, 0, 16, 0, 0, 0, 9, 0, 28, 0, 17, 0, 14, 66, 60, 56, 0, 37, 5, 26, 0, 39, 33, 5, 0, 9, 0, 20, 0, 0)
s = 6: (0, 6, 24, 0, 22, 0, 0, 0, 12, 0, 20, 0, 17, 0, 21, 48, 40, 81, 0, 38, 9, 24, 0, 36, 59, 7, 0, 8, 0, 19, 0, 0)
s = 7: (0, 9, 15, 0, 30, 0, 0, 0, 11, 0, 27, 0, 10, 0, 29, 76, 44, 78, 0, 40, 9, 12, 0, 29, 28, 5, 0, 13, 0, 21, 0, 0)
s = 8: (0, 10, 20, 0, 17, 0, 0, 0, 12, 0, 40, 0, 14, 0, 24, 70, 46, 85, 0, 38, 9, 16, 0, 41, 30, 6, 0, 6, 0, 19, 0, 0)
s = 9: (0, 8, 14, 0, 17, 0, 0, 0, 14, 0, 20, 0, 12, 0, 25, 81, 50, 78, 0, 40, 7, 21, 0, 44, 23, 6, 0, 5, 0, 27, 0, 0)
s = 10: (0, 8, 17, 0, 24, 0, 0, 0, 7, 0, 34, 0, 8, 0, 28, 50, 77, 49, 0, 57, 13, 29, 0, 53, 27, 7, 0, 10, 0, 28, 0, 0)
s = 11: (0, 10, 17, 0, 16, 0, 0, 0, 10, 0, 14, 0, 9, 0, 19, 68, 63, 88, 0, 58, 10, 14, 0, 44, 28, 8, 0, 8, 0, 17, 0, 0)
s = 12: (0, 7, 16, 0, 20, 0, 0, 0, 10, 0, 21, 0, 11, 0, 13, 37, 48, 85, 0, 29, 9, 12, 0, 36, 37, 5, 0, 10, 0, 13, 0, 0)
s = 13: (0, 8, 25, 0, 19, 0, 0, 0, 8, 0, 22, 0, 9, 0, 28, 35, 83, 70, 0, 64, 12, 21, 0, 27, 23, 6, 0, 8, 0, 26, 0, 0)
s = 14: (0, 14, 16, 0, 24, 0, 0, 0, 9, 0, 29, 0, 13, 0, 21, 76, 68, 43, 0, 45, 11, 14, 0, 39, 26, 7, 0, 9, 0, 22, 0, 0)
s = 15: (0, 11, 24, 0, 17, 0, 0, 0, 12, 0, 13, 0, 13, 0, 20, 55, 29, 108, 0, 29, 9, 34, 0, 64, 35, 6, 0, 11, 0, 17, 0, 0)
s = 16: (0, 11, 10, 0, 19, 0, 0, 0, 6, 0, 24, 0, 10, 0, 24, 42, 35, 75, 0, 53, 9, 24, 0, 51, 39, 8, 0, 9, 0, 26, 0, 0)
s = 17: (0, 7, 17, 0, 18, 0, 0, 0, 8, 0, 24, 0, 10, 0, 28, 36, 42, 96, 0, 51, 7, 21, 0, 41, 28, 7, 0, 9, 0, 16, 0, 0)
s = 18: (0, 9, 17, 0, 17, 0, 0, 0, 9, 0, 17, 0, 9, 0, 19, 67, 34, 102, 0, 41, 12, 22, 0, 45, 23, 6, 0, 11, 0, 36, 0, 0)
s = 19: (0, 8, 19, 0, 16, 0, 0, 0, 7, 0, 18, 0, 9, 0, 23, 50, 39, 80, 0, 53, 9, 17, 0, 54, 42, 6, 0, 8, 0, 13, 0, 0)
s = 20: (0, 8, 17, 0, 18, 0, 0, 0, 10, 0, 20, 0, 13, 0, 25, 62, 29, 113, 0, 38, 8, 16, 0, 70, 36, 6, 0, 6, 0, 21, 0, 0)
s = 21: (0, 7, 18, 0, 15, 0, 0, 0, 10, 0, 21, 0, 7, 0, 17, 55, 40, 91, 0, 51, 12, 21, 0, 38, 21, 5, 0, 6, 0, 15, 0, 0)
s = 22: (0, 11, 17, 0, 20, 0, 0, 0, 9, 0, 17, 0, 17, 0, 17, 40, 36, 74, 0, 60, 7, 15, 0, 62, 39, 6, 0, 6, 0, 17, 0, 0)
s = 23: (0, 5, 10, 0, 22, 0, 0, 0, 12, 0, 16, 0, 8, 0, 24, 65, 52, 77, 0, 77, 7, 16, 0, 30, 36, 5, 0, 11, 0, 30, 0, 0)
s = 24: (0, 11, 20, 0, 15, 0, 0, 0, 7, 0, 32, 0, 12, 0, 16, 76, 27, 83, 0, 29, 9, 16, 0, 44, 18, 6, 0, 6, 0, 28, 0, 0)
s = 25: (0, 14, 23, 0, 21, 0, 0, 0, 12, 0, 21, 0, 13, 0, 18, 79, 46, 129, 0, 33, 7, 28, 0, 59, 28, 7, 0, 8, 0, 19, 0, 0)
s = 26: (0, 7, 12, 0, 22, 0, 0, 0, 13, 0, 19, 0, 15, 0, 26, 68, 43, 87, 0, 60, 11, 26, 0, 35, 33, 10, 0, 8, 0, 27, 0, 0)
s = 27: (0, 7, 14, 0, 21, 0, 0, 0, 11, 0, 31, 0, 16, 0, 16, 34, 38, 88, 0, 80, 8, 12, 0, 32, 24, 6, 0, 6, 0, 21, 0, 0)
s = 28: (0, 10, 17, 0, 21, 0, 0, 0, 8, 0, 31, 0, 9, 0, 30, 37, 71, 124, 0, 44, 9, 20, 0, 43, 30, 5, 0, 12, 0, 21, 0, 0)
s = 29: (0, 11, 18, 0, 15, 0, 0, 0, 12, 0, 24, 0, 17, 0, 27, 39, 44, 59, 0, 61, 9, 19, 0, 58, 21, 7, 0, 8, 0, 28, 0, 0)
s = 30: (0, 8, 15, 0, 13, 0, 0, 0, 10, 0, 34, 0, 11, 0, 21, 45, 50, 45, 0, 67, 8, 19, 0, 41, 33, 6, 0, 7, 0, 11, 0, 0)
s = 31: (0, 7, 13, 0, 21, 0, 0, 0, 11, 0, 22, 0, 11, 0, 16, 45, 47, 144, 0, 37, 14, 22, 0, 55, 25, 4, 0, 18, 0, 13, 0, 0)
s = 32: (0, 12, 13, 0, 20, 0, 0, 0, 10, 0, 14, 0, 13, 0, 31, 36, 42, 73, 0, 55, 10, 23, 0, 49, 53, 5, 0, 9, 0, 10, 0, 0)
s = 33: (0, 10, 13, 0, 21, 0, 0, 0, 10, 0, 20, 0, 10, 0, 16, 49, 36, 44, 0, 58, 12, 19, 0, 56, 38, 6, 0, 13, 0, 31, 0, 0)
s = 34: (0, 12, 12, 0, 20, 0, 0, 0, 9, 0, 19, 0, 7, 0, 21, 58, 51, 74, 0, 26, 9, 17, 0, 81, 43, 4, 0, 11, 0, 19, 0, 0)
s = 35: (0, 9, 13, 0, 14, 0, 0, 0, 12, 0, 20, 0, 13, 0, 28, 38, 70, 54, 0, 49, 7, 12, 0, 72, 20, 4, 0, 7, 0, 28, 0, 0)
s = 36: (0, 6, 16, 0, 14, 0, 0, 0, 10, 0, 24, 0, 13, 0, 31, 70, 41, 64, 0, 67, 10, 22, 0, 50, 38, 4, 0, 8, 0, 32, 0, 0)
s = 37: (0, 7, 14, 0, 23, 0, 0, 0, 8, 0, 33, 0, 15, 0, 39, 31, 74, 87, 0, 34, 5, 13, 0, 71, 23, 9, 0, 9, 0, 17, 0, 0)
s = 38: (0, 7, 12, 0, 23, 0, 0, 0, 7, 0, 18, 0, 9, 0, 31, 73, 60, 78, 0, 47, 8, 17, 0, 55, 37, 8, 0, 7, 0, 16, 0, 0)
s = 39: (0, 11, 12, 0, 14, 0, 0, 0, 13, 0, 20, 0, 13, 0, 18, 45, 46, 77, 0, 50, 6, 16, 0, 47, 20, 8, 0, 6, 0, 23, 0, 0)
s = 40: (0, 6, 13, 0, 21, 0, 0, 0, 9, 0, 17, 0, 8, 0, 20, 63, 32, 64, 0, 27, 9, 22, 0, 75, 26, 9, 0, 12, 0, 24, 0, 0)
s = 41: (0, 12, 17, 0, 24, 0, 0, 0, 10, 0, 13, 0, 12, 0, 32, 38, 63, 46, 0, 41, 11, 17, 0, 49, 32, 6, 0, 9, 0, 20, 0, 0)
s = 42: (0, 6, 18, 0, 29, 0, 0, 0, 15, 0, 24, 0, 16, 0, 28, 45, 63, 49, 0, 84, 5, 23, 0, 46, 18, 7, 0, 11, 0, 29, 0, 0)
s = 43: (0, 13, 22, 0, 19, 0, 0, 0, 17, 0, 16, 0, 8, 0, 26, 42, 72, 58, 0, 33, 8, 14, 0, 44, 33, 4, 0, 6, 0, 22, 0, 0)
s = 44: (0, 7, 14, 0, 23, 0, 0, 0, 9, 0, 18, 0, 8, 0, 32, 69, 55, 106, 0, 60, 8, 22, 0, 35, 18, 5, 0, 7, 0, 17, 0, 0)
s = 45: (0, 12, 16, 0, 16, 0, 0, 0, 11, 0, 24, 0, 13, 0, 28, 77, 64, 108, 0, 65, 8, 17, 0, 39, 28, 7, 0, 7, 0, 27, 0, 0)
s = 46: (0, 7, 10, 0, 16, 0, 0, 0, 11, 0, 28, 0, 8, 0, 34, 87, 40, 90, 0, 62, 11, 20, 0, 37, 30, 5, 0, 11, 0, 18, 0, 0)
s = 47: (0, 8, 11, 0, 27, 0, 0, 0, 7, 0, 17, 0, 10, 0, 38, 73, 61, 82, 0, 41, 7, 19, 0, 62, 30, 9, 0, 9, 0, 12, 0, 0)
s = 48: (0, 10, 13, 0, 32, 0, 0, 0, 8, 0, 17, 0, 11, 0, 16, 31, 56, 103, 0, 32, 8, 15, 0, 27, 22, 8, 0, 15, 0, 18, 0, 0)
s = 49: (0, 8, 18, 0, 13, 0, 0, 0, 11, 0, 21, 0, 11, 0, 19, 49, 62, 87, 0, 56, 7, 36, 0, 70, 22, 4, 0, 7, 0, 18, 0, 0)
s = 50: (0, 7, 13, 0, 24, 0, 0, 0, 13, 0, 20, 0, 10, 0, 30, 49, 41, 64, 0, 50, 10, 18, 0, 45, 39, 5, 0, 7, 0, 13, 0, 0)
s = 51: (0, 9, 27, 0, 18, 0, 0, 0, 12, 0, 14, 0, 14, 0, 34, 51, 33, 62, 0, 26, 8, 14, 0, 47, 28, 6, 0, 7, 0, 30, 0, 0)
s = 52: (0, 8, 18, 0, 17, 0, 0, 0, 12, 0, 19, 0, 9, 0, 18, 33, 63, 119, 0, 49, 12, 27, 0, 42, 35, 10, 0, 6, 0, 16, 0, 0)
s = 53: (0, 12, 14, 0, 19, 0, 0, 0, 10, 0, 26, 0, 17, 0, 28, 49, 78, 46, 0, 63, 7, 29, 0, 78, 29, 7, 0, 8, 0, 16, 0, 0)
s = 54: (0, 9, 19, 0, 30, 0, 0, 0, 6, 0, 20, 0, 10, 0, 28, 45, 49, 61, 0, 50, 7, 21, 0, 52, 36, 5, 0, 8, 0, 24, 0, 0)
s = 55: (0, 8, 17, 0, 25, 0, 0, 0, 9, 0, 30, 0, 11, 0, 35, 72, 51, 97, 0, 63, 5, 21, 0, 31, 25, 7, 0, 14, 0, 15, 0, 0)
s = 56: (0, 10, 11, 0, 16, 0, 0, 0, 10, 0, 20, 0, 13, 0, 19, 82, 49, 69, 0, 52, 6, 25, 0, 70, 22, 7, 0, 14, 0, 17, 0, 0)
s = 57: (0, 11, 11, 0, 18, 0, 0, 0, 15, 0, 14, 0, 7, 0, 19, 44, 34, 70, 0, 30, 9, 23, 0, 38, 41, 4, 0, 7, 0, 20, 0, 0)
s = 58: (0, 10, 16, 0, 18, 0, 0, 0, 10, 0, 20, 0, 11, 0, 24, 62, 55, 70, 0, 39, 9, 15, 0, 90, 18, 8, 0, 8, 0, 15, 0, 0)
s = 59: (0, 7, 12, 0, 18, 0, 0, 0, 15, 0, 18, 0, 14, 0, 28, 40, 37, 57, 0, 48, 5, 20, 0, 48, 33, 8, 0, 13, 0, 17, 0, 0)
s = 60: (0, 7, 15, 0, 23, 0, 0, 0, 9, 0, 20, 0, 9, 0, 18, 69, 36, 68, 0, 53, 7, 17, 0, 34, 30, 4, 0, 12, 0, 10, 0, 0)
s = 61: (0, 7, 14, 0, 17, 0, 0, 0, 8, 0, 26, 0, 11, 0, 18, 46, 62, 56, 0, 32, 8, 19, 0, 35, 27, 4, 0, 9, 0, 20, 0, 0)
s = 62: (0, 11, 10, 0, 20, 0, 0, 0, 14, 0, 18, 0, 14, 0, 17, 37, 61, 108, 0, 40, 6, 20, 0, 53, 44, 8, 0, 14, 0, 19, 0, 0)
s = 63: (0, 6, 19, 0, 16, 0, 0, 0, 10, 0, 20, 0, 9, 0, 31, 49, 40, 76, 0, 57, 5, 23, 0, 56, 34, 5, 0, 9, 0, 20, 0, 0)
s = 64: (0, 14, 16, 0, 21, 0, 0, 0, 11, 0, 21, 0, 11, 0, 24, 62, 39, 97, 0, 38, 9, 19, 0, 47, 41, 7, 0, 10, 0, 16, 0, 0)
s = 65: (0, 9, 12, 0, 15, 0, 0, 0, 17, 0, 23, 0, 8, 0, 21, 49, 40, 63, 0, 49, 8, 15, 0, 56, 26, 8, 0, 9, 0, 20, 0, 0)
s = 66: (0, 8, 19, 0, 30, 0, 0, 0, 13, 0, 15, 0, 10, 0, 16, 76, 53, 101, 0, 102, 8, 23, 0, 60, 22, 7, 0, 6, 0, 23, 0, 0)
s = 67: (0, 10, 15, 0, 22, 0, 0, 0, 7, 0, 20, 0, 11, 0, 24, 52, 77, 85, 0, 60, 8, 19, 0, 34, 50, 8, 0, 9, 0, 17, 0, 0)
s = 68: (0, 11, 11, 0, 31, 0, 0, 0, 6, 0, 20, 0, 12, 0, 16, 37, 54, 86, 0, 35, 14, 24, 0, 47, 40, 6, 0, 10, 0, 20, 0, 0)
s = 69: (0, 11, 12, 0, 19, 0, 0, 0, 8, 0, 21, 0, 11, 0, 23, 36, 43, 55, 0, 53, 6, 26, 0, 34, 51, 4, 0, 13, 0, 24, 0, 0)
s = 70: (0, 10, 22, 0, 19, 0, 0, 0, 13, 0, 16, 0, 12, 0, 12, 53, 55, 67, 0, 57, 13, 15, 0, 36, 51, 9, 0, 8, 0, 22, 0, 0)
s = 71: (0, 9, 15, 0, 22, 0, 0, 0, 14, 0, 15, 0, 8, 0, 14, 52, 39, 48, 0, 37, 13, 31, 0, 78, 38, 5, 0, 8, 0, 19, 0, 0)
s = 72: (0, 7, 17, 0, 19, 0, 0, 0, 7, 0, 17, 0, 10, 0, 23, 53, 48, 114, 0, 28, 6, 19, 0, 45, 21, 6, 0, 6, 0, 13, 0, 0)
s = 73: (0, 9, 10, 0, 27, 0, 0, 0, 10, 0, 15, 0, 13, 0, 32, 67, 49, 96, 0, 37, 9, 40, 0, 45, 30, 5, 0, 9, 0, 14, 0, 0)
s = 74: (0, 11, 13, 0, 15, 0, 0, 0, 12, 0, 35, 0, 8, 0, 31, 42, 47, 52, 0, 40, 11, 17, 0, 35, 34, 6, 0, 10, 0, 18, 0, 0)
s = 75: (0, 8, 14, 0, 29, 0, 0, 0, 11, 0, 28, 0, 12, 0, 25, 52, 70, 69, 0, 49, 10, 19, 0, 53, 24, 4, 0, 14, 0, 22, 0, 0)
s = 76: (0, 10, 16, 0, 24, 0, 0, 0, 11, 0, 18, 0, 13, 0, 29, 51, 35, 63, 0, 38, 7, 18, 0, 41, 26, 7, 0, 8, 0, 28, 0, 0)
s = 77: (0, 12, 8, 0, 17, 0, 0, 0, 7, 0, 28, 0, 21, 0, 30, 42, 32, 53, 0, 61, 7, 18, 0, 30, 49, 4, 0, 9, 0, 18, 0, 0)
s = 78: (0, 15, 12, 0, 22, 0, 0, 0, 13, 0, 23, 0, 12, 0, 18, 40, 68, 43, 0, 39, 12, 32, 0, 62, 44, 8, 0, 7, 0, 16, 0, 0)
s = 79: (0, 12, 15, 0, 24, 0, 0, 0, 7, 0, 17, 0, 13, 0, 32, 88, 61, 45, 0, 30, 11, 16, 0, 28, 32, 6, 0, 11, 0, 16, 0, 0)
s = 80: (0, 11, 17, 0, 17, 0, 0, 0, 10, 0, 28, 0, 15, 0, 30, 84, 60, 56, 0, 46, 7, 11, 0, 57, 35, 4, 0, 10, 0, 18, 0, 0)
s = 81: (0, 8, 11, 0, 19, 0, 0, 0, 10, 0, 21, 0, 21, 0, 19, 74, 28, 95, 0, 47, 9, 15, 0, 35, 26, 6, 0, 13, 0, 17, 0, 0)
s = 82: (0, 11, 9, 0, 33, 0, 0, 0, 9, 0, 25, 0, 8, 0, 21, 62, 62, 53, 0, 46, 9, 29, 0, 61, 26, 9, 0, 12, 0, 14, 0, 0)
s = 83: (0, 8, 13, 0, 20, 0, 0, 0, 12, 0, 19, 0, 8, 0, 22, 77, 41, 69, 0, 33, 8, 16, 0, 39, 22, 5, 0, 11, 0, 22, 0, 0)
s = 84: (0, 8, 10, 0, 19, 0, 0, 0, 6, 0, 22, 0, 14, 0, 16, 86, 31, 54, 0, 46, 8, 19, 0, 41, 24, 6, 0, 10, 0, 13, 0, 0)
s = 85: (0, 9, 16, 0, 19, 0, 0, 0, 10, 0, 23, 0, 8, 0, 33, 35, 70, 66, 0, 69, 7, 21, 0, 56, 46, 7, 0, 9, 0, 19, 0, 0)
s = 86: (0, 11, 22, 0, 25, 0, 0, 0, 9, 0, 25, 0, 7, 0, 28, 75, 69, 47, 0, 44, 8, 18, 0, 57, 21, 6, 0, 11, 0, 13, 0, 0)
s = 87: (0, 12, 12, 0, 15, 0, 0, 0, 8, 0, 21, 0, 9, 0, 14, 50, 41, 108, 0, 29, 9, 18, 0, 54, 25, 5, 0, 11, 0, 25, 0, 0)
s = 88: (0, 6, 17, 0, 30, 0, 0, 0, 13, 0, 26, 0, 12, 0, 25, 72, 41, 45, 0, 28, 9, 35, 0, 30, 27, 7, 0, 8, 0, 17, 0, 0)
s = 89: (0, 15, 23, 0, 18, 0, 0, 0, 11, 0, 30, 0, 11, 0, 26, 66, 38, 131, 0, 52, 6, 15, 0, 36, 26, 5, 0, 9, 0, 14, 0, 0)
s = 90: (0, 9, 12, 0, 18, 0, 0, 0, 10, 0, 19, 0, 13, 0, 21, 40, 63, 89, 0, 48, 12, 15, 0, 64, 51, 6, 0, 9, 0, 29, 0, 0)
s = 91: (0, 6, 22, 0, 15, 0, 0, 0, 11, 0, 21, 0, 15, 0, 15, 47, 58, 90, 0, 47, 8, 23, 0, 34, 16, 5, 0, 8, 0, 19, 0, 0)
s = 92: (0, 9, 14, 0, 19, 0, 0, 0, 7, 0, 21, 0, 9, 0, 15, 69, 51, 73, 0, 40, 10, 18, 0, 56, 21, 8, 0, 10, 0, 25, 0, 0)
s = 93: (0, 8, 17, 0, 18, 0, 0, 0, 14, 0, 26, 0, 16, 0, 21, 57, 64, 88, 0, 45, 9, 35, 0, 31, 44, 7, 0, 11, 0, 26, 0, 0)
s = 94: (0, 13, 15, 0, 27, 0, 0, 0, 10, 0, 17, 0, 12, 0, 19, 89, 43, 68, 0, 57, 11, 18, 0, 37, 30, 7, 0, 7, 0, 12, 0, 0)
s = 95: (0, 7, 15, 0, 16, 0, 0, 0, 7, 0, 21, 0, 10, 0, 16, 44, 31, 85, 0, 57, 8, 21, 0, 40, 51, 6, 0, 7, 0, 13, 0, 0)
s = 96: (0, 6, 11, 0, 34, 0, 0, 0, 9, 0, 23, 0, 9, 0, 26, 76, 50, 63, 0, 81, 9, 27, 0, 59, 21, 4, 0, 9, 0, 11, 0, 0)
s = 97: (0, 9, 10, 0, 21, 0, 0, 0, 9, 0, 37, 0, 10, 0, 20, 66, 67, 88, 0, 43, 9, 18, 0, 59, 19, 5, 0, 7, 0, 13, 0, 0)
s = 98: (0, 9, 10, 0, 20, 0, 0, 0, 9, 0, 26, 0, 12, 0, 18, 57, 49, 52, 0, 65, 11, 25, 0, 74, 42, 6, 0, 8, 0, 18, 0, 0)
s = 99: (0, 7, 21, 0, 30, 0, 0, 0, 8, 0, 30, 0, 12, 0, 28, 43, 31, 67, 0, 33, 14, 31, 0, 38, 22, 8, 0, 11, 0, 16, 0, 0)
s = 100: (0, 16, 14, 0, 12, 0, 0, 0, 12, 0, 15, 0, 11, 0, 28, 40, 49, 140, 0, 55, 10, 24, 0, 58, 32, 5, 0, 8, 0, 27, 0, 0)
s = 101: (0, 7, 14, 0, 22, 0, 0, 0, 6, 0, 35, 0, 12, 0, 27, 46, 29, 74, 0, 30, 7, 20, 0, 45, 39, 9, 0, 14, 0, 23, 0, 0)
s = 102: (0, 9, 13, 0, 28, 0, 0, 0, 7, 0, 13, 0, 10, 0, 19, 34, 44, 65, 0, 64, 6, 27, 0, 55, 23, 5, 0, 14, 0, 19, 0, 0)
s = 103: (0, 10, 25, 0, 21, 0, 0, 0, 7, 0, 26, 0, 15, 0, 14, 57, 53, 74, 0, 46, 8, 27, 0, 72, 29, 6, 0, 8, 0, 14, 0, 0)
s = 104: (0, 9, 11, 0, 18, 0, 0, 0, 10, 0, 31, 0, 12, 0, 15, 66, 45, 83, 0, 48, 8, 17, 0, 44, 24, 7, 0, 6, 0, 30, 0, 0)
s = 105: (0, 10, 13, 0, 25, 0, 0, 0, 8, 0, 22, 0, 8, 0, 17, 29, 50, 126, 0, 52, 5, 14, 0, 46, 38, 8, 0, 7, 0, 22, 0, 0)
s = 106: (0, 8, 20, 0, 17, 0, 0, 0, 7, 0, 25, 0, 8, 0, 35, 60, 42, 81, 0, 29, 8, 30, 0, 59, 23, 10, 0, 9, 0, 14, 0, 0)
s = 107: (0, 10, 10, 0, 24, 0, 0, 0, 12, 0, 21, 0, 10, 0, 21, 67, 53, 132, 0, 82, 8, 20, 0, 42, 26, 6, 0, 6, 0, 23, 0, 0)
s = 108: (0, 13, 16, 0, 13, 0, 0, 0, 12, 0, 21, 0, 15, 0, 21, 48, 55, 120, 0, 91, 6, 17, 0, 68, 42, 6, 0, 10, 0, 13, 0, 0)
s = 109: (0, 8, 14, 0, 12, 0, 0, 0, 7, 0, 29, 0, 8, 0, 15, 41, 38, 90, 0, 36, 6, 20, 0, 52, 35, 7, 0, 8, 0, 17, 0, 0)
s = 110: (0, 11, 12, 0, 13, 0, 0, 0, 7, 0, 13, 0, 19, 0, 33, 57, 29, 85, 0, 70, 8, 14, 0, 41, 32, 6, 0, 6, 0, 16, 0, 0)
s = 111: (0, 14, 12, 0, 19, 0, 0, 0, 15, 0, 24, 0, 14, 0, 14, 53, 63, 68, 0, 43, 8, 15, 0, 48, 29, 7, 0, 16, 0, 13, 0, 0)
s = 112: (0, 7, 10, 0, 14, 0, 0, 0, 11, 0, 16, 0, 17, 0, 14, 34, 48, 92, 0, 35, 5, 17, 0, 50, 33, 9, 0, 7, 0, 11, 0, 0)
s = 113: (0, 7, 22, 0, 22, 0, 0, 0, 16, 0, 24, 0, 9, 0, 13, 50, 73, 94, 0, 39, 11, 15, 0, 51, 43, 7, 0, 11, 0, 16, 0, 0)
s = 114: (0, 9, 13, 0, 22, 0, 0, 0, 8, 0, 30, 0, 16, 0, 26, 59, 33, 57, 0, 63, 9, 19, 0, 44, 28, 5, 0, 11, 0, 15, 0, 0)
s = 115: (0, 5, 14, 0, 27, 0, 0, 0, 8, 0, 27, 0, 13, 0, 23, 52, 48, 114, 0, 57, 13, 32, 0, 65, 28, 6, 0, 11, 0, 12, 0, 0)
s = 116: (0, 6, 12, 0, 16, 0, 0, 0, 15, 0, 21, 0, 10, 0, 21, 76, 56, 104, 0, 54, 11, 20, 0, 43, 31, 6, 0, 12, 0, 14, 0, 0)
s = 117: (0, 7, 14, 0, 13, 0, 0, 0, 14, 0, 28, 0, 12, 0, 21, 59, 42, 100, 0, 59, 6, 19, 0, 55, 34, 6, 0, 9, 0, 16, 0, 0)
s = 118: (0, 6, 15, 0, 14, 0, 0, 0, 12, 0, 13, 0, 14, 0, 21, 64, 48, 51, 0, 71, 8, 17, 0, 47, 28, 6, 0, 9, 0, 20, 0, 0)
s = 119: (0, 10, 12, 0, 18, 0, 0, 0, 11, 0, 20, 0, 10, 0, 26, 71, 76, 59, 0, 39, 9, 31, 0, 34, 20, 8, 0, 7, 0, 13, 0, 0)
s = 120: (0, 13, 18, 0, 25, 0, 0, 0, 10, 0, 25, 0, 14, 0, 18, 56, 40, 64, 0, 66, 8, 13, 0, 31, 24, 8, 0, 8, 0, 14, 0, 0)
s = 121: (0, 9, 10, 0, 15, 0, 0, 0, 15, 0, 18, 0, 14, 0, 17, 52, 32, 91, 0, 30, 9, 21, 0, 34, 21, 6, 0, 10, 0, 25, 0, 0)
s = 122: (0, 9, 15, 0, 12, 0, 0, 0, 7, 0, 33, 0, 16, 0, 27, 37, 31, 99, 0, 48, 11, 16, 0, 30, 37, 7, 0, 6, 0, 19, 0, 0)
s = 123: (0, 9, 12, 0, 20, 0, 0, 0, 6, 0, 26, 0, 13, 0, 26, 31, 45, 96, 0, 52, 14, 21, 0, 54, 29, 4, 0, 9, 0, 26, 0, 0)
s = 124: (0, 12, 21, 0, 26, 0, 0, 0, 9, 0, 25, 0, 12, 0, 17, 76, 79, 56, 0, 53, 6, 26, 0, 49, 27, 6, 0, 7, 0, 23, 0, 0)
s = 125: (0, 11, 19, 0, 20, 0, 0, 0, 13, 0, 21, 0, 17, 0, 34, 31, 39, 76, 0, 32, 8, 22, 0, 51, 35, 5, 0, 12, 0, 29, 0, 0)
s = 126: (0, 8, 13, 0, 13, 0, 0, 0, 10, 0, 23, 0, 10, 0, 19, 46, 27, 86, 0, 50, 7, 21, 0, 42, 34, 10, 0, 10, 0, 15, 0, 0)
s = 127: (0, 6, 22, 0, 23, 0, 0, 0, 16, 0, 19, 0, 18, 0, 17, 67, 48, 87, 0, 41, 11, 19, 0, 57, 21, 4, 0, 11, 0, 12, 0, 0)
s = 128: (0, 12, 12, 0, 21, 0, 0, 0, 7, 0, 32, 0, 16, 0, 31, 70, 45, 84, 0, 45, 10, 30, 0, 47, 24, 8, 0, 16, 0, 14, 0, 0)
s = 129: (0, 12, 16, 0, 14, 0, 0, 0, 14, 0, 18, 0, 18, 0, 22, 61, 35, 96, 0, 37, 8, 17, 0, 80, 23, 5, 0, 9, 0, 19, 0, 0)
s = 130: (0, 5, 10, 0, 21, 0, 0, 0, 9, 0, 31, 0, 12, 0, 17, 40, 39, 120, 0, 57, 7, 13, 0, 39, 20, 6, 0, 10, 0, 20, 0, 0)
s = 131: (0, 9, 22, 0, 24, 0, 0, 0, 11, 0, 18, 0, 18, 0, 30, 51, 52, 80, 0, 51, 9, 32, 0, 40, 25, 8, 0, 10, 0, 17, 0, 0)
s = 132: (0, 7, 14, 0, 31, 0, 0, 0, 14, 0, 24, 0, 10, 0, 18, 41, 41, 105, 0, 47, 7, 15, 0, 74, 46, 7, 0, 12, 0, 22, 0, 0)
s = 133: (0, 7, 13, 0, 16, 0, 0, 0, 16, 0, 15, 0, 18, 0, 22, 76, 34, 49, 0, 32, 8, 35, 0, 57, 28, 6, 0, 7, 0, 13, 0, 0)
s = 134: (0, 10, 23, 0, 31, 0, 0, 0, 10, 0, 18, 0, 14, 0, 27, 29, 35, 62, 0, 39, 8, 21, 0, 41, 23, 9, 0, 9, 0, 11, 0, 0)
s = 135: (0, 6, 12, 0, 20, 0, 0, 0, 9, 0, 17, 0, 18, 0, 17, 35, 36, 68, 0, 35, 7, 21, 0, 56, 35, 10, 0, 12, 0, 20, 0, 0)
s = 136: (0, 7, 13, 0, 31, 0, 0, 0, 9, 0, 22, 0, 15, 0, 30, 73, 78, 106, 0, 72, 9, 26, 0, 65, 23, 5, 0, 12, 0, 19, 0, 0)
s = 137: (0, 15, 18, 0, 14, 0, 0, 0, 8, 0, 16, 0, 10, 0, 18, 40, 59, 98, 0, 29, 10, 22, 0, 32, 37, 7, 0, 12, 0, 10, 0, 0)
s = 138: (0, 13, 16, 0, 16, 0, 0, 0, 15, 0, 29, 0, 11, 0, 20, 44, 53, 77, 0, 44, 12, 29, 0, 51, 37, 6, 0, 7, 0, 17, 0, 0)
s = 139: (0, 7, 19, 0, 33, 0, 0, 0, 9, 0, 16, 0, 9, 0, 12, 90, 39, 77, 0, 51, 12, 12, 0, 55, 30, 5, 0, 8, 0, 19, 0, 0)
s = 140: (0, 14, 9, 0, 22, 0, 0, 0, 11, 0, 21, 0, 15, 0, 13, 38, 70, 86, 0, 48, 12, 17, 0, 42, 46, 9, 0, 11, 0, 17, 0, 0)
s = 141: (0, 6, 12, 0, 11, 0, 0, 0, 9, 0, 18, 0, 10, 0, 18, 47, 26, 58, 0, 38, 7, 18, 0, 54, 36, 6, 0, 8, 0, 13, 0, 0)
s = 142: (0, 9, 11, 0, 22, 0, 0, 0, 8, 0, 21, 0, 15, 0, 17, 55, 85, 90, 0, 53, 11, 26, 0, 60, 43, 8, 0, 12, 0, 21, 0, 0)
s = 143: (0, 9, 23, 0, 20, 0, 0, 0, 12, 0, 27, 0, 9, 0, 23, 36, 58, 70, 0, 39, 12, 34, 0, 67, 41, 8, 0, 10, 0, 12, 0, 0)
s = 144: (0, 10, 14, 0, 22, 0, 0, 0, 15, 0, 19, 0, 10, 0, 23, 40, 31, 117, 0, 64, 8, 22, 0, 44, 38, 4, 0, 9, 0, 17, 0, 0)
s = 145: (0, 14, 16, 0, 22, 0, 0, 0, 17, 0, 26, 0, 12, 0, 20, 48, 50, 84, 0, 32, 7, 21, 0, 79, 31, 6, 0, 11, 0, 18, 0, 0)
s = 146: (0, 11, 19, 0, 27, 0, 0, 0, 12, 0, 31, 0, 13, 0, 24, 63, 40, 63, 0, 76, 10, 22, 0, 38, 26, 6, 0, 12, 0, 19, 0, 0)
s = 147: (0, 13, 13, 0, 27, 0, 0, 0, 11, 0, 25, 0, 11, 0, 18, 70, 38, 78, 0, 29, 7, 21, 0, 53, 25, 4, 0, 6, 0, 23, 0, 0)
s = 148: (0, 9, 19, 0, 24, 0, 0, 0, 15, 0, 24, 0, 10, 0, 18, 63, 50, 130, 0, 54, 5, 17, 0, 36, 30, 9, 0, 13, 0, 27, 0, 0)
s = 149: (0, 9, 13, 0, 37, 0, 0, 0, 10, 0, 13, 0, 14, 0, 21, 66, 40, 68, 0, 44, 6, 11, 0, 49, 21, 4, 0, 12, 0, 12, 0, 0)
s = 150: (0, 11, 13, 0, 16, 0, 0, 0, 9, 0, 17, 0, 12, 0, 17, 56, 66, 87, 0, 48, 10, 21, 0, 50, 28, 7, 0, 13, 0, 14, 0, 0)
s = 151: (0, 12, 20, 0, 28, 0, 0, 0, 16, 0, 24, 0, 7, 0, 13, 58, 52, 112, 0, 55, 11, 18, 0, 48, 25, 7, 0, 12, 0, 16, 0, 0)
s = 152: (0, 10, 13, 0, 15, 0, 0, 0, 12, 0, 17, 0, 15, 0, 21, 47, 82, 80, 0, 43, 12, 24, 0, 77, 31, 4, 0, 7, 0, 21, 0, 0)
s = 153: (0, 7, 26, 0, 26, 0, 0, 0, 12, 0, 23, 0, 7, 0, 25, 66, 43, 93, 0, 42, 6, 18, 0, 43, 32, 6, 0, 9, 0, 24, 0, 0)
s = 154: (0, 9, 17, 0, 12, 0, 0, 0, 8, 0, 25, 0, 7, 0, 23, 43, 46, 80, 0, 65, 12, 13, 0, 41, 19, 6, 0, 10, 0, 11, 0, 0)
s = 155: (0, 13, 9, 0, 26, 0, 0, 0, 10, 0, 22, 0, 12, 0, 22, 41, 75, 120, 0, 36, 6, 31, 0, 58, 28, 4, 0, 9, 0, 16, 0, 0)
s = 156: (0, 12, 10, 0, 21, 0, 0, 0, 8, 0, 16, 0, 15, 0, 32, 72, 44, 65, 0, 38, 6, 24, 0, 37, 37, 8, 0, 10, 0, 19, 0, 0)
s = 157: (0, 7, 9, 0, 26, 0, 0, 0, 8, 0, 16, 0, 17, 0, 15, 67, 63, 83, 0, 58, 9, 24, 0, 42, 24, 5, 0, 8, 0, 18, 0, 0)
s = 158: (0, 12, 19, 0, 16, 0, 0, 0, 11, 0, 22, 0, 8, 0, 15, 41, 40, 75, 0, 29, 7, 23, 0, 40, 20, 6, 0, 6, 0, 20, 0, 0)
s = 159: (0, 10, 11, 0, 31, 0, 0, 0, 9, 0, 14, 0, 9, 0, 35, 37, 42, 94, 0, 31, 10, 16, 0, 66, 27, 4, 0, 10, 0, 20, 0, 0)
s = 160: (0, 9, 12, 0, 27, 0, 0, 0, 12, 0, 21, 0, 16, 0, 18, 39, 64, 107, 0, 46, 12, 18, 0, 35, 29, 7, 0, 6, 0, 14, 0, 0)
s = 161: (0, 9, 13, 0, 17, 0, 0, 0, 8, 0, 20, 0, 9, 0, 15, 51, 33, 69, 0, 44, 7, 28, 0, 32, 38, 6, 0, 11, 0, 21, 0, 0)
s = 162: (0, 14, 17, 0, 22, 0, 0, 0, 8, 0, 17, 0, 8, 0, 20, 36, 50, 123, 0, 55, 14, 14, 0, 44, 39, 11, 0, 8, 0, 17, 0, 0)
s = 163: (0, 13, 10, 0, 25, 0, 0, 0, 14, 0, 17, 0, 9, 0, 22, 59, 41, 142, 0, 54, 5, 27, 0, 56, 22, 8, 0, 9, 0, 14, 0, 0)
s = 164: (0, 10, 10, 0, 21, 0, 0, 0, 8, 0, 23, 0, 16, 0, 27, 33, 52, 91, 0, 46, 10, 24, 0, 47, 36, 5, 0, 12, 0, 23, 0, 0)
s = 165: (0, 8, 15, 0, 24, 0, 0, 0, 13, 0, 20, 0, 20, 0, 30, 57, 59, 54, 0, 41, 6, 17, 0, 31, 45, 5, 0, 8, 0, 17, 0, 0)
s = 166: (0, 6, 14, 0, 21, 0, 0, 0, 13, 0, 25, 0, 9, 0, 26, 38, 32, 78, 0, 28, 10, 13, 0, 43, 30, 6, 0, 11, 0, 16, 0, 0)
s = 167: (0, 6, 15, 0, 18, 0, 0, 0, 11, 0, 18, 0, 15, 0, 12, 48, 49, 98, 0, 47, 8, 21, 0, 65, 36, 8, 0, 8, 0, 23, 0, 0)
s = 168: (0, 9, 16, 0, 19, 0, 0, 0, 6, 0, 23, 0, 10, 0, 28, 86, 44, 65, 0, 36, 7, 12, 0, 67, 30, 7, 0, 7, 0, 21, 0, 0)
s = 169: (0, 12, 24, 0, 18, 0, 0, 0, 9, 0, 20, 0, 13, 0, 16, 49, 55, 140, 0, 33, 10, 25, 0, 34, 30, 4, 0, 10, 0, 16, 0, 0)
s = 170: (0, 9, 13, 0, 23, 0, 0, 0, 8, 0, 16, 0, 15, 0, 24, 51, 60, 96, 0, 41, 8, 21, 0, 69, 25, 10, 0, 9, 0, 16, 0, 0)
s = 171: (0, 9, 16, 0, 14, 0, 0, 0, 9, 0, 16, 0, 10, 0, 19, 75, 55, 68, 0, 31, 6, 18, 0, 46, 30, 6, 0, 8, 0, 21, 0, 0)
s = 172: (0, 11, 17, 0, 16, 0, 0, 0, 12, 0, 13, 0, 13, 0, 25, 46, 66, 86, 0, 58, 9, 13, 0, 51, 21, 7, 0, 17, 0, 20, 0, 0)
s = 173: (0, 8, 16, 0, 25, 0, 0, 0, 7, 0, 23, 0, 14, 0, 19, 45, 59, 69, 0, 39, 10, 15, 0, 29, 27, 4, 0, 11, 0, 15, 0, 0)
s = 174: (0, 10, 14, 0, 16, 0, 0, 0, 9, 0, 20, 0, 10, 0, 25, 29, 36, 67, 0, 31, 10, 16, 0, 50, 41, 4, 0, 8, 0, 29, 0, 0)
s = 175: (0, 6, 21, 0, 16, 0, 0, 0, 8, 0, 14, 0, 13, 0, 17, 50, 46, 64, 0, 47, 9, 14, 0, 33, 21, 8, 0, 8, 0, 15, 0, 0)
s = 176: (0, 7, 10, 0, 18, 0, 0, 0, 8, 0, 20, 0, 12, 0, 31, 59, 71, 105, 0, 47, 9, 13, 0, 57, 33, 7, 0, 13, 0, 11, 0, 0)
s = 177: (0, 9, 15, 0, 15, 0, 0, 0, 10, 0, 27, 0, 8, 0, 21, 39, 38, 46, 0, 67, 12, 18, 0, 48, 25, 6, 0, 7, 0, 15, 0, 0)
s = 178: (0, 10, 11, 0, 11, 0, 0, 0, 10, 0, 24, 0, 10, 0, 20, 65, 41, 78, 0, 42, 8, 30, 0, 41, 25, 7, 0, 11, 0, 14, 0, 0)
s = 179: (0, 8, 11, 0, 17, 0, 0, 0, 9, 0, 17, 0, 10, 0, 31, 40, 88, 69, 0, 82, 8, 20, 0, 34, 23, 5, 0, 8, 0, 18, 0, 0)
s = 180: (0, 12, 19, 0, 15, 0, 0, 0, 8, 0, 18, 0, 12, 0, 24, 75, 43, 110, 0, 28, 10, 28, 0, 43, 21, 4, 0, 15, 0, 14, 0, 0)
s = 181: (0, 8, 15, 0, 14, 0, 0, 0, 11, 0, 27, 0, 13, 0, 14, 61, 44, 105, 0, 49, 7, 17, 0, 43, 42, 5, 0, 8, 0, 15, 0, 0)
s = 182: (0, 13, 20, 0, 27, 0, 0, 0, 10, 0, 22, 0, 10, 0, 34, 87, 50, 84, 0, 59, 9, 20, 0, 39, 22, 8, 0, 12, 0, 16, 0, 0)
s = 183: (0, 11, 14, 0, 17, 0, 0, 0, 8, 0, 14, 0, 8, 0, 17, 43, 52, 78, 0, 73, 7, 21, 0, 61, 26, 6, 0, 11, 0, 23, 0, 0)
s = 184: (0, 15, 22, 0, 20, 0, 0, 0, 10, 0, 19, 0, 8, 0, 25, 45, 80, 71, 0, 28, 6, 20, 0, 32, 26, 8, 0, 9, 0, 19, 0, 0)
s = 185: (0, 10, 18, 0, 24, 0, 0, 0, 8, 0, 19, 0, 14, 0, 20, 84, 58, 104, 0, 48, 7, 19, 0, 46, 33, 5, 0, 13, 0, 12, 0, 0)
s = 186: (0, 12, 11, 0, 25, 0, 0, 0, 11, 0, 20, 0, 9, 0, 18, 40, 27, 81, 0, 28, 7, 13, 0, 69, 37, 4, 0, 13, 0, 23, 0, 0)
s = 187: (0, 8, 23, 0, 25, 0, 0, 0, 11, 0, 24, 0, 9, 0, 16, 33, 50, 62, 0, 43, 8, 23, 0, 39, 31, 7, 0, 7, 0, 26, 0, 0)
s = 188: (0, 13, 23, 0, 26, 0, 0, 0, 7, 0, 39, 0, 10, 0, 26, 39, 47, 61, 0, 52, 5, 28, 0, 39, 33, 9, 0, 10, 0, 24, 0, 0)
s = 189: (0, 6, 15, 0, 23, 0, 0, 0, 9, 0, 24, 0, 11, 0, 20, 51, 40, 65, 0, 29, 11, 15, 0, 49, 28, 6, 0, 13, 0, 13, 0, 0)
s = 190: (0, 7, 19, 0, 20, 0, 0, 0, 12, 0, 31, 0, 8, 0, 23, 38, 36, 49, 0, 43, 7, 31, 0, 27, 41, 4, 0, 8, 0, 14, 0, 0)
s = 191: (0, 8, 17, 0, 11, 0, 0, 0, 6, 0, 20, 0, 12, 0, 21, 78, 46, 65, 0, 42, 11, 15, 0, 34, 33, 8, 0, 8, 0, 23, 0, 0)
s = 192: (0, 7, 22, 0, 11, 0, 0, 0, 10, 0, 18, 0, 7, 0, 17, 36, 35, 53, 0, 37, 12, 20, 0, 64, 23, 6, 0, 11, 0, 12, 0, 0)
s = 193: (0, 9, 14, 0, 26, 0, 0, 0, 12, 0, 38, 0, 14, 0, 28, 47, 33, 80, 0, 65, 9, 28, 0, 37, 35, 4, 0, 7, 0, 18, 0, 0)
s = 194: (0, 8, 13, 0, 16, 0, 0, 0, 8, 0, 15, 0, 22, 0, 26, 66, 78, 72, 0, 57, 6, 18, 0, 67, 24, 7, 0, 8, 0, 20, 0, 0)
s = 195: (0, 5, 15, 0, 21, 0, 0, 0, 11, 0, 17, 0, 9, 0, 16, 64, 44, 63, 0, 86, 6, 16, 0, 67, 22, 8, 0, 14, 0, 14, 0, 0)
s = 196: (0, 7, 16, 0, 22, 0, 0, 0, 9, 0, 24, 0, 8, 0, 14, 87, 84, 72, 0, 62, 10, 23, 0, 31, 23, 6, 0, 12, 0, 12, 0, 0)
s = 197: (0, 6, 16, 0, 21, 0, 0, 0, 7, 0, 17, 0, 12, 0, 18, 55, 32, 51, 0, 30, 9, 18, 0, 61, 21, 9, 0, 10, 0, 13, 0, 0)
s = 198: (0, 9, 11, 0, 26, 0, 0, 0, 13, 0, 34, 0, 13, 0, 25, 31, 36, 82, 0, 54, 7, 17, 0, 62, 22, 6, 0, 11, 0, 20, 0, 0)
s = 199: (0, 7, 18, 0, 27, 0, 0, 0, 9, 0, 23, 0, 8, 0, 12, 66, 25, 97, 0, 53, 8, 18, 0, 53, 42, 7, 0, 9, 0, 20, 0, 0)
s = 200: (0, 7, 12, 0, 16, 0, 0, 0, 10, 0, 22, 0, 11, 0, 36, 58, 42, 58, 0, 39, 7, 25, 0, 57, 38, 5, 0, 8, 0, 25, 0, 0)
------------------------------------------------------------------------
RESOURCE k = 3
s = 1: (0, 0, 0, 0, 0, 0, 0, 4, 0, 106, 0, 73, 0, 0, 15, 0, 104, 84, 38, 0, 16, 0, 14, 0, 14, 9, 0, 0, 0, 24, 0, 0)
s = 2: (0, 0, 0, 0, 0, 0, 0, 5, 0, 91, 0, 63, 0, 0, 13, 0, 38, 108, 54, 0, 24, 0, 23, 0, 24, 9, 0, 0, 0, 23, 0, 0)
s = 3: (0, 0, 0, 0, 0, 0, 0, 9, 0, 73, 0, 70, 0, 0, 20, 0, 81, 64, 69, 0, 15, 0, 38, 0, 28, 10, 0, 0, 0, 19, 0, 0)
s = 4: (0, 0, 0, 0, 0, 0, 0, 6, 0, 140, 0, 35, 0, 0, 15, 0, 82, 52, 44, 0, 19, 0, 15, 0, 17, 17, 0, 0, 0, 16, 0, 0)
s = 5: (0, 0, 0, 0, 0, 0, 0, 7, 0, 89, 0, 72, 0, 0, 10, 0, 86, 56, 50, 0, 15, 0, 15, 0, 22, 8, 0, 0, 0, 20, 0, 0)
s = 6: (0, 0, 0, 0, 0, 0, 0, 9, 0, 86, 0, 43, 0, 0, 14, 0, 56, 81, 49, 0, 27, 0, 17, 0, 40, 10, 0, 0, 0, 19, 0, 0)
s = 7: (0, 0, 0, 0, 0, 0, 0, 7, 0, 80, 0, 49, 0, 0, 19, 0, 63, 78, 37, 0, 25, 0, 21, 0, 19, 8, 0, 0, 0, 21, 0, 0)
s = 8: (0, 0, 0, 0, 0, 0, 0, 5, 0, 123, 0, 42, 0, 0, 16, 0, 65, 85, 32, 0, 27, 0, 15, 0, 20, 8, 0, 0, 0, 19, 0, 0)
s = 9: (0, 0, 0, 0, 0, 0, 0, 5, 0, 96, 0, 68, 0, 0, 17, 0, 71, 78, 42, 0, 20, 0, 23, 0, 16, 9, 0, 0, 0, 27, 0, 0)
s = 10: (0, 0, 0, 0, 0, 0, 0, 5, 0, 93, 0, 81, 0, 0, 19, 0, 110, 49, 65, 0, 39, 0, 31, 0, 18, 10, 0, 0, 0, 28, 0, 0)
s = 11: (0, 0, 0, 0, 0, 0, 0, 7, 0, 86, 0, 39, 0, 0, 13, 0, 90, 88, 45, 0, 29, 0, 30, 0, 19, 12, 0, 0, 0, 17, 0, 0)
s = 12: (0, 0, 0, 0, 0, 0, 0, 9, 0, 53, 0, 64, 0, 0, 9, 0, 68, 85, 58, 0, 25, 0, 26, 0, 25, 8, 0, 0, 0, 13, 0, 0)
s = 13: (0, 0, 0, 0, 0, 0, 0, 5, 0, 163, 0, 74, 0, 0, 19, 0, 118, 70, 27, 0, 35, 0, 27, 0, 16, 8, 0, 0, 0, 26, 0, 0)
s = 14: (0, 0, 0, 0, 0, 0, 0, 6, 0, 104, 0, 43, 0, 0, 14, 0, 97, 43, 53, 0, 31, 0, 27, 0, 17, 11, 0, 0, 0, 22, 0, 0)
s = 15: (0, 0, 0, 0, 0, 0, 0, 8, 0, 69, 0, 42, 0, 0, 14, 0, 42, 108, 47, 0, 25, 0, 34, 0, 24, 8, 0, 0, 0, 17, 0, 0)
s = 16: (0, 0, 0, 0, 0, 0, 0, 7, 0, 93, 0, 51, 0, 0, 16, 0, 50, 75, 54, 0, 27, 0, 25, 0, 26, 11, 0, 0, 0, 26, 0, 0)
s = 17: (0, 0, 0, 0, 0, 0, 0, 5, 0, 64, 0, 50, 0, 0, 19, 0, 60, 96, 34, 0, 21, 0, 19, 0, 19, 10, 0, 0, 0, 16, 0, 0)
s = 18: (0, 0, 0, 0, 0, 0, 0, 5, 0, 63, 0, 68, 0, 0, 13, 0, 48, 102, 39, 0, 34, 0, 36, 0, 15, 9, 0, 0, 0, 36, 0, 0)
s = 19: (0, 0, 0, 0, 0, 0, 0, 8, 0, 126, 0, 60, 0, 0, 15, 0, 56, 80, 57, 0, 27, 0, 25, 0, 28, 8, 0, 0, 0, 13, 0, 0)
s = 20: (0, 0, 0, 0, 0, 0, 0, 7, 0, 135, 0, 53, 0, 0, 17, 0, 42, 113, 54, 0, 22, 0, 20, 0, 24, 9, 0, 0, 0, 21, 0, 0)
s = 21: (0, 0, 0, 0, 0, 0, 0, 7, 0, 107, 0, 74, 0, 0, 12, 0, 56, 91, 37, 0, 36, 0, 15, 0, 14, 7, 0, 0, 0, 15, 0, 0)
s = 22: (0, 0, 0, 0, 0, 0, 0, 8, 0, 105, 0, 50, 0, 0, 11, 0, 51, 74, 45, 0, 21, 0, 19, 0, 26, 8, 0, 0, 0, 17, 0, 0)
s = 23: (0, 0, 0, 0, 0, 0, 0, 7, 0, 108, 0, 73, 0, 0, 16, 0, 74, 77, 68, 0, 20, 0, 29, 0, 24, 7, 0, 0, 0, 30, 0, 0)
s = 24: (0, 0, 0, 0, 0, 0, 0, 7, 0, 68, 0, 100, 0, 0, 11, 0, 38, 83, 45, 0, 26, 0, 12, 0, 12, 8, 0, 0, 0, 28, 0, 0)
s = 25: (0, 0, 0, 0, 0, 0, 0, 6, 0, 112, 0, 44, 0, 0, 12, 0, 65, 129, 46, 0, 21, 0, 16, 0, 19, 10, 0, 0, 0, 19, 0, 0)
s = 26: (0, 0, 0, 0, 0, 0, 0, 6, 0, 116, 0, 35, 0, 0, 18, 0, 61, 87, 31, 0, 31, 0, 16, 0, 22, 14, 0, 0, 0, 27, 0, 0)
s = 27: (0, 0, 0, 0, 0, 0, 0, 9, 0, 85, 0, 50, 0, 0, 11, 0, 54, 88, 41, 0, 23, 0, 31, 0, 16, 9, 0, 0, 0, 21, 0, 0)
s = 28: (0, 0, 0, 0, 0, 0, 0, 5, 0, 107, 0, 49, 0, 0, 20, 0, 102, 124, 76, 0, 26, 0, 35, 0, 20, 8, 0, 0, 0, 21, 0, 0)
s = 29: (0, 0, 0, 0, 0, 0, 0, 5, 0, 63, 0, 36, 0, 0, 18, 0, 63, 59, 46, 0, 25, 0, 20, 0, 14, 11, 0, 0, 0, 28, 0, 0)
s = 30: (0, 0, 0, 0, 0, 0, 0, 7, 0, 132, 0, 78, 0, 0, 14, 0, 71, 45, 36, 0, 22, 0, 16, 0, 22, 9, 0, 0, 0, 11, 0, 0)
s = 31: (0, 0, 0, 0, 0, 0, 0, 6, 0, 132, 0, 49, 0, 0, 11, 0, 68, 144, 66, 0, 40, 0, 17, 0, 17, 6, 0, 0, 0, 13, 0, 0)
s = 32: (0, 0, 0, 0, 0, 0, 0, 7, 0, 48, 0, 48, 0, 0, 21, 0, 59, 73, 37, 0, 30, 0, 22, 0, 36, 7, 0, 0, 0, 10, 0, 0)
s = 33: (0, 0, 0, 0, 0, 0, 0, 7, 0, 104, 0, 71, 0, 0, 11, 0, 52, 44, 65, 0, 36, 0, 14, 0, 26, 9, 0, 0, 0, 31, 0, 0)
s = 34: (0, 0, 0, 0, 0, 0, 0, 8, 0, 137, 0, 72, 0, 0, 14, 0, 72, 74, 30, 0, 25, 0, 23, 0, 29, 6, 0, 0, 0, 19, 0, 0)
s = 35: (0, 0, 0, 0, 0, 0, 0, 5, 0, 88, 0, 45, 0, 0, 19, 0, 100, 54, 54, 0, 19, 0, 16, 0, 14, 5, 0, 0, 0, 28, 0, 0)
s = 36: (0, 0, 0, 0, 0, 0, 0, 6, 0, 94, 0, 73, 0, 0, 21, 0, 59, 64, 46, 0, 30, 0, 27, 0, 26, 6, 0, 0, 0, 32, 0, 0)
s = 37: (0, 0, 0, 0, 0, 0, 0, 8, 0, 120, 0, 57, 0, 0, 26, 0, 106, 87, 31, 0, 15, 0, 18, 0, 15, 13, 0, 0, 0, 17, 0, 0)
s = 38: (0, 0, 0, 0, 0, 0, 0, 6, 0, 139, 0, 75, 0, 0, 21, 0, 86, 78, 26, 0, 24, 0, 12, 0, 25, 12, 0, 0, 0, 16, 0, 0)
s = 39: (0, 0, 0, 0, 0, 0, 0, 8, 0, 104, 0, 36, 0, 0, 12, 0, 66, 77, 55, 0, 18, 0, 24, 0, 13, 11, 0, 0, 0, 23, 0, 0)
s = 40: (0, 0, 0, 0, 0, 0, 0, 9, 0, 108, 0, 76, 0, 0, 13, 0, 46, 64, 34, 0, 25, 0, 16, 0, 17, 13, 0, 0, 0, 24, 0, 0)
s = 41: (0, 0, 0, 0, 0, 0, 0, 7, 0, 54, 0, 54, 0, 0, 21, 0, 89, 46, 60, 0, 33, 0, 25, 0, 21, 9, 0, 0, 0, 20, 0, 0)
s = 42: (0, 0, 0, 0, 0, 0, 0, 4, 0, 83, 0, 60, 0, 0, 19, 0, 89, 49, 75, 0, 15, 0, 19, 0, 12, 10, 0, 0, 0, 29, 0, 0)
s = 43: (0, 0, 0, 0, 0, 0, 0, 10, 0, 93, 0, 69, 0, 0, 17, 0, 102, 58, 27, 0, 24, 0, 25, 0, 22, 6, 0, 0, 0, 22, 0, 0)
s = 44: (0, 0, 0, 0, 0, 0, 0, 6, 0, 61, 0, 52, 0, 0, 22, 0, 78, 106, 44, 0, 22, 0, 26, 0, 12, 7, 0, 0, 0, 17, 0, 0)
s = 45: (0, 0, 0, 0, 0, 0, 0, 4, 0, 139, 0, 82, 0, 0, 19, 0, 91, 108, 45, 0, 22, 0, 32, 0, 19, 10, 0, 0, 0, 27, 0, 0)
s = 46: (0, 0, 0, 0, 0, 0, 0, 8, 0, 93, 0, 55, 0, 0, 23, 0, 56, 90, 38, 0, 31, 0, 34, 0, 20, 7, 0, 0, 0, 18, 0, 0)
s = 47: (0, 0, 0, 0, 0, 0, 0, 5, 0, 118, 0, 54, 0, 0, 26, 0, 87, 82, 51, 0, 21, 0, 16, 0, 20, 14, 0, 0, 0, 12, 0, 0)
s = 48: (0, 0, 0, 0, 0, 0, 0, 5, 0, 63, 0, 74, 0, 0, 11, 0, 80, 103, 31, 0, 23, 0, 18, 0, 15, 11, 0, 0, 0, 18, 0, 0)
s = 49: (0, 0, 0, 0, 0, 0, 0, 8, 0, 90, 0, 70, 0, 0, 13, 0, 88, 87, 35, 0, 19, 0, 26, 0, 15, 6, 0, 0, 0, 18, 0, 0)
s = 50: (0, 0, 0, 0, 0, 0, 0, 4, 0, 103, 0, 54, 0, 0, 20, 0, 58, 64, 46, 0, 28, 0, 24, 0, 26, 7, 0, 0, 0, 13, 0, 0)
s = 51: (0, 0, 0, 0, 0, 0, 0, 8, 0, 85, 0, 64, 0, 0, 23, 0, 47, 62, 67, 0, 22, 0, 21, 0, 19, 9, 0, 0, 0, 30, 0, 0)
s = 52: (0, 0, 0, 0, 0, 0, 0, 8, 0, 69, 0, 45, 0, 0, 12, 0, 89, 119, 51, 0, 34, 0, 26, 0, 23, 15, 0, 0, 0, 16, 0, 0)
s = 53: (0, 0, 0, 0, 0, 0, 0, 5, 0, 87, 0, 35, 0, 0, 19, 0, 112, 46, 32, 0, 19, 0, 24, 0, 20, 10, 0, 0, 0, 16, 0, 0)
s = 54: (0, 0, 0, 0, 0, 0, 0, 6, 0, 119, 0, 50, 0, 0, 19, 0, 70, 61, 69, 0, 19, 0, 14, 0, 24, 7, 0, 0, 0, 24, 0, 0)
s = 55: (0, 0, 0, 0, 0, 0, 0, 7, 0, 75, 0, 74, 0, 0, 24, 0, 72, 97, 35, 0, 13, 0, 31, 0, 17, 10, 0, 0, 0, 15, 0, 0)
s = 56: (0, 0, 0, 0, 0, 0, 0, 4, 0, 77, 0, 81, 0, 0, 13, 0, 70, 69, 36, 0, 18, 0, 15, 0, 15, 11, 0, 0, 0, 17, 0, 0)
s = 57: (0, 0, 0, 0, 0, 0, 0, 4, 0, 105, 0, 52, 0, 0, 13, 0, 49, 70, 73, 0, 25, 0, 21, 0, 28, 5, 0, 0, 0, 20, 0, 0)
s = 58: (0, 0, 0, 0, 0, 0, 0, 7, 0, 61, 0, 53, 0, 0, 16, 0, 78, 70, 55, 0, 27, 0, 26, 0, 12, 12, 0, 0, 0, 15, 0, 0)
s = 59: (0, 0, 0, 0, 0, 0, 0, 7, 0, 101, 0, 33, 0, 0, 19, 0, 53, 57, 52, 0, 14, 0, 39, 0, 22, 11, 0, 0, 0, 17, 0, 0)
s = 60: (0, 0, 0, 0, 0, 0, 0, 9, 0, 81, 0, 33, 0, 0, 12, 0, 51, 68, 36, 0, 20, 0, 20, 0, 20, 6, 0, 0, 0, 10, 0, 0)
s = 61: (0, 0, 0, 0, 0, 0, 0, 6, 0, 92, 0, 81, 0, 0, 12, 0, 88, 56, 52, 0, 22, 0, 26, 0, 18, 6, 0, 0, 0, 20, 0, 0)
s = 62: (0, 0, 0, 0, 0, 0, 0, 7, 0, 56, 0, 40, 0, 0, 11, 0, 88, 108, 42, 0, 17, 0, 18, 0, 30, 11, 0, 0, 0, 19, 0, 0)
s = 63: (0, 0, 0, 0, 0, 0, 0, 6, 0, 80, 0, 72, 0, 0, 21, 0, 58, 76, 59, 0, 15, 0, 35, 0, 23, 8, 0, 0, 0, 20, 0, 0)
s = 64: (0, 0, 0, 0, 0, 0, 0, 4, 0, 68, 0, 64, 0, 0, 16, 0, 56, 97, 61, 0, 25, 0, 32, 0, 27, 10, 0, 0, 0, 16, 0, 0)
s = 65: (0, 0, 0, 0, 0, 0, 0, 5, 0, 101, 0, 82, 0, 0, 14, 0, 56, 63, 31, 0, 22, 0, 28, 0, 18, 12, 0, 0, 0, 20, 0, 0)
s = 66: (0, 0, 0, 0, 0, 0, 0, 5, 0, 129, 0, 85, 0, 0, 11, 0, 76, 101, 50, 0, 24, 0, 20, 0, 15, 10, 0, 0, 0, 23, 0, 0)
s = 67: (0, 0, 0, 0, 0, 0, 0, 7, 0, 162, 0, 74, 0, 0, 16, 0, 110, 85, 31, 0, 22, 0, 14, 0, 33, 11, 0, 0, 0, 17, 0, 0)
s = 68: (0, 0, 0, 0, 0, 0, 0, 6, 0, 110, 0, 72, 0, 0, 11, 0, 77, 86, 44, 0, 40, 0, 32, 0, 27, 9, 0, 0, 0, 20, 0, 0)
s = 69: (0, 0, 0, 0, 0, 0, 0, 9, 0, 106, 0, 86, 0, 0, 16, 0, 61, 55, 49, 0, 17, 0, 19, 0, 34, 6, 0, 0, 0, 24, 0, 0)
s = 70: (0, 0, 0, 0, 0, 0, 0, 10, 0, 68, 0, 75, 0, 0, 8, 0, 78, 67, 49, 0, 38, 0, 23, 0, 34, 13, 0, 0, 0, 22, 0, 0)
s = 71: (0, 0, 0, 0, 0, 0, 0, 5, 0, 59, 0, 57, 0, 0, 9, 0, 56, 48, 52, 0, 37, 0, 25, 0, 26, 8, 0, 0, 0, 19, 0, 0)
s = 72: (0, 0, 0, 0, 0, 0, 0, 6, 0, 72, 0, 42, 0, 0, 15, 0, 68, 114, 75, 0, 16, 0, 21, 0, 14, 9, 0, 0, 0, 13, 0, 0)
s = 73: (0, 0, 0, 0, 0, 0, 0, 4, 0, 67, 0, 85, 0, 0, 21, 0, 70, 96, 45, 0, 27, 0, 25, 0, 20, 7, 0, 0, 0, 14, 0, 0)
s = 74: (0, 0, 0, 0, 0, 0, 0, 7, 0, 73, 0, 66, 0, 0, 21, 0, 67, 52, 36, 0, 33, 0, 16, 0, 23, 9, 0, 0, 0, 18, 0, 0)
s = 75: (0, 0, 0, 0, 0, 0, 0, 8, 0, 50, 0, 73, 0, 0, 17, 0, 99, 69, 48, 0, 28, 0, 20, 0, 16, 6, 0, 0, 0, 22, 0, 0)
s = 76: (0, 0, 0, 0, 0, 0, 0, 11, 0, 99, 0, 63, 0, 0, 19, 0, 49, 63, 53, 0, 21, 0, 13, 0, 18, 10, 0, 0, 0, 28, 0, 0)
s = 77: (0, 0, 0, 0, 0, 0, 0, 6, 0, 121, 0, 63, 0, 0, 20, 0, 46, 53, 50, 0, 19, 0, 21, 0, 33, 6, 0, 0, 0, 18, 0, 0)
s = 78: (0, 0, 0, 0, 0, 0, 0, 8, 0, 113, 0, 44, 0, 0, 12, 0, 97, 43, 62, 0, 34, 0, 25, 0, 30, 11, 0, 0, 0, 16, 0, 0)
s = 79: (0, 0, 0, 0, 0, 0, 0, 7, 0, 66, 0, 58, 0, 0, 21, 0, 88, 45, 50, 0, 32, 0, 16, 0, 21, 9, 0, 0, 0, 16, 0, 0)
s = 80: (0, 0, 0, 0, 0, 0, 0, 7, 0, 106, 0, 43, 0, 0, 20, 0, 86, 56, 40, 0, 20, 0, 16, 0, 24, 6, 0, 0, 0, 18, 0, 0)
s = 81: (0, 0, 0, 0, 0, 0, 0, 6, 0, 104, 0, 56, 0, 0, 13, 0, 40, 95, 50, 0, 27, 0, 27, 0, 17, 8, 0, 0, 0, 17, 0, 0)
s = 82: (0, 0, 0, 0, 0, 0, 0, 7, 0, 89, 0, 34, 0, 0, 14, 0, 89, 53, 42, 0, 26, 0, 18, 0, 18, 13, 0, 0, 0, 14, 0, 0)
s = 83: (0, 0, 0, 0, 0, 0, 0, 5, 0, 83, 0, 70, 0, 0, 15, 0, 59, 69, 60, 0, 23, 0, 21, 0, 15, 8, 0, 0, 0, 22, 0, 0)
s = 84: (0, 0, 0, 0, 0, 0, 0, 7, 0, 75, 0, 46, 0, 0, 11, 0, 44, 54, 42, 0, 22, 0, 19, 0, 16, 9, 0, 0, 0, 13, 0, 0)
s = 85: (0, 0, 0, 0, 0, 0, 0, 4, 0, 61, 0, 48, 0, 0, 22, 0, 100, 66, 58, 0, 19, 0, 26, 0, 31, 11, 0, 0, 0, 19, 0, 0)
s = 86: (0, 0, 0, 0, 0, 0, 0, 5, 0, 107, 0, 81, 0, 0, 19, 0, 98, 47, 40, 0, 24, 0, 15, 0, 14, 8, 0, 0, 0, 13, 0, 0)
s = 87: (0, 0, 0, 0, 0, 0, 0, 7, 0, 50, 0, 74, 0, 0, 9, 0, 58, 108, 41, 0, 25, 0, 28, 0, 17, 8, 0, 0, 0, 25, 0, 0)
s = 88: (0, 0, 0, 0, 0, 0, 0, 9, 0, 111, 0, 67, 0, 0, 17, 0, 59, 45, 56, 0, 26, 0, 15, 0, 18, 10, 0, 0, 0, 17, 0, 0)
s = 89: (0, 0, 0, 0, 0, 0, 0, 4, 0, 72, 0, 54, 0, 0, 18, 0, 54, 131, 47, 0, 17, 0, 29, 0, 17, 8, 0, 0, 0, 14, 0, 0)
s = 90: (0, 0, 0, 0, 0, 0, 0, 4, 0, 94, 0, 57, 0, 0, 14, 0, 90, 89, 41, 0, 35, 0, 28, 0, 34, 8, 0, 0, 0, 29, 0, 0)
s = 91: (0, 0, 0, 0, 0, 0, 0, 5, 0, 64, 0, 45, 0, 0, 10, 0, 82, 90, 29, 0, 24, 0, 15, 0, 11, 8, 0, 0, 0, 19, 0, 0)
s = 92: (0, 0, 0, 0, 0, 0, 0, 7, 0, 118, 0, 53, 0, 0, 10, 0, 73, 73, 51, 0, 28, 0, 15, 0, 14, 12, 0, 0, 0, 25, 0, 0)
s = 93: (0, 0, 0, 0, 0, 0, 0, 6, 0, 82, 0, 47, 0, 0, 14, 0, 92, 88, 57, 0, 27, 0, 19, 0, 30, 11, 0, 0, 0, 26, 0, 0)
s = 94: (0, 0, 0, 0, 0, 0, 0, 6, 0, 73, 0, 62, 0, 0, 13, 0, 61, 68, 28, 0, 31, 0, 19, 0, 20, 11, 0, 0, 0, 12, 0, 0)
s = 95: (0, 0, 0, 0, 0, 0, 0, 6, 0, 51, 0, 46, 0, 0, 11, 0, 44, 85, 58, 0, 23, 0, 19, 0, 34, 9, 0, 0, 0, 13, 0, 0)
s = 96: (0, 0, 0, 0, 0, 0, 0, 8, 0, 72, 0, 56, 0, 0, 17, 0, 71, 63, 58, 0, 27, 0, 25, 0, 14, 6, 0, 0, 0, 11, 0, 0)
s = 97: (0, 0, 0, 0, 0, 0, 0, 7, 0, 108, 0, 47, 0, 0, 14, 0, 95, 88, 31, 0, 25, 0, 26, 0, 13, 7, 0, 0, 0, 13, 0, 0)
s = 98: (0, 0, 0, 0, 0, 0, 0, 5, 0, 83, 0, 56, 0, 0, 12, 0, 69, 52, 65, 0, 32, 0, 23, 0, 28, 8, 0, 0, 0, 18, 0, 0)
s = 99: (0, 0, 0, 0, 0, 0, 0, 5, 0, 62, 0, 38, 0, 0, 19, 0, 45, 67, 43, 0, 42, 0, 25, 0, 15, 12, 0, 0, 0, 16, 0, 0)
s = 100: (0, 0, 0, 0, 0, 0, 0, 9, 0, 69, 0, 53, 0, 0, 19, 0, 70, 140, 40, 0, 29, 0, 20, 0, 22, 7, 0, 0, 0, 27, 0, 0)
s = 101: (0, 0, 0, 0, 0, 0, 0, 5, 0, 114, 0, 34, 0, 0, 18, 0, 41, 74, 28, 0, 19, 0, 17, 0, 26, 13, 0, 0, 0, 23, 0, 0)
s = 102: (0, 0, 0, 0, 0, 0, 0, 6, 0, 78, 0, 43, 0, 0, 13, 0, 62, 65, 36, 0, 16, 0, 24, 0, 16, 7, 0, 0, 0, 19, 0, 0)
s = 103: (0, 0, 0, 0, 0, 0, 0, 6, 0, 105, 0, 51, 0, 0, 9, 0, 75, 74, 40, 0, 22, 0, 13, 0, 19, 9, 0, 0, 0, 14, 0, 0)
s = 104: (0, 0, 0, 0, 0, 0, 0, 6, 0, 70, 0, 46, 0, 0, 10, 0, 64, 83, 45, 0, 24, 0, 21, 0, 16, 11, 0, 0, 0, 30, 0, 0)
s = 105: (0, 0, 0, 0, 0, 0, 0, 6, 0, 59, 0, 92, 0, 0, 12, 0, 71, 126, 44, 0, 14, 0, 17, 0, 26, 12, 0, 0, 0, 22, 0, 0)
s = 106: (0, 0, 0, 0, 0, 0, 0, 6, 0, 122, 0, 48, 0, 0, 23, 0, 59, 81, 35, 0, 24, 0, 18, 0, 15, 15, 0, 0, 0, 14, 0, 0)
s = 107: (0, 0, 0, 0, 0, 0, 0, 6, 0, 85, 0, 36, 0, 0, 14, 0, 75, 132, 49, 0, 24, 0, 23, 0, 18, 8, 0, 0, 0, 23, 0, 0)
s = 108: (0, 0, 0, 0, 0, 0, 0, 4, 0, 82, 0, 48, 0, 0, 14, 0, 78, 120, 37, 0, 16, 0, 26, 0, 28, 8, 0, 0, 0, 13, 0, 0)
s = 109: (0, 0, 0, 0, 0, 0, 0, 5, 0, 107, 0, 50, 0, 0, 10, 0, 54, 90, 40, 0, 17, 0, 37, 0, 24, 10, 0, 0, 0, 17, 0, 0)
s = 110: (0, 0, 0, 0, 0, 0, 0, 5, 0, 103, 0, 79, 0, 0, 22, 0, 41, 85, 44, 0, 23, 0, 23, 0, 22, 8, 0, 0, 0, 16, 0, 0)
s = 111: (0, 0, 0, 0, 0, 0, 0, 5, 0, 135, 0, 44, 0, 0, 10, 0, 90, 68, 27, 0, 22, 0, 31, 0, 20, 10, 0, 0, 0, 13, 0, 0)
s = 112: (0, 0, 0, 0, 0, 0, 0, 9, 0, 115, 0, 46, 0, 0, 10, 0, 68, 92, 39, 0, 15, 0, 25, 0, 22, 13, 0, 0, 0, 11, 0, 0)
s = 113: (0, 0, 0, 0, 0, 0, 0, 6, 0, 102, 0, 51, 0, 0, 9, 0, 104, 94, 57, 0, 33, 0, 14, 0, 29, 10, 0, 0, 0, 16, 0, 0)
s = 114: (0, 0, 0, 0, 0, 0, 0, 9, 0, 53, 0, 39, 0, 0, 18, 0, 47, 57, 39, 0, 27, 0, 16, 0, 19, 7, 0, 0, 0, 15, 0, 0)
s = 115: (0, 0, 0, 0, 0, 0, 0, 4, 0, 81, 0, 60, 0, 0, 16, 0, 69, 114, 37, 0, 37, 0, 24, 0, 19, 8, 0, 0, 0, 12, 0, 0)
s = 116: (0, 0, 0, 0, 0, 0, 0, 9, 0, 61, 0, 66, 0, 0, 14, 0, 79, 104, 53, 0, 31, 0, 14, 0, 21, 9, 0, 0, 0, 14, 0, 0)
s = 117: (0, 0, 0, 0, 0, 0, 0, 5, 0, 79, 0, 57, 0, 0, 14, 0, 60, 100, 33, 0, 17, 0, 26, 0, 23, 9, 0, 0, 0, 16, 0, 0)
s = 118: (0, 0, 0, 0, 0, 0, 0, 5, 0, 113, 0, 47, 0, 0, 14, 0, 68, 51, 39, 0, 22, 0, 25, 0, 19, 9, 0, 0, 0, 20, 0, 0)
s = 119: (0, 0, 0, 0, 0, 0, 0, 10, 0, 138, 0, 68, 0, 0, 17, 0, 109, 59, 40, 0, 26, 0, 23, 0, 14, 11, 0, 0, 0, 13, 0, 0)
s = 120: (0, 0, 0, 0, 0, 0, 0, 5, 0, 172, 0, 78, 0, 0, 12, 0, 57, 64, 36, 0, 22, 0, 17, 0, 16, 11, 0, 0, 0, 14, 0, 0)
s = 121: (0, 0, 0, 0, 0, 0, 0, 8, 0, 86, 0, 62, 0, 0, 11, 0, 46, 91, 44, 0, 27, 0, 12, 0, 14, 9, 0, 0, 0, 25, 0, 0)
s = 122: (0, 0, 0, 0, 0, 0, 0, 7, 0, 110, 0, 73, 0, 0, 18, 0, 44, 99, 30, 0, 33, 0, 19, 0, 25, 10, 0, 0, 0, 19, 0, 0)
s = 123: (0, 0, 0, 0, 0, 0, 0, 6, 0, 96, 0, 58, 0, 0, 17, 0, 64, 96, 65, 0, 40, 0, 28, 0, 19, 6, 0, 0, 0, 26, 0, 0)
s = 124: (0, 0, 0, 0, 0, 0, 0, 4, 0, 87, 0, 50, 0, 0, 11, 0, 112, 56, 47, 0, 17, 0, 24, 0, 18, 8, 0, 0, 0, 23, 0, 0)
s = 125: (0, 0, 0, 0, 0, 0, 0, 5, 0, 75, 0, 65, 0, 0, 23, 0, 56, 76, 47, 0, 24, 0, 20, 0, 23, 8, 0, 0, 0, 29, 0, 0)
s = 126: (0, 0, 0, 0, 0, 0, 0, 9, 0, 60, 0, 58, 0, 0, 13, 0, 39, 86, 30, 0, 19, 0, 29, 0, 23, 15, 0, 0, 0, 15, 0, 0)
s = 127: (0, 0, 0, 0, 0, 0, 0, 5, 0, 70, 0, 52, 0, 0, 11, 0, 68, 87, 41, 0, 31, 0, 22, 0, 14, 5, 0, 0, 0, 12, 0, 0)
s = 128: (0, 0, 0, 0, 0, 0, 0, 4, 0, 78, 0, 85, 0, 0, 21, 0, 64, 84, 44, 0, 28, 0, 14, 0, 16, 11, 0, 0, 0, 14, 0, 0)
s = 129: (0, 0, 0, 0, 0, 0, 0, 5, 0, 76, 0, 45, 0, 0, 15, 0, 49, 96, 29, 0, 23, 0, 22, 0, 16, 7, 0, 0, 0, 19, 0, 0)
s = 130: (0, 0, 0, 0, 0, 0, 0, 7, 0, 59, 0, 83, 0, 0, 12, 0, 56, 120, 44, 0, 21, 0, 20, 0, 14, 8, 0, 0, 0, 20, 0, 0)
s = 131: (0, 0, 0, 0, 0, 0, 0, 4, 0, 54, 0, 43, 0, 0, 20, 0, 74, 80, 79, 0, 25, 0, 18, 0, 17, 12, 0, 0, 0, 17, 0, 0)
s = 132: (0, 0, 0, 0, 0, 0, 0, 8, 0, 115, 0, 49, 0, 0, 12, 0, 59, 105, 59, 0, 21, 0, 28, 0, 31, 11, 0, 0, 0, 22, 0, 0)
s = 133: (0, 0, 0, 0, 0, 0, 0, 8, 0, 100, 0, 61, 0, 0, 15, 0, 48, 49, 56, 0, 23, 0, 38, 0, 19, 9, 0, 0, 0, 13, 0, 0)
s = 134: (0, 0, 0, 0, 0, 0, 0, 8, 0, 90, 0, 58, 0, 0, 18, 0, 50, 62, 43, 0, 22, 0, 22, 0, 15, 13, 0, 0, 0, 11, 0, 0)
s = 135: (0, 0, 0, 0, 0, 0, 0, 8, 0, 64, 0, 44, 0, 0, 11, 0, 51, 68, 74, 0, 20, 0, 30, 0, 23, 15, 0, 0, 0, 20, 0, 0)
s = 136: (0, 0, 0, 0, 0, 0, 0, 5, 0, 90, 0, 38, 0, 0, 20, 0, 112, 106, 61, 0, 25, 0, 21, 0, 16, 8, 0, 0, 0, 19, 0, 0)
s = 137: (0, 0, 0, 0, 0, 0, 0, 7, 0, 104, 0, 76, 0, 0, 12, 0, 84, 98, 75, 0, 30, 0, 21, 0, 25, 10, 0, 0, 0, 10, 0, 0)
s = 138: (0, 0, 0, 0, 0, 0, 0, 8, 0, 87, 0, 62, 0, 0, 13, 0, 75, 77, 58, 0, 35, 0, 24, 0, 25, 9, 0, 0, 0, 17, 0, 0)
s = 139: (0, 0, 0, 0, 0, 0, 0, 8, 0, 112, 0, 38, 0, 0, 8, 0, 56, 77, 51, 0, 35, 0, 13, 0, 20, 8, 0, 0, 0, 19, 0, 0)
s = 140: (0, 0, 0, 0, 0, 0, 0, 10, 0, 94, 0, 41, 0, 0, 9, 0, 100, 86, 33, 0, 34, 0, 24, 0, 31, 13, 0, 0, 0, 17, 0, 0)
s = 141: (0, 0, 0, 0, 0, 0, 0, 4, 0, 47, 0, 52, 0, 0, 12, 0, 36, 58, 65, 0, 20, 0, 39, 0, 24, 8, 0, 0, 0, 13, 0, 0)
s = 142: (0, 0, 0, 0, 0, 0, 0, 5, 0, 130, 0, 53, 0, 0, 11, 0, 121, 90, 40, 0, 33, 0, 24, 0, 29, 12, 0, 0, 0, 21, 0, 0)
s = 143: (0, 0, 0, 0, 0, 0, 0, 9, 0, 59, 0, 54, 0, 0, 15, 0, 82, 70, 36, 0, 35, 0, 13, 0, 28, 12, 0, 0, 0, 12, 0, 0)
s = 144: (0, 0, 0, 0, 0, 0, 0, 8, 0, 82, 0, 42, 0, 0, 16, 0, 44, 117, 43, 0, 24, 0, 23, 0, 25, 6, 0, 0, 0, 17, 0, 0)
s = 145: (0, 0, 0, 0, 0, 0, 0, 6, 0, 70, 0, 58, 0, 0, 13, 0, 71, 84, 52, 0, 20, 0, 26, 0, 21, 9, 0, 0, 0, 18, 0, 0)
s = 146: (0, 0, 0, 0, 0, 0, 0, 6, 0, 91, 0, 84, 0, 0, 16, 0, 56, 63, 52, 0, 28, 0, 28, 0, 18, 9, 0, 0, 0, 19, 0, 0)
s = 147: (0, 0, 0, 0, 0, 0, 0, 4, 0, 58, 0, 41, 0, 0, 12, 0, 54, 78, 63, 0, 21, 0, 34, 0, 17, 5, 0, 0, 0, 23, 0, 0)
s = 148: (0, 0, 0, 0, 0, 0, 0, 10, 0, 66, 0, 49, 0, 0, 12, 0, 71, 130, 40, 0, 15, 0, 31, 0, 20, 13, 0, 0, 0, 27, 0, 0)
s = 149: (0, 0, 0, 0, 0, 0, 0, 6, 0, 62, 0, 67, 0, 0, 14, 0, 58, 68, 43, 0, 17, 0, 19, 0, 14, 6, 0, 0, 0, 12, 0, 0)
s = 150: (0, 0, 0, 0, 0, 0, 0, 6, 0, 62, 0, 57, 0, 0, 11, 0, 94, 87, 47, 0, 30, 0, 20, 0, 19, 10, 0, 0, 0, 14, 0, 0)
s = 151: (0, 0, 0, 0, 0, 0, 0, 6, 0, 137, 0, 58, 0, 0, 9, 0, 74, 112, 36, 0, 32, 0, 14, 0, 17, 11, 0, 0, 0, 16, 0, 0)
s = 152: (0, 0, 0, 0, 0, 0, 0, 4, 0, 87, 0, 67, 0, 0, 14, 0, 117, 80, 52, 0, 36, 0, 18, 0, 21, 6, 0, 0, 0, 21, 0, 0)
s = 153: (0, 0, 0, 0, 0, 0, 0, 9, 0, 96, 0, 34, 0, 0, 17, 0, 61, 93, 40, 0, 18, 0, 17, 0, 21, 9, 0, 0, 0, 24, 0, 0)
s = 154: (0, 0, 0, 0, 0, 0, 0, 5, 0, 118, 0, 47, 0, 0, 16, 0, 66, 80, 56, 0, 36, 0, 14, 0, 13, 9, 0, 0, 0, 11, 0, 0)
s = 155: (0, 0, 0, 0, 0, 0, 0, 8, 0, 50, 0, 50, 0, 0, 15, 0, 107, 120, 51, 0, 18, 0, 19, 0, 19, 6, 0, 0, 0, 16, 0, 0)
s = 156: (0, 0, 0, 0, 0, 0, 0, 6, 0, 88, 0, 46, 0, 0, 21, 0, 63, 65, 63, 0, 18, 0, 14, 0, 25, 12, 0, 0, 0, 19, 0, 0)
s = 157: (0, 0, 0, 0, 0, 0, 0, 6, 0, 109, 0, 65, 0, 0, 10, 0, 90, 83, 53, 0, 26, 0, 20, 0, 16, 7, 0, 0, 0, 18, 0, 0)
s = 158: (0, 0, 0, 0, 0, 0, 0, 7, 0, 161, 0, 33, 0, 0, 10, 0, 56, 75, 51, 0, 21, 0, 20, 0, 14, 8, 0, 0, 0, 20, 0, 0)
s = 159: (0, 0, 0, 0, 0, 0, 0, 7, 0, 78, 0, 41, 0, 0, 24, 0, 59, 94, 37, 0, 29, 0, 25, 0, 18, 6, 0, 0, 0, 20, 0, 0)
s = 160: (0, 0, 0, 0, 0, 0, 0, 5, 0, 82, 0, 57, 0, 0, 12, 0, 91, 107, 33, 0, 34, 0, 25, 0, 19, 10, 0, 0, 0, 14, 0, 0)
s = 161: (0, 0, 0, 0, 0, 0, 0, 8, 0, 85, 0, 60, 0, 0, 10, 0, 47, 69, 50, 0, 20, 0, 14, 0, 25, 9, 0, 0, 0, 21, 0, 0)
s = 162: (0, 0, 0, 0, 0, 0, 0, 4, 0, 54, 0, 56, 0, 0, 13, 0, 72, 123, 37, 0, 41, 0, 13, 0, 26, 16, 0, 0, 0, 17, 0, 0)
s = 163: (0, 0, 0, 0, 0, 0, 0, 8, 0, 79, 0, 55, 0, 0, 15, 0, 58, 142, 56, 0, 13, 0, 20, 0, 15, 11, 0, 0, 0, 14, 0, 0)
s = 164: (0, 0, 0, 0, 0, 0, 0, 4, 0, 97, 0, 62, 0, 0, 18, 0, 74, 91, 64, 0, 28, 0, 28, 0, 24, 7, 0, 0, 0, 23, 0, 0)
s = 165: (0, 0, 0, 0, 0, 0, 0, 7, 0, 120, 0, 90, 0, 0, 20, 0, 84, 54, 29, 0, 17, 0, 30, 0, 30, 7, 0, 0, 0, 17, 0, 0)
s = 166: (0, 0, 0, 0, 0, 0, 0, 4, 0, 86, 0, 55, 0, 0, 18, 0, 45, 78, 42, 0, 28, 0, 21, 0, 20, 9, 0, 0, 0, 16, 0, 0)
s = 167: (0, 0, 0, 0, 0, 0, 0, 9, 0, 104, 0, 61, 0, 0, 8, 0, 70, 98, 35, 0, 24, 0, 14, 0, 24, 12, 0, 0, 0, 23, 0, 0)
s = 168: (0, 0, 0, 0, 0, 0, 0, 5, 0, 72, 0, 50, 0, 0, 19, 0, 62, 65, 77, 0, 21, 0, 20, 0, 20, 10, 0, 0, 0, 21, 0, 0)
s = 169: (0, 0, 0, 0, 0, 0, 0, 9, 0, 122, 0, 31, 0, 0, 11, 0, 78, 140, 52, 0, 30, 0, 18, 0, 20, 6, 0, 0, 0, 16, 0, 0)
s = 170: (0, 0, 0, 0, 0, 0, 0, 5, 0, 74, 0, 60, 0, 0, 16, 0, 85, 96, 52, 0, 22, 0, 21, 0, 17, 14, 0, 0, 0, 16, 0, 0)
s = 171: (0, 0, 0, 0, 0, 0, 0, 4, 0, 89, 0, 90, 0, 0, 13, 0, 78, 68, 36, 0, 17, 0, 13, 0, 20, 9, 0, 0, 0, 21, 0, 0)
s = 172: (0, 0, 0, 0, 0, 0, 0, 4, 0, 54, 0, 46, 0, 0, 17, 0, 95, 86, 45, 0, 26, 0, 19, 0, 14, 10, 0, 0, 0, 20, 0, 0)
s = 173: (0, 0, 0, 0, 0, 0, 0, 5, 0, 65, 0, 65, 0, 0, 13, 0, 84, 69, 49, 0, 29, 0, 25, 0, 18, 6, 0, 0, 0, 15, 0, 0)
s = 174: (0, 0, 0, 0, 0, 0, 0, 7, 0, 56, 0, 64, 0, 0, 17, 0, 51, 67, 62, 0, 29, 0, 16, 0, 28, 6, 0, 0, 0, 29, 0, 0)
s = 175: (0, 0, 0, 0, 0, 0, 0, 5, 0, 105, 0, 37, 0, 0, 12, 0, 66, 64, 36, 0, 25, 0, 27, 0, 14, 12, 0, 0, 0, 15, 0, 0)
s = 176: (0, 0, 0, 0, 0, 0, 0, 9, 0, 101, 0, 89, 0, 0, 21, 0, 101, 105, 35, 0, 25, 0, 13, 0, 22, 10, 0, 0, 0, 11, 0, 0)
s = 177: (0, 0, 0, 0, 0, 0, 0, 5, 0, 101, 0, 61, 0, 0, 14, 0, 53, 46, 54, 0, 36, 0, 25, 0, 17, 9, 0, 0, 0, 15, 0, 0)
s = 178: (0, 0, 0, 0, 0, 0, 0, 6, 0, 64, 0, 40, 0, 0, 13, 0, 59, 78, 67, 0, 24, 0, 22, 0, 17, 11, 0, 0, 0, 14, 0, 0)
s = 179: (0, 0, 0, 0, 0, 0, 0, 5, 0, 114, 0, 43, 0, 0, 21, 0, 126, 69, 37, 0, 22, 0, 14, 0, 15, 7, 0, 0, 0, 18, 0, 0)
s = 180: (0, 0, 0, 0, 0, 0, 0, 6, 0, 94, 0, 47, 0, 0, 16, 0, 62, 110, 38, 0, 28, 0, 18, 0, 14, 6, 0, 0, 0, 14, 0, 0)
s = 181: (0, 0, 0, 0, 0, 0, 0, 8, 0, 61, 0, 60, 0, 0, 10, 0, 63, 105, 41, 0, 19, 0, 13, 0, 28, 8, 0, 0, 0, 15, 0, 0)
s = 182: (0, 0, 0, 0, 0, 0, 0, 7, 0, 149, 0, 66, 0, 0, 23, 0, 72, 84, 55, 0, 26, 0, 13, 0, 15, 12, 0, 0, 0, 16, 0, 0)
s = 183: (0, 0, 0, 0, 0, 0, 0, 5, 0, 91, 0, 58, 0, 0, 11, 0, 74, 78, 53, 0, 21, 0, 14, 0, 17, 9, 0, 0, 0, 23, 0, 0)
s = 184: (0, 0, 0, 0, 0, 0, 0, 5, 0, 53, 0, 47, 0, 0, 17, 0, 115, 71, 69, 0, 16, 0, 21, 0, 18, 11, 0, 0, 0, 19, 0, 0)
s = 185: (0, 0, 0, 0, 0, 0, 0, 8, 0, 87, 0, 42, 0, 0, 13, 0, 82, 104, 36, 0, 21, 0, 32, 0, 22, 8, 0, 0, 0, 12, 0, 0)
s = 186: (0, 0, 0, 0, 0, 0, 0, 9, 0, 88, 0, 35, 0, 0, 12, 0, 39, 81, 40, 0, 21, 0, 20, 0, 25, 6, 0, 0, 0, 23, 0, 0)
s = 187: (0, 0, 0, 0, 0, 0, 0, 6, 0, 138, 0, 47, 0, 0, 11, 0, 71, 62, 42, 0, 23, 0, 32, 0, 21, 11, 0, 0, 0, 26, 0, 0)
s = 188: (0, 0, 0, 0, 0, 0, 0, 5, 0, 104, 0, 82, 0, 0, 17, 0, 67, 61, 63, 0, 13, 0, 19, 0, 22, 14, 0, 0, 0, 24, 0, 0)
s = 189: (0, 0, 0, 0, 0, 0, 0, 6, 0, 70, 0, 94, 0, 0, 14, 0, 57, 65, 49, 0, 31, 0, 29, 0, 19, 9, 0, 0, 0, 13, 0, 0)
s = 190: (0, 0, 0, 0, 0, 0, 0, 7, 0, 98, 0, 59, 0, 0, 16, 0, 51, 49, 29, 0, 20, 0, 27, 0, 28, 6, 0, 0, 0, 14, 0, 0)
s = 191: (0, 0, 0, 0, 0, 0, 0, 8, 0, 67, 0, 45, 0, 0, 14, 0, 65, 65, 27, 0, 33, 0, 34, 0, 22, 12, 0, 0, 0, 23, 0, 0)
s = 192: (0, 0, 0, 0, 0, 0, 0, 8, 0, 70, 0, 61, 0, 0, 12, 0, 50, 53, 31, 0, 36, 0, 25, 0, 16, 8, 0, 0, 0, 12, 0, 0)
s = 193: (0, 0, 0, 0, 0, 0, 0, 6, 0, 68, 0, 58, 0, 0, 19, 0, 46, 80, 50, 0, 25, 0, 18, 0, 24, 6, 0, 0, 0, 18, 0, 0)
s = 194: (0, 0, 0, 0, 0, 0, 0, 8, 0, 64, 0, 53, 0, 0, 17, 0, 112, 72, 38, 0, 18, 0, 18, 0, 16, 10, 0, 0, 0, 20, 0, 0)
s = 195: (0, 0, 0, 0, 0, 0, 0, 4, 0, 84, 0, 49, 0, 0, 11, 0, 63, 63, 43, 0, 17, 0, 17, 0, 15, 12, 0, 0, 0, 14, 0, 0)
s = 196: (0, 0, 0, 0, 0, 0, 0, 6, 0, 92, 0, 54, 0, 0, 9, 0, 119, 72, 46, 0, 30, 0, 21, 0, 15, 9, 0, 0, 0, 12, 0, 0)
s = 197: (0, 0, 0, 0, 0, 0, 0, 5, 0, 107, 0, 45, 0, 0, 12, 0, 46, 51, 62, 0, 27, 0, 16, 0, 14, 14, 0, 0, 0, 13, 0, 0)
s = 198: (0, 0, 0, 0, 0, 0, 0, 8, 0, 98, 0, 32, 0, 0, 17, 0, 51, 82, 47, 0, 21, 0, 32, 0, 15, 8, 0, 0, 0, 20, 0, 0)
s = 199: (0, 0, 0, 0, 0, 0, 0, 6, 0, 69, 0, 41, 0, 0, 8, 0, 36, 97, 60, 0, 22, 0, 15, 0, 28, 10, 0, 0, 0, 20, 0, 0)
s = 200: (0, 0, 0, 0, 0, 0, 0, 5, 0, 94, 0, 64, 0, 0, 24, 0, 59, 58, 33, 0, 19, 0, 21, 0, 26, 7, 0, 0, 0, 25, 0, 0)
************************************************************************
ES/LS-VALUES:
jobnr.   ES(i)    LS(i)
------------------------------------------------------------------------
  0        0        0
  1        0       86
  2        0       63
  3        0       66
  4        9       73
  5       13       101
  6        9       82
  7       13       105
  8       13       79
  9       14       119
 10       21       88
 11       18       109
 12       30       122
 13       26       94
 14        9       84
 15       22       97
 16       27       92
 17       39       107
 18       29       98
 19       39       105
 20       53       130
 21       56       122
 22       56       126
 23       21       103
 24       42       112
 25       60       137
 26       66       132
 27       62       138
 28       73       144
 29       73       140
 30       66       143
 31       79       146
************************************************************************
BIG-M-VALUES:
M1 = 94, M2 = 432
************************************************************************
