************************************************************************
file with basedata            : j30_24.bas
initial value random generator: 1284002525
************************************************************************
projects                      :  1
jobs (incl. supersource/sink ):  32
horizon                       :  182
RESOURCES
  - renewable                 :  4   R
  - nonrenewable              :  0   N
  - doubly constrained        :  0   D
************************************************************************
PROJECT INFORMATION:
pronr.  #jobs rel.date duedate tardcost  MPM-Time
    1     30      0       51       18       51
************************************************************************
PRECEDENCE RELATIONS:
jobnr.    #modes  #successors   successors
   0        1          3           1   2   3
   1        1          2           4   7
   2        1          3           8  10  19
   3        1          2           8  11
   4        1          1           5
   5        1          2           6  21
   6        1          1          28
   7        1          3          13  14  24
   8        1          3           9  12  22
   9        1          1          18
  10        1          2          11  20
  11        1          1          28
  12        1          2          15  16
  13        1          2          17  23
  14        1          2          17  21
  15        1          2          17  20
  16        1          2          23  30
  17        1          1          27
  18        1          1          23
  19        1          1          26
  20        1          1          29
  21        1          1          27
  22        1          1          28
  23        1          1          25
  24        1          1          25
  25        1          1          26
  26        1          1          29
  27        1          1          30
  28        1          1          31
  29        1          1          31
  30        1          1          31
  31        1          0        
************************************************************************
REQUESTS/DURATIONS:
jobnr. mode duration  R 1  R 2  R 3  R 4  E(W 1)  E(W 2)
------------------------------------------------------------------------
  0      1     0       0    0    0    0     0       0
  1      1     6       5    0    0    0    30       0
  2      1     5       5    2    8   10    35      90
  3      1     3       8    0    0    0    24       0
  4      1     3       3    0    5    0     9      15
  5      1     8       7    6    0    0    104       0
  6      1     6       1    0    1    0    12      12
  7      1     8       0    7    0    9    56      72
  8      1     8       0    0    9    0     0      72
  9      1     6       0    8    2    0    48      12
 10      1    10       9    0    0    0    90       0
 11      1     8       0    0    2    7     0      72
 12      1     8       5    2    2    0    56      16
 13      1     6       0    0    0    5     0      30
 14      1     5      10    7    2    4    85      30
 15      1     2       8    3    0    1    22       4
 16      1     9       0    0    0    9     0      81
 17      1     7       5    5    0    6    70      42
 18      1     5       0    4    0    1    20      10
 19      1     4       2    0    8    0     8      32
 20      1     3       0    6    0    5    18      15
 21      1    10       0    5    0    3    50      30
 22      1     8       0    0    0    9     0      72
 23      1     6       0    7    0    3    42      18
 24      1     1       9    5    6    0    14       6
 25      1     8       7    0    4    0    56      32
 26      1     6       5    0    8    7    30      90
 27      1     5       0    0   10    0     0      50
 28      1     8       0    9    0    5    72      40
 29      1     1      10    0    5    7    10      12
 30      1     9       0    8    0    0    72       0
 31      1     0       0    0    0    0     0       0
************************************************************************
RESOURCEAVAILABILITIES:
  R 1  R 2
   69   51
************************************************************************
RESOURCE LIMITS:
jobnr.  l(R 1)  u(R 1)  l(R 2)  u(R 2)
------------------------------------------------------------------------
  0        0       0       0       0
  1        3       5       0       0
  2        4       7       9      18
  3        4       8       0       0
  4        2       3       3       5
  5        7      13       0       0
  6        1       2       1       2
  7        4       7       5       9
  8        0       0       5       9
  9        4       8       1       2
 10        5       9       0       0
 11        0       0       5       9
 12        4       7       1       2
 13        0       0       3       5
 14        9      17       3       6
 15        6      11       1       2
 16        0       0       5       9
 17        6      10       3       6
 18        2       4       1       2
 19        1       2       4       8
 20        3       6       3       5
 21        3       5       2       3
 22        0       0       5       9
 23        4       7       2       3
 24        8      14       3       6
 25        4       7       2       4
 26        3       5       8      15
 27        0       0       5      10
 28        5       9       3       5
 29        5      10       7      12
 30        4       8       0       0
 31        0       0       0       0
************************************************************************
SCENARIOS:
------------------------------------------------------------------------
RESOURCE k = 1
s = 1: (0, 34, 36, 36, 7, 78, 11, 57, 0, 45, 80, 0, 49, 0, 102, 35, 0, 56, 21, 11, 18, 56, 0, 42, 12, 86, 18, 0, 70, 15, 104, 0)
s = 2: (0, 35, 30, 28, 13, 81, 12, 41, 0, 58, 54, 0, 65, 0, 137, 28, 0, 66, 27, 5, 14, 59, 0, 42, 11, 40, 45, 0, 65, 12, 61, 0)
s = 3: (0, 22, 31, 23, 12, 74, 12, 64, 0, 53, 105, 0, 43, 0, 125, 15, 0, 53, 20, 12, 11, 55, 0, 32, 13, 30, 25, 0, 48, 16, 101, 0)
s = 4: (0, 28, 33, 20, 10, 69, 19, 108, 0, 36, 174, 0, 45, 0, 75, 32, 0, 114, 19, 8, 23, 45, 0, 31, 17, 40, 44, 0, 84, 7, 120, 0)
s = 5: (0, 31, 45, 39, 7, 71, 13, 69, 0, 53, 98, 0, 72, 0, 125, 14, 0, 97, 12, 9, 16, 40, 0, 65, 24, 69, 31, 0, 45, 16, 76, 0)
s = 6: (0, 54, 42, 14, 6, 92, 12, 94, 0, 41, 79, 0, 55, 0, 97, 20, 0, 82, 25, 7, 26, 68, 0, 35, 9, 81, 33, 0, 90, 9, 56, 0)
s = 7: (0, 24, 36, 30, 10, 151, 15, 48, 0, 58, 100, 0, 44, 0, 95, 19, 0, 43, 18, 8, 13, 38, 0, 45, 12, 52, 47, 0, 64, 10, 70, 0)
s = 8: (0, 27, 60, 19, 16, 122, 15, 58, 0, 53, 51, 0, 63, 0, 107, 16, 0, 87, 18, 7, 14, 84, 0, 42, 10, 58, 30, 0, 82, 9, 81, 0)
s = 9: (0, 27, 30, 19, 6, 133, 13, 42, 0, 39, 54, 0, 71, 0, 109, 19, 0, 111, 24, 6, 18, 48, 0, 38, 18, 45, 23, 0, 71, 7, 90, 0)
s = 10: (0, 28, 47, 23, 11, 83, 10, 53, 0, 49, 84, 0, 47, 0, 72, 20, 0, 64, 25, 10, 11, 50, 0, 43, 13, 77, 23, 0, 92, 11, 67, 0)
s = 11: (0, 19, 29, 23, 9, 122, 17, 68, 0, 74, 118, 0, 80, 0, 83, 29, 0, 85, 20, 11, 24, 38, 0, 66, 11, 52, 33, 0, 52, 12, 134, 0)
s = 12: (0, 33, 36, 21, 12, 74, 15, 88, 0, 28, 70, 0, 40, 0, 75, 23, 0, 71, 25, 6, 20, 50, 0, 35, 14, 47, 18, 0, 64, 7, 117, 0)
s = 13: (0, 19, 25, 16, 10, 77, 9, 45, 0, 31, 110, 0, 32, 0, 61, 22, 0, 51, 12, 6, 29, 29, 0, 25, 21, 43, 22, 0, 92, 7, 53, 0)
s = 14: (0, 20, 26, 14, 12, 145, 11, 83, 0, 28, 176, 0, 42, 0, 75, 20, 0, 41, 20, 7, 15, 59, 0, 41, 10, 64, 41, 0, 94, 12, 89, 0)
s = 15: (0, 24, 51, 32, 7, 94, 9, 75, 0, 33, 99, 0, 39, 0, 61, 28, 0, 100, 27, 8, 15, 46, 0, 34, 10, 66, 31, 0, 81, 9, 52, 0)
s = 16: (0, 32, 50, 15, 6, 94, 9, 64, 0, 34, 93, 0, 49, 0, 101, 17, 0, 47, 15, 5, 22, 36, 0, 49, 9, 58, 30, 0, 77, 6, 50, 0)
s = 17: (0, 40, 33, 19, 11, 112, 10, 93, 0, 73, 79, 0, 70, 0, 91, 27, 0, 65, 22, 11, 15, 38, 0, 63, 13, 73, 29, 0, 76, 10, 82, 0)
s = 18: (0, 28, 30, 18, 13, 109, 11, 41, 0, 40, 84, 0, 77, 0, 74, 21, 0, 60, 20, 11, 14, 35, 0, 63, 13, 50, 36, 0, 57, 9, 51, 0)
s = 19: (0, 25, 22, 25, 10, 105, 17, 48, 0, 31, 84, 0, 54, 0, 91, 26, 0, 47, 14, 9, 19, 62, 0, 38, 15, 52, 32, 0, 45, 14, 76, 0)
s = 20: (0, 28, 36, 29, 8, 77, 10, 58, 0, 27, 97, 0, 38, 0, 59, 25, 0, 54, 23, 7, 19, 55, 0, 52, 12, 76, 19, 0, 78, 13, 112, 0)
s = 21: (0, 35, 42, 24, 10, 115, 14, 32, 0, 53, 65, 0, 40, 0, 89, 33, 0, 60, 14, 5, 31, 41, 0, 38, 12, 63, 17, 0, 86, 8, 115, 0)
s = 22: (0, 28, 44, 24, 10, 104, 17, 33, 0, 50, 89, 0, 75, 0, 67, 32, 0, 53, 18, 7, 27, 78, 0, 44, 16, 56, 28, 0, 86, 12, 68, 0)
s = 23: (0, 23, 41, 16, 8, 87, 11, 81, 0, 59, 120, 0, 56, 0, 114, 27, 0, 66, 20, 9, 23, 57, 0, 46, 8, 55, 31, 0, 44, 14, 66, 0)
s = 24: (0, 42, 43, 38, 11, 106, 10, 80, 0, 52, 62, 0, 51, 0, 101, 28, 0, 55, 22, 9, 20, 53, 0, 31, 20, 49, 40, 0, 100, 8, 65, 0)
s = 25: (0, 26, 60, 21, 10, 97, 14, 73, 0, 42, 109, 0, 48, 0, 157, 34, 0, 108, 28, 8, 12, 41, 0, 46, 9, 98, 26, 0, 57, 11, 92, 0)
s = 26: (0, 19, 50, 30, 10, 132, 13, 86, 0, 30, 77, 0, 45, 0, 113, 29, 0, 97, 18, 8, 18, 93, 0, 56, 11, 64, 38, 0, 43, 9, 52, 0)
s = 27: (0, 34, 23, 26, 12, 77, 19, 95, 0, 37, 121, 0, 64, 0, 46, 26, 0, 54, 26, 7, 20, 50, 0, 26, 16, 57, 25, 0, 62, 14, 59, 0)
s = 28: (0, 36, 27, 21, 10, 181, 18, 55, 0, 54, 99, 0, 44, 0, 50, 23, 0, 88, 26, 12, 30, 59, 0, 42, 9, 76, 43, 0, 66, 10, 109, 0)
s = 29: (0, 36, 33, 29, 8, 86, 20, 50, 0, 72, 116, 0, 32, 0, 122, 17, 0, 84, 26, 8, 14, 53, 0, 28, 9, 62, 22, 0, 75, 11, 84, 0)
s = 30: (0, 27, 20, 28, 13, 124, 10, 42, 0, 46, 65, 0, 52, 0, 117, 28, 0, 62, 23, 9, 23, 50, 0, 35, 11, 66, 25, 0, 59, 11, 71, 0)
s = 31: (0, 23, 38, 19, 10, 98, 7, 42, 0, 52, 123, 0, 55, 0, 90, 22, 0, 68, 25, 13, 17, 49, 0, 37, 13, 44, 25, 0, 79, 10, 70, 0)
s = 32: (0, 47, 25, 22, 7, 113, 16, 53, 0, 38, 68, 0, 54, 0, 86, 17, 0, 40, 25, 11, 17, 30, 0, 49, 14, 43, 23, 0, 49, 8, 122, 0)
s = 33: (0, 21, 26, 24, 15, 58, 15, 52, 0, 61, 62, 0, 75, 0, 102, 21, 0, 103, 18, 6, 16, 71, 0, 55, 13, 48, 33, 0, 68, 8, 100, 0)
s = 34: (0, 52, 37, 26, 10, 100, 10, 42, 0, 49, 80, 0, 70, 0, 104, 15, 0, 45, 23, 7, 19, 44, 0, 53, 12, 38, 27, 0, 85, 12, 41, 0)
s = 35: (0, 42, 32, 24, 8, 122, 14, 82, 0, 36, 108, 0, 48, 0, 118, 13, 0, 76, 14, 6, 27, 41, 0, 43, 17, 42, 29, 0, 104, 11, 91, 0)
s = 36: (0, 24, 46, 18, 15, 172, 10, 57, 0, 38, 75, 0, 57, 0, 62, 27, 0, 42, 15, 8, 12, 61, 0, 44, 11, 71, 26, 0, 51, 7, 65, 0)
s = 37: (0, 34, 37, 17, 8, 111, 14, 39, 0, 44, 91, 0, 39, 0, 50, 34, 0, 43, 38, 9, 24, 34, 0, 54, 12, 35, 21, 0, 47, 9, 49, 0)
s = 38: (0, 33, 27, 35, 9, 83, 12, 31, 0, 45, 136, 0, 105, 0, 77, 22, 0, 55, 22, 9, 13, 60, 0, 29, 12, 59, 43, 0, 48, 10, 48, 0)
s = 39: (0, 46, 24, 21, 18, 105, 16, 42, 0, 38, 54, 0, 53, 0, 75, 28, 0, 74, 28, 7, 16, 48, 0, 28, 10, 49, 44, 0, 72, 10, 55, 0)
s = 40: (0, 26, 47, 24, 9, 135, 12, 35, 0, 33, 71, 0, 53, 0, 121, 38, 0, 61, 27, 8, 13, 41, 0, 29, 22, 36, 30, 0, 89, 14, 91, 0)
s = 41: (0, 22, 33, 19, 11, 124, 10, 56, 0, 46, 93, 0, 50, 0, 108, 20, 0, 51, 28, 6, 15, 72, 0, 34, 17, 68, 22, 0, 56, 10, 81, 0)
s = 42: (0, 35, 38, 28, 12, 136, 19, 38, 0, 37, 76, 0, 47, 0, 67, 15, 0, 76, 29, 10, 20, 78, 0, 26, 8, 72, 19, 0, 84, 8, 77, 0)
s = 43: (0, 37, 31, 16, 12, 119, 15, 54, 0, 30, 87, 0, 32, 0, 97, 21, 0, 50, 16, 8, 18, 44, 0, 47, 11, 48, 54, 0, 59, 18, 74, 0)
s = 44: (0, 25, 23, 23, 9, 104, 12, 69, 0, 52, 79, 0, 88, 0, 108, 37, 0, 78, 17, 12, 17, 62, 0, 45, 18, 52, 26, 0, 96, 7, 82, 0)
s = 45: (0, 32, 27, 36, 13, 158, 24, 66, 0, 49, 78, 0, 85, 0, 74, 28, 0, 61, 24, 10, 11, 33, 0, 40, 16, 36, 34, 0, 85, 13, 61, 0)
s = 46: (0, 33, 38, 26, 6, 71, 15, 66, 0, 55, 159, 0, 53, 0, 87, 24, 0, 66, 23, 9, 23, 47, 0, 39, 19, 47, 30, 0, 72, 9, 74, 0)
s = 47: (0, 21, 36, 22, 10, 111, 12, 54, 0, 37, 60, 0, 47, 0, 73, 28, 0, 75, 19, 6, 20, 64, 0, 33, 20, 37, 32, 0, 57, 8, 46, 0)
s = 48: (0, 34, 51, 24, 9, 95, 10, 44, 0, 32, 98, 0, 43, 0, 121, 24, 0, 94, 12, 10, 13, 42, 0, 35, 12, 90, 24, 0, 55, 8, 61, 0)
s = 49: (0, 37, 30, 21, 6, 112, 10, 77, 0, 43, 111, 0, 69, 0, 112, 20, 0, 58, 19, 9, 13, 47, 0, 41, 12, 45, 24, 0, 80, 7, 113, 0)
s = 50: (0, 34, 34, 26, 8, 77, 9, 74, 0, 37, 86, 0, 30, 0, 74, 23, 0, 40, 11, 6, 16, 84, 0, 40, 12, 61, 24, 0, 59, 10, 79, 0)
s = 51: (0, 20, 25, 20, 11, 135, 11, 88, 0, 64, 147, 0, 45, 0, 74, 31, 0, 52, 31, 8, 20, 52, 0, 50, 9, 57, 30, 0, 64, 11, 48, 0)
s = 52: (0, 35, 22, 18, 5, 88, 11, 84, 0, 53, 49, 0, 40, 0, 83, 32, 0, 63, 17, 8, 13, 40, 0, 38, 16, 70, 26, 0, 81, 8, 83, 0)
s = 53: (0, 28, 44, 18, 7, 96, 13, 52, 0, 33, 67, 0, 50, 0, 75, 16, 0, 81, 17, 7, 17, 46, 0, 34, 18, 47, 24, 0, 54, 8, 71, 0)
s = 54: (0, 44, 48, 26, 9, 84, 13, 45, 0, 46, 104, 0, 60, 0, 58, 32, 0, 53, 16, 7, 26, 44, 0, 48, 19, 74, 37, 0, 105, 14, 46, 0)
s = 55: (0, 34, 38, 26, 10, 114, 10, 91, 0, 77, 87, 0, 76, 0, 110, 15, 0, 51, 24, 9, 13, 46, 0, 36, 21, 51, 25, 0, 48, 11, 45, 0)
s = 56: (0, 26, 26, 15, 11, 163, 22, 57, 0, 59, 143, 0, 80, 0, 64, 22, 0, 69, 35, 5, 14, 49, 0, 66, 20, 69, 21, 0, 57, 11, 106, 0)
s = 57: (0, 24, 28, 19, 8, 88, 11, 32, 0, 30, 72, 0, 35, 0, 54, 28, 0, 57, 14, 8, 13, 58, 0, 39, 12, 34, 34, 0, 72, 8, 87, 0)
s = 58: (0, 29, 54, 17, 14, 128, 12, 35, 0, 42, 71, 0, 73, 0, 77, 18, 0, 61, 20, 8, 18, 68, 0, 48, 9, 53, 31, 0, 74, 11, 69, 0)
s = 59: (0, 21, 26, 15, 7, 101, 9, 54, 0, 26, 94, 0, 41, 0, 78, 15, 0, 77, 21, 7, 28, 30, 0, 56, 12, 64, 27, 0, 107, 10, 62, 0)
s = 60: (0, 40, 32, 33, 9, 119, 15, 36, 0, 70, 86, 0, 82, 0, 139, 12, 0, 43, 17, 9, 18, 94, 0, 32, 21, 58, 33, 0, 63, 15, 93, 0)
s = 61: (0, 46, 27, 38, 12, 133, 16, 48, 0, 52, 71, 0, 35, 0, 73, 26, 0, 63, 13, 5, 16, 53, 0, 44, 10, 54, 33, 0, 97, 7, 97, 0)
s = 62: (0, 46, 54, 21, 13, 100, 19, 65, 0, 72, 81, 0, 37, 0, 94, 25, 0, 90, 16, 7, 18, 34, 0, 46, 9, 61, 25, 0, 87, 14, 43, 0)
s = 63: (0, 43, 32, 16, 18, 75, 8, 56, 0, 42, 92, 0, 48, 0, 63, 28, 0, 44, 22, 9, 23, 35, 0, 50, 11, 31, 33, 0, 91, 15, 82, 0)
s = 64: (0, 38, 34, 18, 9, 90, 18, 75, 0, 41, 77, 0, 46, 0, 60, 32, 0, 114, 21, 6, 13, 45, 0, 31, 15, 49, 36, 0, 96, 15, 97, 0)
s = 65: (0, 30, 27, 25, 14, 84, 18, 50, 0, 57, 137, 0, 37, 0, 68, 18, 0, 63, 11, 9, 27, 60, 0, 48, 21, 37, 28, 0, 91, 10, 90, 0)
s = 66: (0, 45, 53, 23, 10, 82, 8, 40, 0, 48, 115, 0, 54, 0, 90, 27, 0, 46, 23, 5, 22, 46, 0, 32, 9, 43, 21, 0, 60, 12, 65, 0)
s = 67: (0, 34, 32, 29, 13, 96, 17, 50, 0, 38, 122, 0, 41, 0, 79, 28, 0, 81, 15, 13, 20, 55, 0, 32, 12, 65, 28, 0, 58, 6, 53, 0)
s = 68: (0, 38, 57, 25, 7, 163, 9, 63, 0, 67, 62, 0, 48, 0, 79, 15, 0, 73, 25, 12, 21, 47, 0, 43, 16, 73, 30, 0, 51, 6, 76, 0)
s = 69: (0, 20, 21, 30, 8, 77, 13, 40, 0, 49, 48, 0, 67, 0, 110, 22, 0, 86, 16, 9, 26, 65, 0, 47, 12, 64, 20, 0, 102, 12, 55, 0)
s = 70: (0, 41, 37, 24, 9, 101, 15, 71, 0, 34, 89, 0, 59, 0, 96, 25, 0, 93, 14, 9, 26, 37, 0, 47, 13, 54, 36, 0, 81, 6, 105, 0)
s = 71: (0, 22, 44, 19, 8, 136, 8, 89, 0, 46, 63, 0, 62, 0, 105, 26, 0, 103, 18, 11, 16, 39, 0, 48, 14, 67, 32, 0, 95, 8, 74, 0)
s = 72: (0, 27, 39, 20, 7, 112, 19, 54, 0, 48, 135, 0, 56, 0, 93, 15, 0, 62, 22, 5, 18, 43, 0, 58, 9, 44, 35, 0, 90, 12, 75, 0)
s = 73: (0, 45, 38, 37, 10, 105, 13, 57, 0, 55, 86, 0, 56, 0, 77, 20, 0, 73, 23, 7, 30, 56, 0, 25, 21, 57, 27, 0, 70, 13, 59, 0)
s = 74: (0, 30, 19, 23, 9, 67, 12, 39, 0, 33, 131, 0, 76, 0, 94, 18, 0, 99, 23, 6, 23, 39, 0, 50, 15, 36, 26, 0, 45, 11, 41, 0)
s = 75: (0, 40, 35, 31, 12, 106, 11, 48, 0, 40, 55, 0, 51, 0, 72, 18, 0, 60, 31, 9, 20, 43, 0, 42, 16, 45, 25, 0, 88, 11, 42, 0)
s = 76: (0, 37, 31, 24, 11, 109, 13, 38, 0, 54, 86, 0, 76, 0, 87, 22, 0, 83, 24, 13, 27, 49, 0, 42, 13, 42, 31, 0, 96, 10, 79, 0)
s = 77: (0, 21, 30, 27, 9, 88, 17, 80, 0, 65, 147, 0, 80, 0, 129, 25, 0, 63, 21, 7, 18, 55, 0, 34, 19, 60, 19, 0, 56, 9, 82, 0)
s = 78: (0, 25, 25, 35, 12, 120, 9, 53, 0, 64, 104, 0, 48, 0, 59, 21, 0, 66, 17, 7, 17, 73, 0, 30, 10, 39, 28, 0, 49, 11, 52, 0)
s = 79: (0, 43, 42, 35, 10, 101, 12, 55, 0, 79, 69, 0, 36, 0, 111, 23, 0, 89, 23, 11, 25, 51, 0, 66, 21, 93, 36, 0, 64, 13, 114, 0)
s = 80: (0, 23, 27, 27, 6, 121, 7, 57, 0, 68, 104, 0, 67, 0, 96, 13, 0, 50, 24, 8, 15, 46, 0, 29, 16, 52, 30, 0, 85, 10, 41, 0)
s = 81: (0, 37, 25, 32, 11, 126, 8, 36, 0, 80, 53, 0, 80, 0, 56, 17, 0, 97, 22, 8, 14, 32, 0, 40, 10, 62, 31, 0, 59, 8, 77, 0)
s = 82: (0, 34, 23, 30, 6, 82, 17, 58, 0, 59, 109, 0, 39, 0, 46, 33, 0, 84, 14, 9, 28, 49, 0, 39, 8, 62, 20, 0, 71, 12, 48, 0)
s = 83: (0, 41, 31, 42, 10, 110, 12, 84, 0, 62, 100, 0, 45, 0, 93, 12, 0, 98, 16, 8, 18, 51, 0, 58, 15, 32, 20, 0, 81, 10, 67, 0)
s = 84: (0, 33, 37, 27, 7, 112, 15, 43, 0, 26, 73, 0, 78, 0, 64, 24, 0, 54, 13, 12, 16, 41, 0, 69, 14, 73, 45, 0, 113, 13, 67, 0)
s = 85: (0, 30, 39, 18, 6, 69, 12, 87, 0, 53, 104, 0, 40, 0, 107, 19, 0, 38, 15, 6, 12, 85, 0, 40, 16, 43, 37, 0, 71, 12, 74, 0)
s = 86: (0, 43, 21, 26, 12, 74, 10, 62, 0, 65, 77, 0, 51, 0, 102, 24, 0, 80, 21, 10, 29, 36, 0, 53, 12, 65, 39, 0, 65, 12, 60, 0)
s = 87: (0, 20, 31, 36, 12, 56, 16, 79, 0, 41, 103, 0, 55, 0, 48, 17, 0, 74, 17, 10, 12, 58, 0, 44, 17, 60, 34, 0, 65, 13, 88, 0)
s = 88: (0, 20, 27, 19, 9, 142, 17, 30, 0, 57, 62, 0, 66, 0, 92, 18, 0, 90, 20, 9, 18, 34, 0, 40, 16, 41, 40, 0, 73, 10, 88, 0)
s = 89: (0, 30, 29, 20, 12, 143, 9, 50, 0, 38, 87, 0, 62, 0, 97, 27, 0, 65, 25, 10, 13, 33, 0, 48, 15, 57, 35, 0, 89, 8, 73, 0)
s = 90: (0, 28, 35, 22, 8, 67, 9, 48, 0, 40, 80, 0, 73, 0, 92, 22, 0, 50, 28, 12, 21, 36, 0, 68, 14, 56, 16, 0, 48, 14, 86, 0)
s = 91: (0, 43, 37, 38, 6, 84, 9, 64, 0, 51, 70, 0, 78, 0, 77, 28, 0, 37, 19, 8, 13, 52, 0, 53, 9, 41, 21, 0, 100, 16, 59, 0)
s = 92: (0, 34, 42, 29, 11, 71, 10, 38, 0, 62, 95, 0, 43, 0, 60, 25, 0, 52, 18, 10, 21, 45, 0, 57, 17, 38, 51, 0, 94, 10, 94, 0)
s = 93: (0, 41, 40, 23, 10, 55, 8, 54, 0, 59, 103, 0, 36, 0, 90, 17, 0, 66, 32, 10, 15, 46, 0, 56, 16, 57, 28, 0, 111, 12, 75, 0)
s = 94: (0, 32, 37, 32, 7, 149, 11, 39, 0, 44, 125, 0, 104, 0, 57, 16, 0, 76, 14, 6, 19, 29, 0, 33, 18, 61, 20, 0, 46, 14, 72, 0)
s = 95: (0, 29, 25, 31, 11, 85, 13, 64, 0, 88, 81, 0, 35, 0, 62, 19, 0, 80, 15, 8, 14, 42, 0, 54, 16, 47, 21, 0, 67, 11, 43, 0)
s = 96: (0, 29, 46, 32, 7, 67, 12, 29, 0, 41, 118, 0, 67, 0, 63, 14, 0, 68, 13, 7, 22, 41, 0, 65, 17, 43, 25, 0, 80, 11, 100, 0)
s = 97: (0, 23, 32, 23, 12, 104, 11, 44, 0, 30, 83, 0, 42, 0, 117, 16, 0, 76, 25, 10, 25, 50, 0, 32, 12, 41, 24, 0, 74, 11, 55, 0)
s = 98: (0, 26, 25, 18, 12, 60, 11, 82, 0, 36, 130, 0, 63, 0, 110, 14, 0, 71, 17, 6, 12, 28, 0, 28, 14, 43, 37, 0, 82, 14, 100, 0)
s = 99: (0, 29, 40, 37, 11, 75, 9, 48, 0, 41, 59, 0, 80, 0, 108, 22, 0, 79, 20, 10, 14, 62, 0, 51, 12, 51, 28, 0, 81, 11, 58, 0)
s = 100: (0, 39, 31, 19, 8, 114, 11, 76, 0, 40, 109, 0, 72, 0, 85, 13, 0, 71, 29, 10, 16, 64, 0, 39, 15, 66, 31, 0, 74, 7, 64, 0)
s = 101: (0, 26, 36, 26, 9, 108, 9, 66, 0, 37, 92, 0, 41, 0, 93, 14, 0, 74, 21, 8, 19, 52, 0, 34, 16, 50, 22, 0, 69, 10, 50, 0)
s = 102: (0, 30, 39, 19, 8, 116, 18, 34, 0, 43, 50, 0, 75, 0, 109, 14, 0, 52, 30, 14, 16, 46, 0, 34, 18, 58, 22, 0, 87, 8, 70, 0)
s = 103: (0, 21, 50, 22, 10, 106, 13, 91, 0, 56, 61, 0, 87, 0, 142, 26, 0, 80, 24, 7, 15, 70, 0, 39, 14, 77, 31, 0, 80, 8, 59, 0)
s = 104: (0, 24, 27, 17, 8, 80, 10, 71, 0, 38, 99, 0, 76, 0, 78, 25, 0, 66, 22, 9, 19, 39, 0, 53, 14, 68, 39, 0, 105, 13, 114, 0)
s = 105: (0, 34, 32, 15, 11, 103, 10, 56, 0, 32, 61, 0, 40, 0, 81, 20, 0, 72, 20, 7, 19, 50, 0, 33, 11, 49, 35, 0, 53, 9, 95, 0)
s = 106: (0, 36, 31, 26, 12, 101, 11, 83, 0, 37, 112, 0, 52, 0, 62, 21, 0, 100, 23, 6, 25, 74, 0, 59, 14, 54, 23, 0, 51, 11, 53, 0)
s = 107: (0, 39, 36, 39, 8, 79, 18, 55, 0, 39, 94, 0, 54, 0, 51, 38, 0, 54, 21, 11, 23, 48, 0, 34, 19, 70, 24, 0, 87, 11, 112, 0)
s = 108: (0, 39, 34, 21, 8, 74, 10, 74, 0, 48, 85, 0, 47, 0, 92, 16, 0, 64, 16, 9, 20, 35, 0, 39, 14, 59, 49, 0, 70, 11, 81, 0)
s = 109: (0, 23, 49, 20, 9, 111, 11, 41, 0, 43, 59, 0, 33, 0, 87, 17, 0, 92, 39, 7, 13, 60, 0, 29, 17, 61, 32, 0, 74, 9, 54, 0)
s = 110: (0, 52, 56, 19, 10, 116, 8, 86, 0, 37, 80, 0, 53, 0, 100, 30, 0, 94, 19, 12, 23, 39, 0, 25, 16, 78, 28, 0, 42, 12, 73, 0)
s = 111: (0, 32, 42, 26, 10, 83, 7, 61, 0, 35, 101, 0, 56, 0, 68, 26, 0, 54, 30, 12, 15, 70, 0, 32, 13, 89, 34, 0, 104, 13, 39, 0)
s = 112: (0, 27, 29, 32, 8, 109, 14, 39, 0, 67, 136, 0, 42, 0, 64, 21, 0, 48, 18, 9, 13, 68, 0, 44, 11, 43, 20, 0, 65, 9, 44, 0)
s = 113: (0, 30, 54, 18, 7, 103, 12, 70, 0, 66, 91, 0, 48, 0, 48, 27, 0, 81, 23, 11, 21, 54, 0, 28, 19, 73, 35, 0, 68, 11, 74, 0)
s = 114: (0, 21, 25, 44, 8, 96, 9, 66, 0, 59, 97, 0, 46, 0, 50, 17, 0, 52, 23, 7, 17, 45, 0, 40, 26, 61, 28, 0, 68, 13, 58, 0)
s = 115: (0, 27, 29, 18, 7, 92, 16, 56, 0, 53, 91, 0, 69, 0, 116, 24, 0, 59, 13, 5, 21, 73, 0, 61, 13, 82, 28, 0, 41, 8, 70, 0)
s = 116: (0, 26, 43, 18, 8, 96, 17, 60, 0, 57, 83, 0, 34, 0, 84, 26, 0, 80, 20, 5, 21, 53, 0, 34, 9, 67, 27, 0, 92, 14, 40, 0)
s = 117: (0, 25, 35, 26, 8, 191, 18, 57, 0, 52, 118, 0, 67, 0, 98, 18, 0, 69, 17, 7, 22, 67, 0, 34, 15, 67, 27, 0, 102, 9, 116, 0)
s = 118: (0, 25, 39, 26, 10, 119, 15, 55, 0, 29, 135, 0, 70, 0, 104, 22, 0, 93, 23, 7, 10, 44, 0, 53, 15, 77, 29, 0, 84, 19, 48, 0)
s = 119: (0, 38, 40, 19, 14, 89, 10, 58, 0, 43, 90, 0, 48, 0, 73, 19, 0, 95, 14, 8, 28, 35, 0, 42, 15, 57, 38, 0, 47, 8, 70, 0)
s = 120: (0, 17, 35, 26, 7, 136, 12, 47, 0, 37, 54, 0, 37, 0, 82, 13, 0, 66, 19, 5, 14, 71, 0, 41, 17, 47, 24, 0, 48, 12, 43, 0)
s = 121: (0, 18, 29, 14, 12, 76, 9, 64, 0, 37, 112, 0, 56, 0, 65, 17, 0, 139, 16, 6, 12, 50, 0, 40, 12, 48, 30, 0, 114, 17, 46, 0)
s = 122: (0, 23, 41, 20, 9, 101, 13, 83, 0, 55, 86, 0, 41, 0, 83, 20, 0, 103, 22, 9, 15, 85, 0, 37, 11, 39, 43, 0, 110, 15, 75, 0)
s = 123: (0, 24, 33, 27, 7, 106, 11, 84, 0, 33, 99, 0, 34, 0, 146, 27, 0, 88, 20, 5, 18, 29, 0, 40, 15, 59, 23, 0, 52, 10, 91, 0)
s = 124: (0, 24, 37, 31, 6, 101, 10, 80, 0, 70, 69, 0, 61, 0, 53, 21, 0, 74, 19, 6, 28, 45, 0, 30, 9, 52, 32, 0, 59, 10, 43, 0)
s = 125: (0, 19, 50, 17, 9, 70, 12, 49, 0, 44, 133, 0, 61, 0, 109, 25, 0, 60, 21, 7, 23, 101, 0, 31, 11, 39, 30, 0, 113, 12, 70, 0)
s = 126: (0, 23, 28, 19, 6, 94, 12, 70, 0, 63, 117, 0, 47, 0, 64, 22, 0, 98, 22, 5, 23, 41, 0, 57, 12, 84, 39, 0, 95, 11, 60, 0)
s = 127: (0, 25, 51, 16, 9, 96, 10, 56, 0, 46, 110, 0, 41, 0, 66, 21, 0, 46, 18, 5, 14, 36, 0, 49, 11, 50, 45, 0, 64, 13, 70, 0)
s = 128: (0, 18, 34, 27, 8, 109, 7, 45, 0, 54, 66, 0, 56, 0, 95, 17, 0, 75, 24, 6, 15, 37, 0, 53, 20, 70, 20, 0, 83, 6, 92, 0)
s = 129: (0, 36, 32, 20, 9, 184, 10, 50, 0, 56, 64, 0, 42, 0, 111, 31, 0, 38, 14, 7, 15, 51, 0, 25, 13, 53, 19, 0, 70, 8, 53, 0)
s = 130: (0, 30, 44, 24, 9, 73, 10, 58, 0, 54, 63, 0, 44, 0, 82, 19, 0, 86, 18, 11, 10, 49, 0, 51, 20, 36, 37, 0, 96, 16, 74, 0)
s = 131: (0, 31, 35, 20, 16, 98, 15, 49, 0, 56, 76, 0, 38, 0, 65, 18, 0, 80, 26, 6, 30, 28, 0, 47, 15, 89, 33, 0, 78, 15, 75, 0)
s = 132: (0, 24, 29, 30, 6, 83, 12, 37, 0, 27, 63, 0, 47, 0, 73, 16, 0, 95, 20, 12, 19, 60, 0, 47, 13, 41, 21, 0, 65, 9, 69, 0)
s = 133: (0, 26, 55, 20, 7, 73, 13, 98, 0, 42, 81, 0, 33, 0, 140, 22, 0, 69, 23, 6, 24, 49, 0, 47, 9, 100, 26, 0, 58, 7, 66, 0)
s = 134: (0, 36, 35, 32, 11, 118, 11, 64, 0, 60, 106, 0, 35, 0, 107, 29, 0, 57, 13, 6, 15, 40, 0, 42, 13, 59, 29, 0, 65, 8, 57, 0)
s = 135: (0, 23, 40, 36, 7, 149, 9, 38, 0, 54, 85, 0, 51, 0, 94, 13, 0, 79, 21, 7, 17, 41, 0, 43, 21, 42, 34, 0, 59, 11, 86, 0)
s = 136: (0, 26, 22, 24, 11, 126, 14, 76, 0, 38, 120, 0, 53, 0, 71, 15, 0, 54, 22, 6, 19, 38, 0, 49, 12, 38, 30, 0, 82, 8, 97, 0)
s = 137: (0, 16, 29, 14, 9, 105, 12, 57, 0, 69, 71, 0, 75, 0, 51, 15, 0, 75, 38, 5, 12, 49, 0, 33, 15, 48, 31, 0, 83, 9, 47, 0)
s = 138: (0, 36, 41, 33, 9, 95, 9, 72, 0, 59, 85, 0, 82, 0, 111, 30, 0, 54, 27, 6, 18, 49, 0, 37, 9, 53, 32, 0, 74, 9, 106, 0)
s = 139: (0, 21, 29, 20, 14, 92, 16, 38, 0, 40, 73, 0, 72, 0, 94, 19, 0, 77, 14, 14, 21, 56, 0, 48, 10, 49, 45, 0, 61, 6, 116, 0)
s = 140: (0, 17, 29, 26, 10, 115, 9, 55, 0, 60, 126, 0, 66, 0, 134, 22, 0, 61, 21, 6, 11, 42, 0, 40, 16, 35, 34, 0, 43, 10, 46, 0)
s = 141: (0, 28, 51, 19, 9, 92, 12, 69, 0, 30, 61, 0, 59, 0, 91, 18, 0, 65, 15, 12, 14, 48, 0, 25, 15, 36, 24, 0, 51, 14, 59, 0)
s = 142: (0, 36, 32, 23, 6, 104, 13, 50, 0, 57, 73, 0, 61, 0, 102, 23, 0, 87, 15, 7, 19, 59, 0, 40, 12, 63, 40, 0, 79, 11, 96, 0)
s = 143: (0, 52, 39, 20, 11, 176, 8, 46, 0, 71, 84, 0, 45, 0, 73, 18, 0, 64, 26, 10, 21, 56, 0, 62, 10, 65, 28, 0, 49, 13, 61, 0)
s = 144: (0, 44, 43, 30, 8, 74, 9, 78, 0, 35, 77, 0, 86, 0, 125, 15, 0, 61, 18, 12, 15, 51, 0, 58, 8, 63, 53, 0, 72, 20, 88, 0)
s = 145: (0, 24, 36, 20, 10, 140, 11, 47, 0, 31, 69, 0, 54, 0, 111, 23, 0, 72, 17, 5, 13, 48, 0, 45, 10, 75, 36, 0, 89, 9, 66, 0)
s = 146: (0, 30, 24, 44, 12, 108, 20, 38, 0, 40, 65, 0, 50, 0, 74, 21, 0, 82, 35, 6, 29, 46, 0, 59, 12, 73, 27, 0, 74, 13, 87, 0)
s = 147: (0, 25, 30, 20, 6, 131, 11, 56, 0, 60, 121, 0, 50, 0, 80, 23, 0, 71, 22, 5, 25, 55, 0, 33, 10, 72, 35, 0, 64, 18, 79, 0)
s = 148: (0, 33, 26, 14, 13, 104, 11, 65, 0, 50, 73, 0, 41, 0, 60, 18, 0, 64, 28, 6, 14, 53, 0, 32, 16, 42, 18, 0, 124, 9, 64, 0)
s = 149: (0, 25, 22, 29, 13, 109, 11, 71, 0, 48, 77, 0, 44, 0, 113, 15, 0, 83, 13, 7, 19, 44, 0, 48, 11, 46, 41, 0, 55, 12, 53, 0)
s = 150: (0, 39, 30, 20, 7, 103, 9, 56, 0, 28, 67, 0, 58, 0, 97, 20, 0, 79, 22, 6, 14, 32, 0, 33, 19, 58, 30, 0, 92, 16, 63, 0)
s = 151: (0, 24, 30, 14, 9, 71, 15, 59, 0, 38, 107, 0, 51, 0, 66, 18, 0, 53, 26, 8, 19, 40, 0, 48, 20, 58, 30, 0, 50, 11, 59, 0)
s = 152: (0, 34, 32, 24, 9, 153, 14, 74, 0, 56, 107, 0, 62, 0, 89, 24, 0, 71, 19, 9, 19, 31, 0, 51, 21, 43, 31, 0, 46, 10, 59, 0)
s = 153: (0, 18, 46, 18, 7, 66, 12, 44, 0, 55, 127, 0, 49, 0, 111, 19, 0, 93, 33, 6, 14, 35, 0, 23, 22, 67, 21, 0, 82, 7, 58, 0)
s = 154: (0, 32, 36, 32, 7, 82, 14, 50, 0, 43, 59, 0, 92, 0, 66, 29, 0, 54, 19, 10, 15, 37, 0, 33, 23, 60, 29, 0, 72, 11, 40, 0)
s = 155: (0, 32, 20, 18, 5, 195, 10, 49, 0, 30, 74, 0, 47, 0, 78, 18, 0, 74, 18, 11, 15, 56, 0, 50, 13, 55, 29, 0, 74, 11, 64, 0)
s = 156: (0, 37, 22, 16, 12, 143, 13, 82, 0, 45, 61, 0, 36, 0, 90, 20, 0, 106, 12, 7, 17, 59, 0, 38, 9, 67, 27, 0, 66, 6, 78, 0)
s = 157: (0, 31, 31, 16, 11, 56, 16, 72, 0, 68, 119, 0, 65, 0, 76, 34, 0, 69, 18, 8, 27, 35, 0, 43, 13, 94, 27, 0, 64, 6, 48, 0)
s = 158: (0, 35, 25, 28, 8, 149, 18, 49, 0, 46, 70, 0, 38, 0, 97, 19, 0, 54, 21, 9, 14, 32, 0, 26, 17, 45, 50, 0, 62, 11, 92, 0)
s = 159: (0, 29, 36, 15, 7, 110, 14, 48, 0, 54, 52, 0, 53, 0, 62, 17, 0, 51, 16, 7, 26, 58, 0, 53, 11, 54, 21, 0, 88, 15, 77, 0)
s = 160: (0, 46, 58, 19, 9, 67, 13, 33, 0, 47, 112, 0, 82, 0, 107, 31, 0, 49, 32, 6, 14, 39, 0, 25, 13, 94, 21, 0, 88, 10, 49, 0)
s = 161: (0, 37, 30, 17, 7, 76, 11, 57, 0, 83, 88, 0, 46, 0, 96, 17, 0, 45, 14, 9, 26, 46, 0, 45, 11, 73, 32, 0, 43, 12, 52, 0)
s = 162: (0, 32, 46, 25, 11, 136, 18, 60, 0, 69, 87, 0, 70, 0, 54, 22, 0, 109, 15, 10, 17, 52, 0, 23, 14, 50, 32, 0, 103, 11, 75, 0)
s = 163: (0, 29, 22, 37, 7, 111, 9, 37, 0, 34, 52, 0, 43, 0, 83, 18, 0, 86, 26, 10, 21, 42, 0, 51, 10, 88, 38, 0, 79, 6, 74, 0)
s = 164: (0, 35, 35, 35, 11, 172, 14, 84, 0, 55, 105, 0, 56, 0, 126, 30, 0, 74, 13, 7, 14, 37, 0, 38, 12, 87, 41, 0, 97, 7, 54, 0)
s = 165: (0, 25, 40, 35, 6, 88, 9, 96, 0, 34, 91, 0, 54, 0, 49, 30, 0, 54, 14, 9, 30, 58, 0, 32, 12, 47, 35, 0, 65, 10, 39, 0)
s = 166: (0, 19, 28, 31, 8, 116, 9, 70, 0, 55, 58, 0, 62, 0, 85, 16, 0, 70, 27, 8, 25, 42, 0, 35, 10, 59, 45, 0, 49, 11, 54, 0)
s = 167: (0, 38, 45, 27, 9, 89, 12, 52, 0, 41, 107, 0, 48, 0, 119, 32, 0, 49, 14, 6, 18, 45, 0, 44, 17, 34, 36, 0, 65, 15, 66, 0)
s = 168: (0, 24, 28, 15, 13, 94, 10, 76, 0, 37, 75, 0, 62, 0, 123, 25, 0, 74, 21, 8, 13, 77, 0, 43, 10, 64, 21, 0, 84, 7, 58, 0)
s = 169: (0, 31, 35, 21, 11, 99, 12, 46, 0, 43, 61, 0, 85, 0, 105, 12, 0, 47, 20, 7, 15, 74, 0, 25, 19, 54, 28, 0, 64, 6, 60, 0)
s = 170: (0, 50, 36, 13, 9, 145, 12, 40, 0, 33, 115, 0, 79, 0, 55, 33, 0, 111, 14, 8, 24, 44, 0, 38, 10, 41, 25, 0, 59, 17, 121, 0)
s = 171: (0, 46, 25, 22, 5, 82, 10, 49, 0, 52, 78, 0, 70, 0, 83, 29, 0, 41, 15, 10, 10, 31, 0, 51, 14, 46, 21, 0, 81, 8, 77, 0)
s = 172: (0, 20, 26, 20, 12, 141, 11, 79, 0, 33, 107, 0, 73, 0, 65, 26, 0, 60, 22, 12, 19, 37, 0, 37, 14, 49, 25, 0, 69, 10, 61, 0)
s = 173: (0, 33, 43, 26, 6, 143, 12, 56, 0, 55, 95, 0, 80, 0, 134, 24, 0, 51, 16, 9, 22, 78, 0, 76, 19, 55, 28, 0, 42, 10, 67, 0)
s = 174: (0, 19, 19, 19, 10, 89, 13, 68, 0, 76, 105, 0, 59, 0, 86, 28, 0, 95, 16, 9, 17, 31, 0, 76, 18, 73, 23, 0, 60, 7, 54, 0)
s = 175: (0, 35, 38, 31, 8, 122, 18, 54, 0, 42, 77, 0, 40, 0, 65, 18, 0, 81, 18, 5, 14, 63, 0, 32, 13, 45, 24, 0, 74, 7, 61, 0)
s = 176: (0, 28, 30, 49, 12, 93, 10, 58, 0, 41, 98, 0, 43, 0, 73, 20, 0, 81, 26, 6, 35, 52, 0, 25, 12, 41, 34, 0, 45, 6, 74, 0)
s = 177: (0, 22, 43, 21, 8, 132, 12, 82, 0, 67, 87, 0, 70, 0, 83, 21, 0, 56, 11, 12, 15, 35, 0, 31, 14, 40, 47, 0, 121, 13, 57, 0)
s = 178: (0, 25, 48, 27, 9, 95, 11, 85, 0, 71, 70, 0, 83, 0, 104, 27, 0, 57, 20, 12, 13, 42, 0, 52, 11, 59, 34, 0, 50, 14, 93, 0)
s = 179: (0, 24, 35, 23, 9, 62, 16, 55, 0, 77, 106, 0, 43, 0, 135, 18, 0, 62, 21, 9, 29, 65, 0, 42, 15, 41, 35, 0, 58, 10, 109, 0)
s = 180: (0, 26, 57, 17, 13, 101, 12, 49, 0, 45, 141, 0, 55, 0, 85, 24, 0, 77, 13, 9, 25, 34, 0, 34, 12, 33, 33, 0, 50, 7, 75, 0)
s = 181: (0, 37, 26, 23, 12, 136, 16, 47, 0, 32, 81, 0, 53, 0, 76, 17, 0, 98, 23, 8, 22, 36, 0, 33, 19, 61, 24, 0, 102, 9, 57, 0)
s = 182: (0, 43, 34, 30, 17, 92, 15, 52, 0, 56, 112, 0, 56, 0, 102, 19, 0, 50, 31, 9, 15, 44, 0, 34, 16, 53, 20, 0, 66, 10, 64, 0)
s = 183: (0, 32, 29, 21, 9, 67, 10, 37, 0, 81, 106, 0, 46, 0, 61, 13, 0, 59, 14, 12, 17, 39, 0, 53, 14, 66, 33, 0, 69, 10, 116, 0)
s = 184: (0, 23, 22, 31, 8, 65, 12, 60, 0, 43, 84, 0, 34, 0, 90, 22, 0, 115, 12, 10, 23, 36, 0, 28, 16, 30, 29, 0, 43, 9, 64, 0)
s = 185: (0, 33, 44, 35, 8, 73, 9, 39, 0, 41, 98, 0, 75, 0, 93, 31, 0, 99, 20, 12, 16, 43, 0, 49, 13, 33, 27, 0, 85, 12, 60, 0)
s = 186: (0, 52, 39, 17, 6, 107, 13, 43, 0, 49, 70, 0, 52, 0, 82, 23, 0, 57, 29, 9, 23, 53, 0, 42, 9, 77, 29, 0, 97, 10, 100, 0)
s = 187: (0, 32, 28, 16, 9, 146, 16, 45, 0, 72, 100, 0, 80, 0, 112, 37, 0, 82, 17, 6, 13, 60, 0, 46, 13, 63, 20, 0, 97, 9, 110, 0)
s = 188: (0, 26, 39, 28, 12, 67, 8, 68, 0, 66, 135, 0, 34, 0, 103, 16, 0, 114, 22, 11, 11, 49, 0, 46, 16, 58, 29, 0, 41, 7, 60, 0)
s = 189: (0, 23, 54, 27, 12, 91, 11, 86, 0, 63, 118, 0, 69, 0, 111, 23, 0, 42, 16, 8, 17, 45, 0, 59, 15, 85, 27, 0, 61, 11, 113, 0)
s = 190: (0, 22, 36, 34, 8, 100, 9, 88, 0, 44, 81, 0, 61, 0, 53, 22, 0, 89, 22, 6, 25, 39, 0, 32, 16, 48, 38, 0, 44, 8, 66, 0)
s = 191: (0, 39, 29, 20, 10, 107, 8, 71, 0, 28, 83, 0, 58, 0, 62, 20, 0, 47, 23, 7, 11, 51, 0, 62, 14, 42, 38, 0, 69, 10, 96, 0)
s = 192: (0, 29, 40, 15, 7, 60, 15, 51, 0, 43, 88, 0, 63, 0, 108, 27, 0, 114, 15, 12, 20, 42, 0, 51, 8, 54, 29, 0, 65, 11, 67, 0)
s = 193: (0, 26, 32, 33, 12, 88, 23, 42, 0, 33, 69, 0, 53, 0, 103, 13, 0, 83, 19, 9, 20, 81, 0, 25, 12, 71, 34, 0, 53, 10, 58, 0)
s = 194: (0, 44, 19, 28, 7, 110, 9, 57, 0, 50, 90, 0, 35, 0, 91, 23, 0, 42, 22, 7, 14, 43, 0, 29, 11, 40, 32, 0, 78, 11, 84, 0)
s = 195: (0, 34, 21, 16, 12, 82, 8, 60, 0, 44, 105, 0, 52, 0, 140, 18, 0, 79, 20, 10, 21, 70, 0, 51, 16, 89, 46, 0, 53, 8, 61, 0)
s = 196: (0, 21, 30, 23, 6, 65, 17, 75, 0, 62, 77, 0, 58, 0, 68, 19, 0, 64, 15, 11, 23, 57, 0, 51, 15, 64, 18, 0, 53, 11, 66, 0)
s = 197: (0, 30, 21, 32, 13, 61, 13, 73, 0, 57, 93, 0, 67, 0, 55, 17, 0, 82, 16, 7, 13, 59, 0, 33, 19, 76, 33, 0, 110, 7, 66, 0)
s = 198: (0, 40, 22, 35, 12, 80, 11, 62, 0, 25, 95, 0, 37, 0, 86, 25, 0, 56, 18, 12, 20, 36, 0, 43, 12, 80, 22, 0, 60, 14, 57, 0)
s = 199: (0, 34, 37, 19, 12, 102, 8, 45, 0, 33, 75, 0, 32, 0, 98, 23, 0, 88, 25, 11, 19, 41, 0, 63, 9, 55, 26, 0, 114, 6, 64, 0)
s = 200: (0, 17, 41, 25, 8, 92, 15, 36, 0, 35, 82, 0, 49, 0, 77, 17, 0, 69, 20, 7, 20, 58, 0, 28, 14, 62, 32, 0, 51, 9, 105, 0)
------------------------------------------------------------------------
RESOURCE k = 2
s = 1: (0, 0, 93, 0, 11, 0, 11, 73, 48, 12, 0, 69, 14, 27, 36, 7, 73, 34, 11, 41, 15, 34, 62, 18, 5, 50, 54, 28, 39, 17, 0, 0)
s = 2: (0, 0, 75, 0, 22, 0, 12, 53, 73, 15, 0, 91, 19, 43, 49, 5, 62, 40, 14, 19, 12, 35, 85, 18, 5, 23, 134, 87, 36, 14, 0, 0)
s = 3: (0, 0, 80, 0, 20, 0, 12, 83, 84, 14, 0, 89, 13, 33, 44, 3, 44, 32, 10, 48, 9, 33, 81, 14, 6, 17, 73, 43, 27, 20, 0, 0)
s = 4: (0, 0, 85, 0, 16, 0, 19, 139, 45, 9, 0, 94, 13, 49, 27, 6, 62, 69, 10, 29, 19, 27, 77, 14, 8, 23, 132, 36, 47, 9, 0, 0)
s = 5: (0, 0, 116, 0, 11, 0, 13, 88, 96, 14, 0, 84, 21, 22, 45, 3, 50, 58, 6, 33, 13, 24, 84, 28, 11, 40, 92, 47, 25, 19, 0, 0)
s = 6: (0, 0, 106, 0, 10, 0, 12, 120, 40, 11, 0, 75, 16, 35, 35, 4, 69, 49, 13, 28, 22, 41, 48, 15, 4, 47, 97, 48, 50, 11, 0, 0)
s = 7: (0, 0, 92, 0, 16, 0, 15, 62, 59, 15, 0, 46, 13, 33, 34, 4, 62, 26, 9, 29, 11, 23, 77, 20, 5, 30, 139, 74, 36, 12, 0, 0)
s = 8: (0, 0, 154, 0, 27, 0, 15, 74, 76, 14, 0, 57, 18, 24, 38, 3, 72, 52, 9, 26, 12, 51, 64, 18, 5, 34, 89, 52, 46, 10, 0, 0)
s = 9: (0, 0, 75, 0, 10, 0, 13, 54, 55, 10, 0, 45, 21, 26, 39, 4, 81, 67, 12, 23, 15, 29, 93, 16, 8, 26, 67, 36, 39, 8, 0, 0)
s = 10: (0, 0, 121, 0, 17, 0, 10, 68, 75, 13, 0, 77, 14, 27, 26, 4, 108, 39, 13, 40, 9, 30, 54, 19, 6, 44, 67, 75, 51, 13, 0, 0)
s = 11: (0, 0, 75, 0, 14, 0, 17, 87, 97, 19, 0, 41, 23, 32, 30, 6, 80, 51, 10, 41, 20, 23, 73, 29, 5, 30, 99, 59, 29, 14, 0, 0)
s = 12: (0, 0, 91, 0, 20, 0, 15, 113, 87, 7, 0, 100, 12, 20, 27, 5, 61, 43, 13, 23, 17, 30, 68, 15, 6, 27, 54, 42, 36, 8, 0, 0)
s = 13: (0, 0, 65, 0, 17, 0, 9, 58, 78, 8, 0, 67, 9, 27, 22, 4, 48, 31, 6, 24, 24, 17, 51, 11, 9, 25, 64, 38, 51, 9, 0, 0)
s = 14: (0, 0, 65, 0, 20, 0, 11, 107, 59, 7, 0, 48, 12, 34, 27, 4, 116, 25, 10, 25, 13, 36, 81, 18, 4, 37, 121, 69, 53, 15, 0, 0)
s = 15: (0, 0, 129, 0, 11, 0, 9, 96, 56, 9, 0, 83, 12, 34, 22, 6, 113, 60, 14, 31, 12, 28, 74, 15, 5, 38, 91, 85, 45, 10, 0, 0)
s = 16: (0, 0, 128, 0, 10, 0, 9, 82, 70, 9, 0, 79, 14, 33, 36, 4, 99, 28, 8, 20, 19, 22, 44, 21, 4, 33, 90, 51, 43, 8, 0, 0)
s = 17: (0, 0, 83, 0, 18, 0, 10, 119, 61, 19, 0, 74, 20, 20, 32, 5, 64, 39, 11, 43, 12, 23, 51, 27, 6, 42, 87, 39, 43, 12, 0, 0)
s = 18: (0, 0, 77, 0, 21, 0, 11, 52, 48, 10, 0, 43, 22, 32, 26, 4, 79, 36, 10, 43, 12, 21, 100, 27, 6, 29, 108, 62, 32, 11, 0, 0)
s = 19: (0, 0, 55, 0, 16, 0, 17, 61, 57, 8, 0, 85, 16, 26, 32, 5, 53, 28, 7, 33, 16, 38, 78, 17, 7, 30, 95, 35, 25, 17, 0, 0)
s = 20: (0, 0, 91, 0, 13, 0, 10, 74, 48, 7, 0, 41, 11, 30, 21, 5, 111, 33, 12, 27, 16, 33, 53, 22, 5, 44, 57, 64, 44, 16, 0, 0)
s = 21: (0, 0, 108, 0, 16, 0, 14, 41, 57, 14, 0, 47, 12, 17, 32, 6, 124, 36, 7, 17, 26, 25, 78, 16, 5, 36, 51, 51, 48, 9, 0, 0)
s = 22: (0, 0, 111, 0, 16, 0, 17, 42, 111, 13, 0, 85, 22, 28, 24, 6, 51, 32, 9, 26, 23, 47, 80, 19, 7, 32, 84, 49, 48, 14, 0, 0)
s = 23: (0, 0, 104, 0, 14, 0, 11, 104, 56, 15, 0, 79, 16, 47, 40, 5, 84, 40, 10, 35, 19, 34, 67, 20, 4, 31, 93, 40, 25, 16, 0, 0)
s = 24: (0, 0, 111, 0, 18, 0, 10, 102, 67, 13, 0, 81, 15, 24, 36, 6, 68, 33, 11, 33, 17, 32, 75, 14, 9, 28, 120, 41, 56, 9, 0, 0)
s = 25: (0, 0, 153, 0, 16, 0, 14, 94, 56, 11, 0, 113, 14, 30, 56, 7, 72, 65, 14, 31, 10, 25, 69, 20, 4, 56, 78, 26, 32, 14, 0, 0)
s = 26: (0, 0, 127, 0, 17, 0, 13, 110, 119, 8, 0, 79, 13, 22, 40, 6, 107, 59, 9, 31, 15, 56, 74, 24, 5, 37, 112, 38, 24, 11, 0, 0)
s = 27: (0, 0, 59, 0, 20, 0, 19, 122, 115, 10, 0, 68, 19, 23, 16, 5, 86, 33, 13, 27, 16, 30, 95, 12, 7, 33, 74, 36, 35, 16, 0, 0)
s = 28: (0, 0, 70, 0, 16, 0, 18, 70, 65, 14, 0, 55, 13, 25, 18, 5, 107, 53, 13, 45, 25, 36, 109, 18, 4, 44, 129, 43, 37, 12, 0, 0)
s = 29: (0, 0, 83, 0, 12, 0, 20, 64, 64, 18, 0, 96, 9, 43, 43, 4, 86, 51, 13, 31, 12, 32, 70, 12, 4, 36, 65, 39, 42, 13, 0, 0)
s = 30: (0, 0, 50, 0, 21, 0, 10, 54, 87, 12, 0, 52, 15, 28, 42, 5, 95, 38, 12, 36, 19, 30, 58, 15, 5, 38, 73, 59, 33, 13, 0, 0)
s = 31: (0, 0, 96, 0, 16, 0, 7, 53, 90, 13, 0, 85, 16, 27, 32, 4, 87, 41, 13, 52, 14, 29, 52, 16, 6, 25, 74, 60, 44, 12, 0, 0)
s = 32: (0, 0, 65, 0, 11, 0, 16, 67, 49, 10, 0, 83, 16, 45, 31, 4, 129, 24, 13, 41, 14, 18, 75, 21, 6, 25, 68, 37, 28, 10, 0, 0)
s = 33: (0, 0, 66, 0, 24, 0, 15, 67, 65, 16, 0, 65, 22, 36, 36, 4, 62, 62, 9, 21, 13, 43, 56, 24, 6, 28, 97, 70, 38, 9, 0, 0)
s = 34: (0, 0, 95, 0, 16, 0, 10, 54, 77, 13, 0, 95, 20, 31, 37, 3, 102, 27, 12, 28, 16, 26, 70, 23, 6, 22, 80, 57, 48, 14, 0, 0)
s = 35: (0, 0, 81, 0, 13, 0, 14, 105, 78, 9, 0, 64, 14, 27, 42, 3, 60, 46, 7, 24, 22, 25, 90, 19, 8, 24, 87, 48, 58, 13, 0, 0)
s = 36: (0, 0, 116, 0, 24, 0, 10, 74, 73, 10, 0, 62, 17, 39, 22, 5, 52, 25, 8, 31, 10, 37, 51, 19, 5, 41, 76, 31, 29, 8, 0, 0)
s = 37: (0, 0, 94, 0, 14, 0, 14, 49, 84, 11, 0, 58, 11, 22, 18, 7, 96, 26, 19, 34, 20, 21, 99, 24, 6, 20, 62, 50, 26, 10, 0, 0)
s = 38: (0, 0, 68, 0, 14, 0, 12, 40, 57, 12, 0, 65, 30, 19, 27, 4, 117, 33, 11, 34, 11, 36, 61, 13, 5, 34, 129, 53, 27, 12, 0, 0)
s = 39: (0, 0, 62, 0, 30, 0, 16, 54, 76, 10, 0, 88, 16, 45, 27, 6, 90, 45, 14, 27, 14, 29, 87, 12, 5, 28, 132, 34, 40, 12, 0, 0)
s = 40: (0, 0, 119, 0, 14, 0, 12, 45, 43, 9, 0, 79, 15, 23, 43, 7, 98, 37, 14, 29, 11, 25, 97, 13, 10, 21, 89, 36, 49, 17, 0, 0)
s = 41: (0, 0, 83, 0, 18, 0, 10, 71, 86, 12, 0, 45, 15, 25, 39, 4, 91, 31, 14, 23, 13, 43, 66, 15, 8, 39, 65, 65, 31, 12, 0, 0)
s = 42: (0, 0, 98, 0, 20, 0, 19, 49, 60, 10, 0, 54, 14, 37, 24, 3, 61, 46, 15, 38, 17, 47, 92, 11, 4, 42, 56, 32, 47, 9, 0, 0)
s = 43: (0, 0, 79, 0, 20, 0, 15, 70, 62, 8, 0, 64, 10, 52, 34, 4, 110, 30, 8, 29, 15, 27, 91, 20, 5, 28, 161, 56, 33, 22, 0, 0)
s = 44: (0, 0, 58, 0, 15, 0, 12, 88, 41, 13, 0, 52, 26, 24, 38, 7, 77, 47, 9, 47, 15, 37, 91, 20, 8, 30, 78, 52, 54, 9, 0, 0)
s = 45: (0, 0, 69, 0, 21, 0, 24, 85, 59, 13, 0, 117, 25, 30, 26, 5, 135, 37, 12, 39, 9, 20, 97, 17, 7, 21, 101, 57, 47, 16, 0, 0)
s = 46: (0, 0, 96, 0, 9, 0, 15, 85, 61, 14, 0, 85, 15, 41, 31, 5, 56, 40, 12, 36, 19, 28, 78, 17, 8, 27, 90, 47, 40, 11, 0, 0)
s = 47: (0, 0, 92, 0, 16, 0, 12, 69, 63, 10, 0, 66, 14, 41, 26, 6, 64, 45, 10, 21, 17, 38, 79, 14, 9, 21, 95, 41, 32, 9, 0, 0)
s = 48: (0, 0, 129, 0, 15, 0, 10, 57, 110, 8, 0, 56, 13, 32, 43, 5, 69, 57, 6, 37, 11, 25, 55, 15, 6, 51, 70, 47, 31, 10, 0, 0)
s = 49: (0, 0, 76, 0, 9, 0, 10, 98, 65, 11, 0, 52, 20, 35, 40, 4, 116, 35, 10, 34, 11, 29, 102, 18, 5, 26, 70, 69, 45, 9, 0, 0)
s = 50: (0, 0, 86, 0, 13, 0, 9, 94, 64, 10, 0, 56, 9, 38, 27, 5, 99, 24, 6, 23, 14, 51, 76, 17, 6, 35, 72, 40, 33, 11, 0, 0)
s = 51: (0, 0, 63, 0, 19, 0, 11, 113, 97, 16, 0, 66, 13, 37, 26, 6, 72, 31, 16, 30, 16, 31, 78, 22, 4, 33, 88, 57, 36, 13, 0, 0)
s = 52: (0, 0, 57, 0, 8, 0, 11, 108, 84, 14, 0, 43, 12, 21, 30, 6, 83, 38, 9, 32, 11, 24, 93, 17, 7, 40, 76, 47, 45, 10, 0, 0)
s = 53: (0, 0, 114, 0, 11, 0, 13, 66, 45, 9, 0, 83, 15, 31, 27, 3, 73, 49, 9, 25, 15, 28, 86, 15, 8, 27, 70, 58, 30, 10, 0, 0)
s = 54: (0, 0, 122, 0, 14, 0, 13, 57, 93, 12, 0, 88, 18, 23, 21, 6, 71, 32, 8, 27, 22, 27, 39, 21, 8, 43, 109, 83, 58, 17, 0, 0)
s = 55: (0, 0, 98, 0, 17, 0, 10, 117, 80, 20, 0, 71, 22, 18, 39, 3, 93, 31, 12, 36, 11, 28, 78, 16, 9, 30, 73, 43, 27, 13, 0, 0)
s = 56: (0, 0, 65, 0, 18, 0, 22, 73, 105, 15, 0, 78, 23, 28, 23, 4, 80, 41, 18, 19, 12, 30, 84, 29, 9, 40, 61, 40, 32, 13, 0, 0)
s = 57: (0, 0, 72, 0, 14, 0, 11, 41, 46, 8, 0, 80, 10, 25, 19, 6, 122, 35, 7, 30, 11, 35, 75, 17, 5, 20, 101, 34, 40, 9, 0, 0)
s = 58: (0, 0, 138, 0, 23, 0, 12, 45, 93, 11, 0, 37, 21, 31, 27, 4, 53, 37, 10, 29, 15, 41, 77, 21, 4, 30, 93, 46, 41, 13, 0, 0)
s = 59: (0, 0, 66, 0, 11, 0, 9, 69, 93, 7, 0, 81, 12, 22, 28, 3, 75, 47, 11, 28, 23, 18, 63, 24, 5, 37, 79, 40, 59, 12, 0, 0)
s = 60: (0, 0, 81, 0, 14, 0, 15, 47, 91, 18, 0, 40, 24, 51, 49, 3, 82, 26, 9, 34, 15, 57, 72, 14, 9, 33, 98, 72, 35, 18, 0, 0)
s = 61: (0, 0, 68, 0, 19, 0, 16, 61, 48, 13, 0, 85, 10, 22, 26, 5, 50, 38, 7, 19, 14, 32, 96, 19, 5, 31, 97, 32, 54, 9, 0, 0)
s = 62: (0, 0, 138, 0, 21, 0, 19, 84, 68, 18, 0, 109, 11, 31, 33, 5, 70, 54, 8, 28, 15, 21, 72, 20, 4, 35, 73, 62, 49, 17, 0, 0)
s = 63: (0, 0, 80, 0, 29, 0, 8, 71, 117, 11, 0, 63, 14, 47, 23, 5, 55, 26, 11, 33, 19, 21, 74, 22, 5, 18, 97, 40, 51, 18, 0, 0)
s = 64: (0, 0, 86, 0, 15, 0, 18, 96, 70, 11, 0, 70, 14, 51, 21, 6, 102, 69, 11, 22, 11, 27, 62, 14, 7, 28, 106, 54, 54, 18, 0, 0)
s = 65: (0, 0, 69, 0, 24, 0, 18, 64, 93, 15, 0, 71, 11, 33, 24, 4, 105, 38, 6, 34, 23, 36, 43, 21, 9, 21, 84, 38, 51, 12, 0, 0)
s = 66: (0, 0, 137, 0, 16, 0, 8, 51, 72, 12, 0, 57, 16, 23, 32, 5, 85, 28, 12, 19, 18, 28, 51, 14, 4, 25, 63, 41, 34, 14, 0, 0)
s = 67: (0, 0, 81, 0, 22, 0, 17, 64, 41, 10, 0, 87, 12, 46, 28, 6, 116, 49, 8, 52, 16, 33, 73, 14, 5, 37, 83, 74, 33, 7, 0, 0)
s = 68: (0, 0, 145, 0, 11, 0, 9, 81, 56, 17, 0, 72, 14, 25, 28, 3, 85, 44, 13, 46, 17, 28, 68, 19, 7, 42, 90, 42, 29, 7, 0, 0)
s = 69: (0, 0, 53, 0, 13, 0, 13, 51, 42, 13, 0, 100, 20, 21, 39, 4, 123, 52, 8, 35, 22, 39, 46, 20, 6, 37, 58, 45, 57, 15, 0, 0)
s = 70: (0, 0, 94, 0, 15, 0, 15, 92, 91, 9, 0, 145, 17, 20, 34, 5, 149, 56, 7, 35, 21, 23, 55, 20, 6, 31, 107, 51, 45, 8, 0, 0)
s = 71: (0, 0, 113, 0, 13, 0, 8, 114, 89, 12, 0, 48, 18, 37, 37, 5, 88, 62, 9, 41, 14, 24, 64, 21, 6, 38, 94, 54, 53, 10, 0, 0)
s = 72: (0, 0, 101, 0, 12, 0, 19, 69, 58, 12, 0, 72, 16, 31, 33, 3, 107, 37, 11, 17, 15, 26, 59, 25, 4, 25, 104, 34, 50, 14, 0, 0)
s = 73: (0, 0, 98, 0, 17, 0, 13, 73, 52, 14, 0, 71, 16, 49, 28, 4, 109, 44, 12, 25, 25, 34, 107, 11, 9, 33, 79, 30, 39, 15, 0, 0)
s = 74: (0, 0, 48, 0, 14, 0, 12, 50, 80, 9, 0, 101, 22, 20, 34, 4, 88, 59, 12, 22, 20, 23, 76, 22, 7, 21, 77, 44, 25, 13, 0, 0)
s = 75: (0, 0, 89, 0, 19, 0, 11, 62, 54, 10, 0, 55, 15, 20, 26, 4, 46, 36, 16, 35, 17, 26, 78, 18, 7, 26, 74, 38, 49, 13, 0, 0)
s = 76: (0, 0, 78, 0, 18, 0, 13, 49, 108, 14, 0, 47, 22, 22, 31, 4, 73, 50, 12, 49, 23, 29, 52, 18, 6, 24, 93, 63, 53, 12, 0, 0)
s = 77: (0, 0, 76, 0, 14, 0, 17, 102, 58, 17, 0, 62, 23, 29, 46, 5, 81, 38, 11, 27, 15, 33, 59, 15, 8, 34, 56, 72, 31, 11, 0, 0)
s = 78: (0, 0, 64, 0, 19, 0, 9, 67, 99, 16, 0, 59, 14, 27, 21, 4, 70, 40, 9, 25, 14, 44, 65, 13, 5, 23, 84, 61, 28, 13, 0, 0)
s = 79: (0, 0, 107, 0, 16, 0, 12, 70, 109, 20, 0, 103, 11, 26, 40, 5, 83, 54, 12, 41, 21, 31, 62, 29, 9, 53, 108, 44, 36, 16, 0, 0)
s = 80: (0, 0, 69, 0, 9, 0, 7, 73, 89, 17, 0, 59, 19, 23, 34, 3, 98, 30, 12, 31, 12, 28, 75, 13, 7, 30, 88, 34, 47, 12, 0, 0)
s = 81: (0, 0, 64, 0, 18, 0, 8, 46, 83, 20, 0, 46, 23, 22, 20, 4, 66, 58, 11, 32, 11, 20, 62, 17, 5, 36, 92, 36, 33, 10, 0, 0)
s = 82: (0, 0, 58, 0, 10, 0, 17, 74, 78, 15, 0, 77, 11, 31, 17, 6, 91, 51, 7, 34, 24, 30, 77, 17, 4, 36, 59, 49, 40, 14, 0, 0)
s = 83: (0, 0, 78, 0, 16, 0, 12, 107, 83, 16, 0, 82, 13, 21, 33, 3, 68, 59, 8, 30, 15, 31, 98, 25, 7, 19, 59, 43, 45, 12, 0, 0)
s = 84: (0, 0, 94, 0, 11, 0, 15, 55, 92, 7, 0, 54, 23, 20, 23, 5, 131, 32, 7, 45, 13, 25, 70, 30, 6, 42, 135, 39, 63, 15, 0, 0)
s = 85: (0, 0, 99, 0, 10, 0, 12, 111, 68, 14, 0, 80, 12, 28, 38, 4, 96, 23, 8, 22, 10, 51, 110, 17, 7, 25, 109, 67, 40, 14, 0, 0)
s = 86: (0, 0, 53, 0, 20, 0, 10, 79, 74, 17, 0, 54, 15, 26, 36, 5, 79, 48, 11, 37, 24, 22, 53, 23, 5, 38, 117, 40, 37, 14, 0, 0)
s = 87: (0, 0, 78, 0, 19, 0, 16, 102, 62, 11, 0, 67, 16, 28, 17, 4, 48, 45, 9, 38, 10, 35, 95, 19, 8, 34, 100, 44, 36, 15, 0, 0)
s = 88: (0, 0, 68, 0, 15, 0, 17, 38, 78, 15, 0, 69, 19, 20, 33, 4, 46, 54, 10, 34, 15, 20, 45, 18, 7, 24, 119, 53, 41, 11, 0, 0)
s = 89: (0, 0, 74, 0, 19, 0, 9, 64, 91, 10, 0, 60, 18, 37, 34, 5, 108, 39, 13, 37, 11, 20, 93, 21, 7, 33, 104, 44, 49, 10, 0, 0)
s = 90: (0, 0, 89, 0, 12, 0, 9, 62, 80, 10, 0, 83, 21, 26, 33, 4, 70, 30, 14, 45, 18, 22, 82, 29, 6, 32, 48, 54, 27, 16, 0, 0)
s = 91: (0, 0, 95, 0, 9, 0, 9, 83, 78, 13, 0, 123, 23, 22, 27, 5, 57, 23, 10, 29, 11, 32, 66, 23, 4, 24, 61, 83, 56, 19, 0, 0)
s = 92: (0, 0, 107, 0, 18, 0, 10, 49, 82, 16, 0, 52, 13, 24, 21, 5, 114, 31, 9, 37, 17, 27, 71, 25, 8, 22, 151, 78, 52, 12, 0, 0)
s = 93: (0, 0, 101, 0, 16, 0, 8, 69, 95, 15, 0, 59, 11, 28, 32, 4, 103, 40, 16, 40, 13, 28, 90, 24, 7, 33, 82, 46, 62, 14, 0, 0)
s = 94: (0, 0, 93, 0, 12, 0, 11, 50, 109, 11, 0, 75, 30, 21, 20, 3, 63, 46, 7, 21, 16, 18, 57, 14, 8, 35, 60, 51, 26, 17, 0, 0)
s = 95: (0, 0, 63, 0, 18, 0, 13, 82, 68, 22, 0, 39, 10, 29, 22, 4, 89, 48, 8, 32, 12, 26, 79, 23, 7, 27, 62, 43, 37, 13, 0, 0)
s = 96: (0, 0, 119, 0, 12, 0, 12, 37, 74, 11, 0, 66, 20, 25, 23, 3, 61, 41, 7, 27, 19, 25, 92, 28, 8, 25, 75, 68, 45, 13, 0, 0)
s = 97: (0, 0, 80, 0, 20, 0, 11, 56, 88, 8, 0, 66, 12, 23, 42, 3, 118, 46, 13, 40, 21, 30, 66, 14, 5, 24, 71, 54, 41, 13, 0, 0)
s = 98: (0, 0, 64, 0, 20, 0, 11, 105, 42, 9, 0, 51, 18, 25, 39, 3, 124, 43, 9, 21, 10, 17, 136, 12, 6, 25, 110, 52, 46, 17, 0, 0)
s = 99: (0, 0, 101, 0, 17, 0, 9, 61, 76, 11, 0, 50, 23, 35, 39, 4, 91, 48, 10, 38, 12, 37, 66, 22, 5, 29, 83, 72, 45, 13, 0, 0)
s = 100: (0, 0, 78, 0, 13, 0, 11, 98, 41, 10, 0, 69, 21, 35, 30, 3, 65, 43, 15, 37, 13, 38, 115, 17, 7, 38, 92, 38, 41, 9, 0, 0)
s = 101: (0, 0, 93, 0, 15, 0, 9, 85, 82, 10, 0, 48, 12, 22, 33, 3, 64, 45, 11, 29, 16, 31, 79, 15, 7, 29, 66, 44, 39, 12, 0, 0)
s = 102: (0, 0, 99, 0, 12, 0, 18, 44, 54, 11, 0, 87, 22, 46, 39, 3, 61, 32, 15, 55, 14, 28, 75, 15, 8, 33, 65, 27, 48, 10, 0, 0)
s = 103: (0, 0, 128, 0, 17, 0, 13, 117, 60, 14, 0, 55, 25, 20, 51, 5, 56, 48, 12, 25, 12, 42, 53, 17, 6, 44, 93, 69, 45, 10, 0, 0)
s = 104: (0, 0, 69, 0, 14, 0, 10, 91, 75, 10, 0, 73, 22, 42, 28, 5, 83, 40, 11, 34, 16, 24, 67, 23, 6, 39, 116, 43, 59, 16, 0, 0)
s = 105: (0, 0, 80, 0, 18, 0, 10, 72, 98, 8, 0, 99, 12, 34, 29, 4, 80, 44, 10, 27, 16, 30, 88, 14, 5, 28, 105, 44, 30, 11, 0, 0)
s = 106: (0, 0, 78, 0, 20, 0, 11, 107, 56, 10, 0, 68, 15, 23, 22, 4, 117, 60, 12, 23, 21, 44, 96, 25, 6, 31, 69, 49, 29, 13, 0, 0)
s = 107: (0, 0, 91, 0, 12, 0, 18, 71, 81, 10, 0, 49, 16, 37, 18, 7, 44, 32, 11, 42, 19, 29, 87, 15, 8, 40, 70, 45, 48, 13, 0, 0)
s = 108: (0, 0, 87, 0, 13, 0, 10, 95, 65, 12, 0, 39, 14, 32, 33, 3, 73, 39, 8, 36, 17, 21, 91, 17, 6, 34, 147, 30, 39, 13, 0, 0)
s = 109: (0, 0, 124, 0, 14, 0, 11, 52, 62, 11, 0, 88, 10, 43, 31, 3, 81, 56, 20, 28, 11, 36, 85, 13, 8, 35, 96, 89, 41, 11, 0, 0)
s = 110: (0, 0, 144, 0, 16, 0, 8, 110, 76, 10, 0, 84, 16, 26, 35, 6, 68, 56, 10, 46, 19, 23, 55, 11, 7, 45, 82, 64, 24, 14, 0, 0)
s = 111: (0, 0, 108, 0, 16, 0, 7, 78, 68, 9, 0, 85, 16, 27, 24, 5, 95, 33, 15, 47, 13, 42, 90, 14, 6, 51, 102, 37, 58, 15, 0, 0)
s = 112: (0, 0, 75, 0, 12, 0, 14, 50, 111, 17, 0, 93, 12, 24, 23, 4, 120, 29, 9, 36, 11, 41, 57, 19, 5, 25, 60, 38, 37, 11, 0, 0)
s = 113: (0, 0, 138, 0, 11, 0, 12, 89, 42, 17, 0, 80, 14, 26, 17, 5, 125, 49, 12, 41, 18, 33, 112, 12, 8, 42, 105, 47, 38, 13, 0, 0)
s = 114: (0, 0, 65, 0, 13, 0, 9, 85, 75, 15, 0, 139, 14, 28, 18, 4, 47, 31, 12, 28, 14, 27, 57, 17, 11, 35, 84, 28, 38, 15, 0, 0)
s = 115: (0, 0, 74, 0, 11, 0, 16, 72, 51, 14, 0, 88, 20, 47, 41, 5, 99, 35, 7, 19, 17, 44, 54, 26, 6, 47, 82, 45, 23, 10, 0, 0)
s = 116: (0, 0, 111, 0, 14, 0, 17, 77, 78, 15, 0, 93, 10, 30, 30, 5, 94, 48, 10, 20, 18, 32, 94, 15, 4, 38, 79, 32, 51, 17, 0, 0)
s = 117: (0, 0, 88, 0, 12, 0, 18, 73, 51, 13, 0, 72, 20, 44, 35, 4, 113, 42, 9, 28, 19, 40, 107, 15, 7, 39, 79, 68, 57, 11, 0, 0)
s = 118: (0, 0, 100, 0, 16, 0, 15, 71, 71, 8, 0, 67, 20, 47, 37, 4, 74, 56, 12, 27, 8, 27, 105, 23, 7, 44, 85, 63, 47, 22, 0, 0)
s = 119: (0, 0, 101, 0, 22, 0, 10, 75, 53, 11, 0, 55, 14, 31, 26, 4, 79, 57, 7, 32, 24, 21, 66, 18, 7, 33, 112, 55, 26, 10, 0, 0)
s = 120: (0, 0, 89, 0, 11, 0, 12, 60, 82, 10, 0, 39, 11, 41, 29, 3, 82, 40, 10, 18, 12, 43, 51, 18, 8, 27, 70, 45, 27, 14, 0, 0)
s = 121: (0, 0, 73, 0, 19, 0, 9, 82, 66, 10, 0, 66, 16, 44, 23, 3, 74, 84, 8, 22, 10, 30, 43, 18, 6, 28, 89, 52, 64, 21, 0, 0)
s = 122: (0, 0, 106, 0, 15, 0, 13, 107, 125, 14, 0, 84, 12, 25, 30, 4, 88, 62, 11, 33, 12, 51, 81, 16, 5, 22, 129, 49, 61, 18, 0, 0)
s = 123: (0, 0, 84, 0, 11, 0, 11, 108, 57, 9, 0, 68, 10, 38, 52, 5, 65, 53, 10, 20, 15, 17, 49, 17, 7, 34, 67, 36, 29, 12, 0, 0)
s = 124: (0, 0, 94, 0, 10, 0, 10, 103, 129, 18, 0, 90, 18, 43, 19, 4, 103, 45, 10, 24, 23, 27, 59, 13, 4, 30, 96, 44, 33, 12, 0, 0)
s = 125: (0, 0, 129, 0, 15, 0, 12, 63, 89, 11, 0, 90, 18, 39, 39, 5, 72, 36, 11, 27, 19, 61, 61, 13, 5, 22, 88, 33, 63, 15, 0, 0)
s = 126: (0, 0, 72, 0, 10, 0, 12, 90, 104, 16, 0, 56, 14, 25, 23, 4, 49, 59, 11, 17, 19, 25, 58, 25, 5, 48, 117, 45, 53, 13, 0, 0)
s = 127: (0, 0, 130, 0, 15, 0, 10, 72, 71, 12, 0, 66, 12, 32, 24, 4, 109, 28, 9, 20, 12, 22, 92, 21, 5, 29, 134, 45, 36, 16, 0, 0)
s = 128: (0, 0, 87, 0, 14, 0, 7, 57, 93, 14, 0, 71, 16, 32, 34, 3, 73, 45, 12, 21, 13, 22, 80, 23, 9, 40, 60, 90, 46, 7, 0, 0)
s = 129: (0, 0, 81, 0, 15, 0, 10, 64, 45, 14, 0, 79, 12, 17, 39, 6, 60, 23, 7, 27, 13, 31, 68, 11, 6, 30, 56, 65, 39, 9, 0, 0)
s = 130: (0, 0, 113, 0, 15, 0, 10, 74, 88, 14, 0, 80, 13, 24, 29, 4, 62, 52, 9, 43, 9, 30, 101, 22, 9, 21, 111, 51, 54, 19, 0, 0)
s = 131: (0, 0, 90, 0, 27, 0, 15, 63, 113, 14, 0, 75, 11, 26, 23, 4, 51, 48, 13, 23, 25, 17, 106, 20, 7, 51, 99, 28, 44, 18, 0, 0)
s = 132: (0, 0, 74, 0, 10, 0, 12, 47, 61, 7, 0, 78, 14, 39, 26, 3, 46, 57, 10, 45, 16, 36, 93, 21, 6, 24, 62, 44, 37, 11, 0, 0)
s = 133: (0, 0, 142, 0, 12, 0, 13, 126, 50, 11, 0, 74, 10, 25, 50, 4, 81, 42, 12, 23, 20, 30, 55, 20, 4, 57, 78, 49, 32, 8, 0, 0)
s = 134: (0, 0, 90, 0, 18, 0, 11, 82, 102, 15, 0, 88, 10, 44, 38, 6, 59, 35, 7, 21, 13, 24, 93, 18, 6, 34, 85, 63, 36, 9, 0, 0)
s = 135: (0, 0, 101, 0, 11, 0, 9, 49, 101, 14, 0, 90, 15, 26, 34, 3, 89, 47, 11, 27, 14, 25, 50, 19, 9, 24, 102, 31, 33, 13, 0, 0)
s = 136: (0, 0, 56, 0, 17, 0, 14, 98, 63, 10, 0, 75, 16, 25, 25, 3, 43, 32, 11, 24, 16, 23, 55, 21, 5, 22, 89, 53, 46, 10, 0, 0)
s = 137: (0, 0, 73, 0, 15, 0, 12, 74, 95, 18, 0, 57, 22, 43, 18, 3, 86, 45, 19, 19, 10, 30, 69, 14, 7, 28, 93, 48, 47, 11, 0, 0)
s = 138: (0, 0, 105, 0, 15, 0, 9, 93, 122, 15, 0, 89, 24, 27, 39, 6, 79, 33, 14, 23, 15, 30, 69, 16, 4, 30, 95, 32, 41, 11, 0, 0)
s = 139: (0, 0, 74, 0, 23, 0, 16, 48, 73, 10, 0, 99, 21, 33, 33, 4, 67, 46, 7, 55, 18, 34, 91, 21, 5, 28, 133, 50, 34, 8, 0, 0)
s = 140: (0, 0, 73, 0, 16, 0, 9, 71, 69, 15, 0, 98, 19, 26, 48, 4, 106, 37, 11, 24, 10, 25, 53, 17, 7, 20, 101, 57, 24, 12, 0, 0)
s = 141: (0, 0, 130, 0, 15, 0, 12, 88, 48, 8, 0, 98, 17, 39, 32, 4, 74, 39, 8, 46, 12, 29, 104, 11, 7, 21, 72, 37, 29, 17, 0, 0)
s = 142: (0, 0, 81, 0, 10, 0, 13, 65, 62, 15, 0, 59, 18, 35, 36, 5, 88, 52, 8, 27, 16, 36, 96, 17, 6, 36, 118, 86, 44, 13, 0, 0)
s = 143: (0, 0, 98, 0, 17, 0, 8, 59, 57, 18, 0, 49, 13, 25, 26, 4, 93, 39, 13, 40, 17, 34, 92, 27, 5, 37, 84, 40, 28, 16, 0, 0)
s = 144: (0, 0, 109, 0, 13, 0, 9, 101, 109, 9, 0, 61, 25, 19, 44, 3, 78, 37, 9, 46, 12, 31, 70, 25, 4, 36, 157, 30, 40, 24, 0, 0)
s = 145: (0, 0, 92, 0, 16, 0, 11, 60, 89, 8, 0, 54, 16, 34, 39, 5, 68, 43, 9, 19, 11, 29, 96, 20, 5, 43, 106, 53, 50, 10, 0, 0)
s = 146: (0, 0, 62, 0, 19, 0, 20, 49, 66, 10, 0, 71, 15, 35, 27, 4, 76, 49, 18, 24, 24, 28, 79, 26, 5, 42, 81, 44, 42, 15, 0, 0)
s = 147: (0, 0, 77, 0, 10, 0, 11, 72, 50, 15, 0, 50, 15, 56, 29, 5, 60, 43, 11, 19, 21, 33, 73, 15, 4, 41, 104, 45, 36, 21, 0, 0)
s = 148: (0, 0, 65, 0, 21, 0, 11, 84, 70, 13, 0, 50, 12, 29, 22, 4, 70, 39, 14, 23, 12, 32, 75, 14, 7, 24, 54, 72, 69, 11, 0, 0)
s = 149: (0, 0, 55, 0, 22, 0, 11, 92, 61, 12, 0, 91, 13, 39, 40, 3, 98, 50, 7, 27, 16, 27, 92, 21, 5, 27, 122, 40, 31, 15, 0, 0)
s = 150: (0, 0, 77, 0, 11, 0, 9, 72, 61, 7, 0, 49, 17, 49, 34, 4, 58, 47, 11, 22, 12, 20, 74, 15, 8, 33, 90, 63, 51, 20, 0, 0)
s = 151: (0, 0, 75, 0, 14, 0, 15, 76, 58, 10, 0, 86, 15, 36, 24, 4, 48, 32, 13, 29, 16, 24, 48, 21, 9, 34, 89, 39, 28, 13, 0, 0)
s = 152: (0, 0, 81, 0, 15, 0, 14, 95, 111, 14, 0, 87, 18, 28, 32, 5, 70, 43, 10, 33, 16, 19, 84, 22, 9, 25, 93, 37, 26, 12, 0, 0)
s = 153: (0, 0, 117, 0, 11, 0, 12, 56, 87, 14, 0, 84, 14, 36, 40, 4, 96, 56, 17, 23, 12, 21, 58, 10, 10, 39, 63, 46, 46, 9, 0, 0)
s = 154: (0, 0, 93, 0, 11, 0, 14, 64, 82, 11, 0, 95, 27, 19, 24, 6, 77, 33, 10, 38, 13, 22, 101, 14, 10, 34, 85, 42, 40, 13, 0, 0)
s = 155: (0, 0, 51, 0, 9, 0, 10, 62, 46, 8, 0, 56, 14, 32, 28, 4, 105, 45, 9, 41, 12, 34, 73, 22, 6, 31, 85, 44, 42, 13, 0, 0)
s = 156: (0, 0, 55, 0, 20, 0, 13, 105, 55, 12, 0, 112, 11, 35, 32, 4, 84, 64, 6, 27, 14, 35, 76, 17, 4, 39, 81, 39, 37, 7, 0, 0)
s = 157: (0, 0, 78, 0, 18, 0, 16, 93, 90, 17, 0, 78, 19, 40, 27, 7, 109, 42, 9, 30, 23, 21, 39, 19, 6, 54, 79, 48, 36, 8, 0, 0)
s = 158: (0, 0, 64, 0, 13, 0, 18, 63, 75, 12, 0, 69, 11, 42, 35, 4, 128, 33, 11, 35, 11, 19, 73, 11, 7, 26, 148, 33, 35, 13, 0, 0)
s = 159: (0, 0, 91, 0, 12, 0, 14, 61, 104, 14, 0, 79, 15, 36, 22, 4, 107, 31, 8, 28, 22, 35, 71, 23, 5, 31, 63, 53, 49, 18, 0, 0)
s = 160: (0, 0, 148, 0, 15, 0, 13, 42, 80, 12, 0, 100, 24, 25, 38, 6, 95, 29, 16, 23, 11, 24, 92, 11, 6, 54, 62, 67, 49, 12, 0, 0)
s = 161: (0, 0, 77, 0, 11, 0, 11, 74, 72, 21, 0, 57, 14, 38, 34, 4, 78, 27, 7, 33, 22, 28, 57, 20, 5, 42, 95, 87, 24, 15, 0, 0)
s = 162: (0, 0, 117, 0, 18, 0, 18, 77, 42, 18, 0, 69, 20, 26, 19, 4, 54, 66, 8, 38, 14, 31, 41, 10, 6, 29, 94, 66, 57, 13, 0, 0)
s = 163: (0, 0, 55, 0, 12, 0, 9, 47, 74, 9, 0, 63, 13, 21, 30, 4, 70, 52, 13, 37, 17, 25, 82, 22, 5, 50, 114, 38, 44, 7, 0, 0)
s = 164: (0, 0, 89, 0, 18, 0, 14, 108, 64, 14, 0, 62, 16, 33, 45, 6, 93, 44, 7, 27, 12, 22, 90, 17, 6, 50, 121, 36, 54, 9, 0, 0)
s = 165: (0, 0, 102, 0, 9, 0, 9, 124, 94, 9, 0, 65, 16, 49, 18, 6, 108, 33, 7, 34, 25, 35, 46, 14, 5, 27, 104, 38, 36, 12, 0, 0)
s = 166: (0, 0, 72, 0, 13, 0, 9, 90, 39, 14, 0, 50, 18, 31, 30, 3, 49, 42, 14, 30, 21, 25, 71, 15, 5, 34, 133, 60, 28, 13, 0, 0)
s = 167: (0, 0, 115, 0, 15, 0, 12, 67, 62, 11, 0, 55, 14, 26, 42, 6, 99, 30, 7, 21, 15, 27, 115, 19, 8, 20, 108, 73, 37, 18, 0, 0)
s = 168: (0, 0, 72, 0, 21, 0, 10, 98, 56, 10, 0, 43, 18, 29, 44, 5, 87, 45, 11, 31, 11, 47, 82, 19, 5, 37, 63, 40, 47, 8, 0, 0)
s = 169: (0, 0, 89, 0, 18, 0, 12, 58, 66, 11, 0, 57, 25, 47, 37, 3, 68, 28, 10, 26, 13, 45, 70, 11, 9, 31, 82, 60, 36, 8, 0, 0)
s = 170: (0, 0, 91, 0, 15, 0, 12, 51, 90, 9, 0, 66, 23, 29, 20, 6, 100, 67, 7, 31, 20, 27, 54, 17, 4, 24, 75, 42, 33, 21, 0, 0)
s = 171: (0, 0, 64, 0, 8, 0, 10, 63, 90, 13, 0, 63, 20, 41, 30, 6, 152, 25, 8, 39, 9, 19, 53, 22, 6, 27, 63, 59, 45, 10, 0, 0)
s = 172: (0, 0, 66, 0, 20, 0, 11, 101, 89, 9, 0, 57, 21, 40, 23, 5, 99, 36, 11, 46, 16, 23, 68, 16, 6, 28, 74, 37, 39, 12, 0, 0)
s = 173: (0, 0, 110, 0, 9, 0, 12, 72, 62, 14, 0, 57, 23, 40, 48, 5, 123, 31, 8, 33, 18, 47, 48, 33, 8, 31, 84, 56, 24, 12, 0, 0)
s = 174: (0, 0, 48, 0, 16, 0, 13, 87, 43, 19, 0, 47, 17, 44, 31, 6, 91, 57, 8, 33, 14, 19, 74, 33, 8, 42, 68, 33, 33, 8, 0, 0)
s = 175: (0, 0, 96, 0, 14, 0, 18, 69, 66, 11, 0, 76, 12, 26, 23, 4, 78, 49, 9, 18, 12, 38, 92, 14, 6, 26, 71, 48, 41, 9, 0, 0)
s = 176: (0, 0, 76, 0, 20, 0, 10, 75, 85, 11, 0, 44, 13, 23, 26, 4, 57, 49, 13, 24, 30, 31, 50, 11, 6, 23, 100, 65, 25, 8, 0, 0)
s = 177: (0, 0, 109, 0, 13, 0, 12, 105, 100, 17, 0, 60, 20, 36, 30, 4, 104, 34, 6, 45, 12, 21, 78, 13, 6, 23, 141, 49, 67, 16, 0, 0)
s = 178: (0, 0, 123, 0, 15, 0, 11, 109, 59, 18, 0, 67, 24, 45, 37, 5, 76, 34, 10, 46, 11, 26, 96, 23, 5, 34, 100, 71, 28, 17, 0, 0)
s = 179: (0, 0, 90, 0, 15, 0, 16, 70, 49, 20, 0, 77, 13, 40, 48, 4, 121, 37, 11, 34, 24, 39, 107, 18, 7, 23, 105, 60, 32, 11, 0, 0)
s = 180: (0, 0, 146, 0, 21, 0, 12, 63, 82, 12, 0, 92, 16, 37, 30, 5, 74, 46, 7, 33, 21, 20, 81, 15, 5, 19, 99, 52, 28, 9, 0, 0)
s = 181: (0, 0, 66, 0, 20, 0, 16, 60, 54, 8, 0, 72, 16, 21, 27, 4, 109, 59, 12, 32, 18, 22, 80, 15, 9, 35, 71, 28, 57, 10, 0, 0)
s = 182: (0, 0, 86, 0, 28, 0, 15, 67, 69, 14, 0, 79, 16, 36, 36, 4, 56, 30, 16, 36, 13, 26, 98, 15, 7, 31, 60, 61, 37, 12, 0, 0)
s = 183: (0, 0, 73, 0, 14, 0, 10, 47, 78, 21, 0, 85, 13, 25, 22, 3, 122, 36, 7, 45, 14, 23, 53, 23, 6, 38, 97, 36, 39, 12, 0, 0)
s = 184: (0, 0, 56, 0, 14, 0, 12, 77, 61, 11, 0, 82, 10, 38, 32, 4, 70, 69, 6, 39, 19, 22, 79, 12, 7, 18, 86, 71, 24, 11, 0, 0)
s = 185: (0, 0, 111, 0, 13, 0, 9, 50, 94, 11, 0, 79, 22, 44, 33, 6, 94, 60, 10, 45, 14, 26, 82, 21, 6, 19, 80, 42, 48, 14, 0, 0)
s = 186: (0, 0, 100, 0, 9, 0, 13, 56, 74, 13, 0, 105, 15, 22, 29, 5, 65, 34, 15, 33, 19, 32, 67, 18, 4, 44, 86, 49, 54, 12, 0, 0)
s = 187: (0, 0, 72, 0, 14, 0, 16, 58, 63, 18, 0, 97, 23, 21, 40, 7, 84, 49, 9, 21, 11, 36, 68, 20, 6, 36, 58, 52, 54, 10, 0, 0)
s = 188: (0, 0, 100, 0, 19, 0, 8, 87, 104, 17, 0, 89, 10, 26, 37, 3, 75, 68, 11, 44, 9, 30, 39, 20, 7, 33, 85, 52, 23, 8, 0, 0)
s = 189: (0, 0, 139, 0, 20, 0, 11, 110, 41, 16, 0, 64, 20, 27, 39, 5, 85, 25, 8, 29, 15, 27, 87, 25, 7, 49, 80, 47, 34, 13, 0, 0)
s = 190: (0, 0, 92, 0, 13, 0, 9, 112, 97, 11, 0, 68, 18, 41, 19, 4, 88, 53, 11, 24, 21, 24, 53, 14, 7, 28, 112, 37, 25, 9, 0, 0)
s = 191: (0, 0, 74, 0, 16, 0, 8, 92, 65, 7, 0, 83, 17, 24, 22, 4, 66, 28, 12, 28, 9, 31, 50, 27, 6, 24, 112, 51, 39, 12, 0, 0)
s = 192: (0, 0, 101, 0, 11, 0, 15, 65, 41, 11, 0, 58, 18, 31, 39, 5, 89, 69, 8, 45, 17, 26, 67, 22, 4, 31, 85, 42, 36, 13, 0, 0)
s = 193: (0, 0, 81, 0, 20, 0, 23, 54, 46, 9, 0, 84, 15, 38, 37, 3, 65, 50, 10, 36, 17, 49, 48, 11, 5, 41, 100, 54, 30, 12, 0, 0)
s = 194: (0, 0, 48, 0, 12, 0, 9, 73, 75, 13, 0, 95, 10, 38, 32, 5, 64, 26, 11, 25, 12, 26, 62, 13, 5, 23, 96, 49, 43, 14, 0, 0)
s = 195: (0, 0, 54, 0, 20, 0, 8, 77, 56, 11, 0, 61, 15, 25, 50, 4, 66, 47, 10, 39, 17, 42, 108, 22, 7, 51, 137, 62, 29, 10, 0, 0)
s = 196: (0, 0, 76, 0, 10, 0, 17, 97, 70, 16, 0, 61, 17, 33, 24, 4, 89, 39, 8, 42, 19, 34, 73, 22, 7, 37, 54, 35, 29, 13, 0, 0)
s = 197: (0, 0, 53, 0, 21, 0, 13, 94, 73, 15, 0, 55, 19, 32, 20, 3, 112, 49, 8, 27, 11, 35, 115, 15, 8, 44, 98, 45, 61, 8, 0, 0)
s = 198: (0, 0, 56, 0, 19, 0, 11, 79, 76, 7, 0, 102, 11, 21, 31, 5, 74, 34, 9, 48, 16, 22, 127, 19, 5, 46, 65, 67, 34, 17, 0, 0)
s = 199: (0, 0, 94, 0, 19, 0, 8, 57, 63, 9, 0, 49, 10, 23, 35, 5, 126, 53, 13, 44, 16, 25, 75, 27, 4, 32, 76, 35, 63, 7, 0, 0)
s = 200: (0, 0, 104, 0, 13, 0, 15, 47, 93, 9, 0, 55, 14, 17, 28, 3, 95, 41, 10, 26, 17, 35, 47, 12, 6, 35, 95, 48, 28, 11, 0, 0)
************************************************************************
ES/LS-VALUES:
jobnr.   ES(i)    LS(i)
------------------------------------------------------------------------
  0        0        0
  1        0       98
  2        0       87
  3        0       89
  4       10       114
  5       16       120
  6       31       156
  7       10       109
  8        8       96
  9       22       122
 10        8       131
 11       27       151
 12       22       111
 13       25       130
 14       25       125
 15       37       138
 16       37       126
 17       40       142
 18       33       133
 19        8       162
 20       40       174
 21       34       135
 22       22       152
 23       53       143
 24       25       152
 25       64       154
 26       78       169
 27       54       156
 28       43       168
 29       88       180
 30       63       165
 31       90       182
************************************************************************
BIG-M-VALUES:
M1 = 65, M2 = 313
************************************************************************
