************************************************************************
file with basedata            : mm55_.bas
initial value random generator: 99960709
************************************************************************
projects                      :  1
jobs (incl. supersource/sink ):  12
horizon                       :  74
RESOURCES
  - renewable                 :  2   R
  - nonrenewable              :  2   N
  - doubly constrained        :  0   D
************************************************************************
PROJECT INFORMATION:
pronr.  #jobs rel.date duedate tardcost  MPM-Time
    1     10      0       13        7       13
************************************************************************
PRECEDENCE RELATIONS:
jobnr.    #modes  #successors   successors
   0        1          3           1   2   3
   1        3          2           8  10
   2        3          2           4   5
   3        3          2           5   6
   4        3          3           6   9  10
   5        3          1           9
   6        3          1           7
   7        3          1           8
   8        3          1          11
   9        3          1          11
  10        3          1          11
  11        1          0        
************************************************************************
REQUESTS/DURATIONS:
jobnr. mode duration  R 1  R 2  R 3  R 4  E(W 1)  E(W 2)  E(W 3)  E(W 4)
------------------------------------------------------------------------
  0      1     0       0    0    0    0     0       0       0       0
  1      1     4       4    7    8    6    16      28      32      24
  2      1     2       4    6    5    9     8      12      10      18
  3      1     2       8    6    8    5    16      12      16      10
  4      1     1      10    5    7    6    10       5       7       6
  5      1     3       9    4    4    6    27      12      12      18
  6      1     1       8    7    2    4     8       7       2       4
  7      1     4       7    5    6    9    28      20      24      36
  8      1     5       6    6    4    8    30      30      20      40
  9      1     2       8    6    8    9    16      12      16      18
 10      1     4       3   10   10    4    12      40      40      16
 11      1     0       0    0    0    0     0       0       0       0
************************************************************************
RESOURCEAVAILABILITIES:
  R 1  R 2  R 3  R 4
   19   17   54   59
************************************************************************
RESOURCE LIMITS:
jobnr.  l(R 1)  u(R 1)  l(R 2)  u(R 2)  l(R 3)  u(R 3)  l(R 4)  u(R 4)
------------------------------------------------------------------------
  0        0       0       0       0       0       0       0       0
  1        2       4       4       7       4       8       3       6
  2        2       4       3       6       3       5       5       9
  3        4       8       3       6       4       8       3       5
  4        5      10       3       5       4       7       3       6
  5        5       9       2       4       2       4       3       6
  6        4       8       4       7       1       2       2       4
  7        4       7       3       5       3       6       5       9
  8        3       6       3       6       2       4       4       8
  9        4       8       3       6       4       8       5       9
 10        2       3       5      10       5      10       2       4
 11        0       0       0       0       0       0       0       0
************************************************************************
SCENARIOS:
------------------------------------------------------------------------
RESOURCE k = 1
s = 1: (0, 20, 6, 11, 12, 30, 6, 35, 26, 11, 12, 0)
s = 2: (0, 20, 7, 13, 13, 29, 6, 24, 34, 20, 14, 0)
s = 3: (0, 21, 7, 19, 6, 25, 9, 35, 27, 19, 12, 0)
s = 4: (0, 26, 13, 21, 13, 39, 8, 25, 38, 14, 10, 0)
s = 5: (0, 13, 7, 21, 9, 31, 10, 24, 39, 21, 11, 0)
s = 6: (0, 9, 7, 12, 11, 25, 10, 27, 33, 13, 16, 0)
s = 7: (0, 14, 7, 13, 14, 29, 7, 23, 25, 24, 11, 0)
s = 8: (0, 13, 6, 16, 8, 22, 12, 15, 32, 15, 10, 0)
s = 9: (0, 25, 8, 11, 10, 27, 12, 22, 18, 28, 14, 0)
s = 10: (0, 18, 5, 12, 16, 27, 9, 26, 32, 16, 10, 0)
s = 11: (0, 18, 10, 17, 12, 26, 9, 23, 20, 23, 16, 0)
s = 12: (0, 19, 8, 22, 8, 25, 10, 26, 37, 15, 10, 0)
s = 13: (0, 18, 8, 14, 7, 26, 9, 23, 39, 22, 13, 0)
s = 14: (0, 12, 8, 15, 10, 17, 11, 18, 26, 23, 12, 0)
s = 15: (0, 20, 9, 16, 8, 23, 11, 32, 21, 14, 17, 0)
s = 16: (0, 14, 8, 19, 9, 23, 6, 19, 19, 14, 22, 0)
s = 17: (0, 14, 9, 14, 9, 34, 10, 15, 43, 15, 15, 0)
s = 18: (0, 15, 8, 12, 15, 42, 12, 26, 23, 17, 14, 0)
s = 19: (0, 17, 5, 18, 8, 22, 9, 31, 26, 20, 14, 0)
s = 20: (0, 12, 9, 13, 11, 35, 6, 24, 48, 13, 17, 0)
s = 21: (0, 15, 9, 17, 10, 24, 7, 22, 31, 15, 11, 0)
s = 22: (0, 16, 13, 17, 8, 27, 10, 32, 35, 24, 19, 0)
s = 23: (0, 19, 7, 21, 11, 23, 7, 24, 52, 16, 15, 0)
s = 24: (0, 9, 9, 15, 14, 24, 7, 21, 24, 20, 12, 0)
s = 25: (0, 25, 13, 18, 9, 38, 9, 32, 41, 19, 14, 0)
s = 26: (0, 21, 10, 18, 9, 35, 13, 20, 38, 14, 10, 0)
s = 27: (0, 24, 8, 20, 7, 20, 12, 27, 26, 19, 9, 0)
s = 28: (0, 15, 11, 16, 8, 22, 6, 33, 41, 17, 19, 0)
s = 29: (0, 15, 8, 11, 7, 49, 9, 27, 26, 16, 9, 0)
s = 30: (0, 16, 9, 16, 6, 28, 9, 29, 26, 20, 8, 0)
s = 31: (0, 18, 6, 25, 15, 22, 7, 23, 33, 19, 9, 0)
s = 32: (0, 14, 9, 11, 13, 28, 9, 27, 24, 25, 10, 0)
s = 33: (0, 18, 12, 16, 12, 23, 8, 27, 22, 13, 12, 0)
s = 34: (0, 17, 6, 26, 12, 36, 12, 25, 33, 15, 9, 0)
s = 35: (0, 9, 13, 16, 8, 42, 11, 33, 23, 23, 14, 0)
s = 36: (0, 17, 9, 19, 9, 35, 9, 32, 19, 14, 21, 0)
s = 37: (0, 17, 6, 23, 12, 26, 8, 36, 33, 20, 8, 0)
s = 38: (0, 15, 12, 20, 8, 24, 5, 30, 26, 9, 15, 0)
s = 39: (0, 19, 12, 12, 13, 22, 9, 25, 32, 16, 15, 0)
s = 40: (0, 14, 8, 22, 13, 46, 7, 37, 27, 11, 18, 0)
s = 41: (0, 11, 7, 13, 11, 31, 15, 36, 40, 17, 9, 0)
s = 42: (0, 18, 11, 15, 13, 21, 8, 22, 33, 16, 8, 0)
s = 43: (0, 18, 7, 14, 10, 20, 9, 23, 36, 13, 13, 0)
s = 44: (0, 11, 8, 14, 10, 22, 6, 44, 37, 17, 10, 0)
s = 45: (0, 24, 8, 13, 9, 36, 8, 25, 41, 16, 10, 0)
s = 46: (0, 25, 10, 11, 15, 24, 7, 19, 47, 22, 15, 0)
s = 47: (0, 21, 7, 22, 12, 23, 5, 33, 22, 22, 11, 0)
s = 48: (0, 14, 6, 10, 12, 24, 6, 30, 29, 21, 13, 0)
s = 49: (0, 25, 7, 18, 10, 36, 7, 18, 18, 16, 11, 0)
s = 50: (0, 14, 12, 12, 13, 20, 10, 34, 18, 16, 14, 0)
s = 51: (0, 18, 12, 25, 14, 24, 10, 26, 20, 11, 15, 0)
s = 52: (0, 14, 5, 13, 8, 27, 10, 23, 27, 10, 10, 0)
s = 53: (0, 11, 8, 16, 12, 30, 6, 20, 28, 15, 14, 0)
s = 54: (0, 15, 6, 16, 11, 19, 8, 37, 28, 12, 15, 0)
s = 55: (0, 19, 8, 18, 13, 27, 12, 25, 18, 18, 14, 0)
s = 56: (0, 10, 7, 14, 12, 23, 7, 21, 37, 14, 20, 0)
s = 57: (0, 13, 14, 29, 10, 32, 9, 22, 37, 17, 14, 0)
s = 58: (0, 21, 6, 21, 11, 24, 6, 17, 31, 14, 20, 0)
s = 59: (0, 12, 9, 14, 8, 34, 6, 19, 16, 30, 13, 0)
s = 60: (0, 15, 6, 11, 8, 18, 9, 27, 23, 15, 18, 0)
s = 61: (0, 22, 13, 10, 6, 47, 8, 28, 20, 9, 18, 0)
s = 62: (0, 18, 5, 12, 12, 36, 7, 29, 32, 18, 9, 0)
s = 63: (0, 19, 7, 15, 9, 20, 9, 40, 33, 9, 9, 0)
s = 64: (0, 18, 10, 16, 9, 25, 13, 28, 41, 14, 9, 0)
s = 65: (0, 19, 6, 21, 12, 21, 8, 15, 38, 14, 12, 0)
s = 66: (0, 13, 10, 18, 10, 44, 5, 24, 32, 18, 16, 0)
s = 67: (0, 15, 8, 24, 9, 19, 11, 23, 19, 15, 13, 0)
s = 68: (0, 21, 6, 18, 7, 36, 9, 39, 46, 17, 12, 0)
s = 69: (0, 14, 11, 16, 9, 21, 8, 36, 23, 16, 7, 0)
s = 70: (0, 29, 12, 9, 14, 31, 7, 20, 19, 14, 8, 0)
s = 71: (0, 9, 9, 17, 11, 33, 9, 24, 36, 23, 14, 0)
s = 72: (0, 15, 12, 10, 8, 26, 7, 29, 47, 16, 9, 0)
s = 73: (0, 21, 5, 25, 10, 25, 7, 36, 44, 16, 9, 0)
s = 74: (0, 19, 8, 18, 9, 28, 12, 36, 44, 18, 15, 0)
s = 75: (0, 14, 8, 12, 14, 31, 9, 20, 21, 18, 8, 0)
s = 76: (0, 21, 10, 24, 9, 40, 10, 29, 30, 11, 14, 0)
s = 77: (0, 20, 10, 17, 10, 36, 9, 26, 31, 11, 15, 0)
s = 78: (0, 19, 5, 23, 8, 34, 6, 23, 17, 17, 10, 0)
s = 79: (0, 17, 12, 15, 10, 26, 7, 22, 18, 23, 11, 0)
s = 80: (0, 13, 6, 10, 9, 23, 12, 20, 21, 11, 9, 0)
s = 81: (0, 13, 6, 17, 8, 23, 14, 21, 39, 15, 7, 0)
s = 82: (0, 24, 7, 20, 6, 21, 11, 50, 18, 12, 12, 0)
s = 83: (0, 10, 9, 27, 10, 19, 8, 35, 30, 18, 17, 0)
s = 84: (0, 19, 6, 18, 6, 18, 6, 20, 29, 20, 16, 0)
s = 85: (0, 10, 8, 13, 10, 27, 6, 44, 47, 19, 11, 0)
s = 86: (0, 15, 8, 14, 15, 29, 10, 29, 33, 24, 18, 0)
s = 87: (0, 16, 6, 27, 13, 30, 5, 29, 38, 15, 10, 0)
s = 88: (0, 13, 11, 12, 8, 35, 10, 37, 24, 20, 8, 0)
s = 89: (0, 11, 9, 17, 9, 28, 5, 33, 33, 11, 22, 0)
s = 90: (0, 16, 6, 11, 10, 25, 8, 36, 25, 12, 11, 0)
s = 91: (0, 20, 9, 15, 7, 19, 7, 28, 30, 20, 13, 0)
s = 92: (0, 22, 11, 14, 13, 54, 7, 28, 34, 15, 16, 0)
s = 93: (0, 21, 11, 15, 8, 24, 8, 15, 37, 25, 11, 0)
s = 94: (0, 10, 11, 14, 10, 38, 9, 15, 26, 16, 14, 0)
s = 95: (0, 10, 8, 31, 12, 18, 7, 26, 26, 15, 8, 0)
s = 96: (0, 19, 11, 10, 14, 32, 10, 21, 28, 16, 11, 0)
s = 97: (0, 16, 6, 13, 12, 28, 9, 24, 24, 17, 18, 0)
s = 98: (0, 14, 6, 24, 12, 23, 6, 22, 34, 13, 16, 0)
s = 99: (0, 13, 9, 21, 9, 38, 13, 41, 34, 13, 8, 0)
s = 100: (0, 14, 6, 13, 12, 24, 10, 29, 24, 18, 9, 0)
s = 101: (0, 15, 6, 13, 12, 34, 6, 24, 38, 20, 18, 0)
s = 102: (0, 10, 8, 22, 7, 32, 9, 24, 44, 13, 17, 0)
s = 103: (0, 11, 8, 17, 7, 35, 8, 23, 48, 23, 9, 0)
s = 104: (0, 14, 8, 26, 9, 37, 7, 21, 25, 22, 14, 0)
s = 105: (0, 13, 10, 23, 9, 31, 9, 38, 50, 21, 19, 0)
s = 106: (0, 19, 16, 19, 10, 34, 5, 28, 28, 17, 9, 0)
s = 107: (0, 16, 7, 15, 7, 36, 12, 22, 24, 14, 23, 0)
s = 108: (0, 13, 11, 17, 8, 36, 8, 37, 49, 12, 16, 0)
s = 109: (0, 17, 8, 14, 10, 19, 7, 28, 16, 16, 13, 0)
s = 110: (0, 26, 12, 19, 12, 27, 9, 48, 36, 17, 18, 0)
s = 111: (0, 18, 7, 23, 11, 26, 11, 38, 35, 11, 18, 0)
s = 112: (0, 12, 14, 25, 16, 23, 8, 27, 31, 15, 12, 0)
s = 113: (0, 16, 8, 17, 15, 42, 8, 34, 45, 12, 13, 0)
s = 114: (0, 14, 8, 12, 10, 30, 12, 20, 22, 18, 8, 0)
s = 115: (0, 13, 5, 10, 14, 44, 8, 22, 30, 10, 10, 0)
s = 116: (0, 17, 6, 9, 9, 38, 9, 33, 25, 26, 9, 0)
s = 117: (0, 15, 9, 23, 9, 23, 7, 20, 31, 19, 18, 0)
s = 118: (0, 18, 8, 15, 12, 30, 10, 26, 36, 12, 13, 0)
s = 119: (0, 15, 6, 16, 9, 19, 6, 28, 22, 24, 11, 0)
s = 120: (0, 15, 6, 11, 12, 43, 9, 46, 24, 12, 18, 0)
s = 121: (0, 18, 14, 21, 8, 25, 5, 21, 36, 19, 12, 0)
s = 122: (0, 27, 8, 13, 13, 18, 9, 28, 29, 19, 18, 0)
s = 123: (0, 24, 5, 15, 9, 35, 9, 20, 25, 17, 14, 0)
s = 124: (0, 15, 6, 20, 9, 33, 5, 25, 40, 13, 9, 0)
s = 125: (0, 17, 6, 17, 11, 27, 5, 29, 28, 29, 8, 0)
s = 126: (0, 17, 9, 14, 9, 30, 8, 42, 17, 11, 9, 0)
s = 127: (0, 12, 8, 12, 11, 36, 9, 35, 27, 12, 7, 0)
s = 128: (0, 10, 9, 17, 9, 16, 14, 25, 31, 14, 10, 0)
s = 129: (0, 10, 6, 15, 15, 18, 11, 38, 20, 15, 8, 0)
s = 130: (0, 13, 6, 20, 8, 25, 8, 29, 19, 16, 17, 0)
s = 131: (0, 19, 10, 23, 6, 23, 10, 29, 40, 10, 12, 0)
s = 132: (0, 9, 7, 22, 6, 30, 9, 23, 57, 24, 15, 0)
s = 133: (0, 14, 6, 17, 12, 33, 6, 38, 42, 12, 8, 0)
s = 134: (0, 14, 8, 19, 14, 32, 12, 35, 33, 14, 9, 0)
s = 135: (0, 13, 7, 16, 8, 27, 9, 21, 21, 18, 11, 0)
s = 136: (0, 19, 6, 17, 7, 34, 9, 28, 32, 14, 9, 0)
s = 137: (0, 14, 14, 23, 7, 49, 9, 32, 35, 13, 10, 0)
s = 138: (0, 18, 9, 15, 13, 41, 8, 51, 32, 19, 12, 0)
s = 139: (0, 23, 10, 23, 16, 37, 7, 31, 37, 32, 20, 0)
s = 140: (0, 15, 12, 17, 12, 24, 5, 51, 41, 10, 11, 0)
s = 141: (0, 10, 8, 19, 7, 22, 8, 21, 17, 13, 10, 0)
s = 142: (0, 16, 10, 16, 9, 16, 8, 24, 17, 13, 12, 0)
s = 143: (0, 12, 9, 15, 14, 43, 7, 35, 34, 21, 9, 0)
s = 144: (0, 18, 13, 21, 8, 22, 8, 36, 34, 11, 17, 0)
s = 145: (0, 26, 8, 10, 8, 23, 8, 25, 21, 21, 12, 0)
s = 146: (0, 16, 10, 19, 15, 44, 8, 33, 34, 21, 18, 0)
s = 147: (0, 23, 10, 24, 7, 27, 8, 27, 21, 15, 7, 0)
s = 148: (0, 23, 13, 19, 14, 24, 10, 38, 32, 25, 12, 0)
s = 149: (0, 15, 11, 15, 11, 19, 8, 19, 19, 18, 12, 0)
s = 150: (0, 10, 9, 14, 9, 32, 11, 33, 31, 23, 13, 0)
s = 151: (0, 12, 12, 13, 9, 41, 7, 21, 19, 12, 13, 0)
s = 152: (0, 14, 8, 12, 9, 27, 6, 28, 26, 10, 10, 0)
s = 153: (0, 15, 5, 11, 14, 31, 7, 32, 27, 14, 14, 0)
s = 154: (0, 15, 5, 24, 6, 26, 6, 50, 39, 18, 9, 0)
s = 155: (0, 12, 11, 13, 12, 18, 9, 24, 41, 11, 18, 0)
s = 156: (0, 15, 10, 16, 7, 27, 7, 28, 25, 13, 14, 0)
s = 157: (0, 19, 6, 19, 12, 43, 10, 27, 29, 15, 10, 0)
s = 158: (0, 16, 6, 12, 10, 38, 7, 40, 43, 14, 18, 0)
s = 159: (0, 13, 6, 15, 16, 29, 5, 35, 38, 22, 15, 0)
s = 160: (0, 22, 13, 12, 13, 22, 5, 25, 30, 17, 12, 0)
s = 161: (0, 13, 7, 23, 10, 21, 10, 31, 35, 10, 13, 0)
s = 162: (0, 10, 13, 16, 12, 40, 7, 31, 31, 16, 9, 0)
s = 163: (0, 16, 6, 19, 10, 31, 6, 16, 26, 21, 20, 0)
s = 164: (0, 15, 10, 15, 7, 26, 11, 24, 41, 15, 14, 0)
s = 165: (0, 14, 8, 16, 11, 22, 10, 24, 28, 19, 16, 0)
s = 166: (0, 13, 8, 22, 9, 27, 7, 26, 33, 22, 13, 0)
s = 167: (0, 11, 7, 16, 13, 25, 7, 39, 39, 12, 10, 0)
s = 168: (0, 20, 5, 18, 6, 33, 6, 30, 29, 16, 8, 0)
s = 169: (0, 16, 8, 15, 17, 18, 8, 33, 38, 24, 11, 0)
s = 170: (0, 12, 8, 11, 10, 53, 6, 28, 29, 14, 12, 0)
s = 171: (0, 11, 6, 13, 16, 48, 7, 28, 24, 16, 9, 0)
s = 172: (0, 13, 6, 13, 11, 42, 11, 21, 41, 13, 11, 0)
s = 173: (0, 17, 8, 11, 9, 35, 8, 22, 22, 20, 15, 0)
s = 174: (0, 27, 7, 22, 9, 16, 7, 31, 25, 17, 18, 0)
s = 175: (0, 13, 13, 12, 7, 26, 7, 21, 35, 15, 12, 0)
s = 176: (0, 25, 13, 21, 12, 39, 8, 17, 29, 11, 14, 0)
s = 177: (0, 15, 6, 32, 13, 24, 6, 35, 33, 17, 12, 0)
s = 178: (0, 16, 6, 21, 10, 23, 7, 36, 34, 12, 9, 0)
s = 179: (0, 21, 12, 20, 11, 22, 7, 40, 26, 15, 19, 0)
s = 180: (0, 15, 10, 20, 10, 24, 6, 27, 23, 19, 11, 0)
s = 181: (0, 20, 10, 15, 16, 16, 7, 31, 17, 22, 13, 0)
s = 182: (0, 19, 9, 24, 7, 24, 6, 25, 26, 11, 9, 0)
s = 183: (0, 22, 6, 15, 16, 33, 8, 21, 19, 10, 9, 0)
s = 184: (0, 14, 8, 19, 8, 37, 11, 30, 31, 18, 12, 0)
s = 185: (0, 23, 6, 20, 18, 34, 8, 41, 35, 10, 16, 0)
s = 186: (0, 22, 9, 17, 14, 17, 8, 22, 32, 11, 11, 0)
s = 187: (0, 13, 8, 18, 12, 39, 9, 27, 23, 20, 14, 0)
s = 188: (0, 21, 7, 22, 14, 37, 12, 29, 39, 10, 9, 0)
s = 189: (0, 9, 5, 11, 8, 22, 6, 21, 21, 21, 15, 0)
s = 190: (0, 14, 7, 14, 7, 19, 7, 19, 34, 19, 15, 0)
s = 191: (0, 15, 6, 13, 11, 40, 10, 26, 32, 21, 10, 0)
s = 192: (0, 16, 9, 12, 9, 38, 7, 25, 30, 24, 15, 0)
s = 193: (0, 13, 7, 11, 8, 18, 9, 24, 23, 26, 10, 0)
s = 194: (0, 19, 15, 19, 11, 26, 8, 25, 29, 18, 10, 0)
s = 195: (0, 19, 12, 13, 12, 23, 9, 31, 21, 21, 9, 0)
s = 196: (0, 16, 9, 23, 13, 24, 7, 41, 37, 15, 11, 0)
s = 197: (0, 28, 9, 25, 15, 25, 14, 39, 37, 13, 21, 0)
s = 198: (0, 13, 8, 16, 12, 21, 6, 26, 27, 11, 11, 0)
s = 199: (0, 13, 7, 11, 6, 34, 5, 22, 33, 24, 16, 0)
s = 200: (0, 21, 10, 22, 8, 20, 10, 35, 31, 14, 13, 0)
------------------------------------------------------------------------
RESOURCE k = 2
s = 1: (0, 35, 9, 8, 6, 13, 5, 25, 26, 8, 37, 0)
s = 2: (0, 35, 10, 10, 7, 13, 5, 17, 34, 15, 47, 0)
s = 3: (0, 37, 10, 14, 3, 11, 8, 25, 27, 14, 38, 0)
s = 4: (0, 45, 20, 16, 7, 18, 7, 18, 38, 11, 32, 0)
s = 5: (0, 22, 11, 16, 5, 14, 9, 17, 39, 16, 37, 0)
s = 6: (0, 16, 10, 9, 6, 11, 9, 20, 33, 10, 52, 0)
s = 7: (0, 24, 10, 10, 7, 13, 7, 17, 25, 18, 37, 0)
s = 8: (0, 23, 9, 12, 4, 10, 10, 11, 32, 12, 33, 0)
s = 9: (0, 44, 11, 8, 5, 12, 11, 16, 18, 21, 45, 0)
s = 10: (0, 31, 8, 9, 8, 12, 8, 18, 32, 12, 31, 0)
s = 11: (0, 31, 15, 13, 6, 12, 8, 16, 20, 18, 51, 0)
s = 12: (0, 33, 12, 17, 4, 11, 9, 19, 37, 11, 31, 0)
s = 13: (0, 32, 12, 11, 4, 12, 8, 16, 39, 17, 41, 0)
s = 14: (0, 20, 12, 11, 5, 8, 10, 13, 26, 17, 38, 0)
s = 15: (0, 35, 13, 12, 4, 11, 9, 23, 21, 11, 57, 0)
s = 16: (0, 24, 12, 14, 5, 10, 6, 14, 19, 10, 73, 0)
s = 17: (0, 24, 14, 11, 5, 16, 9, 11, 43, 11, 47, 0)
s = 18: (0, 26, 11, 9, 8, 19, 10, 19, 23, 13, 44, 0)
s = 19: (0, 29, 8, 14, 4, 10, 8, 23, 26, 15, 46, 0)
s = 20: (0, 21, 13, 10, 6, 16, 5, 17, 48, 10, 55, 0)
s = 21: (0, 25, 13, 13, 5, 11, 6, 16, 31, 11, 36, 0)
s = 22: (0, 27, 19, 13, 4, 12, 9, 23, 35, 18, 61, 0)
s = 23: (0, 33, 11, 16, 6, 11, 7, 17, 52, 12, 49, 0)
s = 24: (0, 15, 13, 11, 7, 11, 7, 15, 24, 15, 37, 0)
s = 25: (0, 43, 19, 14, 5, 17, 8, 23, 41, 15, 46, 0)
s = 26: (0, 36, 15, 14, 5, 16, 11, 14, 38, 10, 31, 0)
s = 27: (0, 41, 12, 15, 4, 9, 11, 19, 26, 14, 28, 0)
s = 28: (0, 26, 16, 12, 4, 10, 6, 24, 41, 13, 63, 0)
s = 29: (0, 26, 12, 9, 4, 22, 8, 19, 26, 12, 29, 0)
s = 30: (0, 27, 13, 12, 3, 13, 8, 21, 26, 15, 25, 0)
s = 31: (0, 32, 9, 19, 8, 10, 6, 17, 33, 14, 29, 0)
s = 32: (0, 23, 14, 8, 7, 13, 8, 20, 24, 19, 32, 0)
s = 33: (0, 32, 17, 12, 6, 10, 7, 19, 22, 10, 38, 0)
s = 34: (0, 30, 9, 20, 6, 16, 10, 18, 33, 11, 30, 0)
s = 35: (0, 16, 19, 12, 4, 19, 10, 23, 23, 18, 46, 0)
s = 36: (0, 29, 13, 15, 5, 16, 8, 23, 19, 10, 69, 0)
s = 37: (0, 29, 9, 18, 6, 12, 7, 26, 33, 15, 25, 0)
s = 38: (0, 27, 18, 15, 4, 11, 5, 22, 26, 7, 49, 0)
s = 39: (0, 34, 17, 9, 7, 10, 8, 18, 32, 12, 50, 0)
s = 40: (0, 24, 11, 17, 7, 21, 6, 27, 27, 8, 57, 0)
s = 41: (0, 18, 11, 10, 6, 14, 13, 26, 40, 13, 29, 0)
s = 42: (0, 30, 17, 11, 7, 10, 7, 16, 33, 12, 27, 0)
s = 43: (0, 31, 10, 10, 5, 9, 8, 17, 36, 10, 43, 0)
s = 44: (0, 19, 12, 11, 5, 10, 5, 31, 37, 13, 32, 0)
s = 45: (0, 41, 12, 10, 5, 16, 7, 18, 41, 12, 31, 0)
s = 46: (0, 43, 14, 8, 8, 11, 7, 14, 47, 17, 48, 0)
s = 47: (0, 36, 11, 17, 6, 11, 5, 24, 22, 17, 36, 0)
s = 48: (0, 25, 9, 8, 6, 11, 5, 21, 29, 16, 41, 0)
s = 49: (0, 43, 10, 13, 5, 16, 6, 13, 18, 12, 36, 0)
s = 50: (0, 24, 17, 9, 7, 9, 9, 24, 18, 12, 44, 0)
s = 51: (0, 31, 17, 19, 7, 11, 9, 19, 20, 9, 47, 0)
s = 52: (0, 25, 7, 10, 4, 12, 9, 17, 27, 8, 34, 0)
s = 53: (0, 19, 11, 12, 6, 14, 6, 15, 28, 12, 46, 0)
s = 54: (0, 27, 8, 12, 6, 9, 7, 26, 28, 9, 49, 0)
s = 55: (0, 33, 12, 14, 7, 12, 11, 18, 18, 14, 47, 0)
s = 56: (0, 18, 10, 10, 6, 10, 6, 15, 37, 11, 66, 0)
s = 57: (0, 23, 21, 22, 5, 15, 8, 16, 37, 13, 46, 0)
s = 58: (0, 37, 9, 16, 6, 11, 5, 12, 31, 10, 64, 0)
s = 59: (0, 20, 13, 11, 4, 16, 6, 13, 16, 22, 43, 0)
s = 60: (0, 27, 9, 8, 4, 8, 8, 19, 23, 11, 58, 0)
s = 61: (0, 37, 19, 8, 3, 21, 7, 20, 20, 7, 59, 0)
s = 62: (0, 31, 7, 9, 6, 16, 6, 21, 32, 13, 29, 0)
s = 63: (0, 33, 10, 11, 5, 9, 8, 29, 33, 7, 27, 0)
s = 64: (0, 32, 14, 12, 5, 11, 11, 20, 41, 11, 28, 0)
s = 65: (0, 33, 9, 16, 6, 10, 7, 11, 38, 10, 39, 0)
s = 66: (0, 22, 15, 14, 5, 20, 5, 17, 32, 13, 53, 0)
s = 67: (0, 26, 11, 18, 5, 9, 10, 17, 19, 11, 41, 0)
s = 68: (0, 37, 9, 14, 4, 16, 8, 28, 46, 13, 38, 0)
s = 69: (0, 24, 16, 12, 5, 10, 7, 26, 23, 12, 24, 0)
s = 70: (0, 50, 18, 7, 7, 14, 6, 14, 19, 11, 24, 0)
s = 71: (0, 16, 13, 13, 6, 15, 8, 17, 36, 17, 45, 0)
s = 72: (0, 27, 17, 8, 4, 12, 7, 21, 47, 12, 30, 0)
s = 73: (0, 37, 7, 19, 5, 12, 6, 26, 44, 12, 29, 0)
s = 74: (0, 33, 12, 13, 5, 13, 11, 26, 44, 14, 49, 0)
s = 75: (0, 24, 12, 9, 7, 14, 8, 15, 21, 14, 26, 0)
s = 76: (0, 37, 15, 18, 5, 18, 8, 21, 30, 9, 45, 0)
s = 77: (0, 35, 14, 13, 5, 16, 8, 19, 31, 8, 48, 0)
s = 78: (0, 34, 8, 17, 4, 15, 5, 17, 17, 13, 31, 0)
s = 79: (0, 29, 18, 12, 5, 12, 6, 16, 18, 17, 34, 0)
s = 80: (0, 22, 8, 8, 5, 11, 10, 15, 21, 8, 30, 0)
s = 81: (0, 22, 9, 13, 4, 11, 12, 15, 39, 11, 23, 0)
s = 82: (0, 41, 11, 15, 3, 9, 10, 36, 18, 9, 39, 0)
s = 83: (0, 18, 13, 20, 5, 9, 7, 25, 30, 14, 55, 0)
s = 84: (0, 34, 9, 14, 3, 8, 6, 15, 29, 15, 52, 0)
s = 85: (0, 17, 12, 10, 5, 12, 5, 31, 47, 14, 34, 0)
s = 86: (0, 25, 12, 11, 8, 13, 8, 21, 33, 18, 57, 0)
s = 87: (0, 28, 8, 20, 7, 13, 5, 21, 38, 12, 31, 0)
s = 88: (0, 23, 17, 9, 4, 16, 9, 26, 24, 15, 27, 0)
s = 89: (0, 20, 14, 13, 5, 13, 5, 24, 33, 8, 72, 0)
s = 90: (0, 28, 8, 8, 5, 11, 7, 26, 25, 9, 36, 0)
s = 91: (0, 34, 13, 11, 4, 9, 6, 20, 30, 15, 43, 0)
s = 92: (0, 37, 17, 11, 7, 24, 6, 20, 34, 12, 53, 0)
s = 93: (0, 37, 16, 11, 4, 11, 7, 11, 37, 19, 35, 0)
s = 94: (0, 18, 16, 11, 5, 17, 8, 11, 26, 12, 46, 0)
s = 95: (0, 17, 11, 23, 6, 8, 6, 19, 26, 12, 27, 0)
s = 96: (0, 33, 16, 8, 7, 14, 9, 15, 28, 12, 36, 0)
s = 97: (0, 28, 9, 10, 6, 13, 8, 17, 24, 13, 60, 0)
s = 98: (0, 24, 8, 18, 6, 10, 6, 16, 34, 10, 53, 0)
s = 99: (0, 23, 13, 16, 5, 17, 11, 29, 34, 10, 25, 0)
s = 100: (0, 25, 9, 10, 6, 11, 9, 21, 24, 14, 28, 0)
s = 101: (0, 26, 9, 10, 6, 15, 5, 17, 38, 15, 58, 0)
s = 102: (0, 17, 12, 17, 4, 15, 8, 17, 44, 10, 55, 0)
s = 103: (0, 19, 11, 13, 4, 16, 7, 16, 48, 17, 28, 0)
s = 104: (0, 24, 11, 19, 5, 17, 6, 15, 25, 17, 46, 0)
s = 105: (0, 23, 14, 18, 5, 14, 8, 27, 50, 16, 63, 0)
s = 106: (0, 33, 24, 14, 5, 15, 5, 20, 28, 13, 30, 0)
s = 107: (0, 27, 11, 11, 4, 16, 10, 16, 24, 11, 77, 0)
s = 108: (0, 23, 17, 13, 4, 16, 7, 27, 49, 9, 54, 0)
s = 109: (0, 30, 12, 11, 5, 9, 6, 20, 16, 12, 42, 0)
s = 110: (0, 45, 18, 14, 6, 12, 8, 34, 36, 13, 58, 0)
s = 111: (0, 31, 10, 17, 6, 12, 10, 27, 35, 8, 59, 0)
s = 112: (0, 20, 20, 19, 8, 10, 7, 20, 31, 11, 37, 0)
s = 113: (0, 28, 11, 13, 8, 19, 7, 24, 45, 9, 43, 0)
s = 114: (0, 24, 12, 9, 5, 13, 10, 14, 22, 14, 27, 0)
s = 115: (0, 23, 7, 8, 7, 20, 7, 16, 30, 8, 32, 0)
s = 116: (0, 30, 9, 7, 5, 17, 8, 24, 25, 20, 30, 0)
s = 117: (0, 26, 13, 18, 5, 11, 6, 14, 31, 15, 59, 0)
s = 118: (0, 32, 12, 11, 6, 13, 9, 18, 36, 9, 41, 0)
s = 119: (0, 25, 8, 12, 5, 9, 5, 20, 22, 18, 34, 0)
s = 120: (0, 27, 9, 8, 6, 20, 8, 33, 24, 9, 58, 0)
s = 121: (0, 31, 20, 16, 4, 12, 5, 15, 36, 15, 39, 0)
s = 122: (0, 47, 11, 10, 7, 8, 8, 20, 29, 14, 60, 0)
s = 123: (0, 42, 7, 12, 5, 16, 8, 14, 25, 13, 46, 0)
s = 124: (0, 27, 8, 15, 5, 15, 5, 18, 40, 10, 30, 0)
s = 125: (0, 30, 9, 13, 6, 12, 5, 21, 28, 22, 27, 0)
s = 126: (0, 29, 13, 11, 5, 14, 7, 30, 17, 8, 28, 0)
s = 127: (0, 21, 12, 9, 6, 16, 8, 25, 27, 9, 24, 0)
s = 128: (0, 18, 13, 13, 5, 7, 12, 18, 31, 10, 33, 0)
s = 129: (0, 17, 8, 11, 8, 8, 10, 27, 20, 11, 26, 0)
s = 130: (0, 22, 8, 15, 4, 11, 7, 21, 19, 12, 57, 0)
s = 131: (0, 33, 14, 18, 3, 10, 9, 21, 40, 8, 37, 0)
s = 132: (0, 15, 10, 17, 3, 14, 8, 16, 57, 18, 47, 0)
s = 133: (0, 25, 9, 13, 6, 15, 6, 27, 42, 9, 26, 0)
s = 134: (0, 24, 12, 15, 7, 15, 10, 25, 33, 11, 28, 0)
s = 135: (0, 23, 10, 12, 4, 12, 8, 15, 21, 14, 34, 0)
s = 136: (0, 33, 8, 13, 4, 16, 8, 20, 32, 11, 30, 0)
s = 137: (0, 25, 21, 17, 4, 22, 8, 23, 35, 10, 32, 0)
s = 138: (0, 31, 13, 12, 7, 19, 7, 37, 32, 14, 37, 0)
s = 139: (0, 40, 15, 17, 8, 17, 6, 22, 37, 24, 66, 0)
s = 140: (0, 26, 18, 13, 6, 11, 5, 37, 41, 7, 35, 0)
s = 141: (0, 16, 12, 15, 4, 10, 7, 15, 17, 10, 32, 0)
s = 142: (0, 28, 14, 12, 5, 7, 7, 18, 17, 10, 37, 0)
s = 143: (0, 21, 14, 12, 7, 19, 6, 25, 34, 16, 30, 0)
s = 144: (0, 31, 20, 16, 4, 10, 7, 26, 34, 9, 56, 0)
s = 145: (0, 46, 12, 8, 4, 10, 7, 18, 21, 16, 40, 0)
s = 146: (0, 27, 15, 15, 8, 20, 7, 24, 34, 16, 59, 0)
s = 147: (0, 41, 15, 18, 4, 12, 7, 20, 21, 12, 21, 0)
s = 148: (0, 39, 20, 14, 7, 11, 9, 28, 32, 19, 39, 0)
s = 149: (0, 25, 16, 11, 6, 9, 7, 14, 19, 13, 38, 0)
s = 150: (0, 17, 14, 10, 5, 15, 9, 24, 31, 18, 43, 0)
s = 151: (0, 21, 17, 10, 5, 19, 6, 15, 19, 9, 42, 0)
s = 152: (0, 24, 12, 9, 5, 12, 6, 20, 26, 7, 32, 0)
s = 153: (0, 26, 8, 8, 7, 14, 6, 23, 27, 10, 47, 0)
s = 154: (0, 25, 7, 18, 3, 12, 5, 36, 39, 14, 29, 0)
s = 155: (0, 21, 16, 10, 6, 8, 8, 17, 41, 8, 60, 0)
s = 156: (0, 27, 15, 12, 4, 12, 6, 20, 25, 10, 45, 0)
s = 157: (0, 33, 8, 14, 6, 19, 9, 19, 29, 12, 33, 0)
s = 158: (0, 27, 9, 9, 5, 17, 6, 29, 43, 11, 59, 0)
s = 159: (0, 22, 9, 11, 8, 13, 5, 25, 38, 17, 48, 0)
s = 160: (0, 37, 19, 9, 7, 10, 5, 18, 30, 13, 39, 0)
s = 161: (0, 23, 11, 17, 5, 10, 9, 22, 35, 8, 41, 0)
s = 162: (0, 17, 19, 12, 6, 18, 6, 22, 31, 12, 30, 0)
s = 163: (0, 27, 8, 15, 5, 14, 6, 11, 26, 16, 66, 0)
s = 164: (0, 27, 15, 12, 4, 12, 9, 18, 41, 11, 44, 0)
s = 165: (0, 25, 11, 12, 6, 10, 9, 18, 28, 15, 53, 0)
s = 166: (0, 23, 12, 16, 5, 12, 7, 18, 33, 17, 41, 0)
s = 167: (0, 19, 10, 12, 7, 11, 6, 28, 39, 9, 32, 0)
s = 168: (0, 35, 8, 14, 3, 15, 5, 22, 29, 12, 27, 0)
s = 169: (0, 28, 11, 11, 9, 8, 7, 24, 38, 18, 36, 0)
s = 170: (0, 21, 12, 9, 5, 24, 5, 20, 29, 11, 38, 0)
s = 171: (0, 18, 9, 10, 8, 21, 6, 20, 24, 12, 30, 0)
s = 172: (0, 22, 9, 10, 6, 19, 9, 15, 41, 10, 36, 0)
s = 173: (0, 30, 11, 8, 5, 16, 7, 16, 22, 15, 49, 0)
s = 174: (0, 47, 11, 17, 5, 7, 6, 23, 25, 13, 60, 0)
s = 175: (0, 22, 19, 9, 4, 12, 6, 15, 35, 12, 39, 0)
s = 176: (0, 43, 19, 16, 6, 18, 7, 12, 29, 8, 44, 0)
s = 177: (0, 25, 9, 24, 7, 11, 6, 25, 33, 13, 38, 0)
s = 178: (0, 27, 9, 16, 5, 10, 6, 26, 34, 9, 28, 0)
s = 179: (0, 36, 17, 15, 6, 10, 6, 29, 26, 11, 64, 0)
s = 180: (0, 26, 15, 15, 5, 11, 6, 19, 23, 14, 37, 0)
s = 181: (0, 34, 14, 12, 8, 7, 6, 22, 17, 16, 43, 0)
s = 182: (0, 32, 13, 18, 4, 11, 6, 18, 26, 8, 29, 0)
s = 183: (0, 38, 9, 12, 8, 15, 7, 15, 19, 8, 29, 0)
s = 184: (0, 23, 11, 15, 4, 17, 10, 22, 31, 14, 38, 0)
s = 185: (0, 39, 9, 15, 9, 15, 7, 29, 35, 7, 51, 0)
s = 186: (0, 38, 13, 13, 7, 8, 7, 16, 32, 8, 37, 0)
s = 187: (0, 23, 12, 14, 6, 17, 8, 19, 23, 15, 47, 0)
s = 188: (0, 36, 10, 17, 7, 17, 10, 21, 39, 8, 30, 0)
s = 189: (0, 15, 8, 9, 4, 10, 5, 15, 21, 16, 50, 0)
s = 190: (0, 24, 10, 11, 4, 9, 6, 13, 34, 14, 48, 0)
s = 191: (0, 26, 8, 10, 6, 18, 9, 19, 32, 16, 31, 0)
s = 192: (0, 27, 14, 9, 5, 17, 7, 18, 30, 18, 48, 0)
s = 193: (0, 22, 10, 8, 4, 8, 8, 17, 23, 19, 32, 0)
s = 194: (0, 32, 22, 14, 6, 12, 7, 18, 29, 13, 33, 0)
s = 195: (0, 33, 18, 10, 6, 10, 8, 22, 21, 16, 28, 0)
s = 196: (0, 28, 13, 17, 7, 11, 6, 30, 37, 11, 37, 0)
s = 197: (0, 49, 13, 19, 8, 12, 12, 28, 37, 10, 69, 0)
s = 198: (0, 22, 12, 12, 6, 10, 5, 18, 27, 9, 34, 0)
s = 199: (0, 23, 10, 8, 3, 15, 5, 16, 33, 18, 52, 0)
s = 200: (0, 37, 15, 17, 4, 9, 9, 25, 31, 11, 41, 0)
------------------------------------------------------------------------
RESOURCE k = 3
s = 1: (0, 40, 7, 11, 9, 13, 2, 30, 17, 11, 37, 0)
s = 2: (0, 40, 9, 13, 9, 13, 2, 21, 23, 20, 47, 0)
s = 3: (0, 42, 9, 19, 4, 11, 3, 30, 18, 19, 38, 0)
s = 4: (0, 52, 16, 21, 9, 18, 2, 21, 26, 14, 32, 0)
s = 5: (0, 25, 9, 21, 7, 14, 3, 21, 26, 21, 37, 0)
s = 6: (0, 18, 9, 12, 8, 11, 3, 23, 22, 13, 52, 0)
s = 7: (0, 28, 9, 13, 10, 13, 2, 20, 17, 24, 37, 0)
s = 8: (0, 26, 8, 16, 6, 10, 3, 13, 21, 15, 33, 0)
s = 9: (0, 50, 9, 11, 7, 12, 3, 19, 12, 28, 45, 0)
s = 10: (0, 35, 7, 12, 12, 12, 3, 22, 21, 16, 31, 0)
s = 11: (0, 36, 12, 17, 8, 12, 3, 20, 14, 23, 51, 0)
s = 12: (0, 37, 10, 22, 6, 11, 3, 22, 25, 15, 31, 0)
s = 13: (0, 36, 10, 14, 5, 12, 3, 19, 26, 22, 41, 0)
s = 14: (0, 23, 10, 15, 7, 8, 3, 15, 17, 23, 38, 0)
s = 15: (0, 40, 11, 16, 6, 11, 3, 27, 14, 14, 57, 0)
s = 16: (0, 27, 10, 19, 7, 10, 2, 16, 13, 14, 73, 0)
s = 17: (0, 28, 12, 14, 7, 16, 3, 13, 29, 15, 47, 0)
s = 18: (0, 30, 10, 12, 11, 19, 3, 23, 15, 17, 44, 0)
s = 19: (0, 33, 7, 18, 6, 10, 3, 27, 17, 20, 46, 0)
s = 20: (0, 24, 11, 13, 8, 16, 2, 20, 32, 13, 55, 0)
s = 21: (0, 29, 11, 17, 7, 11, 2, 19, 21, 15, 36, 0)
s = 22: (0, 31, 16, 17, 6, 12, 3, 28, 24, 24, 61, 0)
s = 23: (0, 38, 9, 21, 8, 11, 2, 21, 35, 16, 49, 0)
s = 24: (0, 17, 11, 15, 10, 11, 2, 18, 16, 20, 37, 0)
s = 25: (0, 49, 16, 18, 6, 17, 3, 27, 27, 19, 46, 0)
s = 26: (0, 41, 13, 18, 6, 16, 4, 17, 26, 14, 31, 0)
s = 27: (0, 47, 10, 20, 5, 9, 3, 23, 18, 19, 28, 0)
s = 28: (0, 30, 14, 16, 6, 10, 2, 28, 27, 17, 63, 0)
s = 29: (0, 30, 10, 11, 5, 22, 3, 23, 17, 16, 29, 0)
s = 30: (0, 31, 11, 16, 4, 13, 3, 25, 17, 20, 25, 0)
s = 31: (0, 36, 8, 25, 11, 10, 2, 20, 22, 19, 29, 0)
s = 32: (0, 27, 12, 11, 9, 13, 3, 23, 16, 25, 32, 0)
s = 33: (0, 36, 15, 16, 8, 10, 2, 23, 15, 13, 38, 0)
s = 34: (0, 34, 8, 26, 9, 16, 3, 21, 22, 15, 30, 0)
s = 35: (0, 18, 16, 16, 6, 19, 3, 28, 15, 23, 46, 0)
s = 36: (0, 33, 11, 19, 6, 16, 3, 28, 13, 14, 69, 0)
s = 37: (0, 33, 8, 23, 8, 12, 2, 31, 22, 20, 25, 0)
s = 38: (0, 30, 15, 20, 6, 11, 2, 26, 17, 9, 49, 0)
s = 39: (0, 38, 14, 12, 9, 10, 3, 21, 21, 16, 50, 0)
s = 40: (0, 27, 9, 22, 9, 21, 2, 32, 18, 11, 57, 0)
s = 41: (0, 21, 9, 13, 8, 14, 4, 31, 27, 17, 29, 0)
s = 42: (0, 35, 14, 15, 9, 10, 2, 19, 22, 16, 27, 0)
s = 43: (0, 35, 8, 14, 7, 9, 3, 20, 24, 13, 43, 0)
s = 44: (0, 22, 10, 14, 7, 10, 2, 38, 25, 17, 32, 0)
s = 45: (0, 47, 10, 13, 6, 16, 2, 22, 27, 16, 31, 0)
s = 46: (0, 49, 12, 11, 11, 11, 2, 16, 32, 22, 48, 0)
s = 47: (0, 41, 9, 22, 9, 11, 2, 29, 15, 22, 36, 0)
s = 48: (0, 28, 8, 10, 9, 11, 2, 26, 19, 21, 41, 0)
s = 49: (0, 49, 9, 18, 7, 16, 2, 16, 12, 16, 36, 0)
s = 50: (0, 27, 14, 12, 9, 9, 3, 29, 12, 16, 44, 0)
s = 51: (0, 36, 14, 25, 10, 11, 3, 23, 14, 11, 47, 0)
s = 52: (0, 28, 6, 13, 6, 12, 3, 20, 18, 10, 34, 0)
s = 53: (0, 22, 10, 16, 8, 14, 2, 18, 19, 15, 46, 0)
s = 54: (0, 30, 7, 16, 8, 9, 2, 32, 19, 12, 49, 0)
s = 55: (0, 37, 10, 18, 9, 12, 3, 21, 12, 18, 47, 0)
s = 56: (0, 20, 9, 14, 9, 10, 2, 18, 25, 14, 66, 0)
s = 57: (0, 26, 17, 29, 7, 15, 3, 19, 25, 17, 46, 0)
s = 58: (0, 42, 7, 21, 8, 11, 2, 15, 21, 14, 64, 0)
s = 59: (0, 23, 11, 14, 5, 16, 2, 16, 11, 30, 43, 0)
s = 60: (0, 30, 7, 11, 6, 8, 3, 23, 15, 15, 58, 0)
s = 61: (0, 43, 16, 10, 4, 21, 2, 24, 13, 9, 59, 0)
s = 62: (0, 36, 6, 12, 9, 16, 2, 25, 22, 18, 29, 0)
s = 63: (0, 38, 9, 15, 7, 9, 3, 34, 22, 9, 27, 0)
s = 64: (0, 36, 12, 16, 7, 11, 4, 24, 27, 14, 28, 0)
s = 65: (0, 38, 8, 21, 9, 10, 2, 13, 25, 14, 39, 0)
s = 66: (0, 25, 13, 18, 7, 20, 2, 20, 22, 18, 53, 0)
s = 67: (0, 29, 9, 24, 7, 9, 3, 20, 13, 15, 41, 0)
s = 68: (0, 42, 7, 18, 5, 16, 3, 33, 31, 17, 38, 0)
s = 69: (0, 27, 13, 16, 6, 10, 2, 31, 15, 16, 24, 0)
s = 70: (0, 57, 15, 9, 10, 14, 2, 17, 13, 14, 24, 0)
s = 71: (0, 18, 11, 17, 8, 15, 3, 21, 24, 23, 45, 0)
s = 72: (0, 30, 14, 10, 6, 12, 2, 25, 31, 16, 30, 0)
s = 73: (0, 42, 6, 25, 7, 12, 2, 31, 30, 16, 29, 0)
s = 74: (0, 38, 10, 18, 6, 13, 3, 31, 30, 18, 49, 0)
s = 75: (0, 27, 10, 12, 10, 14, 3, 18, 14, 18, 26, 0)
s = 76: (0, 42, 13, 24, 7, 18, 3, 25, 20, 11, 45, 0)
s = 77: (0, 40, 12, 17, 7, 16, 3, 23, 21, 11, 48, 0)
s = 78: (0, 38, 6, 23, 6, 15, 2, 20, 12, 17, 31, 0)
s = 79: (0, 33, 15, 15, 7, 12, 2, 19, 12, 23, 34, 0)
s = 80: (0, 25, 7, 10, 7, 11, 3, 17, 14, 11, 30, 0)
s = 81: (0, 25, 8, 17, 6, 11, 4, 18, 26, 15, 23, 0)
s = 82: (0, 47, 9, 20, 5, 9, 3, 43, 12, 12, 39, 0)
s = 83: (0, 20, 11, 27, 7, 9, 2, 30, 20, 18, 55, 0)
s = 84: (0, 38, 7, 18, 4, 8, 2, 17, 19, 20, 52, 0)
s = 85: (0, 20, 10, 13, 7, 12, 2, 37, 32, 19, 34, 0)
s = 86: (0, 29, 10, 14, 11, 13, 3, 25, 22, 24, 57, 0)
s = 87: (0, 32, 7, 27, 9, 13, 2, 25, 26, 15, 31, 0)
s = 88: (0, 26, 14, 12, 6, 16, 3, 32, 16, 20, 27, 0)
s = 89: (0, 22, 12, 17, 6, 13, 2, 28, 22, 11, 72, 0)
s = 90: (0, 32, 7, 11, 7, 11, 2, 31, 17, 12, 36, 0)
s = 91: (0, 39, 11, 15, 5, 9, 2, 24, 20, 20, 43, 0)
s = 92: (0, 43, 14, 14, 9, 24, 2, 24, 23, 15, 53, 0)
s = 93: (0, 42, 13, 15, 6, 11, 2, 13, 25, 25, 35, 0)
s = 94: (0, 20, 13, 14, 7, 17, 3, 13, 17, 16, 46, 0)
s = 95: (0, 19, 10, 31, 9, 8, 2, 22, 18, 15, 27, 0)
s = 96: (0, 38, 14, 10, 10, 14, 3, 18, 19, 16, 36, 0)
s = 97: (0, 32, 8, 13, 9, 13, 3, 21, 16, 17, 60, 0)
s = 98: (0, 28, 7, 24, 9, 10, 2, 19, 23, 13, 53, 0)
s = 99: (0, 26, 11, 21, 7, 17, 4, 35, 23, 13, 25, 0)
s = 100: (0, 28, 8, 13, 9, 11, 3, 25, 16, 18, 28, 0)
s = 101: (0, 30, 7, 13, 9, 15, 2, 20, 26, 20, 58, 0)
s = 102: (0, 20, 10, 22, 5, 15, 3, 21, 29, 13, 55, 0)
s = 103: (0, 22, 9, 17, 5, 16, 2, 19, 32, 23, 28, 0)
s = 104: (0, 27, 9, 26, 6, 17, 2, 18, 17, 22, 46, 0)
s = 105: (0, 26, 12, 23, 7, 14, 3, 33, 34, 21, 63, 0)
s = 106: (0, 38, 20, 19, 7, 15, 2, 24, 19, 17, 30, 0)
s = 107: (0, 31, 9, 15, 5, 16, 3, 19, 16, 14, 77, 0)
s = 108: (0, 26, 14, 17, 6, 16, 2, 32, 33, 12, 54, 0)
s = 109: (0, 34, 10, 14, 7, 9, 2, 24, 11, 16, 42, 0)
s = 110: (0, 51, 15, 19, 8, 12, 3, 41, 24, 17, 58, 0)
s = 111: (0, 35, 9, 23, 8, 12, 3, 32, 24, 11, 59, 0)
s = 112: (0, 23, 17, 25, 11, 10, 2, 23, 21, 15, 37, 0)
s = 113: (0, 32, 9, 17, 11, 19, 2, 29, 30, 12, 43, 0)
s = 114: (0, 28, 10, 12, 7, 13, 3, 17, 15, 18, 27, 0)
s = 115: (0, 26, 6, 10, 10, 20, 2, 19, 20, 10, 32, 0)
s = 116: (0, 34, 8, 9, 6, 17, 3, 28, 17, 26, 30, 0)
s = 117: (0, 30, 11, 23, 6, 11, 2, 17, 21, 19, 59, 0)
s = 118: (0, 36, 10, 15, 9, 13, 3, 22, 24, 12, 41, 0)
s = 119: (0, 29, 7, 16, 6, 9, 2, 24, 15, 24, 34, 0)
s = 120: (0, 30, 8, 11, 9, 20, 3, 39, 16, 12, 58, 0)
s = 121: (0, 35, 17, 21, 6, 12, 2, 18, 24, 19, 39, 0)
s = 122: (0, 54, 9, 13, 9, 8, 3, 24, 19, 19, 60, 0)
s = 123: (0, 48, 6, 15, 7, 16, 3, 17, 17, 17, 46, 0)
s = 124: (0, 30, 7, 20, 7, 15, 2, 21, 27, 13, 30, 0)
s = 125: (0, 34, 7, 17, 8, 12, 2, 25, 19, 29, 27, 0)
s = 126: (0, 34, 11, 14, 7, 14, 2, 36, 11, 11, 28, 0)
s = 127: (0, 24, 10, 12, 8, 16, 3, 30, 18, 12, 24, 0)
s = 128: (0, 20, 11, 17, 7, 7, 4, 21, 21, 14, 33, 0)
s = 129: (0, 20, 7, 15, 11, 8, 3, 32, 14, 15, 26, 0)
s = 130: (0, 25, 7, 20, 6, 11, 2, 25, 13, 16, 57, 0)
s = 131: (0, 37, 12, 23, 4, 10, 3, 25, 27, 10, 37, 0)
s = 132: (0, 17, 9, 22, 4, 14, 3, 20, 38, 24, 47, 0)
s = 133: (0, 28, 7, 17, 9, 15, 2, 33, 28, 12, 26, 0)
s = 134: (0, 28, 10, 19, 10, 15, 3, 30, 22, 14, 28, 0)
s = 135: (0, 26, 8, 16, 6, 12, 3, 18, 14, 18, 34, 0)
s = 136: (0, 37, 7, 17, 5, 16, 3, 24, 22, 14, 30, 0)
s = 137: (0, 28, 17, 23, 5, 22, 3, 28, 23, 13, 32, 0)
s = 138: (0, 36, 11, 15, 10, 19, 2, 44, 21, 19, 37, 0)
s = 139: (0, 45, 12, 23, 12, 17, 2, 26, 25, 32, 66, 0)
s = 140: (0, 30, 15, 17, 9, 11, 2, 44, 28, 10, 35, 0)
s = 141: (0, 19, 10, 19, 5, 10, 2, 18, 11, 13, 32, 0)
s = 142: (0, 32, 12, 16, 7, 7, 2, 21, 12, 13, 37, 0)
s = 143: (0, 24, 12, 15, 10, 19, 2, 30, 23, 21, 30, 0)
s = 144: (0, 35, 17, 21, 6, 10, 2, 31, 23, 11, 56, 0)
s = 145: (0, 52, 10, 10, 6, 10, 2, 22, 14, 21, 40, 0)
s = 146: (0, 31, 13, 19, 11, 20, 2, 28, 23, 21, 59, 0)
s = 147: (0, 46, 13, 24, 5, 12, 2, 23, 14, 15, 21, 0)
s = 148: (0, 45, 17, 19, 10, 11, 3, 33, 22, 25, 39, 0)
s = 149: (0, 29, 14, 15, 8, 9, 2, 16, 13, 18, 38, 0)
s = 150: (0, 19, 11, 14, 7, 15, 3, 29, 21, 23, 43, 0)
s = 151: (0, 24, 14, 13, 6, 19, 2, 18, 13, 12, 42, 0)
s = 152: (0, 27, 10, 12, 6, 12, 2, 24, 17, 10, 32, 0)
s = 153: (0, 30, 6, 11, 10, 14, 2, 28, 18, 14, 47, 0)
s = 154: (0, 29, 6, 24, 4, 12, 2, 43, 26, 18, 29, 0)
s = 155: (0, 24, 14, 13, 8, 8, 3, 20, 28, 11, 60, 0)
s = 156: (0, 30, 12, 16, 5, 12, 2, 24, 17, 13, 45, 0)
s = 157: (0, 37, 7, 19, 9, 19, 3, 23, 19, 15, 33, 0)
s = 158: (0, 31, 8, 12, 7, 17, 2, 34, 29, 14, 59, 0)
s = 159: (0, 25, 8, 15, 12, 13, 2, 30, 25, 22, 48, 0)
s = 160: (0, 43, 16, 12, 9, 10, 2, 22, 20, 17, 39, 0)
s = 161: (0, 26, 9, 23, 7, 10, 3, 27, 23, 10, 41, 0)
s = 162: (0, 20, 16, 16, 9, 18, 2, 27, 21, 16, 30, 0)
s = 163: (0, 31, 7, 19, 7, 14, 2, 14, 17, 21, 66, 0)
s = 164: (0, 30, 13, 15, 5, 12, 3, 21, 28, 15, 44, 0)
s = 165: (0, 28, 10, 16, 8, 10, 3, 21, 19, 19, 53, 0)
s = 166: (0, 26, 10, 22, 7, 12, 2, 22, 22, 22, 41, 0)
s = 167: (0, 21, 9, 16, 9, 11, 2, 34, 26, 12, 32, 0)
s = 168: (0, 40, 6, 18, 4, 15, 2, 26, 20, 16, 27, 0)
s = 169: (0, 31, 10, 15, 12, 8, 2, 28, 25, 24, 36, 0)
s = 170: (0, 24, 10, 11, 7, 24, 2, 24, 20, 14, 38, 0)
s = 171: (0, 21, 8, 13, 12, 21, 2, 24, 16, 16, 30, 0)
s = 172: (0, 25, 8, 13, 8, 19, 3, 18, 27, 13, 36, 0)
s = 173: (0, 34, 10, 11, 6, 16, 2, 19, 15, 20, 49, 0)
s = 174: (0, 54, 9, 22, 6, 7, 2, 27, 17, 17, 60, 0)
s = 175: (0, 25, 16, 12, 5, 12, 2, 18, 23, 15, 39, 0)
s = 176: (0, 49, 16, 21, 8, 18, 2, 14, 20, 11, 44, 0)
s = 177: (0, 29, 8, 32, 10, 11, 2, 30, 22, 17, 38, 0)
s = 178: (0, 31, 7, 21, 7, 10, 2, 31, 23, 12, 28, 0)
s = 179: (0, 41, 15, 20, 8, 10, 2, 34, 17, 15, 64, 0)
s = 180: (0, 30, 13, 20, 7, 11, 2, 23, 16, 19, 37, 0)
s = 181: (0, 39, 12, 15, 11, 7, 2, 27, 12, 22, 43, 0)
s = 182: (0, 37, 11, 24, 5, 11, 2, 22, 18, 11, 29, 0)
s = 183: (0, 43, 8, 15, 11, 15, 2, 18, 13, 10, 29, 0)
s = 184: (0, 27, 9, 19, 6, 17, 3, 26, 21, 18, 38, 0)
s = 185: (0, 45, 8, 20, 13, 15, 2, 35, 23, 10, 51, 0)
s = 186: (0, 43, 11, 17, 10, 8, 2, 19, 21, 11, 37, 0)
s = 187: (0, 26, 10, 18, 9, 17, 3, 23, 16, 20, 47, 0)
s = 188: (0, 41, 9, 22, 10, 17, 3, 25, 26, 10, 30, 0)
s = 189: (0, 18, 7, 11, 6, 10, 2, 18, 14, 21, 50, 0)
s = 190: (0, 28, 9, 14, 5, 9, 2, 16, 23, 19, 48, 0)
s = 191: (0, 30, 7, 13, 8, 18, 3, 23, 22, 21, 31, 0)
s = 192: (0, 31, 12, 12, 6, 17, 2, 21, 20, 24, 48, 0)
s = 193: (0, 25, 8, 11, 6, 8, 3, 21, 15, 26, 32, 0)
s = 194: (0, 37, 18, 19, 8, 12, 2, 21, 19, 18, 33, 0)
s = 195: (0, 38, 15, 13, 8, 10, 3, 26, 14, 21, 28, 0)
s = 196: (0, 32, 11, 23, 9, 11, 2, 35, 25, 15, 37, 0)
s = 197: (0, 56, 11, 25, 10, 12, 4, 34, 25, 13, 69, 0)
s = 198: (0, 25, 10, 16, 9, 10, 2, 22, 18, 11, 34, 0)
s = 199: (0, 26, 9, 11, 4, 15, 2, 19, 22, 24, 52, 0)
s = 200: (0, 42, 12, 22, 6, 9, 3, 30, 21, 14, 41, 0)
------------------------------------------------------------------------
RESOURCE k = 4
s = 1: (0, 30, 13, 7, 8, 20, 3, 45, 34, 12, 15, 0)
s = 2: (0, 30, 15, 8, 8, 20, 3, 31, 46, 23, 19, 0)
s = 3: (0, 32, 15, 12, 4, 17, 5, 45, 36, 21, 16, 0)
s = 4: (0, 39, 29, 14, 8, 26, 4, 32, 51, 16, 13, 0)
s = 5: (0, 19, 16, 13, 6, 21, 5, 31, 52, 23, 15, 0)
s = 6: (0, 14, 15, 8, 7, 17, 5, 35, 44, 14, 21, 0)
s = 7: (0, 21, 15, 8, 8, 20, 4, 30, 33, 26, 15, 0)
s = 8: (0, 19, 13, 10, 5, 15, 6, 20, 42, 17, 13, 0)
s = 9: (0, 38, 16, 7, 6, 18, 6, 29, 24, 31, 18, 0)
s = 10: (0, 27, 12, 8, 10, 18, 5, 33, 42, 18, 13, 0)
s = 11: (0, 27, 22, 11, 7, 17, 5, 29, 27, 26, 21, 0)
s = 12: (0, 28, 18, 14, 5, 17, 5, 33, 49, 17, 13, 0)
s = 13: (0, 27, 18, 9, 4, 17, 5, 29, 52, 25, 17, 0)
s = 14: (0, 17, 18, 9, 6, 12, 6, 23, 34, 26, 16, 0)
s = 15: (0, 30, 19, 10, 5, 16, 6, 41, 28, 16, 23, 0)
s = 16: (0, 21, 17, 12, 6, 15, 3, 24, 25, 15, 30, 0)
s = 17: (0, 21, 21, 9, 6, 23, 5, 19, 57, 17, 19, 0)
s = 18: (0, 22, 17, 8, 9, 28, 6, 34, 30, 19, 18, 0)
s = 19: (0, 25, 12, 11, 5, 15, 5, 40, 34, 22, 19, 0)
s = 20: (0, 18, 19, 8, 7, 24, 3, 30, 64, 15, 22, 0)
s = 21: (0, 22, 20, 11, 6, 16, 4, 28, 41, 16, 15, 0)
s = 22: (0, 23, 28, 11, 5, 18, 5, 41, 47, 27, 25, 0)
s = 23: (0, 29, 16, 14, 7, 16, 4, 31, 69, 18, 20, 0)
s = 24: (0, 13, 19, 9, 9, 16, 4, 27, 32, 22, 15, 0)
s = 25: (0, 37, 29, 12, 5, 26, 5, 41, 54, 22, 19, 0)
s = 26: (0, 31, 22, 12, 6, 23, 7, 25, 51, 15, 13, 0)
s = 27: (0, 35, 18, 13, 5, 13, 6, 35, 35, 21, 12, 0)
s = 28: (0, 23, 24, 10, 5, 15, 3, 42, 54, 19, 26, 0)
s = 29: (0, 23, 18, 7, 5, 33, 5, 34, 34, 18, 12, 0)
s = 30: (0, 24, 20, 10, 4, 19, 5, 37, 34, 23, 10, 0)
s = 31: (0, 27, 14, 16, 9, 15, 4, 30, 44, 21, 12, 0)
s = 32: (0, 20, 20, 7, 8, 19, 5, 35, 32, 28, 13, 0)
s = 33: (0, 27, 26, 10, 7, 15, 4, 35, 29, 15, 16, 0)
s = 34: (0, 26, 14, 17, 7, 24, 6, 32, 44, 17, 12, 0)
s = 35: (0, 14, 29, 10, 5, 28, 6, 42, 30, 26, 19, 0)
s = 36: (0, 25, 19, 12, 5, 24, 5, 41, 25, 15, 28, 0)
s = 37: (0, 25, 14, 15, 7, 18, 4, 46, 44, 22, 10, 0)
s = 38: (0, 23, 26, 12, 5, 16, 3, 38, 34, 10, 20, 0)
s = 39: (0, 29, 25, 8, 8, 15, 5, 32, 42, 18, 20, 0)
s = 40: (0, 21, 16, 14, 8, 31, 4, 48, 36, 12, 23, 0)
s = 41: (0, 16, 16, 8, 7, 21, 8, 46, 53, 19, 12, 0)
s = 42: (0, 26, 25, 10, 8, 14, 4, 28, 44, 18, 11, 0)
s = 43: (0, 27, 14, 9, 6, 13, 5, 30, 48, 14, 17, 0)
s = 44: (0, 16, 18, 9, 6, 15, 3, 56, 49, 19, 13, 0)
s = 45: (0, 36, 18, 8, 5, 24, 4, 32, 54, 17, 13, 0)
s = 46: (0, 37, 21, 7, 9, 16, 4, 24, 63, 25, 20, 0)
s = 47: (0, 31, 16, 14, 7, 16, 3, 43, 29, 25, 15, 0)
s = 48: (0, 21, 13, 6, 7, 16, 3, 38, 38, 23, 17, 0)
s = 49: (0, 37, 15, 11, 6, 24, 4, 23, 23, 18, 15, 0)
s = 50: (0, 21, 25, 8, 8, 14, 5, 43, 24, 18, 18, 0)
s = 51: (0, 27, 25, 16, 8, 16, 5, 34, 27, 13, 19, 0)
s = 52: (0, 21, 10, 8, 5, 18, 5, 29, 36, 11, 14, 0)
s = 53: (0, 17, 17, 10, 7, 20, 3, 26, 37, 17, 19, 0)
s = 54: (0, 23, 12, 10, 7, 13, 4, 47, 37, 14, 20, 0)
s = 55: (0, 28, 18, 12, 8, 18, 6, 31, 23, 20, 19, 0)
s = 56: (0, 15, 15, 9, 8, 15, 4, 27, 50, 16, 27, 0)
s = 57: (0, 20, 31, 18, 6, 22, 5, 28, 49, 19, 19, 0)
s = 58: (0, 31, 13, 13, 7, 16, 3, 22, 41, 15, 26, 0)
s = 59: (0, 17, 19, 9, 5, 23, 3, 24, 21, 33, 18, 0)
s = 60: (0, 23, 13, 7, 5, 12, 5, 34, 30, 16, 24, 0)
s = 61: (0, 32, 29, 6, 4, 31, 4, 36, 26, 11, 24, 0)
s = 62: (0, 27, 11, 8, 7, 24, 4, 37, 43, 20, 12, 0)
s = 63: (0, 28, 15, 9, 6, 13, 5, 51, 43, 11, 11, 0)
s = 64: (0, 27, 21, 10, 6, 17, 7, 36, 54, 16, 11, 0)
s = 65: (0, 29, 14, 13, 7, 14, 4, 19, 50, 15, 16, 0)
s = 66: (0, 19, 22, 12, 6, 29, 3, 30, 43, 20, 21, 0)
s = 67: (0, 22, 16, 15, 6, 13, 6, 29, 25, 16, 17, 0)
s = 68: (0, 32, 13, 12, 5, 24, 5, 50, 61, 19, 16, 0)
s = 69: (0, 20, 24, 10, 5, 14, 4, 46, 30, 18, 10, 0)
s = 70: (0, 43, 27, 6, 8, 21, 4, 26, 25, 16, 10, 0)
s = 71: (0, 14, 20, 11, 7, 22, 5, 31, 47, 26, 18, 0)
s = 72: (0, 23, 25, 7, 5, 17, 4, 38, 62, 18, 12, 0)
s = 73: (0, 32, 11, 16, 6, 17, 4, 46, 59, 17, 12, 0)
s = 74: (0, 29, 18, 11, 6, 19, 6, 46, 59, 21, 20, 0)
s = 75: (0, 21, 17, 8, 9, 21, 5, 26, 28, 20, 11, 0)
s = 76: (0, 31, 23, 15, 6, 27, 5, 37, 39, 13, 18, 0)
s = 77: (0, 30, 21, 11, 6, 24, 5, 34, 41, 12, 19, 0)
s = 78: (0, 29, 11, 14, 5, 23, 3, 29, 23, 19, 13, 0)
s = 79: (0, 25, 26, 10, 6, 17, 4, 28, 24, 25, 14, 0)
s = 80: (0, 19, 12, 6, 6, 16, 6, 26, 27, 12, 12, 0)
s = 81: (0, 19, 14, 11, 5, 16, 7, 27, 52, 16, 9, 0)
s = 82: (0, 35, 16, 13, 4, 14, 6, 65, 24, 13, 16, 0)
s = 83: (0, 15, 19, 17, 6, 13, 4, 45, 40, 20, 22, 0)
s = 84: (0, 29, 13, 11, 4, 12, 3, 26, 38, 22, 21, 0)
s = 85: (0, 15, 18, 8, 6, 18, 3, 56, 63, 21, 14, 0)
s = 86: (0, 22, 17, 9, 9, 20, 5, 38, 43, 27, 23, 0)
s = 87: (0, 24, 12, 17, 8, 20, 3, 38, 51, 17, 13, 0)
s = 88: (0, 19, 25, 8, 5, 23, 5, 47, 32, 23, 11, 0)
s = 89: (0, 17, 20, 11, 5, 19, 3, 42, 44, 12, 29, 0)
s = 90: (0, 24, 12, 7, 6, 17, 4, 46, 34, 13, 15, 0)
s = 91: (0, 29, 19, 9, 4, 13, 4, 36, 40, 22, 18, 0)
s = 92: (0, 32, 25, 9, 8, 36, 4, 36, 45, 17, 22, 0)
s = 93: (0, 32, 24, 9, 5, 16, 4, 19, 49, 28, 14, 0)
s = 94: (0, 15, 24, 9, 6, 25, 5, 20, 34, 18, 19, 0)
s = 95: (0, 15, 17, 19, 8, 12, 4, 33, 35, 17, 11, 0)
s = 96: (0, 29, 24, 7, 9, 21, 5, 27, 38, 18, 15, 0)
s = 97: (0, 24, 13, 9, 7, 19, 5, 31, 32, 19, 24, 0)
s = 98: (0, 21, 12, 15, 7, 15, 3, 28, 45, 14, 22, 0)
s = 99: (0, 20, 20, 13, 6, 26, 7, 52, 45, 15, 10, 0)
s = 100: (0, 21, 13, 8, 7, 16, 5, 37, 32, 20, 12, 0)
s = 101: (0, 22, 13, 8, 8, 23, 3, 30, 51, 23, 23, 0)
s = 102: (0, 15, 18, 14, 4, 22, 5, 31, 58, 14, 22, 0)
s = 103: (0, 16, 17, 11, 5, 24, 4, 29, 64, 26, 12, 0)
s = 104: (0, 20, 17, 16, 5, 25, 4, 27, 34, 25, 19, 0)
s = 105: (0, 20, 21, 15, 6, 21, 5, 49, 67, 23, 25, 0)
s = 106: (0, 28, 35, 12, 6, 23, 3, 35, 37, 19, 12, 0)
s = 107: (0, 23, 16, 9, 5, 24, 6, 29, 32, 16, 31, 0)
s = 108: (0, 20, 25, 11, 5, 24, 4, 48, 65, 14, 22, 0)
s = 109: (0, 26, 18, 9, 6, 13, 4, 35, 21, 18, 17, 0)
s = 110: (0, 38, 26, 12, 7, 18, 5, 61, 47, 19, 24, 0)
s = 111: (0, 27, 15, 14, 7, 18, 6, 48, 47, 12, 24, 0)
s = 112: (0, 17, 30, 16, 10, 15, 4, 35, 41, 16, 15, 0)
s = 113: (0, 24, 17, 11, 9, 28, 4, 43, 60, 14, 17, 0)
s = 114: (0, 21, 17, 8, 6, 20, 6, 26, 29, 21, 11, 0)
s = 115: (0, 20, 10, 6, 8, 29, 4, 29, 40, 12, 13, 0)
s = 116: (0, 26, 14, 6, 6, 26, 5, 42, 33, 29, 12, 0)
s = 117: (0, 23, 20, 15, 5, 16, 4, 26, 41, 22, 24, 0)
s = 118: (0, 27, 17, 9, 7, 20, 5, 33, 47, 13, 17, 0)
s = 119: (0, 22, 12, 10, 6, 13, 3, 36, 30, 27, 14, 0)
s = 120: (0, 23, 13, 7, 7, 29, 5, 59, 31, 13, 23, 0)
s = 121: (0, 26, 30, 13, 5, 17, 3, 26, 47, 22, 16, 0)
s = 122: (0, 40, 16, 8, 8, 12, 5, 36, 38, 21, 24, 0)
s = 123: (0, 36, 11, 10, 6, 24, 5, 25, 33, 19, 19, 0)
s = 124: (0, 23, 12, 13, 6, 22, 3, 32, 53, 14, 12, 0)
s = 125: (0, 26, 13, 11, 7, 18, 3, 37, 37, 32, 11, 0)
s = 126: (0, 25, 19, 9, 6, 20, 4, 53, 22, 12, 12, 0)
s = 127: (0, 18, 18, 8, 7, 24, 5, 44, 36, 14, 10, 0)
s = 128: (0, 15, 20, 11, 6, 11, 7, 32, 42, 15, 14, 0)
s = 129: (0, 15, 12, 10, 9, 12, 6, 48, 27, 17, 11, 0)
s = 130: (0, 19, 12, 12, 5, 17, 4, 37, 25, 18, 23, 0)
s = 131: (0, 28, 21, 15, 4, 15, 5, 37, 53, 11, 15, 0)
s = 132: (0, 13, 15, 14, 4, 20, 5, 29, 76, 27, 19, 0)
s = 133: (0, 21, 13, 11, 8, 22, 3, 49, 56, 14, 11, 0)
s = 134: (0, 21, 18, 12, 8, 22, 6, 44, 44, 16, 12, 0)
s = 135: (0, 19, 15, 10, 5, 18, 5, 27, 27, 20, 14, 0)
s = 136: (0, 28, 12, 11, 5, 23, 5, 36, 43, 16, 12, 0)
s = 137: (0, 21, 31, 14, 4, 33, 5, 41, 46, 14, 13, 0)
s = 138: (0, 27, 19, 10, 8, 28, 4, 66, 42, 21, 15, 0)
s = 139: (0, 34, 22, 14, 10, 25, 4, 39, 50, 36, 27, 0)
s = 140: (0, 23, 27, 11, 7, 16, 3, 66, 55, 11, 14, 0)
s = 141: (0, 14, 17, 12, 4, 15, 4, 27, 22, 15, 13, 0)
s = 142: (0, 24, 21, 10, 6, 11, 4, 31, 23, 14, 15, 0)
s = 143: (0, 18, 20, 10, 9, 29, 4, 44, 45, 24, 12, 0)
s = 144: (0, 27, 29, 13, 5, 15, 4, 46, 45, 13, 23, 0)
s = 145: (0, 39, 18, 7, 5, 15, 4, 32, 27, 23, 16, 0)
s = 146: (0, 23, 22, 12, 9, 30, 4, 42, 45, 23, 24, 0)
s = 147: (0, 35, 23, 15, 4, 18, 4, 35, 28, 17, 9, 0)
s = 148: (0, 34, 30, 12, 9, 16, 5, 49, 43, 28, 16, 0)
s = 149: (0, 22, 24, 10, 7, 13, 4, 24, 26, 20, 16, 0)
s = 150: (0, 15, 20, 9, 6, 22, 6, 43, 41, 26, 18, 0)
s = 151: (0, 18, 25, 8, 5, 28, 4, 27, 26, 13, 17, 0)
s = 152: (0, 21, 18, 7, 5, 18, 3, 36, 34, 11, 13, 0)
s = 153: (0, 23, 11, 7, 9, 21, 4, 41, 36, 15, 19, 0)
s = 154: (0, 22, 10, 15, 4, 17, 3, 64, 52, 20, 12, 0)
s = 155: (0, 18, 24, 8, 7, 12, 5, 30, 55, 12, 24, 0)
s = 156: (0, 23, 22, 10, 5, 18, 4, 36, 33, 14, 18, 0)
s = 157: (0, 28, 12, 12, 7, 29, 5, 34, 38, 17, 13, 0)
s = 158: (0, 23, 14, 8, 6, 25, 4, 51, 58, 16, 24, 0)
s = 159: (0, 19, 13, 9, 10, 19, 3, 44, 50, 25, 19, 0)
s = 160: (0, 32, 28, 8, 8, 15, 3, 32, 39, 20, 16, 0)
s = 161: (0, 20, 16, 14, 6, 14, 5, 40, 46, 12, 17, 0)
s = 162: (0, 15, 29, 10, 8, 27, 4, 40, 41, 18, 12, 0)
s = 163: (0, 24, 12, 12, 6, 21, 3, 20, 34, 23, 27, 0)
s = 164: (0, 23, 23, 10, 4, 18, 6, 31, 55, 16, 18, 0)
s = 165: (0, 21, 17, 10, 7, 15, 5, 31, 38, 22, 22, 0)
s = 166: (0, 20, 17, 14, 6, 18, 4, 33, 44, 25, 17, 0)
s = 167: (0, 16, 15, 10, 8, 17, 4, 51, 51, 14, 13, 0)
s = 168: (0, 30, 11, 12, 4, 22, 3, 39, 39, 17, 11, 0)
s = 169: (0, 24, 17, 10, 11, 12, 4, 42, 50, 27, 15, 0)
s = 170: (0, 18, 17, 7, 6, 35, 3, 36, 39, 16, 15, 0)
s = 171: (0, 16, 13, 9, 10, 32, 4, 36, 31, 18, 12, 0)
s = 172: (0, 19, 14, 8, 7, 28, 6, 27, 54, 14, 15, 0)
s = 173: (0, 26, 17, 7, 6, 24, 4, 28, 29, 22, 20, 0)
s = 174: (0, 41, 16, 14, 5, 11, 4, 40, 33, 19, 24, 0)
s = 175: (0, 19, 28, 8, 5, 18, 4, 26, 46, 17, 16, 0)
s = 176: (0, 37, 28, 13, 7, 26, 4, 21, 39, 12, 18, 0)
s = 177: (0, 22, 13, 20, 8, 16, 3, 45, 44, 19, 16, 0)
s = 178: (0, 23, 13, 13, 6, 15, 4, 46, 45, 14, 11, 0)
s = 179: (0, 31, 26, 13, 7, 15, 4, 51, 34, 17, 26, 0)
s = 180: (0, 23, 23, 12, 6, 16, 3, 35, 31, 21, 15, 0)
s = 181: (0, 29, 21, 10, 10, 11, 4, 40, 23, 24, 18, 0)
s = 182: (0, 28, 19, 15, 4, 16, 3, 32, 35, 12, 12, 0)
s = 183: (0, 32, 13, 10, 10, 22, 4, 27, 26, 12, 12, 0)
s = 184: (0, 20, 17, 12, 5, 25, 6, 38, 41, 21, 15, 0)
s = 185: (0, 34, 13, 13, 11, 23, 4, 53, 46, 11, 21, 0)
s = 186: (0, 32, 19, 11, 9, 12, 4, 29, 42, 12, 15, 0)
s = 187: (0, 19, 18, 12, 8, 26, 5, 34, 31, 22, 19, 0)
s = 188: (0, 31, 15, 14, 9, 25, 6, 37, 52, 12, 12, 0)
s = 189: (0, 13, 11, 7, 5, 15, 3, 27, 28, 24, 20, 0)
s = 190: (0, 21, 15, 9, 4, 13, 4, 24, 45, 21, 20, 0)
s = 191: (0, 22, 12, 8, 7, 27, 5, 34, 43, 23, 13, 0)
s = 192: (0, 23, 21, 8, 6, 26, 4, 32, 40, 26, 19, 0)
s = 193: (0, 19, 15, 7, 5, 12, 5, 31, 30, 29, 13, 0)
s = 194: (0, 28, 33, 12, 7, 17, 4, 32, 38, 20, 13, 0)
s = 195: (0, 29, 26, 8, 7, 15, 5, 39, 28, 24, 12, 0)
s = 196: (0, 24, 19, 14, 8, 16, 4, 53, 49, 17, 15, 0)
s = 197: (0, 42, 19, 16, 9, 17, 7, 50, 49, 15, 28, 0)
s = 198: (0, 19, 18, 10, 8, 14, 3, 33, 36, 13, 14, 0)
s = 199: (0, 19, 15, 7, 4, 23, 3, 28, 44, 27, 21, 0)
s = 200: (0, 32, 22, 14, 5, 13, 5, 45, 41, 16, 17, 0)
************************************************************************
ES/LS-VALUES:
jobnr.   ES(i)    LS(i)
------------------------------------------------------------------------
  0        0        0
  1        0       56
  2        0       48
  3        0       50
  4        4       52
  5        4       64
  6        5       54
  7        7       56
  8       14       64
  9       10       70
 10        7       66
 11       23       74
************************************************************************
BIG-M-VALUES:
M1 = 76, M2 = 243
************************************************************************
