************************************************************************
file with basedata            : j30_25.bas
initial value random generator: 8459
************************************************************************
projects                      :  1
jobs (incl. supersource/sink ):  32
horizon                       :  165
RESOURCES
  - renewable                 :  4   R
  - nonrenewable              :  0   N
  - doubly constrained        :  0   D
************************************************************************
PROJECT INFORMATION:
pronr.  #jobs rel.date duedate tardcost  MPM-Time
    1     30      0       55       19       55
************************************************************************
PRECEDENCE RELATIONS:
jobnr.    #modes  #successors   successors
   0        1          3           1   2   3
   1        1          1           4
   2        1          1          10
   3        1          3           6   7  15
   4        1          1           5
   5        1          1          18
   6        1          3           8  23  27
   7        1          2          21  24
   8        1          3           9  11  13
   9        1          3          12  14  16
  10        1          3          17  28  30
  11        1          1          16
  12        1          2          20  24
  13        1          2          19  25
  14        1          1          28
  15        1          1          21
  16        1          1          18
  17        1          2          22  26
  18        1          2          20  29
  19        1          1          20
  20        1          1          21
  21        1          1          28
  22        1          1          29
  23        1          1          26
  24        1          1          26
  25        1          1          30
  26        1          1          29
  27        1          1          30
  28        1          1          31
  29        1          1          31
  30        1          1          31
  31        1          0        
************************************************************************
REQUESTS/DURATIONS:
jobnr. mode duration  R 1  R 2  R 3  R 4  E(W 1)  E(W 2)  E(W 3)
------------------------------------------------------------------------
  0      1     0       0    0    0    0     0       0       0
  1      1     6       3    5    9    3    48      54      18
  2      1     6      10    2    7    0    72      42       0
  3      1     8       0    2    6   10    16      48      80
  4      1     5       9    3    5    9    60      25      45
  5      1     8      10    9    5    0    152      40       0
  6      1     2       0    6    7    0    12      14       0
  7      1     5       5    5    0    2    50       0      10
  8      1     5       0    8    0    7    40       0      35
  9      1     6       7    9    5    9    96      30      54
 10      1     3       3    6    4    0    27      12       0
 11      1     6       8    1    5    0    60      30       0
 12      1     4       6    0    6    3    24      24      12
 13      1     5       9    4    3    8    65      15      40
 14      1     6       0    8    0    8    48       0      48
 15      1     6       0   10    4    0    60      24       0
 16      1     5       0    0    3    8     0      15      40
 17      1     4       3    1    7    0    20      28       0
 18      1     4       8    6    8    8    56      32      32
 19      1     7       8    7    0    5    105       0      35
 20      1     9       0    3    9   10    27      81      90
 21      1     8       3    1    0   10    40       0      80
 22      1     7       4    1    8   10    42      56      70
 23      1     2       1    6   10    0    16      20       0
 24      1     5       0    5    2    5    25      10      25
 25      1     5       0    3    6    9    15      30      45
 26      1     3       4    0    5    0    12      15       0
 27      1     4       8    0    6    1    32      24       8
 28      1     8       8    4    7    5    96      56      40
 29      1     7       0    2    2    8    14      14      56
 30      1     6      10    6    9    0    96      54       0
 31      1     0       0    0    0    0     0       0       0
************************************************************************
RESOURCEAVAILABILITIES:
  R 1  R 2  R 3
   32   14   15
************************************************************************
RESOURCE LIMITS:
jobnr.  l(R 1)  u(R 1)  l(R 2)  u(R 2)  l(R 3)  u(R 3)
------------------------------------------------------------------------
  0        0       0       0       0       0       0
  1        5       8       5       9       2       3
  2        6      12       4       7       0       0
  3        1       2       3       6       5      10
  4        7      12       3       5       5       9
  5       10      19       3       5       0       0
  6        3       6       4       7       0       0
  7        6      10       0       0       1       2
  8        4       8       0       0       4       7
  9        9      16       3       5       5       9
 10        5       9       2       4       0       0
 11        5      10       3       5       0       0
 12        3       6       3       6       2       3
 13        7      13       2       3       4       8
 14        4       8       0       0       4       8
 15        5      10       2       4       0       0
 16        0       0       2       3       4       8
 17        3       5       4       7       0       0
 18        7      14       4       8       4       8
 19        8      15       0       0       3       5
 20        2       3       5       9       5      10
 21        3       5       0       0       5      10
 22        3       6       4       8       5      10
 23        4       8       5      10       0       0
 24        3       5       1       2       3       5
 25        2       3       3       6       5       9
 26        2       4       3       5       0       0
 27        4       8       3       6       1       2
 28        6      12       4       7       3       5
 29        1       2       1       2       4       8
 30        8      16       5       9       0       0
 31        0       0       0       0       0       0
************************************************************************
SCENARIOS:
------------------------------------------------------------------------
RESOURCE k = 1
s = 1: (0, 39, 78, 14, 47, 88, 12, 57, 34, 86, 26, 61, 17, 104, 54, 80, 0, 23, 43, 77, 35, 35, 72, 10, 15, 12, 12, 32, 124, 12, 144, 0)
s = 2: (0, 52, 40, 17, 61, 189, 11, 52, 32, 69, 33, 73, 24, 48, 45, 47, 0, 20, 56, 75, 36, 44, 27, 23, 30, 13, 16, 25, 97, 10, 80, 0)
s = 3: (0, 38, 76, 13, 46, 138, 11, 47, 61, 89, 23, 49, 24, 46, 43, 39, 0, 24, 57, 113, 38, 26, 34, 11, 18, 13, 9, 46, 93, 12, 77, 0)
s = 4: (0, 39, 65, 25, 41, 189, 9, 78, 42, 138, 22, 60, 37, 38, 82, 59, 0, 16, 43, 89, 22, 47, 35, 13, 24, 19, 17, 28, 71, 15, 80, 0)
s = 5: (0, 45, 74, 15, 107, 187, 12, 69, 39, 75, 18, 48, 20, 40, 46, 72, 0, 35, 55, 99, 37, 27, 70, 19, 44, 26, 10, 25, 69, 18, 114, 0)
s = 6: (0, 44, 40, 17, 54, 150, 11, 54, 29, 68, 23, 79, 23, 46, 52, 37, 0, 20, 89, 68, 34, 29, 35, 12, 19, 25, 16, 45, 57, 10, 83, 0)
s = 7: (0, 33, 62, 30, 40, 161, 8, 57, 26, 85, 17, 50, 25, 51, 37, 60, 0, 22, 58, 128, 23, 63, 25, 22, 28, 12, 10, 25, 60, 13, 83, 0)
s = 8: (0, 70, 63, 18, 47, 165, 13, 31, 58, 83, 35, 63, 24, 62, 52, 96, 0, 23, 53, 119, 24, 42, 45, 15, 22, 14, 14, 40, 77, 18, 115, 0)
s = 9: (0, 46, 76, 13, 60, 170, 9, 28, 46, 103, 30, 60, 24, 79, 45, 60, 0, 25, 77, 72, 25, 36, 45, 27, 23, 17, 12, 33, 83, 18, 50, 0)
s = 10: (0, 44, 96, 20, 44, 222, 11, 56, 34, 74, 28, 66, 20, 54, 40, 59, 0, 17, 43, 131, 23, 37, 52, 16, 27, 12, 15, 33, 129, 13, 63, 0)
s = 11: (0, 35, 95, 12, 95, 296, 9, 69, 26, 72, 28, 40, 19, 82, 42, 54, 0, 24, 55, 109, 39, 42, 28, 12, 48, 17, 14, 40, 58, 10, 115, 0)
s = 12: (0, 44, 85, 16, 66, 171, 11, 64, 29, 108, 24, 53, 30, 53, 59, 39, 0, 20, 70, 120, 38, 29, 59, 12, 18, 16, 16, 36, 121, 17, 55, 0)
s = 13: (0, 59, 56, 15, 50, 121, 11, 64, 31, 89, 26, 76, 24, 64, 29, 53, 0, 19, 38, 84, 27, 36, 37, 13, 21, 20, 15, 27, 94, 21, 81, 0)
s = 14: (0, 74, 50, 15, 44, 205, 12, 47, 44, 70, 41, 37, 20, 68, 53, 54, 0, 21, 38, 61, 21, 22, 59, 17, 15, 21, 11, 31, 99, 18, 127, 0)
s = 15: (0, 41, 71, 10, 47, 118, 8, 56, 60, 70, 27, 56, 29, 100, 52, 49, 0, 21, 65, 108, 34, 27, 46, 13, 18, 26, 12, 29, 89, 23, 121, 0)
s = 16: (0, 77, 55, 12, 48, 135, 15, 38, 43, 113, 26, 48, 15, 45, 67, 52, 0, 17, 89, 131, 52, 31, 26, 22, 20, 15, 9, 27, 121, 14, 82, 0)
s = 17: (0, 56, 45, 11, 69, 185, 13, 57, 62, 87, 25, 80, 18, 45, 26, 35, 0, 21, 68, 114, 33, 28, 56, 20, 20, 11, 16, 35, 110, 11, 84, 0)
s = 18: (0, 61, 46, 20, 68, 98, 9, 49, 34, 72, 36, 33, 23, 68, 38, 53, 0, 14, 64, 110, 28, 34, 49, 17, 27, 19, 8, 18, 129, 9, 82, 0)
s = 19: (0, 42, 84, 25, 96, 177, 11, 69, 55, 140, 26, 52, 22, 91, 31, 73, 0, 22, 64, 113, 40, 31, 23, 16, 20, 16, 18, 33, 63, 8, 80, 0)
s = 20: (0, 71, 53, 11, 73, 141, 10, 39, 46, 90, 41, 47, 37, 64, 29, 52, 0, 19, 73, 169, 23, 55, 59, 17, 22, 19, 11, 36, 119, 11, 74, 0)
s = 21: (0, 50, 103, 14, 97, 129, 9, 51, 36, 101, 22, 45, 20, 70, 39, 61, 0, 20, 57, 88, 36, 50, 39, 12, 24, 11, 16, 46, 124, 14, 80, 0)
s = 22: (0, 63, 67, 16, 49, 168, 13, 35, 52, 121, 23, 36, 21, 83, 62, 82, 0, 23, 67, 102, 20, 39, 58, 14, 30, 13, 15, 54, 56, 12, 97, 0)
s = 23: (0, 61, 109, 11, 96, 103, 10, 58, 70, 95, 32, 57, 32, 55, 52, 47, 0, 28, 43, 84, 27, 36, 35, 24, 28, 22, 18, 22, 125, 10, 98, 0)
s = 24: (0, 75, 57, 10, 38, 118, 10, 58, 47, 73, 21, 81, 29, 76, 47, 52, 0, 14, 59, 150, 33, 41, 33, 10, 34, 18, 7, 32, 63, 17, 58, 0)
s = 25: (0, 60, 55, 12, 75, 132, 17, 59, 37, 118, 21, 61, 20, 95, 29, 57, 0, 22, 74, 80, 20, 25, 31, 10, 21, 14, 11, 27, 64, 19, 121, 0)
s = 26: (0, 60, 51, 17, 81, 228, 9, 47, 30, 108, 37, 52, 35, 81, 59, 63, 0, 25, 57, 96, 38, 25, 44, 10, 25, 12, 9, 27, 83, 9, 86, 0)
s = 27: (0, 31, 80, 18, 60, 162, 11, 87, 31, 95, 35, 33, 16, 46, 37, 76, 0, 31, 46, 112, 26, 35, 33, 20, 23, 13, 8, 30, 145, 16, 133, 0)
s = 28: (0, 39, 66, 26, 37, 112, 10, 62, 58, 110, 34, 46, 14, 44, 42, 91, 0, 23, 51, 122, 22, 24, 31, 11, 29, 13, 22, 30, 95, 16, 110, 0)
s = 29: (0, 39, 90, 10, 65, 104, 17, 53, 34, 167, 23, 57, 35, 56, 55, 57, 0, 21, 34, 127, 38, 43, 51, 19, 33, 15, 14, 34, 133, 23, 86, 0)
s = 30: (0, 76, 79, 16, 84, 130, 15, 76, 58, 91, 24, 53, 30, 78, 87, 54, 0, 20, 51, 95, 30, 23, 36, 14, 22, 14, 16, 42, 109, 10, 199, 0)
s = 31: (0, 58, 53, 25, 47, 255, 8, 45, 35, 93, 20, 67, 21, 79, 59, 58, 0, 16, 50, 112, 28, 45, 67, 15, 32, 19, 18, 30, 92, 10, 68, 0)
s = 32: (0, 69, 41, 11, 70, 178, 16, 57, 51, 109, 33, 65, 31, 46, 67, 63, 0, 31, 61, 108, 26, 56, 63, 18, 23, 23, 10, 23, 161, 12, 78, 0)
s = 33: (0, 78, 60, 23, 83, 131, 14, 39, 54, 106, 37, 72, 16, 49, 38, 53, 0, 22, 34, 137, 28, 24, 35, 19, 25, 11, 13, 32, 79, 16, 84, 0)
s = 34: (0, 41, 123, 21, 65, 190, 18, 65, 28, 73, 37, 55, 20, 67, 38, 89, 0, 20, 43, 77, 18, 41, 37, 18, 25, 9, 17, 20, 102, 16, 68, 0)
s = 35: (0, 48, 83, 22, 46, 190, 13, 37, 37, 107, 22, 55, 28, 71, 44, 33, 0, 19, 43, 78, 40, 41, 39, 14, 18, 16, 7, 35, 100, 14, 152, 0)
s = 36: (0, 45, 65, 14, 76, 161, 8, 39, 56, 77, 30, 59, 22, 63, 40, 57, 0, 24, 44, 63, 27, 35, 30, 17, 17, 12, 14, 20, 83, 14, 93, 0)
s = 37: (0, 33, 119, 11, 45, 207, 9, 33, 31, 124, 29, 63, 13, 97, 34, 69, 0, 30, 38, 94, 21, 44, 38, 13, 20, 12, 9, 39, 90, 10, 76, 0)
s = 38: (0, 76, 52, 19, 54, 147, 12, 48, 40, 91, 30, 37, 23, 89, 56, 47, 0, 16, 40, 122, 24, 43, 58, 11, 33, 18, 14, 22, 114, 12, 90, 0)
s = 39: (0, 44, 66, 20, 48, 164, 12, 37, 42, 83, 19, 38, 32, 36, 62, 73, 0, 14, 78, 71, 31, 41, 61, 17, 21, 19, 9, 27, 73, 10, 94, 0)
s = 40: (0, 49, 43, 16, 37, 95, 13, 50, 46, 108, 32, 58, 21, 75, 58, 78, 0, 19, 70, 86, 29, 50, 59, 15, 33, 16, 11, 23, 59, 13, 147, 0)
s = 41: (0, 43, 55, 18, 58, 108, 14, 72, 37, 77, 32, 55, 30, 72, 33, 49, 0, 20, 94, 136, 21, 64, 47, 16, 20, 11, 12, 43, 131, 17, 103, 0)
s = 42: (0, 47, 83, 13, 35, 170, 14, 51, 31, 99, 31, 45, 20, 78, 46, 67, 0, 24, 41, 102, 41, 35, 69, 20, 36, 12, 11, 19, 71, 9, 57, 0)
s = 43: (0, 56, 66, 15, 36, 214, 15, 58, 40, 120, 20, 47, 26, 83, 60, 79, 0, 34, 65, 111, 33, 42, 37, 19, 26, 14, 15, 42, 127, 24, 119, 0)
s = 44: (0, 31, 73, 19, 61, 233, 10, 44, 42, 85, 30, 46, 25, 50, 45, 64, 0, 23, 55, 63, 21, 63, 31, 18, 23, 11, 18, 28, 56, 17, 98, 0)
s = 45: (0, 65, 90, 10, 50, 155, 13, 75, 35, 95, 26, 82, 24, 47, 52, 52, 0, 12, 48, 108, 18, 52, 61, 12, 30, 19, 13, 22, 62, 11, 71, 0)
s = 46: (0, 79, 99, 12, 50, 129, 14, 50, 24, 94, 30, 56, 26, 49, 43, 40, 0, 17, 77, 110, 24, 32, 45, 22, 16, 14, 17, 39, 113, 18, 88, 0)
s = 47: (0, 60, 64, 12, 60, 135, 11, 72, 25, 98, 27, 60, 32, 42, 59, 80, 0, 17, 42, 103, 19, 56, 31, 22, 23, 17, 9, 41, 142, 11, 93, 0)
s = 48: (0, 48, 82, 18, 85, 202, 10, 50, 45, 133, 29, 51, 19, 85, 26, 96, 0, 14, 76, 129, 22, 42, 29, 19, 26, 13, 18, 37, 94, 18, 97, 0)
s = 49: (0, 63, 90, 16, 61, 126, 13, 46, 53, 77, 22, 70, 42, 106, 56, 69, 0, 20, 42, 122, 25, 26, 44, 15, 25, 15, 8, 37, 128, 24, 77, 0)
s = 50: (0, 42, 127, 17, 56, 137, 8, 61, 41, 92, 17, 65, 24, 73, 67, 84, 0, 26, 63, 127, 32, 22, 41, 14, 15, 18, 8, 18, 65, 12, 90, 0)
s = 51: (0, 40, 48, 20, 39, 177, 18, 65, 27, 106, 26, 48, 19, 83, 35, 63, 0, 13, 45, 163, 30, 47, 32, 20, 22, 18, 10, 27, 74, 14, 69, 0)
s = 52: (0, 39, 56, 11, 84, 178, 13, 34, 50, 109, 18, 45, 26, 55, 61, 68, 0, 14, 34, 76, 20, 57, 37, 9, 16, 12, 15, 24, 103, 24, 177, 0)
s = 53: (0, 70, 72, 11, 34, 87, 12, 35, 23, 81, 18, 69, 30, 40, 52, 91, 0, 14, 66, 103, 18, 50, 30, 19, 18, 12, 9, 25, 114, 13, 75, 0)
s = 54: (0, 62, 103, 13, 47, 130, 17, 65, 37, 85, 34, 52, 24, 59, 59, 60, 0, 22, 54, 60, 19, 26, 27, 24, 20, 9, 9, 28, 68, 10, 108, 0)
s = 55: (0, 27, 102, 16, 68, 113, 14, 62, 26, 73, 20, 79, 31, 98, 48, 62, 0, 18, 67, 134, 20, 48, 25, 14, 25, 18, 14, 31, 148, 14, 67, 0)
s = 56: (0, 49, 110, 17, 58, 124, 17, 45, 57, 107, 17, 65, 15, 67, 77, 69, 0, 15, 68, 137, 34, 39, 39, 19, 21, 12, 11, 39, 63, 9, 71, 0)
s = 57: (0, 56, 61, 18, 63, 194, 7, 58, 59, 100, 25, 58, 27, 85, 39, 59, 0, 35, 43, 96, 27, 27, 63, 20, 40, 19, 16, 23, 146, 18, 93, 0)
s = 58: (0, 42, 58, 11, 77, 172, 13, 57, 31, 80, 22, 59, 26, 40, 64, 73, 0, 24, 108, 141, 24, 56, 33, 10, 14, 14, 21, 40, 88, 11, 97, 0)
s = 59: (0, 51, 70, 17, 44, 124, 12, 78, 24, 112, 49, 53, 17, 74, 48, 75, 0, 18, 38, 114, 21, 37, 29, 11, 19, 13, 12, 38, 69, 10, 61, 0)
s = 60: (0, 57, 116, 19, 97, 103, 14, 57, 29, 92, 23, 65, 35, 60, 52, 52, 0, 15, 50, 91, 25, 36, 42, 22, 33, 12, 10, 42, 74, 21, 157, 0)
s = 61: (0, 33, 61, 11, 86, 113, 15, 53, 22, 82, 42, 92, 21, 62, 32, 82, 0, 12, 68, 126, 25, 56, 28, 11, 16, 12, 10, 35, 64, 16, 106, 0)
s = 62: (0, 59, 72, 19, 81, 166, 11, 29, 35, 80, 28, 53, 27, 119, 40, 68, 0, 23, 54, 65, 21, 23, 38, 15, 26, 11, 12, 29, 56, 18, 123, 0)
s = 63: (0, 53, 83, 13, 35, 141, 10, 62, 27, 113, 40, 59, 20, 46, 42, 83, 0, 16, 52, 163, 23, 33, 68, 15, 25, 18, 9, 34, 157, 12, 110, 0)
s = 64: (0, 45, 82, 17, 50, 106, 19, 31, 44, 58, 29, 78, 31, 84, 43, 89, 0, 23, 87, 106, 25, 40, 25, 29, 25, 15, 17, 36, 81, 9, 96, 0)
s = 65: (0, 50, 104, 19, 48, 133, 9, 30, 49, 96, 24, 34, 22, 53, 60, 55, 0, 15, 43, 97, 26, 49, 50, 20, 32, 17, 7, 18, 94, 20, 101, 0)
s = 66: (0, 34, 48, 14, 50, 142, 12, 62, 36, 114, 32, 53, 32, 98, 42, 37, 0, 23, 59, 70, 32, 37, 43, 12, 18, 22, 12, 56, 94, 8, 116, 0)
s = 67: (0, 56, 87, 20, 56, 176, 12, 33, 39, 128, 34, 41, 19, 69, 38, 73, 0, 20, 67, 109, 41, 50, 52, 15, 30, 12, 18, 24, 123, 8, 75, 0)
s = 68: (0, 62, 58, 28, 56, 126, 10, 43, 26, 71, 28, 80, 16, 67, 53, 40, 0, 21, 60, 95, 24, 39, 35, 21, 19, 8, 11, 23, 104, 10, 97, 0)
s = 69: (0, 49, 79, 14, 110, 111, 14, 54, 55, 63, 30, 58, 33, 51, 36, 36, 0, 28, 75, 85, 24, 41, 27, 22, 28, 13, 11, 33, 138, 23, 112, 0)
s = 70: (0, 51, 101, 9, 79, 125, 13, 63, 30, 60, 31, 46, 32, 85, 53, 99, 0, 17, 70, 62, 39, 36, 47, 11, 17, 20, 14, 24, 74, 22, 112, 0)
s = 71: (0, 47, 43, 15, 103, 116, 15, 51, 45, 164, 25, 48, 35, 40, 54, 79, 0, 13, 56, 105, 27, 66, 42, 15, 40, 17, 18, 35, 76, 18, 114, 0)
s = 72: (0, 49, 72, 9, 46, 230, 16, 47, 45, 71, 22, 74, 18, 73, 68, 75, 0, 18, 65, 128, 40, 38, 26, 18, 33, 12, 9, 37, 91, 14, 138, 0)
s = 73: (0, 33, 100, 26, 55, 136, 19, 53, 49, 129, 37, 48, 17, 40, 55, 57, 0, 28, 46, 89, 22, 40, 62, 21, 32, 18, 11, 44, 101, 14, 81, 0)
s = 74: (0, 80, 76, 10, 72, 111, 14, 47, 56, 94, 20, 37, 20, 63, 34, 80, 0, 14, 75, 80, 39, 41, 32, 24, 24, 15, 10, 25, 80, 23, 100, 0)
s = 75: (0, 34, 88, 18, 49, 213, 11, 66, 42, 84, 39, 64, 25, 38, 33, 58, 0, 18, 40, 77, 39, 52, 43, 22, 26, 9, 15, 36, 83, 17, 89, 0)
s = 76: (0, 59, 55, 19, 54, 159, 9, 74, 38, 154, 41, 87, 16, 89, 31, 60, 0, 31, 68, 84, 35, 38, 36, 11, 17, 15, 12, 33, 104, 15, 64, 0)
s = 77: (0, 55, 64, 13, 48, 131, 9, 54, 30, 68, 34, 60, 17, 51, 34, 42, 0, 14, 50, 117, 30, 43, 30, 17, 17, 13, 18, 38, 128, 17, 74, 0)
s = 78: (0, 38, 63, 18, 77, 199, 9, 41, 40, 102, 21, 36, 18, 52, 64, 55, 0, 23, 50, 85, 21, 24, 38, 15, 24, 22, 18, 54, 110, 10, 74, 0)
s = 79: (0, 47, 42, 12, 54, 157, 11, 77, 36, 95, 34, 82, 30, 62, 38, 57, 0, 30, 46, 95, 29, 36, 33, 13, 30, 14, 13, 32, 114, 13, 90, 0)
s = 80: (0, 42, 65, 17, 48, 132, 14, 55, 24, 66, 24, 38, 22, 44, 57, 54, 0, 24, 34, 92, 25, 36, 32, 13, 40, 11, 8, 49, 79, 13, 80, 0)
s = 81: (0, 39, 61, 16, 47, 172, 16, 38, 42, 81, 40, 72, 29, 46, 70, 46, 0, 24, 85, 81, 52, 61, 29, 9, 26, 9, 13, 43, 73, 19, 100, 0)
s = 82: (0, 58, 80, 17, 82, 169, 11, 41, 38, 86, 31, 84, 21, 69, 40, 46, 0, 36, 63, 81, 23, 54, 54, 18, 31, 17, 15, 24, 129, 19, 94, 0)
s = 83: (0, 40, 46, 14, 91, 119, 17, 42, 51, 120, 28, 86, 24, 49, 64, 112, 0, 15, 54, 96, 26, 51, 27, 23, 21, 9, 20, 39, 135, 17, 133, 0)
s = 84: (0, 49, 42, 17, 60, 98, 20, 33, 33, 67, 33, 61, 22, 98, 37, 53, 0, 31, 74, 80, 26, 41, 49, 19, 29, 14, 12, 26, 123, 8, 89, 0)
s = 85: (0, 71, 49, 12, 57, 175, 10, 38, 32, 84, 40, 57, 21, 48, 61, 73, 0, 20, 48, 99, 23, 25, 27, 13, 23, 16, 15, 42, 83, 12, 80, 0)
s = 86: (0, 50, 64, 19, 51, 90, 16, 56, 42, 95, 24, 55, 39, 48, 38, 37, 0, 24, 83, 116, 15, 62, 29, 16, 24, 11, 12, 31, 66, 14, 137, 0)
s = 87: (0, 39, 75, 14, 37, 88, 11, 57, 27, 67, 21, 55, 22, 87, 39, 63, 0, 13, 73, 91, 19, 33, 66, 14, 14, 13, 10, 22, 103, 18, 146, 0)
s = 88: (0, 38, 69, 20, 56, 226, 9, 53, 33, 139, 19, 34, 17, 41, 40, 48, 0, 17, 58, 113, 34, 29, 53, 16, 26, 14, 19, 50, 103, 21, 103, 0)
s = 89: (0, 50, 120, 16, 34, 126, 19, 35, 29, 123, 30, 61, 23, 60, 57, 77, 0, 26, 62, 150, 35, 37, 32, 19, 19, 12, 15, 25, 104, 10, 81, 0)
s = 90: (0, 51, 56, 13, 89, 127, 12, 57, 30, 95, 18, 60, 19, 66, 37, 52, 0, 15, 52, 167, 18, 40, 53, 10, 31, 16, 16, 27, 134, 11, 88, 0)
s = 91: (0, 30, 66, 18, 47, 303, 16, 58, 43, 140, 43, 60, 32, 66, 47, 64, 0, 17, 95, 89, 36, 44, 33, 12, 23, 21, 17, 43, 105, 14, 120, 0)
s = 92: (0, 41, 42, 10, 81, 148, 12, 54, 58, 149, 19, 69, 26, 82, 29, 53, 0, 24, 85, 75, 35, 25, 47, 16, 28, 15, 11, 31, 93, 20, 99, 0)
s = 93: (0, 44, 65, 12, 69, 129, 11, 55, 55, 92, 48, 53, 34, 52, 34, 55, 0, 24, 39, 163, 14, 32, 27, 18, 19, 13, 10, 36, 105, 14, 88, 0)
s = 94: (0, 34, 60, 18, 36, 214, 16, 40, 35, 79, 35, 60, 15, 55, 34, 72, 0, 18, 62, 102, 30, 51, 33, 13, 22, 16, 10, 26, 84, 16, 65, 0)
s = 95: (0, 44, 101, 15, 52, 142, 14, 73, 63, 104, 18, 55, 24, 56, 72, 56, 0, 18, 38, 106, 19, 30, 49, 15, 17, 12, 18, 26, 141, 17, 87, 0)
s = 96: (0, 37, 49, 12, 49, 119, 11, 27, 28, 94, 21, 62, 19, 93, 82, 34, 0, 31, 57, 71, 19, 39, 31, 18, 24, 19, 14, 19, 79, 12, 101, 0)
s = 97: (0, 42, 97, 12, 51, 128, 11, 35, 28, 85, 16, 45, 24, 78, 41, 73, 0, 15, 53, 178, 21, 46, 53, 11, 34, 18, 13, 28, 103, 12, 91, 0)
s = 98: (0, 45, 104, 25, 47, 148, 17, 26, 28, 93, 35, 64, 26, 67, 35, 45, 0, 20, 42, 142, 19, 58, 49, 12, 23, 12, 16, 22, 172, 14, 104, 0)
s = 99: (0, 36, 103, 13, 73, 110, 9, 52, 24, 120, 16, 49, 23, 46, 28, 76, 0, 21, 52, 89, 33, 56, 51, 16, 14, 12, 9, 32, 107, 11, 110, 0)
s = 100: (0, 49, 49, 15, 54, 129, 16, 54, 25, 123, 31, 108, 16, 39, 45, 76, 0, 25, 78, 133, 24, 37, 37, 10, 23, 12, 11, 32, 110, 12, 119, 0)
s = 101: (0, 45, 48, 15, 68, 165, 16, 68, 38, 85, 24, 75, 21, 51, 57, 58, 0, 18, 37, 137, 19, 34, 51, 14, 19, 15, 8, 25, 144, 18, 117, 0)
s = 102: (0, 30, 72, 23, 52, 109, 13, 55, 49, 127, 16, 35, 33, 69, 73, 81, 0, 32, 59, 120, 26, 46, 44, 20, 27, 14, 13, 41, 105, 15, 90, 0)
s = 103: (0, 51, 69, 16, 64, 190, 10, 61, 29, 62, 20, 57, 32, 76, 74, 51, 0, 25, 31, 67, 31, 45, 27, 23, 18, 14, 9, 34, 102, 19, 84, 0)
s = 104: (0, 39, 94, 23, 77, 83, 12, 38, 37, 85, 32, 64, 40, 45, 56, 57, 0, 23, 67, 101, 22, 57, 28, 10, 26, 16, 10, 33, 146, 12, 67, 0)
s = 105: (0, 29, 107, 22, 50, 170, 15, 37, 49, 88, 37, 62, 21, 54, 60, 45, 0, 19, 45, 100, 21, 36, 55, 13, 39, 25, 7, 35, 82, 17, 104, 0)
s = 106: (0, 48, 83, 16, 75, 149, 12, 33, 58, 90, 27, 56, 23, 89, 33, 40, 0, 21, 93, 129, 34, 43, 23, 22, 21, 18, 10, 38, 78, 13, 83, 0)
s = 107: (0, 46, 93, 14, 85, 177, 14, 30, 57, 110, 29, 36, 24, 75, 38, 51, 0, 11, 70, 90, 29, 52, 37, 20, 21, 20, 10, 47, 79, 14, 108, 0)
s = 108: (0, 29, 88, 28, 84, 121, 12, 44, 44, 93, 33, 79, 37, 91, 55, 96, 0, 19, 32, 80, 26, 44, 67, 13, 32, 13, 8, 32, 70, 14, 101, 0)
s = 109: (0, 48, 56, 14, 58, 141, 11, 49, 62, 117, 23, 68, 24, 85, 47, 68, 0, 19, 96, 178, 34, 40, 44, 20, 32, 17, 11, 20, 100, 16, 102, 0)
s = 110: (0, 44, 98, 16, 43, 152, 17, 68, 51, 69, 25, 67, 25, 38, 40, 47, 0, 12, 76, 73, 39, 45, 56, 22, 42, 24, 18, 24, 73, 18, 80, 0)
s = 111: (0, 45, 69, 18, 49, 133, 14, 37, 55, 127, 22, 58, 21, 50, 70, 99, 0, 19, 99, 117, 25, 31, 36, 14, 33, 12, 12, 20, 128, 13, 83, 0)
s = 112: (0, 42, 39, 21, 60, 126, 20, 30, 28, 110, 27, 53, 19, 64, 63, 77, 0, 20, 37, 117, 22, 43, 52, 18, 18, 21, 16, 27, 66, 14, 77, 0)
s = 113: (0, 65, 64, 16, 47, 89, 12, 36, 26, 91, 37, 42, 28, 49, 57, 47, 0, 22, 77, 149, 23, 44, 40, 16, 26, 10, 15, 28, 75, 13, 72, 0)
s = 114: (0, 52, 63, 14, 83, 149, 9, 46, 57, 73, 19, 67, 17, 56, 82, 57, 0, 15, 92, 113, 26, 37, 49, 13, 28, 16, 9, 20, 143, 13, 121, 0)
s = 115: (0, 63, 43, 14, 54, 167, 9, 50, 30, 61, 28, 94, 16, 67, 64, 42, 0, 20, 38, 185, 25, 32, 55, 13, 37, 15, 13, 32, 101, 15, 102, 0)
s = 116: (0, 50, 77, 19, 65, 149, 16, 29, 29, 139, 27, 105, 30, 85, 47, 43, 0, 15, 43, 90, 26, 38, 38, 17, 24, 15, 12, 30, 131, 15, 55, 0)
s = 117: (0, 70, 105, 22, 71, 111, 10, 56, 24, 64, 35, 54, 24, 80, 28, 52, 0, 18, 43, 84, 25, 37, 31, 12, 21, 24, 8, 27, 91, 18, 92, 0)
s = 118: (0, 74, 88, 13, 65, 223, 14, 61, 29, 68, 26, 31, 13, 95, 68, 37, 0, 15, 34, 85, 16, 39, 49, 16, 29, 26, 11, 46, 55, 12, 107, 0)
s = 119: (0, 74, 93, 13, 53, 106, 15, 86, 52, 102, 29, 54, 22, 67, 33, 81, 0, 21, 47, 73, 27, 36, 50, 12, 16, 15, 17, 26, 64, 14, 72, 0)
s = 120: (0, 30, 64, 18, 45, 129, 10, 46, 57, 139, 34, 55, 21, 66, 33, 47, 0, 11, 53, 101, 16, 62, 33, 25, 24, 27, 9, 23, 74, 11, 115, 0)
s = 121: (0, 60, 59, 14, 60, 216, 9, 49, 50, 78, 22, 38, 18, 61, 32, 52, 0, 29, 55, 137, 28, 63, 45, 11, 25, 13, 12, 30, 132, 14, 145, 0)
s = 122: (0, 33, 67, 13, 72, 111, 11, 44, 51, 148, 26, 72, 19, 62, 58, 57, 0, 29, 51, 90, 14, 62, 66, 16, 29, 17, 9, 23, 120, 18, 98, 0)
s = 123: (0, 28, 64, 14, 49, 153, 11, 45, 46, 131, 18, 45, 18, 53, 41, 47, 0, 29, 38, 56, 37, 36, 49, 14, 22, 12, 15, 29, 94, 21, 78, 0)
s = 124: (0, 43, 44, 16, 42, 223, 12, 78, 33, 64, 19, 82, 20, 87, 71, 116, 0, 18, 79, 165, 29, 24, 36, 21, 38, 14, 11, 19, 121, 17, 127, 0)
s = 125: (0, 62, 97, 14, 47, 134, 18, 44, 58, 119, 18, 68, 22, 70, 66, 48, 0, 14, 67, 72, 19, 28, 57, 25, 22, 12, 17, 31, 121, 16, 119, 0)
s = 126: (0, 52, 62, 20, 103, 218, 11, 29, 34, 108, 30, 88, 23, 62, 50, 43, 0, 16, 30, 156, 29, 30, 37, 11, 36, 14, 20, 20, 94, 11, 119, 0)
s = 127: (0, 40, 65, 18, 41, 179, 12, 47, 40, 126, 34, 73, 19, 37, 33, 73, 0, 18, 58, 133, 25, 27, 39, 12, 29, 14, 13, 22, 126, 10, 77, 0)
s = 128: (0, 44, 77, 25, 77, 177, 7, 52, 41, 70, 27, 82, 17, 66, 53, 55, 0, 14, 53, 101, 25, 34, 24, 18, 21, 13, 13, 36, 69, 19, 106, 0)
s = 129: (0, 64, 86, 21, 36, 95, 7, 58, 55, 66, 25, 82, 19, 98, 56, 58, 0, 22, 84, 104, 18, 28, 52, 17, 19, 20, 23, 26, 86, 10, 123, 0)
s = 130: (0, 55, 53, 17, 53, 153, 8, 45, 41, 62, 48, 76, 26, 50, 42, 94, 0, 21, 66, 122, 19, 45, 37, 18, 23, 23, 9, 28, 59, 14, 146, 0)
s = 131: (0, 27, 48, 13, 72, 153, 9, 45, 25, 91, 26, 84, 19, 89, 38, 64, 0, 25, 58, 137, 34, 26, 46, 24, 18, 18, 10, 24, 105, 15, 133, 0)
s = 132: (0, 70, 98, 19, 57, 176, 8, 45, 55, 66, 21, 56, 28, 44, 55, 42, 0, 20, 49, 60, 34, 52, 39, 10, 22, 10, 9, 29, 110, 10, 152, 0)
s = 133: (0, 32, 80, 11, 96, 159, 12, 42, 29, 59, 21, 40, 14, 75, 37, 80, 0, 23, 42, 93, 27, 36, 53, 13, 22, 17, 12, 39, 66, 17, 98, 0)
s = 134: (0, 43, 78, 15, 85, 95, 9, 45, 27, 131, 20, 46, 33, 74, 57, 49, 0, 16, 40, 119, 28, 45, 32, 15, 18, 9, 8, 28, 71, 9, 68, 0)
s = 135: (0, 70, 44, 10, 75, 145, 9, 56, 47, 69, 39, 38, 26, 89, 60, 71, 0, 18, 41, 79, 32, 38, 73, 24, 23, 17, 10, 20, 148, 11, 123, 0)
s = 136: (0, 56, 106, 16, 101, 163, 10, 45, 41, 57, 28, 62, 27, 88, 50, 53, 0, 20, 48, 113, 33, 63, 51, 18, 29, 21, 20, 27, 64, 12, 115, 0)
s = 137: (0, 47, 82, 18, 47, 135, 15, 50, 44, 97, 18, 57, 15, 67, 70, 60, 0, 33, 34, 97, 20, 37, 40, 12, 30, 15, 15, 24, 162, 13, 138, 0)
s = 138: (0, 42, 147, 19, 108, 178, 18, 51, 28, 120, 35, 55, 22, 53, 50, 39, 0, 12, 58, 88, 24, 53, 43, 15, 26, 13, 13, 24, 101, 18, 161, 0)
s = 139: (0, 44, 87, 25, 78, 175, 8, 35, 62, 77, 23, 42, 22, 69, 30, 40, 0, 17, 47, 75, 32, 40, 36, 17, 18, 11, 17, 33, 106, 13, 69, 0)
s = 140: (0, 42, 68, 13, 54, 241, 11, 59, 42, 113, 36, 51, 14, 51, 49, 52, 0, 23, 63, 83, 28, 60, 30, 12, 20, 11, 19, 37, 67, 11, 125, 0)
s = 141: (0, 26, 76, 19, 58, 118, 12, 45, 32, 101, 22, 63, 17, 115, 51, 58, 0, 27, 46, 98, 20, 38, 52, 17, 17, 19, 9, 38, 110, 12, 76, 0)
s = 142: (0, 36, 58, 24, 38, 165, 17, 28, 45, 126, 28, 71, 30, 56, 63, 64, 0, 22, 60, 107, 45, 57, 29, 13, 39, 9, 13, 41, 116, 15, 104, 0)
s = 143: (0, 44, 67, 16, 76, 212, 13, 34, 55, 109, 31, 52, 19, 105, 58, 34, 0, 15, 34, 108, 21, 34, 52, 15, 25, 14, 14, 47, 90, 14, 186, 0)
s = 144: (0, 45, 56, 14, 71, 108, 9, 54, 47, 60, 25, 67, 16, 86, 51, 47, 0, 25, 57, 112, 27, 23, 44, 14, 22, 11, 11, 25, 93, 15, 67, 0)
s = 145: (0, 41, 100, 20, 65, 206, 20, 62, 34, 84, 17, 75, 16, 52, 58, 46, 0, 12, 35, 75, 24, 52, 31, 33, 21, 11, 10, 29, 81, 12, 146, 0)
s = 146: (0, 71, 115, 22, 102, 164, 7, 61, 38, 69, 32, 37, 21, 58, 32, 32, 0, 19, 41, 116, 30, 41, 65, 23, 24, 15, 12, 53, 119, 17, 151, 0)
s = 147: (0, 31, 71, 14, 51, 189, 12, 51, 47, 117, 20, 66, 28, 54, 31, 63, 0, 15, 38, 100, 20, 33, 31, 11, 27, 14, 12, 39, 77, 21, 95, 0)
s = 148: (0, 60, 66, 20, 46, 199, 12, 45, 34, 77, 24, 81, 26, 58, 45, 69, 0, 27, 57, 123, 20, 57, 36, 16, 32, 16, 13, 33, 78, 21, 68, 0)
s = 149: (0, 37, 55, 10, 35, 206, 14, 55, 31, 76, 38, 38, 29, 69, 50, 68, 0, 14, 104, 97, 23, 57, 54, 13, 42, 20, 15, 29, 84, 15, 69, 0)
s = 150: (0, 44, 97, 11, 66, 157, 12, 61, 58, 139, 27, 81, 24, 73, 60, 47, 0, 20, 64, 125, 29, 68, 56, 17, 27, 21, 11, 30, 89, 17, 64, 0)
s = 151: (0, 76, 87, 15, 52, 89, 13, 34, 25, 101, 33, 39, 26, 69, 47, 75, 0, 21, 49, 72, 37, 58, 28, 17, 21, 11, 10, 24, 82, 12, 55, 0)
s = 152: (0, 35, 41, 14, 58, 228, 12, 34, 28, 137, 28, 112, 16, 70, 53, 52, 0, 23, 34, 92, 25, 39, 44, 13, 30, 23, 16, 32, 83, 14, 70, 0)
s = 153: (0, 49, 88, 15, 50, 105, 16, 40, 30, 107, 27, 47, 16, 59, 49, 64, 0, 24, 92, 93, 34, 24, 50, 22, 22, 18, 9, 25, 70, 9, 131, 0)
s = 154: (0, 68, 71, 11, 44, 182, 19, 70, 55, 79, 15, 94, 23, 101, 75, 70, 0, 20, 51, 117, 20, 47, 38, 20, 29, 15, 20, 23, 117, 18, 118, 0)
s = 155: (0, 57, 52, 10, 45, 239, 18, 51, 60, 50, 25, 41, 31, 48, 66, 50, 0, 25, 48, 74, 35, 47, 40, 15, 28, 18, 15, 33, 97, 14, 92, 0)
s = 156: (0, 37, 62, 20, 86, 95, 10, 44, 66, 100, 30, 70, 20, 47, 34, 73, 0, 15, 49, 59, 18, 55, 57, 19, 20, 12, 21, 21, 152, 10, 122, 0)
s = 157: (0, 45, 105, 12, 51, 179, 9, 53, 52, 98, 22, 100, 42, 35, 31, 78, 0, 20, 42, 123, 17, 49, 34, 17, 26, 13, 9, 38, 82, 23, 63, 0)
s = 158: (0, 36, 63, 12, 72, 183, 10, 39, 31, 85, 33, 49, 31, 108, 44, 50, 0, 29, 65, 137, 24, 65, 54, 18, 29, 24, 15, 34, 63, 12, 124, 0)
s = 159: (0, 45, 67, 20, 83, 193, 15, 59, 27, 69, 25, 78, 24, 75, 56, 60, 0, 28, 98, 60, 30, 61, 43, 12, 32, 19, 18, 32, 79, 20, 116, 0)
s = 160: (0, 37, 69, 20, 68, 121, 7, 41, 46, 124, 27, 99, 20, 97, 58, 70, 0, 33, 40, 85, 32, 31, 67, 16, 27, 15, 10, 44, 98, 18, 125, 0)
s = 161: (0, 34, 48, 12, 81, 137, 11, 38, 42, 90, 36, 50, 25, 78, 44, 67, 0, 27, 68, 79, 25, 32, 37, 17, 19, 13, 10, 34, 93, 16, 142, 0)
s = 162: (0, 41, 53, 10, 92, 222, 15, 27, 38, 78, 39, 74, 27, 96, 66, 48, 0, 29, 40, 97, 22, 35, 37, 20, 23, 14, 9, 37, 125, 12, 139, 0)
s = 163: (0, 50, 83, 21, 40, 120, 17, 48, 41, 90, 25, 53, 32, 72, 61, 60, 0, 20, 68, 111, 49, 35, 69, 18, 27, 19, 13, 35, 63, 11, 141, 0)
s = 164: (0, 74, 51, 13, 67, 176, 13, 48, 39, 99, 24, 67, 16, 51, 39, 60, 0, 16, 74, 102, 33, 34, 53, 14, 40, 13, 9, 37, 130, 16, 78, 0)
s = 165: (0, 72, 113, 12, 61, 154, 10, 34, 40, 96, 24, 77, 20, 69, 47, 44, 0, 18, 40, 136, 39, 49, 34, 15, 13, 9, 11, 20, 122, 14, 80, 0)
s = 166: (0, 53, 84, 17, 51, 149, 9, 52, 34, 68, 33, 48, 14, 78, 30, 61, 0, 22, 49, 85, 21, 36, 35, 12, 23, 12, 12, 32, 139, 10, 82, 0)
s = 167: (0, 59, 69, 19, 82, 147, 14, 32, 49, 88, 29, 59, 27, 77, 44, 76, 0, 28, 34, 107, 40, 43, 34, 17, 50, 17, 19, 38, 112, 15, 91, 0)
s = 168: (0, 30, 45, 25, 33, 149, 13, 41, 41, 80, 55, 74, 31, 64, 64, 96, 0, 19, 60, 73, 23, 56, 32, 17, 21, 18, 7, 29, 136, 9, 78, 0)
s = 169: (0, 59, 52, 17, 97, 255, 15, 45, 29, 91, 22, 67, 14, 40, 50, 88, 0, 17, 40, 70, 24, 45, 40, 14, 26, 16, 10, 38, 125, 11, 90, 0)
s = 170: (0, 33, 93, 16, 77, 158, 21, 46, 29, 93, 29, 66, 19, 66, 36, 52, 0, 20, 46, 132, 20, 33, 33, 21, 25, 14, 19, 31, 57, 25, 166, 0)
s = 171: (0, 34, 74, 14, 68, 169, 17, 50, 64, 88, 18, 55, 30, 77, 52, 63, 0, 16, 55, 93, 21, 30, 25, 14, 22, 13, 14, 29, 83, 19, 103, 0)
s = 172: (0, 55, 85, 18, 66, 140, 13, 56, 39, 126, 29, 50, 23, 85, 63, 53, 0, 23, 100, 102, 27, 47, 37, 18, 27, 14, 12, 35, 64, 12, 62, 0)
s = 173: (0, 39, 72, 12, 75, 104, 13, 62, 26, 124, 30, 45, 22, 70, 77, 52, 0, 17, 38, 60, 23, 26, 47, 13, 23, 16, 12, 29, 92, 13, 78, 0)
s = 174: (0, 60, 70, 17, 41, 165, 12, 45, 42, 55, 18, 49, 20, 65, 39, 55, 0, 16, 65, 120, 16, 47, 64, 24, 30, 11, 14, 40, 94, 15, 127, 0)
s = 175: (0, 47, 56, 20, 58, 125, 12, 41, 37, 55, 37, 59, 17, 55, 44, 73, 0, 12, 74, 164, 16, 51, 31, 19, 32, 17, 15, 27, 128, 15, 125, 0)
s = 176: (0, 39, 55, 16, 68, 94, 14, 59, 28, 81, 16, 58, 20, 63, 47, 70, 0, 31, 43, 159, 21, 43, 40, 23, 25, 16, 10, 43, 127, 11, 74, 0)
s = 177: (0, 53, 57, 18, 70, 148, 8, 59, 59, 98, 45, 70, 26, 40, 51, 51, 0, 26, 89, 123, 25, 38, 34, 30, 22, 12, 10, 20, 71, 10, 109, 0)
s = 178: (0, 85, 58, 15, 69, 153, 15, 37, 32, 95, 28, 96, 21, 57, 38, 38, 0, 16, 45, 122, 24, 30, 81, 17, 30, 9, 15, 47, 74, 17, 73, 0)
s = 179: (0, 32, 101, 12, 41, 178, 14, 79, 36, 61, 27, 55, 23, 79, 60, 56, 0, 23, 65, 109, 44, 31, 32, 16, 35, 16, 12, 35, 97, 14, 91, 0)
s = 180: (0, 59, 85, 16, 78, 178, 12, 58, 31, 69, 23, 64, 31, 79, 53, 38, 0, 21, 68, 125, 20, 29, 51, 19, 32, 14, 9, 34, 139, 23, 72, 0)
s = 181: (0, 57, 60, 18, 63, 139, 15, 45, 35, 91, 25, 61, 21, 51, 47, 73, 0, 13, 63, 94, 33, 34, 32, 16, 25, 20, 9, 36, 90, 21, 55, 0)
s = 182: (0, 37, 132, 17, 79, 147, 14, 55, 32, 149, 32, 50, 26, 59, 28, 44, 0, 23, 56, 164, 37, 24, 39, 13, 28, 11, 11, 34, 89, 11, 81, 0)
s = 183: (0, 41, 56, 20, 73, 161, 9, 32, 33, 84, 21, 74, 25, 66, 57, 62, 0, 15, 59, 73, 36, 42, 25, 15, 21, 12, 12, 40, 75, 14, 98, 0)
s = 184: (0, 36, 91, 18, 58, 158, 14, 42, 53, 87, 24, 76, 22, 72, 47, 94, 0, 23, 51, 57, 21, 23, 26, 11, 15, 26, 15, 36, 71, 11, 63, 0)
s = 185: (0, 39, 65, 24, 114, 211, 9, 44, 31, 84, 23, 69, 30, 48, 37, 47, 0, 15, 52, 119, 30, 34, 23, 12, 27, 11, 8, 22, 83, 20, 98, 0)
s = 186: (0, 59, 59, 12, 67, 146, 13, 58, 61, 81, 42, 57, 14, 50, 37, 60, 0, 14, 52, 86, 19, 33, 39, 11, 28, 9, 13, 28, 83, 27, 103, 0)
s = 187: (0, 52, 100, 18, 60, 171, 14, 63, 32, 157, 35, 83, 19, 55, 37, 51, 0, 26, 75, 99, 33, 33, 22, 14, 18, 13, 13, 41, 105, 20, 113, 0)
s = 188: (0, 51, 75, 19, 75, 88, 17, 48, 41, 85, 26, 39, 28, 87, 39, 69, 0, 18, 101, 89, 36, 23, 36, 15, 27, 10, 13, 32, 50, 13, 92, 0)
s = 189: (0, 37, 112, 19, 71, 169, 18, 71, 27, 75, 39, 54, 32, 63, 56, 54, 0, 25, 79, 114, 24, 31, 39, 15, 29, 14, 11, 28, 61, 17, 125, 0)
s = 190: (0, 40, 64, 16, 62, 213, 14, 59, 65, 78, 29, 74, 22, 41, 31, 48, 0, 21, 44, 68, 29, 49, 51, 20, 20, 19, 13, 26, 89, 16, 82, 0)
s = 191: (0, 43, 76, 15, 50, 129, 16, 53, 43, 82, 19, 59, 19, 42, 82, 53, 0, 29, 83, 100, 27, 41, 57, 27, 21, 19, 20, 35, 85, 19, 67, 0)
s = 192: (0, 29, 64, 10, 63, 116, 11, 40, 52, 74, 28, 71, 23, 79, 89, 51, 0, 19, 63, 169, 23, 48, 47, 17, 17, 19, 9, 23, 89, 10, 128, 0)
s = 193: (0, 65, 59, 14, 70, 109, 13, 35, 27, 63, 20, 60, 39, 55, 68, 56, 0, 20, 89, 138, 31, 37, 45, 23, 22, 15, 20, 41, 87, 12, 115, 0)
s = 194: (0, 46, 71, 11, 38, 99, 8, 52, 33, 149, 38, 33, 21, 100, 53, 45, 0, 30, 47, 114, 42, 37, 29, 19, 38, 18, 15, 25, 100, 17, 76, 0)
s = 195: (0, 40, 97, 14, 94, 137, 9, 50, 54, 88, 26, 58, 32, 48, 68, 39, 0, 27, 55, 123, 21, 49, 43, 16, 26, 24, 13, 46, 78, 18, 102, 0)
s = 196: (0, 58, 66, 15, 48, 119, 14, 31, 52, 112, 30, 35, 25, 79, 41, 39, 0, 14, 38, 111, 20, 52, 38, 25, 40, 13, 11, 42, 91, 18, 93, 0)
s = 197: (0, 75, 103, 11, 91, 97, 13, 54, 48, 81, 37, 67, 42, 49, 38, 52, 0, 25, 41, 104, 36, 38, 40, 16, 39, 14, 21, 30, 130, 14, 101, 0)
s = 198: (0, 39, 77, 17, 74, 200, 15, 74, 40, 82, 23, 35, 13, 57, 52, 66, 0, 25, 55, 113, 40, 46, 60, 16, 16, 12, 11, 24, 103, 10, 79, 0)
s = 199: (0, 57, 83, 16, 54, 137, 10, 54, 34, 60, 23, 68, 22, 59, 45, 68, 0, 19, 50, 106, 19, 37, 30, 18, 22, 16, 12, 32, 137, 12, 78, 0)
s = 200: (0, 55, 83, 14, 81, 218, 14, 49, 34, 132, 51, 66, 14, 89, 54, 65, 0, 13, 39, 112, 23, 40, 65, 25, 32, 16, 12, 38, 124, 15, 93, 0)
------------------------------------------------------------------------
RESOURCE k = 2
s = 1: (0, 44, 46, 42, 20, 23, 14, 0, 0, 27, 12, 31, 17, 24, 0, 32, 13, 31, 25, 0, 103, 0, 96, 12, 6, 24, 15, 24, 72, 12, 81, 0)
s = 2: (0, 59, 23, 49, 26, 50, 13, 0, 0, 22, 15, 37, 24, 11, 0, 19, 17, 27, 32, 0, 107, 0, 35, 29, 12, 25, 20, 19, 57, 10, 45, 0)
s = 3: (0, 42, 45, 38, 20, 37, 13, 0, 0, 28, 10, 25, 24, 11, 0, 16, 16, 33, 33, 0, 114, 0, 45, 14, 7, 25, 11, 35, 55, 12, 43, 0)
s = 4: (0, 43, 38, 74, 17, 50, 11, 0, 0, 43, 10, 30, 37, 9, 0, 24, 23, 22, 25, 0, 64, 0, 47, 17, 10, 37, 21, 21, 42, 15, 45, 0)
s = 5: (0, 51, 43, 44, 45, 50, 14, 0, 0, 24, 8, 24, 20, 10, 0, 29, 15, 49, 31, 0, 109, 0, 94, 24, 18, 52, 12, 19, 40, 18, 64, 0)
s = 6: (0, 50, 23, 51, 23, 40, 13, 0, 0, 21, 11, 40, 23, 11, 0, 15, 17, 27, 51, 0, 101, 0, 47, 15, 8, 49, 20, 34, 33, 10, 47, 0)
s = 7: (0, 37, 37, 88, 17, 43, 10, 0, 0, 27, 8, 25, 25, 12, 0, 24, 20, 30, 33, 0, 67, 0, 33, 28, 12, 24, 13, 19, 35, 13, 47, 0)
s = 8: (0, 79, 37, 53, 20, 44, 15, 0, 0, 26, 16, 32, 24, 15, 0, 39, 14, 31, 31, 0, 72, 0, 60, 18, 9, 27, 17, 30, 45, 18, 65, 0)
s = 9: (0, 52, 44, 38, 25, 45, 11, 0, 0, 33, 13, 30, 24, 19, 0, 24, 14, 35, 44, 0, 73, 0, 60, 34, 10, 34, 15, 25, 49, 18, 28, 0)
s = 10: (0, 50, 56, 60, 19, 59, 13, 0, 0, 23, 13, 33, 20, 13, 0, 24, 16, 24, 25, 0, 69, 0, 70, 19, 11, 23, 18, 25, 76, 13, 36, 0)
s = 11: (0, 40, 56, 36, 40, 78, 11, 0, 0, 23, 13, 20, 19, 19, 0, 22, 19, 33, 32, 0, 116, 0, 37, 15, 20, 34, 17, 30, 34, 10, 65, 0)
s = 12: (0, 50, 50, 48, 28, 45, 13, 0, 0, 34, 11, 27, 30, 13, 0, 16, 14, 28, 40, 0, 112, 0, 78, 15, 8, 31, 20, 27, 71, 17, 31, 0)
s = 13: (0, 66, 33, 44, 21, 32, 13, 0, 0, 28, 12, 38, 24, 15, 0, 22, 19, 26, 22, 0, 79, 0, 49, 16, 9, 39, 19, 20, 55, 21, 46, 0)
s = 14: (0, 83, 29, 43, 19, 54, 14, 0, 0, 22, 19, 19, 20, 16, 0, 22, 9, 29, 22, 0, 61, 0, 79, 22, 6, 42, 14, 23, 58, 18, 71, 0)
s = 15: (0, 46, 42, 29, 20, 31, 10, 0, 0, 22, 12, 28, 29, 24, 0, 20, 12, 29, 37, 0, 102, 0, 62, 17, 8, 52, 15, 22, 52, 23, 69, 0)
s = 16: (0, 87, 32, 35, 20, 36, 18, 0, 0, 36, 12, 24, 15, 11, 0, 21, 15, 24, 51, 0, 156, 0, 35, 27, 8, 29, 12, 20, 71, 14, 47, 0)
s = 17: (0, 63, 26, 33, 29, 49, 15, 0, 0, 28, 11, 40, 18, 11, 0, 14, 11, 29, 39, 0, 99, 0, 74, 25, 8, 21, 20, 26, 64, 11, 47, 0)
s = 18: (0, 69, 27, 58, 29, 26, 11, 0, 0, 23, 16, 17, 23, 16, 0, 21, 13, 19, 37, 0, 84, 0, 65, 21, 11, 37, 10, 14, 75, 9, 46, 0)
s = 19: (0, 47, 49, 74, 40, 47, 12, 0, 0, 44, 12, 26, 22, 21, 0, 29, 8, 30, 37, 0, 119, 0, 31, 19, 8, 32, 22, 25, 37, 8, 45, 0)
s = 20: (0, 80, 31, 33, 31, 37, 12, 0, 0, 29, 19, 24, 37, 15, 0, 21, 12, 27, 42, 0, 67, 0, 79, 21, 9, 38, 14, 27, 69, 11, 42, 0)
s = 21: (0, 56, 60, 40, 41, 34, 10, 0, 0, 32, 10, 23, 20, 17, 0, 25, 11, 28, 33, 0, 108, 0, 51, 15, 10, 21, 20, 34, 73, 14, 45, 0)
s = 22: (0, 71, 39, 46, 21, 45, 15, 0, 0, 38, 11, 18, 21, 20, 0, 33, 20, 32, 38, 0, 58, 0, 77, 18, 12, 26, 19, 40, 33, 12, 55, 0)
s = 23: (0, 68, 64, 32, 40, 28, 11, 0, 0, 30, 15, 29, 32, 13, 0, 19, 18, 40, 25, 0, 80, 0, 47, 30, 11, 43, 22, 17, 73, 10, 55, 0)
s = 24: (0, 85, 34, 28, 16, 31, 12, 0, 0, 23, 10, 41, 29, 18, 0, 21, 11, 20, 34, 0, 98, 0, 44, 12, 14, 36, 9, 24, 37, 17, 33, 0)
s = 25: (0, 67, 32, 35, 31, 35, 19, 0, 0, 37, 10, 31, 20, 22, 0, 23, 26, 31, 42, 0, 58, 0, 42, 12, 9, 28, 14, 21, 38, 19, 68, 0)
s = 26: (0, 68, 30, 51, 34, 60, 10, 0, 0, 34, 17, 26, 35, 19, 0, 25, 22, 35, 33, 0, 113, 0, 59, 13, 10, 23, 12, 20, 49, 9, 48, 0)
s = 27: (0, 34, 47, 53, 25, 43, 12, 0, 0, 30, 16, 17, 16, 11, 0, 31, 19, 43, 26, 0, 76, 0, 44, 25, 10, 26, 10, 23, 85, 16, 75, 0)
s = 28: (0, 44, 39, 77, 16, 30, 11, 0, 0, 35, 15, 23, 14, 11, 0, 37, 19, 31, 29, 0, 65, 0, 41, 13, 12, 25, 27, 23, 55, 16, 62, 0)
s = 29: (0, 44, 53, 30, 27, 28, 19, 0, 0, 52, 11, 29, 35, 13, 0, 23, 15, 29, 20, 0, 112, 0, 68, 23, 14, 30, 17, 26, 78, 23, 48, 0)
s = 30: (0, 86, 46, 46, 35, 35, 17, 0, 0, 29, 11, 27, 30, 18, 0, 22, 11, 28, 29, 0, 88, 0, 48, 18, 9, 27, 19, 31, 64, 10, 112, 0)
s = 31: (0, 65, 31, 73, 20, 67, 9, 0, 0, 29, 9, 34, 21, 19, 0, 23, 17, 22, 29, 0, 83, 0, 89, 18, 13, 38, 22, 22, 54, 10, 39, 0)
s = 32: (0, 78, 24, 32, 29, 47, 19, 0, 0, 34, 15, 33, 31, 11, 0, 25, 22, 44, 35, 0, 77, 0, 84, 23, 10, 45, 13, 17, 94, 12, 44, 0)
s = 33: (0, 87, 35, 67, 35, 35, 16, 0, 0, 34, 17, 36, 16, 12, 0, 21, 18, 30, 20, 0, 84, 0, 46, 23, 10, 21, 16, 24, 46, 16, 48, 0)
s = 34: (0, 46, 72, 63, 27, 50, 21, 0, 0, 23, 17, 28, 20, 16, 0, 36, 17, 28, 25, 0, 52, 0, 49, 22, 10, 17, 22, 15, 60, 16, 38, 0)
s = 35: (0, 53, 49, 66, 19, 50, 15, 0, 0, 34, 10, 28, 28, 17, 0, 13, 17, 27, 25, 0, 119, 0, 52, 18, 7, 32, 9, 26, 58, 14, 86, 0)
s = 36: (0, 51, 38, 41, 32, 43, 10, 0, 0, 24, 14, 30, 22, 15, 0, 23, 11, 33, 26, 0, 79, 0, 40, 21, 7, 24, 17, 15, 49, 14, 53, 0)
s = 37: (0, 38, 70, 31, 19, 55, 11, 0, 0, 39, 13, 32, 13, 23, 0, 28, 22, 42, 22, 0, 62, 0, 51, 16, 8, 24, 11, 29, 53, 10, 43, 0)
s = 38: (0, 86, 31, 56, 23, 39, 14, 0, 0, 29, 13, 19, 23, 21, 0, 19, 16, 22, 23, 0, 72, 0, 77, 14, 13, 35, 18, 17, 67, 12, 51, 0)
s = 39: (0, 50, 39, 58, 20, 44, 13, 0, 0, 26, 9, 19, 32, 9, 0, 29, 17, 19, 45, 0, 92, 0, 81, 21, 9, 38, 11, 21, 43, 10, 53, 0)
s = 40: (0, 56, 25, 47, 16, 25, 15, 0, 0, 34, 14, 29, 21, 18, 0, 32, 22, 26, 40, 0, 85, 0, 79, 19, 13, 32, 14, 18, 34, 13, 83, 0)
s = 41: (0, 48, 32, 52, 25, 29, 16, 0, 0, 24, 14, 28, 30, 17, 0, 20, 21, 28, 54, 0, 62, 0, 62, 19, 8, 22, 14, 32, 76, 17, 58, 0)
s = 42: (0, 52, 48, 39, 15, 45, 17, 0, 0, 31, 14, 23, 20, 18, 0, 27, 10, 33, 23, 0, 123, 0, 92, 25, 15, 24, 14, 14, 42, 9, 32, 0)
s = 43: (0, 63, 39, 45, 15, 57, 18, 0, 0, 38, 9, 24, 26, 20, 0, 32, 21, 48, 37, 0, 97, 0, 49, 23, 11, 27, 19, 32, 74, 24, 67, 0)
s = 44: (0, 34, 43, 56, 26, 62, 12, 0, 0, 27, 14, 23, 25, 12, 0, 26, 21, 33, 32, 0, 61, 0, 41, 22, 9, 22, 23, 21, 33, 17, 56, 0)
s = 45: (0, 73, 52, 29, 21, 41, 15, 0, 0, 30, 12, 41, 24, 11, 0, 21, 11, 17, 27, 0, 54, 0, 81, 15, 12, 38, 17, 16, 37, 11, 40, 0)
s = 46: (0, 89, 58, 36, 21, 34, 16, 0, 0, 30, 14, 28, 26, 12, 0, 16, 15, 23, 44, 0, 70, 0, 60, 28, 7, 27, 21, 29, 66, 18, 50, 0)
s = 47: (0, 68, 37, 36, 25, 36, 13, 0, 0, 31, 12, 30, 32, 10, 0, 32, 12, 24, 24, 0, 56, 0, 41, 28, 10, 34, 11, 31, 83, 11, 53, 0)
s = 48: (0, 54, 48, 52, 36, 54, 12, 0, 0, 42, 13, 26, 19, 20, 0, 39, 15, 19, 43, 0, 64, 0, 38, 24, 11, 25, 23, 28, 55, 18, 55, 0)
s = 49: (0, 71, 52, 46, 26, 34, 15, 0, 0, 24, 10, 35, 42, 25, 0, 28, 20, 28, 24, 0, 75, 0, 59, 18, 10, 30, 10, 28, 75, 24, 44, 0)
s = 50: (0, 47, 75, 51, 24, 36, 10, 0, 0, 29, 8, 33, 24, 17, 0, 34, 15, 37, 36, 0, 95, 0, 55, 17, 6, 36, 10, 14, 38, 12, 51, 0)
s = 51: (0, 45, 28, 59, 17, 47, 21, 0, 0, 33, 12, 24, 19, 20, 0, 25, 14, 18, 26, 0, 89, 0, 43, 24, 9, 36, 13, 21, 44, 14, 39, 0)
s = 52: (0, 44, 33, 33, 35, 47, 15, 0, 0, 34, 8, 23, 26, 13, 0, 27, 15, 19, 20, 0, 58, 0, 49, 12, 7, 24, 19, 18, 60, 24, 100, 0)
s = 53: (0, 79, 42, 31, 15, 23, 13, 0, 0, 26, 8, 35, 30, 10, 0, 37, 19, 20, 38, 0, 53, 0, 40, 23, 7, 24, 12, 19, 67, 13, 43, 0)
s = 54: (0, 70, 60, 39, 20, 35, 20, 0, 0, 27, 15, 26, 24, 14, 0, 24, 12, 31, 31, 0, 57, 0, 36, 29, 8, 18, 11, 21, 40, 10, 61, 0)
s = 55: (0, 31, 60, 47, 29, 30, 16, 0, 0, 23, 9, 40, 31, 23, 0, 25, 23, 25, 38, 0, 60, 0, 33, 18, 10, 36, 17, 23, 86, 14, 38, 0)
s = 56: (0, 55, 64, 50, 24, 33, 20, 0, 0, 34, 8, 33, 15, 16, 0, 28, 17, 20, 39, 0, 101, 0, 51, 24, 9, 23, 14, 29, 37, 9, 40, 0)
s = 57: (0, 63, 36, 53, 27, 51, 8, 0, 0, 32, 11, 29, 27, 20, 0, 24, 16, 48, 25, 0, 79, 0, 84, 25, 16, 38, 20, 17, 85, 18, 53, 0)
s = 58: (0, 47, 34, 33, 32, 46, 15, 0, 0, 25, 10, 30, 26, 10, 0, 30, 9, 33, 62, 0, 72, 0, 44, 13, 6, 27, 27, 30, 51, 11, 55, 0)
s = 59: (0, 57, 41, 50, 19, 33, 14, 0, 0, 35, 22, 27, 17, 17, 0, 30, 14, 25, 22, 0, 62, 0, 39, 14, 8, 25, 15, 28, 40, 10, 34, 0)
s = 60: (0, 64, 68, 55, 41, 28, 16, 0, 0, 29, 10, 33, 35, 14, 0, 21, 19, 21, 29, 0, 74, 0, 55, 27, 14, 23, 12, 32, 44, 21, 88, 0)
s = 61: (0, 37, 36, 31, 36, 30, 17, 0, 0, 26, 19, 46, 21, 15, 0, 33, 18, 17, 39, 0, 74, 0, 38, 13, 7, 24, 12, 27, 37, 16, 60, 0)
s = 62: (0, 66, 42, 56, 34, 44, 13, 0, 0, 25, 13, 27, 27, 28, 0, 28, 16, 32, 31, 0, 62, 0, 51, 18, 11, 22, 15, 22, 33, 18, 69, 0)
s = 63: (0, 60, 49, 38, 15, 37, 12, 0, 0, 36, 18, 30, 20, 11, 0, 34, 15, 22, 30, 0, 68, 0, 91, 19, 10, 36, 11, 25, 92, 12, 62, 0)
s = 64: (0, 50, 48, 49, 21, 28, 22, 0, 0, 19, 13, 39, 31, 20, 0, 36, 12, 33, 50, 0, 74, 0, 34, 37, 10, 29, 21, 27, 47, 9, 54, 0)
s = 65: (0, 56, 61, 56, 20, 35, 10, 0, 0, 30, 11, 17, 22, 13, 0, 22, 14, 20, 25, 0, 77, 0, 66, 25, 13, 34, 9, 13, 55, 20, 57, 0)
s = 66: (0, 38, 28, 42, 21, 38, 14, 0, 0, 36, 14, 27, 32, 23, 0, 15, 10, 32, 34, 0, 94, 0, 57, 15, 8, 43, 15, 42, 55, 8, 66, 0)
s = 67: (0, 63, 51, 60, 24, 47, 14, 0, 0, 40, 15, 21, 19, 16, 0, 29, 8, 28, 38, 0, 123, 0, 69, 19, 12, 24, 22, 18, 72, 8, 43, 0)
s = 68: (0, 70, 34, 84, 23, 34, 12, 0, 0, 22, 13, 40, 16, 16, 0, 16, 17, 29, 35, 0, 70, 0, 46, 26, 8, 16, 14, 17, 61, 10, 55, 0)
s = 69: (0, 56, 47, 40, 46, 30, 16, 0, 0, 20, 14, 29, 33, 12, 0, 15, 18, 39, 43, 0, 71, 0, 36, 27, 11, 26, 13, 25, 81, 23, 63, 0)
s = 70: (0, 57, 59, 26, 33, 33, 16, 0, 0, 19, 14, 23, 32, 20, 0, 40, 14, 23, 40, 0, 116, 0, 62, 14, 7, 40, 17, 18, 43, 22, 63, 0)
s = 71: (0, 53, 25, 44, 43, 31, 18, 0, 0, 52, 11, 24, 35, 10, 0, 32, 22, 18, 32, 0, 80, 0, 56, 18, 16, 34, 22, 26, 45, 18, 65, 0)
s = 72: (0, 55, 42, 27, 20, 61, 18, 0, 0, 23, 10, 37, 18, 17, 0, 30, 14, 24, 38, 0, 119, 0, 35, 22, 14, 23, 12, 28, 53, 14, 78, 0)
s = 73: (0, 37, 59, 77, 23, 36, 22, 0, 0, 41, 17, 24, 17, 10, 0, 23, 10, 39, 27, 0, 65, 0, 82, 27, 13, 36, 14, 33, 59, 14, 46, 0)
s = 74: (0, 90, 44, 29, 30, 30, 17, 0, 0, 30, 9, 19, 20, 15, 0, 32, 12, 20, 43, 0, 115, 0, 43, 30, 10, 30, 13, 19, 47, 23, 56, 0)
s = 75: (0, 38, 51, 54, 21, 56, 13, 0, 0, 27, 18, 32, 25, 9, 0, 24, 13, 26, 23, 0, 115, 0, 57, 27, 11, 18, 19, 27, 49, 17, 50, 0)
s = 76: (0, 67, 32, 56, 23, 42, 11, 0, 0, 49, 18, 44, 16, 21, 0, 24, 13, 43, 39, 0, 103, 0, 47, 14, 7, 29, 15, 25, 61, 15, 36, 0)
s = 77: (0, 62, 38, 38, 20, 35, 11, 0, 0, 22, 15, 30, 17, 12, 0, 17, 15, 20, 29, 0, 89, 0, 39, 21, 7, 25, 22, 29, 75, 17, 42, 0)
s = 78: (0, 43, 37, 54, 33, 53, 11, 0, 0, 32, 10, 18, 18, 12, 0, 22, 19, 31, 29, 0, 62, 0, 51, 18, 10, 43, 22, 40, 64, 10, 42, 0)
s = 79: (0, 53, 25, 35, 23, 42, 13, 0, 0, 30, 15, 41, 30, 15, 0, 23, 14, 41, 26, 0, 87, 0, 44, 17, 12, 27, 16, 24, 67, 13, 51, 0)
s = 80: (0, 47, 38, 51, 20, 35, 16, 0, 0, 21, 11, 19, 22, 11, 0, 22, 10, 34, 20, 0, 75, 0, 42, 17, 16, 21, 10, 37, 46, 13, 45, 0)
s = 81: (0, 44, 36, 48, 20, 46, 19, 0, 0, 26, 18, 36, 29, 11, 0, 19, 16, 33, 49, 0, 154, 0, 39, 12, 11, 17, 16, 32, 43, 19, 57, 0)
s = 82: (0, 65, 47, 51, 34, 45, 13, 0, 0, 27, 14, 42, 21, 16, 0, 19, 25, 50, 36, 0, 67, 0, 72, 23, 13, 33, 19, 18, 76, 19, 53, 0)
s = 83: (0, 45, 27, 40, 38, 32, 19, 0, 0, 38, 13, 43, 24, 12, 0, 45, 17, 21, 31, 0, 78, 0, 35, 29, 9, 17, 25, 29, 79, 17, 75, 0)
s = 84: (0, 55, 25, 50, 25, 26, 23, 0, 0, 21, 15, 31, 22, 23, 0, 21, 15, 43, 42, 0, 77, 0, 65, 24, 12, 28, 15, 20, 72, 8, 50, 0)
s = 85: (0, 80, 29, 35, 24, 46, 12, 0, 0, 27, 18, 29, 21, 11, 0, 29, 13, 28, 28, 0, 67, 0, 36, 16, 9, 31, 19, 32, 48, 12, 45, 0)
s = 86: (0, 57, 38, 56, 22, 24, 18, 0, 0, 30, 11, 28, 39, 11, 0, 15, 24, 34, 48, 0, 44, 0, 39, 20, 10, 21, 14, 23, 39, 14, 78, 0)
s = 87: (0, 44, 44, 42, 16, 23, 12, 0, 0, 21, 9, 28, 22, 20, 0, 25, 21, 18, 42, 0, 57, 0, 87, 17, 6, 26, 13, 17, 61, 18, 82, 0)
s = 88: (0, 43, 41, 58, 24, 60, 10, 0, 0, 44, 9, 17, 17, 10, 0, 20, 10, 24, 33, 0, 102, 0, 70, 19, 11, 28, 23, 38, 60, 21, 58, 0)
s = 89: (0, 56, 70, 46, 14, 33, 22, 0, 0, 39, 14, 31, 23, 14, 0, 31, 10, 37, 35, 0, 103, 0, 42, 23, 8, 24, 19, 19, 61, 10, 46, 0)
s = 90: (0, 57, 33, 38, 37, 34, 14, 0, 0, 30, 8, 30, 19, 16, 0, 21, 11, 21, 30, 0, 54, 0, 70, 12, 13, 31, 20, 21, 79, 11, 50, 0)
s = 91: (0, 34, 39, 53, 20, 80, 18, 0, 0, 44, 19, 30, 32, 16, 0, 26, 13, 23, 55, 0, 106, 0, 44, 15, 10, 42, 21, 32, 62, 14, 68, 0)
s = 92: (0, 46, 25, 30, 34, 39, 13, 0, 0, 47, 9, 35, 26, 19, 0, 21, 23, 33, 49, 0, 104, 0, 63, 19, 11, 29, 13, 23, 54, 20, 56, 0)
s = 93: (0, 50, 38, 35, 29, 34, 12, 0, 0, 29, 21, 27, 34, 12, 0, 22, 22, 33, 22, 0, 42, 0, 35, 23, 8, 26, 12, 27, 61, 14, 50, 0)
s = 94: (0, 38, 35, 54, 15, 57, 19, 0, 0, 25, 16, 30, 15, 13, 0, 29, 12, 25, 36, 0, 89, 0, 43, 16, 9, 32, 12, 19, 49, 16, 37, 0)
s = 95: (0, 49, 59, 43, 22, 38, 16, 0, 0, 33, 8, 28, 24, 13, 0, 23, 17, 25, 22, 0, 55, 0, 65, 19, 7, 24, 23, 20, 82, 17, 49, 0)
s = 96: (0, 42, 29, 34, 21, 32, 13, 0, 0, 30, 10, 31, 19, 22, 0, 14, 10, 44, 33, 0, 57, 0, 41, 22, 10, 37, 18, 14, 46, 12, 57, 0)
s = 97: (0, 47, 57, 34, 22, 34, 13, 0, 0, 27, 8, 23, 24, 18, 0, 30, 21, 21, 31, 0, 63, 0, 71, 14, 14, 36, 16, 21, 60, 12, 51, 0)
s = 98: (0, 50, 61, 73, 20, 39, 20, 0, 0, 30, 16, 32, 26, 16, 0, 18, 18, 28, 24, 0, 57, 0, 66, 15, 9, 24, 20, 17, 100, 14, 59, 0)
s = 99: (0, 40, 60, 37, 31, 29, 11, 0, 0, 38, 8, 25, 23, 11, 0, 31, 21, 30, 30, 0, 99, 0, 68, 19, 6, 23, 11, 24, 63, 11, 62, 0)
s = 100: (0, 55, 29, 43, 23, 34, 18, 0, 0, 39, 14, 54, 16, 9, 0, 31, 9, 34, 45, 0, 70, 0, 49, 13, 9, 24, 14, 24, 64, 12, 67, 0)
s = 101: (0, 51, 28, 45, 29, 44, 19, 0, 0, 27, 11, 38, 21, 12, 0, 23, 14, 25, 22, 0, 56, 0, 68, 18, 8, 29, 10, 19, 84, 18, 66, 0)
s = 102: (0, 34, 42, 68, 22, 29, 16, 0, 0, 40, 7, 18, 33, 16, 0, 33, 11, 45, 34, 0, 76, 0, 58, 25, 11, 27, 16, 31, 62, 15, 51, 0)
s = 103: (0, 58, 41, 47, 27, 50, 12, 0, 0, 20, 9, 29, 32, 18, 0, 21, 15, 35, 18, 0, 92, 0, 36, 28, 8, 28, 11, 25, 60, 19, 48, 0)
s = 104: (0, 44, 55, 69, 32, 22, 14, 0, 0, 27, 15, 32, 40, 11, 0, 23, 11, 32, 39, 0, 66, 0, 37, 13, 11, 31, 13, 25, 85, 12, 38, 0)
s = 105: (0, 32, 62, 65, 21, 45, 17, 0, 0, 28, 17, 31, 21, 13, 0, 18, 13, 26, 26, 0, 62, 0, 73, 16, 16, 50, 9, 27, 48, 17, 59, 0)
s = 106: (0, 53, 48, 46, 31, 39, 13, 0, 0, 29, 12, 28, 23, 21, 0, 16, 10, 30, 53, 0, 100, 0, 31, 27, 9, 36, 12, 29, 46, 13, 47, 0)
s = 107: (0, 51, 55, 41, 36, 47, 16, 0, 0, 35, 13, 18, 24, 18, 0, 21, 8, 15, 40, 0, 85, 0, 49, 25, 9, 40, 13, 36, 46, 14, 61, 0)
s = 108: (0, 33, 52, 83, 35, 32, 14, 0, 0, 30, 15, 40, 37, 21, 0, 39, 11, 26, 19, 0, 77, 0, 90, 17, 13, 25, 10, 24, 41, 14, 57, 0)
s = 109: (0, 54, 33, 42, 24, 38, 13, 0, 0, 37, 11, 34, 24, 20, 0, 27, 23, 26, 55, 0, 100, 0, 58, 24, 13, 34, 14, 15, 58, 16, 58, 0)
s = 110: (0, 50, 57, 48, 18, 40, 20, 0, 0, 22, 11, 34, 25, 9, 0, 19, 13, 16, 44, 0, 115, 0, 74, 28, 17, 48, 22, 18, 43, 18, 45, 0)
s = 111: (0, 51, 40, 52, 21, 35, 16, 0, 0, 40, 10, 29, 21, 12, 0, 40, 15, 27, 57, 0, 74, 0, 48, 18, 14, 23, 15, 15, 75, 13, 47, 0)
s = 112: (0, 47, 23, 61, 25, 34, 24, 0, 0, 35, 12, 27, 19, 15, 0, 31, 18, 28, 22, 0, 65, 0, 69, 23, 7, 41, 20, 20, 38, 14, 43, 0)
s = 113: (0, 73, 38, 47, 20, 24, 14, 0, 0, 29, 17, 21, 28, 12, 0, 19, 15, 31, 44, 0, 67, 0, 54, 20, 11, 20, 18, 21, 44, 13, 41, 0)
s = 114: (0, 58, 37, 40, 35, 40, 10, 0, 0, 23, 9, 34, 17, 13, 0, 23, 13, 21, 53, 0, 77, 0, 65, 16, 12, 31, 11, 15, 83, 13, 68, 0)
s = 115: (0, 70, 25, 40, 23, 44, 10, 0, 0, 19, 13, 47, 16, 16, 0, 17, 10, 27, 22, 0, 75, 0, 74, 16, 15, 30, 16, 24, 59, 15, 58, 0)
s = 116: (0, 57, 45, 55, 27, 40, 18, 0, 0, 44, 12, 53, 30, 20, 0, 18, 19, 21, 25, 0, 77, 0, 51, 21, 10, 29, 15, 23, 77, 15, 31, 0)
s = 117: (0, 78, 61, 64, 30, 29, 12, 0, 0, 20, 16, 27, 24, 19, 0, 21, 12, 25, 25, 0, 74, 0, 41, 15, 9, 47, 10, 21, 53, 18, 52, 0)
s = 118: (0, 83, 52, 39, 27, 59, 16, 0, 0, 22, 12, 16, 13, 22, 0, 15, 12, 20, 19, 0, 46, 0, 66, 20, 12, 52, 14, 34, 32, 12, 61, 0)
s = 119: (0, 83, 54, 38, 23, 28, 17, 0, 0, 32, 13, 27, 22, 16, 0, 33, 9, 29, 27, 0, 81, 0, 66, 14, 7, 29, 21, 20, 37, 14, 41, 0)
s = 120: (0, 34, 37, 52, 19, 34, 11, 0, 0, 44, 15, 28, 21, 16, 0, 19, 19, 16, 31, 0, 48, 0, 43, 31, 10, 54, 11, 18, 43, 11, 65, 0)
s = 121: (0, 67, 35, 40, 25, 57, 10, 0, 0, 25, 10, 19, 18, 15, 0, 21, 12, 40, 32, 0, 84, 0, 60, 14, 10, 26, 14, 23, 77, 14, 82, 0)
s = 122: (0, 38, 39, 39, 30, 30, 12, 0, 0, 47, 12, 36, 19, 15, 0, 23, 13, 41, 29, 0, 42, 0, 88, 20, 12, 34, 11, 17, 70, 18, 55, 0)
s = 123: (0, 31, 37, 41, 21, 41, 12, 0, 0, 41, 8, 23, 18, 13, 0, 19, 27, 41, 22, 0, 111, 0, 65, 17, 9, 23, 19, 22, 55, 21, 44, 0)
s = 124: (0, 49, 26, 46, 18, 59, 14, 0, 0, 20, 9, 41, 20, 20, 0, 47, 9, 25, 46, 0, 85, 0, 48, 27, 15, 28, 14, 15, 71, 17, 72, 0)
s = 125: (0, 70, 57, 42, 20, 36, 21, 0, 0, 37, 8, 34, 22, 17, 0, 19, 14, 19, 38, 0, 55, 0, 76, 31, 9, 23, 21, 23, 71, 16, 67, 0)
s = 126: (0, 58, 36, 60, 43, 58, 13, 0, 0, 34, 14, 44, 23, 15, 0, 18, 10, 22, 17, 0, 85, 0, 49, 13, 15, 27, 25, 15, 55, 11, 67, 0)
s = 127: (0, 44, 38, 52, 17, 48, 14, 0, 0, 40, 16, 37, 19, 9, 0, 29, 13, 24, 33, 0, 73, 0, 52, 15, 12, 28, 16, 17, 74, 10, 43, 0)
s = 128: (0, 50, 45, 73, 32, 47, 8, 0, 0, 22, 12, 41, 17, 16, 0, 22, 15, 20, 31, 0, 75, 0, 32, 22, 9, 26, 17, 27, 40, 19, 60, 0)
s = 129: (0, 72, 50, 61, 15, 25, 8, 0, 0, 21, 11, 41, 19, 23, 0, 24, 11, 31, 48, 0, 53, 0, 69, 22, 8, 40, 29, 20, 50, 10, 69, 0)
s = 130: (0, 62, 31, 51, 23, 41, 9, 0, 0, 20, 21, 38, 26, 12, 0, 38, 13, 30, 38, 0, 55, 0, 49, 23, 10, 45, 11, 21, 35, 14, 82, 0)
s = 131: (0, 30, 28, 38, 30, 41, 11, 0, 0, 29, 12, 42, 19, 21, 0, 26, 19, 34, 33, 0, 102, 0, 61, 30, 8, 35, 12, 18, 62, 15, 75, 0)
s = 132: (0, 79, 58, 56, 24, 47, 9, 0, 0, 21, 10, 28, 28, 11, 0, 17, 12, 28, 28, 0, 102, 0, 52, 13, 9, 20, 11, 22, 64, 10, 86, 0)
s = 133: (0, 36, 47, 32, 40, 42, 14, 0, 0, 19, 10, 20, 14, 18, 0, 32, 14, 33, 24, 0, 80, 0, 70, 16, 9, 34, 15, 29, 38, 17, 56, 0)
s = 134: (0, 48, 46, 44, 36, 25, 10, 0, 0, 41, 9, 23, 33, 18, 0, 20, 19, 22, 23, 0, 84, 0, 42, 18, 8, 18, 10, 21, 41, 9, 39, 0)
s = 135: (0, 78, 26, 30, 32, 39, 10, 0, 0, 22, 17, 19, 26, 21, 0, 29, 11, 25, 24, 0, 96, 0, 98, 30, 9, 33, 12, 15, 87, 11, 70, 0)
s = 136: (0, 63, 62, 46, 42, 43, 12, 0, 0, 18, 13, 31, 27, 21, 0, 22, 10, 28, 28, 0, 97, 0, 68, 22, 12, 42, 24, 21, 37, 12, 65, 0)
s = 137: (0, 53, 48, 53, 20, 36, 18, 0, 0, 31, 8, 29, 15, 16, 0, 24, 12, 46, 20, 0, 58, 0, 53, 15, 12, 30, 18, 18, 95, 13, 78, 0)
s = 138: (0, 48, 86, 55, 45, 47, 21, 0, 0, 38, 16, 28, 22, 13, 0, 16, 17, 17, 33, 0, 70, 0, 57, 18, 11, 26, 16, 18, 59, 18, 91, 0)
s = 139: (0, 49, 51, 73, 33, 47, 9, 0, 0, 25, 11, 21, 22, 16, 0, 16, 21, 23, 27, 0, 94, 0, 48, 21, 8, 22, 21, 25, 62, 13, 39, 0)
s = 140: (0, 47, 40, 39, 23, 64, 13, 0, 0, 36, 16, 26, 14, 12, 0, 21, 22, 32, 36, 0, 84, 0, 40, 15, 8, 21, 24, 28, 39, 11, 71, 0)
s = 141: (0, 29, 45, 55, 24, 31, 14, 0, 0, 32, 10, 32, 17, 27, 0, 24, 19, 38, 27, 0, 60, 0, 69, 22, 7, 38, 11, 28, 64, 12, 43, 0)
s = 142: (0, 41, 34, 70, 16, 44, 19, 0, 0, 40, 13, 36, 30, 13, 0, 26, 14, 30, 35, 0, 135, 0, 39, 17, 16, 18, 17, 31, 68, 15, 59, 0)
s = 143: (0, 50, 39, 46, 32, 56, 15, 0, 0, 34, 14, 26, 19, 25, 0, 14, 11, 20, 20, 0, 62, 0, 69, 18, 10, 28, 17, 35, 53, 14, 105, 0)
s = 144: (0, 50, 33, 41, 30, 29, 10, 0, 0, 19, 11, 34, 16, 20, 0, 19, 16, 35, 33, 0, 81, 0, 59, 18, 9, 21, 13, 19, 54, 15, 38, 0)
s = 145: (0, 46, 59, 59, 27, 54, 23, 0, 0, 27, 8, 38, 16, 12, 0, 19, 22, 16, 20, 0, 72, 0, 42, 41, 9, 21, 13, 22, 48, 12, 82, 0)
s = 146: (0, 80, 67, 64, 43, 43, 8, 0, 0, 22, 14, 19, 21, 14, 0, 13, 12, 26, 23, 0, 89, 0, 87, 28, 10, 29, 14, 40, 70, 17, 85, 0)
s = 147: (0, 35, 42, 41, 22, 50, 13, 0, 0, 37, 9, 33, 28, 13, 0, 26, 20, 21, 22, 0, 59, 0, 42, 13, 11, 27, 15, 29, 45, 21, 54, 0)
s = 148: (0, 67, 39, 58, 19, 53, 14, 0, 0, 25, 11, 41, 26, 14, 0, 28, 17, 37, 33, 0, 59, 0, 48, 20, 13, 31, 17, 25, 46, 21, 38, 0)
s = 149: (0, 42, 32, 30, 15, 55, 16, 0, 0, 24, 17, 19, 29, 16, 0, 28, 18, 19, 60, 0, 69, 0, 72, 16, 17, 40, 19, 22, 49, 15, 39, 0)
s = 150: (0, 50, 57, 31, 28, 42, 14, 0, 0, 44, 12, 41, 24, 17, 0, 19, 20, 28, 37, 0, 85, 0, 75, 21, 11, 41, 14, 23, 52, 17, 36, 0)
s = 151: (0, 85, 51, 45, 22, 24, 15, 0, 0, 32, 15, 20, 26, 16, 0, 30, 17, 30, 28, 0, 111, 0, 37, 21, 9, 21, 12, 18, 48, 12, 31, 0)
s = 152: (0, 40, 24, 42, 25, 60, 14, 0, 0, 43, 13, 56, 16, 17, 0, 21, 12, 32, 19, 0, 74, 0, 59, 16, 12, 45, 19, 24, 48, 14, 39, 0)
s = 153: (0, 55, 51, 43, 21, 28, 18, 0, 0, 34, 12, 24, 16, 14, 0, 26, 22, 33, 53, 0, 102, 0, 67, 28, 9, 36, 11, 19, 41, 9, 74, 0)
s = 154: (0, 76, 41, 31, 19, 48, 22, 0, 0, 25, 7, 47, 23, 24, 0, 28, 18, 28, 29, 0, 59, 0, 51, 25, 12, 29, 25, 18, 69, 18, 67, 0)
s = 155: (0, 65, 31, 28, 19, 63, 21, 0, 0, 16, 11, 21, 31, 11, 0, 20, 15, 35, 28, 0, 104, 0, 53, 19, 11, 36, 19, 25, 57, 14, 52, 0)
s = 156: (0, 42, 36, 60, 36, 25, 11, 0, 0, 32, 14, 35, 20, 11, 0, 30, 16, 20, 28, 0, 54, 0, 76, 23, 8, 23, 26, 16, 89, 10, 69, 0)
s = 157: (0, 51, 62, 34, 22, 48, 10, 0, 0, 31, 10, 50, 42, 9, 0, 32, 14, 28, 24, 0, 49, 0, 45, 21, 11, 26, 11, 29, 48, 23, 35, 0)
s = 158: (0, 40, 37, 34, 30, 49, 12, 0, 0, 27, 15, 25, 31, 25, 0, 20, 11, 41, 37, 0, 70, 0, 72, 22, 12, 48, 19, 26, 37, 12, 70, 0)
s = 159: (0, 51, 40, 58, 35, 51, 17, 0, 0, 22, 11, 39, 24, 18, 0, 24, 18, 39, 56, 0, 90, 0, 57, 15, 13, 38, 22, 24, 46, 20, 65, 0)
s = 160: (0, 42, 41, 58, 29, 32, 8, 0, 0, 39, 12, 50, 20, 23, 0, 28, 18, 46, 23, 0, 96, 0, 89, 19, 11, 29, 12, 33, 58, 18, 70, 0)
s = 161: (0, 38, 28, 34, 34, 36, 13, 0, 0, 29, 16, 25, 25, 18, 0, 27, 13, 38, 39, 0, 74, 0, 49, 21, 8, 25, 13, 25, 54, 16, 80, 0)
s = 162: (0, 46, 31, 28, 39, 59, 18, 0, 0, 25, 18, 37, 27, 22, 0, 19, 13, 41, 23, 0, 65, 0, 50, 24, 10, 28, 11, 28, 73, 12, 78, 0)
s = 163: (0, 56, 49, 63, 17, 32, 20, 0, 0, 29, 11, 27, 32, 17, 0, 24, 18, 28, 39, 0, 145, 0, 92, 23, 11, 37, 16, 27, 37, 11, 79, 0)
s = 164: (0, 84, 30, 38, 28, 47, 15, 0, 0, 31, 11, 34, 16, 12, 0, 24, 9, 22, 42, 0, 99, 0, 70, 17, 16, 25, 12, 28, 76, 16, 44, 0)
s = 165: (0, 81, 66, 36, 26, 41, 12, 0, 0, 30, 11, 39, 20, 16, 0, 18, 14, 26, 23, 0, 116, 0, 45, 18, 6, 17, 14, 15, 71, 14, 45, 0)
s = 166: (0, 60, 49, 50, 22, 40, 11, 0, 0, 22, 15, 24, 14, 18, 0, 25, 18, 31, 28, 0, 62, 0, 47, 15, 10, 24, 14, 24, 81, 10, 46, 0)
s = 167: (0, 66, 40, 57, 34, 39, 16, 0, 0, 28, 13, 30, 27, 18, 0, 31, 12, 39, 20, 0, 118, 0, 46, 21, 20, 34, 23, 29, 66, 15, 51, 0)
s = 168: (0, 33, 26, 74, 14, 40, 15, 0, 0, 25, 25, 37, 31, 15, 0, 39, 15, 26, 35, 0, 67, 0, 42, 21, 9, 35, 9, 22, 80, 9, 44, 0)
s = 169: (0, 66, 31, 51, 41, 67, 18, 0, 0, 29, 10, 34, 14, 10, 0, 36, 20, 24, 23, 0, 72, 0, 53, 18, 11, 31, 13, 28, 73, 11, 51, 0)
s = 170: (0, 37, 55, 47, 33, 42, 24, 0, 0, 29, 13, 33, 19, 16, 0, 21, 12, 28, 26, 0, 59, 0, 44, 26, 10, 28, 24, 23, 33, 25, 93, 0)
s = 171: (0, 38, 44, 42, 28, 45, 20, 0, 0, 28, 8, 28, 30, 18, 0, 25, 11, 22, 32, 0, 62, 0, 33, 18, 9, 25, 17, 22, 48, 19, 58, 0)
s = 172: (0, 62, 50, 54, 28, 37, 15, 0, 0, 40, 13, 25, 23, 20, 0, 22, 12, 32, 57, 0, 80, 0, 50, 22, 11, 27, 15, 27, 37, 12, 35, 0)
s = 173: (0, 44, 42, 36, 31, 28, 15, 0, 0, 39, 14, 23, 22, 17, 0, 21, 15, 23, 22, 0, 68, 0, 63, 16, 10, 32, 15, 22, 54, 13, 44, 0)
s = 174: (0, 68, 41, 50, 17, 44, 14, 0, 0, 17, 8, 25, 20, 15, 0, 22, 12, 23, 37, 0, 47, 0, 85, 29, 12, 22, 17, 30, 55, 15, 72, 0)
s = 175: (0, 53, 33, 59, 25, 33, 14, 0, 0, 18, 17, 30, 17, 13, 0, 29, 15, 16, 42, 0, 48, 0, 42, 23, 13, 34, 18, 21, 75, 15, 71, 0)
s = 176: (0, 43, 32, 46, 29, 25, 16, 0, 0, 26, 8, 29, 20, 15, 0, 28, 12, 43, 25, 0, 61, 0, 53, 29, 10, 32, 12, 32, 74, 11, 42, 0)
s = 177: (0, 59, 33, 53, 30, 39, 9, 0, 0, 31, 20, 35, 26, 10, 0, 21, 20, 36, 51, 0, 74, 0, 46, 37, 9, 23, 12, 15, 41, 10, 62, 0)
s = 178: (0, 96, 34, 44, 29, 41, 18, 0, 0, 30, 13, 48, 21, 13, 0, 15, 12, 22, 26, 0, 71, 0, 108, 21, 12, 18, 19, 35, 43, 17, 42, 0)
s = 179: (0, 36, 59, 34, 17, 47, 17, 0, 0, 19, 12, 28, 23, 19, 0, 23, 16, 33, 37, 0, 132, 0, 43, 19, 14, 31, 15, 27, 57, 14, 51, 0)
s = 180: (0, 66, 50, 47, 33, 47, 14, 0, 0, 22, 11, 32, 31, 19, 0, 16, 15, 29, 39, 0, 60, 0, 67, 24, 13, 28, 12, 26, 81, 23, 41, 0)
s = 181: (0, 64, 35, 54, 27, 37, 17, 0, 0, 29, 11, 31, 21, 12, 0, 30, 23, 17, 36, 0, 97, 0, 43, 20, 10, 40, 11, 27, 52, 21, 31, 0)
s = 182: (0, 42, 77, 51, 33, 39, 16, 0, 0, 47, 14, 25, 26, 14, 0, 18, 13, 32, 32, 0, 110, 0, 52, 16, 11, 21, 14, 26, 52, 11, 46, 0)
s = 183: (0, 46, 33, 59, 31, 43, 10, 0, 0, 27, 10, 37, 25, 16, 0, 25, 10, 20, 34, 0, 108, 0, 33, 19, 9, 23, 14, 30, 44, 14, 55, 0)
s = 184: (0, 40, 53, 54, 24, 42, 16, 0, 0, 27, 11, 38, 22, 17, 0, 38, 17, 32, 30, 0, 62, 0, 35, 14, 6, 52, 18, 27, 42, 11, 36, 0)
s = 185: (0, 44, 38, 70, 48, 56, 11, 0, 0, 27, 10, 35, 30, 12, 0, 19, 12, 21, 30, 0, 88, 0, 30, 15, 11, 22, 10, 16, 49, 20, 55, 0)
s = 186: (0, 66, 35, 34, 28, 39, 15, 0, 0, 26, 19, 29, 14, 12, 0, 24, 12, 19, 30, 0, 57, 0, 51, 14, 12, 17, 17, 21, 48, 27, 58, 0)
s = 187: (0, 58, 59, 52, 25, 45, 16, 0, 0, 49, 16, 42, 19, 13, 0, 21, 17, 36, 43, 0, 98, 0, 30, 17, 8, 25, 16, 31, 61, 20, 64, 0)
s = 188: (0, 57, 44, 57, 32, 23, 19, 0, 0, 27, 12, 20, 28, 21, 0, 28, 16, 25, 58, 0, 107, 0, 48, 18, 11, 20, 16, 24, 29, 13, 52, 0)
s = 189: (0, 42, 65, 57, 30, 45, 21, 0, 0, 24, 18, 27, 32, 15, 0, 22, 19, 34, 45, 0, 72, 0, 51, 19, 12, 27, 13, 21, 36, 17, 71, 0)
s = 190: (0, 45, 37, 47, 26, 56, 17, 0, 0, 25, 13, 37, 22, 10, 0, 20, 12, 29, 25, 0, 86, 0, 68, 24, 8, 38, 16, 20, 52, 16, 46, 0)
s = 191: (0, 48, 44, 44, 21, 34, 19, 0, 0, 26, 9, 30, 19, 10, 0, 21, 10, 41, 48, 0, 79, 0, 76, 34, 9, 37, 24, 26, 50, 19, 38, 0)
s = 192: (0, 33, 37, 30, 27, 31, 13, 0, 0, 24, 13, 36, 23, 19, 0, 21, 20, 27, 36, 0, 67, 0, 63, 22, 7, 38, 12, 18, 52, 10, 72, 0)
s = 193: (0, 74, 35, 40, 29, 29, 15, 0, 0, 20, 9, 30, 39, 13, 0, 23, 19, 28, 51, 0, 91, 0, 60, 29, 9, 29, 25, 31, 51, 12, 65, 0)
s = 194: (0, 52, 42, 32, 16, 26, 9, 0, 0, 47, 17, 17, 21, 23, 0, 18, 13, 42, 27, 0, 125, 0, 38, 23, 16, 35, 19, 19, 58, 17, 43, 0)
s = 195: (0, 45, 57, 42, 40, 37, 10, 0, 0, 28, 12, 29, 32, 12, 0, 16, 10, 38, 31, 0, 61, 0, 57, 20, 11, 48, 16, 35, 46, 18, 58, 0)
s = 196: (0, 65, 39, 45, 20, 32, 16, 0, 0, 35, 14, 18, 25, 19, 0, 16, 9, 19, 22, 0, 59, 0, 50, 31, 16, 26, 14, 32, 53, 18, 53, 0)
s = 197: (0, 85, 60, 31, 38, 26, 15, 0, 0, 26, 17, 34, 42, 12, 0, 21, 11, 35, 23, 0, 108, 0, 54, 20, 16, 28, 26, 22, 76, 14, 57, 0)
s = 198: (0, 44, 45, 51, 31, 53, 17, 0, 0, 26, 11, 18, 13, 13, 0, 27, 16, 34, 31, 0, 118, 0, 80, 20, 7, 23, 13, 18, 60, 10, 45, 0)
s = 199: (0, 64, 49, 46, 23, 37, 11, 0, 0, 19, 11, 34, 22, 14, 0, 27, 11, 27, 29, 0, 56, 0, 39, 23, 9, 31, 15, 24, 80, 12, 44, 0)
s = 200: (0, 62, 48, 40, 34, 58, 16, 0, 0, 42, 23, 33, 14, 21, 0, 26, 15, 18, 23, 0, 68, 0, 86, 31, 13, 32, 15, 28, 72, 15, 52, 0)
------------------------------------------------------------------------
RESOURCE k = 3
s = 1: (0, 15, 0, 70, 35, 0, 0, 12, 30, 49, 0, 0, 9, 64, 54, 0, 34, 0, 25, 26, 115, 69, 120, 0, 15, 35, 0, 8, 52, 46, 0, 0)
s = 2: (0, 20, 0, 81, 46, 0, 0, 11, 28, 39, 0, 0, 12, 29, 45, 0, 44, 0, 32, 25, 119, 87, 44, 0, 30, 37, 0, 7, 41, 37, 0, 0)
s = 3: (0, 14, 0, 62, 35, 0, 0, 10, 53, 50, 0, 0, 12, 29, 43, 0, 41, 0, 33, 38, 126, 52, 56, 0, 18, 37, 0, 12, 39, 46, 0, 0)
s = 4: (0, 15, 0, 122, 31, 0, 0, 16, 37, 78, 0, 0, 19, 23, 82, 0, 61, 0, 25, 30, 71, 93, 58, 0, 24, 55, 0, 7, 30, 59, 0, 0)
s = 5: (0, 17, 0, 73, 80, 0, 0, 14, 34, 42, 0, 0, 10, 25, 46, 0, 39, 0, 31, 33, 121, 53, 117, 0, 44, 78, 0, 7, 29, 71, 0, 0)
s = 6: (0, 17, 0, 85, 41, 0, 0, 11, 26, 38, 0, 0, 12, 28, 52, 0, 45, 0, 51, 23, 112, 57, 59, 0, 19, 74, 0, 12, 24, 40, 0, 0)
s = 7: (0, 13, 0, 146, 30, 0, 0, 12, 23, 48, 0, 0, 13, 31, 37, 0, 53, 0, 33, 43, 74, 125, 42, 0, 28, 35, 0, 7, 25, 52, 0, 0)
s = 8: (0, 27, 0, 88, 36, 0, 0, 7, 51, 47, 0, 0, 12, 38, 52, 0, 38, 0, 31, 40, 80, 83, 74, 0, 22, 40, 0, 10, 32, 69, 0, 0)
s = 9: (0, 18, 0, 62, 45, 0, 0, 6, 40, 58, 0, 0, 12, 49, 45, 0, 36, 0, 44, 24, 81, 72, 75, 0, 23, 51, 0, 9, 35, 71, 0, 0)
s = 10: (0, 17, 0, 100, 33, 0, 0, 12, 30, 42, 0, 0, 10, 34, 40, 0, 42, 0, 25, 44, 77, 74, 87, 0, 27, 34, 0, 9, 54, 49, 0, 0)
s = 11: (0, 14, 0, 59, 71, 0, 0, 14, 22, 41, 0, 0, 10, 51, 42, 0, 50, 0, 32, 37, 128, 84, 46, 0, 48, 51, 0, 10, 24, 38, 0, 0)
s = 12: (0, 17, 0, 80, 50, 0, 0, 13, 25, 61, 0, 0, 15, 33, 59, 0, 36, 0, 40, 40, 125, 57, 97, 0, 18, 47, 0, 9, 51, 68, 0, 0)
s = 13: (0, 22, 0, 72, 38, 0, 0, 13, 27, 50, 0, 0, 12, 39, 29, 0, 49, 0, 22, 28, 88, 72, 61, 0, 21, 58, 0, 7, 39, 81, 0, 0)
s = 14: (0, 28, 0, 71, 33, 0, 0, 10, 39, 39, 0, 0, 10, 42, 53, 0, 24, 0, 22, 21, 68, 43, 99, 0, 15, 63, 0, 8, 42, 70, 0, 0)
s = 15: (0, 16, 0, 48, 36, 0, 0, 12, 53, 39, 0, 0, 15, 62, 52, 0, 31, 0, 37, 36, 113, 54, 77, 0, 18, 78, 0, 8, 37, 92, 0, 0)
s = 16: (0, 29, 0, 58, 36, 0, 0, 8, 38, 64, 0, 0, 8, 28, 67, 0, 39, 0, 51, 44, 173, 62, 43, 0, 20, 43, 0, 7, 51, 55, 0, 0)
s = 17: (0, 21, 0, 55, 52, 0, 0, 12, 55, 49, 0, 0, 9, 28, 26, 0, 30, 0, 39, 38, 110, 55, 92, 0, 20, 31, 0, 9, 46, 42, 0, 0)
s = 18: (0, 23, 0, 97, 51, 0, 0, 10, 30, 41, 0, 0, 12, 42, 38, 0, 34, 0, 37, 37, 93, 67, 81, 0, 27, 55, 0, 5, 54, 34, 0, 0)
s = 19: (0, 16, 0, 123, 72, 0, 0, 14, 49, 79, 0, 0, 11, 56, 31, 0, 22, 0, 37, 38, 132, 62, 39, 0, 20, 48, 0, 9, 26, 31, 0, 0)
s = 20: (0, 27, 0, 55, 55, 0, 0, 8, 41, 51, 0, 0, 19, 39, 29, 0, 31, 0, 42, 57, 75, 110, 99, 0, 22, 57, 0, 9, 50, 41, 0, 0)
s = 21: (0, 19, 0, 67, 73, 0, 0, 11, 32, 57, 0, 0, 10, 44, 39, 0, 29, 0, 33, 30, 120, 100, 64, 0, 24, 31, 0, 12, 52, 54, 0, 0)
s = 22: (0, 24, 0, 76, 37, 0, 0, 7, 45, 68, 0, 0, 11, 52, 62, 0, 53, 0, 38, 34, 64, 77, 96, 0, 30, 38, 0, 14, 24, 45, 0, 0)
s = 23: (0, 23, 0, 53, 72, 0, 0, 12, 61, 54, 0, 0, 16, 34, 52, 0, 47, 0, 25, 28, 89, 71, 58, 0, 28, 65, 0, 6, 52, 40, 0, 0)
s = 24: (0, 29, 0, 46, 28, 0, 0, 12, 41, 41, 0, 0, 15, 47, 47, 0, 29, 0, 34, 50, 109, 81, 54, 0, 34, 53, 0, 8, 26, 65, 0, 0)
s = 25: (0, 23, 0, 59, 56, 0, 0, 12, 32, 67, 0, 0, 10, 59, 29, 0, 70, 0, 42, 27, 64, 49, 52, 0, 21, 42, 0, 7, 27, 73, 0, 0)
s = 26: (0, 23, 0, 84, 61, 0, 0, 10, 27, 61, 0, 0, 18, 50, 59, 0, 57, 0, 33, 32, 125, 49, 73, 0, 25, 34, 0, 7, 35, 34, 0, 0)
s = 27: (0, 12, 0, 89, 45, 0, 0, 18, 27, 54, 0, 0, 8, 28, 37, 0, 50, 0, 26, 38, 84, 69, 55, 0, 23, 39, 0, 8, 61, 62, 0, 0)
s = 28: (0, 15, 0, 128, 28, 0, 0, 13, 51, 62, 0, 0, 7, 27, 42, 0, 49, 0, 29, 41, 72, 47, 51, 0, 29, 38, 0, 8, 40, 61, 0, 0)
s = 29: (0, 15, 0, 50, 49, 0, 0, 11, 30, 94, 0, 0, 18, 35, 55, 0, 39, 0, 20, 43, 124, 86, 84, 0, 33, 45, 0, 9, 56, 91, 0, 0)
s = 30: (0, 29, 0, 76, 63, 0, 0, 16, 51, 51, 0, 0, 15, 48, 87, 0, 29, 0, 29, 32, 98, 45, 60, 0, 22, 40, 0, 11, 46, 37, 0, 0)
s = 31: (0, 22, 0, 121, 35, 0, 0, 9, 31, 52, 0, 0, 11, 49, 59, 0, 44, 0, 29, 38, 92, 90, 111, 0, 32, 57, 0, 8, 39, 38, 0, 0)
s = 32: (0, 26, 0, 53, 53, 0, 0, 12, 44, 61, 0, 0, 16, 29, 67, 0, 58, 0, 35, 36, 86, 111, 104, 0, 23, 67, 0, 6, 67, 46, 0, 0)
s = 33: (0, 29, 0, 111, 63, 0, 0, 8, 47, 60, 0, 0, 8, 30, 38, 0, 46, 0, 20, 46, 93, 48, 58, 0, 25, 31, 0, 8, 33, 62, 0, 0)
s = 34: (0, 16, 0, 104, 49, 0, 0, 13, 24, 41, 0, 0, 10, 41, 38, 0, 46, 0, 25, 26, 58, 81, 61, 0, 25, 26, 0, 5, 43, 62, 0, 0)
s = 35: (0, 18, 0, 110, 34, 0, 0, 8, 33, 61, 0, 0, 14, 44, 44, 0, 44, 0, 25, 26, 132, 81, 65, 0, 18, 48, 0, 9, 42, 55, 0, 0)
s = 36: (0, 17, 0, 67, 57, 0, 0, 8, 49, 43, 0, 0, 11, 39, 40, 0, 29, 0, 26, 21, 88, 69, 50, 0, 17, 36, 0, 5, 35, 56, 0, 0)
s = 37: (0, 13, 0, 51, 34, 0, 0, 7, 27, 70, 0, 0, 7, 60, 34, 0, 57, 0, 22, 32, 69, 87, 63, 0, 20, 36, 0, 10, 38, 40, 0, 0)
s = 38: (0, 29, 0, 94, 41, 0, 0, 10, 35, 51, 0, 0, 12, 55, 56, 0, 42, 0, 23, 41, 80, 85, 96, 0, 33, 52, 0, 6, 48, 46, 0, 0)
s = 39: (0, 17, 0, 96, 36, 0, 0, 8, 37, 47, 0, 0, 16, 22, 62, 0, 44, 0, 45, 24, 103, 81, 101, 0, 21, 56, 0, 7, 31, 38, 0, 0)
s = 40: (0, 19, 0, 78, 28, 0, 0, 10, 41, 61, 0, 0, 11, 46, 58, 0, 57, 0, 40, 29, 95, 100, 99, 0, 33, 48, 0, 6, 25, 51, 0, 0)
s = 41: (0, 16, 0, 87, 44, 0, 0, 15, 32, 44, 0, 0, 15, 44, 33, 0, 56, 0, 54, 46, 68, 127, 78, 0, 20, 33, 0, 11, 55, 65, 0, 0)
s = 42: (0, 18, 0, 65, 27, 0, 0, 11, 27, 56, 0, 0, 10, 48, 46, 0, 25, 0, 23, 34, 136, 69, 114, 0, 36, 36, 0, 5, 30, 36, 0, 0)
s = 43: (0, 21, 0, 75, 27, 0, 0, 12, 35, 68, 0, 0, 13, 51, 60, 0, 56, 0, 37, 37, 108, 84, 61, 0, 26, 40, 0, 11, 53, 93, 0, 0)
s = 44: (0, 12, 0, 93, 46, 0, 0, 9, 37, 48, 0, 0, 13, 31, 45, 0, 56, 0, 32, 21, 67, 125, 51, 0, 23, 33, 0, 7, 24, 68, 0, 0)
s = 45: (0, 25, 0, 48, 37, 0, 0, 15, 31, 54, 0, 0, 12, 29, 52, 0, 30, 0, 27, 36, 60, 104, 101, 0, 30, 57, 0, 6, 26, 41, 0, 0)
s = 46: (0, 30, 0, 60, 37, 0, 0, 10, 21, 53, 0, 0, 13, 30, 43, 0, 39, 0, 44, 37, 78, 64, 75, 0, 16, 40, 0, 10, 47, 70, 0, 0)
s = 47: (0, 23, 0, 59, 45, 0, 0, 15, 22, 55, 0, 0, 16, 26, 59, 0, 31, 0, 24, 35, 62, 111, 52, 0, 23, 51, 0, 11, 59, 44, 0, 0)
s = 48: (0, 18, 0, 86, 64, 0, 0, 10, 39, 75, 0, 0, 10, 52, 26, 0, 39, 0, 43, 43, 71, 84, 48, 0, 26, 37, 0, 10, 39, 71, 0, 0)
s = 49: (0, 24, 0, 77, 46, 0, 0, 10, 46, 44, 0, 0, 21, 66, 56, 0, 51, 0, 24, 41, 83, 52, 73, 0, 25, 45, 0, 10, 54, 96, 0, 0)
s = 50: (0, 16, 0, 84, 42, 0, 0, 13, 36, 52, 0, 0, 12, 45, 67, 0, 40, 0, 36, 43, 106, 44, 68, 0, 15, 54, 0, 5, 27, 46, 0, 0)
s = 51: (0, 15, 0, 98, 30, 0, 0, 13, 23, 60, 0, 0, 10, 51, 35, 0, 37, 0, 26, 55, 98, 94, 53, 0, 22, 54, 0, 7, 31, 54, 0, 0)
s = 52: (0, 15, 0, 54, 63, 0, 0, 7, 44, 62, 0, 0, 13, 34, 61, 0, 38, 0, 20, 26, 65, 113, 62, 0, 16, 35, 0, 6, 43, 93, 0, 0)
s = 53: (0, 27, 0, 52, 26, 0, 0, 7, 20, 46, 0, 0, 15, 25, 52, 0, 50, 0, 38, 35, 58, 99, 50, 0, 18, 36, 0, 7, 48, 52, 0, 0)
s = 54: (0, 24, 0, 65, 35, 0, 0, 13, 32, 48, 0, 0, 12, 37, 59, 0, 32, 0, 31, 20, 64, 51, 45, 0, 20, 27, 0, 7, 28, 37, 0, 0)
s = 55: (0, 11, 0, 78, 51, 0, 0, 13, 23, 42, 0, 0, 16, 61, 48, 0, 60, 0, 38, 45, 66, 96, 41, 0, 25, 54, 0, 8, 62, 54, 0, 0)
s = 56: (0, 19, 0, 83, 43, 0, 0, 9, 50, 60, 0, 0, 8, 41, 77, 0, 43, 0, 39, 46, 112, 78, 64, 0, 21, 34, 0, 10, 26, 34, 0, 0)
s = 57: (0, 21, 0, 88, 48, 0, 0, 12, 52, 56, 0, 0, 14, 53, 39, 0, 41, 0, 25, 32, 88, 53, 105, 0, 40, 56, 0, 6, 61, 72, 0, 0)
s = 58: (0, 16, 0, 54, 58, 0, 0, 12, 27, 45, 0, 0, 13, 25, 64, 0, 24, 0, 62, 47, 80, 112, 55, 0, 14, 40, 0, 10, 37, 44, 0, 0)
s = 59: (0, 19, 0, 83, 33, 0, 0, 16, 21, 63, 0, 0, 9, 46, 48, 0, 36, 0, 22, 38, 69, 74, 49, 0, 19, 37, 0, 10, 29, 39, 0, 0)
s = 60: (0, 22, 0, 91, 73, 0, 0, 12, 26, 52, 0, 0, 18, 37, 52, 0, 50, 0, 29, 31, 82, 72, 69, 0, 33, 34, 0, 11, 31, 84, 0, 0)
s = 61: (0, 13, 0, 51, 64, 0, 0, 11, 19, 46, 0, 0, 11, 38, 32, 0, 48, 0, 39, 42, 83, 111, 47, 0, 16, 35, 0, 9, 27, 63, 0, 0)
s = 62: (0, 22, 0, 92, 61, 0, 0, 6, 31, 45, 0, 0, 14, 73, 40, 0, 42, 0, 31, 22, 68, 46, 63, 0, 26, 32, 0, 8, 24, 71, 0, 0)
s = 63: (0, 20, 0, 63, 27, 0, 0, 13, 24, 64, 0, 0, 10, 29, 42, 0, 39, 0, 30, 55, 76, 65, 113, 0, 25, 54, 0, 9, 66, 45, 0, 0)
s = 64: (0, 17, 0, 81, 37, 0, 0, 7, 39, 33, 0, 0, 16, 52, 43, 0, 32, 0, 50, 36, 82, 79, 42, 0, 25, 44, 0, 9, 34, 35, 0, 0)
s = 65: (0, 19, 0, 92, 36, 0, 0, 6, 43, 54, 0, 0, 11, 33, 60, 0, 35, 0, 25, 33, 85, 97, 82, 0, 32, 50, 0, 5, 39, 77, 0, 0)
s = 66: (0, 13, 0, 69, 37, 0, 0, 13, 32, 64, 0, 0, 16, 61, 42, 0, 25, 0, 34, 24, 104, 73, 71, 0, 18, 64, 0, 14, 40, 31, 0, 0)
s = 67: (0, 21, 0, 100, 42, 0, 0, 7, 34, 72, 0, 0, 10, 43, 38, 0, 21, 0, 38, 37, 137, 100, 86, 0, 30, 35, 0, 6, 51, 31, 0, 0)
s = 68: (0, 24, 0, 139, 42, 0, 0, 9, 22, 40, 0, 0, 8, 41, 53, 0, 45, 0, 35, 32, 78, 78, 57, 0, 19, 24, 0, 6, 44, 38, 0, 0)
s = 69: (0, 19, 0, 67, 83, 0, 0, 11, 48, 36, 0, 0, 17, 32, 36, 0, 48, 0, 43, 29, 78, 82, 45, 0, 28, 38, 0, 9, 58, 90, 0, 0)
s = 70: (0, 19, 0, 42, 60, 0, 0, 13, 27, 34, 0, 0, 16, 52, 53, 0, 36, 0, 40, 21, 129, 72, 78, 0, 17, 60, 0, 6, 31, 88, 0, 0)
s = 71: (0, 18, 0, 74, 77, 0, 0, 11, 40, 93, 0, 0, 18, 25, 54, 0, 59, 0, 32, 35, 89, 131, 70, 0, 40, 51, 0, 9, 32, 70, 0, 0)
s = 72: (0, 19, 0, 45, 35, 0, 0, 10, 39, 40, 0, 0, 9, 45, 68, 0, 37, 0, 38, 43, 132, 75, 44, 0, 33, 34, 0, 10, 38, 56, 0, 0)
s = 73: (0, 13, 0, 128, 42, 0, 0, 11, 43, 73, 0, 0, 9, 25, 55, 0, 26, 0, 27, 30, 72, 80, 103, 0, 32, 54, 0, 11, 42, 53, 0, 0)
s = 74: (0, 30, 0, 49, 54, 0, 0, 10, 49, 53, 0, 0, 10, 39, 34, 0, 32, 0, 43, 27, 127, 82, 54, 0, 24, 45, 0, 7, 33, 91, 0, 0)
s = 75: (0, 13, 0, 90, 37, 0, 0, 14, 36, 47, 0, 0, 13, 24, 33, 0, 33, 0, 23, 26, 128, 103, 71, 0, 26, 27, 0, 9, 35, 66, 0, 0)
s = 76: (0, 23, 0, 92, 41, 0, 0, 15, 34, 87, 0, 0, 8, 55, 31, 0, 34, 0, 39, 28, 115, 75, 59, 0, 17, 43, 0, 9, 44, 57, 0, 0)
s = 77: (0, 21, 0, 63, 36, 0, 0, 11, 26, 39, 0, 0, 9, 31, 34, 0, 39, 0, 29, 39, 99, 86, 49, 0, 17, 38, 0, 10, 54, 68, 0, 0)
s = 78: (0, 15, 0, 90, 58, 0, 0, 9, 35, 58, 0, 0, 9, 32, 64, 0, 50, 0, 29, 29, 69, 48, 63, 0, 24, 64, 0, 14, 46, 40, 0, 0)
s = 79: (0, 18, 0, 58, 41, 0, 0, 16, 31, 53, 0, 0, 15, 39, 38, 0, 37, 0, 26, 32, 97, 71, 54, 0, 30, 41, 0, 8, 48, 52, 0, 0)
s = 80: (0, 16, 0, 84, 36, 0, 0, 11, 21, 37, 0, 0, 11, 27, 57, 0, 26, 0, 20, 31, 83, 71, 53, 0, 40, 31, 0, 13, 33, 51, 0, 0)
s = 81: (0, 15, 0, 80, 35, 0, 0, 8, 36, 46, 0, 0, 15, 28, 70, 0, 42, 0, 49, 27, 171, 122, 48, 0, 26, 25, 0, 11, 31, 76, 0, 0)
s = 82: (0, 22, 0, 84, 62, 0, 0, 9, 33, 48, 0, 0, 11, 43, 40, 0, 65, 0, 36, 27, 74, 107, 89, 0, 31, 50, 0, 6, 54, 76, 0, 0)
s = 83: (0, 15, 0, 66, 68, 0, 0, 9, 45, 68, 0, 0, 12, 30, 64, 0, 44, 0, 31, 32, 87, 101, 44, 0, 21, 26, 0, 10, 56, 68, 0, 0)
s = 84: (0, 19, 0, 83, 45, 0, 0, 7, 29, 38, 0, 0, 11, 60, 37, 0, 39, 0, 42, 27, 85, 81, 81, 0, 29, 41, 0, 7, 51, 32, 0, 0)
s = 85: (0, 27, 0, 58, 43, 0, 0, 8, 28, 47, 0, 0, 11, 30, 61, 0, 33, 0, 28, 33, 74, 49, 45, 0, 23, 46, 0, 11, 35, 45, 0, 0)
s = 86: (0, 19, 0, 93, 38, 0, 0, 12, 37, 54, 0, 0, 20, 30, 38, 0, 62, 0, 48, 39, 49, 123, 48, 0, 24, 31, 0, 8, 28, 55, 0, 0)
s = 87: (0, 15, 0, 70, 28, 0, 0, 12, 24, 38, 0, 0, 11, 54, 39, 0, 54, 0, 42, 31, 63, 66, 109, 0, 14, 38, 0, 6, 43, 70, 0, 0)
s = 88: (0, 15, 0, 96, 42, 0, 0, 11, 29, 78, 0, 0, 9, 25, 40, 0, 27, 0, 33, 38, 113, 58, 88, 0, 26, 41, 0, 13, 43, 83, 0, 0)
s = 89: (0, 19, 0, 76, 26, 0, 0, 7, 25, 69, 0, 0, 12, 37, 57, 0, 25, 0, 35, 50, 114, 74, 53, 0, 19, 36, 0, 7, 44, 37, 0, 0)
s = 90: (0, 19, 0, 63, 67, 0, 0, 12, 27, 54, 0, 0, 10, 41, 37, 0, 28, 0, 30, 56, 60, 80, 87, 0, 31, 46, 0, 7, 56, 44, 0, 0)
s = 91: (0, 12, 0, 87, 35, 0, 0, 12, 37, 79, 0, 0, 16, 41, 47, 0, 35, 0, 55, 30, 118, 87, 55, 0, 23, 62, 0, 11, 44, 56, 0, 0)
s = 92: (0, 16, 0, 50, 61, 0, 0, 11, 51, 84, 0, 0, 13, 51, 29, 0, 61, 0, 49, 25, 115, 50, 79, 0, 28, 43, 0, 8, 39, 79, 0, 0)
s = 93: (0, 17, 0, 58, 52, 0, 0, 11, 48, 52, 0, 0, 17, 32, 34, 0, 58, 0, 22, 55, 46, 63, 44, 0, 19, 39, 0, 9, 44, 56, 0, 0)
s = 94: (0, 13, 0, 90, 27, 0, 0, 8, 31, 45, 0, 0, 8, 34, 34, 0, 30, 0, 36, 34, 99, 101, 54, 0, 22, 47, 0, 7, 35, 62, 0, 0)
s = 95: (0, 17, 0, 72, 39, 0, 0, 15, 55, 59, 0, 0, 12, 35, 72, 0, 46, 0, 22, 36, 61, 60, 81, 0, 17, 35, 0, 7, 59, 68, 0, 0)
s = 96: (0, 14, 0, 57, 37, 0, 0, 6, 24, 53, 0, 0, 10, 57, 82, 0, 26, 0, 33, 24, 63, 78, 51, 0, 24, 56, 0, 5, 33, 47, 0, 0)
s = 97: (0, 16, 0, 56, 38, 0, 0, 7, 25, 48, 0, 0, 12, 48, 41, 0, 55, 0, 31, 60, 70, 92, 88, 0, 34, 54, 0, 7, 43, 47, 0, 0)
s = 98: (0, 17, 0, 121, 36, 0, 0, 6, 25, 53, 0, 0, 13, 42, 35, 0, 47, 0, 24, 48, 64, 116, 82, 0, 23, 35, 0, 6, 72, 55, 0, 0)
s = 99: (0, 14, 0, 62, 55, 0, 0, 11, 21, 68, 0, 0, 12, 28, 28, 0, 55, 0, 30, 30, 110, 112, 85, 0, 14, 34, 0, 8, 45, 42, 0, 0)
s = 100: (0, 19, 0, 71, 41, 0, 0, 11, 22, 69, 0, 0, 8, 24, 45, 0, 24, 0, 45, 45, 78, 73, 61, 0, 23, 36, 0, 8, 46, 46, 0, 0)
s = 101: (0, 17, 0, 74, 51, 0, 0, 14, 33, 48, 0, 0, 11, 32, 57, 0, 35, 0, 22, 46, 62, 67, 84, 0, 19, 43, 0, 7, 60, 71, 0, 0)
s = 102: (0, 12, 0, 112, 39, 0, 0, 11, 43, 72, 0, 0, 17, 43, 73, 0, 29, 0, 34, 40, 85, 91, 72, 0, 27, 41, 0, 11, 44, 59, 0, 0)
s = 103: (0, 20, 0, 78, 48, 0, 0, 13, 26, 35, 0, 0, 16, 47, 74, 0, 38, 0, 18, 23, 102, 90, 45, 0, 18, 42, 0, 9, 43, 76, 0, 0)
s = 104: (0, 15, 0, 114, 58, 0, 0, 8, 32, 48, 0, 0, 20, 28, 56, 0, 28, 0, 39, 34, 73, 113, 46, 0, 26, 46, 0, 9, 61, 47, 0, 0)
s = 105: (0, 11, 0, 109, 37, 0, 0, 8, 43, 50, 0, 0, 11, 33, 60, 0, 34, 0, 26, 34, 69, 72, 92, 0, 39, 74, 0, 9, 35, 66, 0, 0)
s = 106: (0, 18, 0, 76, 56, 0, 0, 7, 51, 51, 0, 0, 12, 55, 33, 0, 25, 0, 53, 43, 112, 86, 38, 0, 21, 54, 0, 10, 33, 52, 0, 0)
s = 107: (0, 17, 0, 68, 64, 0, 0, 6, 50, 62, 0, 0, 12, 47, 38, 0, 22, 0, 40, 30, 94, 103, 61, 0, 21, 60, 0, 12, 33, 54, 0, 0)
s = 108: (0, 11, 0, 138, 63, 0, 0, 9, 38, 53, 0, 0, 19, 56, 55, 0, 30, 0, 19, 27, 86, 88, 112, 0, 32, 37, 0, 8, 29, 53, 0, 0)
s = 109: (0, 18, 0, 70, 44, 0, 0, 10, 54, 66, 0, 0, 12, 52, 47, 0, 59, 0, 55, 60, 111, 80, 73, 0, 32, 51, 0, 5, 42, 61, 0, 0)
s = 110: (0, 17, 0, 79, 32, 0, 0, 14, 45, 39, 0, 0, 13, 23, 40, 0, 35, 0, 44, 25, 128, 89, 93, 0, 42, 72, 0, 6, 31, 69, 0, 0)
s = 111: (0, 17, 0, 87, 37, 0, 0, 8, 48, 72, 0, 0, 11, 31, 70, 0, 39, 0, 57, 39, 83, 61, 59, 0, 33, 35, 0, 5, 54, 52, 0, 0)
s = 112: (0, 16, 0, 102, 45, 0, 0, 6, 25, 62, 0, 0, 10, 39, 63, 0, 47, 0, 22, 39, 72, 85, 86, 0, 18, 62, 0, 7, 28, 53, 0, 0)
s = 113: (0, 25, 0, 78, 35, 0, 0, 8, 23, 51, 0, 0, 14, 30, 57, 0, 40, 0, 44, 50, 75, 87, 67, 0, 26, 29, 0, 7, 32, 49, 0, 0)
s = 114: (0, 20, 0, 67, 63, 0, 0, 10, 50, 41, 0, 0, 9, 35, 82, 0, 34, 0, 53, 38, 85, 74, 82, 0, 28, 46, 0, 5, 60, 50, 0, 0)
s = 115: (0, 24, 0, 67, 40, 0, 0, 10, 27, 34, 0, 0, 8, 41, 64, 0, 25, 0, 22, 62, 83, 64, 92, 0, 37, 45, 0, 8, 42, 57, 0, 0)
s = 116: (0, 19, 0, 92, 49, 0, 0, 6, 25, 78, 0, 0, 15, 53, 47, 0, 50, 0, 25, 30, 86, 76, 63, 0, 24, 43, 0, 8, 55, 60, 0, 0)
s = 117: (0, 26, 0, 106, 53, 0, 0, 12, 21, 36, 0, 0, 12, 49, 28, 0, 32, 0, 25, 28, 82, 73, 52, 0, 21, 70, 0, 7, 38, 72, 0, 0)
s = 118: (0, 28, 0, 65, 49, 0, 0, 13, 25, 39, 0, 0, 7, 59, 68, 0, 31, 0, 19, 29, 51, 77, 82, 0, 29, 78, 0, 12, 23, 47, 0, 0)
s = 119: (0, 28, 0, 63, 40, 0, 0, 18, 46, 57, 0, 0, 11, 42, 33, 0, 23, 0, 27, 25, 90, 71, 83, 0, 16, 44, 0, 7, 27, 54, 0, 0)
s = 120: (0, 12, 0, 86, 34, 0, 0, 10, 50, 78, 0, 0, 11, 41, 33, 0, 49, 0, 31, 34, 53, 123, 54, 0, 24, 81, 0, 6, 31, 44, 0, 0)
s = 121: (0, 23, 0, 66, 45, 0, 0, 10, 43, 44, 0, 0, 9, 38, 32, 0, 32, 0, 32, 46, 93, 125, 75, 0, 25, 38, 0, 8, 55, 53, 0, 0)
s = 122: (0, 13, 0, 65, 54, 0, 0, 9, 45, 83, 0, 0, 10, 38, 58, 0, 33, 0, 29, 30, 47, 123, 110, 0, 29, 51, 0, 6, 50, 71, 0, 0)
s = 123: (0, 11, 0, 69, 37, 0, 0, 9, 40, 74, 0, 0, 9, 33, 41, 0, 72, 0, 22, 19, 124, 71, 81, 0, 22, 34, 0, 8, 39, 83, 0, 0)
s = 124: (0, 17, 0, 76, 32, 0, 0, 16, 29, 36, 0, 0, 10, 54, 71, 0, 23, 0, 46, 55, 94, 48, 60, 0, 38, 41, 0, 5, 51, 68, 0, 0)
s = 125: (0, 24, 0, 70, 35, 0, 0, 9, 51, 67, 0, 0, 11, 44, 66, 0, 36, 0, 38, 24, 61, 56, 95, 0, 22, 34, 0, 8, 51, 64, 0, 0)
s = 126: (0, 20, 0, 100, 77, 0, 0, 6, 29, 61, 0, 0, 12, 38, 50, 0, 26, 0, 17, 52, 94, 60, 61, 0, 36, 41, 0, 5, 39, 42, 0, 0)
s = 127: (0, 15, 0, 86, 31, 0, 0, 10, 35, 71, 0, 0, 10, 23, 33, 0, 34, 0, 33, 45, 81, 53, 65, 0, 29, 42, 0, 6, 53, 38, 0, 0)
s = 128: (0, 17, 0, 122, 58, 0, 0, 11, 36, 39, 0, 0, 9, 41, 53, 0, 40, 0, 31, 34, 83, 67, 40, 0, 21, 39, 0, 9, 29, 76, 0, 0)
s = 129: (0, 24, 0, 101, 27, 0, 0, 12, 48, 38, 0, 0, 10, 61, 56, 0, 29, 0, 48, 35, 59, 56, 86, 0, 19, 60, 0, 7, 36, 38, 0, 0)
s = 130: (0, 21, 0, 85, 40, 0, 0, 9, 36, 35, 0, 0, 13, 31, 42, 0, 33, 0, 38, 41, 61, 89, 61, 0, 23, 68, 0, 7, 25, 54, 0, 0)
s = 131: (0, 10, 0, 62, 54, 0, 0, 9, 22, 51, 0, 0, 10, 55, 38, 0, 50, 0, 33, 46, 113, 51, 76, 0, 18, 52, 0, 6, 44, 58, 0, 0)
s = 132: (0, 27, 0, 93, 43, 0, 0, 9, 48, 37, 0, 0, 14, 28, 55, 0, 31, 0, 28, 20, 113, 103, 65, 0, 22, 29, 0, 8, 46, 40, 0, 0)
s = 133: (0, 12, 0, 54, 72, 0, 0, 9, 26, 34, 0, 0, 7, 46, 37, 0, 37, 0, 24, 31, 89, 72, 88, 0, 22, 51, 0, 10, 28, 68, 0, 0)
s = 134: (0, 16, 0, 74, 64, 0, 0, 9, 23, 74, 0, 0, 17, 46, 57, 0, 51, 0, 23, 40, 94, 89, 53, 0, 18, 27, 0, 7, 30, 33, 0, 0)
s = 135: (0, 26, 0, 50, 57, 0, 0, 12, 41, 39, 0, 0, 13, 55, 60, 0, 29, 0, 24, 27, 107, 76, 122, 0, 23, 50, 0, 5, 62, 44, 0, 0)
s = 136: (0, 21, 0, 76, 76, 0, 0, 9, 36, 32, 0, 0, 14, 54, 50, 0, 25, 0, 28, 38, 107, 126, 85, 0, 29, 63, 0, 7, 27, 46, 0, 0)
s = 137: (0, 18, 0, 89, 35, 0, 0, 10, 38, 55, 0, 0, 8, 41, 70, 0, 30, 0, 20, 33, 64, 74, 67, 0, 30, 44, 0, 6, 68, 52, 0, 0)
s = 138: (0, 16, 0, 91, 81, 0, 0, 11, 24, 68, 0, 0, 11, 33, 50, 0, 43, 0, 33, 30, 78, 105, 71, 0, 26, 38, 0, 6, 42, 71, 0, 0)
s = 139: (0, 17, 0, 122, 58, 0, 0, 7, 54, 44, 0, 0, 11, 43, 30, 0, 55, 0, 27, 25, 104, 79, 60, 0, 18, 33, 0, 9, 45, 50, 0, 0)
s = 140: (0, 16, 0, 65, 41, 0, 0, 12, 36, 64, 0, 0, 7, 32, 49, 0, 57, 0, 36, 28, 94, 120, 49, 0, 20, 31, 0, 10, 28, 42, 0, 0)
s = 141: (0, 10, 0, 91, 43, 0, 0, 9, 28, 57, 0, 0, 9, 71, 51, 0, 50, 0, 27, 33, 66, 75, 86, 0, 17, 56, 0, 10, 46, 45, 0, 0)
s = 142: (0, 14, 0, 117, 29, 0, 0, 6, 39, 71, 0, 0, 15, 35, 63, 0, 35, 0, 35, 36, 150, 114, 48, 0, 39, 26, 0, 11, 48, 57, 0, 0)
s = 143: (0, 17, 0, 76, 57, 0, 0, 7, 48, 61, 0, 0, 10, 65, 58, 0, 29, 0, 20, 36, 69, 68, 86, 0, 25, 42, 0, 12, 38, 56, 0, 0)
s = 144: (0, 17, 0, 67, 53, 0, 0, 11, 41, 34, 0, 0, 8, 53, 51, 0, 42, 0, 33, 38, 89, 46, 73, 0, 22, 31, 0, 7, 39, 60, 0, 0)
s = 145: (0, 16, 0, 99, 49, 0, 0, 13, 30, 47, 0, 0, 8, 32, 58, 0, 59, 0, 20, 25, 80, 103, 52, 0, 21, 31, 0, 8, 34, 48, 0, 0)
s = 146: (0, 27, 0, 106, 77, 0, 0, 13, 34, 39, 0, 0, 11, 36, 32, 0, 32, 0, 23, 39, 98, 82, 108, 0, 24, 43, 0, 14, 50, 66, 0, 0)
s = 147: (0, 12, 0, 68, 39, 0, 0, 11, 41, 66, 0, 0, 14, 33, 31, 0, 52, 0, 22, 34, 65, 66, 52, 0, 27, 41, 0, 10, 32, 81, 0, 0)
s = 148: (0, 23, 0, 96, 35, 0, 0, 9, 30, 44, 0, 0, 13, 36, 45, 0, 45, 0, 33, 41, 66, 114, 60, 0, 32, 46, 0, 9, 33, 82, 0, 0)
s = 149: (0, 14, 0, 49, 27, 0, 0, 11, 27, 43, 0, 0, 15, 43, 50, 0, 47, 0, 60, 33, 77, 113, 90, 0, 42, 60, 0, 8, 35, 57, 0, 0)
s = 150: (0, 17, 0, 51, 50, 0, 0, 13, 51, 78, 0, 0, 12, 45, 60, 0, 53, 0, 37, 42, 95, 136, 93, 0, 27, 61, 0, 8, 37, 65, 0, 0)
s = 151: (0, 29, 0, 74, 39, 0, 0, 7, 22, 57, 0, 0, 13, 43, 47, 0, 45, 0, 28, 24, 123, 115, 46, 0, 21, 32, 0, 6, 35, 48, 0, 0)
s = 152: (0, 14, 0, 69, 44, 0, 0, 7, 24, 78, 0, 0, 8, 43, 53, 0, 31, 0, 19, 31, 83, 78, 73, 0, 30, 67, 0, 8, 35, 53, 0, 0)
s = 153: (0, 19, 0, 71, 38, 0, 0, 8, 27, 61, 0, 0, 8, 36, 49, 0, 57, 0, 53, 31, 114, 48, 83, 0, 22, 54, 0, 7, 30, 36, 0, 0)
s = 154: (0, 26, 0, 52, 33, 0, 0, 14, 48, 45, 0, 0, 12, 62, 75, 0, 48, 0, 29, 39, 65, 93, 64, 0, 29, 43, 0, 6, 49, 70, 0, 0)
s = 155: (0, 22, 0, 47, 34, 0, 0, 11, 53, 28, 0, 0, 16, 30, 66, 0, 40, 0, 28, 25, 116, 93, 66, 0, 28, 53, 0, 9, 41, 56, 0, 0)
s = 156: (0, 14, 0, 99, 64, 0, 0, 9, 58, 57, 0, 0, 10, 29, 34, 0, 41, 0, 28, 20, 60, 110, 95, 0, 20, 34, 0, 6, 64, 38, 0, 0)
s = 157: (0, 17, 0, 56, 39, 0, 0, 11, 46, 55, 0, 0, 21, 22, 31, 0, 37, 0, 24, 41, 54, 97, 56, 0, 26, 38, 0, 10, 34, 90, 0, 0)
s = 158: (0, 14, 0, 57, 54, 0, 0, 8, 27, 48, 0, 0, 16, 66, 44, 0, 29, 0, 37, 46, 78, 130, 90, 0, 29, 72, 0, 9, 27, 47, 0, 0)
s = 159: (0, 17, 0, 96, 62, 0, 0, 12, 24, 39, 0, 0, 12, 47, 56, 0, 48, 0, 56, 20, 100, 121, 71, 0, 32, 56, 0, 8, 33, 78, 0, 0)
s = 160: (0, 14, 0, 97, 51, 0, 0, 9, 40, 70, 0, 0, 10, 60, 58, 0, 48, 0, 23, 29, 107, 62, 112, 0, 27, 43, 0, 11, 41, 71, 0, 0)
s = 161: (0, 13, 0, 57, 61, 0, 0, 8, 37, 51, 0, 0, 13, 48, 44, 0, 33, 0, 39, 27, 82, 64, 61, 0, 19, 37, 0, 9, 39, 63, 0, 0)
s = 162: (0, 16, 0, 46, 69, 0, 0, 6, 33, 44, 0, 0, 14, 59, 66, 0, 34, 0, 23, 33, 72, 70, 62, 0, 23, 42, 0, 10, 52, 48, 0, 0)
s = 163: (0, 19, 0, 104, 30, 0, 0, 10, 36, 51, 0, 0, 16, 44, 61, 0, 47, 0, 39, 37, 161, 69, 115, 0, 27, 56, 0, 9, 26, 41, 0, 0)
s = 164: (0, 28, 0, 63, 50, 0, 0, 10, 34, 56, 0, 0, 8, 32, 39, 0, 23, 0, 42, 34, 110, 68, 88, 0, 40, 37, 0, 10, 55, 62, 0, 0)
s = 165: (0, 27, 0, 60, 46, 0, 0, 7, 35, 54, 0, 0, 10, 43, 47, 0, 37, 0, 23, 46, 129, 97, 56, 0, 13, 26, 0, 5, 51, 53, 0, 0)
s = 166: (0, 20, 0, 82, 38, 0, 0, 11, 30, 39, 0, 0, 7, 48, 30, 0, 47, 0, 28, 29, 69, 71, 58, 0, 23, 36, 0, 8, 58, 40, 0, 0)
s = 167: (0, 22, 0, 94, 61, 0, 0, 7, 43, 50, 0, 0, 14, 48, 44, 0, 30, 0, 20, 36, 132, 85, 57, 0, 50, 51, 0, 10, 47, 60, 0, 0)
s = 168: (0, 11, 0, 123, 25, 0, 0, 9, 36, 45, 0, 0, 16, 40, 64, 0, 40, 0, 35, 25, 75, 112, 53, 0, 21, 52, 0, 8, 57, 36, 0, 0)
s = 169: (0, 22, 0, 85, 73, 0, 0, 9, 26, 52, 0, 0, 7, 25, 50, 0, 53, 0, 23, 24, 80, 90, 66, 0, 26, 47, 0, 10, 53, 42, 0, 0)
s = 170: (0, 13, 0, 78, 58, 0, 0, 10, 25, 52, 0, 0, 10, 41, 36, 0, 30, 0, 26, 44, 65, 65, 55, 0, 25, 42, 0, 8, 24, 100, 0, 0)
s = 171: (0, 13, 0, 70, 51, 0, 0, 10, 56, 49, 0, 0, 15, 47, 52, 0, 30, 0, 32, 31, 69, 60, 42, 0, 22, 37, 0, 8, 35, 73, 0, 0)
s = 172: (0, 21, 0, 90, 49, 0, 0, 12, 34, 71, 0, 0, 12, 53, 63, 0, 32, 0, 57, 34, 89, 93, 62, 0, 27, 40, 0, 9, 27, 45, 0, 0)
s = 173: (0, 15, 0, 60, 56, 0, 0, 13, 23, 70, 0, 0, 11, 43, 77, 0, 38, 0, 22, 20, 76, 52, 78, 0, 23, 48, 0, 8, 39, 51, 0, 0)
s = 174: (0, 23, 0, 83, 31, 0, 0, 9, 37, 31, 0, 0, 10, 40, 39, 0, 30, 0, 37, 40, 52, 94, 106, 0, 30, 33, 0, 10, 39, 59, 0, 0)
s = 175: (0, 18, 0, 99, 44, 0, 0, 9, 32, 31, 0, 0, 9, 34, 44, 0, 38, 0, 42, 55, 54, 102, 52, 0, 32, 51, 0, 7, 54, 60, 0, 0)
s = 176: (0, 15, 0, 76, 51, 0, 0, 12, 24, 46, 0, 0, 10, 39, 47, 0, 31, 0, 25, 53, 68, 85, 67, 0, 25, 47, 0, 11, 53, 41, 0, 0)
s = 177: (0, 20, 0, 89, 53, 0, 0, 12, 52, 55, 0, 0, 13, 25, 51, 0, 54, 0, 51, 41, 82, 76, 57, 0, 22, 34, 0, 5, 30, 39, 0, 0)
s = 178: (0, 32, 0, 73, 52, 0, 0, 8, 28, 53, 0, 0, 11, 35, 38, 0, 30, 0, 26, 41, 79, 60, 135, 0, 30, 27, 0, 12, 31, 68, 0, 0)
s = 179: (0, 12, 0, 56, 31, 0, 0, 16, 31, 34, 0, 0, 12, 49, 60, 0, 41, 0, 37, 37, 147, 62, 53, 0, 35, 46, 0, 9, 41, 53, 0, 0)
s = 180: (0, 22, 0, 79, 59, 0, 0, 12, 27, 39, 0, 0, 16, 49, 53, 0, 39, 0, 39, 42, 67, 58, 84, 0, 32, 42, 0, 9, 58, 89, 0, 0)
s = 181: (0, 22, 0, 90, 48, 0, 0, 9, 30, 52, 0, 0, 11, 32, 47, 0, 60, 0, 36, 32, 108, 68, 53, 0, 25, 60, 0, 9, 38, 83, 0, 0)
s = 182: (0, 14, 0, 85, 59, 0, 0, 11, 28, 84, 0, 0, 13, 37, 28, 0, 33, 0, 32, 55, 122, 48, 65, 0, 28, 32, 0, 9, 38, 42, 0, 0)
s = 183: (0, 16, 0, 99, 55, 0, 0, 7, 29, 47, 0, 0, 13, 41, 57, 0, 27, 0, 34, 25, 120, 83, 42, 0, 21, 34, 0, 10, 31, 54, 0, 0)
s = 184: (0, 14, 0, 90, 44, 0, 0, 9, 46, 49, 0, 0, 11, 44, 47, 0, 43, 0, 30, 19, 69, 45, 44, 0, 15, 78, 0, 9, 30, 41, 0, 0)
s = 185: (0, 15, 0, 117, 86, 0, 0, 9, 27, 48, 0, 0, 15, 30, 37, 0, 31, 0, 30, 40, 98, 68, 37, 0, 27, 33, 0, 6, 35, 78, 0, 0)
s = 186: (0, 22, 0, 56, 50, 0, 0, 12, 53, 46, 0, 0, 7, 31, 37, 0, 32, 0, 30, 29, 63, 65, 64, 0, 28, 25, 0, 7, 35, 107, 0, 0)
s = 187: (0, 20, 0, 86, 45, 0, 0, 13, 28, 88, 0, 0, 10, 34, 37, 0, 45, 0, 43, 33, 109, 65, 37, 0, 18, 37, 0, 11, 44, 78, 0, 0)
s = 188: (0, 19, 0, 94, 57, 0, 0, 10, 36, 48, 0, 0, 14, 54, 39, 0, 41, 0, 58, 30, 118, 46, 60, 0, 27, 30, 0, 8, 21, 49, 0, 0)
s = 189: (0, 14, 0, 94, 53, 0, 0, 15, 23, 43, 0, 0, 16, 39, 56, 0, 51, 0, 45, 38, 80, 62, 64, 0, 29, 41, 0, 7, 26, 68, 0, 0)
s = 190: (0, 15, 0, 78, 46, 0, 0, 12, 57, 44, 0, 0, 11, 26, 31, 0, 31, 0, 25, 23, 96, 98, 85, 0, 20, 56, 0, 7, 37, 62, 0, 0)
s = 191: (0, 16, 0, 73, 38, 0, 0, 11, 38, 46, 0, 0, 10, 26, 82, 0, 26, 0, 48, 34, 88, 81, 95, 0, 21, 55, 0, 9, 36, 76, 0, 0)
s = 192: (0, 11, 0, 50, 48, 0, 0, 8, 46, 42, 0, 0, 12, 49, 89, 0, 53, 0, 36, 57, 74, 96, 78, 0, 17, 57, 0, 6, 37, 38, 0, 0)
s = 193: (0, 25, 0, 66, 53, 0, 0, 7, 24, 36, 0, 0, 20, 34, 68, 0, 49, 0, 51, 46, 101, 73, 75, 0, 22, 44, 0, 11, 37, 48, 0, 0)
s = 194: (0, 18, 0, 53, 29, 0, 0, 11, 29, 84, 0, 0, 11, 61, 53, 0, 33, 0, 27, 38, 138, 74, 47, 0, 38, 53, 0, 7, 42, 65, 0, 0)
s = 195: (0, 15, 0, 70, 71, 0, 0, 10, 48, 49, 0, 0, 16, 30, 68, 0, 27, 0, 31, 41, 68, 98, 71, 0, 26, 72, 0, 12, 33, 72, 0, 0)
s = 196: (0, 22, 0, 74, 36, 0, 0, 7, 46, 63, 0, 0, 13, 49, 41, 0, 23, 0, 22, 37, 66, 103, 62, 0, 40, 38, 0, 11, 38, 72, 0, 0)
s = 197: (0, 29, 0, 52, 68, 0, 0, 11, 42, 46, 0, 0, 21, 30, 38, 0, 28, 0, 23, 35, 120, 75, 67, 0, 39, 42, 0, 8, 54, 53, 0, 0)
s = 198: (0, 15, 0, 85, 55, 0, 0, 15, 35, 46, 0, 0, 7, 35, 52, 0, 43, 0, 31, 38, 131, 91, 99, 0, 16, 35, 0, 6, 43, 39, 0, 0)
s = 199: (0, 22, 0, 77, 41, 0, 0, 11, 30, 34, 0, 0, 11, 36, 45, 0, 28, 0, 29, 36, 62, 74, 49, 0, 22, 46, 0, 8, 57, 48, 0, 0)
s = 200: (0, 21, 0, 66, 61, 0, 0, 10, 30, 75, 0, 0, 7, 55, 54, 0, 40, 0, 23, 38, 76, 79, 108, 0, 32, 47, 0, 10, 52, 58, 0, 0)
************************************************************************
ES/LS-VALUES:
jobnr.   ES(i)    LS(i)
------------------------------------------------------------------------
  0        0        0
  1        0       73
  2        0       109
  3        0       61
  4       10       84
  5       19       94
  6       15       76
  7       15       126
  8       18       80
  9       26       90
 10       12       122
 11       26       89
 12       36       111
 13       26       95
 14       36       138
 15       15       124
 16       37       101
 17       18       129
 18       46       110
 19       35       105
 20       53       118
 21       70       136
 22       25       137
 23       18       140
 24       43       135
 25       35       143
 26       53       145
 27       18       145
 28       83       150
 29       58       151
 30       44       152
 31       97       165
************************************************************************
BIG-M-VALUES:
M1 = 93, M2 = 540
************************************************************************
