************************************************************************
file with basedata            : mm53_.bas
initial value random generator: 322501625
************************************************************************
projects                      :  1
jobs (incl. supersource/sink ):  12
horizon                       :  91
RESOURCES
  - renewable                 :  2   R
  - nonrenewable              :  2   N
  - doubly constrained        :  0   D
************************************************************************
PROJECT INFORMATION:
pronr.  #jobs rel.date duedate tardcost  MPM-Time
    1     10      0        8        2        8
************************************************************************
PRECEDENCE RELATIONS:
jobnr.    #modes  #successors   successors
   0        1          3           1   2   3
   1        3          3           5   6   8
   2        3          3           4   5   8
   3        3          2           5   6
   4        3          1           7
   5        3          1          10
   6        3          1           9
   7        3          1          10
   8        3          1          11
   9        3          1          11
  10        3          1          11
  11        1          0        
************************************************************************
REQUESTS/DURATIONS:
jobnr. mode duration  R 1  R 2  R 3  R 4  E(W 1)
------------------------------------------------------------------------
  0      1     0       0    0    0    0     0
  1      1     4       2   10    4    4    80
  2      1     1       2    6    8    2    18
  3      1     2       9    7    4    2    44
  4      1     2       6    8    9    2    50
  5      1     1       8    8    7    8    31
  6      1     2      10    7    8    3    56
  7      1     4       9    9    6   10    136
  8      1     2      10    4    7    6    54
  9      1     1       9    8    9    3    29
 10      1     1       9    4    7    7    27
 11      1     0       0    0    0    0     0
************************************************************************
RESOURCEAVAILABILITIES:
  R 1
   141
************************************************************************
RESOURCE LIMITS:
jobnr.  l(R 1)  u(R 1)
------------------------------------------------------------------------
  0        0       0
  1       10      20
  2        9      18
  3       12      22
  4       13      25
  5       16      31
  6       15      28
  7       18      34
  8       14      27
  9       16      29
 10       15      27
 11        0       0
************************************************************************
SCENARIOS:
------------------------------------------------------------------------
RESOURCE k = 1
s = 1: (0, 91, 26, 72, 50, 34, 61, 120, 74, 18, 20, 0)
s = 2: (0, 81, 18, 42, 72, 25, 60, 111, 48, 20, 25, 0)
s = 3: (0, 84, 27, 43, 37, 35, 48, 183, 51, 30, 32, 0)
s = 4: (0, 57, 22, 59, 37, 41, 75, 96, 39, 29, 20, 0)
s = 5: (0, 107, 21, 33, 80, 50, 44, 168, 47, 50, 38, 0)
s = 6: (0, 110, 20, 38, 58, 22, 48, 126, 53, 22, 52, 0)
s = 7: (0, 137, 14, 44, 37, 47, 78, 134, 70, 22, 20, 0)
s = 8: (0, 50, 17, 26, 32, 20, 74, 124, 70, 19, 26, 0)
s = 9: (0, 69, 20, 55, 42, 38, 39, 102, 68, 25, 33, 0)
s = 10: (0, 104, 20, 50, 36, 20, 75, 93, 72, 19, 37, 0)
s = 11: (0, 105, 19, 60, 62, 24, 45, 125, 51, 27, 20, 0)
s = 12: (0, 63, 31, 44, 48, 27, 70, 145, 69, 27, 39, 0)
s = 13: (0, 133, 18, 33, 63, 26, 103, 223, 40, 27, 32, 0)
s = 14: (0, 100, 11, 27, 40, 29, 47, 147, 64, 30, 19, 0)
s = 15: (0, 95, 17, 29, 63, 21, 58, 138, 66, 40, 33, 0)
s = 16: (0, 100, 16, 48, 54, 21, 80, 120, 51, 28, 27, 0)
s = 17: (0, 66, 16, 40, 35, 27, 89, 120, 38, 38, 35, 0)
s = 18: (0, 65, 14, 46, 62, 23, 48, 162, 41, 15, 37, 0)
s = 19: (0, 144, 24, 46, 46, 34, 51, 117, 33, 24, 24, 0)
s = 20: (0, 133, 30, 47, 41, 25, 52, 152, 43, 24, 28, 0)
s = 21: (0, 61, 24, 33, 98, 33, 42, 94, 59, 45, 27, 0)
s = 22: (0, 91, 23, 38, 68, 26, 74, 78, 64, 35, 40, 0)
s = 23: (0, 101, 19, 33, 37, 36, 43, 155, 59, 19, 35, 0)
s = 24: (0, 70, 19, 54, 71, 40, 66, 174, 74, 27, 18, 0)
s = 25: (0, 94, 15, 32, 34, 31, 38, 142, 52, 28, 39, 0)
s = 26: (0, 82, 10, 44, 40, 33, 42, 73, 60, 19, 26, 0)
s = 27: (0, 75, 22, 69, 55, 42, 62, 172, 45, 32, 27, 0)
s = 28: (0, 70, 20, 48, 55, 33, 60, 135, 41, 41, 26, 0)
s = 29: (0, 109, 27, 31, 48, 24, 83, 111, 69, 24, 31, 0)
s = 30: (0, 123, 11, 31, 57, 25, 50, 118, 95, 41, 40, 0)
s = 31: (0, 82, 23, 36, 58, 49, 35, 109, 47, 33, 41, 0)
s = 32: (0, 129, 13, 55, 58, 28, 40, 134, 44, 30, 16, 0)
s = 33: (0, 54, 26, 43, 67, 37, 57, 167, 68, 47, 26, 0)
s = 34: (0, 90, 16, 62, 44, 31, 69, 196, 75, 36, 24, 0)
s = 35: (0, 77, 18, 39, 66, 20, 38, 109, 59, 37, 34, 0)
s = 36: (0, 55, 22, 33, 56, 44, 51, 75, 48, 35, 20, 0)
s = 37: (0, 70, 23, 38, 40, 39, 67, 97, 49, 44, 22, 0)
s = 38: (0, 104, 19, 42, 46, 41, 50, 183, 29, 26, 38, 0)
s = 39: (0, 98, 16, 77, 45, 17, 43, 107, 32, 40, 21, 0)
s = 40: (0, 88, 23, 60, 70, 31, 55, 135, 56, 28, 30, 0)
s = 41: (0, 95, 21, 37, 91, 29, 43, 107, 53, 23, 46, 0)
s = 42: (0, 143, 27, 34, 40, 33, 93, 188, 55, 26, 37, 0)
s = 43: (0, 71, 13, 41, 41, 28, 45, 106, 57, 35, 18, 0)
s = 44: (0, 116, 19, 52, 49, 32, 43, 214, 51, 30, 26, 0)
s = 45: (0, 106, 19, 30, 31, 48, 49, 251, 44, 19, 23, 0)
s = 46: (0, 90, 12, 49, 74, 21, 37, 99, 59, 34, 37, 0)
s = 47: (0, 65, 16, 23, 31, 35, 41, 100, 69, 29, 48, 0)
s = 48: (0, 56, 16, 51, 67, 22, 63, 105, 54, 34, 29, 0)
s = 49: (0, 79, 14, 32, 44, 20, 38, 107, 30, 23, 41, 0)
s = 50: (0, 91, 31, 48, 74, 19, 52, 163, 66, 36, 29, 0)
s = 51: (0, 120, 23, 45, 35, 26, 42, 87, 53, 24, 25, 0)
s = 52: (0, 76, 21, 75, 83, 34, 51, 154, 51, 22, 17, 0)
s = 53: (0, 53, 11, 55, 43, 21, 48, 127, 55, 24, 27, 0)
s = 54: (0, 110, 16, 37, 58, 39, 41, 118, 37, 24, 22, 0)
s = 55: (0, 74, 24, 43, 58, 53, 73, 153, 74, 30, 17, 0)
s = 56: (0, 88, 23, 48, 39, 36, 47, 88, 54, 19, 30, 0)
s = 57: (0, 96, 20, 57, 46, 24, 49, 168, 44, 27, 16, 0)
s = 58: (0, 133, 22, 32, 63, 29, 70, 155, 61, 29, 24, 0)
s = 59: (0, 69, 17, 52, 46, 36, 54, 220, 47, 27, 28, 0)
s = 60: (0, 115, 26, 51, 63, 34, 47, 139, 75, 40, 21, 0)
s = 61: (0, 76, 29, 25, 55, 38, 58, 122, 30, 24, 43, 0)
s = 62: (0, 72, 20, 42, 54, 29, 84, 109, 39, 18, 31, 0)
s = 63: (0, 73, 16, 49, 52, 27, 49, 226, 63, 22, 17, 0)
s = 64: (0, 74, 15, 31, 81, 24, 45, 121, 44, 21, 30, 0)
s = 65: (0, 100, 23, 33, 61, 27, 47, 115, 71, 24, 25, 0)
s = 66: (0, 103, 14, 49, 40, 26, 67, 204, 59, 31, 20, 0)
s = 67: (0, 109, 19, 54, 52, 35, 44, 98, 59, 22, 26, 0)
s = 68: (0, 72, 18, 65, 33, 26, 63, 110, 59, 43, 42, 0)
s = 69: (0, 80, 25, 55, 38, 26, 33, 208, 40, 30, 27, 0)
s = 70: (0, 114, 13, 41, 42, 17, 63, 150, 60, 31, 37, 0)
s = 71: (0, 88, 13, 50, 48, 19, 32, 162, 36, 22, 27, 0)
s = 72: (0, 88, 16, 41, 67, 44, 75, 136, 80, 29, 25, 0)
s = 73: (0, 76, 24, 58, 51, 35, 67, 91, 43, 26, 21, 0)
s = 74: (0, 86, 17, 44, 43, 56, 58, 99, 44, 34, 29, 0)
s = 75: (0, 116, 34, 36, 41, 32, 56, 128, 61, 24, 28, 0)
s = 76: (0, 62, 13, 51, 40, 31, 84, 136, 56, 28, 33, 0)
s = 77: (0, 55, 14, 49, 41, 32, 56, 115, 67, 40, 20, 0)
s = 78: (0, 52, 23, 44, 44, 37, 81, 74, 42, 23, 29, 0)
s = 79: (0, 46, 13, 84, 40, 48, 60, 94, 75, 26, 29, 0)
s = 80: (0, 76, 15, 54, 40, 36, 67, 125, 55, 32, 23, 0)
s = 81: (0, 83, 11, 29, 68, 40, 38, 150, 61, 29, 25, 0)
s = 82: (0, 79, 12, 39, 58, 35, 36, 256, 36, 44, 30, 0)
s = 83: (0, 96, 11, 32, 43, 32, 56, 202, 42, 23, 37, 0)
s = 84: (0, 70, 23, 39, 50, 28, 68, 120, 38, 19, 16, 0)
s = 85: (0, 52, 14, 43, 51, 37, 92, 171, 61, 38, 23, 0)
s = 86: (0, 81, 19, 37, 56, 41, 36, 128, 31, 43, 19, 0)
s = 87: (0, 59, 16, 49, 33, 31, 66, 161, 41, 17, 16, 0)
s = 88: (0, 123, 30, 47, 50, 48, 66, 131, 36, 27, 37, 0)
s = 89: (0, 115, 14, 28, 66, 52, 30, 151, 61, 18, 19, 0)
s = 90: (0, 78, 11, 33, 38, 43, 56, 180, 53, 39, 25, 0)
s = 91: (0, 59, 15, 51, 35, 21, 51, 80, 85, 32, 46, 0)
s = 92: (0, 67, 13, 47, 67, 30, 52, 81, 40, 33, 26, 0)
s = 93: (0, 62, 24, 36, 32, 35, 60, 195, 41, 40, 22, 0)
s = 94: (0, 121, 26, 43, 35, 24, 47, 117, 31, 26, 22, 0)
s = 95: (0, 63, 20, 52, 42, 48, 79, 141, 46, 42, 23, 0)
s = 96: (0, 98, 27, 34, 83, 26, 66, 197, 76, 39, 25, 0)
s = 97: (0, 54, 27, 56, 42, 31, 41, 170, 65, 25, 22, 0)
s = 98: (0, 93, 16, 37, 40, 49, 66, 152, 92, 23, 25, 0)
s = 99: (0, 68, 18, 51, 67, 26, 54, 88, 45, 26, 34, 0)
s = 100: (0, 139, 15, 38, 44, 49, 39, 124, 39, 27, 43, 0)
s = 101: (0, 94, 27, 34, 57, 31, 55, 100, 62, 25, 24, 0)
s = 102: (0, 88, 16, 39, 66, 20, 44, 112, 33, 37, 23, 0)
s = 103: (0, 65, 25, 36, 65, 36, 30, 97, 34, 40, 39, 0)
s = 104: (0, 43, 17, 41, 41, 33, 88, 103, 63, 28, 31, 0)
s = 105: (0, 111, 12, 50, 35, 55, 63, 177, 64, 57, 28, 0)
s = 106: (0, 144, 15, 32, 57, 37, 86, 180, 36, 37, 24, 0)
s = 107: (0, 83, 15, 60, 73, 54, 68, 179, 41, 36, 28, 0)
s = 108: (0, 62, 27, 60, 52, 25, 35, 88, 70, 24, 24, 0)
s = 109: (0, 118, 20, 51, 70, 31, 41, 93, 58, 21, 24, 0)
s = 110: (0, 48, 20, 34, 63, 28, 88, 71, 37, 25, 25, 0)
s = 111: (0, 61, 25, 54, 38, 36, 52, 113, 45, 31, 26, 0)
s = 112: (0, 60, 21, 33, 45, 38, 67, 179, 48, 26, 35, 0)
s = 113: (0, 92, 15, 48, 40, 39, 47, 152, 57, 31, 26, 0)
s = 114: (0, 70, 12, 59, 36, 29, 84, 204, 52, 22, 25, 0)
s = 115: (0, 65, 16, 51, 55, 45, 87, 75, 39, 27, 21, 0)
s = 116: (0, 72, 14, 42, 33, 42, 52, 131, 67, 45, 36, 0)
s = 117: (0, 94, 14, 55, 60, 52, 69, 148, 35, 30, 39, 0)
s = 118: (0, 78, 22, 63, 68, 20, 67, 105, 67, 35, 27, 0)
s = 119: (0, 66, 28, 67, 31, 20, 38, 143, 57, 23, 40, 0)
s = 120: (0, 51, 12, 29, 66, 25, 76, 125, 77, 17, 39, 0)
s = 121: (0, 68, 24, 51, 70, 19, 70, 131, 57, 27, 17, 0)
s = 122: (0, 51, 20, 29, 50, 31, 47, 155, 48, 22, 48, 0)
s = 123: (0, 123, 17, 40, 32, 42, 40, 187, 58, 25, 25, 0)
s = 124: (0, 60, 22, 33, 48, 29, 34, 151, 42, 45, 32, 0)
s = 125: (0, 52, 15, 89, 39, 23, 59, 187, 42, 34, 25, 0)
s = 126: (0, 83, 30, 31, 69, 29, 71, 131, 45, 29, 22, 0)
s = 127: (0, 62, 17, 51, 87, 19, 42, 138, 86, 22, 26, 0)
s = 128: (0, 91, 22, 25, 54, 41, 71, 217, 68, 43, 24, 0)
s = 129: (0, 57, 26, 57, 75, 33, 70, 172, 67, 19, 16, 0)
s = 130: (0, 54, 28, 69, 40, 27, 61, 116, 58, 41, 36, 0)
s = 131: (0, 86, 27, 38, 48, 26, 54, 107, 51, 20, 40, 0)
s = 132: (0, 94, 26, 46, 59, 42, 44, 134, 53, 29, 25, 0)
s = 133: (0, 73, 17, 53, 55, 29, 39, 200, 57, 31, 33, 0)
s = 134: (0, 70, 19, 38, 56, 30, 38, 99, 62, 21, 29, 0)
s = 135: (0, 79, 20, 44, 53, 33, 71, 102, 50, 36, 48, 0)
s = 136: (0, 80, 17, 62, 65, 24, 83, 160, 44, 39, 37, 0)
s = 137: (0, 90, 22, 29, 63, 27, 55, 122, 90, 33, 29, 0)
s = 138: (0, 72, 14, 34, 48, 32, 57, 90, 60, 27, 37, 0)
s = 139: (0, 86, 17, 29, 56, 25, 43, 164, 52, 37, 26, 0)
s = 140: (0, 84, 16, 34, 66, 28, 85, 136, 43, 18, 20, 0)
s = 141: (0, 112, 16, 40, 50, 33, 59, 188, 40, 18, 16, 0)
s = 142: (0, 89, 18, 42, 57, 51, 73, 88, 51, 23, 35, 0)
s = 143: (0, 104, 31, 50, 59, 21, 42, 145, 76, 29, 22, 0)
s = 144: (0, 56, 15, 26, 51, 43, 84, 101, 51, 19, 37, 0)
s = 145: (0, 85, 26, 33, 42, 38, 58, 97, 52, 17, 29, 0)
s = 146: (0, 110, 11, 56, 58, 27, 35, 83, 70, 33, 18, 0)
s = 147: (0, 69, 21, 27, 28, 19, 65, 157, 52, 33, 33, 0)
s = 148: (0, 56, 16, 37, 44, 23, 79, 81, 65, 40, 24, 0)
s = 149: (0, 93, 26, 32, 85, 31, 77, 105, 54, 37, 25, 0)
s = 150: (0, 48, 24, 25, 48, 21, 52, 120, 66, 31, 26, 0)
s = 151: (0, 104, 19, 47, 43, 20, 52, 119, 50, 39, 30, 0)
s = 152: (0, 112, 28, 40, 37, 23, 54, 186, 53, 27, 21, 0)
s = 153: (0, 99, 24, 45, 48, 49, 85, 98, 72, 23, 32, 0)
s = 154: (0, 48, 23, 76, 46, 35, 81, 138, 42, 27, 23, 0)
s = 155: (0, 99, 17, 31, 66, 31, 70, 172, 46, 34, 17, 0)
s = 156: (0, 123, 11, 55, 45, 31, 53, 121, 71, 18, 27, 0)
s = 157: (0, 94, 16, 41, 38, 36, 59, 90, 65, 45, 19, 0)
s = 158: (0, 57, 11, 70, 34, 33, 60, 107, 70, 25, 34, 0)
s = 159: (0, 93, 15, 27, 55, 33, 44, 123, 42, 42, 20, 0)
s = 160: (0, 81, 24, 27, 38, 26, 49, 93, 33, 23, 24, 0)
s = 161: (0, 96, 20, 68, 36, 32, 47, 131, 48, 33, 41, 0)
s = 162: (0, 97, 16, 41, 50, 43, 40, 80, 77, 30, 37, 0)
s = 163: (0, 65, 12, 26, 72, 32, 80, 128, 41, 32, 33, 0)
s = 164: (0, 78, 23, 50, 59, 33, 50, 196, 55, 26, 17, 0)
s = 165: (0, 89, 23, 39, 52, 25, 41, 74, 53, 46, 30, 0)
s = 166: (0, 79, 23, 46, 55, 30, 51, 221, 65, 24, 26, 0)
s = 167: (0, 81, 22, 30, 41, 23, 96, 263, 34, 20, 29, 0)
s = 168: (0, 73, 21, 54, 47, 30, 87, 80, 60, 18, 39, 0)
s = 169: (0, 75, 22, 42, 34, 28, 54, 139, 47, 22, 23, 0)
s = 170: (0, 57, 11, 41, 75, 30, 44, 171, 56, 40, 18, 0)
s = 171: (0, 91, 26, 51, 39, 21, 58, 181, 34, 18, 28, 0)
s = 172: (0, 111, 15, 32, 47, 33, 76, 190, 33, 18, 20, 0)
s = 173: (0, 61, 21, 26, 55, 23, 41, 191, 40, 40, 22, 0)
s = 174: (0, 68, 17, 68, 36, 30, 31, 101, 61, 24, 26, 0)
s = 175: (0, 58, 22, 33, 43, 44, 57, 124, 49, 21, 27, 0)
s = 176: (0, 91, 10, 43, 49, 36, 79, 179, 46, 25, 24, 0)
s = 177: (0, 122, 16, 33, 36, 25, 46, 169, 58, 25, 21, 0)
s = 178: (0, 93, 11, 27, 38, 37, 68, 143, 89, 41, 39, 0)
s = 179: (0, 43, 25, 41, 50, 35, 94, 108, 52, 37, 23, 0)
s = 180: (0, 61, 14, 53, 43, 45, 33, 92, 62, 31, 33, 0)
s = 181: (0, 131, 13, 62, 93, 41, 60, 142, 54, 28, 17, 0)
s = 182: (0, 87, 18, 33, 29, 32, 33, 132, 78, 40, 19, 0)
s = 183: (0, 47, 24, 45, 63, 49, 52, 192, 66, 40, 25, 0)
s = 184: (0, 91, 21, 44, 51, 55, 59, 169, 52, 24, 24, 0)
s = 185: (0, 79, 27, 43, 43, 30, 44, 159, 80, 25, 23, 0)
s = 186: (0, 79, 21, 60, 33, 25, 42, 102, 37, 37, 19, 0)
s = 187: (0, 83, 18, 40, 34, 27, 82, 189, 80, 29, 17, 0)
s = 188: (0, 88, 20, 39, 38, 24, 49, 182, 36, 30, 21, 0)
s = 189: (0, 85, 23, 56, 50, 25, 69, 139, 36, 36, 38, 0)
s = 190: (0, 49, 20, 63, 53, 25, 43, 149, 65, 22, 20, 0)
s = 191: (0, 66, 18, 42, 46, 23, 86, 160, 33, 42, 35, 0)
s = 192: (0, 79, 20, 41, 79, 25, 52, 159, 44, 27, 23, 0)
s = 193: (0, 59, 19, 42, 54, 38, 56, 171, 34, 32, 15, 0)
s = 194: (0, 88, 22, 59, 37, 38, 86, 123, 59, 21, 30, 0)
s = 195: (0, 92, 24, 74, 51, 33, 53, 85, 39, 23, 26, 0)
s = 196: (0, 48, 22, 28, 41, 38, 43, 121, 73, 26, 28, 0)
s = 197: (0, 51, 23, 39, 30, 31, 63, 116, 38, 25, 21, 0)
s = 198: (0, 61, 29, 48, 48, 37, 56, 114, 78, 30, 20, 0)
s = 199: (0, 58, 21, 28, 65, 24, 73, 166, 56, 44, 24, 0)
s = 200: (0, 142, 16, 48, 42, 25, 37, 134, 54, 24, 16, 0)
************************************************************************
ES/LS-VALUES:
jobnr.   ES(i)    LS(i)
------------------------------------------------------------------------
  0        0        0
  1        0       77
  2        0       75
  3        0       80
  4        1       77
  5        7       87
  6        7       85
  7        4       81
  8        7       87
  9       10       89
 10       11       89
 11       12       91
************************************************************************
BIG-M-VALUES:
M1 = 15, M2 = 263
************************************************************************
