************************************************************************
file with basedata            : j30_47.bas
initial value random generator: 1918608310
************************************************************************
projects                      :  1
jobs (incl. supersource/sink ):  32
horizon                       :  143
RESOURCES
  - renewable                 :  4   R
  - nonrenewable              :  0   N
  - doubly constrained        :  0   D
************************************************************************
PROJECT INFORMATION:
pronr.  #jobs rel.date duedate tardcost  MPM-Time
    1     30      0       50        7       50
************************************************************************
PRECEDENCE RELATIONS:
jobnr.    #modes  #successors   successors
   0        1          3           1   2   3
   1        1          3           6   9  21
   2        1          1          21
   3        1          3           4   5   7
   4        1          3          11  20  24
   5        1          3           6   8  13
   6        1          1          22
   7        1          2          10  25
   8        1          3          15  16  17
   9        1          2          14  20
  10        1          3          18  23  24
  11        1          1          12
  12        1          1          15
  13        1          2          19  20
  14        1          2          18  29
  15        1          3          23  25  27
  16        1          2          18  28
  17        1          2          19  26
  18        1          1          30
  19        1          1          27
  20        1          2          22  26
  21        1          3          22  24  25
  22        1          1          27
  23        1          2          26  28
  24        1          1          28
  25        1          2          29  30
  26        1          1          30
  27        1          1          29
  28        1          1          31
  29        1          1          31
  30        1          1          31
  31        1          0        
************************************************************************
REQUESTS/DURATIONS:
jobnr. mode duration  R 1  R 2  R 3  R 4  E(W 1)  E(W 2)  E(W 3)
------------------------------------------------------------------------
  0      1     0       0    0    0    0     0       0       0
  1      1     2       1    7    2    2    18       4       4
  2      1     5       7    3    3    6    50      15      30
  3      1     8       9    7    3    8    128      24      64
  4      1     6       6    5    1    1    66      12      12
  5      1     8       1    7    1    1    72      16      16
  6      1     1      10    1    1    3    12       2       3
  7      1     4      10    9    6    2    76      24       8
  8      1     1       6    3    8    3     9       8       3
  9      1     8       5    7    4    8    96      32      64
 10      1     5       3    3    7    9    30      35      45
 11      1     2       1    8    1    4    20       4       8
 12      1     4       3    5    9    2    32      36       8
 13      1     9       9    1   10    7    99      90      63
 14      1     5       1   10    6    1    60      30      10
 15      1     9       4    8    5    4    108      45      36
 16      1     2       7    4    5    9    22      10      18
 17      1     7       5    2    5    9    49      35      63
 18      1     2       5    3    9    8    16      18      16
 19      1     4       7    3    3    3    40      12      12
 20      1     1       5    1    1    5     7       2       5
 21      1     9       2    9    4    7    99      36      63
 22      1     5       7    9    8    4    80      40      20
 23      1     3       6    5    5    6    33      15      18
 24      1     3       1    8    5   10    30      15      30
 25      1     4       3    6    2    1    36       8       8
 26      1    10       6    6    4    7    120      40      70
 27      1     2       8    8    9    8    32      18      16
 28      1     5       7    2    1    6    45      10      30
 29      1     1       7    9    1    9    16       2       9
 30      1     8       9    1    5    3    88      40      24
 31      1     0       0    0    0    0     0       0       0
************************************************************************
RESOURCEAVAILABILITIES:
  R 1  R 2  R 3
   56   30   29
************************************************************************
RESOURCE LIMITS:
jobnr.  l(R 1)  u(R 1)  l(R 2)  u(R 2)  l(R 3)  u(R 3)
------------------------------------------------------------------------
  0        0       0       0       0       0       0
  1        5       9       1       2       1       2
  2        6      10       2       3       3       6
  3        9      16       2       3       4       8
  4        6      11       1       2       1       2
  5        5       9       1       2       1       2
  6        6      12       1       2       2       3
  7       10      19       3       6       1       2
  8        5       9       4       8       2       3
  9        7      12       2       4       4       8
 10        4       6       4       7       5       9
 11        5      10       1       2       2       4
 12        5       8       5       9       1       2
 13        6      11       5      10       4       7
 14        6      12       3       6       1       2
 15        6      12       3       5       2       4
 16        6      11       3       5       5       9
 17        4       7       3       5       5       9
 18        5       8       5       9       4       8
 19        6      10       2       3       2       3
 20        4       7       1       2       3       5
 21        6      11       2       4       4       7
 22        9      16       4       8       2       4
 23        6      11       3       5       3       6
 24        5      10       3       5       5      10
 25        5       9       1       2       1       2
 26        6      12       2       4       4       7
 27        8      16       5       9       4       8
 28        5       9       1       2       3       6
 29        9      16       1       2       5       9
 30        6      11       3       5       2       3
 31        0       0       0       0       0       0
************************************************************************
SCENARIOS:
------------------------------------------------------------------------
RESOURCE k = 1
s = 1: (0, 21, 73, 122, 65, 102, 17, 75, 12, 165, 20, 24, 28, 92, 50, 92, 22, 50, 22, 35, 14, 117, 69, 32, 31, 24, 118, 36, 60, 17, 139, 0)
s = 2: (0, 17, 51, 172, 44, 77, 13, 73, 9, 78, 24, 21, 42, 76, 61, 113, 29, 52, 25, 27, 7, 108, 57, 31, 46, 39, 147, 26, 37, 12, 128, 0)
s = 3: (0, 19, 72, 121, 52, 77, 9, 44, 10, 78, 27, 25, 58, 80, 93, 145, 15, 51, 20, 73, 5, 74, 86, 31, 41, 22, 74, 43, 29, 21, 112, 0)
s = 4: (0, 16, 85, 132, 42, 58, 9, 61, 12, 131, 26, 26, 22, 90, 70, 92, 21, 46, 14, 49, 7, 114, 86, 21, 24, 27, 208, 32, 66, 16, 72, 0)
s = 5: (0, 11, 43, 106, 77, 66, 21, 100, 10, 122, 32, 12, 51, 96, 52, 116, 24, 37, 13, 68, 11, 134, 113, 29, 29, 61, 128, 31, 46, 14, 111, 0)
s = 6: (0, 15, 65, 112, 82, 96, 10, 80, 11, 87, 49, 18, 22, 124, 108, 82, 14, 49, 22, 39, 6, 77, 114, 39, 23, 47, 120, 30, 47, 24, 66, 0)
s = 7: (0, 24, 61, 80, 66, 62, 8, 67, 10, 92, 26, 27, 38, 67, 66, 119, 30, 50, 16, 43, 7, 74, 65, 26, 43, 33, 121, 47, 38, 19, 78, 0)
s = 8: (0, 16, 44, 160, 89, 72, 15, 87, 13, 122, 31, 26, 34, 77, 69, 72, 21, 52, 16, 49, 6, 126, 82, 33, 28, 51, 81, 28, 52, 17, 93, 0)
s = 9: (0, 15, 47, 192, 90, 82, 13, 66, 6, 116, 27, 22, 41, 104, 50, 104, 22, 48, 14, 48, 11, 83, 92, 32, 26, 38, 85, 23, 85, 14, 112, 0)
s = 10: (0, 19, 52, 76, 75, 42, 8, 74, 12, 108, 25, 23, 23, 96, 49, 103, 16, 32, 28, 30, 6, 92, 73, 54, 37, 36, 130, 24, 53, 15, 65, 0)
s = 11: (0, 24, 44, 114, 55, 98, 10, 79, 8, 105, 32, 24, 27, 59, 47, 163, 14, 33, 12, 31, 7, 87, 81, 20, 16, 36, 66, 35, 57, 19, 64, 0)
s = 12: (0, 20, 44, 198, 44, 85, 15, 42, 8, 63, 28, 28, 22, 164, 80, 65, 24, 56, 19, 25, 12, 88, 65, 30, 30, 34, 158, 31, 61, 10, 111, 0)
s = 13: (0, 17, 47, 191, 77, 54, 8, 89, 10, 80, 43, 32, 25, 86, 57, 133, 17, 60, 15, 45, 6, 89, 66, 41, 19, 30, 132, 49, 58, 11, 119, 0)
s = 14: (0, 21, 64, 146, 50, 107, 14, 49, 9, 121, 21, 18, 25, 91, 76, 119, 16, 33, 19, 37, 10, 78, 98, 38, 32, 29, 120, 25, 39, 19, 90, 0)
s = 15: (0, 19, 48, 172, 66, 78, 16, 59, 7, 151, 56, 25, 30, 69, 64, 96, 24, 54, 12, 61, 8, 169, 111, 29, 29, 25, 117, 25, 37, 18, 89, 0)
s = 16: (0, 19, 59, 129, 73, 61, 10, 76, 9, 75, 22, 16, 29, 87, 83, 69, 16, 49, 18, 47, 12, 103, 59, 47, 24, 47, 126, 35, 49, 12, 129, 0)
s = 17: (0, 14, 45, 120, 65, 95, 13, 80, 13, 123, 26, 19, 32, 82, 81, 103, 25, 68, 18, 56, 6, 73, 78, 25, 36, 39, 180, 28, 65, 17, 96, 0)
s = 18: (0, 16, 64, 185, 64, 77, 11, 86, 8, 71, 16, 11, 22, 107, 105, 123, 19, 76, 17, 49, 8, 91, 60, 26, 27, 36, 124, 31, 38, 10, 62, 0)
s = 19: (0, 25, 45, 115, 64, 127, 11, 89, 10, 148, 22, 18, 34, 87, 56, 79, 22, 55, 17, 28, 6, 60, 105, 31, 28, 39, 135, 44, 29, 10, 83, 0)
s = 20: (0, 17, 38, 126, 98, 112, 8, 70, 6, 84, 39, 23, 45, 85, 69, 116, 18, 48, 13, 29, 5, 132, 64, 53, 27, 23, 69, 32, 27, 12, 96, 0)
s = 21: (0, 36, 82, 126, 62, 92, 9, 63, 6, 90, 30, 17, 19, 70, 42, 92, 24, 70, 14, 60, 5, 81, 50, 44, 41, 26, 97, 41, 66, 15, 99, 0)
s = 22: (0, 17, 32, 137, 42, 70, 10, 89, 9, 111, 44, 15, 26, 96, 58, 121, 18, 59, 16, 40, 6, 64, 89, 43, 35, 36, 89, 46, 30, 18, 80, 0)
s = 23: (0, 18, 47, 109, 56, 82, 8, 78, 10, 66, 26, 29, 50, 91, 57, 96, 36, 34, 21, 23, 6, 93, 75, 36, 42, 41, 79, 28, 59, 12, 118, 0)
s = 24: (0, 19, 57, 81, 61, 81, 16, 83, 9, 115, 28, 24, 21, 136, 58, 141, 17, 48, 23, 28, 8, 86, 72, 23, 19, 47, 125, 21, 64, 16, 125, 0)
s = 25: (0, 20, 63, 89, 49, 72, 15, 60, 13, 103, 33, 29, 28, 84, 98, 122, 18, 30, 22, 45, 10, 56, 100, 47, 42, 49, 99, 36, 46, 12, 84, 0)
s = 26: (0, 25, 51, 83, 71, 53, 14, 65, 9, 87, 26, 20, 30, 114, 77, 65, 21, 39, 19, 29, 8, 74, 74, 30, 34, 33, 133, 32, 28, 17, 119, 0)
s = 27: (0, 15, 43, 80, 54, 93, 16, 103, 10, 109, 21, 13, 36, 70, 86, 99, 28, 65, 15, 34, 4, 88, 53, 24, 24, 31, 91, 23, 24, 17, 54, 0)
s = 28: (0, 19, 53, 104, 51, 75, 9, 97, 9, 127, 44, 16, 64, 84, 76, 102, 13, 26, 16, 23, 6, 143, 90, 27, 19, 38, 159, 25, 38, 14, 85, 0)
s = 29: (0, 19, 55, 102, 66, 44, 23, 86, 8, 102, 25, 20, 20, 131, 76, 73, 17, 57, 26, 28, 6, 73, 62, 23, 39, 48, 199, 37, 24, 20, 59, 0)
s = 30: (0, 15, 55, 84, 60, 53, 12, 68, 9, 56, 34, 18, 24, 86, 42, 89, 14, 35, 16, 32, 7, 79, 89, 24, 22, 36, 74, 34, 34, 19, 75, 0)
s = 31: (0, 15, 59, 94, 93, 83, 10, 70, 14, 61, 23, 13, 37, 122, 56, 121, 28, 69, 10, 33, 8, 73, 96, 20, 42, 55, 125, 43, 41, 12, 66, 0)
s = 32: (0, 19, 35, 178, 112, 50, 14, 57, 8, 101, 38, 11, 26, 93, 47, 155, 24, 48, 10, 35, 9, 82, 46, 25, 31, 47, 142, 28, 30, 14, 86, 0)
s = 33: (0, 18, 57, 69, 92, 80, 14, 65, 12, 165, 18, 20, 28, 140, 62, 127, 17, 34, 19, 32, 5, 80, 97, 47, 19, 41, 128, 53, 50, 15, 67, 0)
s = 34: (0, 21, 54, 148, 36, 50, 8, 53, 11, 92, 28, 18, 27, 163, 56, 86, 30, 46, 12, 32, 8, 84, 101, 48, 28, 22, 220, 31, 50, 18, 60, 0)
s = 35: (0, 14, 47, 102, 58, 65, 12, 96, 13, 83, 23, 17, 33, 101, 60, 64, 17, 45, 21, 34, 5, 128, 57, 46, 24, 25, 160, 43, 37, 18, 99, 0)
s = 36: (0, 21, 41, 90, 71, 57, 11, 78, 9, 118, 29, 19, 50, 83, 68, 128, 27, 29, 16, 29, 7, 98, 93, 46, 29, 32, 94, 29, 32, 20, 101, 0)
s = 37: (0, 14, 45, 118, 103, 77, 11, 55, 13, 92, 27, 16, 20, 93, 71, 182, 29, 36, 17, 61, 5, 133, 67, 34, 40, 40, 155, 29, 52, 15, 52, 0)
s = 38: (0, 12, 77, 87, 81, 80, 15, 60, 15, 119, 20, 13, 38, 79, 56, 113, 17, 37, 12, 39, 9, 105, 91, 26, 37, 53, 85, 20, 42, 13, 174, 0)
s = 39: (0, 16, 40, 122, 82, 47, 9, 73, 14, 57, 31, 23, 32, 70, 51, 80, 37, 32, 10, 27, 5, 108, 100, 37, 36, 39, 96, 51, 60, 14, 81, 0)
s = 40: (0, 20, 28, 82, 104, 62, 14, 50, 11, 95, 38, 18, 32, 131, 36, 77, 30, 61, 18, 62, 5, 126, 82, 50, 30, 30, 141, 38, 43, 12, 78, 0)
s = 41: (0, 11, 52, 113, 52, 71, 12, 40, 6, 152, 17, 21, 24, 137, 59, 117, 18, 44, 20, 43, 6, 86, 77, 17, 28, 28, 66, 24, 68, 11, 131, 0)
s = 42: (0, 12, 42, 112, 85, 42, 10, 86, 11, 97, 37, 24, 26, 96, 48, 75, 27, 45, 10, 38, 11, 119, 121, 39, 39, 46, 89, 42, 38, 24, 98, 0)
s = 43: (0, 11, 44, 157, 51, 38, 10, 62, 8, 72, 36, 15, 44, 141, 68, 103, 31, 57, 17, 35, 6, 139, 45, 19, 27, 29, 118, 36, 42, 22, 82, 0)
s = 44: (0, 21, 50, 156, 66, 53, 17, 121, 11, 114, 38, 14, 25, 122, 94, 143, 15, 52, 13, 34, 11, 85, 91, 30, 25, 36, 136, 31, 75, 22, 90, 0)
s = 45: (0, 22, 49, 84, 59, 72, 11, 98, 10, 107, 30, 26, 48, 74, 36, 93, 30, 31, 15, 36, 7, 100, 73, 45, 33, 37, 110, 19, 60, 15, 68, 0)
s = 46: (0, 10, 79, 146, 87, 61, 11, 47, 8, 86, 28, 17, 38, 130, 53, 152, 29, 55, 16, 36, 6, 91, 61, 25, 40, 46, 76, 25, 46, 27, 134, 0)
s = 47: (0, 14, 38, 106, 60, 75, 19, 76, 6, 125, 35, 15, 32, 73, 92, 90, 13, 29, 14, 33, 7, 99, 125, 28, 23, 32, 128, 35, 46, 20, 84, 0)
s = 48: (0, 20, 50, 137, 56, 84, 12, 75, 9, 90, 30, 14, 40, 115, 47, 82, 29, 45, 18, 45, 8, 142, 76, 27, 30, 42, 90, 41, 40, 18, 94, 0)
s = 49: (0, 19, 83, 176, 74, 120, 20, 55, 7, 154, 24, 17, 26, 94, 93, 95, 22, 37, 13, 41, 13, 107, 50, 26, 31, 60, 67, 30, 41, 17, 64, 0)
s = 50: (0, 23, 53, 143, 52, 46, 10, 88, 8, 113, 44, 16, 32, 87, 42, 73, 25, 64, 22, 31, 5, 64, 69, 29, 28, 47, 78, 26, 44, 21, 87, 0)
s = 51: (0, 24, 43, 191, 75, 63, 16, 60, 7, 69, 24, 15, 19, 129, 63, 127, 15, 61, 11, 34, 9, 123, 76, 32, 33, 32, 128, 26, 36, 15, 82, 0)
s = 52: (0, 13, 73, 133, 55, 73, 11, 51, 11, 105, 42, 33, 37, 75, 51, 87, 16, 80, 20, 39, 11, 99, 55, 31, 37, 27, 114, 30, 50, 24, 103, 0)
s = 53: (0, 18, 42, 81, 47, 135, 11, 66, 10, 128, 43, 11, 32, 85, 54, 149, 31, 51, 21, 52, 9, 90, 51, 41, 41, 23, 91, 35, 35, 10, 76, 0)
s = 54: (0, 16, 62, 114, 70, 103, 13, 86, 6, 95, 30, 41, 25, 91, 114, 111, 15, 33, 19, 28, 8, 163, 85, 40, 41, 27, 70, 23, 39, 17, 105, 0)
s = 55: (0, 12, 39, 140, 70, 55, 18, 54, 10, 113, 53, 22, 37, 67, 38, 86, 25, 54, 20, 34, 6, 171, 76, 44, 29, 65, 120, 21, 48, 19, 75, 0)
s = 56: (0, 23, 50, 218, 102, 67, 13, 55, 5, 149, 33, 17, 33, 73, 48, 95, 21, 42, 15, 44, 9, 167, 72, 38, 35, 49, 102, 33, 48, 16, 110, 0)
s = 57: (0, 17, 53, 108, 67, 54, 13, 73, 14, 90, 26, 18, 36, 103, 91, 135, 20, 66, 18, 30, 5, 81, 49, 26, 42, 28, 72, 32, 43, 19, 50, 0)
s = 58: (0, 22, 39, 149, 56, 92, 9, 48, 9, 113, 40, 22, 51, 109, 34, 136, 28, 80, 20, 31, 11, 85, 85, 41, 30, 35, 108, 25, 39, 14, 110, 0)
s = 59: (0, 19, 27, 98, 49, 56, 10, 58, 7, 135, 29, 24, 34, 92, 52, 88, 15, 58, 15, 37, 9, 94, 111, 40, 30, 29, 111, 46, 36, 12, 75, 0)
s = 60: (0, 12, 48, 144, 57, 59, 10, 82, 8, 57, 31, 21, 36, 132, 45, 68, 16, 38, 12, 40, 7, 149, 57, 49, 46, 41, 114, 21, 51, 13, 167, 0)
s = 61: (0, 14, 58, 227, 74, 72, 16, 96, 13, 93, 35, 16, 29, 92, 49, 114, 18, 37, 9, 41, 8, 93, 106, 32, 22, 37, 110, 42, 26, 27, 85, 0)
s = 62: (0, 20, 39, 134, 64, 79, 14, 50, 8, 100, 30, 21, 24, 105, 56, 70, 25, 48, 22, 47, 11, 59, 60, 37, 30, 56, 152, 30, 31, 14, 60, 0)
s = 63: (0, 19, 46, 178, 66, 80, 10, 71, 10, 102, 52, 16, 37, 90, 42, 187, 22, 68, 23, 28, 6, 82, 56, 45, 25, 26, 157, 21, 48, 26, 84, 0)
s = 64: (0, 17, 59, 105, 72, 52, 17, 102, 9, 79, 26, 17, 22, 118, 41, 108, 26, 47, 16, 30, 8, 69, 59, 24, 36, 42, 137, 28, 31, 22, 74, 0)
s = 65: (0, 22, 42, 106, 78, 78, 14, 65, 9, 99, 23, 15, 34, 87, 61, 97, 19, 38, 11, 48, 6, 101, 82, 37, 25, 40, 126, 19, 44, 14, 91, 0)
s = 66: (0, 19, 39, 152, 54, 57, 12, 73, 11, 90, 34, 20, 32, 62, 64, 112, 16, 41, 23, 55, 7, 154, 90, 37, 20, 34, 158, 21, 62, 13, 66, 0)
s = 67: (0, 19, 30, 149, 54, 60, 12, 58, 12, 84, 42, 19, 42, 97, 49, 91, 19, 30, 18, 33, 7, 144, 81, 23, 57, 34, 133, 27, 65, 14, 121, 0)
s = 68: (0, 25, 44, 116, 70, 45, 17, 61, 11, 85, 26, 20, 22, 143, 78, 92, 16, 33, 18, 49, 7, 152, 79, 36, 46, 39, 95, 27, 64, 18, 110, 0)
s = 69: (0, 20, 45, 152, 53, 62, 15, 57, 8, 124, 49, 25, 40, 62, 43, 101, 14, 36, 22, 65, 5, 146, 117, 41, 29, 28, 123, 29, 47, 16, 85, 0)
s = 70: (0, 11, 57, 100, 57, 70, 9, 60, 8, 72, 31, 28, 21, 102, 45, 104, 28, 52, 13, 42, 7, 143, 54, 45, 27, 56, 110, 23, 37, 22, 68, 0)
s = 71: (0, 20, 43, 155, 43, 75, 11, 57, 6, 84, 37, 15, 36, 147, 71, 109, 22, 82, 10, 50, 10, 68, 76, 40, 24, 30, 142, 21, 37, 10, 97, 0)
s = 72: (0, 14, 56, 115, 61, 94, 15, 49, 9, 162, 22, 21, 39, 106, 44, 97, 33, 40, 13, 40, 4, 64, 48, 49, 17, 26, 108, 19, 47, 15, 67, 0)
s = 73: (0, 25, 54, 119, 49, 82, 17, 66, 14, 134, 36, 16, 43, 120, 77, 101, 34, 39, 19, 24, 5, 102, 67, 42, 19, 34, 100, 50, 43, 24, 61, 0)
s = 74: (0, 24, 49, 179, 71, 69, 12, 49, 6, 100, 22, 18, 26, 111, 50, 93, 30, 56, 24, 29, 7, 87, 102, 24, 36, 40, 136, 29, 36, 25, 68, 0)
s = 75: (0, 15, 53, 145, 78, 53, 13, 72, 10, 110, 26, 18, 32, 164, 40, 102, 15, 81, 16, 41, 9, 95, 88, 41, 33, 26, 90, 22, 32, 27, 112, 0)
s = 76: (0, 31, 73, 123, 41, 83, 15, 60, 9, 158, 34, 21, 33, 76, 55, 110, 29, 48, 20, 41, 6, 112, 46, 33, 20, 51, 110, 39, 29, 10, 59, 0)
s = 77: (0, 12, 59, 134, 48, 105, 10, 74, 7, 68, 44, 18, 27, 63, 50, 102, 22, 27, 10, 50, 6, 109, 52, 20, 36, 55, 151, 22, 30, 20, 71, 0)
s = 78: (0, 21, 68, 81, 85, 81, 14, 79, 10, 67, 35, 28, 33, 84, 58, 71, 14, 70, 15, 26, 9, 72, 95, 29, 38, 46, 145, 26, 40, 12, 64, 0)
s = 79: (0, 16, 35, 87, 89, 103, 10, 76, 9, 83, 32, 24, 37, 143, 44, 124, 14, 31, 14, 29, 7, 68, 58, 22, 24, 25, 137, 34, 48, 17, 99, 0)
s = 80: (0, 16, 48, 199, 65, 57, 14, 83, 12, 104, 31, 18, 21, 100, 98, 77, 13, 74, 14, 37, 6, 100, 63, 26, 24, 34, 115, 20, 38, 20, 105, 0)
s = 81: (0, 22, 75, 74, 61, 102, 13, 67, 7, 95, 46, 34, 37, 74, 69, 109, 31, 62, 27, 22, 7, 103, 96, 24, 32, 54, 141, 29, 74, 12, 63, 0)
s = 82: (0, 11, 71, 130, 41, 69, 9, 65, 11, 94, 19, 30, 28, 64, 69, 146, 22, 58, 17, 32, 10, 113, 78, 31, 33, 33, 124, 28, 56, 17, 93, 0)
s = 83: (0, 28, 38, 88, 52, 62, 13, 54, 14, 80, 32, 35, 51, 117, 41, 98, 21, 38, 10, 33, 9, 124, 49, 32, 16, 21, 127, 26, 42, 15, 89, 0)
s = 84: (0, 14, 59, 85, 87, 108, 14, 97, 6, 73, 28, 17, 32, 102, 78, 104, 32, 39, 19, 45, 11, 77, 70, 32, 28, 35, 92, 17, 71, 13, 78, 0)
s = 85: (0, 14, 39, 145, 59, 57, 16, 94, 13, 62, 26, 27, 50, 100, 41, 60, 16, 52, 13, 46, 6, 67, 108, 26, 39, 20, 121, 45, 63, 17, 76, 0)
s = 86: (0, 29, 34, 155, 82, 66, 9, 93, 8, 90, 52, 22, 31, 115, 80, 95, 20, 35, 13, 27, 8, 125, 52, 32, 38, 38, 96, 29, 44, 18, 73, 0)
s = 87: (0, 29, 27, 175, 66, 94, 16, 74, 8, 100, 40, 19, 47, 125, 34, 141, 16, 32, 16, 60, 10, 95, 119, 21, 18, 20, 169, 53, 44, 12, 89, 0)
s = 88: (0, 26, 69, 110, 105, 69, 11, 84, 13, 70, 27, 18, 27, 171, 54, 132, 16, 43, 15, 33, 10, 110, 44, 38, 31, 73, 150, 26, 60, 16, 63, 0)
s = 89: (0, 11, 58, 118, 97, 48, 19, 68, 12, 83, 45, 18, 36, 93, 57, 127, 24, 46, 11, 27, 8, 159, 98, 33, 48, 26, 84, 39, 38, 16, 62, 0)
s = 90: (0, 14, 36, 187, 51, 51, 10, 64, 7, 97, 27, 14, 50, 128, 73, 86, 26, 59, 17, 33, 9, 85, 70, 43, 42, 35, 117, 47, 40, 10, 55, 0)
s = 91: (0, 15, 34, 218, 66, 114, 18, 91, 12, 104, 35, 21, 23, 124, 45, 73, 23, 54, 10, 30, 6, 81, 108, 33, 26, 37, 150, 31, 46, 17, 61, 0)
s = 92: (0, 21, 37, 127, 47, 60, 12, 71, 12, 93, 43, 32, 31, 68, 74, 85, 35, 57, 18, 30, 6, 56, 62, 28, 24, 36, 103, 40, 70, 10, 65, 0)
s = 93: (0, 25, 55, 172, 60, 69, 11, 86, 6, 122, 23, 19, 28, 110, 84, 134, 30, 61, 16, 51, 5, 134, 78, 21, 33, 35, 91, 36, 47, 10, 137, 0)
s = 94: (0, 23, 47, 103, 60, 70, 17, 87, 12, 95, 32, 31, 29, 98, 46, 123, 22, 35, 23, 35, 5, 113, 67, 25, 36, 28, 116, 20, 54, 13, 115, 0)
s = 95: (0, 17, 51, 91, 88, 97, 13, 92, 9, 76, 32, 16, 34, 72, 91, 152, 17, 36, 17, 23, 7, 71, 70, 34, 17, 39, 75, 27, 59, 23, 55, 0)
s = 96: (0, 27, 71, 100, 51, 100, 15, 124, 10, 107, 29, 16, 28, 145, 66, 118, 17, 37, 24, 29, 7, 64, 93, 45, 28, 30, 147, 32, 38, 17, 78, 0)
s = 97: (0, 12, 50, 115, 68, 67, 16, 47, 10, 151, 31, 27, 42, 176, 49, 71, 12, 27, 20, 62, 5, 94, 67, 21, 40, 32, 78, 28, 37, 18, 132, 0)
s = 98: (0, 22, 49, 138, 78, 45, 16, 66, 6, 86, 21, 12, 42, 59, 80, 114, 21, 38, 17, 36, 8, 60, 93, 33, 28, 45, 175, 49, 50, 11, 63, 0)
s = 99: (0, 15, 80, 151, 75, 47, 7, 109, 6, 125, 28, 16, 28, 171, 73, 119, 13, 37, 10, 47, 9, 59, 109, 19, 48, 25, 145, 31, 67, 22, 84, 0)
s = 100: (0, 17, 59, 139, 58, 41, 18, 88, 7, 83, 31, 29, 20, 52, 49, 80, 20, 55, 15, 51, 9, 137, 51, 26, 23, 62, 67, 42, 51, 11, 57, 0)
s = 101: (0, 13, 46, 73, 89, 90, 11, 69, 9, 70, 26, 13, 34, 95, 41, 117, 27, 33, 20, 26, 5, 69, 96, 36, 40, 49, 98, 40, 39, 17, 60, 0)
s = 102: (0, 18, 46, 180, 69, 39, 8, 67, 6, 74, 23, 17, 32, 155, 70, 109, 28, 48, 28, 45, 6, 151, 49, 40, 22, 31, 119, 25, 46, 21, 148, 0)
s = 103: (0, 16, 30, 73, 91, 43, 12, 58, 7, 122, 25, 14, 45, 179, 66, 114, 21, 71, 17, 47, 6, 156, 103, 47, 21, 44, 144, 24, 61, 14, 94, 0)
s = 104: (0, 15, 58, 177, 37, 55, 20, 119, 12, 77, 27, 26, 22, 73, 94, 135, 14, 47, 16, 48, 8, 93, 52, 35, 24, 48, 142, 21, 26, 17, 96, 0)
s = 105: (0, 15, 35, 110, 55, 76, 14, 115, 9, 114, 39, 15, 58, 134, 114, 112, 30, 54, 12, 55, 5, 95, 114, 25, 36, 45, 108, 31, 53, 10, 134, 0)
s = 106: (0, 14, 43, 178, 51, 59, 11, 84, 7, 91, 35, 24, 31, 123, 45, 92, 26, 34, 15, 48, 5, 111, 69, 29, 32, 36, 77, 27, 35, 14, 129, 0)
s = 107: (0, 13, 44, 74, 115, 61, 9, 78, 6, 62, 34, 14, 29, 72, 42, 93, 22, 52, 17, 28, 7, 116, 93, 32, 20, 49, 101, 35, 68, 17, 88, 0)
s = 108: (0, 26, 61, 97, 37, 100, 13, 75, 7, 117, 30, 14, 30, 109, 39, 138, 23, 51, 11, 53, 9, 78, 109, 27, 31, 45, 112, 30, 26, 20, 63, 0)
s = 109: (0, 22, 33, 147, 84, 80, 12, 73, 8, 92, 39, 23, 22, 58, 63, 98, 40, 42, 9, 43, 9, 73, 92, 35, 23, 40, 163, 36, 39, 21, 71, 0)
s = 110: (0, 19, 43, 87, 61, 68, 12, 69, 7, 85, 26, 16, 24, 74, 52, 119, 19, 37, 13, 52, 11, 99, 41, 27, 29, 27, 102, 43, 51, 20, 69, 0)
s = 111: (0, 17, 69, 101, 93, 45, 13, 92, 7, 129, 19, 27, 40, 111, 67, 82, 23, 38, 17, 67, 5, 98, 56, 39, 35, 43, 135, 51, 42, 18, 73, 0)
s = 112: (0, 30, 44, 66, 84, 61, 10, 70, 13, 52, 22, 20, 31, 93, 34, 187, 19, 64, 19, 26, 7, 137, 52, 28, 48, 41, 94, 17, 63, 17, 98, 0)
s = 113: (0, 15, 52, 155, 47, 53, 9, 67, 7, 99, 31, 22, 31, 100, 94, 66, 26, 41, 13, 28, 8, 69, 101, 42, 34, 33, 123, 31, 83, 24, 129, 0)
s = 114: (0, 17, 32, 105, 44, 66, 13, 116, 10, 88, 37, 15, 38, 99, 70, 105, 22, 41, 22, 48, 6, 118, 77, 27, 47, 26, 105, 37, 49, 29, 102, 0)
s = 115: (0, 18, 55, 85, 78, 85, 8, 82, 8, 111, 29, 26, 27, 136, 46, 86, 25, 37, 25, 44, 9, 119, 81, 47, 22, 28, 74, 20, 69, 16, 119, 0)
s = 116: (0, 31, 41, 74, 48, 66, 16, 136, 7, 102, 42, 13, 34, 75, 41, 157, 20, 69, 14, 48, 9, 139, 128, 33, 17, 26, 128, 24, 26, 20, 60, 0)
s = 117: (0, 16, 40, 73, 122, 102, 11, 95, 6, 120, 29, 34, 21, 108, 107, 98, 22, 70, 19, 31, 11, 104, 63, 47, 47, 60, 83, 41, 46, 14, 76, 0)
s = 118: (0, 21, 51, 166, 69, 50, 12, 83, 10, 82, 22, 12, 47, 145, 55, 106, 22, 38, 9, 26, 6, 117, 72, 27, 31, 45, 170, 25, 45, 17, 101, 0)
s = 119: (0, 18, 75, 108, 53, 56, 9, 64, 7, 53, 24, 21, 37, 92, 50, 99, 28, 60, 17, 57, 5, 68, 79, 52, 48, 29, 66, 23, 27, 21, 110, 0)
s = 120: (0, 13, 64, 149, 64, 87, 13, 95, 7, 135, 22, 16, 50, 106, 85, 77, 22, 35, 15, 44, 8, 68, 115, 30, 31, 30, 74, 58, 34, 15, 64, 0)
s = 121: (0, 13, 39, 125, 81, 65, 7, 57, 7, 49, 40, 12, 19, 66, 33, 105, 15, 62, 15, 24, 6, 109, 72, 38, 26, 45, 129, 31, 30, 21, 86, 0)
s = 122: (0, 13, 44, 152, 81, 92, 17, 64, 7, 91, 34, 17, 44, 75, 64, 110, 32, 51, 16, 47, 9, 95, 115, 44, 30, 31, 132, 30, 44, 25, 67, 0)
s = 123: (0, 19, 43, 227, 50, 91, 16, 75, 6, 131, 37, 20, 41, 123, 56, 88, 33, 63, 11, 27, 5, 80, 77, 39, 28, 35, 94, 19, 45, 17, 113, 0)
s = 124: (0, 23, 48, 178, 52, 76, 12, 71, 7, 78, 21, 23, 34, 140, 35, 126, 19, 76, 19, 32, 9, 116, 106, 46, 34, 38, 115, 19, 40, 26, 77, 0)
s = 125: (0, 17, 66, 90, 58, 51, 9, 68, 7, 69, 55, 14, 25, 100, 50, 113, 21, 34, 9, 56, 7, 81, 91, 52, 34, 22, 98, 34, 42, 14, 74, 0)
s = 126: (0, 22, 69, 84, 60, 115, 12, 66, 15, 86, 47, 24, 29, 115, 48, 111, 14, 62, 23, 60, 6, 119, 76, 41, 41, 22, 92, 20, 59, 9, 89, 0)
s = 127: (0, 20, 48, 87, 98, 58, 11, 60, 7, 71, 21, 14, 51, 121, 52, 113, 30, 46, 21, 21, 11, 64, 61, 25, 42, 28, 128, 30, 53, 14, 77, 0)
s = 128: (0, 19, 58, 107, 37, 58, 15, 114, 12, 94, 22, 25, 39, 154, 56, 89, 20, 41, 14, 25, 6, 108, 55, 21, 35, 26, 182, 28, 43, 25, 73, 0)
s = 129: (0, 22, 74, 135, 65, 91, 14, 65, 7, 61, 32, 14, 41, 85, 45, 81, 29, 46, 11, 47, 10, 75, 45, 23, 37, 50, 147, 21, 30, 13, 76, 0)
s = 130: (0, 20, 53, 175, 50, 72, 13, 54, 10, 115, 32, 23, 39, 111, 35, 124, 31, 34, 24, 34, 9, 118, 67, 23, 23, 34, 139, 35, 50, 22, 55, 0)
s = 131: (0, 19, 38, 83, 71, 69, 13, 58, 10, 155, 21, 16, 21, 56, 61, 104, 15, 51, 17, 34, 6, 85, 75, 46, 18, 30, 120, 35, 57, 15, 77, 0)
s = 132: (0, 19, 54, 87, 72, 69, 16, 61, 10, 120, 35, 20, 50, 119, 53, 98, 30, 42, 21, 53, 10, 80, 98, 42, 28, 34, 124, 20, 44, 20, 125, 0)
s = 133: (0, 28, 47, 135, 84, 69, 11, 115, 11, 68, 30, 26, 53, 73, 42, 66, 27, 42, 12, 68, 6, 54, 100, 26, 46, 27, 119, 21, 44, 22, 82, 0)
s = 134: (0, 14, 48, 153, 48, 47, 13, 43, 10, 112, 29, 17, 44, 56, 80, 105, 19, 29, 16, 34, 8, 113, 54, 30, 24, 38, 133, 27, 38, 20, 57, 0)
s = 135: (0, 11, 41, 142, 73, 53, 15, 43, 12, 120, 41, 28, 34, 69, 40, 84, 17, 82, 17, 33, 8, 116, 82, 32, 30, 29, 167, 34, 49, 17, 82, 0)
s = 136: (0, 20, 80, 157, 65, 60, 12, 82, 9, 89, 22, 35, 30, 99, 39, 92, 15, 59, 15, 54, 9, 104, 79, 21, 21, 51, 152, 28, 44, 20, 61, 0)
s = 137: (0, 14, 58, 133, 66, 56, 16, 96, 7, 131, 42, 13, 27, 90, 50, 144, 23, 50, 24, 41, 11, 77, 51, 25, 23, 52, 96, 31, 57, 20, 47, 0)
s = 138: (0, 11, 60, 93, 42, 82, 11, 96, 11, 82, 20, 23, 36, 72, 98, 104, 33, 37, 13, 34, 7, 84, 102, 26, 23, 64, 62, 19, 42, 24, 96, 0)
s = 139: (0, 13, 28, 150, 45, 45, 10, 58, 15, 117, 28, 25, 52, 82, 49, 143, 28, 45, 12, 39, 6, 106, 97, 21, 27, 26, 116, 29, 53, 16, 72, 0)
s = 140: (0, 27, 45, 107, 52, 74, 10, 86, 9, 67, 27, 20, 49, 71, 56, 81, 13, 47, 15, 33, 5, 109, 64, 27, 30, 48, 169, 23, 67, 14, 69, 0)
s = 141: (0, 22, 34, 91, 59, 60, 8, 54, 11, 138, 26, 22, 42, 107, 61, 101, 17, 40, 17, 62, 5, 91, 60, 54, 33, 32, 162, 28, 37, 17, 100, 0)
s = 142: (0, 18, 40, 83, 76, 116, 10, 59, 8, 84, 30, 13, 33, 149, 47, 82, 22, 37, 14, 38, 12, 90, 94, 21, 35, 39, 124, 30, 52, 14, 104, 0)
s = 143: (0, 25, 39, 111, 66, 92, 11, 94, 14, 103, 24, 16, 21, 104, 51, 110, 19, 37, 13, 52, 6, 78, 64, 28, 34, 40, 155, 55, 32, 17, 134, 0)
s = 144: (0, 17, 37, 108, 78, 103, 10, 94, 6, 80, 34, 16, 29, 139, 58, 101, 23, 42, 13, 23, 5, 93, 44, 58, 28, 37, 135, 24, 50, 22, 99, 0)
s = 145: (0, 12, 36, 196, 50, 79, 12, 71, 7, 67, 34, 16, 32, 116, 72, 127, 19, 35, 12, 33, 5, 97, 94, 41, 31, 36, 137, 30, 58, 12, 62, 0)
s = 146: (0, 15, 74, 121, 50, 67, 8, 94, 7, 73, 24, 14, 22, 105, 76, 160, 19, 44, 14, 35, 7, 99, 64, 42, 27, 25, 132, 31, 29, 9, 80, 0)
s = 147: (0, 19, 59, 95, 42, 119, 17, 66, 9, 73, 46, 11, 52, 75, 47, 155, 15, 33, 15, 30, 5, 124, 85, 26, 20, 52, 128, 34, 44, 15, 72, 0)
s = 148: (0, 16, 32, 159, 37, 77, 12, 77, 8, 77, 19, 22, 42, 161, 63, 138, 26, 87, 15, 24, 7, 95, 90, 36, 29, 22, 141, 39, 42, 25, 84, 0)
s = 149: (0, 12, 66, 142, 48, 52, 13, 84, 13, 136, 32, 16, 20, 90, 91, 123, 14, 86, 17, 56, 11, 69, 88, 33, 23, 34, 85, 49, 52, 22, 91, 0)
s = 150: (0, 15, 61, 94, 79, 64, 16, 81, 10, 74, 41, 35, 45, 69, 59, 108, 21, 45, 16, 32, 9, 55, 69, 35, 25, 42, 137, 43, 57, 22, 130, 0)
s = 151: (0, 14, 56, 142, 52, 74, 13, 53, 15, 64, 40, 21, 36, 64, 37, 118, 13, 31, 13, 61, 9, 172, 120, 22, 27, 23, 82, 34, 52, 18, 90, 0)
s = 152: (0, 16, 38, 125, 75, 45, 11, 63, 6, 85, 30, 15, 44, 65, 57, 180, 27, 42, 11, 55, 8, 162, 89, 35, 37, 30, 157, 27, 71, 12, 112, 0)
s = 153: (0, 29, 52, 88, 88, 75, 12, 102, 14, 99, 25, 24, 44, 119, 33, 126, 21, 31, 12, 36, 8, 142, 65, 49, 38, 54, 136, 37, 70, 23, 133, 0)
s = 154: (0, 26, 52, 169, 53, 69, 11, 97, 12, 143, 23, 23, 34, 128, 89, 113, 20, 64, 22, 33, 6, 114, 89, 44, 39, 42, 79, 32, 41, 18, 93, 0)
s = 155: (0, 20, 82, 133, 70, 87, 14, 100, 9, 114, 35, 20, 21, 100, 59, 93, 25, 51, 16, 28, 9, 62, 78, 38, 40, 24, 149, 43, 59, 21, 64, 0)
s = 156: (0, 20, 30, 152, 71, 119, 12, 65, 7, 126, 23, 13, 43, 97, 75, 80, 24, 55, 25, 26, 7, 76, 102, 35, 29, 69, 86, 34, 40, 13, 70, 0)
s = 157: (0, 15, 48, 89, 87, 68, 10, 108, 10, 94, 27, 19, 37, 125, 62, 110, 23, 58, 19, 30, 5, 159, 117, 23, 48, 40, 160, 33, 29, 30, 67, 0)
s = 158: (0, 19, 36, 112, 94, 79, 12, 84, 8, 165, 46, 32, 21, 88, 43, 72, 15, 33, 23, 34, 8, 79, 77, 41, 24, 25, 93, 29, 36, 10, 90, 0)
s = 159: (0, 14, 47, 147, 45, 63, 14, 69, 11, 144, 23, 16, 26, 70, 88, 105, 16, 32, 21, 52, 6, 151, 73, 32, 22, 31, 124, 35, 70, 24, 75, 0)
s = 160: (0, 19, 68, 111, 70, 75, 9, 58, 10, 75, 47, 17, 31, 152, 52, 83, 17, 32, 16, 37, 9, 100, 74, 26, 28, 30, 101, 34, 45, 20, 87, 0)
s = 161: (0, 23, 46, 123, 35, 66, 15, 78, 9, 92, 34, 19, 22, 125, 56, 112, 20, 55, 15, 56, 6, 135, 61, 28, 26, 42, 107, 43, 28, 17, 90, 0)
s = 162: (0, 26, 55, 82, 56, 54, 18, 45, 10, 76, 23, 19, 46, 79, 41, 176, 28, 37, 11, 30, 9, 98, 106, 34, 17, 28, 90, 41, 33, 13, 113, 0)
s = 163: (0, 12, 52, 126, 114, 107, 11, 94, 7, 136, 22, 18, 35, 100, 98, 125, 28, 64, 10, 37, 8, 73, 120, 24, 19, 34, 111, 19, 48, 13, 87, 0)
s = 164: (0, 13, 38, 170, 62, 77, 13, 76, 10, 100, 37, 17, 56, 158, 35, 83, 15, 62, 19, 41, 12, 99, 83, 32, 30, 24, 141, 24, 41, 12, 121, 0)
s = 165: (0, 14, 57, 198, 80, 95, 15, 55, 11, 95, 27, 19, 24, 90, 55, 104, 31, 41, 13, 63, 8, 122, 61, 57, 43, 37, 71, 31, 43, 18, 121, 0)
s = 166: (0, 23, 32, 150, 105, 56, 19, 45, 9, 76, 26, 19, 25, 92, 104, 114, 25, 55, 13, 35, 10, 94, 155, 34, 31, 35, 147, 35, 50, 16, 70, 0)
s = 167: (0, 14, 38, 76, 53, 57, 11, 63, 10, 97, 33, 17, 35, 67, 48, 125, 13, 49, 12, 57, 12, 65, 131, 23, 18, 30, 114, 37, 39, 18, 85, 0)
s = 168: (0, 21, 30, 104, 59, 58, 11, 52, 6, 69, 34, 16, 37, 133, 76, 70, 16, 33, 10, 50, 12, 95, 102, 43, 23, 45, 87, 19, 37, 11, 67, 0)
s = 169: (0, 18, 65, 70, 77, 88, 9, 58, 7, 105, 28, 16, 33, 147, 38, 150, 21, 34, 21, 32, 7, 72, 54, 24, 47, 22, 135, 38, 29, 19, 100, 0)
s = 170: (0, 30, 44, 219, 67, 123, 13, 102, 11, 66, 30, 14, 27, 107, 62, 88, 15, 36, 12, 49, 6, 106, 82, 32, 29, 33, 180, 21, 50, 19, 61, 0)
s = 171: (0, 21, 43, 165, 53, 69, 11, 94, 8, 127, 19, 17, 32, 110, 77, 109, 13, 26, 15, 68, 9, 73, 72, 39, 29, 39, 84, 36, 37, 20, 147, 0)
s = 172: (0, 23, 49, 128, 51, 104, 16, 74, 7, 128, 31, 13, 35, 112, 60, 95, 15, 77, 14, 58, 6, 78, 63, 32, 20, 47, 76, 41, 50, 10, 61, 0)
s = 173: (0, 21, 56, 71, 63, 70, 12, 53, 6, 168, 40, 29, 40, 86, 97, 142, 22, 32, 13, 25, 6, 71, 93, 30, 61, 51, 130, 49, 55, 25, 56, 0)
s = 174: (0, 16, 48, 80, 107, 77, 15, 58, 7, 80, 19, 14, 27, 84, 37, 126, 23, 47, 11, 49, 7, 128, 72, 26, 34, 26, 182, 27, 66, 11, 82, 0)
s = 175: (0, 13, 37, 195, 89, 53, 10, 90, 7, 158, 18, 19, 34, 73, 58, 165, 26, 37, 14, 42, 9, 92, 92, 38, 25, 41, 104, 31, 34, 13, 136, 0)
s = 176: (0, 18, 33, 147, 46, 59, 9, 88, 12, 55, 36, 29, 25, 64, 36, 77, 22, 45, 20, 32, 5, 73, 137, 41, 48, 51, 117, 26, 49, 11, 96, 0)
s = 177: (0, 20, 41, 163, 92, 56, 14, 91, 11, 99, 24, 16, 25, 90, 49, 146, 19, 36, 26, 43, 8, 79, 89, 27, 42, 48, 166, 39, 74, 14, 54, 0)
s = 178: (0, 18, 58, 74, 56, 58, 18, 89, 8, 63, 33, 24, 31, 130, 69, 75, 13, 52, 23, 45, 11, 109, 58, 26, 20, 35, 77, 24, 49, 20, 122, 0)
s = 179: (0, 11, 76, 153, 97, 66, 13, 48, 9, 140, 23, 16, 22, 100, 94, 132, 19, 62, 25, 28, 12, 86, 104, 41, 38, 45, 100, 39, 32, 14, 75, 0)
s = 180: (0, 21, 59, 221, 64, 85, 8, 58, 8, 91, 24, 24, 33, 140, 49, 88, 20, 63, 14, 46, 5, 63, 86, 45, 17, 35, 121, 34, 65, 21, 111, 0)
s = 181: (0, 26, 67, 150, 50, 88, 19, 52, 8, 89, 37, 27, 23, 78, 35, 133, 39, 30, 18, 33, 10, 127, 46, 30, 27, 40, 106, 25, 54, 20, 82, 0)
s = 182: (0, 23, 75, 137, 83, 89, 11, 78, 7, 85, 21, 16, 37, 94, 59, 138, 23, 47, 11, 41, 11, 59, 82, 32, 30, 43, 100, 34, 83, 15, 114, 0)
s = 183: (0, 30, 43, 182, 97, 51, 15, 69, 6, 62, 33, 23, 44, 148, 47, 89, 19, 39, 16, 29, 11, 156, 64, 39, 40, 29, 87, 44, 57, 13, 152, 0)
s = 184: (0, 14, 36, 99, 57, 85, 17, 73, 13, 54, 44, 12, 30, 142, 49, 85, 23, 48, 13, 36, 6, 83, 94, 46, 17, 41, 133, 29, 56, 23, 68, 0)
s = 185: (0, 20, 56, 139, 48, 59, 16, 71, 10, 95, 26, 17, 33, 78, 77, 93, 25, 32, 24, 30, 6, 99, 79, 24, 31, 31, 124, 27, 43, 25, 93, 0)
s = 186: (0, 11, 57, 119, 51, 108, 15, 63, 9, 75, 21, 17, 51, 142, 83, 118, 32, 41, 24, 71, 12, 103, 112, 26, 34, 24, 133, 36, 53, 13, 62, 0)
s = 187: (0, 18, 40, 130, 58, 84, 14, 57, 6, 92, 36, 15, 35, 58, 69, 100, 23, 29, 25, 32, 5, 67, 64, 25, 32, 38, 125, 25, 56, 15, 102, 0)
s = 188: (0, 22, 49, 117, 57, 59, 15, 69, 12, 77, 36, 16, 31, 160, 97, 100, 37, 60, 15, 58, 6, 150, 121, 30, 22, 39, 86, 35, 40, 13, 105, 0)
s = 189: (0, 14, 35, 154, 82, 71, 10, 69, 9, 98, 30, 21, 24, 77, 70, 99, 22, 83, 16, 42, 7, 73, 88, 32, 27, 34, 76, 43, 42, 14, 82, 0)
s = 190: (0, 28, 78, 125, 43, 93, 13, 101, 7, 95, 26, 18, 35, 121, 37, 78, 26, 35, 14, 29, 6, 69, 107, 18, 17, 23, 116, 36, 47, 13, 96, 0)
s = 191: (0, 17, 28, 73, 51, 110, 9, 55, 8, 101, 35, 30, 29, 88, 45, 60, 27, 81, 22, 35, 8, 162, 89, 46, 21, 20, 154, 36, 46, 14, 63, 0)
s = 192: (0, 21, 62, 166, 82, 89, 9, 55, 6, 119, 27, 11, 39, 83, 67, 185, 15, 41, 10, 32, 6, 85, 62, 49, 17, 26, 85, 52, 64, 22, 57, 0)
s = 193: (0, 22, 82, 79, 39, 97, 8, 87, 10, 129, 19, 17, 36, 100, 66, 69, 31, 28, 24, 63, 6, 156, 76, 31, 24, 45, 107, 44, 68, 18, 83, 0)
s = 194: (0, 23, 35, 182, 107, 102, 12, 77, 9, 65, 18, 15, 39, 155, 46, 61, 16, 85, 11, 32, 8, 144, 81, 32, 18, 25, 115, 26, 43, 14, 100, 0)
s = 195: (0, 11, 49, 87, 90, 64, 8, 60, 11, 65, 35, 26, 54, 100, 99, 113, 24, 42, 13, 51, 5, 98, 59, 23, 21, 27, 170, 26, 55, 20, 85, 0)
s = 196: (0, 13, 69, 126, 46, 75, 13, 101, 13, 120, 23, 18, 19, 67, 50, 133, 30, 61, 14, 48, 8, 114, 64, 22, 36, 47, 105, 37, 35, 16, 117, 0)
s = 197: (0, 24, 52, 128, 69, 68, 17, 70, 8, 87, 37, 20, 36, 115, 46, 113, 17, 75, 14, 22, 6, 61, 108, 36, 38, 39, 106, 46, 33, 19, 56, 0)
s = 198: (0, 21, 59, 165, 36, 60, 13, 102, 9, 98, 35, 18, 29, 88, 37, 108, 29, 79, 21, 31, 4, 132, 47, 40, 21, 28, 138, 25, 38, 13, 62, 0)
s = 199: (0, 25, 86, 112, 49, 112, 10, 67, 12, 87, 38, 20, 27, 120, 71, 69, 17, 38, 13, 30, 10, 93, 62, 41, 44, 48, 145, 23, 36, 17, 86, 0)
s = 200: (0, 12, 70, 93, 84, 114, 17, 56, 11, 79, 40, 23, 22, 81, 68, 79, 40, 38, 19, 35, 9, 90, 70, 45, 33, 21, 88, 20, 27, 20, 72, 0)
------------------------------------------------------------------------
RESOURCE k = 2
s = 1: (0, 5, 22, 23, 12, 23, 3, 24, 11, 55, 23, 5, 31, 83, 25, 39, 10, 36, 25, 11, 4, 43, 35, 15, 16, 6, 40, 21, 14, 3, 64, 0)
s = 2: (0, 4, 16, 33, 8, 18, 3, 23, 8, 26, 28, 5, 47, 69, 31, 47, 13, 38, 28, 9, 2, 39, 29, 14, 23, 9, 49, 15, 9, 2, 59, 0)
s = 3: (0, 5, 22, 23, 10, 18, 2, 14, 9, 26, 32, 5, 65, 72, 47, 61, 7, 37, 22, 22, 2, 27, 43, 15, 21, 5, 25, 25, 7, 3, 51, 0)
s = 4: (0, 4, 26, 25, 8, 13, 2, 20, 11, 44, 30, 6, 25, 82, 35, 39, 10, 33, 15, 15, 2, 42, 43, 10, 12, 6, 70, 18, 15, 2, 33, 0)
s = 5: (0, 3, 13, 20, 14, 15, 4, 32, 9, 41, 37, 3, 57, 87, 26, 49, 11, 27, 14, 21, 3, 49, 57, 13, 15, 14, 43, 18, 11, 2, 51, 0)
s = 6: (0, 4, 20, 21, 15, 22, 2, 26, 10, 29, 57, 4, 24, 113, 54, 34, 7, 35, 24, 12, 2, 28, 57, 18, 12, 11, 40, 17, 11, 3, 30, 0)
s = 7: (0, 6, 19, 15, 12, 14, 2, 21, 9, 31, 31, 6, 43, 61, 33, 50, 14, 36, 18, 13, 2, 27, 33, 12, 22, 8, 41, 27, 9, 3, 36, 0)
s = 8: (0, 4, 13, 30, 17, 16, 3, 28, 12, 41, 36, 6, 38, 70, 35, 30, 10, 37, 18, 15, 2, 46, 41, 15, 14, 12, 27, 16, 12, 3, 42, 0)
s = 9: (0, 4, 14, 36, 17, 19, 3, 21, 5, 39, 31, 5, 46, 94, 25, 44, 10, 34, 16, 15, 4, 30, 46, 15, 13, 9, 29, 13, 19, 2, 51, 0)
s = 10: (0, 5, 16, 15, 14, 10, 2, 24, 11, 36, 29, 5, 26, 88, 25, 43, 8, 23, 31, 9, 2, 34, 37, 25, 19, 8, 44, 14, 12, 2, 30, 0)
s = 11: (0, 6, 13, 22, 10, 22, 2, 25, 7, 35, 37, 5, 30, 53, 24, 68, 7, 24, 14, 10, 2, 32, 41, 9, 8, 8, 22, 20, 13, 3, 29, 0)
s = 12: (0, 5, 14, 38, 8, 19, 3, 14, 7, 21, 32, 6, 25, 149, 40, 27, 11, 40, 21, 8, 4, 32, 33, 14, 15, 8, 53, 17, 14, 2, 51, 0)
s = 13: (0, 4, 15, 36, 14, 12, 2, 29, 9, 27, 50, 7, 28, 78, 29, 56, 8, 43, 17, 14, 2, 33, 33, 19, 10, 7, 44, 28, 13, 2, 55, 0)
s = 14: (0, 5, 20, 28, 10, 24, 3, 16, 8, 41, 24, 4, 28, 83, 38, 50, 7, 24, 22, 11, 3, 29, 49, 17, 16, 7, 40, 14, 9, 3, 41, 0)
s = 15: (0, 5, 15, 33, 12, 18, 3, 19, 6, 51, 66, 5, 34, 63, 32, 40, 11, 39, 14, 19, 3, 62, 56, 13, 15, 6, 39, 15, 9, 3, 41, 0)
s = 16: (0, 5, 18, 25, 14, 14, 2, 24, 8, 25, 26, 4, 32, 79, 42, 29, 8, 35, 20, 14, 4, 38, 30, 22, 12, 11, 42, 20, 11, 2, 59, 0)
s = 17: (0, 4, 14, 23, 12, 22, 3, 26, 12, 41, 30, 4, 36, 75, 41, 43, 12, 49, 21, 17, 2, 27, 39, 12, 18, 9, 60, 16, 15, 3, 44, 0)
s = 18: (0, 4, 20, 35, 12, 17, 2, 27, 7, 24, 18, 3, 25, 98, 53, 52, 9, 54, 19, 15, 3, 33, 30, 12, 14, 8, 42, 17, 9, 2, 28, 0)
s = 19: (0, 6, 14, 22, 12, 29, 2, 28, 9, 50, 26, 4, 38, 79, 28, 33, 10, 39, 19, 9, 2, 22, 53, 14, 14, 9, 45, 25, 7, 2, 38, 0)
s = 20: (0, 4, 12, 24, 18, 25, 2, 22, 6, 28, 45, 5, 51, 78, 35, 48, 9, 35, 14, 9, 2, 48, 32, 25, 14, 6, 23, 18, 6, 2, 44, 0)
s = 21: (0, 8, 25, 24, 12, 21, 2, 20, 5, 30, 35, 4, 22, 64, 21, 39, 11, 50, 16, 18, 2, 30, 25, 20, 21, 6, 33, 23, 15, 2, 45, 0)
s = 22: (0, 4, 10, 26, 8, 16, 2, 28, 8, 37, 51, 3, 29, 88, 29, 51, 8, 42, 18, 12, 2, 24, 45, 20, 18, 8, 30, 26, 7, 3, 37, 0)
s = 23: (0, 4, 14, 21, 11, 19, 2, 25, 9, 22, 30, 6, 56, 83, 29, 40, 17, 25, 24, 7, 2, 34, 38, 17, 21, 9, 27, 16, 14, 2, 54, 0)
s = 24: (0, 5, 17, 16, 11, 18, 3, 27, 8, 39, 32, 5, 24, 124, 29, 59, 8, 35, 26, 9, 3, 31, 36, 11, 10, 11, 42, 12, 15, 2, 57, 0)
s = 25: (0, 5, 19, 17, 9, 16, 3, 19, 12, 35, 39, 6, 32, 76, 49, 51, 9, 21, 25, 14, 3, 21, 50, 22, 21, 11, 33, 20, 11, 2, 38, 0)
s = 26: (0, 6, 16, 16, 13, 12, 3, 21, 8, 29, 30, 4, 33, 103, 39, 27, 10, 28, 21, 9, 3, 27, 37, 14, 17, 8, 45, 18, 7, 3, 54, 0)
s = 27: (0, 4, 13, 15, 10, 21, 3, 33, 9, 37, 25, 3, 40, 64, 43, 41, 13, 46, 17, 11, 2, 32, 27, 11, 12, 7, 31, 13, 6, 3, 25, 0)
s = 28: (0, 5, 16, 20, 10, 17, 2, 31, 8, 43, 51, 4, 72, 76, 38, 43, 6, 19, 18, 7, 2, 52, 45, 13, 10, 9, 53, 14, 9, 2, 39, 0)
s = 29: (0, 5, 17, 19, 12, 10, 4, 28, 7, 34, 30, 4, 23, 119, 38, 31, 8, 41, 30, 9, 2, 27, 31, 11, 20, 11, 67, 21, 6, 3, 27, 0)
s = 30: (0, 4, 17, 16, 11, 12, 2, 22, 8, 19, 39, 4, 27, 78, 21, 37, 7, 25, 17, 10, 2, 29, 45, 11, 11, 8, 25, 20, 8, 3, 34, 0)
s = 31: (0, 4, 18, 18, 17, 19, 2, 22, 12, 21, 27, 3, 42, 111, 28, 51, 13, 49, 11, 10, 3, 27, 48, 9, 21, 13, 42, 24, 9, 2, 30, 0)
s = 32: (0, 5, 11, 34, 21, 12, 3, 18, 7, 34, 44, 3, 29, 85, 24, 65, 11, 35, 11, 11, 3, 30, 23, 12, 16, 11, 48, 16, 7, 2, 40, 0)
s = 33: (0, 4, 17, 13, 17, 18, 3, 21, 10, 55, 21, 4, 31, 127, 31, 53, 8, 25, 21, 10, 2, 30, 49, 22, 10, 10, 43, 30, 11, 2, 31, 0)
s = 34: (0, 5, 17, 28, 7, 12, 2, 17, 10, 31, 33, 4, 30, 148, 28, 36, 14, 33, 13, 10, 3, 31, 51, 22, 14, 5, 74, 17, 11, 3, 27, 0)
s = 35: (0, 3, 14, 20, 11, 15, 2, 31, 12, 28, 27, 4, 37, 92, 30, 27, 8, 32, 23, 10, 2, 47, 29, 21, 12, 6, 54, 24, 9, 3, 45, 0)
s = 36: (0, 5, 13, 17, 13, 13, 2, 25, 8, 40, 33, 4, 56, 75, 34, 54, 13, 21, 18, 9, 2, 36, 47, 21, 15, 7, 32, 17, 8, 3, 46, 0)
s = 37: (0, 3, 14, 23, 19, 18, 2, 18, 12, 31, 31, 4, 23, 84, 36, 76, 13, 26, 20, 19, 2, 49, 34, 16, 20, 9, 52, 17, 12, 2, 24, 0)
s = 38: (0, 3, 23, 17, 15, 18, 3, 19, 13, 40, 23, 3, 43, 72, 28, 47, 8, 26, 14, 12, 3, 39, 46, 12, 19, 12, 29, 11, 10, 2, 80, 0)
s = 39: (0, 4, 12, 23, 15, 11, 2, 23, 12, 19, 36, 5, 36, 63, 26, 33, 17, 23, 11, 8, 2, 40, 50, 17, 18, 9, 32, 29, 14, 2, 37, 0)
s = 40: (0, 5, 9, 16, 19, 14, 3, 16, 10, 32, 44, 4, 36, 119, 18, 32, 14, 43, 20, 19, 2, 46, 41, 23, 15, 7, 47, 22, 10, 2, 36, 0)
s = 41: (0, 3, 16, 22, 10, 16, 2, 13, 6, 51, 20, 5, 27, 125, 30, 49, 8, 32, 23, 13, 2, 32, 39, 8, 14, 7, 22, 14, 15, 2, 60, 0)
s = 42: (0, 3, 13, 21, 16, 10, 2, 28, 10, 33, 43, 5, 29, 87, 24, 32, 13, 33, 12, 12, 3, 44, 61, 18, 20, 11, 30, 24, 9, 3, 45, 0)
s = 43: (0, 3, 14, 30, 10, 9, 2, 20, 7, 24, 42, 3, 49, 128, 34, 43, 14, 41, 19, 11, 2, 51, 23, 9, 14, 7, 40, 20, 10, 3, 38, 0)
s = 44: (0, 5, 15, 30, 12, 12, 3, 39, 10, 38, 44, 3, 28, 111, 47, 60, 7, 37, 15, 10, 3, 31, 46, 14, 13, 8, 46, 18, 17, 3, 41, 0)
s = 45: (0, 5, 15, 16, 11, 16, 2, 31, 9, 36, 35, 6, 54, 67, 18, 39, 14, 22, 17, 11, 2, 37, 37, 21, 17, 9, 37, 11, 14, 2, 31, 0)
s = 46: (0, 3, 24, 28, 16, 14, 2, 15, 7, 29, 33, 4, 43, 118, 27, 63, 14, 39, 18, 11, 2, 33, 31, 11, 20, 11, 26, 14, 11, 4, 61, 0)
s = 47: (0, 3, 12, 20, 11, 17, 4, 24, 6, 42, 40, 3, 36, 66, 46, 38, 6, 21, 15, 10, 2, 36, 63, 13, 12, 7, 43, 20, 11, 3, 39, 0)
s = 48: (0, 5, 15, 26, 11, 19, 2, 24, 8, 30, 35, 3, 45, 104, 24, 34, 14, 33, 21, 14, 3, 52, 38, 12, 15, 10, 30, 23, 9, 3, 43, 0)
s = 49: (0, 5, 25, 33, 14, 27, 4, 18, 7, 52, 27, 4, 30, 85, 47, 40, 10, 26, 15, 13, 4, 39, 25, 12, 16, 14, 23, 17, 10, 3, 29, 0)
s = 50: (0, 5, 16, 27, 10, 11, 2, 28, 7, 38, 51, 4, 36, 79, 21, 31, 12, 46, 25, 10, 2, 24, 35, 13, 14, 11, 26, 15, 10, 3, 40, 0)
s = 51: (0, 6, 13, 36, 14, 14, 3, 19, 6, 23, 28, 3, 21, 118, 32, 53, 7, 44, 12, 10, 3, 45, 38, 15, 17, 8, 43, 15, 8, 2, 38, 0)
s = 52: (0, 3, 22, 25, 10, 17, 2, 16, 10, 35, 49, 7, 42, 68, 26, 37, 7, 57, 23, 12, 3, 36, 28, 14, 19, 6, 38, 17, 11, 3, 47, 0)
s = 53: (0, 4, 13, 16, 9, 30, 2, 21, 9, 43, 50, 3, 36, 77, 27, 62, 14, 36, 23, 16, 3, 33, 26, 19, 21, 5, 31, 20, 8, 2, 35, 0)
s = 54: (0, 4, 19, 22, 13, 23, 3, 28, 5, 32, 35, 9, 28, 83, 57, 46, 7, 23, 21, 9, 3, 60, 43, 18, 21, 6, 24, 13, 9, 3, 48, 0)
s = 55: (0, 3, 12, 27, 13, 13, 3, 17, 9, 38, 61, 5, 42, 61, 19, 36, 12, 39, 23, 11, 2, 63, 38, 20, 15, 15, 40, 12, 11, 3, 34, 0)
s = 56: (0, 6, 15, 41, 19, 15, 3, 18, 5, 50, 39, 4, 37, 67, 24, 40, 10, 30, 17, 14, 3, 61, 36, 18, 18, 11, 34, 19, 11, 2, 50, 0)
s = 57: (0, 4, 16, 21, 13, 12, 3, 23, 13, 30, 30, 4, 41, 94, 46, 56, 10, 47, 20, 9, 2, 30, 25, 12, 21, 7, 24, 18, 10, 3, 23, 0)
s = 58: (0, 5, 12, 28, 11, 21, 2, 15, 8, 38, 47, 5, 57, 99, 17, 57, 13, 57, 22, 10, 3, 31, 43, 19, 15, 8, 36, 14, 9, 2, 50, 0)
s = 59: (0, 5, 9, 19, 9, 13, 2, 19, 7, 45, 33, 5, 38, 84, 26, 37, 7, 41, 17, 11, 3, 34, 56, 18, 15, 7, 37, 26, 8, 2, 35, 0)
s = 60: (0, 3, 15, 27, 11, 14, 2, 26, 7, 19, 36, 5, 41, 120, 23, 29, 7, 27, 13, 12, 2, 55, 29, 23, 23, 9, 38, 12, 12, 2, 76, 0)
s = 61: (0, 3, 18, 43, 14, 16, 3, 31, 11, 31, 40, 4, 33, 84, 25, 48, 8, 27, 10, 13, 3, 34, 53, 15, 11, 9, 37, 24, 6, 4, 39, 0)
s = 62: (0, 5, 12, 26, 12, 18, 3, 16, 7, 34, 35, 5, 27, 95, 28, 30, 11, 35, 25, 14, 3, 22, 30, 17, 15, 13, 51, 17, 7, 2, 27, 0)
s = 63: (0, 5, 14, 34, 12, 18, 2, 23, 9, 34, 60, 4, 42, 82, 21, 78, 10, 49, 26, 9, 2, 30, 28, 21, 13, 6, 53, 12, 11, 4, 38, 0)
s = 64: (0, 4, 18, 20, 13, 12, 3, 33, 8, 27, 31, 4, 25, 107, 21, 45, 12, 34, 18, 9, 3, 25, 30, 11, 18, 10, 46, 16, 7, 3, 34, 0)
s = 65: (0, 5, 13, 20, 15, 18, 3, 21, 8, 33, 27, 3, 39, 80, 31, 41, 9, 28, 12, 15, 2, 37, 41, 17, 13, 9, 42, 11, 10, 2, 42, 0)
s = 66: (0, 5, 12, 29, 10, 13, 2, 23, 10, 30, 39, 4, 36, 56, 32, 47, 8, 30, 26, 17, 2, 56, 45, 17, 10, 8, 53, 12, 14, 2, 30, 0)
s = 67: (0, 5, 9, 28, 10, 14, 2, 19, 11, 28, 49, 4, 47, 88, 25, 38, 9, 21, 20, 10, 2, 53, 41, 11, 29, 8, 45, 16, 15, 2, 55, 0)
s = 68: (0, 6, 14, 22, 13, 10, 3, 20, 10, 29, 31, 4, 25, 130, 39, 38, 7, 24, 20, 15, 2, 55, 40, 17, 23, 9, 32, 15, 15, 3, 50, 0)
s = 69: (0, 5, 14, 29, 10, 14, 3, 18, 7, 42, 57, 5, 45, 56, 22, 42, 6, 26, 25, 20, 2, 54, 59, 19, 15, 7, 41, 17, 11, 2, 39, 0)
s = 70: (0, 3, 18, 19, 11, 16, 2, 19, 8, 24, 36, 6, 23, 93, 23, 43, 13, 37, 14, 13, 2, 52, 27, 21, 14, 13, 37, 13, 9, 3, 31, 0)
s = 71: (0, 5, 13, 30, 8, 17, 2, 18, 6, 28, 43, 3, 40, 134, 36, 46, 10, 59, 11, 15, 3, 25, 38, 18, 12, 7, 48, 12, 9, 2, 44, 0)
s = 72: (0, 4, 17, 22, 12, 21, 3, 16, 8, 54, 25, 5, 44, 96, 22, 41, 15, 29, 14, 12, 2, 24, 24, 22, 9, 6, 36, 11, 11, 2, 31, 0)
s = 73: (0, 6, 17, 23, 9, 19, 3, 21, 12, 45, 42, 4, 49, 109, 39, 42, 16, 28, 21, 8, 2, 38, 34, 19, 10, 8, 34, 28, 10, 3, 28, 0)
s = 74: (0, 6, 15, 34, 13, 16, 2, 16, 6, 34, 26, 4, 29, 101, 25, 39, 14, 40, 26, 9, 2, 32, 51, 11, 18, 9, 46, 17, 8, 4, 31, 0)
s = 75: (0, 4, 16, 28, 15, 12, 3, 23, 9, 37, 30, 4, 36, 149, 20, 43, 7, 58, 18, 13, 3, 35, 44, 19, 17, 6, 30, 12, 7, 4, 51, 0)
s = 76: (0, 7, 22, 24, 8, 19, 3, 19, 8, 53, 39, 5, 37, 69, 28, 46, 13, 34, 23, 13, 2, 41, 23, 15, 10, 12, 37, 22, 7, 2, 27, 0)
s = 77: (0, 3, 18, 26, 9, 24, 2, 24, 7, 23, 51, 4, 30, 57, 25, 43, 10, 20, 11, 15, 2, 40, 26, 9, 18, 13, 51, 13, 7, 3, 32, 0)
s = 78: (0, 5, 21, 16, 16, 18, 3, 25, 9, 23, 41, 6, 37, 76, 29, 30, 7, 50, 17, 8, 3, 27, 48, 13, 19, 11, 49, 15, 9, 2, 29, 0)
s = 79: (0, 4, 11, 17, 17, 23, 2, 24, 8, 28, 37, 5, 42, 130, 22, 52, 7, 22, 15, 9, 2, 25, 29, 10, 12, 6, 46, 19, 11, 3, 45, 0)
s = 80: (0, 4, 15, 38, 12, 13, 3, 27, 11, 35, 37, 4, 24, 91, 49, 32, 6, 53, 15, 11, 2, 37, 32, 12, 12, 8, 39, 11, 9, 3, 48, 0)
s = 81: (0, 5, 23, 14, 11, 23, 3, 21, 6, 32, 54, 7, 42, 67, 35, 46, 14, 44, 30, 7, 2, 38, 48, 11, 16, 12, 47, 16, 17, 2, 29, 0)
s = 82: (0, 3, 22, 25, 8, 16, 2, 21, 10, 32, 22, 6, 31, 58, 35, 61, 10, 41, 19, 10, 3, 42, 39, 14, 17, 8, 42, 16, 13, 3, 43, 0)
s = 83: (0, 7, 12, 17, 10, 14, 3, 17, 12, 27, 37, 7, 57, 106, 21, 41, 10, 28, 11, 10, 3, 46, 25, 15, 8, 5, 43, 15, 10, 2, 41, 0)
s = 84: (0, 3, 18, 16, 16, 24, 3, 31, 5, 25, 33, 4, 36, 93, 39, 43, 15, 28, 22, 14, 3, 28, 35, 15, 14, 8, 31, 10, 16, 2, 36, 0)
s = 85: (0, 4, 12, 28, 11, 13, 3, 30, 12, 21, 30, 6, 56, 91, 21, 25, 7, 37, 14, 14, 2, 25, 54, 12, 20, 5, 41, 26, 14, 3, 35, 0)
s = 86: (0, 7, 11, 29, 15, 15, 2, 30, 7, 30, 60, 5, 35, 104, 40, 40, 10, 25, 15, 8, 3, 46, 26, 15, 19, 9, 32, 17, 10, 3, 33, 0)
s = 87: (0, 7, 8, 33, 12, 21, 3, 24, 7, 34, 47, 4, 52, 113, 17, 59, 7, 23, 18, 18, 3, 35, 60, 10, 9, 5, 57, 30, 10, 2, 41, 0)
s = 88: (0, 6, 21, 21, 19, 16, 2, 27, 12, 24, 31, 4, 31, 156, 27, 55, 8, 31, 17, 10, 3, 40, 22, 17, 16, 17, 50, 15, 14, 2, 29, 0)
s = 89: (0, 3, 18, 23, 18, 11, 4, 22, 10, 28, 53, 4, 41, 84, 29, 53, 11, 33, 13, 8, 3, 58, 49, 15, 24, 6, 28, 22, 9, 2, 29, 0)
s = 90: (0, 3, 11, 35, 10, 12, 2, 21, 6, 33, 31, 3, 56, 116, 37, 36, 12, 43, 19, 10, 3, 31, 35, 20, 21, 8, 39, 27, 9, 2, 25, 0)
s = 91: (0, 4, 11, 41, 12, 26, 3, 29, 11, 35, 40, 5, 26, 113, 23, 31, 11, 39, 11, 9, 2, 30, 54, 15, 13, 9, 50, 17, 11, 3, 28, 0)
s = 92: (0, 5, 11, 24, 9, 14, 2, 23, 10, 31, 51, 7, 35, 62, 37, 36, 16, 41, 20, 9, 2, 21, 31, 13, 12, 8, 35, 23, 16, 2, 30, 0)
s = 93: (0, 6, 17, 33, 11, 16, 2, 27, 6, 41, 27, 4, 31, 100, 42, 56, 14, 44, 18, 16, 2, 49, 39, 10, 17, 8, 31, 21, 11, 2, 63, 0)
s = 94: (0, 6, 14, 20, 11, 16, 3, 28, 11, 32, 38, 7, 32, 89, 23, 51, 10, 25, 25, 11, 2, 42, 34, 11, 18, 7, 39, 12, 12, 2, 52, 0)
s = 95: (0, 4, 16, 17, 16, 22, 3, 29, 8, 26, 37, 4, 38, 66, 46, 63, 8, 26, 19, 7, 2, 26, 35, 16, 9, 9, 25, 15, 14, 3, 25, 0)
s = 96: (0, 6, 22, 19, 10, 23, 3, 39, 9, 36, 33, 4, 32, 132, 33, 49, 8, 27, 27, 9, 2, 24, 47, 21, 14, 7, 49, 18, 9, 3, 36, 0)
s = 97: (0, 3, 15, 22, 13, 15, 3, 15, 9, 51, 37, 6, 48, 160, 25, 30, 6, 20, 23, 19, 2, 35, 34, 10, 20, 8, 26, 16, 9, 3, 60, 0)
s = 98: (0, 5, 15, 26, 15, 10, 3, 21, 6, 29, 25, 3, 47, 54, 40, 48, 10, 27, 19, 11, 3, 22, 47, 15, 14, 10, 59, 28, 12, 2, 29, 0)
s = 99: (0, 4, 24, 29, 14, 11, 2, 35, 6, 42, 33, 4, 31, 155, 37, 50, 6, 27, 11, 14, 3, 22, 55, 9, 24, 6, 49, 18, 15, 3, 39, 0)
s = 100: (0, 4, 18, 26, 11, 9, 3, 28, 6, 28, 36, 6, 22, 48, 25, 33, 9, 40, 17, 16, 3, 50, 26, 12, 12, 14, 23, 24, 12, 2, 26, 0)
s = 101: (0, 3, 14, 14, 17, 20, 2, 22, 8, 24, 30, 3, 38, 87, 21, 49, 13, 24, 22, 8, 2, 25, 48, 16, 20, 11, 33, 23, 9, 3, 28, 0)
s = 102: (0, 4, 14, 34, 13, 9, 2, 22, 5, 25, 26, 4, 36, 141, 35, 46, 13, 34, 32, 14, 2, 55, 25, 19, 11, 7, 40, 14, 11, 3, 68, 0)
s = 103: (0, 4, 9, 14, 17, 10, 2, 19, 6, 41, 30, 3, 50, 162, 33, 48, 10, 51, 19, 14, 2, 57, 52, 22, 11, 10, 48, 14, 14, 2, 43, 0)
s = 104: (0, 4, 18, 34, 7, 13, 4, 38, 11, 26, 31, 6, 25, 67, 47, 56, 7, 34, 18, 15, 3, 34, 26, 16, 12, 11, 48, 12, 6, 3, 44, 0)
s = 105: (0, 4, 11, 21, 10, 17, 3, 37, 8, 38, 45, 3, 66, 121, 57, 47, 14, 39, 13, 17, 2, 35, 57, 12, 18, 10, 36, 18, 12, 2, 61, 0)
s = 106: (0, 4, 13, 34, 10, 13, 2, 27, 6, 31, 41, 5, 35, 112, 23, 38, 12, 25, 16, 15, 2, 41, 35, 14, 16, 8, 26, 16, 8, 2, 59, 0)
s = 107: (0, 3, 14, 14, 21, 14, 2, 25, 5, 21, 39, 3, 32, 66, 21, 39, 10, 37, 19, 9, 2, 42, 47, 15, 10, 11, 34, 20, 15, 3, 40, 0)
s = 108: (0, 6, 19, 19, 7, 23, 3, 24, 7, 39, 35, 3, 33, 100, 20, 58, 11, 37, 13, 16, 3, 29, 55, 12, 16, 10, 38, 17, 6, 3, 29, 0)
s = 109: (0, 5, 10, 28, 16, 18, 2, 23, 7, 31, 45, 5, 25, 53, 32, 41, 18, 30, 10, 13, 3, 27, 46, 16, 12, 9, 55, 21, 9, 3, 32, 0)
s = 110: (0, 5, 13, 17, 11, 15, 2, 22, 6, 29, 31, 4, 27, 68, 26, 50, 9, 26, 14, 16, 4, 36, 21, 13, 15, 6, 34, 24, 12, 3, 31, 0)
s = 111: (0, 4, 21, 19, 17, 10, 3, 29, 6, 43, 22, 6, 45, 101, 34, 34, 11, 27, 19, 21, 2, 36, 28, 18, 18, 10, 45, 29, 10, 3, 33, 0)
s = 112: (0, 7, 13, 13, 16, 14, 2, 22, 11, 18, 26, 4, 35, 84, 17, 78, 9, 46, 22, 8, 2, 50, 26, 13, 24, 10, 32, 10, 14, 3, 45, 0)
s = 113: (0, 4, 16, 30, 9, 12, 2, 21, 7, 33, 37, 5, 34, 91, 47, 28, 12, 30, 14, 9, 3, 26, 51, 19, 17, 8, 41, 18, 19, 3, 59, 0)
s = 114: (0, 4, 10, 20, 8, 15, 3, 37, 9, 30, 43, 3, 42, 90, 35, 44, 10, 29, 25, 15, 2, 43, 39, 12, 24, 6, 35, 21, 11, 4, 47, 0)
s = 115: (0, 4, 17, 16, 15, 19, 2, 26, 7, 37, 33, 6, 30, 124, 23, 36, 12, 26, 28, 14, 3, 44, 41, 22, 11, 7, 25, 11, 16, 2, 55, 0)
s = 116: (0, 7, 13, 14, 9, 15, 3, 43, 7, 34, 49, 3, 38, 69, 21, 66, 9, 49, 16, 15, 3, 51, 64, 15, 9, 6, 43, 14, 6, 3, 28, 0)
s = 117: (0, 4, 12, 14, 23, 23, 2, 30, 5, 40, 34, 7, 24, 98, 54, 41, 10, 50, 21, 10, 3, 38, 32, 22, 24, 14, 28, 23, 11, 2, 35, 0)
s = 118: (0, 5, 16, 32, 13, 12, 2, 26, 9, 28, 25, 3, 53, 132, 28, 45, 10, 27, 10, 8, 2, 43, 36, 13, 16, 10, 57, 14, 10, 3, 46, 0)
s = 119: (0, 4, 23, 21, 10, 13, 2, 21, 6, 18, 28, 5, 42, 84, 25, 42, 13, 43, 19, 17, 2, 25, 40, 24, 24, 7, 22, 13, 6, 3, 50, 0)
s = 120: (0, 3, 20, 28, 12, 20, 3, 30, 6, 45, 25, 4, 56, 96, 43, 33, 10, 25, 17, 13, 3, 25, 58, 14, 16, 7, 25, 33, 8, 2, 29, 0)
s = 121: (0, 3, 12, 24, 15, 15, 2, 18, 6, 17, 47, 3, 21, 60, 17, 44, 7, 44, 17, 8, 2, 40, 36, 17, 13, 10, 43, 18, 7, 3, 39, 0)
s = 122: (0, 3, 14, 29, 15, 21, 3, 20, 6, 31, 40, 4, 50, 69, 32, 46, 15, 36, 18, 15, 3, 35, 58, 20, 15, 7, 44, 17, 10, 4, 31, 0)
s = 123: (0, 5, 13, 43, 9, 21, 3, 24, 6, 44, 43, 4, 46, 112, 28, 37, 15, 45, 13, 8, 2, 29, 39, 18, 14, 8, 32, 11, 10, 3, 52, 0)
s = 124: (0, 5, 15, 34, 10, 17, 2, 23, 6, 26, 24, 5, 39, 128, 18, 53, 9, 55, 22, 10, 3, 43, 53, 21, 17, 9, 39, 11, 9, 4, 35, 0)
s = 125: (0, 4, 20, 17, 11, 12, 2, 22, 7, 23, 64, 3, 28, 91, 25, 48, 10, 24, 10, 17, 2, 30, 46, 24, 17, 5, 33, 19, 10, 2, 34, 0)
s = 126: (0, 5, 21, 16, 11, 26, 2, 21, 13, 29, 54, 5, 32, 104, 24, 46, 7, 44, 25, 18, 2, 44, 38, 19, 21, 5, 31, 12, 14, 2, 41, 0)
s = 127: (0, 5, 15, 17, 18, 13, 2, 19, 6, 24, 25, 3, 58, 110, 26, 47, 14, 33, 24, 7, 3, 23, 31, 11, 21, 7, 43, 17, 12, 2, 35, 0)
s = 128: (0, 5, 18, 20, 7, 13, 3, 36, 11, 32, 26, 5, 44, 140, 28, 37, 10, 30, 16, 8, 2, 40, 28, 10, 18, 6, 61, 16, 10, 4, 33, 0)
s = 129: (0, 5, 23, 26, 12, 21, 3, 21, 6, 21, 37, 3, 46, 77, 23, 34, 14, 33, 12, 14, 3, 28, 23, 11, 19, 12, 49, 12, 7, 2, 35, 0)
s = 130: (0, 5, 16, 33, 9, 16, 3, 17, 9, 39, 37, 5, 44, 101, 18, 52, 14, 25, 27, 11, 3, 43, 34, 11, 12, 8, 47, 20, 11, 3, 25, 0)
s = 131: (0, 5, 12, 16, 13, 16, 3, 19, 9, 52, 24, 4, 24, 51, 31, 44, 7, 37, 19, 10, 2, 31, 38, 21, 9, 7, 40, 20, 13, 2, 35, 0)
s = 132: (0, 5, 17, 17, 14, 16, 3, 20, 9, 40, 40, 4, 56, 109, 27, 41, 14, 30, 24, 16, 3, 29, 49, 19, 14, 8, 42, 11, 10, 3, 57, 0)
s = 133: (0, 7, 15, 26, 16, 16, 2, 37, 10, 23, 35, 6, 60, 67, 21, 28, 13, 30, 13, 21, 2, 20, 50, 12, 23, 6, 40, 12, 10, 3, 37, 0)
s = 134: (0, 4, 15, 29, 9, 11, 3, 14, 9, 38, 33, 4, 49, 51, 40, 44, 9, 21, 18, 11, 3, 41, 27, 14, 12, 9, 45, 16, 9, 3, 26, 0)
s = 135: (0, 3, 13, 27, 14, 12, 3, 14, 11, 40, 48, 6, 39, 63, 20, 35, 8, 59, 20, 10, 3, 43, 41, 15, 15, 7, 56, 19, 11, 3, 37, 0)
s = 136: (0, 5, 24, 30, 12, 14, 2, 26, 8, 30, 26, 7, 33, 90, 20, 39, 7, 43, 16, 17, 3, 38, 40, 10, 11, 12, 51, 16, 10, 3, 28, 0)
s = 137: (0, 3, 18, 25, 12, 13, 3, 31, 6, 44, 49, 3, 30, 82, 25, 60, 11, 36, 27, 13, 3, 28, 26, 12, 12, 12, 32, 17, 13, 3, 21, 0)
s = 138: (0, 3, 18, 18, 8, 19, 2, 31, 10, 28, 23, 5, 40, 65, 49, 44, 15, 26, 14, 11, 2, 31, 51, 12, 12, 15, 21, 11, 10, 3, 44, 0)
s = 139: (0, 3, 9, 29, 9, 10, 2, 19, 13, 39, 32, 5, 59, 75, 25, 60, 13, 32, 14, 12, 2, 39, 49, 10, 14, 6, 39, 16, 12, 2, 33, 0)
s = 140: (0, 6, 14, 20, 10, 17, 2, 28, 8, 23, 31, 4, 55, 65, 28, 34, 6, 33, 17, 10, 2, 40, 32, 13, 15, 11, 57, 13, 15, 2, 32, 0)
s = 141: (0, 5, 11, 17, 11, 14, 2, 17, 10, 46, 31, 5, 47, 98, 31, 42, 8, 29, 19, 19, 2, 33, 30, 25, 17, 8, 54, 16, 9, 3, 46, 0)
s = 142: (0, 4, 12, 16, 14, 26, 2, 19, 7, 28, 35, 3, 37, 135, 24, 34, 10, 26, 16, 12, 4, 33, 47, 10, 18, 9, 42, 17, 12, 2, 48, 0)
s = 143: (0, 6, 12, 21, 12, 21, 2, 30, 13, 35, 28, 4, 23, 95, 26, 46, 9, 27, 15, 16, 2, 29, 32, 13, 17, 9, 52, 31, 8, 3, 61, 0)
s = 144: (0, 4, 12, 21, 15, 23, 2, 30, 5, 27, 39, 4, 33, 126, 29, 42, 11, 30, 14, 7, 2, 34, 22, 26, 14, 9, 45, 14, 11, 3, 45, 0)
s = 145: (0, 3, 11, 37, 10, 18, 2, 23, 6, 23, 40, 4, 36, 106, 36, 53, 9, 25, 13, 10, 2, 36, 47, 19, 16, 8, 46, 17, 13, 2, 29, 0)
s = 146: (0, 4, 22, 23, 10, 15, 2, 30, 6, 25, 28, 3, 24, 96, 38, 67, 9, 31, 16, 11, 2, 36, 32, 19, 14, 6, 44, 17, 7, 2, 37, 0)
s = 147: (0, 5, 18, 18, 8, 27, 3, 21, 8, 25, 54, 3, 59, 68, 24, 65, 7, 24, 16, 9, 2, 45, 43, 12, 10, 12, 43, 19, 10, 2, 33, 0)
s = 148: (0, 4, 10, 30, 7, 17, 2, 25, 7, 26, 22, 5, 47, 147, 32, 58, 12, 62, 17, 7, 2, 35, 45, 17, 15, 5, 47, 22, 10, 4, 39, 0)
s = 149: (0, 3, 20, 27, 9, 12, 3, 27, 12, 46, 37, 4, 23, 82, 46, 52, 7, 61, 19, 17, 3, 26, 44, 15, 12, 8, 29, 28, 12, 3, 42, 0)
s = 150: (0, 4, 19, 18, 15, 15, 3, 26, 9, 25, 47, 7, 51, 62, 30, 45, 10, 33, 18, 10, 3, 20, 35, 16, 13, 10, 46, 24, 13, 3, 59, 0)
s = 151: (0, 3, 17, 27, 10, 17, 3, 17, 13, 22, 46, 5, 41, 58, 19, 50, 6, 22, 14, 19, 3, 63, 60, 10, 14, 5, 28, 20, 12, 3, 41, 0)
s = 152: (0, 4, 12, 24, 14, 10, 2, 20, 5, 29, 35, 3, 50, 59, 29, 75, 13, 30, 12, 17, 3, 59, 45, 16, 19, 7, 53, 15, 16, 2, 51, 0)
s = 153: (0, 7, 16, 17, 16, 17, 2, 33, 13, 33, 29, 5, 49, 108, 17, 53, 10, 23, 14, 11, 3, 52, 33, 22, 19, 12, 46, 21, 16, 3, 61, 0)
s = 154: (0, 6, 16, 32, 10, 16, 2, 31, 11, 48, 26, 5, 39, 117, 45, 47, 9, 46, 25, 10, 2, 42, 45, 20, 20, 10, 27, 18, 10, 3, 43, 0)
s = 155: (0, 5, 25, 25, 13, 20, 3, 32, 8, 38, 41, 4, 23, 91, 30, 39, 12, 37, 18, 9, 3, 23, 39, 18, 20, 6, 50, 24, 14, 3, 29, 0)
s = 156: (0, 5, 9, 29, 13, 27, 2, 21, 6, 42, 26, 3, 48, 88, 38, 34, 11, 39, 28, 8, 2, 28, 51, 16, 15, 16, 29, 20, 9, 2, 32, 0)
s = 157: (0, 4, 15, 17, 16, 15, 2, 35, 9, 32, 31, 4, 41, 114, 31, 46, 11, 42, 22, 9, 2, 58, 59, 11, 24, 9, 54, 19, 7, 4, 31, 0)
s = 158: (0, 5, 11, 21, 17, 18, 2, 27, 7, 55, 54, 7, 23, 80, 22, 30, 7, 23, 26, 11, 3, 29, 39, 19, 12, 6, 31, 17, 8, 2, 41, 0)
s = 159: (0, 4, 14, 28, 9, 14, 3, 22, 10, 48, 27, 4, 29, 63, 44, 44, 7, 23, 23, 16, 2, 55, 37, 15, 11, 7, 42, 20, 16, 3, 34, 0)
s = 160: (0, 5, 21, 21, 13, 17, 2, 19, 9, 25, 55, 4, 35, 139, 26, 35, 8, 23, 18, 11, 3, 37, 37, 12, 14, 7, 34, 19, 10, 3, 40, 0)
s = 161: (0, 5, 14, 24, 7, 15, 3, 25, 8, 31, 40, 4, 25, 114, 28, 47, 9, 39, 16, 17, 2, 50, 31, 13, 13, 10, 36, 25, 7, 3, 41, 0)
s = 162: (0, 6, 17, 16, 11, 12, 3, 14, 9, 26, 27, 4, 52, 71, 21, 74, 13, 27, 12, 9, 3, 36, 53, 16, 9, 7, 30, 23, 8, 2, 52, 0)
s = 163: (0, 3, 16, 24, 21, 24, 2, 30, 6, 46, 25, 4, 39, 91, 49, 52, 13, 46, 11, 12, 3, 27, 60, 11, 10, 8, 37, 11, 11, 2, 40, 0)
s = 164: (0, 3, 12, 32, 12, 18, 3, 24, 9, 34, 43, 4, 63, 144, 18, 35, 7, 45, 21, 13, 4, 36, 42, 15, 15, 6, 47, 14, 10, 2, 55, 0)
s = 165: (0, 3, 17, 38, 15, 21, 3, 18, 10, 32, 32, 4, 27, 82, 28, 44, 14, 29, 15, 19, 3, 45, 31, 26, 22, 9, 24, 17, 10, 3, 55, 0)
s = 166: (0, 6, 10, 29, 20, 13, 4, 14, 8, 26, 31, 4, 28, 84, 52, 48, 12, 39, 15, 11, 3, 35, 78, 16, 16, 8, 49, 20, 11, 2, 32, 0)
s = 167: (0, 4, 12, 15, 10, 13, 2, 20, 9, 33, 38, 4, 39, 61, 24, 52, 6, 35, 13, 17, 4, 24, 66, 11, 9, 7, 38, 21, 9, 3, 39, 0)
s = 168: (0, 5, 9, 20, 11, 13, 2, 17, 5, 23, 40, 4, 42, 121, 38, 29, 7, 23, 11, 15, 4, 35, 51, 20, 12, 10, 29, 11, 9, 2, 31, 0)
s = 169: (0, 4, 20, 13, 14, 20, 2, 19, 6, 35, 32, 4, 37, 134, 19, 63, 10, 25, 23, 10, 2, 27, 27, 11, 24, 5, 45, 22, 7, 3, 46, 0)
s = 170: (0, 7, 14, 41, 13, 28, 3, 33, 10, 22, 35, 3, 31, 98, 31, 37, 7, 26, 14, 15, 2, 39, 41, 15, 15, 8, 60, 12, 12, 3, 28, 0)
s = 171: (0, 5, 13, 31, 10, 16, 2, 30, 8, 43, 23, 4, 36, 100, 39, 46, 6, 19, 16, 21, 3, 27, 36, 18, 15, 9, 28, 21, 9, 3, 67, 0)
s = 172: (0, 5, 15, 24, 10, 24, 3, 24, 6, 43, 36, 3, 39, 101, 30, 40, 7, 55, 15, 18, 2, 29, 32, 15, 10, 11, 26, 23, 12, 2, 28, 0)
s = 173: (0, 5, 17, 14, 12, 16, 2, 17, 6, 56, 46, 6, 45, 78, 49, 60, 10, 23, 15, 8, 2, 26, 47, 14, 31, 12, 44, 28, 13, 4, 26, 0)
s = 174: (0, 4, 15, 15, 20, 17, 3, 19, 6, 27, 22, 3, 31, 77, 19, 53, 11, 34, 13, 15, 2, 47, 36, 12, 17, 6, 61, 16, 15, 2, 38, 0)
s = 175: (0, 3, 11, 37, 17, 12, 2, 29, 6, 53, 21, 4, 38, 66, 29, 69, 12, 27, 16, 13, 3, 34, 46, 18, 13, 9, 35, 18, 8, 2, 62, 0)
s = 176: (0, 4, 10, 28, 9, 14, 2, 28, 11, 19, 42, 6, 28, 58, 18, 33, 10, 33, 22, 10, 2, 27, 69, 19, 24, 12, 39, 15, 11, 2, 44, 0)
s = 177: (0, 5, 13, 31, 17, 13, 3, 29, 10, 33, 28, 4, 28, 82, 25, 61, 9, 26, 29, 13, 3, 29, 45, 13, 21, 11, 56, 22, 17, 2, 25, 0)
s = 178: (0, 4, 18, 14, 11, 13, 3, 29, 7, 21, 39, 5, 34, 118, 35, 31, 6, 37, 26, 14, 3, 40, 29, 12, 10, 8, 26, 14, 11, 3, 56, 0)
s = 179: (0, 3, 23, 29, 18, 15, 3, 16, 8, 47, 27, 4, 25, 91, 47, 55, 9, 44, 28, 9, 4, 32, 52, 19, 19, 10, 34, 22, 8, 2, 34, 0)
s = 180: (0, 5, 18, 42, 12, 19, 2, 19, 7, 31, 27, 5, 37, 127, 25, 37, 9, 45, 16, 14, 2, 23, 43, 21, 9, 8, 41, 19, 15, 3, 51, 0)
s = 181: (0, 6, 20, 29, 9, 20, 4, 17, 7, 30, 43, 6, 26, 71, 18, 56, 18, 22, 20, 10, 3, 46, 23, 14, 14, 9, 36, 14, 12, 3, 38, 0)
s = 182: (0, 5, 23, 26, 15, 20, 2, 25, 7, 29, 24, 4, 42, 85, 30, 58, 11, 34, 13, 13, 4, 22, 41, 15, 15, 10, 34, 19, 19, 2, 52, 0)
s = 183: (0, 7, 13, 35, 18, 12, 3, 22, 5, 21, 38, 5, 49, 134, 24, 37, 9, 28, 17, 9, 4, 57, 32, 18, 20, 7, 29, 25, 13, 2, 70, 0)
s = 184: (0, 3, 11, 19, 11, 19, 3, 23, 12, 18, 51, 3, 34, 129, 25, 36, 11, 34, 15, 11, 2, 31, 47, 21, 9, 10, 45, 16, 13, 3, 31, 0)
s = 185: (0, 5, 17, 26, 9, 14, 3, 23, 9, 32, 30, 4, 37, 71, 39, 39, 12, 23, 27, 9, 2, 36, 40, 11, 16, 7, 42, 15, 10, 4, 43, 0)
s = 186: (0, 3, 17, 23, 10, 24, 3, 20, 8, 25, 25, 4, 57, 129, 42, 49, 15, 30, 27, 22, 4, 38, 56, 12, 17, 6, 45, 20, 12, 2, 28, 0)
s = 187: (0, 4, 12, 25, 11, 19, 3, 18, 5, 31, 42, 3, 39, 53, 35, 42, 11, 21, 28, 10, 2, 25, 32, 12, 16, 9, 42, 14, 13, 2, 47, 0)
s = 188: (0, 5, 15, 22, 11, 13, 3, 22, 10, 26, 42, 4, 35, 146, 49, 42, 17, 43, 17, 18, 2, 55, 61, 14, 11, 9, 29, 20, 9, 2, 48, 0)
s = 189: (0, 4, 11, 29, 15, 16, 2, 22, 8, 33, 35, 5, 27, 70, 35, 41, 10, 59, 18, 13, 2, 27, 44, 15, 14, 8, 26, 24, 10, 2, 38, 0)
s = 190: (0, 7, 24, 24, 8, 21, 3, 32, 6, 32, 30, 4, 40, 110, 19, 33, 12, 25, 16, 9, 2, 26, 54, 8, 9, 5, 39, 20, 11, 2, 44, 0)
s = 191: (0, 4, 9, 14, 10, 25, 2, 18, 7, 34, 41, 6, 33, 80, 23, 25, 13, 58, 25, 11, 3, 59, 45, 21, 11, 5, 52, 21, 11, 2, 29, 0)
s = 192: (0, 5, 19, 32, 15, 20, 2, 18, 5, 40, 31, 3, 43, 76, 34, 77, 7, 29, 11, 10, 2, 31, 31, 22, 9, 6, 29, 29, 15, 3, 26, 0)
s = 193: (0, 5, 25, 15, 7, 22, 2, 28, 9, 43, 22, 4, 40, 91, 33, 29, 14, 20, 26, 19, 2, 57, 38, 14, 12, 10, 36, 25, 15, 3, 38, 0)
s = 194: (0, 6, 11, 35, 20, 23, 2, 25, 8, 22, 21, 3, 43, 141, 23, 26, 8, 61, 12, 10, 3, 53, 41, 15, 9, 6, 39, 15, 10, 2, 46, 0)
s = 195: (0, 3, 15, 17, 17, 15, 2, 19, 9, 22, 40, 6, 61, 91, 50, 47, 11, 30, 14, 16, 2, 36, 30, 11, 11, 6, 57, 15, 13, 3, 39, 0)
s = 196: (0, 3, 21, 24, 9, 17, 3, 32, 12, 40, 27, 4, 21, 61, 25, 56, 14, 44, 16, 15, 3, 42, 32, 10, 18, 11, 35, 21, 8, 2, 53, 0)
s = 197: (0, 6, 16, 24, 13, 15, 3, 22, 7, 29, 43, 4, 41, 104, 23, 47, 8, 53, 16, 7, 2, 22, 54, 17, 19, 9, 36, 26, 8, 3, 26, 0)
s = 198: (0, 5, 18, 31, 7, 14, 3, 32, 8, 33, 41, 4, 33, 80, 19, 45, 14, 56, 24, 10, 2, 48, 24, 18, 11, 7, 46, 14, 9, 2, 28, 0)
s = 199: (0, 6, 26, 21, 9, 25, 2, 21, 11, 29, 45, 4, 30, 109, 36, 29, 8, 27, 14, 9, 3, 34, 31, 19, 22, 11, 49, 13, 8, 3, 39, 0)
s = 200: (0, 3, 21, 18, 16, 26, 3, 18, 10, 27, 46, 5, 25, 74, 34, 33, 18, 27, 21, 11, 3, 33, 35, 21, 17, 5, 30, 12, 6, 3, 33, 0)
------------------------------------------------------------------------
RESOURCE k = 3
s = 1: (0, 5, 44, 61, 12, 23, 5, 8, 4, 110, 30, 10, 7, 59, 9, 31, 18, 65, 22, 11, 10, 75, 18, 17, 31, 6, 69, 18, 40, 10, 38, 0)
s = 2: (0, 4, 31, 86, 8, 18, 4, 8, 3, 52, 36, 9, 11, 48, 11, 38, 24, 67, 25, 9, 5, 69, 15, 17, 46, 9, 86, 13, 25, 7, 35, 0)
s = 3: (0, 5, 44, 61, 10, 18, 3, 5, 4, 52, 41, 10, 15, 51, 16, 49, 12, 66, 20, 22, 3, 47, 22, 17, 41, 5, 43, 22, 19, 12, 31, 0)
s = 4: (0, 4, 51, 66, 8, 13, 3, 7, 4, 87, 38, 11, 6, 57, 12, 31, 18, 59, 14, 15, 5, 73, 22, 12, 24, 6, 121, 16, 44, 9, 20, 0)
s = 5: (0, 3, 26, 53, 14, 15, 6, 11, 4, 82, 47, 5, 13, 61, 9, 39, 20, 48, 13, 21, 8, 85, 29, 16, 29, 14, 75, 16, 31, 8, 31, 0)
s = 6: (0, 4, 39, 56, 15, 22, 3, 9, 4, 58, 73, 8, 6, 79, 18, 28, 12, 63, 22, 12, 4, 49, 29, 22, 23, 11, 70, 15, 31, 14, 18, 0)
s = 7: (0, 6, 37, 40, 12, 14, 2, 7, 4, 62, 39, 11, 10, 43, 11, 40, 24, 65, 16, 13, 5, 47, 17, 14, 43, 8, 71, 24, 26, 11, 22, 0)
s = 8: (0, 4, 26, 80, 17, 16, 4, 10, 5, 81, 46, 11, 9, 49, 12, 24, 17, 66, 16, 15, 4, 80, 21, 18, 28, 12, 48, 14, 35, 10, 26, 0)
s = 9: (0, 4, 28, 96, 17, 19, 4, 7, 2, 77, 40, 9, 11, 66, 9, 35, 18, 61, 14, 15, 8, 53, 23, 18, 26, 9, 50, 12, 57, 8, 31, 0)
s = 10: (0, 5, 31, 38, 14, 10, 2, 8, 4, 72, 37, 10, 6, 62, 9, 35, 13, 40, 28, 9, 5, 59, 19, 30, 37, 8, 76, 12, 36, 9, 18, 0)
s = 11: (0, 6, 26, 57, 10, 22, 3, 9, 3, 70, 47, 10, 7, 38, 8, 55, 12, 43, 12, 10, 5, 56, 21, 11, 16, 8, 39, 18, 38, 11, 18, 0)
s = 12: (0, 5, 27, 99, 8, 19, 4, 5, 3, 42, 42, 11, 6, 104, 14, 22, 19, 72, 19, 8, 9, 56, 17, 17, 30, 8, 92, 16, 41, 6, 31, 0)
s = 13: (0, 4, 29, 96, 14, 12, 2, 10, 4, 54, 64, 13, 7, 55, 10, 45, 14, 77, 15, 14, 4, 57, 17, 23, 19, 7, 77, 25, 39, 6, 33, 0)
s = 14: (0, 5, 39, 73, 10, 24, 4, 6, 3, 81, 31, 8, 7, 58, 13, 40, 13, 42, 19, 11, 7, 50, 25, 21, 32, 7, 70, 13, 26, 11, 25, 0)
s = 15: (0, 5, 29, 86, 12, 18, 4, 7, 3, 101, 84, 10, 8, 44, 11, 32, 19, 70, 12, 19, 6, 107, 28, 16, 29, 6, 69, 13, 25, 10, 25, 0)
s = 16: (0, 5, 35, 65, 14, 14, 3, 8, 3, 50, 33, 7, 8, 56, 14, 23, 13, 63, 18, 14, 9, 66, 15, 26, 24, 11, 74, 18, 33, 7, 36, 0)
s = 17: (0, 4, 27, 60, 12, 22, 4, 9, 5, 82, 39, 8, 8, 52, 14, 35, 21, 88, 18, 17, 4, 46, 20, 14, 36, 9, 105, 14, 43, 10, 27, 0)
s = 18: (0, 4, 39, 93, 12, 17, 3, 9, 3, 48, 23, 5, 6, 69, 18, 41, 16, 97, 17, 15, 6, 58, 15, 15, 27, 8, 72, 16, 25, 6, 17, 0)
s = 19: (0, 6, 27, 58, 12, 29, 3, 10, 4, 99, 33, 7, 9, 56, 10, 27, 18, 70, 17, 9, 5, 38, 27, 17, 28, 9, 79, 22, 20, 6, 23, 0)
s = 20: (0, 4, 23, 63, 18, 25, 2, 8, 2, 56, 58, 9, 12, 55, 12, 39, 15, 62, 13, 9, 4, 84, 16, 29, 27, 6, 40, 16, 18, 7, 27, 0)
s = 21: (0, 8, 50, 63, 12, 21, 3, 7, 2, 60, 44, 7, 5, 45, 7, 31, 20, 90, 14, 18, 4, 52, 13, 24, 41, 6, 57, 21, 44, 8, 27, 0)
s = 22: (0, 4, 19, 69, 8, 16, 3, 10, 3, 74, 65, 6, 7, 62, 10, 41, 14, 76, 16, 12, 5, 41, 23, 24, 35, 8, 52, 23, 20, 11, 22, 0)
s = 23: (0, 4, 28, 55, 11, 19, 2, 9, 4, 44, 39, 12, 13, 58, 10, 32, 30, 44, 21, 7, 4, 60, 19, 20, 42, 9, 46, 14, 40, 7, 33, 0)
s = 24: (0, 5, 34, 41, 11, 18, 4, 9, 3, 77, 42, 10, 6, 87, 10, 47, 14, 62, 23, 9, 6, 55, 18, 13, 19, 11, 73, 11, 43, 9, 34, 0)
s = 25: (0, 5, 38, 45, 9, 16, 4, 7, 5, 69, 50, 12, 7, 54, 17, 41, 15, 38, 22, 14, 7, 36, 25, 26, 42, 11, 58, 18, 31, 7, 23, 0)
s = 26: (0, 6, 31, 42, 13, 12, 4, 7, 3, 58, 38, 8, 8, 72, 13, 22, 17, 49, 19, 9, 6, 48, 19, 17, 34, 8, 78, 16, 19, 10, 33, 0)
s = 27: (0, 4, 26, 40, 10, 21, 4, 11, 4, 73, 32, 6, 9, 45, 15, 33, 23, 83, 15, 11, 3, 56, 14, 13, 24, 7, 53, 12, 16, 10, 15, 0)
s = 28: (0, 5, 32, 52, 10, 17, 3, 11, 3, 85, 66, 7, 16, 53, 13, 34, 11, 34, 16, 7, 5, 91, 23, 15, 19, 9, 93, 13, 26, 8, 24, 0)
s = 29: (0, 5, 33, 51, 12, 10, 6, 10, 3, 68, 38, 8, 5, 84, 13, 25, 14, 73, 26, 9, 4, 47, 16, 13, 39, 11, 117, 19, 16, 12, 16, 0)
s = 30: (0, 4, 33, 42, 11, 12, 3, 8, 3, 38, 50, 7, 6, 55, 7, 30, 11, 45, 16, 10, 5, 50, 23, 13, 22, 8, 43, 17, 23, 11, 21, 0)
s = 31: (0, 4, 35, 47, 17, 19, 3, 8, 5, 41, 35, 5, 10, 78, 10, 41, 23, 88, 10, 10, 6, 47, 24, 11, 42, 13, 73, 22, 27, 7, 18, 0)
s = 32: (0, 5, 21, 89, 21, 12, 4, 6, 3, 67, 56, 5, 7, 59, 8, 52, 20, 62, 10, 11, 6, 52, 12, 14, 31, 11, 83, 14, 20, 8, 24, 0)
s = 33: (0, 4, 34, 35, 17, 18, 4, 7, 4, 110, 27, 8, 7, 89, 11, 43, 14, 44, 19, 10, 4, 51, 25, 26, 19, 10, 75, 27, 33, 9, 19, 0)
s = 34: (0, 5, 33, 74, 7, 12, 2, 6, 4, 62, 42, 7, 7, 104, 10, 29, 25, 59, 12, 10, 6, 54, 26, 26, 28, 5, 129, 16, 33, 11, 17, 0)
s = 35: (0, 3, 28, 51, 11, 15, 3, 11, 5, 56, 35, 7, 9, 64, 10, 22, 14, 58, 21, 10, 4, 82, 15, 25, 24, 6, 93, 22, 25, 11, 27, 0)
s = 36: (0, 5, 25, 45, 13, 13, 3, 9, 3, 79, 43, 8, 13, 53, 12, 43, 22, 37, 16, 9, 5, 63, 24, 25, 29, 7, 55, 15, 22, 11, 28, 0)
s = 37: (0, 3, 27, 59, 19, 18, 3, 6, 5, 61, 40, 7, 5, 59, 12, 61, 24, 46, 17, 19, 4, 85, 17, 19, 40, 9, 91, 15, 35, 8, 15, 0)
s = 38: (0, 3, 46, 44, 15, 18, 4, 7, 5, 79, 30, 6, 10, 51, 10, 38, 14, 47, 12, 12, 7, 67, 23, 14, 37, 12, 50, 10, 28, 7, 48, 0)
s = 39: (0, 4, 24, 61, 15, 11, 3, 8, 5, 38, 46, 9, 8, 45, 9, 27, 31, 41, 10, 8, 4, 69, 25, 20, 36, 9, 56, 26, 40, 8, 22, 0)
s = 40: (0, 5, 17, 41, 19, 14, 4, 6, 4, 64, 57, 7, 8, 83, 6, 26, 25, 78, 18, 19, 3, 80, 21, 27, 30, 7, 82, 19, 29, 7, 22, 0)
s = 41: (0, 3, 31, 57, 10, 16, 3, 5, 2, 101, 25, 9, 6, 87, 10, 39, 15, 57, 20, 13, 4, 55, 20, 10, 28, 7, 39, 12, 45, 6, 36, 0)
s = 42: (0, 3, 25, 56, 16, 10, 3, 10, 4, 65, 55, 10, 7, 61, 8, 25, 23, 58, 10, 12, 8, 76, 31, 22, 39, 11, 52, 21, 26, 14, 27, 0)
s = 43: (0, 3, 27, 79, 10, 9, 3, 7, 3, 48, 54, 6, 11, 90, 12, 35, 26, 73, 17, 11, 4, 89, 12, 10, 27, 7, 69, 18, 28, 13, 23, 0)
s = 44: (0, 5, 30, 78, 12, 12, 5, 13, 4, 76, 56, 6, 7, 78, 16, 48, 13, 67, 13, 10, 8, 54, 23, 17, 25, 8, 80, 16, 50, 12, 25, 0)
s = 45: (0, 5, 29, 42, 11, 16, 3, 11, 4, 72, 45, 11, 12, 47, 6, 31, 25, 40, 15, 11, 5, 64, 19, 25, 33, 9, 64, 10, 40, 9, 19, 0)
s = 46: (0, 3, 47, 73, 16, 14, 3, 5, 3, 57, 42, 7, 10, 83, 9, 51, 24, 70, 16, 11, 4, 58, 16, 14, 40, 11, 45, 13, 31, 16, 37, 0)
s = 47: (0, 3, 23, 53, 11, 17, 5, 8, 2, 84, 52, 6, 8, 46, 16, 30, 11, 37, 14, 10, 5, 63, 32, 15, 23, 7, 75, 18, 31, 12, 23, 0)
s = 48: (0, 5, 30, 69, 11, 19, 3, 8, 3, 60, 45, 6, 10, 73, 8, 28, 24, 58, 18, 14, 6, 91, 19, 15, 30, 10, 53, 21, 27, 10, 26, 0)
s = 49: (0, 5, 50, 88, 14, 27, 5, 6, 3, 103, 35, 7, 7, 60, 16, 32, 18, 47, 13, 13, 10, 68, 13, 14, 31, 14, 39, 15, 28, 10, 18, 0)
s = 50: (0, 5, 32, 72, 10, 11, 3, 10, 3, 75, 65, 7, 8, 55, 7, 25, 21, 83, 22, 10, 4, 41, 18, 16, 28, 11, 46, 13, 29, 12, 24, 0)
s = 51: (0, 6, 26, 96, 14, 14, 4, 7, 3, 46, 36, 6, 5, 82, 11, 43, 12, 78, 11, 10, 7, 78, 19, 18, 33, 8, 75, 13, 24, 9, 23, 0)
s = 52: (0, 3, 44, 67, 10, 17, 3, 6, 4, 70, 63, 13, 10, 48, 9, 29, 13, 102, 20, 12, 8, 63, 14, 17, 37, 6, 67, 15, 33, 14, 28, 0)
s = 53: (0, 4, 25, 41, 9, 30, 3, 7, 4, 86, 64, 5, 8, 54, 9, 50, 25, 65, 21, 16, 7, 57, 13, 22, 41, 5, 53, 18, 23, 6, 21, 0)
s = 54: (0, 4, 37, 57, 13, 23, 4, 10, 2, 63, 45, 17, 7, 58, 19, 37, 13, 42, 19, 9, 6, 104, 22, 22, 41, 6, 41, 12, 26, 10, 29, 0)
s = 55: (0, 3, 23, 70, 13, 13, 5, 6, 4, 76, 79, 9, 10, 43, 7, 29, 21, 69, 20, 11, 5, 109, 19, 24, 29, 15, 70, 11, 32, 11, 21, 0)
s = 56: (0, 6, 30, 109, 19, 15, 4, 6, 2, 100, 50, 7, 9, 47, 8, 32, 17, 54, 15, 14, 7, 107, 18, 21, 35, 11, 60, 17, 32, 9, 30, 0)
s = 57: (0, 4, 32, 54, 13, 12, 4, 8, 5, 60, 38, 7, 9, 66, 16, 45, 17, 84, 18, 9, 3, 52, 13, 15, 42, 7, 42, 16, 29, 11, 14, 0)
s = 58: (0, 5, 24, 75, 11, 21, 3, 5, 3, 76, 60, 9, 13, 69, 6, 46, 23, 102, 20, 10, 8, 54, 22, 23, 30, 8, 63, 13, 26, 8, 30, 0)
s = 59: (0, 5, 17, 49, 9, 13, 3, 7, 3, 90, 43, 10, 9, 59, 9, 30, 12, 74, 15, 11, 6, 60, 28, 22, 30, 7, 65, 23, 24, 7, 21, 0)
s = 60: (0, 3, 29, 72, 11, 14, 3, 9, 3, 38, 46, 9, 9, 84, 8, 23, 13, 49, 12, 12, 5, 95, 15, 27, 46, 9, 67, 11, 34, 7, 46, 0)
s = 61: (0, 3, 35, 114, 14, 16, 4, 11, 5, 62, 52, 7, 8, 59, 9, 38, 15, 48, 9, 13, 6, 59, 27, 18, 22, 9, 64, 21, 18, 15, 24, 0)
s = 62: (0, 5, 24, 67, 12, 18, 4, 6, 3, 67, 45, 9, 6, 67, 10, 24, 20, 62, 22, 14, 8, 38, 15, 20, 30, 13, 89, 15, 21, 8, 17, 0)
s = 63: (0, 5, 28, 89, 12, 18, 3, 8, 4, 68, 77, 7, 10, 57, 7, 63, 18, 87, 23, 9, 4, 52, 14, 25, 25, 6, 92, 11, 32, 15, 23, 0)
s = 64: (0, 4, 36, 53, 13, 12, 5, 11, 3, 53, 39, 7, 6, 75, 7, 36, 21, 61, 16, 9, 6, 44, 15, 14, 36, 10, 80, 14, 21, 13, 21, 0)
s = 65: (0, 5, 25, 53, 15, 18, 4, 7, 3, 66, 34, 6, 9, 56, 11, 33, 16, 49, 11, 15, 5, 65, 21, 20, 25, 9, 73, 10, 29, 8, 25, 0)
s = 66: (0, 5, 24, 76, 10, 13, 3, 8, 4, 60, 51, 8, 8, 39, 11, 38, 13, 53, 23, 17, 5, 98, 23, 20, 20, 8, 92, 11, 42, 7, 18, 0)
s = 67: (0, 5, 18, 75, 10, 14, 3, 7, 4, 56, 63, 8, 11, 62, 9, 31, 15, 38, 18, 10, 5, 92, 21, 13, 57, 8, 78, 14, 44, 8, 33, 0)
s = 68: (0, 6, 27, 58, 13, 10, 5, 7, 4, 57, 39, 8, 6, 91, 13, 31, 13, 42, 18, 15, 5, 97, 20, 20, 46, 9, 55, 14, 43, 10, 30, 0)
s = 69: (0, 5, 27, 76, 10, 14, 4, 6, 3, 83, 73, 10, 10, 40, 8, 34, 11, 47, 22, 20, 4, 93, 30, 22, 29, 7, 72, 15, 31, 9, 24, 0)
s = 70: (0, 3, 35, 50, 11, 16, 3, 7, 3, 48, 46, 12, 6, 65, 8, 35, 23, 66, 13, 13, 5, 91, 14, 25, 27, 13, 64, 12, 25, 13, 19, 0)
s = 71: (0, 5, 26, 78, 8, 17, 3, 6, 2, 56, 55, 6, 9, 94, 12, 37, 18, 105, 10, 15, 7, 44, 19, 22, 24, 7, 83, 11, 25, 6, 27, 0)
s = 72: (0, 4, 34, 58, 12, 21, 4, 6, 3, 108, 32, 9, 10, 67, 8, 33, 27, 51, 13, 12, 3, 41, 12, 27, 17, 6, 63, 10, 32, 9, 19, 0)
s = 73: (0, 6, 33, 60, 9, 19, 5, 7, 5, 89, 54, 7, 11, 76, 13, 34, 28, 50, 19, 8, 4, 65, 17, 23, 19, 8, 58, 25, 29, 14, 17, 0)
s = 74: (0, 6, 30, 90, 13, 16, 3, 6, 2, 67, 33, 7, 7, 71, 9, 31, 25, 72, 24, 9, 5, 56, 26, 13, 36, 9, 80, 15, 24, 14, 19, 0)
s = 75: (0, 4, 32, 73, 15, 12, 4, 8, 4, 74, 38, 8, 8, 105, 7, 34, 13, 104, 16, 13, 6, 60, 22, 23, 33, 6, 53, 11, 21, 15, 31, 0)
s = 76: (0, 7, 44, 62, 8, 19, 4, 7, 3, 105, 50, 9, 9, 49, 10, 37, 24, 61, 20, 13, 4, 71, 12, 18, 20, 12, 64, 20, 20, 6, 16, 0)
s = 77: (0, 3, 35, 67, 9, 24, 3, 8, 3, 45, 66, 7, 7, 40, 9, 34, 18, 35, 10, 15, 5, 70, 13, 11, 36, 13, 88, 11, 20, 11, 20, 0)
s = 78: (0, 5, 41, 41, 16, 18, 4, 9, 4, 45, 53, 11, 9, 53, 10, 24, 11, 89, 15, 8, 6, 46, 24, 16, 38, 11, 85, 13, 27, 7, 18, 0)
s = 79: (0, 4, 21, 44, 17, 23, 3, 8, 3, 55, 48, 10, 10, 91, 8, 42, 12, 39, 14, 9, 5, 44, 15, 12, 24, 6, 80, 17, 32, 10, 27, 0)
s = 80: (0, 4, 29, 100, 12, 13, 4, 9, 4, 70, 47, 7, 6, 64, 17, 26, 11, 95, 14, 11, 4, 64, 16, 14, 24, 8, 67, 10, 25, 11, 29, 0)
s = 81: (0, 5, 45, 37, 11, 23, 4, 7, 3, 64, 69, 14, 10, 47, 12, 37, 25, 79, 27, 7, 5, 66, 24, 13, 32, 12, 83, 15, 49, 7, 18, 0)
s = 82: (0, 3, 43, 65, 8, 16, 3, 7, 4, 63, 28, 12, 7, 41, 12, 49, 18, 74, 17, 10, 7, 72, 20, 17, 33, 8, 73, 14, 37, 10, 26, 0)
s = 83: (0, 7, 23, 44, 10, 14, 4, 6, 5, 54, 48, 14, 13, 75, 7, 33, 17, 49, 10, 10, 7, 79, 13, 18, 16, 5, 74, 13, 28, 9, 25, 0)
s = 84: (0, 3, 35, 43, 16, 24, 4, 11, 2, 49, 42, 7, 8, 65, 13, 35, 27, 50, 19, 14, 8, 49, 18, 18, 28, 8, 54, 9, 47, 7, 22, 0)
s = 85: (0, 4, 23, 73, 11, 13, 4, 10, 5, 41, 38, 11, 13, 64, 7, 20, 13, 66, 13, 14, 5, 43, 27, 14, 39, 5, 71, 23, 42, 10, 21, 0)
s = 86: (0, 7, 21, 78, 15, 15, 3, 10, 3, 60, 77, 9, 8, 73, 14, 32, 17, 44, 13, 8, 6, 79, 13, 18, 38, 9, 56, 15, 29, 10, 20, 0)
s = 87: (0, 7, 16, 88, 12, 21, 4, 8, 3, 67, 60, 8, 12, 80, 6, 47, 13, 41, 16, 18, 7, 61, 30, 12, 18, 5, 99, 27, 30, 7, 25, 0)
s = 88: (0, 6, 41, 55, 19, 16, 3, 9, 5, 47, 40, 8, 7, 109, 9, 44, 13, 55, 15, 10, 7, 70, 11, 21, 31, 17, 88, 13, 40, 9, 17, 0)
s = 89: (0, 3, 35, 59, 18, 11, 5, 8, 4, 55, 68, 7, 9, 59, 10, 43, 20, 59, 11, 8, 6, 101, 25, 18, 48, 6, 49, 20, 25, 9, 17, 0)
s = 90: (0, 3, 22, 94, 10, 12, 3, 7, 3, 65, 40, 6, 13, 82, 13, 29, 21, 76, 17, 10, 6, 54, 18, 24, 42, 8, 68, 24, 27, 6, 15, 0)
s = 91: (0, 4, 21, 109, 12, 26, 5, 10, 4, 69, 52, 9, 6, 79, 8, 25, 19, 70, 10, 9, 5, 52, 27, 18, 26, 9, 88, 16, 31, 10, 17, 0)
s = 92: (0, 5, 22, 64, 9, 14, 3, 8, 4, 62, 65, 13, 8, 43, 13, 29, 29, 73, 18, 9, 5, 36, 16, 15, 24, 8, 60, 20, 47, 6, 18, 0)
s = 93: (0, 6, 33, 86, 11, 16, 3, 9, 2, 82, 35, 8, 7, 70, 14, 45, 24, 78, 16, 16, 4, 86, 20, 12, 33, 8, 54, 18, 31, 6, 38, 0)
s = 94: (0, 6, 28, 52, 11, 16, 5, 10, 4, 63, 48, 13, 8, 62, 8, 41, 18, 45, 23, 11, 3, 72, 17, 14, 36, 7, 68, 10, 36, 8, 32, 0)
s = 95: (0, 4, 31, 46, 16, 22, 4, 10, 3, 51, 48, 7, 9, 46, 16, 51, 14, 46, 17, 7, 5, 45, 18, 19, 17, 9, 44, 14, 40, 13, 15, 0)
s = 96: (0, 6, 43, 50, 10, 23, 4, 13, 4, 71, 43, 7, 7, 92, 11, 40, 14, 48, 24, 9, 5, 41, 24, 25, 28, 7, 86, 16, 26, 10, 22, 0)
s = 97: (0, 3, 30, 58, 13, 15, 4, 5, 4, 101, 47, 11, 11, 112, 9, 24, 10, 35, 20, 19, 4, 60, 17, 12, 40, 8, 46, 14, 25, 11, 36, 0)
s = 98: (0, 5, 30, 69, 15, 10, 4, 7, 2, 58, 32, 5, 11, 38, 14, 38, 17, 48, 17, 11, 6, 39, 24, 18, 28, 10, 102, 25, 34, 6, 17, 0)
s = 99: (0, 4, 48, 76, 14, 11, 2, 12, 2, 83, 42, 7, 7, 109, 13, 40, 11, 48, 10, 14, 7, 38, 28, 11, 48, 6, 85, 16, 45, 13, 23, 0)
s = 100: (0, 4, 36, 70, 11, 9, 5, 10, 3, 56, 46, 12, 5, 34, 9, 27, 16, 71, 15, 16, 7, 87, 13, 14, 23, 14, 39, 21, 34, 6, 16, 0)
s = 101: (0, 3, 28, 37, 17, 20, 3, 8, 3, 47, 39, 6, 9, 61, 7, 39, 22, 42, 20, 8, 4, 44, 24, 20, 40, 11, 58, 20, 26, 10, 17, 0)
s = 102: (0, 4, 28, 90, 13, 9, 2, 8, 2, 50, 34, 7, 8, 99, 12, 37, 23, 61, 28, 14, 4, 96, 13, 22, 22, 7, 70, 13, 31, 12, 41, 0)
s = 103: (0, 4, 18, 37, 17, 10, 3, 7, 3, 81, 38, 6, 12, 114, 11, 38, 17, 91, 17, 14, 5, 99, 26, 26, 21, 10, 84, 12, 41, 8, 26, 0)
s = 104: (0, 4, 35, 89, 7, 13, 5, 13, 4, 52, 40, 11, 6, 47, 16, 45, 12, 61, 16, 15, 6, 59, 13, 19, 24, 11, 83, 11, 18, 10, 26, 0)
s = 105: (0, 4, 21, 55, 10, 17, 4, 13, 3, 76, 58, 6, 15, 85, 19, 38, 24, 70, 12, 17, 4, 61, 29, 14, 36, 10, 63, 16, 36, 6, 37, 0)
s = 106: (0, 4, 26, 89, 10, 13, 3, 9, 3, 61, 53, 10, 8, 79, 8, 31, 21, 44, 15, 15, 4, 71, 18, 16, 32, 8, 45, 14, 23, 8, 35, 0)
s = 107: (0, 3, 27, 37, 21, 14, 3, 9, 2, 41, 50, 6, 8, 46, 7, 31, 18, 67, 17, 9, 5, 74, 24, 17, 20, 11, 59, 18, 45, 10, 24, 0)
s = 108: (0, 6, 37, 49, 7, 23, 4, 8, 3, 78, 45, 6, 8, 70, 7, 46, 19, 66, 11, 16, 7, 50, 28, 15, 31, 10, 65, 15, 17, 12, 17, 0)
s = 109: (0, 5, 20, 74, 16, 18, 3, 8, 3, 62, 58, 9, 6, 37, 11, 33, 33, 53, 9, 13, 6, 47, 23, 19, 23, 9, 95, 18, 26, 12, 20, 0)
s = 110: (0, 5, 26, 44, 11, 15, 3, 8, 3, 57, 39, 7, 6, 48, 9, 40, 16, 47, 13, 16, 8, 63, 11, 15, 29, 6, 59, 22, 34, 11, 19, 0)
s = 111: (0, 4, 41, 51, 17, 10, 4, 10, 3, 86, 29, 11, 10, 71, 12, 28, 19, 49, 17, 21, 4, 63, 14, 22, 35, 10, 79, 26, 28, 10, 20, 0)
s = 112: (0, 7, 26, 33, 16, 14, 3, 8, 5, 35, 33, 8, 8, 59, 6, 63, 16, 82, 19, 8, 5, 87, 13, 15, 48, 10, 55, 9, 42, 10, 27, 0)
s = 113: (0, 4, 31, 78, 9, 12, 3, 7, 3, 66, 47, 9, 8, 64, 16, 22, 21, 53, 13, 9, 6, 44, 26, 23, 34, 8, 72, 16, 56, 13, 35, 0)
s = 114: (0, 4, 19, 53, 8, 15, 4, 13, 4, 59, 55, 6, 10, 63, 12, 35, 18, 52, 22, 15, 4, 75, 20, 15, 47, 6, 62, 19, 33, 17, 28, 0)
s = 115: (0, 4, 33, 43, 15, 19, 2, 9, 3, 74, 43, 11, 7, 87, 8, 29, 21, 47, 25, 14, 7, 76, 21, 26, 22, 7, 43, 10, 46, 9, 33, 0)
s = 116: (0, 7, 25, 37, 9, 15, 4, 15, 3, 68, 63, 6, 9, 48, 7, 53, 16, 89, 14, 15, 6, 89, 32, 18, 17, 6, 75, 12, 17, 11, 17, 0)
s = 117: (0, 4, 24, 37, 23, 23, 3, 10, 2, 80, 44, 14, 6, 69, 18, 33, 18, 90, 19, 10, 8, 67, 16, 26, 47, 14, 49, 21, 31, 8, 21, 0)
s = 118: (0, 5, 31, 83, 13, 12, 3, 9, 4, 55, 32, 5, 12, 92, 10, 36, 18, 49, 9, 8, 5, 75, 18, 15, 31, 10, 100, 13, 30, 10, 28, 0)
s = 119: (0, 4, 45, 54, 10, 13, 3, 7, 3, 35, 36, 9, 10, 59, 9, 33, 23, 77, 17, 17, 4, 43, 20, 29, 48, 7, 39, 12, 18, 12, 30, 0)
s = 120: (0, 3, 39, 75, 12, 20, 4, 10, 3, 90, 32, 7, 13, 67, 15, 26, 18, 45, 15, 13, 6, 43, 29, 17, 31, 7, 44, 29, 23, 9, 18, 0)
s = 121: (0, 3, 23, 63, 15, 15, 2, 6, 3, 33, 60, 5, 5, 42, 6, 35, 12, 79, 15, 8, 5, 70, 18, 21, 26, 10, 76, 16, 20, 12, 24, 0)
s = 122: (0, 3, 27, 76, 15, 21, 5, 7, 3, 61, 51, 7, 11, 48, 11, 37, 27, 65, 16, 15, 6, 61, 29, 24, 30, 7, 77, 15, 29, 14, 19, 0)
s = 123: (0, 5, 26, 114, 9, 21, 4, 8, 2, 88, 55, 8, 11, 79, 10, 30, 27, 81, 11, 8, 4, 51, 20, 22, 28, 8, 55, 10, 30, 10, 31, 0)
s = 124: (0, 5, 29, 89, 10, 17, 3, 8, 3, 52, 31, 10, 9, 89, 6, 42, 16, 98, 19, 10, 6, 74, 27, 26, 34, 9, 67, 10, 27, 15, 21, 0)
s = 125: (0, 4, 40, 45, 11, 12, 3, 8, 3, 46, 82, 6, 7, 64, 9, 38, 17, 43, 9, 17, 5, 52, 23, 29, 34, 5, 57, 17, 28, 8, 21, 0)
s = 126: (0, 5, 42, 42, 11, 26, 3, 7, 5, 57, 70, 10, 8, 73, 8, 37, 12, 79, 23, 18, 5, 76, 19, 22, 41, 5, 54, 10, 40, 5, 25, 0)
s = 127: (0, 5, 29, 44, 18, 13, 3, 7, 3, 48, 32, 6, 13, 77, 9, 38, 25, 59, 21, 7, 8, 41, 16, 14, 42, 7, 75, 15, 35, 8, 21, 0)
s = 128: (0, 5, 35, 54, 7, 13, 4, 12, 4, 63, 33, 10, 10, 98, 10, 30, 17, 53, 14, 8, 5, 69, 14, 11, 35, 6, 107, 14, 29, 15, 20, 0)
s = 129: (0, 5, 45, 68, 12, 21, 4, 7, 3, 41, 48, 6, 11, 54, 8, 27, 24, 59, 11, 14, 7, 48, 12, 13, 37, 12, 86, 11, 20, 8, 21, 0)
s = 130: (0, 5, 32, 88, 9, 16, 4, 6, 4, 77, 47, 10, 10, 71, 6, 42, 25, 44, 24, 11, 6, 76, 17, 13, 23, 8, 81, 18, 33, 13, 15, 0)
s = 131: (0, 5, 23, 42, 13, 16, 4, 7, 4, 103, 31, 7, 6, 36, 11, 35, 13, 65, 17, 10, 4, 54, 19, 25, 18, 7, 70, 18, 38, 9, 21, 0)
s = 132: (0, 5, 33, 44, 14, 16, 4, 7, 4, 80, 52, 8, 13, 76, 9, 33, 25, 53, 21, 16, 7, 51, 25, 23, 28, 8, 72, 10, 29, 11, 35, 0)
s = 133: (0, 7, 29, 68, 16, 16, 3, 13, 4, 45, 44, 11, 14, 47, 7, 22, 23, 53, 12, 21, 4, 35, 25, 15, 46, 6, 70, 11, 30, 13, 23, 0)
s = 134: (0, 4, 29, 77, 9, 11, 4, 5, 4, 75, 43, 7, 11, 36, 14, 35, 16, 37, 16, 11, 6, 72, 14, 17, 24, 9, 78, 14, 26, 11, 16, 0)
s = 135: (0, 3, 25, 71, 14, 12, 4, 5, 4, 80, 61, 11, 9, 44, 7, 28, 14, 105, 17, 10, 6, 74, 21, 18, 30, 7, 97, 17, 33, 10, 23, 0)
s = 136: (0, 5, 48, 79, 12, 14, 3, 9, 3, 59, 33, 14, 8, 63, 7, 31, 12, 76, 15, 17, 7, 66, 20, 11, 21, 12, 89, 14, 29, 11, 17, 0)
s = 137: (0, 3, 35, 67, 12, 13, 4, 11, 3, 87, 63, 6, 7, 58, 9, 48, 19, 64, 24, 13, 8, 49, 13, 14, 23, 12, 56, 16, 38, 12, 13, 0)
s = 138: (0, 3, 36, 47, 8, 19, 3, 11, 4, 55, 30, 10, 9, 46, 17, 35, 27, 47, 13, 11, 5, 54, 26, 14, 23, 15, 37, 10, 28, 14, 27, 0)
s = 139: (0, 3, 17, 75, 9, 10, 3, 7, 5, 78, 42, 10, 13, 53, 9, 48, 23, 58, 12, 12, 5, 67, 25, 12, 27, 6, 68, 15, 36, 9, 20, 0)
s = 140: (0, 6, 27, 54, 10, 17, 3, 10, 3, 45, 40, 8, 13, 45, 10, 27, 11, 60, 15, 10, 4, 70, 16, 15, 30, 11, 99, 12, 45, 8, 19, 0)
s = 141: (0, 5, 21, 46, 11, 14, 2, 6, 4, 92, 39, 9, 11, 68, 11, 34, 14, 51, 17, 19, 3, 58, 15, 30, 33, 8, 94, 14, 25, 10, 28, 0)
s = 142: (0, 4, 24, 42, 14, 26, 3, 7, 3, 56, 44, 6, 9, 95, 8, 28, 18, 47, 14, 12, 9, 57, 24, 12, 35, 9, 73, 15, 35, 8, 29, 0)
s = 143: (0, 6, 23, 56, 12, 21, 3, 10, 5, 69, 36, 7, 6, 67, 9, 37, 15, 48, 13, 16, 5, 50, 16, 16, 34, 9, 90, 28, 22, 10, 37, 0)
s = 144: (0, 4, 23, 54, 15, 23, 3, 10, 2, 54, 50, 7, 8, 89, 10, 34, 19, 54, 13, 7, 4, 59, 11, 32, 28, 9, 79, 12, 33, 12, 27, 0)
s = 145: (0, 3, 22, 98, 10, 18, 3, 8, 3, 45, 51, 7, 8, 74, 12, 43, 16, 45, 12, 10, 4, 62, 24, 23, 31, 8, 80, 15, 39, 7, 17, 0)
s = 146: (0, 4, 44, 61, 10, 15, 2, 10, 3, 49, 35, 6, 6, 67, 13, 54, 16, 56, 14, 11, 5, 63, 16, 23, 27, 6, 77, 16, 19, 5, 22, 0)
s = 147: (0, 5, 35, 48, 8, 27, 5, 7, 3, 49, 69, 5, 13, 48, 8, 52, 13, 43, 15, 9, 4, 79, 22, 14, 20, 12, 75, 17, 29, 9, 20, 0)
s = 148: (0, 4, 19, 80, 7, 17, 3, 9, 3, 52, 28, 9, 11, 103, 11, 46, 21, 112, 15, 7, 5, 60, 23, 20, 29, 5, 83, 20, 28, 14, 23, 0)
s = 149: (0, 3, 40, 71, 9, 12, 4, 9, 5, 91, 48, 7, 5, 58, 16, 41, 12, 110, 17, 17, 8, 44, 22, 18, 23, 8, 50, 25, 35, 13, 25, 0)
s = 150: (0, 4, 37, 47, 15, 15, 4, 9, 4, 49, 61, 14, 12, 44, 10, 36, 17, 58, 16, 10, 7, 35, 18, 19, 25, 10, 80, 22, 38, 13, 36, 0)
s = 151: (0, 3, 34, 71, 10, 17, 4, 6, 5, 43, 59, 9, 9, 41, 7, 40, 11, 40, 13, 19, 7, 110, 30, 12, 27, 5, 48, 17, 35, 11, 25, 0)
s = 152: (0, 4, 23, 63, 14, 10, 3, 7, 2, 57, 45, 6, 11, 41, 10, 60, 22, 54, 11, 17, 6, 103, 23, 19, 37, 7, 92, 14, 48, 7, 31, 0)
s = 153: (0, 7, 31, 44, 16, 17, 3, 11, 5, 66, 37, 10, 11, 76, 6, 42, 17, 40, 12, 11, 6, 91, 17, 27, 38, 12, 80, 19, 47, 13, 37, 0)
s = 154: (0, 6, 32, 85, 10, 16, 3, 11, 4, 95, 34, 9, 9, 82, 15, 38, 16, 83, 22, 10, 5, 73, 23, 24, 39, 10, 46, 16, 28, 10, 26, 0)
s = 155: (0, 5, 49, 67, 13, 20, 4, 11, 3, 76, 53, 8, 6, 64, 10, 31, 21, 66, 16, 9, 6, 39, 20, 21, 40, 6, 87, 22, 40, 12, 18, 0)
s = 156: (0, 5, 18, 76, 13, 27, 3, 7, 3, 84, 34, 5, 11, 62, 13, 27, 19, 70, 25, 8, 5, 48, 26, 20, 29, 16, 50, 17, 27, 8, 19, 0)
s = 157: (0, 4, 29, 45, 16, 15, 3, 12, 4, 63, 40, 8, 10, 80, 11, 37, 19, 75, 19, 9, 4, 101, 30, 13, 48, 9, 93, 17, 20, 17, 19, 0)
s = 158: (0, 5, 22, 56, 17, 18, 3, 9, 3, 110, 69, 13, 6, 56, 8, 24, 12, 42, 23, 11, 6, 51, 20, 23, 24, 6, 55, 15, 24, 6, 25, 0)
s = 159: (0, 4, 28, 74, 9, 14, 4, 8, 4, 96, 34, 7, 7, 45, 15, 35, 13, 41, 21, 16, 4, 96, 19, 17, 22, 7, 72, 18, 47, 14, 21, 0)
s = 160: (0, 5, 41, 56, 13, 17, 3, 7, 4, 50, 71, 7, 8, 97, 9, 28, 14, 42, 16, 11, 6, 64, 19, 14, 28, 7, 59, 17, 30, 12, 24, 0)
s = 161: (0, 5, 28, 62, 7, 15, 4, 9, 3, 61, 51, 8, 6, 80, 10, 38, 17, 71, 15, 17, 5, 86, 16, 16, 26, 10, 63, 22, 19, 10, 25, 0)
s = 162: (0, 6, 33, 41, 11, 12, 5, 5, 4, 51, 34, 8, 12, 50, 7, 59, 23, 47, 11, 9, 7, 62, 27, 19, 17, 7, 53, 21, 22, 8, 31, 0)
s = 163: (0, 3, 31, 63, 21, 24, 3, 10, 3, 91, 32, 8, 9, 64, 17, 42, 23, 82, 10, 12, 6, 47, 30, 13, 19, 8, 65, 10, 32, 7, 24, 0)
s = 164: (0, 3, 23, 85, 12, 18, 4, 8, 4, 67, 56, 7, 14, 101, 6, 28, 13, 80, 19, 13, 9, 63, 21, 18, 30, 6, 82, 12, 28, 7, 33, 0)
s = 165: (0, 3, 34, 99, 15, 21, 4, 6, 4, 64, 41, 8, 6, 57, 10, 35, 25, 52, 13, 19, 6, 78, 16, 31, 43, 9, 41, 16, 29, 10, 33, 0)
s = 166: (0, 6, 19, 75, 20, 13, 5, 5, 3, 51, 39, 8, 7, 59, 18, 38, 21, 70, 13, 11, 8, 60, 39, 19, 31, 8, 86, 18, 33, 9, 20, 0)
s = 167: (0, 4, 23, 38, 10, 13, 3, 7, 4, 65, 49, 7, 9, 43, 8, 42, 11, 63, 12, 17, 9, 42, 33, 13, 18, 7, 67, 19, 26, 10, 24, 0)
s = 168: (0, 5, 18, 52, 11, 13, 3, 6, 2, 46, 51, 7, 10, 85, 13, 24, 13, 42, 10, 15, 8, 61, 26, 24, 23, 10, 51, 10, 25, 6, 19, 0)
s = 169: (0, 4, 39, 35, 14, 20, 3, 7, 3, 70, 42, 7, 9, 94, 7, 50, 17, 44, 21, 10, 5, 46, 14, 13, 47, 5, 79, 19, 20, 11, 28, 0)
s = 170: (0, 7, 27, 110, 13, 28, 4, 11, 4, 44, 44, 6, 7, 69, 11, 30, 12, 46, 12, 15, 4, 68, 21, 18, 29, 8, 105, 11, 34, 11, 17, 0)
s = 171: (0, 5, 26, 83, 10, 16, 3, 10, 3, 85, 29, 7, 8, 70, 13, 37, 11, 34, 15, 21, 7, 46, 18, 21, 29, 9, 49, 18, 25, 12, 41, 0)
s = 172: (0, 5, 29, 64, 10, 24, 4, 8, 3, 86, 46, 6, 9, 71, 10, 32, 12, 99, 14, 18, 5, 50, 16, 18, 20, 11, 44, 21, 34, 6, 17, 0)
s = 173: (0, 5, 34, 36, 12, 16, 3, 6, 2, 112, 59, 12, 10, 55, 17, 48, 18, 41, 13, 8, 5, 46, 24, 16, 61, 12, 76, 25, 37, 14, 16, 0)
s = 174: (0, 4, 29, 40, 20, 17, 4, 7, 3, 53, 29, 6, 7, 54, 7, 42, 19, 60, 11, 15, 5, 81, 18, 14, 34, 6, 107, 14, 44, 6, 23, 0)
s = 175: (0, 3, 22, 98, 17, 12, 3, 10, 3, 106, 27, 8, 9, 47, 10, 55, 22, 48, 14, 13, 7, 59, 23, 21, 25, 9, 61, 16, 23, 7, 38, 0)
s = 176: (0, 4, 20, 74, 9, 14, 3, 10, 4, 37, 54, 12, 7, 41, 6, 26, 18, 58, 20, 10, 4, 46, 35, 23, 48, 12, 68, 13, 33, 6, 26, 0)
s = 177: (0, 5, 25, 82, 17, 13, 4, 10, 4, 66, 35, 7, 7, 57, 9, 49, 16, 47, 26, 13, 6, 50, 23, 15, 42, 11, 97, 20, 49, 8, 15, 0)
s = 178: (0, 4, 35, 37, 11, 13, 5, 10, 3, 42, 50, 10, 8, 83, 12, 25, 11, 67, 23, 14, 8, 70, 15, 14, 20, 8, 45, 12, 33, 11, 34, 0)
s = 179: (0, 3, 46, 77, 18, 15, 4, 6, 3, 94, 34, 7, 6, 64, 16, 44, 16, 79, 25, 9, 9, 55, 26, 23, 38, 10, 59, 20, 22, 8, 21, 0)
s = 180: (0, 5, 36, 111, 12, 19, 2, 7, 3, 61, 35, 10, 9, 89, 9, 30, 16, 80, 14, 14, 4, 40, 22, 25, 17, 8, 71, 17, 43, 12, 31, 0)
s = 181: (0, 6, 40, 75, 9, 20, 5, 6, 3, 59, 55, 11, 6, 50, 6, 45, 32, 39, 18, 10, 7, 81, 12, 17, 27, 9, 62, 13, 36, 11, 23, 0)
s = 182: (0, 5, 45, 69, 15, 20, 3, 9, 3, 57, 31, 7, 10, 60, 10, 46, 19, 61, 11, 13, 8, 37, 21, 18, 30, 10, 59, 17, 56, 9, 31, 0)
s = 183: (0, 7, 26, 91, 18, 12, 4, 8, 2, 42, 49, 9, 11, 94, 8, 30, 15, 50, 16, 9, 8, 100, 16, 22, 40, 7, 51, 22, 38, 8, 42, 0)
s = 184: (0, 3, 22, 50, 11, 19, 5, 8, 5, 36, 65, 5, 8, 91, 9, 29, 19, 62, 13, 11, 4, 53, 24, 25, 17, 10, 78, 15, 37, 13, 19, 0)
s = 185: (0, 5, 34, 70, 9, 14, 4, 8, 4, 63, 39, 7, 9, 50, 13, 31, 21, 41, 24, 9, 4, 63, 20, 14, 31, 7, 73, 14, 29, 14, 26, 0)
s = 186: (0, 3, 34, 60, 10, 24, 4, 7, 3, 50, 31, 7, 13, 90, 14, 40, 26, 53, 24, 22, 8, 66, 28, 15, 34, 6, 78, 18, 36, 7, 17, 0)
s = 187: (0, 4, 24, 65, 11, 19, 4, 6, 2, 61, 54, 6, 9, 37, 12, 34, 19, 37, 25, 10, 4, 43, 16, 14, 32, 9, 73, 13, 38, 9, 28, 0)
s = 188: (0, 5, 29, 59, 11, 13, 4, 8, 4, 52, 54, 7, 8, 102, 17, 34, 30, 77, 15, 18, 5, 96, 31, 17, 22, 9, 50, 18, 27, 7, 29, 0)
s = 189: (0, 4, 21, 77, 15, 16, 3, 8, 3, 66, 45, 9, 6, 49, 12, 33, 18, 106, 16, 13, 5, 46, 22, 17, 27, 8, 45, 22, 28, 8, 23, 0)
s = 190: (0, 7, 47, 63, 8, 21, 4, 11, 3, 63, 38, 7, 9, 77, 7, 26, 21, 44, 14, 9, 4, 44, 27, 10, 17, 5, 68, 18, 31, 8, 27, 0)
s = 191: (0, 4, 17, 37, 10, 25, 3, 6, 3, 68, 53, 12, 8, 56, 8, 20, 22, 104, 22, 11, 6, 103, 23, 25, 21, 5, 90, 18, 31, 8, 17, 0)
s = 192: (0, 5, 37, 83, 15, 20, 3, 6, 2, 80, 40, 5, 10, 53, 12, 62, 12, 52, 10, 10, 5, 54, 16, 27, 17, 6, 50, 26, 43, 12, 16, 0)
s = 193: (0, 5, 49, 40, 7, 22, 2, 10, 4, 86, 29, 7, 9, 64, 11, 23, 25, 36, 24, 19, 4, 99, 19, 17, 24, 10, 62, 22, 45, 11, 23, 0)
s = 194: (0, 6, 21, 91, 20, 23, 3, 9, 3, 43, 27, 6, 10, 99, 8, 21, 13, 109, 11, 10, 6, 92, 21, 18, 18, 6, 68, 13, 29, 8, 28, 0)
s = 195: (0, 3, 30, 44, 17, 15, 2, 7, 4, 44, 52, 11, 14, 64, 17, 38, 20, 53, 13, 16, 4, 62, 15, 13, 21, 6, 99, 13, 37, 12, 24, 0)
s = 196: (0, 3, 41, 63, 9, 17, 4, 11, 5, 80, 34, 8, 5, 43, 9, 45, 25, 79, 14, 15, 6, 73, 16, 12, 36, 11, 62, 19, 23, 9, 32, 0)
s = 197: (0, 6, 32, 64, 13, 15, 5, 8, 3, 58, 55, 8, 9, 73, 8, 38, 14, 96, 14, 7, 4, 39, 27, 20, 38, 9, 62, 23, 22, 11, 16, 0)
s = 198: (0, 5, 36, 83, 7, 14, 4, 11, 3, 66, 52, 8, 8, 56, 7, 36, 24, 101, 21, 10, 3, 84, 12, 22, 21, 7, 81, 13, 25, 8, 17, 0)
s = 199: (0, 6, 52, 56, 9, 25, 3, 7, 4, 58, 57, 8, 7, 76, 12, 23, 14, 48, 13, 9, 7, 59, 16, 23, 44, 11, 85, 12, 24, 10, 24, 0)
s = 200: (0, 3, 42, 47, 16, 26, 5, 6, 4, 53, 60, 10, 6, 52, 12, 27, 33, 49, 19, 11, 6, 57, 18, 25, 33, 5, 51, 10, 18, 12, 20, 0)
************************************************************************
ES/LS-VALUES:
jobnr.   ES(i)    LS(i)
------------------------------------------------------------------------
  0        0        0
  1        0       88
  2        0       93
  3        0       46
  4       14       61
  5       14       69
  6       29       125
  7       14       84
  8       29       84
  9        4       92
 10       21       92
 11       25       73
 12       29       78
 13       29       89
 14       18       113
 15       37       86
 16       30       119
 17       30       95
 18       33       123
 19       45       129
 20       45       106
 21        8       102
 22       47       127
 23       52       102
 24       30       126
 25       52       118
 26       57       108
 27       56       137
 28       57       133
 29       60       141
 30       75       127
 31       91       143
************************************************************************
BIG-M-VALUES:
M1 = 107, M2 = 497
************************************************************************
