************************************************************************
file with basedata            : j9027_.bas
initial value random generator: 1610724306
************************************************************************
projects                      :  1
jobs (incl. supersource/sink ):  92
horizon                       :  507
RESOURCES
  - renewable                 :  4   R
  - nonrenewable              :  0   N
  - doubly constrained        :  0   D
************************************************************************
PROJECT INFORMATION:
pronr.  #jobs rel.date duedate tardcost  MPM-Time
    1     90      0       97       18       97
************************************************************************
PRECEDENCE RELATIONS:
jobnr.    #modes  #successors   successors
   0        1          3           1   2   3
   1        1          3           4   5   9
   2        1          3          15  40  72
   3        1          3           6   7  20
   4        1          3           7  47  81
   5        1          3          14  15  30
   6        1          2           8  10
   7        1          3          32  77  78
   8        1          3          12  27  37
   9        1          3          11  13  31
  10        1          2          21  49
  11        1          2          19  34
  12        1          2          17  23
  13        1          3          44  53  57
  14        1          2          16  21
  15        1          1          18
  16        1          3          25  73  75
  17        1          3          52  58  67
  18        1          3          26  33  38
  19        1          2          28  80
  20        1          3          35  59  65
  21        1          3          22  77  79
  22        1          1          24
  23        1          2          60  84
  24        1          2          29  63
  25        1          1          42
  26        1          1          51
  27        1          1          36
  28        1          3          38  49  53
  29        1          2          56  88
  30        1          1          60
  31        1          3          38  69  71
  32        1          2          58  89
  33        1          2          67  73
  34        1          3          45  70  86
  35        1          1          55
  36        1          3          39  41  56
  37        1          1          50
  38        1          1          48
  39        1          1          42
  40        1          2          64  71
  41        1          1          43
  42        1          1          51
  43        1          2          52  65
  44        1          3          48  70  74
  45        1          3          46  62  66
  46        1          1          76
  47        1          1          78
  48        1          2          62  78
  49        1          1          54
  50        1          1          79
  51        1          2          53  68
  52        1          2          63  76
  53        1          1          66
  54        1          2          59  69
  55        1          2          56  77
  56        1          2          60  89
  57        1          3          58  61  69
  58        1          1          79
  59        1          3          63  71  73
  60        1          1          68
  61        1          2          70  82
  62        1          2          67  85
  63        1          2          72  85
  64        1          2          65  66
  65        1          3          68  74  75
  66        1          1          76
  67        1          1          82
  68        1          1          80
  69        1          2          74  87
  70        1          1          75
  71        1          2          84  90
  72        1          1          84
  73        1          1          83
  74        1          1          81
  75        1          2          80  89
  76        1          1          90
  77        1          1          86
  78        1          1          83
  79        1          2          82  86
  80        1          1          81
  81        1          1          83
  82        1          1          87
  83        1          1          85
  84        1          1          87
  85        1          1          90
  86        1          1          88
  87        1          1          88
  88        1          1          91
  89        1          1          91
  90        1          1          91
  91        1          0        
************************************************************************
REQUESTS/DURATIONS:
jobnr. mode duration  R 1  R 2  R 3  R 4  E(W 1)
------------------------------------------------------------------------
  0      1     0       0    0    0    0     0
  1      1    10       2    1    3    6    130
  2      1     2       2    3    0    1    14
  3      1     5       4   10    9    0    115
  4      1     8      10    3    0    7    160
  5      1     3       5    3    0    3    33
  6      1     7       7    0    8    7    154
  7      1     7       0    2    7    5    98
  8      1     5       0    8    6    8    110
  9      1     3       2    4    0    9    45
 10      1     6       2    8    8    2    120
 11      1     8       0    0    7    2    72
 12      1     7       6    0    0    5    77
 13      1     6       5    4   10   10    174
 14      1    10       4    0    9    5    180
 15      1     1       0    5    9    4    18
 16      1     1       0   10    9    5    24
 17      1     9       0    0    3    0    27
 18      1     9       6    3    8    0    153
 19      1     5       5    0    0    2    35
 20      1     4       8    2    1    0    48
 21      1     7       6    4    5    1    119
 22      1     5       3    0    2    0    25
 23      1     7       1    7    7    7    161
 24      1     6       9    4    7    0    120
 25      1     9       0    1    3    3    72
 26      1     2       8    2    1    6    36
 27      1     5       8    4    0    2    70
 28      1     5       2    8    8    0    90
 29      1     8       9    0    1    7    144
 30      1     1       6    2    1    0    10
 31      1     2       4    6    0    7    34
 32      1    10       0    3    4    5    120
 33      1     8       0    1    0    0    16
 34      1     1       1    8    4    9    23
 35      1     1      10    0    0    3    13
 36      1    10       0    4    6    2    120
 37      1     1       0    5    6    6    17
 38      1     7       5    2   10    8    175
 39      1     3       2    0   10    7    57
 40      1     9       1    0    6    7    135
 41      1     8       8    2    7    0    136
 42      1     2       8    6    9    7    60
 43      1     9       0    9    8    1    171
 44      1     9       5    0    5    8    162
 45      1     3       0    4    5    0    27
 46      1     8       5   10    8    8    248
 47      1     9       6    0    2    9    153
 48      1     7       9    4    0    1    105
 49      1     2       8    0    0    6    28
 50      1     5       5    5    0    0    50
 51      1     6       3   10    1    4    114
 52      1     9       4    3    0    7    126
 53      1     9       4    0    3    2    81
 54      1     5       0    2    1    5    45
 55      1     5       0    8    7   10    125
 56      1     1       1    3    0    9    14
 57      1     9       6    9    8    0    207
 58      1     8       8    3    2    3    128
 59      1     1      10    7    1    8    27
 60      1     2       3    4    4    6    34
 61      1     6       6   10    5    3    144
 62      1     7       6    0    6    5    119
 63      1     5       7    1    9    0    90
 64      1     4       2    9   10    6    108
 65      1     6       6   10    7    8    186
 66      1     4       8    0    2    4    56
 67      1     3       0   10    9    8    81
 68      1    10      10    8    3    5    260
 69      1     2       7    0   10    5    44
 70      1    10       0    6    4    0    100
 71      1     5       0    9    8    6    115
 72      1     5       0   10    3    2    75
 73      1     7       0    5    6    0    77
 74      1     4       3    0    1    2    28
 75      1     3       2    1    7    0    33
 76      1     9       7    0    3    4    126
 77      1    10       0    0    5    9    140
 78      1     4       1    8    8    6    96
 79      1     3       0    6    6    3    45
 80      1     9       0    5    2    4    99
 81      1     4       0    8    3    2    52
 82      1     5       6    9    9    0    120
 83      1    10       0    4    9    0    130
 84      1     2       0    8    3   10    42
 85      1     7       0    0    1    3    35
 86      1     6       0    1    7    0    54
 87      1     3       5    1    6    0    39
 88      1     3       2    5    0    8    45
 89      1     9       9    5    9    8    279
 90      1     2       0    7    0    6    26
 91      1     0       0    0    0    0     0
************************************************************************
RESOURCEAVAILABILITIES:
  R 1
   177
************************************************************************
RESOURCE LIMITS:
jobnr.  l(R 1)  u(R 1)
------------------------------------------------------------------------
  0        0       0
  1        7      13
  2        4       7
  3       12      23
  4       11      20
  5        7      11
  6       12      22
  7        8      14
  8       11      22
  9        8      15
 10       10      20
 11        5       9
 12        6      11
 13       15      29
 14       10      18
 15       10      18
 16       13      24
 17        2       3
 18        9      17
 19        4       7
 20        6      12
 21        9      17
 22        3       5
 23       13      23
 24       11      20
 25        5       8
 26        9      18
 27        7      14
 28        9      18
 29       10      18
 30        5      10
 31        9      17
 32        7      12
 33        1       2
 34       12      23
 35        7      13
 36        6      12
 37        9      17
 38       13      25
 39       10      19
 40        8      15
 41        9      17
 42       16      30
 43       10      19
 44       10      18
 45        5       9
 46       16      31
 47        9      17
 48        8      15
 49        7      14
 50        6      10
 51       10      19
 52        8      14
 53        5       9
 54        5       9
 55       13      25
 56        8      14
 57       12      23
 58        9      16
 59       14      27
 60        9      17
 61       13      24
 62        9      17
 63       10      18
 64       14      27
 65       16      31
 66        7      14
 67       14      27
 68       14      26
 69       12      22
 70        5      10
 71       12      23
 72        8      15
 73        6      11
 74        4       7
 75        6      11
 76        8      14
 77        8      14
 78       12      24
 79        8      15
 80        6      11
 81        7      13
 82       13      24
 83        7      13
 84       11      21
 85        3       5
 86        5       9
 87        7      13
 88        8      15
 89       17      31
 90        7      13
 91        0       0
************************************************************************
SCENARIOS:
------------------------------------------------------------------------
RESOURCE k = 1
s = 1: (0, 202, 8, 107, 202, 33, 120, 130, 127, 36, 139, 105, 59, 151, 264, 13, 21, 41, 118, 29, 60, 189, 34, 151, 83, 49, 26, 47, 89, 123, 6, 46, 154, 12, 22, 20, 92, 12, 276, 66, 177, 163, 72, 265, 191, 21, 310, 142, 118, 31, 29, 124, 168, 117, 30, 146, 15, 188, 102, 21, 42, 183, 176, 61, 93, 200, 55, 78, 164, 36, 114, 141, 123, 49, 27, 20, 133, 134, 127, 39, 153, 34, 99, 137, 33, 27, 43, 45, 54, 247, 25, 0)
s = 2: (0, 120, 14, 108, 195, 36, 123, 78, 86, 58, 123, 96, 59, 140, 139, 14, 29, 31, 178, 32, 71, 97, 16, 153, 90, 44, 29, 61, 72, 203, 10, 19, 140, 13, 13, 14, 161, 30, 141, 68, 123, 161, 70, 152, 228, 33, 268, 179, 138, 31, 37, 147, 155, 116, 40, 111, 19, 141, 72, 33, 48, 115, 112, 109, 79, 136, 40, 60, 239, 65, 76, 118, 75, 99, 32, 37, 178, 100, 98, 78, 75, 53, 141, 156, 40, 46, 51, 53, 32, 158, 23, 0)
s = 3: (0, 101, 22, 73, 230, 26, 180, 73, 60, 54, 178, 95, 82, 182, 144, 28, 27, 24, 152, 34, 36, 95, 27, 161, 102, 78, 45, 103, 74, 122, 11, 29, 83, 14, 21, 15, 66, 20, 134, 72, 141, 76, 79, 164, 127, 39, 336, 100, 85, 32, 59, 155, 77, 56, 42, 135, 11, 166, 162, 25, 37, 276, 143, 51, 67, 221, 37, 128, 437, 40, 118, 148, 67, 114, 36, 22, 104, 95, 127, 45, 89, 43, 176, 105, 25, 48, 47, 43, 37, 297, 17, 0)
s = 4: (0, 118, 9, 65, 168, 25, 148, 93, 84, 50, 78, 100, 41, 148, 310, 13, 41, 27, 182, 49, 70, 132, 26, 93, 78, 115, 19, 54, 81, 171, 9, 31, 95, 16, 26, 19, 119, 33, 240, 69, 83, 87, 59, 185, 84, 33, 217, 152, 67, 16, 50, 131, 118, 60, 28, 120, 13, 192, 102, 35, 24, 128, 169, 70, 90, 225, 57, 84, 300, 40, 80, 202, 51, 49, 30, 53, 132, 171, 94, 46, 112, 58, 113, 114, 37, 38, 40, 28, 41, 254, 29, 0)
s = 5: (0, 101, 14, 158, 101, 43, 199, 128, 107, 45, 70, 41, 47, 138, 162, 16, 17, 40, 96, 24, 74, 91, 24, 190, 73, 66, 24, 58, 102, 122, 6, 21, 103, 19, 20, 14, 157, 13, 220, 47, 223, 146, 78, 139, 106, 23, 274, 208, 109, 24, 33, 81, 163, 107, 32, 82, 15, 149, 92, 20, 31, 121, 71, 96, 152, 181, 34, 114, 216, 33, 119, 91, 60, 88, 23, 31, 91, 124, 116, 36, 69, 49, 140, 220, 37, 45, 37, 37, 50, 224, 29, 0)
s = 6: (0, 88, 17, 106, 159, 21, 153, 140, 86, 59, 110, 65, 55, 177, 195, 22, 23, 21, 96, 26, 47, 107, 27, 190, 158, 65, 39, 83, 138, 166, 11, 38, 85, 14, 23, 12, 102, 22, 159, 54, 134, 139, 58, 242, 141, 23, 334, 167, 173, 36, 38, 102, 72, 83, 49, 147, 19, 114, 163, 29, 53, 156, 105, 60, 86, 146, 64, 89, 302, 35, 143, 81, 95, 101, 29, 31, 114, 160, 119, 44, 110, 34, 143, 97, 33, 48, 44, 48, 38, 190, 32, 0)
s = 7: (0, 94, 13, 119, 198, 30, 97, 121, 180, 52, 78, 94, 56, 357, 250, 15, 17, 22, 134, 29, 64, 133, 19, 113, 112, 80, 27, 43, 103, 147, 13, 36, 102, 21, 21, 16, 96, 15, 177, 55, 158, 105, 32, 216, 147, 19, 249, 173, 89, 31, 56, 111, 129, 81, 36, 123, 12, 151, 133, 29, 55, 88, 118, 74, 101, 111, 51, 71, 258, 47, 129, 169, 58, 53, 34, 41, 77, 140, 106, 46, 145, 73, 80, 107, 39, 28, 60, 29, 42, 306, 37, 0)
s = 8: (0, 155, 14, 86, 145, 19, 207, 87, 81, 28, 133, 56, 72, 150, 120, 14, 17, 21, 145, 38, 32, 186, 24, 274, 148, 96, 43, 70, 85, 118, 9, 35, 128, 19, 17, 19, 88, 22, 145, 57, 84, 113, 37, 156, 116, 39, 342, 147, 85, 18, 44, 131, 120, 50, 59, 115, 10, 127, 87, 30, 30, 107, 195, 128, 86, 246, 34, 60, 305, 39, 86, 85, 83, 103, 27, 43, 65, 86, 72, 48, 76, 34, 154, 183, 57, 24, 62, 38, 68, 203, 32, 0)
s = 9: (0, 112, 21, 91, 174, 46, 165, 78, 63, 55, 79, 52, 94, 161, 99, 22, 27, 33, 108, 22, 60, 157, 22, 120, 137, 49, 36, 72, 74, 98, 8, 24, 178, 13, 35, 24, 178, 22, 161, 47, 136, 132, 55, 257, 127, 21, 278, 140, 114, 35, 57, 88, 104, 60, 69, 103, 21, 194, 144, 22, 32, 135, 76, 106, 86, 204, 87, 138, 272, 67, 98, 87, 80, 50, 28, 21, 157, 135, 103, 45, 121, 50, 147, 75, 34, 50, 54, 28, 41, 268, 20, 0)
s = 10: (0, 231, 11, 114, 125, 24, 221, 73, 140, 54, 101, 51, 93, 262, 132, 20, 17, 29, 130, 37, 38, 109, 31, 117, 129, 110, 64, 45, 96, 162, 12, 44, 114, 16, 17, 11, 148, 19, 189, 51, 134, 105, 66, 154, 124, 16, 180, 147, 125, 25, 72, 89, 153, 91, 31, 148, 11, 183, 123, 27, 34, 148, 160, 61, 115, 129, 55, 64, 185, 63, 87, 83, 94, 54, 27, 36, 119, 189, 60, 29, 57, 30, 77, 100, 33, 25, 66, 39, 31, 168, 32, 0)
s = 11: (0, 126, 15, 194, 120, 37, 100, 112, 72, 31, 150, 51, 77, 197, 241, 10, 32, 31, 106, 46, 60, 118, 22, 209, 125, 57, 42, 50, 59, 95, 6, 33, 72, 23, 26, 8, 138, 16, 142, 52, 125, 139, 43, 187, 197, 31, 201, 165, 178, 31, 44, 113, 133, 91, 33, 83, 12, 250, 163, 24, 33, 184, 77, 91, 172, 167, 41, 84, 174, 42, 125, 139, 53, 55, 27, 26, 181, 151, 68, 61, 79, 55, 132, 209, 66, 27, 49, 59, 40, 225, 36, 0)
s = 12: (0, 195, 18, 73, 207, 26, 111, 70, 113, 45, 155, 84, 59, 215, 219, 24, 29, 27, 216, 44, 73, 79, 34, 143, 82, 63, 43, 78, 96, 171, 17, 20, 188, 22, 16, 13, 104, 16, 149, 43, 93, 160, 38, 242, 151, 32, 299, 111, 131, 26, 48, 187, 105, 59, 63, 103, 19, 187, 122, 24, 33, 136, 149, 58, 157, 210, 97, 63, 366, 27, 127, 86, 103, 82, 15, 24, 108, 125, 92, 38, 101, 40, 126, 132, 55, 49, 42, 36, 49, 232, 21, 0)
s = 13: (0, 109, 9, 143, 153, 35, 118, 117, 109, 63, 107, 93, 57, 113, 151, 23, 17, 17, 123, 39, 49, 106, 35, 202, 99, 55, 33, 67, 73, 108, 13, 25, 165, 20, 19, 13, 117, 18, 172, 55, 104, 125, 50, 191, 105, 45, 268, 126, 72, 34, 67, 99, 164, 103, 53, 133, 17, 167, 134, 26, 40, 83, 98, 101, 158, 159, 39, 83, 216, 40, 69, 80, 71, 43, 30, 47, 72, 135, 137, 32, 106, 34, 102, 107, 52, 30, 83, 32, 40, 279, 22, 0)
s = 14: (0, 78, 20, 84, 230, 38, 129, 110, 101, 40, 121, 71, 65, 181, 183, 22, 23, 39, 179, 44, 26, 138, 16, 146, 177, 87, 24, 75, 136, 172, 15, 43, 157, 16, 19, 8, 96, 15, 117, 53, 136, 162, 48, 216, 233, 30, 349, 150, 131, 24, 46, 130, 135, 127, 36, 137, 16, 303, 87, 16, 45, 170, 110, 69, 146, 229, 62, 70, 243, 54, 143, 143, 110, 75, 45, 38, 124, 170, 112, 27, 77, 48, 141, 84, 35, 36, 49, 44, 40, 335, 27, 0)
s = 15: (0, 83, 10, 86, 116, 52, 163, 96, 107, 33, 77, 46, 88, 155, 148, 12, 37, 17, 149, 30, 35, 180, 30, 237, 128, 61, 40, 71, 71, 163, 8, 32, 98, 15, 27, 23, 145, 24, 225, 75, 122, 122, 94, 157, 125, 28, 138, 126, 76, 24, 37, 118, 111, 76, 43, 82, 14, 194, 123, 51, 54, 108, 98, 54, 128, 265, 45, 107, 244, 55, 148, 98, 63, 101, 21, 24, 152, 254, 62, 42, 98, 31, 79, 143, 34, 38, 36, 28, 44, 253, 21, 0)
s = 16: (0, 165, 19, 99, 134, 34, 180, 51, 106, 67, 72, 70, 66, 257, 240, 15, 32, 17, 90, 24, 51, 105, 38, 174, 130, 44, 22, 85, 56, 99, 11, 24, 158, 17, 22, 14, 111, 14, 218, 50, 213, 137, 67, 130, 125, 17, 308, 145, 170, 24, 69, 85, 101, 125, 32, 152, 9, 211, 104, 25, 30, 183, 211, 115, 92, 230, 61, 136, 346, 36, 87, 133, 99, 51, 44, 24, 140, 75, 128, 33, 61, 35, 82, 94, 24, 23, 50, 32, 33, 266, 33, 0)
s = 17: (0, 82, 17, 130, 100, 25, 91, 137, 110, 58, 88, 78, 62, 188, 202, 18, 25, 27, 163, 34, 36, 99, 28, 124, 144, 65, 23, 65, 95, 150, 11, 46, 174, 19, 24, 12, 214, 18, 282, 76, 104, 106, 77, 122, 107, 19, 235, 140, 175, 25, 54, 102, 110, 66, 45, 159, 16, 118, 105, 31, 21, 131, 79, 100, 155, 213, 74, 81, 309, 41, 115, 184, 50, 68, 23, 36, 72, 160, 82, 41, 113, 57, 99, 123, 43, 31, 85, 33, 53, 267, 28, 0)
s = 18: (0, 179, 15, 106, 108, 32, 142, 105, 80, 26, 100, 105, 108, 147, 147, 18, 15, 42, 157, 29, 31, 108, 27, 215, 110, 89, 23, 48, 67, 122, 12, 28, 98, 19, 38, 11, 122, 19, 224, 36, 105, 233, 47, 91, 209, 35, 237, 100, 169, 28, 39, 121, 187, 62, 82, 118, 11, 154, 183, 43, 26, 88, 75, 151, 76, 271, 64, 78, 308, 32, 111, 94, 48, 80, 32, 36, 144, 86, 85, 59, 61, 67, 105, 125, 33, 47, 35, 39, 33, 196, 19, 0)
s = 19: (0, 133, 19, 123, 127, 32, 165, 116, 131, 44, 109, 62, 79, 99, 131, 16, 17, 35, 136, 50, 53, 191, 21, 220, 126, 96, 34, 55, 100, 190, 9, 25, 135, 22, 26, 14, 110, 15, 142, 35, 79, 137, 36, 127, 121, 30, 320, 170, 99, 32, 47, 132, 97, 72, 64, 104, 16, 279, 87, 34, 36, 159, 129, 62, 172, 147, 63, 85, 347, 48, 141, 116, 76, 98, 18, 29, 131, 208, 101, 35, 94, 58, 210, 78, 37, 28, 57, 33, 62, 285, 22, 0)
s = 20: (0, 149, 11, 144, 174, 38, 93, 114, 114, 44, 124, 73, 66, 95, 196, 24, 26, 21, 87, 46, 51, 128, 27, 191, 166, 52, 34, 95, 69, 151, 7, 35, 186, 14, 17, 15, 91, 11, 152, 69, 125, 106, 86, 113, 150, 22, 225, 153, 92, 30, 42, 135, 167, 86, 52, 79, 10, 306, 113, 38, 23, 174, 118, 77, 61, 167, 104, 75, 198, 56, 99, 123, 53, 53, 26, 27, 116, 117, 112, 28, 86, 42, 107, 111, 56, 43, 67, 48, 33, 366, 33, 0)
s = 21: (0, 161, 18, 94, 145, 28, 100, 116, 114, 48, 138, 49, 50, 222, 157, 23, 19, 38, 156, 24, 71, 103, 30, 199, 106, 64, 29, 41, 78, 93, 6, 47, 90, 14, 13, 23, 160, 17, 159, 54, 144, 177, 73, 251, 222, 37, 196, 107, 75, 19, 45, 130, 112, 85, 24, 123, 12, 206, 111, 25, 40, 173, 93, 62, 104, 198, 37, 105, 436, 25, 74, 113, 53, 66, 33, 36, 142, 142, 108, 48, 170, 44, 146, 105, 37, 38, 49, 51, 29, 326, 15, 0)
s = 22: (0, 192, 16, 151, 159, 42, 201, 65, 104, 40, 146, 65, 108, 224, 190, 21, 23, 31, 189, 29, 44, 155, 16, 182, 129, 83, 46, 68, 62, 98, 12, 44, 87, 13, 30, 9, 180, 29, 153, 43, 116, 135, 56, 124, 163, 20, 225, 129, 180, 16, 46, 113, 106, 125, 39, 149, 10, 180, 120, 28, 59, 171, 169, 109, 151, 159, 38, 71, 230, 50, 60, 97, 82, 72, 30, 27, 87, 123, 110, 34, 121, 53, 132, 179, 29, 35, 42, 23, 40, 259, 34, 0)
s = 23: (0, 88, 9, 109, 91, 36, 236, 58, 109, 24, 122, 91, 111, 197, 292, 16, 28, 23, 140, 61, 36, 107, 24, 166, 151, 38, 57, 106, 95, 202, 13, 28, 111, 14, 17, 15, 113, 18, 166, 79, 90, 172, 58, 120, 147, 18, 315, 197, 88, 23, 71, 118, 133, 62, 32, 131, 23, 189, 201, 29, 23, 256, 145, 64, 89, 201, 39, 64, 295, 53, 58, 175, 77, 67, 37, 25, 116, 119, 177, 38, 150, 68, 188, 106, 49, 56, 48, 48, 58, 270, 26, 0)
s = 24: (0, 218, 13, 95, 187, 28, 170, 73, 82, 73, 167, 66, 65, 127, 181, 17, 18, 18, 188, 45, 59, 117, 27, 152, 108, 54, 32, 61, 99, 110, 14, 29, 148, 17, 23, 12, 99, 15, 165, 71, 85, 108, 69, 178, 130, 23, 210, 128, 88, 32, 64, 124, 147, 90, 30, 147, 9, 205, 130, 40, 31, 136, 124, 127, 96, 119, 71, 70, 353, 55, 94, 134, 61, 67, 27, 33, 114, 104, 55, 75, 61, 40, 180, 122, 29, 45, 33, 48, 34, 294, 19, 0)
s = 25: (0, 107, 16, 85, 96, 47, 152, 163, 121, 30, 80, 49, 111, 176, 207, 22, 18, 19, 104, 53, 39, 82, 23, 161, 77, 54, 30, 51, 92, 119, 9, 38, 144, 17, 19, 18, 85, 19, 195, 62, 115, 130, 55, 149, 136, 33, 216, 222, 121, 21, 39, 102, 208, 56, 43, 118, 13, 254, 96, 22, 39, 167, 103, 122, 65, 149, 51, 84, 365, 48, 111, 131, 63, 57, 22, 24, 152, 112, 121, 36, 93, 52, 101, 88, 47, 35, 68, 62, 27, 206, 23, 0)
s = 26: (0, 179, 22, 66, 250, 46, 189, 131, 98, 33, 74, 65, 90, 119, 310, 18, 20, 21, 134, 35, 32, 156, 14, 237, 128, 71, 36, 91, 114, 148, 17, 44, 71, 13, 22, 13, 91, 21, 115, 46, 84, 150, 48, 178, 93, 33, 236, 125, 63, 25, 50, 109, 162, 118, 76, 133, 9, 154, 96, 32, 22, 111, 149, 94, 100, 209, 36, 106, 194, 34, 62, 101, 76, 86, 33, 35, 240, 141, 117, 34, 74, 35, 145, 117, 53, 45, 77, 36, 55, 244, 17, 0)
s = 27: (0, 74, 14, 76, 111, 26, 109, 96, 120, 55, 141, 64, 73, 225, 199, 20, 34, 33, 156, 39, 71, 143, 22, 168, 102, 38, 48, 112, 117, 135, 9, 29, 76, 18, 15, 14, 114, 15, 252, 33, 114, 117, 70, 304, 190, 19, 287, 95, 120, 31, 58, 96, 126, 59, 42, 87, 11, 117, 140, 16, 21, 148, 149, 107, 69, 212, 46, 132, 232, 32, 128, 93, 66, 67, 25, 25, 100, 137, 118, 29, 98, 36, 98, 135, 36, 51, 45, 51, 59, 188, 27, 0)
s = 28: (0, 107, 15, 183, 102, 43, 119, 62, 94, 30, 152, 59, 103, 134, 273, 22, 24, 17, 202, 42, 52, 128, 16, 117, 112, 89, 23, 56, 128, 164, 12, 45, 108, 17, 18, 19, 155, 24, 212, 42, 140, 137, 45, 241, 174, 37, 185, 192, 108, 23, 73, 134, 97, 58, 42, 97, 15, 183, 142, 31, 29, 102, 85, 80, 167, 193, 63, 119, 354, 55, 118, 115, 61, 99, 18, 40, 193, 127, 110, 44, 83, 83, 97, 205, 33, 32, 58, 41, 41, 435, 26, 0)
s = 29: (0, 95, 15, 143, 191, 32, 157, 119, 144, 63, 206, 75, 100, 256, 180, 15, 23, 33, 206, 24, 58, 98, 27, 167, 133, 83, 44, 53, 99, 113, 12, 21, 95, 19, 31, 12, 183, 10, 147, 65, 135, 82, 39, 161, 110, 34, 215, 243, 75, 38, 40, 111, 165, 98, 46, 73, 13, 225, 153, 26, 38, 84, 114, 71, 86, 249, 44, 76, 218, 45, 85, 150, 71, 99, 39, 36, 91, 154, 71, 66, 76, 33, 100, 150, 64, 37, 56, 51, 44, 331, 29, 0)
s = 30: (0, 103, 24, 66, 101, 37, 152, 92, 73, 35, 128, 71, 70, 216, 164, 27, 20, 20, 125, 40, 50, 89, 35, 119, 101, 69, 35, 101, 78, 137, 11, 32, 208, 11, 26, 15, 166, 24, 198, 38, 92, 90, 68, 126, 91, 27, 328, 147, 75, 32, 33, 129, 152, 112, 60, 129, 11, 177, 97, 40, 28, 185, 66, 67, 66, 105, 54, 97, 277, 26, 104, 105, 48, 58, 25, 28, 74, 211, 98, 51, 136, 48, 117, 126, 64, 41, 54, 31, 32, 382, 37, 0)
s = 31: (0, 107, 22, 113, 103, 30, 123, 99, 120, 32, 91, 105, 80, 312, 238, 27, 15, 16, 160, 53, 26, 140, 15, 141, 108, 80, 59, 71, 88, 110, 9, 37, 134, 10, 20, 11, 119, 21, 188, 42, 171, 137, 52, 266, 123, 19, 261, 167, 84, 28, 34, 103, 149, 75, 39, 114, 11, 198, 123, 22, 20, 183, 131, 107, 94, 215, 79, 133, 137, 37, 58, 119, 66, 90, 27, 38, 182, 131, 74, 34, 71, 49, 205, 132, 46, 52, 49, 24, 33, 337, 24, 0)
s = 32: (0, 98, 12, 115, 191, 50, 187, 80, 68, 55, 99, 50, 50, 166, 133, 17, 18, 36, 191, 43, 55, 150, 17, 123, 129, 44, 33, 64, 98, 117, 14, 27, 106, 18, 22, 18, 89, 19, 177, 61, 122, 186, 69, 224, 124, 18, 339, 150, 78, 25, 42, 136, 88, 55, 35, 126, 17, 131, 112, 15, 18, 224, 73, 81, 141, 148, 74, 106, 307, 36, 98, 137, 54, 78, 52, 35, 128, 101, 88, 60, 59, 52, 110, 123, 46, 31, 53, 65, 56, 326, 25, 0)
s = 33: (0, 109, 14, 125, 127, 20, 143, 144, 117, 39, 95, 66, 71, 234, 153, 31, 21, 25, 196, 25, 43, 81, 27, 133, 79, 74, 33, 67, 58, 96, 15, 41, 119, 14, 17, 9, 124, 15, 149, 39, 107, 140, 63, 135, 251, 29, 206, 160, 78, 24, 61, 66, 73, 54, 41, 97, 10, 285, 127, 20, 25, 91, 91, 80, 81, 135, 52, 56, 160, 50, 123, 92, 63, 48, 33, 50, 123, 165, 122, 38, 115, 53, 136, 165, 23, 34, 72, 38, 62, 278, 26, 0)
s = 34: (0, 108, 10, 69, 99, 22, 200, 100, 69, 45, 105, 56, 49, 181, 157, 28, 18, 33, 190, 43, 37, 136, 24, 171, 134, 85, 40, 107, 74, 157, 11, 37, 116, 12, 26, 13, 109, 16, 116, 38, 150, 95, 62, 211, 212, 21, 218, 164, 80, 22, 60, 100, 84, 71, 70, 114, 26, 168, 162, 34, 44, 90, 82, 77, 111, 181, 31, 74, 409, 48, 100, 122, 42, 57, 28, 36, 150, 196, 90, 44, 76, 44, 150, 73, 35, 38, 57, 38, 54, 226, 31, 0)
s = 35: (0, 107, 12, 80, 101, 27, 126, 84, 113, 25, 93, 45, 86, 223, 222, 17, 30, 25, 204, 35, 54, 131, 25, 114, 152, 79, 36, 91, 128, 98, 11, 33, 94, 16, 18, 11, 71, 14, 196, 54, 165, 79, 46, 196, 263, 15, 276, 93, 69, 36, 29, 174, 160, 96, 51, 102, 13, 162, 94, 37, 34, 126, 119, 76, 85, 138, 49, 92, 364, 30, 70, 117, 121, 88, 21, 19, 112, 124, 124, 33, 76, 56, 136, 115, 45, 22, 51, 43, 36, 270, 20, 0)
s = 36: (0, 169, 21, 93, 172, 28, 196, 93, 128, 25, 159, 67, 91, 199, 123, 11, 18, 32, 165, 32, 42, 132, 26, 149, 95, 67, 27, 105, 67, 121, 7, 25, 164, 27, 20, 10, 195, 15, 260, 49, 94, 110, 70, 237, 128, 34, 253, 213, 116, 39, 71, 218, 126, 64, 41, 187, 26, 200, 169, 22, 31, 173, 121, 117, 106, 125, 65, 84, 265, 54, 108, 142, 71, 69, 21, 40, 75, 143, 73, 57, 69, 42, 143, 118, 24, 23, 33, 27, 45, 268, 21, 0)
s = 37: (0, 123, 9, 159, 144, 34, 100, 65, 140, 68, 99, 72, 67, 189, 168, 22, 24, 25, 144, 26, 68, 111, 30, 210, 94, 83, 20, 111, 57, 118, 8, 29, 67, 18, 21, 16, 171, 11, 175, 41, 199, 104, 53, 205, 116, 21, 459, 156, 64, 27, 32, 162, 164, 67, 31, 210, 12, 110, 136, 16, 26, 121, 106, 80, 103, 161, 54, 56, 283, 68, 94, 94, 107, 96, 22, 22, 114, 92, 117, 60, 113, 49, 121, 120, 62, 28, 44, 33, 30, 174, 18, 0)
s = 38: (0, 165, 23, 146, 136, 35, 137, 122, 105, 33, 72, 53, 77, 189, 201, 28, 18, 27, 93, 47, 49, 178, 34, 143, 114, 69, 28, 80, 84, 135, 11, 28, 105, 14, 25, 16, 70, 29, 122, 90, 101, 94, 58, 256, 240, 22, 196, 203, 58, 28, 53, 65, 155, 106, 51, 153, 19, 241, 161, 39, 50, 156, 67, 79, 170, 200, 52, 87, 431, 25, 91, 138, 57, 56, 33, 24, 170, 181, 119, 47, 115, 75, 100, 187, 33, 28, 94, 38, 73, 357, 34, 0)
s = 39: (0, 88, 25, 113, 122, 20, 221, 94, 82, 43, 130, 50, 74, 191, 144, 19, 34, 26, 109, 29, 51, 102, 27, 242, 113, 39, 40, 68, 107, 99, 9, 28, 176, 17, 31, 9, 106, 16, 221, 45, 210, 100, 55, 208, 112, 28, 257, 258, 68, 25, 39, 132, 122, 69, 61, 133, 23, 177, 153, 33, 21, 109, 124, 71, 87, 237, 41, 72, 252, 31, 59, 87, 42, 116, 22, 48, 169, 156, 68, 58, 71, 61, 98, 94, 29, 21, 38, 55, 41, 263, 19, 0)
s = 40: (0, 147, 18, 97, 173, 52, 123, 81, 208, 38, 95, 86, 67, 224, 177, 20, 19, 21, 101, 26, 70, 181, 24, 167, 180, 104, 29, 73, 93, 189, 7, 41, 120, 11, 24, 9, 93, 20, 257, 51, 150, 104, 44, 205, 180, 34, 328, 114, 99, 25, 31, 74, 156, 85, 56, 107, 18, 125, 112, 22, 45, 144, 167, 132, 108, 233, 37, 82, 246, 45, 88, 77, 67, 127, 22, 40, 136, 113, 57, 59, 62, 35, 141, 78, 22, 44, 73, 32, 30, 344, 20, 0)
s = 41: (0, 91, 10, 198, 243, 20, 214, 61, 87, 39, 116, 50, 72, 157, 116, 13, 18, 33, 247, 22, 54, 98, 17, 204, 104, 44, 30, 51, 68, 143, 16, 24, 86, 13, 29, 10, 65, 17, 179, 46, 132, 242, 51, 112, 209, 19, 358, 141, 98, 34, 61, 87, 117, 73, 61, 109, 21, 251, 117, 34, 40, 104, 125, 82, 127, 216, 44, 62, 380, 46, 93, 133, 80, 60, 25, 27, 187, 97, 85, 34, 99, 70, 98, 180, 36, 44, 65, 33, 45, 247, 23, 0)
s = 42: (0, 189, 11, 87, 271, 39, 113, 92, 103, 63, 189, 51, 110, 134, 210, 16, 34, 29, 127, 41, 26, 122, 29, 151, 152, 64, 43, 80, 79, 104, 12, 26, 171, 13, 23, 10, 101, 13, 163, 79, 155, 107, 47, 232, 207, 29, 189, 101, 99, 46, 45, 92, 133, 103, 54, 100, 9, 362, 118, 38, 41, 103, 149, 96, 107, 106, 40, 80, 156, 42, 110, 72, 67, 96, 32, 33, 96, 169, 68, 38, 148, 52, 105, 160, 51, 42, 61, 43, 43, 424, 23, 0)
s = 43: (0, 156, 13, 118, 95, 27, 238, 100, 138, 32, 120, 59, 91, 209, 155, 17, 28, 18, 106, 28, 31, 132, 26, 91, 195, 40, 37, 63, 103, 126, 9, 36, 121, 11, 37, 20, 123, 12, 187, 50, 190, 118, 44, 198, 122, 19, 295, 163, 139, 23, 55, 184, 114, 77, 56, 128, 12, 228, 113, 24, 42, 87, 152, 122, 95, 143, 88, 93, 199, 48, 101, 121, 58, 90, 17, 50, 117, 188, 138, 29, 141, 62, 109, 150, 43, 36, 38, 49, 65, 206, 29, 0)
s = 44: (0, 199, 18, 153, 99, 25, 206, 86, 110, 26, 151, 39, 68, 225, 144, 15, 42, 25, 152, 22, 79, 90, 36, 120, 84, 101, 28, 49, 89, 168, 14, 20, 122, 14, 20, 17, 139, 24, 222, 96, 194, 94, 50, 155, 179, 20, 212, 153, 102, 18, 39, 136, 178, 96, 44, 122, 20, 287, 87, 24, 20, 156, 72, 94, 125, 130, 58, 54, 179, 50, 160, 89, 89, 110, 33, 38, 196, 145, 125, 37, 141, 49, 75, 125, 47, 34, 90, 27, 60, 471, 26, 0)
s = 45: (0, 145, 13, 63, 165, 37, 181, 87, 57, 37, 122, 86, 51, 179, 216, 21, 30, 36, 145, 44, 53, 102, 22, 185, 92, 74, 21, 60, 113, 137, 11, 43, 176, 23, 28, 16, 121, 10, 193, 68, 146, 90, 50, 169, 118, 42, 274, 138, 182, 31, 32, 112, 159, 82, 45, 100, 10, 220, 138, 24, 43, 145, 101, 82, 111, 290, 69, 83, 307, 33, 90, 162, 75, 60, 44, 64, 102, 138, 77, 34, 157, 52, 75, 122, 26, 33, 38, 40, 51, 439, 27, 0)
s = 46: (0, 164, 14, 108, 245, 27, 99, 64, 165, 31, 162, 65, 86, 272, 114, 15, 13, 24, 173, 22, 32, 104, 28, 125, 99, 55, 39, 63, 76, 198, 10, 44, 81, 10, 14, 9, 90, 18, 226, 62, 106, 107, 90, 140, 110, 40, 382, 145, 95, 22, 55, 93, 110, 75, 50, 164, 15, 156, 150, 17, 31, 161, 187, 62, 121, 160, 81, 50, 497, 27, 111, 153, 129, 65, 40, 32, 78, 132, 52, 27, 138, 47, 123, 116, 31, 35, 55, 40, 54, 196, 24, 0)
s = 47: (0, 199, 17, 132, 164, 38, 134, 69, 136, 38, 130, 60, 72, 197, 131, 25, 19, 30, 187, 43, 48, 96, 27, 138, 165, 56, 25, 114, 69, 136, 8, 28, 81, 19, 23, 13, 144, 11, 141, 66, 102, 169, 48, 130, 238, 22, 239, 160, 147, 19, 40, 92, 75, 54, 47, 138, 18, 155, 73, 36, 35, 120, 83, 116, 86, 155, 47, 47, 264, 45, 116, 197, 85, 71, 19, 23, 109, 86, 129, 35, 99, 64, 102, 94, 54, 51, 37, 47, 59, 572, 18, 0)
s = 48: (0, 73, 11, 139, 126, 41, 98, 79, 134, 44, 139, 56, 110, 158, 191, 15, 22, 22, 128, 28, 51, 115, 32, 83, 180, 58, 26, 46, 63, 174, 14, 27, 97, 19, 19, 18, 132, 19, 173, 74, 167, 165, 47, 102, 237, 21, 200, 94, 94, 22, 54, 109, 167, 116, 30, 105, 17, 237, 100, 25, 24, 159, 181, 63, 101, 141, 92, 80, 200, 48, 118, 116, 71, 77, 24, 26, 129, 140, 59, 44, 83, 44, 177, 163, 49, 46, 84, 51, 36, 236, 36, 0)
s = 49: (0, 154, 9, 74, 114, 43, 100, 74, 117, 41, 135, 87, 81, 138, 180, 14, 17, 25, 178, 28, 52, 163, 20, 119, 93, 82, 33, 59, 57, 156, 13, 30, 170, 14, 20, 9, 87, 25, 199, 46, 89, 97, 34, 195, 148, 27, 358, 129, 129, 40, 69, 66, 105, 74, 47, 122, 15, 133, 167, 30, 20, 148, 138, 96, 119, 122, 52, 86, 237, 30, 66, 77, 44, 86, 38, 37, 145, 143, 142, 56, 78, 50, 175, 129, 43, 54, 40, 48, 24, 245, 34, 0)
s = 50: (0, 132, 21, 93, 163, 46, 287, 121, 85, 79, 77, 52, 51, 108, 223, 17, 22, 17, 114, 56, 56, 167, 16, 138, 130, 99, 41, 60, 69, 161, 13, 33, 148, 15, 26, 18, 119, 13, 155, 44, 118, 180, 81, 203, 243, 19, 295, 143, 133, 20, 36, 116, 101, 60, 60, 109, 17, 162, 125, 24, 32, 133, 66, 73, 135, 195, 91, 47, 198, 50, 144, 113, 80, 48, 48, 56, 114, 118, 59, 58, 65, 70, 76, 89, 31, 32, 77, 24, 44, 175, 16, 0)
s = 51: (0, 73, 23, 177, 250, 27, 164, 96, 91, 59, 139, 69, 82, 124, 172, 19, 37, 36, 153, 38, 62, 172, 38, 171, 94, 59, 43, 58, 125, 80, 11, 29, 75, 13, 31, 13, 212, 23, 164, 46, 116, 171, 84, 126, 127, 27, 246, 169, 138, 35, 45, 79, 131, 57, 42, 103, 12, 184, 87, 27, 29, 118, 99, 73, 144, 213, 62, 66, 230, 29, 87, 107, 49, 75, 36, 47, 132, 201, 90, 52, 84, 52, 67, 230, 52, 30, 31, 35, 43, 341, 38, 0)
s = 52: (0, 95, 11, 100, 144, 30, 288, 62, 117, 52, 85, 101, 90, 140, 105, 27, 22, 20, 83, 34, 65, 75, 17, 206, 122, 67, 59, 97, 103, 97, 10, 28, 122, 14, 25, 11, 205, 14, 142, 73, 141, 152, 64, 224, 144, 34, 331, 123, 105, 27, 34, 73, 104, 124, 38, 94, 18, 208, 77, 29, 23, 91, 141, 117, 103, 199, 62, 86, 321, 29, 89, 118, 66, 88, 18, 40, 168, 173, 118, 61, 121, 47, 134, 101, 29, 36, 45, 31, 34, 163, 36, 0)
s = 53: (0, 186, 17, 89, 132, 37, 171, 73, 107, 41, 160, 56, 70, 129, 233, 14, 16, 14, 87, 36, 43, 114, 29, 188, 138, 62, 39, 82, 88, 102, 13, 49, 86, 19, 21, 11, 169, 12, 200, 71, 160, 113, 54, 161, 152, 19, 248, 154, 84, 18, 58, 85, 121, 88, 37, 90, 18, 225, 130, 19, 45, 189, 92, 101, 94, 131, 44, 58, 174, 67, 66, 106, 69, 66, 30, 25, 102, 160, 108, 45, 127, 94, 81, 89, 44, 31, 36, 69, 49, 225, 26, 0)
s = 54: (0, 122, 10, 64, 120, 42, 96, 72, 166, 41, 234, 88, 58, 92, 225, 27, 34, 26, 132, 28, 39, 191, 18, 204, 96, 108, 39, 78, 61, 187, 14, 31, 113, 12, 27, 14, 151, 17, 221, 76, 121, 112, 36, 283, 139, 20, 271, 169, 126, 27, 40, 80, 70, 118, 45, 152, 13, 197, 121, 31, 32, 174, 143, 111, 125, 136, 58, 85, 358, 51, 152, 88, 76, 122, 33, 27, 139, 175, 81, 53, 142, 41, 79, 73, 41, 25, 89, 44, 81, 340, 20, 0)
s = 55: (0, 133, 17, 147, 235, 37, 201, 128, 116, 38, 143, 46, 78, 187, 212, 18, 21, 24, 209, 43, 44, 89, 31, 215, 147, 60, 41, 101, 74, 153, 9, 27, 98, 12, 22, 14, 161, 25, 172, 64, 130, 105, 37, 165, 122, 40, 305, 158, 125, 40, 50, 105, 153, 44, 34, 95, 11, 139, 153, 31, 26, 84, 105, 122, 150, 176, 62, 97, 342, 39, 61, 73, 74, 143, 32, 34, 100, 182, 79, 39, 126, 60, 151, 97, 63, 21, 36, 37, 57, 304, 49, 0)
s = 56: (0, 121, 13, 71, 149, 31, 105, 69, 142, 45, 129, 82, 90, 187, 214, 21, 37, 17, 195, 41, 69, 148, 27, 194, 127, 81, 33, 42, 103, 99, 9, 34, 153, 16, 25, 13, 95, 13, 219, 98, 139, 115, 34, 131, 153, 21, 142, 117, 66, 19, 47, 116, 103, 102, 50, 127, 13, 307, 148, 24, 34, 97, 138, 87, 85, 150, 80, 95, 184, 77, 151, 140, 77, 106, 29, 38, 110, 163, 119, 42, 86, 52, 110, 92, 47, 42, 48, 35, 73, 300, 17, 0)
s = 57: (0, 119, 21, 79, 183, 27, 185, 56, 128, 62, 113, 117, 91, 198, 106, 19, 25, 26, 149, 41, 42, 161, 31, 254, 137, 47, 48, 70, 89, 166, 12, 30, 86, 19, 28, 9, 111, 13, 176, 86, 113, 195, 49, 273, 117, 29, 273, 110, 81, 35, 39, 89, 70, 72, 55, 197, 12, 243, 79, 18, 38, 196, 98, 88, 101, 226, 73, 59, 310, 50, 144, 160, 64, 130, 23, 22, 91, 158, 73, 27, 66, 56, 181, 109, 41, 27, 46, 24, 64, 245, 30, 0)
s = 58: (0, 134, 11, 81, 200, 35, 218, 59, 65, 36, 75, 58, 71, 134, 186, 22, 37, 21, 130, 25, 38, 129, 29, 178, 157, 78, 28, 85, 101, 148, 8, 46, 138, 15, 24, 14, 102, 13, 310, 73, 104, 179, 45, 144, 241, 34, 336, 146, 93, 32, 48, 128, 145, 54, 42, 129, 12, 126, 88, 22, 29, 223, 88, 67, 133, 113, 65, 70, 203, 50, 109, 88, 65, 78, 43, 23, 122, 127, 71, 57, 82, 59, 136, 125, 44, 26, 58, 30, 57, 397, 16, 0)
s = 59: (0, 125, 10, 124, 92, 23, 80, 71, 80, 66, 123, 85, 50, 150, 229, 14, 22, 18, 229, 45, 79, 182, 23, 135, 133, 44, 26, 99, 127, 81, 10, 22, 136, 19, 29, 12, 84, 16, 133, 55, 117, 155, 76, 98, 150, 18, 395, 185, 64, 36, 58, 94, 171, 85, 43, 191, 16, 138, 68, 39, 30, 122, 93, 128, 103, 219, 89, 90, 155, 28, 89, 79, 93, 99, 19, 49, 127, 94, 60, 42, 91, 52, 77, 69, 38, 27, 74, 69, 56, 278, 36, 0)
s = 60: (0, 95, 13, 88, 102, 34, 198, 103, 125, 69, 133, 47, 59, 232, 205, 12, 22, 23, 148, 38, 43, 163, 33, 212, 111, 88, 35, 73, 104, 120, 14, 28, 86, 13, 27, 15, 95, 23, 174, 38, 111, 71, 34, 130, 179, 26, 250, 111, 100, 34, 62, 114, 121, 84, 82, 183, 10, 200, 78, 20, 33, 228, 136, 83, 99, 257, 93, 64, 263, 34, 111, 89, 97, 70, 29, 33, 130, 195, 56, 31, 100, 56, 106, 178, 42, 38, 64, 27, 38, 344, 34, 0)
s = 61: (0, 81, 13, 73, 211, 26, 192, 90, 95, 63, 106, 42, 54, 188, 131, 21, 30, 21, 174, 28, 42, 94, 24, 227, 162, 128, 22, 72, 119, 108, 9, 36, 77, 17, 23, 10, 89, 16, 183, 106, 122, 137, 58, 137, 127, 45, 291, 146, 123, 23, 50, 101, 150, 99, 42, 114, 13, 169, 128, 25, 20, 141, 187, 54, 82, 257, 87, 87, 247, 60, 119, 68, 43, 50, 22, 19, 161, 137, 103, 55, 86, 76, 198, 70, 29, 41, 53, 50, 28, 213, 28, 0)
s = 62: (0, 180, 14, 140, 151, 31, 181, 145, 76, 50, 131, 59, 59, 147, 178, 23, 27, 32, 201, 29, 60, 93, 15, 99, 163, 102, 54, 71, 51, 155, 13, 33, 153, 12, 32, 14, 83, 11, 227, 50, 191, 71, 80, 226, 173, 27, 301, 189, 92, 27, 67, 139, 138, 123, 51, 136, 16, 293, 85, 21, 28, 203, 161, 118, 102, 150, 39, 96, 286, 43, 122, 134, 66, 91, 30, 28, 159, 191, 91, 57, 128, 58, 110, 109, 67, 36, 34, 35, 37, 222, 21, 0)
s = 63: (0, 119, 9, 173, 177, 25, 96, 112, 90, 51, 108, 80, 80, 105, 160, 18, 25, 20, 217, 32, 40, 93, 20, 150, 124, 88, 34, 60, 97, 228, 11, 25, 136, 10, 20, 9, 120, 10, 204, 57, 139, 155, 53, 121, 236, 28, 221, 159, 127, 26, 30, 78, 199, 103, 57, 134, 20, 134, 189, 31, 45, 96, 136, 74, 107, 157, 91, 61, 152, 44, 93, 118, 81, 104, 39, 40, 137, 138, 72, 59, 105, 48, 105, 113, 54, 30, 54, 28, 48, 274, 25, 0)
s = 64: (0, 71, 11, 64, 191, 25, 137, 100, 122, 65, 95, 84, 108, 221, 185, 16, 23, 30, 179, 29, 85, 153, 24, 118, 152, 65, 29, 101, 79, 141, 9, 37, 82, 19, 25, 13, 139, 12, 194, 33, 215, 100, 47, 167, 218, 36, 342, 182, 92, 20, 61, 136, 148, 83, 50, 125, 21, 217, 127, 20, 52, 120, 154, 120, 74, 224, 68, 52, 153, 72, 73, 81, 78, 64, 21, 41, 82, 199, 99, 44, 108, 39, 85, 152, 65, 30, 64, 56, 35, 151, 29, 0)
s = 65: (0, 96, 17, 120, 153, 18, 166, 62, 163, 38, 185, 99, 90, 206, 197, 21, 18, 30, 219, 40, 56, 72, 28, 127, 81, 78, 23, 66, 72, 164, 7, 27, 141, 15, 26, 13, 72, 21, 273, 40, 101, 108, 89, 167, 219, 18, 145, 149, 107, 28, 31, 151, 116, 112, 59, 86, 8, 175, 115, 29, 20, 169, 85, 97, 78, 185, 52, 82, 179, 44, 109, 92, 96, 89, 22, 30, 84, 241, 89, 53, 122, 45, 147, 129, 29, 25, 53, 28, 32, 335, 35, 0)
s = 66: (0, 159, 11, 104, 155, 51, 109, 178, 66, 65, 220, 51, 76, 143, 142, 27, 32, 25, 117, 29, 38, 98, 16, 129, 95, 73, 48, 81, 83, 108, 10, 36, 75, 14, 30, 16, 178, 19, 228, 75, 181, 78, 59, 162, 216, 22, 155, 126, 59, 29, 44, 209, 119, 60, 36, 83, 10, 305, 87, 36, 42, 112, 142, 76, 132, 142, 43, 48, 287, 61, 79, 144, 101, 51, 22, 21, 115, 125, 60, 48, 75, 42, 124, 130, 30, 41, 59, 27, 35, 169, 32, 0)
s = 67: (0, 198, 19, 71, 112, 37, 117, 180, 140, 26, 153, 67, 63, 103, 266, 29, 23, 21, 125, 19, 55, 91, 41, 131, 129, 107, 49, 68, 77, 105, 9, 22, 144, 22, 31, 9, 156, 12, 201, 47, 208, 95, 62, 116, 225, 31, 174, 98, 106, 19, 28, 116, 108, 126, 31, 133, 11, 255, 215, 21, 38, 133, 77, 82, 140, 158, 62, 46, 304, 39, 133, 85, 61, 68, 35, 35, 137, 122, 96, 48, 70, 33, 139, 90, 29, 20, 41, 40, 49, 207, 19, 0)
s = 68: (0, 190, 17, 130, 183, 28, 100, 170, 154, 64, 143, 58, 73, 229, 164, 18, 20, 18, 151, 26, 69, 101, 23, 184, 148, 42, 58, 93, 123, 112, 9, 36, 155, 18, 22, 9, 106, 24, 225, 45, 103, 185, 33, 145, 171, 25, 231, 229, 76, 25, 40, 86, 97, 91, 41, 172, 17, 242, 142, 31, 46, 148, 112, 66, 148, 229, 65, 69, 349, 66, 114, 127, 100, 57, 24, 32, 133, 95, 82, 34, 80, 43, 123, 83, 29, 27, 38, 43, 59, 274, 30, 0)
s = 69: (0, 160, 10, 102, 168, 24, 148, 71, 114, 49, 156, 95, 76, 226, 282, 23, 19, 18, 118, 52, 66, 163, 24, 135, 103, 69, 35, 65, 101, 160, 17, 36, 84, 14, 20, 18, 115, 10, 101, 37, 94, 174, 31, 115, 176, 40, 287, 170, 100, 30, 34, 129, 137, 74, 36, 118, 17, 288, 94, 48, 27, 113, 161, 74, 110, 166, 75, 61, 202, 36, 138, 101, 80, 96, 32, 22, 90, 131, 183, 48, 116, 34, 97, 133, 39, 30, 34, 25, 27, 344, 43, 0)
s = 70: (0, 154, 16, 163, 99, 21, 156, 72, 106, 44, 75, 93, 50, 159, 201, 15, 16, 18, 187, 19, 57, 126, 46, 118, 95, 90, 37, 81, 102, 180, 13, 43, 135, 22, 17, 15, 174, 28, 186, 32, 180, 192, 80, 289, 124, 31, 253, 120, 134, 20, 29, 89, 145, 47, 27, 97, 15, 335, 92, 33, 46, 114, 219, 97, 70, 172, 38, 51, 267, 32, 136, 143, 48, 79, 25, 23, 85, 123, 71, 53, 111, 50, 176, 199, 56, 26, 68, 32, 60, 199, 24, 0)
s = 71: (0, 83, 8, 117, 261, 19, 142, 70, 93, 39, 102, 57, 57, 180, 140, 13, 18, 27, 187, 22, 69, 118, 43, 235, 158, 64, 36, 66, 52, 153, 8, 28, 147, 17, 26, 10, 165, 28, 167, 104, 139, 113, 79, 204, 174, 19, 271, 191, 76, 27, 60, 125, 156, 75, 60, 143, 23, 188, 169, 28, 52, 144, 115, 79, 65, 232, 50, 100, 296, 80, 159, 73, 65, 105, 31, 24, 175, 113, 124, 36, 61, 43, 108, 85, 28, 20, 71, 58, 60, 303, 22, 0)
s = 72: (0, 185, 15, 82, 224, 38, 129, 108, 137, 45, 110, 92, 44, 101, 141, 18, 20, 22, 123, 39, 42, 74, 19, 96, 84, 68, 24, 48, 114, 140, 7, 28, 155, 19, 15, 13, 182, 15, 128, 68, 155, 162, 82, 212, 189, 30, 179, 120, 126, 38, 68, 84, 116, 92, 38, 209, 18, 121, 108, 33, 36, 183, 115, 59, 111, 140, 82, 90, 252, 30, 107, 74, 60, 85, 39, 38, 133, 112, 83, 54, 67, 44, 100, 98, 32, 34, 56, 46, 46, 379, 20, 0)
s = 73: (0, 184, 24, 131, 187, 25, 155, 60, 91, 31, 143, 67, 79, 199, 109, 13, 19, 26, 165, 32, 45, 132, 25, 115, 76, 62, 58, 88, 80, 141, 9, 44, 141, 16, 22, 12, 132, 13, 181, 33, 102, 200, 46, 114, 228, 40, 222, 183, 112, 43, 58, 97, 73, 55, 57, 83, 17, 223, 112, 39, 44, 208, 92, 66, 58, 165, 63, 97, 242, 37, 55, 96, 66, 107, 24, 49, 92, 82, 52, 50, 68, 58, 101, 242, 35, 46, 52, 47, 33, 485, 18, 0)
s = 74: (0, 134, 21, 164, 200, 34, 122, 82, 102, 51, 111, 62, 83, 241, 154, 15, 20, 38, 207, 36, 41, 66, 17, 147, 84, 45, 39, 107, 75, 130, 11, 35, 157, 17, 17, 10, 173, 20, 207, 77, 78, 128, 93, 231, 150, 48, 256, 138, 142, 37, 33, 144, 185, 131, 34, 70, 8, 197, 90, 28, 28, 156, 172, 68, 82, 158, 54, 82, 302, 78, 91, 94, 86, 86, 19, 41, 195, 208, 119, 55, 67, 46, 77, 204, 46, 37, 51, 38, 32, 228, 15, 0)
s = 75: (0, 87, 17, 132, 144, 40, 165, 63, 97, 53, 88, 84, 93, 151, 242, 15, 17, 16, 121, 40, 35, 154, 33, 204, 90, 46, 50, 78, 86, 238, 10, 23, 180, 18, 22, 16, 85, 11, 113, 68, 138, 73, 67, 186, 200, 34, 248, 177, 87, 36, 40, 148, 116, 99, 59, 99, 12, 220, 128, 38, 31, 118, 175, 70, 75, 169, 56, 61, 150, 45, 65, 77, 76, 56, 29, 20, 157, 177, 112, 50, 72, 48, 122, 187, 37, 26, 60, 24, 32, 284, 25, 0)
s = 76: (0, 152, 12, 92, 196, 38, 155, 62, 75, 54, 71, 94, 83, 183, 197, 13, 19, 31, 184, 42, 35, 107, 20, 149, 73, 51, 25, 92, 116, 143, 8, 25, 176, 15, 18, 12, 120, 14, 131, 55, 112, 104, 72, 106, 178, 19, 245, 196, 84, 47, 80, 64, 107, 43, 39, 207, 14, 266, 228, 23, 29, 114, 77, 138, 63, 184, 63, 92, 348, 35, 54, 85, 81, 47, 17, 27, 106, 180, 106, 80, 90, 56, 77, 85, 38, 25, 45, 59, 34, 393, 26, 0)
s = 77: (0, 91, 16, 157, 145, 27, 134, 99, 122, 52, 93, 60, 70, 249, 179, 14, 37, 26, 127, 33, 66, 73, 20, 138, 98, 75, 53, 103, 140, 86, 7, 52, 79, 12, 36, 12, 126, 25, 186, 37, 180, 77, 66, 218, 169, 19, 246, 94, 103, 22, 38, 88, 133, 73, 36, 144, 23, 215, 95, 23, 29, 110, 130, 106, 58, 146, 76, 65, 195, 51, 135, 153, 69, 86, 19, 23, 155, 117, 80, 84, 74, 55, 110, 122, 58, 27, 44, 45, 79, 382, 28, 0)
s = 78: (0, 127, 15, 203, 115, 29, 196, 109, 151, 29, 86, 60, 55, 192, 159, 11, 14, 34, 211, 21, 33, 97, 20, 208, 92, 71, 35, 53, 51, 92, 12, 36, 110, 11, 20, 16, 131, 21, 134, 31, 117, 213, 47, 106, 214, 28, 321, 175, 144, 30, 65, 127, 103, 101, 38, 166, 14, 160, 92, 19, 51, 91, 151, 69, 84, 125, 37, 71, 190, 46, 93, 110, 84, 93, 44, 23, 190, 95, 74, 53, 94, 50, 118, 87, 62, 30, 51, 25, 49, 250, 20, 0)
s = 79: (0, 133, 11, 78, 101, 35, 250, 105, 109, 32, 115, 86, 90, 169, 131, 16, 20, 28, 171, 35, 55, 114, 17, 198, 65, 68, 45, 46, 129, 94, 9, 19, 100, 19, 24, 14, 83, 19, 214, 62, 138, 131, 68, 110, 156, 28, 287, 195, 109, 29, 70, 151, 107, 90, 25, 119, 18, 282, 165, 19, 23, 89, 109, 132, 83, 237, 35, 118, 154, 27, 97, 73, 91, 88, 20, 25, 149, 124, 131, 49, 117, 28, 113, 108, 40, 29, 67, 47, 36, 259, 25, 0)
s = 80: (0, 114, 13, 83, 217, 50, 103, 106, 126, 41, 193, 77, 52, 141, 168, 16, 25, 28, 128, 43, 59, 154, 21, 116, 78, 57, 56, 40, 73, 73, 7, 34, 85, 15, 16, 13, 86, 17, 160, 35, 136, 79, 72, 234, 201, 35, 241, 187, 76, 45, 62, 128, 186, 83, 46, 94, 13, 296, 177, 26, 44, 124, 147, 122, 92, 219, 58, 109, 224, 50, 124, 108, 90, 76, 24, 22, 109, 181, 69, 66, 61, 54, 97, 91, 54, 30, 60, 54, 32, 224, 26, 0)
s = 81: (0, 165, 11, 140, 180, 30, 138, 147, 108, 50, 119, 65, 96, 231, 227, 14, 16, 32, 179, 34, 80, 162, 29, 162, 101, 42, 31, 56, 95, 120, 14, 33, 141, 13, 14, 9, 109, 16, 122, 36, 187, 190, 65, 149, 118, 19, 164, 140, 87, 30, 74, 80, 160, 68, 36, 103, 14, 157, 86, 40, 55, 97, 128, 78, 156, 244, 33, 84, 248, 33, 83, 67, 79, 57, 31, 42, 163, 190, 115, 58, 109, 64, 135, 77, 36, 21, 30, 50, 40, 320, 33, 0)
s = 82: (0, 107, 10, 68, 153, 27, 94, 55, 99, 46, 134, 73, 90, 147, 174, 13, 43, 39, 234, 22, 37, 108, 31, 107, 84, 95, 42, 79, 72, 144, 9, 49, 82, 20, 31, 13, 176, 11, 204, 51, 170, 94, 85, 213, 156, 35, 209, 122, 125, 21, 91, 140, 91, 64, 36, 105, 11, 187, 139, 33, 34, 201, 102, 151, 161, 220, 56, 105, 146, 39, 107, 97, 58, 106, 22, 40, 118, 137, 90, 52, 85, 44, 119, 208, 61, 39, 72, 37, 71, 365, 29, 0)
s = 83: (0, 206, 11, 112, 124, 43, 166, 68, 132, 27, 118, 119, 99, 130, 131, 16, 38, 25, 201, 40, 31, 125, 29, 220, 83, 103, 35, 76, 66, 123, 12, 32, 79, 18, 26, 8, 72, 28, 270, 84, 117, 120, 65, 199, 244, 20, 199, 106, 105, 30, 49, 149, 115, 81, 53, 150, 14, 134, 135, 34, 32, 113, 112, 114, 62, 177, 63, 120, 324, 39, 133, 107, 76, 50, 22, 36, 140, 145, 98, 54, 164, 43, 94, 140, 49, 43, 44, 39, 55, 308, 20, 0)
s = 84: (0, 170, 11, 74, 134, 29, 214, 141, 163, 29, 101, 86, 67, 181, 115, 13, 18, 43, 172, 44, 45, 114, 21, 94, 104, 104, 43, 67, 105, 157, 8, 44, 160, 15, 38, 15, 85, 19, 165, 75, 94, 150, 62, 121, 196, 29, 168, 158, 68, 24, 39, 82, 145, 100, 83, 150, 15, 156, 70, 21, 51, 163, 124, 91, 108, 358, 41, 74, 229, 31, 107, 172, 71, 55, 39, 25, 90, 89, 87, 46, 78, 98, 109, 95, 57, 29, 46, 41, 35, 262, 29, 0)
s = 85: (0, 113, 9, 156, 184, 39, 166, 158, 114, 38, 115, 110, 65, 121, 163, 16, 21, 36, 92, 36, 45, 140, 27, 212, 91, 84, 31, 53, 103, 194, 10, 46, 99, 14, 24, 11, 141, 14, 187, 46, 190, 144, 53, 174, 130, 38, 233, 138, 60, 18, 56, 110, 98, 97, 54, 149, 17, 196, 111, 19, 40, 140, 73, 117, 68, 128, 41, 56, 266, 38, 107, 67, 99, 64, 19, 34, 73, 140, 129, 52, 85, 71, 156, 87, 41, 31, 89, 41, 52, 300, 21, 0)
s = 86: (0, 147, 9, 127, 190, 28, 208, 79, 133, 51, 111, 82, 74, 130, 241, 17, 24, 26, 140, 32, 53, 145, 20, 119, 116, 65, 33, 46, 52, 81, 9, 39, 129, 12, 31, 11, 104, 14, 95, 39, 148, 121, 89, 186, 149, 25, 218, 122, 101, 32, 34, 83, 152, 68, 70, 123, 12, 286, 91, 20, 37, 153, 113, 67, 132, 106, 45, 86, 344, 39, 133, 99, 40, 43, 15, 38, 145, 194, 90, 75, 79, 32, 105, 115, 51, 30, 52, 41, 27, 219, 19, 0)
s = 87: (0, 141, 10, 81, 135, 28, 260, 79, 135, 56, 70, 81, 72, 326, 202, 22, 14, 21, 156, 30, 40, 111, 20, 177, 84, 37, 26, 87, 50, 102, 8, 23, 113, 25, 21, 23, 91, 14, 231, 48, 97, 78, 61, 165, 117, 30, 326, 99, 73, 19, 45, 89, 113, 129, 39, 82, 8, 279, 71, 28, 31, 193, 137, 75, 83, 135, 55, 65, 353, 33, 93, 139, 40, 85, 22, 38, 203, 164, 76, 44, 122, 81, 127, 110, 32, 25, 50, 31, 54, 317, 20, 0)
s = 88: (0, 125, 17, 101, 232, 39, 184, 88, 97, 35, 125, 46, 66, 220, 185, 16, 32, 25, 212, 26, 81, 101, 23, 169, 123, 106, 35, 81, 71, 128, 10, 32, 89, 21, 28, 16, 117, 18, 136, 47, 172, 172, 82, 295, 126, 29, 188, 115, 73, 29, 57, 81, 180, 100, 31, 91, 19, 305, 85, 22, 62, 163, 182, 95, 131, 270, 58, 120, 273, 40, 127, 103, 70, 53, 33, 48, 113, 94, 79, 46, 60, 38, 74, 149, 31, 25, 37, 65, 38, 204, 34, 0)
s = 89: (0, 74, 14, 181, 157, 36, 121, 116, 158, 26, 158, 56, 63, 119, 204, 20, 26, 29, 256, 38, 35, 80, 28, 142, 92, 99, 60, 82, 65, 171, 14, 50, 137, 12, 26, 11, 154, 17, 154, 63, 168, 136, 90, 267, 261, 28, 312, 87, 198, 47, 73, 95, 98, 60, 43, 157, 18, 159, 137, 41, 24, 227, 110, 71, 106, 207, 45, 73, 351, 47, 127, 87, 91, 92, 17, 21, 205, 112, 75, 40, 93, 30, 107, 117, 50, 44, 42, 35, 42, 313, 28, 0)
s = 90: (0, 116, 13, 69, 231, 24, 189, 66, 78, 45, 95, 82, 118, 131, 136, 11, 25, 28, 111, 40, 36, 103, 25, 113, 137, 88, 31, 104, 73, 149, 9, 32, 105, 9, 28, 16, 105, 14, 132, 45, 143, 135, 82, 182, 133, 23, 286, 98, 92, 15, 42, 139, 160, 59, 48, 87, 22, 174, 140, 36, 43, 147, 142, 99, 74, 187, 51, 93, 293, 51, 93, 89, 66, 83, 25, 30, 150, 96, 83, 33, 81, 54, 171, 226, 27, 59, 40, 71, 24, 276, 31, 0)
s = 91: (0, 182, 17, 130, 112, 28, 123, 176, 124, 34, 116, 66, 89, 156, 178, 18, 45, 23, 182, 25, 76, 162, 18, 218, 111, 93, 34, 107, 102, 150, 17, 32, 83, 22, 28, 18, 122, 20, 145, 53, 84, 83, 92, 225, 133, 28, 371, 103, 157, 23, 64, 195, 99, 49, 43, 97, 18, 298, 196, 30, 29, 147, 168, 146, 178, 193, 88, 70, 195, 87, 109, 89, 72, 89, 23, 37, 141, 209, 62, 57, 85, 43, 206, 107, 57, 50, 51, 41, 46, 250, 27, 0)
s = 92: (0, 97, 9, 88, 144, 40, 172, 86, 189, 46, 78, 78, 74, 97, 237, 29, 17, 28, 204, 34, 43, 107, 15, 260, 126, 83, 45, 92, 122, 170, 8, 50, 96, 14, 19, 13, 91, 24, 207, 38, 152, 151, 72, 271, 190, 42, 259, 135, 105, 22, 41, 80, 138, 102, 34, 126, 9, 238, 90, 17, 29, 124, 129, 104, 80, 104, 36, 74, 479, 46, 66, 94, 113, 59, 32, 51, 180, 236, 111, 36, 129, 49, 142, 135, 33, 35, 33, 32, 31, 225, 34, 0)
s = 93: (0, 119, 15, 150, 196, 38, 86, 149, 113, 33, 138, 85, 57, 123, 255, 28, 32, 28, 100, 37, 50, 74, 14, 203, 70, 70, 53, 55, 63, 113, 9, 33, 120, 13, 20, 16, 92, 13, 149, 38, 122, 114, 70, 224, 241, 33, 240, 152, 101, 16, 39, 128, 185, 85, 60, 122, 15, 132, 102, 26, 43, 174, 96, 71, 131, 191, 46, 63, 158, 38, 81, 195, 88, 125, 21, 34, 110, 109, 158, 57, 113, 64, 104, 139, 55, 21, 41, 38, 47, 343, 15, 0)
s = 94: (0, 122, 23, 81, 124, 20, 109, 104, 78, 39, 112, 60, 55, 205, 229, 16, 34, 24, 144, 36, 68, 132, 23, 146, 108, 78, 52, 63, 55, 109, 11, 30, 102, 17, 17, 11, 178, 23, 221, 40, 121, 142, 65, 211, 129, 25, 171, 165, 164, 28, 57, 95, 116, 83, 46, 137, 10, 178, 152, 36, 26, 168, 161, 148, 104, 182, 77, 97, 222, 56, 67, 103, 39, 85, 26, 30, 164, 165, 73, 37, 111, 29, 113, 132, 33, 27, 56, 56, 56, 211, 31, 0)
s = 95: (0, 132, 9, 170, 112, 28, 250, 84, 105, 54, 83, 50, 72, 239, 224, 22, 17, 20, 188, 30, 36, 93, 16, 196, 143, 55, 29, 46, 55, 130, 13, 31, 145, 12, 27, 13, 78, 19, 239, 82, 103, 128, 69, 190, 210, 28, 274, 155, 77, 33, 42, 80, 75, 86, 54, 165, 15, 183, 121, 40, 24, 115, 83, 63, 110, 247, 80, 90, 357, 37, 156, 131, 47, 84, 19, 22, 114, 116, 69, 34, 74, 30, 144, 88, 50, 32, 81, 35, 55, 410, 30, 0)
s = 96: (0, 95, 16, 143, 147, 37, 203, 175, 119, 30, 150, 91, 57, 212, 253, 16, 16, 32, 168, 32, 78, 131, 16, 199, 100, 48, 54, 96, 116, 149, 6, 51, 159, 15, 19, 18, 74, 16, 159, 78, 187, 103, 64, 238, 163, 35, 241, 121, 96, 23, 73, 116, 99, 70, 33, 118, 13, 174, 152, 22, 23, 118, 95, 72, 86, 181, 57, 79, 290, 42, 113, 112, 68, 87, 43, 21, 118, 232, 100, 41, 75, 51, 163, 112, 45, 24, 58, 39, 44, 174, 29, 0)
s = 97: (0, 115, 19, 137, 135, 30, 126, 96, 104, 28, 81, 80, 50, 184, 254, 19, 30, 37, 164, 36, 50, 62, 27, 97, 110, 85, 35, 76, 95, 153, 7, 34, 81, 25, 22, 15, 136, 18, 130, 72, 97, 212, 52, 214, 227, 21, 308, 217, 108, 28, 50, 104, 85, 50, 37, 114, 19, 269, 102, 24, 33, 162, 79, 88, 135, 131, 57, 65, 158, 48, 102, 129, 88, 61, 19, 25, 84, 226, 81, 36, 101, 54, 98, 111, 49, 47, 69, 41, 34, 171, 22, 0)
s = 98: (0, 122, 8, 102, 124, 34, 115, 161, 150, 25, 113, 40, 81, 192, 103, 24, 14, 21, 184, 36, 72, 115, 17, 94, 77, 66, 37, 61, 93, 200, 10, 48, 119, 17, 24, 10, 105, 21, 146, 52, 204, 207, 61, 143, 87, 17, 384, 118, 92, 16, 64, 78, 76, 83, 44, 106, 10, 222, 82, 25, 34, 162, 113, 110, 87, 170, 39, 85, 306, 56, 94, 130, 61, 41, 33, 24, 99, 150, 155, 49, 83, 73, 143, 104, 56, 33, 48, 38, 47, 479, 23, 0)
s = 99: (0, 150, 15, 90, 87, 28, 152, 130, 62, 45, 138, 65, 117, 172, 171, 15, 30, 31, 169, 34, 65, 178, 36, 212, 129, 58, 58, 73, 96, 116, 13, 27, 81, 18, 22, 24, 97, 21, 173, 58, 92, 105, 51, 193, 182, 33, 159, 180, 56, 33, 83, 74, 75, 45, 57, 152, 15, 190, 124, 22, 47, 154, 84, 134, 184, 266, 44, 68, 187, 54, 83, 90, 97, 88, 30, 42, 132, 184, 129, 60, 136, 48, 80, 152, 32, 29, 85, 32, 38, 264, 26, 0)
s = 100: (0, 133, 9, 135, 165, 35, 159, 74, 89, 54, 136, 41, 130, 213, 197, 20, 21, 22, 162, 30, 46, 183, 27, 213, 111, 89, 30, 81, 92, 166, 11, 39, 89, 16, 18, 13, 109, 11, 167, 77, 128, 92, 84, 227, 143, 46, 308, 124, 115, 21, 50, 89, 106, 49, 35, 168, 14, 207, 98, 22, 42, 144, 150, 96, 142, 239, 63, 61, 328, 43, 131, 109, 84, 73, 18, 24, 133, 186, 96, 44, 147, 44, 87, 158, 31, 43, 67, 47, 37, 246, 24, 0)
s = 101: (0, 102, 16, 118, 202, 34, 222, 66, 68, 77, 116, 81, 60, 139, 143, 16, 32, 30, 100, 29, 41, 75, 27, 183, 79, 83, 31, 86, 85, 108, 9, 66, 138, 18, 20, 15, 171, 23, 151, 48, 99, 139, 61, 145, 219, 38, 191, 97, 107, 20, 38, 116, 153, 118, 62, 138, 11, 176, 116, 37, 32, 123, 132, 68, 105, 174, 55, 85, 197, 33, 81, 118, 72, 77, 25, 26, 85, 121, 104, 27, 107, 53, 104, 164, 40, 26, 52, 31, 48, 216, 23, 0)
s = 102: (0, 102, 12, 111, 91, 30, 122, 102, 135, 53, 109, 100, 86, 170, 179, 20, 42, 27, 186, 50, 55, 142, 19, 166, 97, 109, 42, 59, 130, 83, 7, 36, 139, 17, 21, 12, 114, 14, 155, 43, 134, 153, 40, 192, 183, 34, 428, 144, 135, 19, 49, 106, 149, 86, 34, 150, 16, 179, 137, 34, 37, 177, 161, 58, 123, 227, 60, 118, 347, 60, 75, 115, 87, 102, 37, 31, 102, 115, 51, 77, 113, 54, 163, 168, 47, 20, 64, 58, 43, 353, 19, 0)
s = 103: (0, 103, 15, 152, 163, 30, 119, 83, 188, 41, 112, 57, 90, 119, 165, 28, 23, 45, 194, 26, 55, 171, 30, 165, 115, 76, 45, 53, 79, 213, 12, 34, 123, 19, 25, 10, 141, 17, 200, 41, 126, 132, 50, 229, 144, 17, 252, 158, 91, 26, 31, 169, 114, 139, 33, 73, 21, 365, 198, 26, 43, 196, 106, 118, 78, 119, 46, 143, 141, 69, 127, 163, 62, 40, 37, 27, 192, 91, 59, 42, 179, 64, 81, 106, 64, 49, 50, 55, 32, 331, 32, 0)
s = 104: (0, 82, 13, 92, 129, 20, 129, 106, 74, 59, 71, 55, 42, 146, 248, 16, 25, 20, 125, 42, 60, 159, 26, 247, 185, 57, 54, 59, 99, 156, 10, 32, 204, 11, 24, 13, 117, 17, 210, 89, 181, 137, 101, 148, 161, 27, 203, 191, 105, 20, 60, 81, 90, 55, 56, 129, 15, 123, 148, 33, 63, 130, 69, 90, 106, 178, 49, 88, 189, 56, 98, 96, 60, 64, 37, 46, 121, 190, 114, 39, 101, 77, 96, 125, 41, 31, 64, 43, 49, 250, 30, 0)
s = 105: (0, 146, 14, 119, 125, 37, 218, 135, 146, 37, 129, 53, 96, 173, 164, 15, 32, 16, 127, 35, 44, 79, 19, 228, 105, 116, 43, 64, 117, 96, 11, 30, 109, 12, 20, 14, 120, 22, 205, 36, 123, 199, 96, 99, 181, 28, 247, 189, 99, 34, 38, 117, 119, 96, 87, 148, 23, 149, 113, 22, 25, 131, 136, 108, 108, 234, 65, 66, 222, 33, 128, 114, 110, 114, 27, 36, 128, 136, 64, 38, 109, 74, 67, 96, 36, 32, 50, 35, 29, 379, 22, 0)
s = 106: (0, 111, 11, 122, 244, 41, 126, 96, 104, 35, 96, 40, 48, 135, 233, 16, 26, 17, 102, 30, 54, 124, 17, 170, 142, 87, 39, 46, 96, 133, 17, 28, 122, 18, 29, 15, 147, 13, 143, 38, 122, 89, 49, 230, 165, 29, 357, 137, 158, 23, 67, 74, 118, 80, 43, 81, 12, 267, 127, 23, 36, 88, 161, 67, 60, 209, 64, 107, 331, 73, 74, 70, 70, 88, 24, 39, 121, 165, 119, 29, 81, 42, 117, 179, 46, 38, 41, 55, 26, 219, 18, 0)
s = 107: (0, 107, 16, 76, 182, 45, 104, 71, 107, 41, 122, 57, 69, 198, 200, 16, 24, 21, 114, 33, 47, 99, 43, 237, 126, 80, 22, 40, 60, 91, 9, 53, 148, 20, 23, 12, 118, 14, 170, 52, 125, 95, 70, 235, 115, 18, 171, 194, 149, 28, 46, 101, 101, 72, 61, 103, 8, 186, 100, 28, 27, 112, 64, 117, 90, 166, 72, 86, 417, 46, 68, 99, 62, 78, 35, 31, 89, 130, 136, 45, 159, 61, 138, 149, 32, 53, 46, 33, 67, 414, 33, 0)
s = 108: (0, 121, 15, 187, 259, 33, 186, 178, 95, 46, 132, 60, 78, 175, 320, 11, 16, 36, 105, 34, 55, 87, 24, 98, 85, 119, 59, 89, 126, 193, 8, 25, 94, 10, 25, 17, 93, 21, 165, 34, 186, 130, 50, 147, 114, 32, 321, 103, 89, 30, 54, 125, 154, 66, 55, 122, 9, 190, 120, 20, 44, 194, 85, 73, 102, 235, 65, 66, 348, 40, 91, 83, 75, 70, 43, 30, 79, 177, 108, 59, 112, 45, 146, 143, 28, 36, 51, 22, 46, 285, 36, 0)
s = 109: (0, 146, 9, 99, 245, 44, 130, 52, 91, 34, 190, 96, 126, 98, 146, 21, 15, 34, 94, 34, 30, 144, 23, 134, 113, 47, 26, 65, 84, 157, 8, 39, 75, 24, 27, 16, 122, 11, 220, 71, 102, 138, 47, 252, 158, 32, 201, 114, 99, 17, 45, 85, 115, 64, 44, 101, 21, 220, 93, 33, 25, 104, 161, 57, 125, 223, 73, 81, 261, 51, 54, 145, 54, 71, 25, 41, 179, 103, 67, 31, 89, 48, 148, 101, 39, 32, 73, 51, 47, 286, 16, 0)
s = 110: (0, 182, 15, 85, 134, 31, 125, 60, 126, 64, 161, 60, 52, 212, 183, 24, 33, 22, 133, 20, 46, 209, 16, 116, 96, 49, 39, 93, 131, 154, 8, 34, 175, 18, 28, 16, 148, 13, 163, 48, 122, 125, 100, 141, 190, 28, 364, 129, 75, 39, 81, 113, 97, 54, 35, 69, 10, 134, 111, 36, 29, 129, 110, 129, 163, 116, 67, 120, 245, 39, 94, 66, 69, 64, 34, 40, 164, 126, 138, 59, 60, 57, 77, 152, 49, 41, 36, 50, 53, 211, 26, 0)
s = 111: (0, 74, 14, 145, 127, 33, 96, 64, 138, 34, 188, 74, 73, 120, 298, 18, 17, 37, 109, 34, 40, 112, 29, 214, 108, 113, 43, 54, 76, 186, 8, 25, 116, 17, 30, 14, 113, 15, 175, 50, 135, 156, 54, 110, 133, 18, 167, 165, 70, 31, 35, 82, 164, 75, 74, 126, 19, 301, 83, 17, 21, 190, 150, 135, 128, 98, 33, 50, 279, 33, 80, 85, 116, 58, 17, 30, 130, 78, 121, 65, 62, 32, 103, 133, 46, 36, 44, 25, 37, 268, 21, 0)
s = 112: (0, 116, 20, 113, 138, 45, 88, 59, 74, 45, 70, 64, 56, 177, 122, 24, 15, 39, 174, 43, 96, 72, 35, 100, 79, 92, 26, 69, 101, 131, 7, 36, 130, 17, 15, 15, 112, 26, 172, 42, 152, 92, 93, 227, 86, 21, 431, 185, 132, 37, 50, 90, 144, 96, 49, 91, 10, 222, 151, 15, 49, 122, 68, 58, 106, 242, 70, 93, 166, 64, 74, 92, 83, 79, 41, 33, 117, 146, 52, 26, 79, 66, 89, 78, 61, 28, 38, 22, 40, 197, 32, 0)
s = 113: (0, 90, 12, 78, 123, 23, 220, 117, 124, 56, 138, 117, 71, 147, 226, 15, 24, 16, 98, 28, 40, 85, 41, 157, 106, 65, 33, 38, 85, 156, 8, 27, 86, 12, 23, 10, 132, 25, 162, 37, 122, 109, 37, 161, 136, 29, 203, 102, 133, 33, 63, 100, 127, 94, 38, 105, 18, 212, 72, 21, 27, 141, 153, 97, 119, 304, 35, 59, 255, 56, 103, 165, 59, 97, 35, 47, 237, 123, 72, 25, 73, 78, 164, 121, 36, 25, 53, 41, 30, 167, 17, 0)
s = 114: (0, 82, 20, 114, 185, 26, 121, 108, 103, 44, 131, 57, 47, 131, 186, 13, 35, 36, 143, 34, 31, 125, 33, 122, 110, 82, 41, 79, 120, 81, 11, 29, 88, 21, 21, 14, 101, 19, 138, 58, 114, 198, 64, 113, 134, 33, 197, 146, 71, 20, 26, 118, 89, 52, 27, 171, 12, 217, 71, 22, 38, 99, 152, 99, 138, 110, 51, 99, 319, 39, 58, 87, 42, 84, 42, 29, 79, 265, 80, 58, 91, 43, 65, 123, 56, 34, 57, 62, 32, 196, 17, 0)
s = 115: (0, 113, 18, 90, 221, 28, 208, 86, 152, 68, 77, 65, 73, 150, 266, 17, 30, 34, 123, 36, 36, 92, 20, 129, 139, 52, 36, 40, 106, 135, 7, 34, 86, 12, 17, 13, 146, 15, 157, 47, 139, 127, 40, 201, 125, 20, 346, 139, 112, 29, 55, 158, 86, 90, 46, 122, 10, 135, 107, 28, 44, 129, 119, 98, 70, 371, 63, 105, 309, 58, 66, 152, 95, 135, 25, 26, 185, 121, 107, 35, 89, 50, 84, 118, 32, 32, 71, 57, 61, 315, 15, 0)
s = 116: (0, 185, 13, 127, 255, 37, 142, 142, 120, 73, 101, 43, 110, 128, 235, 32, 21, 26, 147, 33, 65, 137, 21, 202, 65, 97, 43, 74, 148, 246, 12, 37, 89, 13, 34, 14, 155, 15, 166, 53, 103, 162, 91, 144, 234, 16, 151, 162, 93, 31, 66, 81, 103, 97, 40, 134, 11, 255, 99, 48, 25, 96, 124, 91, 175, 177, 52, 61, 232, 47, 58, 134, 85, 109, 43, 38, 151, 141, 140, 58, 90, 55, 137, 153, 25, 34, 76, 31, 55, 166, 27, 0)
s = 117: (0, 119, 21, 143, 194, 60, 210, 128, 113, 61, 109, 53, 62, 256, 98, 28, 26, 29, 151, 25, 79, 123, 33, 158, 152, 62, 46, 73, 117, 164, 9, 49, 115, 15, 22, 10, 71, 15, 186, 58, 107, 83, 91, 96, 135, 16, 294, 122, 82, 22, 35, 99, 120, 48, 58, 158, 18, 251, 83, 23, 32, 105, 77, 71, 63, 259, 44, 66, 227, 41, 133, 83, 94, 104, 35, 33, 131, 109, 97, 26, 55, 55, 134, 127, 40, 23, 48, 24, 52, 245, 23, 0)
s = 118: (0, 117, 13, 88, 112, 22, 105, 134, 146, 41, 68, 71, 104, 137, 165, 18, 15, 38, 108, 49, 82, 133, 26, 139, 150, 64, 20, 113, 72, 100, 7, 24, 139, 28, 28, 9, 110, 14, 156, 51, 161, 104, 57, 185, 212, 24, 152, 79, 88, 32, 30, 132, 127, 48, 35, 90, 23, 208, 177, 18, 45, 110, 78, 76, 96, 154, 55, 67, 285, 50, 87, 72, 88, 95, 22, 39, 96, 194, 97, 61, 100, 46, 118, 139, 25, 38, 50, 31, 51, 185, 17, 0)
s = 119: (0, 178, 14, 127, 122, 28, 204, 83, 69, 54, 82, 98, 83, 146, 258, 26, 19, 28, 199, 30, 66, 146, 23, 187, 119, 44, 51, 74, 83, 133, 7, 35, 141, 17, 34, 15, 135, 11, 298, 83, 184, 115, 80, 122, 94, 18, 202, 126, 68, 21, 67, 106, 177, 124, 37, 135, 12, 225, 112, 28, 22, 211, 106, 148, 145, 156, 61, 84, 305, 36, 78, 135, 108, 99, 33, 21, 101, 87, 68, 40, 90, 39, 91, 168, 46, 44, 53, 29, 45, 290, 16, 0)
s = 120: (0, 207, 15, 128, 151, 27, 179, 61, 129, 38, 97, 61, 75, 155, 225, 25, 24, 31, 153, 39, 34, 85, 39, 149, 72, 59, 50, 49, 117, 114, 12, 41, 145, 19, 22, 10, 137, 30, 135, 72, 102, 131, 52, 134, 170, 25, 292, 147, 133, 18, 66, 110, 112, 116, 50, 163, 11, 252, 131, 34, 32, 144, 107, 75, 183, 199, 37, 56, 264, 39, 109, 105, 65, 100, 34, 40, 117, 169, 129, 36, 133, 60, 95, 96, 43, 48, 67, 34, 60, 163, 17, 0)
s = 121: (0, 115, 13, 98, 133, 40, 194, 115, 177, 46, 177, 40, 65, 134, 176, 16, 17, 28, 179, 36, 31, 97, 23, 274, 126, 76, 31, 73, 128, 115, 7, 30, 155, 21, 18, 21, 175, 14, 167, 44, 144, 197, 47, 190, 221, 25, 232, 269, 120, 29, 52, 167, 153, 83, 45, 114, 16, 201, 147, 34, 52, 166, 137, 98, 114, 113, 36, 63, 167, 51, 115, 99, 130, 124, 22, 42, 89, 100, 129, 40, 119, 51, 99, 117, 43, 34, 59, 24, 54, 351, 19, 0)
s = 122: (0, 222, 28, 148, 182, 24, 163, 132, 122, 31, 113, 87, 83, 169, 180, 22, 18, 28, 104, 30, 45, 114, 17, 165, 174, 76, 38, 63, 164, 110, 11, 27, 137, 25, 28, 13, 93, 26, 132, 48, 123, 88, 84, 235, 124, 36, 179, 254, 147, 34, 53, 95, 157, 95, 57, 171, 12, 267, 114, 15, 40, 120, 113, 59, 113, 139, 54, 73, 317, 48, 117, 107, 74, 80, 43, 31, 121, 137, 112, 39, 58, 51, 89, 129, 36, 28, 36, 35, 30, 359, 35, 0)
s = 123: (0, 83, 23, 149, 254, 25, 131, 71, 89, 33, 179, 88, 46, 162, 121, 18, 25, 28, 127, 39, 29, 78, 33, 156, 67, 129, 34, 53, 61, 174, 6, 34, 150, 13, 14, 8, 136, 10, 217, 55, 211, 122, 60, 146, 139, 31, 214, 95, 153, 30, 32, 86, 83, 51, 84, 75, 20, 176, 149, 30, 50, 131, 159, 48, 140, 235, 46, 57, 291, 38, 100, 106, 91, 76, 25, 22, 127, 147, 64, 57, 96, 64, 160, 89, 35, 27, 65, 47, 51, 264, 35, 0)
s = 124: (0, 95, 10, 85, 167, 22, 113, 90, 61, 48, 140, 81, 60, 186, 96, 20, 15, 18, 104, 45, 63, 133, 33, 174, 75, 74, 49, 67, 58, 226, 8, 35, 129, 11, 15, 18, 164, 19, 126, 85, 186, 141, 40, 151, 191, 29, 364, 142, 84, 33, 36, 116, 146, 88, 47, 147, 26, 174, 98, 20, 48, 107, 115, 70, 91, 109, 54, 112, 297, 32, 95, 141, 63, 75, 21, 45, 110, 129, 158, 27, 115, 44, 73, 146, 35, 66, 46, 23, 38, 212, 24, 0)
s = 125: (0, 137, 10, 123, 146, 27, 83, 121, 93, 57, 138, 73, 70, 111, 252, 28, 37, 30, 125, 21, 45, 89, 17, 140, 153, 50, 48, 79, 56, 177, 7, 50, 145, 13, 26, 10, 125, 21, 142, 46, 162, 132, 77, 159, 229, 32, 160, 194, 86, 34, 45, 132, 80, 89, 58, 107, 15, 204, 246, 17, 34, 118, 105, 135, 104, 233, 70, 129, 216, 35, 131, 65, 119, 64, 29, 23, 78, 114, 108, 32, 80, 71, 97, 98, 38, 35, 31, 57, 31, 171, 38, 0)
s = 126: (0, 142, 19, 99, 168, 50, 104, 175, 155, 39, 91, 87, 88, 170, 99, 10, 26, 35, 96, 38, 56, 113, 29, 172, 101, 91, 30, 49, 150, 139, 8, 40, 96, 15, 20, 21, 80, 28, 138, 48, 122, 90, 48, 161, 149, 23, 316, 107, 70, 17, 61, 165, 127, 74, 40, 72, 14, 177, 93, 24, 35, 126, 172, 83, 85, 145, 40, 62, 207, 51, 68, 160, 61, 96, 33, 22, 120, 104, 116, 26, 60, 39, 154, 78, 31, 42, 69, 35, 44, 407, 23, 0)
s = 127: (0, 82, 15, 105, 117, 44, 113, 134, 112, 55, 62, 62, 41, 185, 176, 12, 17, 38, 226, 32, 60, 113, 34, 138, 125, 108, 26, 78, 94, 137, 6, 56, 104, 18, 16, 19, 94, 15, 360, 67, 105, 156, 70, 129, 146, 21, 307, 204, 119, 25, 60, 163, 139, 80, 51, 147, 17, 114, 125, 26, 42, 203, 127, 94, 133, 121, 38, 107, 249, 47, 82, 132, 51, 55, 32, 35, 93, 166, 84, 51, 98, 62, 98, 96, 23, 45, 52, 51, 32, 307, 20, 0)
s = 128: (0, 98, 13, 190, 154, 27, 220, 71, 130, 71, 151, 107, 86, 196, 242, 28, 40, 22, 113, 22, 68, 184, 19, 109, 90, 75, 22, 69, 121, 128, 14, 35, 102, 22, 30, 10, 117, 14, 138, 43, 147, 142, 38, 119, 129, 28, 234, 106, 61, 25, 56, 131, 164, 92, 49, 112, 8, 240, 101, 16, 29, 169, 91, 57, 129, 190, 37, 118, 306, 34, 101, 103, 81, 113, 37, 25, 140, 112, 62, 32, 96, 29, 103, 165, 36, 34, 47, 28, 37, 250, 23, 0)
s = 129: (0, 125, 18, 118, 195, 41, 169, 65, 112, 58, 179, 98, 110, 215, 221, 25, 15, 18, 114, 34, 41, 124, 18, 94, 123, 51, 28, 89, 84, 98, 9, 37, 93, 18, 20, 9, 95, 13, 236, 59, 172, 134, 43, 214, 238, 27, 221, 179, 117, 22, 43, 79, 168, 51, 61, 112, 13, 177, 151, 26, 41, 214, 78, 89, 162, 135, 40, 71, 276, 27, 70, 67, 57, 61, 20, 39, 122, 136, 77, 38, 78, 44, 174, 130, 27, 27, 29, 36, 53, 473, 23, 0)
s = 130: (0, 154, 19, 82, 161, 48, 161, 94, 69, 27, 86, 59, 93, 219, 162, 15, 25, 29, 111, 22, 76, 127, 23, 106, 76, 38, 50, 104, 82, 115, 7, 22, 112, 13, 23, 18, 198, 26, 162, 44, 145, 102, 54, 149, 141, 28, 337, 143, 91, 28, 70, 61, 113, 128, 28, 155, 15, 152, 96, 22, 23, 240, 83, 66, 102, 190, 36, 107, 334, 41, 94, 80, 59, 96, 29, 32, 175, 221, 88, 28, 147, 46, 117, 163, 33, 38, 49, 25, 33, 412, 30, 0)
s = 131: (0, 106, 18, 149, 157, 42, 169, 111, 82, 63, 92, 69, 120, 188, 158, 17, 35, 24, 126, 42, 69, 143, 21, 215, 92, 119, 32, 60, 155, 216, 10, 31, 131, 13, 20, 8, 88, 24, 146, 55, 139, 82, 85, 145, 193, 31, 233, 208, 107, 18, 55, 80, 98, 70, 33, 194, 9, 143, 123, 28, 35, 176, 136, 51, 170, 196, 47, 47, 270, 27, 77, 94, 77, 100, 22, 33, 114, 153, 57, 40, 81, 39, 148, 136, 35, 36, 29, 46, 38, 220, 21, 0)
s = 132: (0, 134, 28, 129, 101, 29, 116, 61, 88, 45, 108, 67, 54, 210, 135, 12, 25, 20, 125, 35, 41, 127, 27, 139, 157, 72, 28, 96, 83, 177, 8, 24, 81, 9, 23, 18, 96, 14, 138, 83, 131, 160, 72, 158, 99, 23, 233, 181, 74, 34, 73, 102, 95, 77, 56, 183, 9, 178, 125, 30, 50, 118, 96, 142, 107, 235, 47, 118, 300, 31, 136, 86, 127, 83, 24, 45, 110, 227, 69, 32, 146, 66, 64, 76, 43, 31, 39, 26, 39, 242, 33, 0)
s = 133: (0, 87, 17, 143, 235, 43, 132, 129, 126, 40, 111, 74, 75, 170, 119, 26, 38, 26, 179, 26, 59, 66, 27, 109, 180, 86, 39, 67, 144, 139, 8, 32, 210, 17, 26, 14, 99, 19, 134, 53, 80, 119, 62, 173, 184, 25, 245, 178, 124, 22, 52, 80, 108, 51, 62, 74, 19, 176, 108, 20, 37, 104, 115, 125, 98, 184, 35, 91, 178, 61, 76, 129, 86, 67, 23, 38, 165, 120, 94, 41, 97, 48, 78, 83, 40, 33, 74, 26, 36, 279, 19, 0)
s = 134: (0, 116, 12, 142, 124, 30, 90, 78, 132, 31, 127, 43, 74, 121, 268, 16, 28, 29, 151, 26, 45, 139, 27, 91, 91, 74, 35, 39, 73, 118, 9, 34, 98, 21, 19, 14, 115, 20, 109, 51, 180, 91, 78, 103, 113, 23, 283, 203, 142, 34, 40, 114, 117, 58, 35, 128, 14, 258, 128, 15, 31, 172, 120, 103, 84, 179, 51, 81, 330, 45, 68, 82, 67, 48, 25, 27, 82, 165, 63, 32, 101, 39, 178, 94, 62, 42, 59, 36, 31, 154, 35, 0)
s = 135: (0, 116, 12, 127, 200, 29, 105, 70, 141, 45, 202, 70, 92, 215, 263, 11, 25, 34, 156, 27, 36, 119, 28, 141, 124, 71, 37, 54, 58, 124, 15, 52, 117, 26, 27, 9, 105, 24, 136, 56, 109, 172, 39, 128, 132, 30, 261, 102, 116, 31, 75, 99, 119, 93, 46, 84, 18, 149, 160, 28, 33, 152, 187, 58, 103, 130, 92, 78, 211, 59, 93, 122, 56, 133, 23, 29, 79, 185, 150, 29, 84, 80, 89, 168, 37, 43, 36, 48, 56, 262, 28, 0)
s = 136: (0, 132, 11, 109, 143, 28, 208, 111, 108, 51, 117, 58, 102, 267, 213, 24, 24, 28, 124, 42, 32, 104, 21, 130, 115, 47, 22, 92, 102, 125, 8, 33, 146, 18, 24, 8, 78, 14, 215, 50, 172, 124, 51, 115, 180, 20, 173, 122, 114, 22, 48, 82, 171, 74, 33, 182, 13, 299, 124, 39, 29, 101, 121, 59, 142, 211, 76, 58, 221, 60, 141, 91, 51, 48, 36, 46, 93, 131, 57, 34, 120, 55, 143, 121, 53, 35, 61, 63, 33, 177, 21, 0)
s = 137: (0, 95, 12, 115, 199, 40, 175, 105, 91, 37, 83, 71, 83, 146, 238, 22, 25, 26, 207, 50, 54, 131, 25, 154, 132, 97, 36, 57, 65, 145, 9, 32, 147, 11, 26, 15, 108, 23, 93, 68, 165, 121, 42, 126, 229, 29, 299, 165, 108, 28, 36, 95, 106, 78, 48, 70, 19, 235, 147, 32, 32, 204, 127, 102, 102, 157, 110, 57, 507, 31, 69, 131, 68, 111, 31, 34, 221, 158, 99, 60, 116, 47, 108, 77, 26, 53, 33, 41, 43, 289, 18, 0)
s = 138: (0, 206, 10, 80, 120, 23, 185, 90, 73, 53, 110, 63, 71, 179, 128, 24, 19, 24, 116, 21, 56, 98, 26, 130, 84, 103, 23, 66, 104, 133, 8, 25, 152, 18, 29, 21, 121, 22, 162, 40, 210, 169, 105, 165, 157, 15, 195, 103, 124, 27, 70, 114, 80, 135, 44, 115, 16, 269, 137, 21, 26, 128, 139, 104, 85, 121, 63, 144, 172, 44, 103, 144, 85, 87, 22, 33, 137, 143, 115, 43, 97, 68, 154, 86, 58, 22, 51, 46, 37, 180, 25, 0)
s = 139: (0, 83, 9, 65, 136, 37, 83, 90, 105, 68, 82, 45, 82, 171, 161, 18, 24, 36, 199, 31, 40, 83, 32, 104, 85, 66, 54, 51, 130, 89, 14, 40, 170, 19, 15, 11, 191, 19, 163, 67, 126, 125, 55, 127, 138, 32, 413, 116, 100, 25, 48, 88, 83, 94, 38, 143, 11, 130, 96, 23, 43, 239, 83, 81, 85, 226, 34, 113, 255, 34, 116, 128, 78, 103, 34, 23, 133, 183, 71, 52, 91, 51, 125, 89, 40, 26, 38, 30, 31, 186, 38, 0)
s = 140: (0, 132, 14, 146, 85, 36, 174, 68, 153, 44, 76, 50, 70, 163, 191, 10, 18, 35, 122, 41, 63, 125, 23, 145, 162, 47, 20, 88, 114, 86, 11, 38, 134, 25, 29, 10, 137, 14, 177, 58, 92, 167, 38, 130, 109, 24, 292, 164, 108, 29, 51, 205, 87, 106, 30, 130, 11, 157, 141, 34, 45, 151, 135, 66, 68, 106, 51, 48, 352, 50, 158, 113, 57, 45, 17, 34, 72, 142, 147, 33, 58, 48, 73, 82, 59, 56, 34, 53, 48, 219, 38, 0)
s = 141: (0, 122, 11, 186, 233, 26, 161, 90, 147, 29, 114, 85, 81, 98, 280, 17, 22, 40, 131, 22, 27, 154, 16, 243, 156, 40, 40, 53, 101, 135, 6, 57, 137, 19, 26, 15, 137, 14, 167, 39, 181, 83, 85, 210, 122, 20, 219, 131, 116, 36, 41, 119, 82, 84, 51, 187, 18, 208, 95, 24, 36, 173, 90, 125, 134, 198, 59, 51, 341, 76, 59, 85, 102, 77, 16, 35, 136, 96, 105, 36, 132, 71, 85, 137, 59, 26, 67, 48, 37, 210, 38, 0)
s = 142: (0, 173, 13, 96, 206, 29, 118, 62, 114, 33, 149, 85, 59, 123, 181, 32, 28, 26, 155, 33, 50, 80, 27, 112, 94, 73, 56, 105, 115, 166, 12, 38, 131, 18, 26, 18, 92, 15, 110, 77, 139, 106, 80, 244, 178, 25, 201, 136, 111, 29, 34, 124, 109, 119, 36, 150, 24, 201, 103, 21, 30, 127, 91, 99, 97, 258, 80, 97, 310, 25, 70, 89, 74, 56, 28, 25, 148, 96, 129, 31, 59, 32, 101, 100, 39, 31, 82, 46, 25, 354, 24, 0)
s = 143: (0, 111, 20, 175, 168, 26, 159, 112, 111, 38, 171, 58, 82, 126, 235, 12, 18, 22, 112, 60, 37, 158, 27, 175, 72, 66, 51, 65, 93, 110, 12, 33, 151, 15, 27, 14, 85, 20, 110, 71, 108, 101, 39, 245, 216, 41, 256, 149, 114, 20, 74, 91, 126, 89, 40, 131, 16, 200, 181, 28, 33, 131, 101, 79, 120, 178, 34, 113, 329, 38, 133, 142, 63, 77, 21, 37, 103, 174, 139, 66, 115, 49, 69, 86, 51, 37, 58, 55, 55, 322, 21, 0)
s = 144: (0, 93, 14, 123, 258, 29, 132, 167, 74, 33, 122, 68, 56, 139, 192, 23, 29, 35, 197, 35, 38, 158, 18, 202, 182, 41, 24, 41, 120, 144, 14, 44, 69, 20, 27, 20, 161, 11, 118, 58, 94, 168, 77, 91, 149, 27, 290, 165, 109, 20, 28, 138, 97, 65, 53, 93, 21, 211, 117, 39, 51, 164, 97, 90, 141, 182, 35, 89, 239, 45, 117, 99, 104, 48, 28, 32, 169, 83, 94, 62, 155, 94, 150, 205, 50, 37, 34, 32, 57, 311, 22, 0)
s = 145: (0, 86, 19, 140, 157, 38, 109, 101, 99, 55, 110, 78, 70, 184, 154, 20, 29, 20, 140, 41, 32, 93, 24, 93, 93, 98, 49, 80, 79, 85, 9, 35, 80, 19, 23, 20, 106, 15, 150, 53, 171, 98, 54, 308, 109, 21, 236, 134, 58, 46, 65, 180, 129, 83, 70, 140, 12, 203, 136, 25, 31, 190, 70, 136, 118, 175, 34, 75, 294, 59, 61, 139, 67, 42, 19, 26, 158, 187, 105, 35, 108, 31, 93, 126, 51, 31, 30, 28, 24, 387, 21, 0)
s = 146: (0, 178, 9, 106, 94, 28, 105, 117, 69, 69, 85, 61, 100, 239, 116, 13, 22, 30, 128, 36, 55, 109, 18, 184, 106, 53, 54, 44, 64, 102, 16, 25, 120, 17, 25, 10, 101, 23, 149, 33, 139, 187, 73, 241, 161, 15, 381, 210, 161, 19, 47, 63, 129, 52, 25, 113, 13, 243, 94, 35, 40, 158, 91, 95, 106, 144, 48, 80, 186, 32, 105, 168, 85, 70, 26, 52, 80, 91, 130, 42, 100, 64, 193, 137, 41, 35, 59, 41, 47, 227, 22, 0)
s = 147: (0, 142, 16, 92, 222, 33, 128, 75, 113, 48, 93, 66, 59, 218, 221, 25, 29, 32, 103, 40, 34, 95, 18, 146, 107, 54, 35, 45, 127, 109, 9, 54, 183, 14, 30, 8, 128, 15, 213, 39, 140, 134, 58, 165, 114, 18, 309, 107, 101, 39, 40, 83, 164, 70, 35, 147, 18, 151, 73, 33, 30, 197, 148, 88, 144, 126, 46, 49, 159, 39, 114, 84, 44, 52, 30, 39, 197, 178, 83, 38, 119, 56, 137, 75, 29, 40, 70, 25, 69, 172, 28, 0)
s = 148: (0, 143, 13, 118, 232, 29, 133, 106, 80, 57, 152, 80, 94, 157, 180, 18, 31, 31, 120, 61, 62, 107, 30, 109, 77, 67, 30, 89, 76, 99, 13, 20, 88, 25, 21, 10, 74, 26, 231, 44, 137, 129, 57, 139, 159, 28, 167, 109, 103, 22, 32, 114, 117, 96, 34, 205, 18, 138, 177, 15, 19, 218, 91, 64, 59, 232, 36, 77, 168, 56, 86, 150, 89, 127, 30, 30, 81, 112, 134, 40, 100, 35, 120, 158, 54, 29, 41, 60, 45, 310, 26, 0)
s = 149: (0, 137, 22, 88, 117, 18, 169, 92, 165, 61, 85, 75, 76, 164, 143, 14, 34, 30, 183, 29, 59, 111, 22, 195, 88, 97, 33, 52, 70, 89, 9, 27, 129, 15, 22, 20, 145, 11, 200, 72, 120, 180, 57, 182, 182, 25, 214, 176, 147, 15, 34, 78, 124, 112, 51, 133, 8, 195, 147, 19, 33, 157, 162, 82, 72, 250, 88, 145, 174, 41, 87, 115, 101, 80, 24, 28, 101, 175, 102, 33, 60, 67, 124, 169, 26, 41, 77, 36, 34, 290, 36, 0)
s = 150: (0, 148, 12, 101, 306, 38, 157, 86, 70, 44, 104, 71, 67, 157, 190, 19, 46, 31, 122, 33, 40, 225, 27, 151, 81, 95, 55, 69, 78, 161, 12, 40, 97, 10, 19, 18, 130, 19, 97, 38, 181, 221, 46, 140, 162, 29, 242, 122, 91, 43, 34, 77, 190, 62, 62, 88, 17, 282, 191, 20, 48, 149, 120, 86, 76, 257, 51, 84, 296, 34, 149, 144, 92, 100, 27, 22, 105, 189, 125, 35, 84, 41, 88, 161, 39, 49, 60, 25, 35, 260, 35, 0)
s = 151: (0, 139, 27, 182, 150, 45, 206, 133, 223, 27, 94, 83, 98, 171, 254, 14, 16, 20, 218, 26, 36, 112, 22, 109, 118, 97, 27, 79, 70, 173, 18, 32, 82, 18, 28, 8, 146, 12, 109, 72, 146, 125, 78, 173, 154, 33, 324, 153, 70, 19, 48, 170, 86, 63, 48, 89, 9, 208, 168, 32, 27, 269, 113, 56, 85, 322, 48, 67, 370, 45, 91, 176, 80, 98, 37, 34, 121, 114, 85, 73, 84, 54, 147, 145, 31, 19, 46, 31, 51, 360, 38, 0)
s = 152: (0, 95, 18, 80, 121, 34, 116, 57, 91, 33, 110, 59, 81, 141, 247, 12, 22, 45, 225, 39, 63, 181, 36, 274, 132, 56, 33, 51, 126, 145, 12, 19, 136, 14, 15, 10, 184, 18, 179, 44, 104, 112, 75, 139, 176, 39, 176, 251, 59, 18, 29, 95, 117, 95, 66, 111, 17, 155, 112, 46, 39, 107, 132, 71, 83, 189, 47, 118, 183, 34, 73, 119, 83, 47, 30, 45, 157, 113, 62, 49, 183, 41, 111, 101, 23, 27, 67, 80, 45, 254, 27, 0)
s = 153: (0, 198, 12, 85, 159, 24, 108, 82, 179, 60, 87, 62, 99, 154, 161, 13, 17, 40, 132, 25, 89, 87, 34, 113, 72, 92, 29, 47, 98, 106, 9, 18, 89, 12, 19, 11, 117, 11, 129, 70, 110, 88, 57, 154, 136, 23, 249, 101, 151, 20, 63, 92, 130, 81, 30, 106, 15, 163, 111, 30, 39, 133, 111, 82, 139, 230, 55, 104, 214, 55, 122, 126, 119, 110, 27, 21, 94, 91, 78, 40, 73, 35, 90, 156, 37, 28, 30, 40, 50, 238, 22, 0)
s = 154: (0, 195, 11, 92, 223, 30, 103, 127, 82, 68, 73, 74, 89, 244, 171, 17, 42, 39, 200, 30, 56, 91, 29, 135, 207, 93, 29, 40, 52, 116, 8, 42, 109, 10, 36, 13, 208, 11, 153, 54, 151, 111, 47, 221, 202, 43, 160, 227, 79, 26, 32, 133, 178, 89, 45, 73, 10, 162, 118, 22, 22, 116, 119, 68, 111, 188, 66, 96, 149, 55, 98, 127, 56, 54, 17, 24, 72, 195, 123, 69, 96, 51, 108, 167, 31, 60, 36, 34, 38, 235, 37, 0)
s = 155: (0, 125, 11, 90, 168, 27, 118, 94, 91, 32, 142, 85, 58, 213, 137, 15, 14, 36, 153, 43, 46, 99, 37, 157, 201, 71, 21, 81, 62, 135, 14, 49, 132, 21, 28, 15, 159, 14, 143, 66, 82, 136, 71, 162, 187, 26, 196, 100, 81, 25, 52, 139, 114, 74, 45, 87, 18, 242, 104, 16, 37, 132, 99, 104, 129, 262, 54, 76, 171, 41, 115, 134, 80, 128, 36, 31, 86, 167, 91, 51, 119, 32, 86, 105, 27, 34, 70, 27, 62, 269, 26, 0)
s = 156: (0, 134, 17, 154, 188, 25, 164, 62, 122, 44, 71, 89, 74, 198, 103, 18, 24, 17, 165, 33, 37, 154, 21, 150, 120, 48, 49, 60, 62, 187, 7, 42, 105, 15, 33, 18, 121, 17, 272, 45, 140, 107, 57, 97, 136, 29, 234, 145, 74, 37, 45, 155, 127, 117, 63, 237, 17, 168, 101, 33, 55, 86, 185, 81, 107, 195, 38, 72, 154, 54, 160, 94, 53, 63, 19, 31, 152, 114, 106, 44, 95, 66, 87, 114, 33, 26, 69, 34, 53, 192, 24, 0)
s = 157: (0, 105, 14, 101, 127, 31, 94, 121, 92, 63, 136, 44, 112, 232, 156, 21, 16, 30, 99, 38, 38, 121, 23, 250, 186, 115, 23, 61, 72, 179, 10, 41, 186, 14, 22, 11, 97, 19, 128, 66, 100, 123, 54, 124, 211, 20, 465, 261, 84, 45, 57, 82, 145, 107, 36, 189, 16, 186, 168, 41, 48, 120, 67, 82, 73, 228, 47, 151, 189, 70, 87, 87, 61, 59, 22, 34, 107, 219, 107, 37, 116, 56, 102, 129, 64, 23, 52, 27, 56, 388, 24, 0)
s = 158: (0, 112, 15, 110, 180, 52, 241, 97, 134, 45, 79, 90, 97, 188, 205, 18, 28, 25, 154, 50, 68, 113, 18, 169, 126, 60, 52, 64, 129, 113, 14, 18, 93, 20, 14, 10, 93, 21, 148, 45, 132, 117, 75, 226, 163, 22, 188, 99, 151, 34, 41, 68, 180, 69, 41, 142, 10, 165, 114, 20, 24, 106, 116, 89, 158, 104, 88, 75, 292, 33, 103, 62, 44, 53, 29, 21, 111, 117, 57, 39, 125, 37, 77, 80, 38, 31, 44, 44, 44, 264, 34, 0)
s = 159: (0, 84, 13, 105, 109, 29, 145, 94, 138, 44, 98, 67, 81, 246, 198, 28, 21, 32, 201, 29, 56, 93, 23, 127, 186, 68, 30, 96, 55, 163, 10, 27, 111, 14, 22, 13, 106, 12, 107, 48, 105, 94, 81, 126, 169, 41, 214, 183, 72, 36, 46, 80, 153, 69, 39, 85, 12, 304, 145, 26, 29, 179, 66, 127, 137, 137, 36, 71, 366, 40, 105, 80, 93, 52, 43, 23, 177, 185, 120, 33, 110, 49, 80, 173, 30, 33, 31, 37, 49, 404, 25, 0)
s = 160: (0, 117, 13, 70, 187, 53, 151, 79, 67, 33, 89, 77, 83, 138, 190, 16, 38, 35, 156, 42, 31, 91, 23, 120, 93, 138, 43, 69, 63, 112, 12, 43, 103, 10, 31, 10, 103, 11, 180, 97, 229, 93, 88, 192, 180, 25, 367, 114, 111, 32, 74, 106, 76, 121, 58, 89, 14, 182, 148, 31, 48, 96, 106, 98, 100, 143, 60, 64, 144, 40, 80, 61, 88, 62, 33, 55, 137, 99, 150, 55, 116, 33, 83, 113, 52, 21, 59, 48, 37, 329, 25, 0)
s = 161: (0, 108, 13, 62, 119, 32, 210, 96, 121, 65, 118, 97, 52, 161, 136, 15, 33, 20, 154, 36, 61, 74, 25, 105, 151, 51, 46, 92, 109, 189, 7, 31, 120, 21, 28, 13, 116, 12, 200, 72, 97, 117, 61, 148, 112, 24, 186, 163, 56, 44, 41, 121, 160, 111, 42, 182, 14, 206, 184, 34, 22, 90, 151, 85, 64, 146, 48, 76, 226, 30, 75, 146, 60, 133, 26, 18, 163, 139, 78, 37, 141, 56, 111, 119, 36, 41, 60, 53, 40, 195, 31, 0)
s = 162: (0, 135, 18, 131, 143, 24, 132, 104, 106, 29, 142, 90, 108, 144, 167, 21, 22, 23, 226, 38, 64, 122, 19, 133, 137, 91, 35, 42, 106, 179, 9, 25, 124, 14, 17, 11, 109, 14, 145, 54, 168, 155, 76, 129, 111, 25, 264, 242, 125, 19, 59, 124, 165, 56, 39, 96, 12, 185, 153, 26, 43, 151, 106, 99, 112, 318, 40, 93, 208, 37, 96, 99, 65, 63, 22, 26, 149, 117, 101, 29, 94, 46, 120, 100, 50, 23, 48, 32, 48, 289, 18, 0)
s = 163: (0, 108, 19, 76, 119, 43, 123, 54, 139, 43, 113, 101, 62, 249, 164, 21, 32, 23, 133, 22, 58, 94, 25, 143, 80, 63, 43, 95, 84, 153, 8, 39, 166, 10, 32, 19, 68, 28, 115, 67, 152, 94, 47, 149, 117, 28, 129, 158, 102, 36, 45, 161, 112, 98, 53, 201, 13, 153, 180, 32, 47, 180, 70, 102, 101, 227, 95, 47, 395, 40, 135, 80, 88, 57, 31, 21, 134, 73, 85, 37, 167, 49, 106, 100, 41, 53, 44, 38, 69, 260, 35, 0)
s = 164: (0, 116, 13, 137, 278, 45, 124, 104, 78, 52, 99, 64, 49, 173, 174, 20, 28, 23, 141, 29, 70, 155, 18, 185, 124, 58, 43, 88, 69, 143, 10, 24, 98, 14, 27, 13, 111, 21, 178, 76, 194, 137, 52, 196, 174, 26, 256, 153, 128, 22, 27, 96, 83, 66, 51, 160, 19, 192, 81, 37, 22, 142, 104, 85, 93, 176, 45, 59, 178, 53, 84, 137, 46, 94, 28, 26, 123, 154, 89, 31, 68, 39, 79, 109, 43, 24, 55, 49, 42, 279, 26, 0)
s = 165: (0, 133, 14, 101, 131, 35, 152, 104, 142, 34, 94, 103, 132, 228, 128, 17, 16, 23, 215, 30, 37, 126, 45, 165, 72, 52, 30, 80, 94, 99, 8, 30, 143, 12, 27, 14, 142, 12, 206, 63, 187, 162, 51, 197, 207, 22, 144, 159, 140, 25, 75, 154, 124, 98, 45, 116, 13, 206, 128, 23, 19, 128, 105, 103, 72, 158, 46, 59, 177, 34, 118, 167, 40, 72, 34, 31, 100, 250, 147, 38, 77, 51, 119, 131, 58, 43, 32, 41, 63, 273, 21, 0)
s = 166: (0, 114, 14, 78, 266, 20, 133, 106, 153, 58, 156, 74, 63, 180, 135, 11, 27, 20, 92, 29, 60, 96, 34, 163, 141, 84, 28, 88, 87, 145, 13, 27, 193, 18, 29, 13, 103, 11, 203, 51, 151, 114, 59, 154, 133, 24, 383, 182, 126, 34, 43, 174, 130, 72, 39, 135, 14, 147, 197, 17, 36, 97, 85, 72, 112, 131, 77, 71, 263, 54, 144, 128, 58, 65, 22, 36, 149, 118, 142, 45, 71, 62, 109, 138, 44, 40, 45, 64, 50, 168, 21, 0)
s = 167: (0, 123, 10, 73, 104, 30, 81, 101, 79, 46, 126, 72, 88, 195, 240, 12, 20, 43, 127, 37, 47, 180, 15, 119, 131, 83, 24, 56, 54, 140, 7, 36, 90, 18, 28, 9, 134, 16, 112, 39, 128, 109, 65, 140, 154, 31, 214, 113, 109, 20, 45, 189, 165, 107, 61, 93, 15, 283, 171, 30, 39, 86, 106, 88, 111, 247, 56, 82, 320, 42, 101, 124, 57, 57, 19, 32, 125, 140, 68, 40, 117, 86, 79, 128, 46, 31, 43, 36, 49, 200, 20, 0)
s = 168: (0, 99, 20, 75, 212, 35, 144, 100, 120, 47, 135, 51, 57, 153, 230, 21, 18, 27, 123, 42, 48, 189, 21, 151, 186, 115, 34, 72, 125, 147, 6, 49, 112, 10, 30, 10, 155, 14, 236, 38, 194, 82, 38, 164, 177, 23, 214, 103, 142, 30, 52, 144, 138, 58, 69, 111, 17, 168, 126, 31, 35, 127, 192, 69, 161, 264, 36, 52, 172, 48, 92, 127, 75, 60, 16, 43, 91, 100, 99, 44, 110, 39, 74, 149, 65, 43, 47, 42, 32, 280, 29, 0)
s = 169: (0, 130, 12, 135, 199, 39, 116, 103, 98, 45, 94, 65, 85, 268, 186, 18, 19, 37, 242, 22, 41, 96, 29, 167, 135, 60, 37, 88, 101, 109, 13, 33, 102, 19, 22, 16, 115, 12, 205, 32, 155, 97, 57, 213, 103, 29, 323, 123, 168, 32, 60, 124, 120, 75, 37, 88, 10, 210, 247, 35, 31, 148, 122, 67, 100, 206, 43, 74, 214, 35, 92, 125, 49, 45, 29, 38, 102, 224, 61, 25, 80, 47, 144, 96, 53, 35, 78, 30, 36, 362, 36, 0)
s = 170: (0, 127, 21, 116, 109, 22, 134, 119, 150, 51, 144, 59, 64, 202, 225, 14, 20, 25, 86, 46, 57, 188, 33, 148, 104, 80, 24, 48, 101, 129, 7, 24, 104, 21, 41, 11, 117, 17, 233, 58, 119, 129, 74, 259, 239, 38, 241, 196, 115, 23, 40, 146, 95, 73, 57, 131, 13, 188, 135, 52, 23, 136, 93, 56, 128, 235, 36, 110, 220, 52, 105, 106, 74, 80, 32, 44, 83, 223, 82, 53, 85, 55, 102, 83, 58, 28, 64, 35, 63, 243, 22, 0)
s = 171: (0, 160, 18, 145, 225, 31, 119, 65, 83, 63, 90, 113, 64, 125, 263, 31, 21, 39, 187, 32, 44, 140, 23, 114, 156, 101, 21, 74, 91, 182, 10, 24, 104, 16, 18, 11, 112, 29, 192, 74, 157, 202, 61, 152, 140, 25, 152, 190, 122, 16, 32, 130, 119, 92, 66, 166, 10, 169, 102, 20, 44, 143, 79, 65, 98, 130, 42, 74, 320, 54, 73, 135, 101, 79, 18, 34, 137, 125, 64, 43, 68, 42, 71, 90, 32, 41, 51, 42, 53, 243, 27, 0)
s = 172: (0, 141, 14, 89, 112, 36, 261, 82, 103, 40, 74, 66, 107, 145, 159, 20, 18, 36, 255, 41, 40, 192, 34, 101, 212, 84, 57, 125, 75, 137, 6, 32, 115, 14, 21, 8, 109, 23, 161, 56, 148, 221, 77, 205, 209, 32, 281, 121, 105, 31, 66, 86, 178, 99, 30, 124, 14, 122, 152, 24, 41, 211, 123, 126, 104, 119, 93, 51, 263, 35, 100, 70, 81, 107, 26, 41, 121, 166, 56, 28, 95, 61, 78, 97, 39, 60, 36, 31, 45, 193, 21, 0)
s = 173: (0, 160, 12, 84, 142, 18, 227, 79, 67, 44, 79, 87, 59, 160, 242, 10, 19, 22, 112, 51, 31, 79, 24, 192, 105, 83, 34, 45, 66, 94, 9, 43, 110, 21, 27, 8, 165, 19, 155, 75, 123, 134, 56, 153, 119, 28, 201, 233, 121, 28, 40, 95, 103, 75, 34, 134, 18, 128, 157, 24, 36, 170, 171, 56, 69, 246, 81, 60, 415, 32, 84, 134, 107, 118, 23, 33, 137, 224, 93, 38, 162, 68, 161, 91, 64, 56, 77, 54, 47, 359, 37, 0)
s = 174: (0, 215, 15, 154, 174, 46, 152, 101, 160, 37, 103, 106, 80, 180, 111, 24, 34, 19, 144, 25, 49, 115, 32, 241, 95, 78, 48, 66, 119, 119, 12, 32, 102, 12, 27, 11, 106, 13, 252, 59, 159, 128, 70, 223, 144, 40, 127, 97, 64, 36, 33, 72, 114, 99, 59, 233, 9, 268, 106, 18, 36, 110, 111, 137, 86, 184, 54, 95, 429, 35, 89, 145, 53, 86, 41, 23, 120, 113, 111, 33, 86, 45, 157, 124, 32, 23, 85, 31, 31, 225, 27, 0)
s = 175: (0, 122, 15, 78, 134, 51, 151, 102, 83, 30, 92, 53, 93, 121, 206, 25, 34, 16, 138, 33, 34, 134, 17, 153, 105, 80, 43, 81, 96, 140, 10, 35, 97, 21, 31, 19, 75, 13, 114, 43, 162, 128, 79, 137, 197, 32, 222, 167, 123, 21, 61, 90, 172, 51, 51, 160, 15, 165, 118, 29, 40, 129, 153, 68, 102, 120, 60, 101, 381, 33, 118, 80, 92, 64, 22, 45, 216, 266, 65, 59, 122, 57, 111, 137, 35, 27, 59, 65, 58, 215, 19, 0)
s = 176: (0, 124, 15, 102, 138, 37, 154, 137, 140, 82, 154, 67, 64, 184, 158, 13, 28, 39, 217, 39, 72, 129, 17, 198, 63, 64, 26, 65, 74, 158, 12, 40, 79, 10, 21, 13, 93, 15, 245, 39, 181, 174, 61, 241, 128, 26, 238, 157, 62, 25, 65, 65, 161, 75, 53, 176, 12, 248, 102, 47, 31, 170, 166, 86, 126, 231, 92, 54, 238, 50, 83, 98, 75, 76, 35, 21, 193, 86, 123, 58, 96, 40, 98, 143, 47, 62, 36, 45, 52, 269, 24, 0)
s = 177: (0, 151, 25, 67, 203, 29, 191, 83, 132, 42, 104, 112, 51, 168, 119, 26, 28, 32, 117, 55, 50, 80, 38, 136, 144, 78, 34, 84, 111, 158, 13, 36, 74, 16, 25, 11, 150, 13, 172, 44, 123, 110, 92, 203, 114, 33, 277, 91, 153, 27, 47, 102, 156, 93, 55, 70, 14, 176, 106, 26, 36, 87, 90, 96, 102, 228, 38, 50, 357, 38, 102, 103, 87, 68, 23, 48, 113, 238, 115, 45, 105, 56, 188, 106, 41, 39, 41, 28, 33, 237, 42, 0)
s = 178: (0, 112, 12, 95, 170, 37, 154, 84, 105, 76, 104, 89, 62, 112, 206, 20, 25, 23, 148, 26, 39, 126, 26, 106, 121, 74, 43, 87, 69, 150, 14, 24, 92, 13, 27, 16, 120, 17, 217, 71, 88, 179, 60, 141, 117, 32, 231, 196, 77, 32, 51, 131, 142, 86, 57, 197, 12, 194, 137, 43, 50, 217, 127, 121, 97, 97, 74, 107, 266, 33, 143, 91, 96, 135, 28, 50, 149, 131, 129, 27, 81, 43, 80, 91, 65, 38, 73, 61, 36, 451, 16, 0)
s = 179: (0, 186, 16, 73, 117, 52, 135, 86, 171, 37, 104, 42, 68, 97, 140, 21, 27, 32, 150, 67, 43, 82, 35, 193, 103, 76, 42, 106, 77, 97, 10, 50, 138, 13, 27, 12, 111, 21, 278, 74, 125, 158, 46, 202, 133, 37, 326, 223, 83, 26, 61, 148, 90, 65, 45, 112, 12, 263, 115, 33, 29, 164, 71, 61, 128, 121, 75, 113, 171, 33, 81, 151, 64, 72, 25, 33, 121, 161, 65, 60, 77, 68, 100, 70, 61, 48, 90, 62, 33, 416, 30, 0)
s = 180: (0, 196, 12, 118, 242, 24, 130, 114, 82, 52, 137, 51, 52, 179, 138, 18, 24, 29, 123, 28, 32, 71, 23, 214, 128, 60, 32, 86, 68, 86, 16, 42, 96, 11, 22, 11, 87, 14, 159, 41, 142, 88, 72, 136, 135, 24, 275, 148, 93, 28, 47, 124, 108, 55, 57, 127, 11, 263, 134, 32, 42, 157, 147, 72, 121, 232, 60, 143, 211, 57, 99, 80, 85, 68, 22, 31, 159, 116, 157, 33, 116, 53, 69, 92, 52, 53, 42, 39, 37, 318, 21, 0)
s = 181: (0, 104, 16, 132, 281, 56, 250, 104, 152, 33, 172, 93, 78, 194, 165, 15, 18, 21, 192, 41, 30, 79, 24, 224, 185, 56, 40, 99, 59, 272, 11, 25, 104, 16, 26, 8, 146, 16, 155, 61, 143, 138, 38, 164, 246, 29, 308, 106, 135, 37, 44, 169, 124, 111, 32, 84, 23, 137, 131, 17, 20, 226, 156, 95, 89, 156, 58, 122, 258, 67, 159, 104, 61, 60, 39, 37, 161, 115, 112, 40, 143, 73, 177, 148, 47, 33, 45, 23, 51, 247, 30, 0)
s = 182: (0, 150, 17, 98, 207, 28, 139, 154, 143, 32, 99, 58, 95, 164, 214, 22, 20, 26, 128, 32, 71, 101, 33, 145, 198, 72, 50, 49, 97, 198, 6, 26, 107, 15, 25, 16, 78, 19, 100, 48, 173, 138, 62, 155, 107, 29, 258, 213, 102, 16, 34, 93, 107, 77, 26, 179, 14, 164, 119, 18, 37, 184, 125, 86, 102, 233, 56, 105, 271, 51, 72, 125, 54, 46, 17, 25, 99, 87, 72, 42, 58, 29, 195, 125, 49, 24, 76, 37, 31, 370, 22, 0)
s = 183: (0, 201, 13, 84, 209, 27, 125, 91, 171, 63, 88, 40, 72, 145, 215, 19, 34, 39, 98, 46, 40, 150, 30, 156, 97, 53, 47, 67, 77, 118, 21, 36, 152, 18, 32, 12, 88, 15, 237, 44, 115, 86, 58, 166, 141, 36, 271, 153, 92, 30, 48, 88, 149, 47, 40, 147, 13, 129, 162, 29, 37, 119, 151, 99, 91, 335, 58, 79, 243, 39, 66, 96, 84, 128, 39, 32, 81, 111, 106, 45, 153, 49, 179, 167, 32, 36, 69, 34, 59, 147, 17, 0)
s = 184: (0, 145, 10, 86, 183, 47, 163, 88, 175, 52, 95, 65, 87, 298, 155, 14, 28, 28, 142, 36, 63, 82, 20, 220, 153, 48, 39, 60, 147, 110, 9, 28, 92, 10, 22, 19, 95, 18, 226, 42, 111, 123, 40, 161, 91, 14, 284, 102, 151, 24, 39, 79, 132, 75, 26, 80, 19, 214, 131, 28, 36, 123, 87, 81, 96, 178, 45, 57, 379, 49, 114, 127, 67, 53, 22, 28, 111, 220, 113, 37, 90, 55, 135, 132, 43, 48, 40, 39, 29, 278, 37, 0)
s = 185: (0, 101, 19, 178, 182, 25, 172, 86, 179, 44, 112, 78, 53, 117, 190, 23, 32, 25, 96, 37, 26, 164, 26, 149, 135, 84, 27, 99, 105, 86, 8, 24, 179, 20, 14, 10, 102, 21, 269, 35, 122, 157, 43, 167, 99, 28, 238, 87, 96, 33, 54, 83, 147, 68, 45, 89, 14, 151, 96, 38, 52, 113, 167, 93, 110, 180, 42, 104, 260, 31, 98, 146, 82, 70, 47, 35, 147, 145, 95, 43, 126, 87, 124, 156, 46, 39, 32, 21, 37, 353, 27, 0)
s = 186: (0, 87, 13, 157, 223, 28, 145, 158, 134, 53, 155, 101, 115, 116, 171, 23, 21, 26, 142, 39, 44, 89, 37, 146, 90, 44, 43, 43, 75, 154, 16, 33, 208, 15, 23, 13, 134, 12, 206, 38, 158, 119, 49, 106, 167, 20, 372, 211, 121, 27, 31, 135, 121, 116, 50, 67, 17, 139, 175, 21, 42, 115, 72, 151, 69, 109, 56, 98, 306, 26, 103, 77, 79, 77, 24, 41, 123, 161, 166, 57, 64, 57, 136, 246, 55, 47, 41, 49, 44, 234, 18, 0)
s = 187: (0, 115, 13, 185, 170, 33, 170, 127, 114, 45, 156, 64, 109, 228, 188, 21, 18, 21, 106, 20, 98, 109, 28, 123, 95, 127, 35, 92, 70, 191, 10, 50, 124, 11, 16, 14, 90, 11, 188, 70, 137, 164, 56, 170, 234, 26, 201, 187, 83, 30, 63, 100, 112, 139, 44, 162, 16, 284, 103, 15, 31, 244, 194, 107, 111, 194, 87, 81, 197, 57, 103, 67, 72, 47, 15, 23, 107, 183, 112, 47, 111, 41, 110, 140, 43, 23, 95, 37, 57, 364, 38, 0)
s = 188: (0, 98, 11, 164, 113, 19, 289, 62, 75, 51, 178, 45, 58, 162, 178, 27, 33, 21, 238, 26, 90, 155, 30, 164, 93, 89, 20, 52, 75, 97, 9, 27, 78, 18, 21, 14, 80, 17, 309, 62, 128, 85, 36, 152, 212, 22, 290, 195, 78, 38, 45, 61, 101, 100, 57, 77, 10, 201, 108, 37, 38, 182, 93, 87, 129, 180, 37, 69, 468, 45, 110, 114, 84, 97, 31, 20, 132, 148, 84, 56, 170, 37, 196, 99, 50, 45, 36, 48, 34, 315, 37, 0)
s = 189: (0, 198, 14, 121, 212, 29, 205, 96, 98, 32, 148, 75, 54, 159, 127, 11, 28, 43, 100, 28, 47, 99, 27, 140, 226, 45, 38, 110, 73, 138, 9, 44, 150, 17, 15, 21, 123, 20, 126, 66, 134, 121, 65, 139, 234, 16, 193, 240, 100, 24, 48, 73, 87, 116, 70, 162, 12, 240, 131, 39, 26, 107, 84, 67, 101, 127, 70, 94, 395, 40, 90, 123, 55, 125, 32, 31, 118, 246, 62, 28, 110, 46, 105, 96, 39, 22, 66, 47, 50, 303, 27, 0)
s = 190: (0, 150, 8, 135, 162, 38, 175, 106, 126, 58, 76, 96, 71, 176, 218, 24, 18, 41, 124, 38, 48, 73, 22, 212, 82, 60, 36, 43, 110, 120, 10, 27, 153, 17, 22, 16, 139, 12, 115, 51, 119, 101, 60, 120, 146, 32, 247, 144, 96, 30, 47, 85, 161, 82, 44, 102, 12, 144, 172, 19, 38, 146, 105, 95, 132, 140, 59, 129, 193, 37, 68, 112, 50, 80, 30, 38, 177, 132, 69, 45, 107, 57, 189, 114, 51, 43, 70, 25, 48, 226, 32, 0)
s = 191: (0, 155, 13, 137, 145, 30, 140, 88, 60, 39, 110, 53, 84, 161, 287, 19, 37, 20, 174, 40, 38, 125, 25, 175, 148, 103, 60, 95, 92, 104, 14, 47, 188, 23, 21, 11, 131, 14, 187, 44, 115, 186, 78, 157, 149, 39, 268, 133, 155, 24, 50, 90, 114, 95, 63, 103, 17, 114, 96, 36, 50, 114, 116, 87, 62, 157, 59, 57, 235, 58, 114, 128, 104, 104, 27, 26, 182, 177, 130, 48, 64, 64, 151, 102, 46, 45, 66, 55, 50, 452, 25, 0)
s = 192: (0, 95, 13, 67, 193, 20, 111, 135, 137, 32, 203, 57, 116, 117, 175, 15, 16, 17, 207, 31, 56, 172, 32, 244, 116, 98, 26, 56, 110, 194, 9, 20, 121, 14, 16, 10, 149, 17, 141, 46, 112, 134, 89, 101, 109, 19, 313, 181, 90, 23, 48, 138, 158, 118, 40, 106, 10, 227, 118, 47, 34, 100, 90, 112, 104, 221, 55, 62, 177, 36, 75, 107, 89, 73, 20, 32, 170, 99, 72, 27, 69, 60, 153, 117, 60, 34, 54, 38, 49, 312, 33, 0)
s = 193: (0, 135, 16, 175, 99, 25, 175, 131, 138, 38, 156, 76, 55, 234, 240, 19, 19, 25, 163, 43, 51, 102, 31, 134, 187, 70, 32, 63, 56, 107, 13, 23, 123, 14, 39, 19, 172, 14, 249, 63, 116, 187, 93, 122, 110, 22, 265, 95, 120, 32, 57, 85, 101, 49, 35, 97, 24, 188, 163, 28, 50, 204, 148, 156, 149, 320, 58, 65, 361, 34, 114, 82, 111, 52, 34, 24, 135, 171, 122, 47, 130, 32, 153, 109, 33, 33, 65, 44, 39, 283, 25, 0)
s = 194: (0, 80, 20, 134, 253, 24, 192, 76, 77, 55, 140, 52, 121, 301, 121, 14, 24, 26, 130, 40, 60, 89, 20, 104, 180, 95, 28, 72, 113, 154, 12, 40, 88, 16, 22, 12, 118, 16, 96, 72, 101, 106, 44, 150, 161, 23, 252, 218, 92, 36, 42, 117, 88, 84, 52, 90, 18, 183, 179, 16, 26, 144, 85, 113, 72, 196, 47, 88, 230, 39, 131, 113, 75, 93, 23, 29, 69, 142, 78, 48, 121, 46, 183, 105, 31, 48, 70, 24, 52, 325, 19, 0)
s = 195: (0, 104, 15, 154, 105, 39, 101, 160, 60, 60, 101, 40, 60, 241, 132, 18, 19, 24, 175, 48, 56, 178, 19, 272, 108, 80, 26, 66, 121, 201, 12, 32, 65, 16, 23, 20, 127, 11, 152, 32, 162, 116, 51, 162, 199, 42, 243, 140, 124, 36, 61, 135, 144, 90, 69, 132, 14, 144, 82, 28, 28, 183, 131, 104, 111, 189, 59, 103, 185, 71, 110, 115, 54, 61, 20, 28, 158, 105, 157, 28, 122, 76, 100, 141, 48, 30, 50, 33, 59, 351, 28, 0)
s = 196: (0, 152, 12, 117, 158, 28, 174, 83, 107, 33, 106, 54, 87, 230, 186, 17, 41, 16, 187, 21, 45, 86, 26, 175, 99, 41, 29, 59, 123, 112, 6, 28, 78, 20, 15, 15, 84, 11, 178, 46, 104, 109, 57, 155, 112, 36, 345, 172, 163, 31, 58, 72, 135, 62, 54, 103, 10, 197, 113, 35, 34, 87, 158, 58, 153, 144, 57, 131, 228, 50, 120, 109, 130, 84, 25, 31, 104, 147, 66, 48, 108, 33, 104, 122, 42, 24, 30, 24, 44, 265, 16, 0)
s = 197: (0, 191, 16, 137, 105, 19, 177, 149, 76, 26, 107, 68, 61, 206, 148, 17, 34, 18, 231, 57, 47, 120, 41, 186, 89, 113, 31, 44, 92, 172, 8, 28, 168, 18, 21, 11, 106, 22, 120, 34, 127, 192, 52, 216, 139, 21, 303, 176, 97, 41, 74, 144, 102, 60, 47, 114, 8, 276, 125, 24, 27, 108, 168, 56, 148, 161, 57, 91, 207, 31, 80, 128, 98, 66, 23, 22, 167, 133, 147, 26, 85, 67, 138, 142, 65, 30, 44, 41, 54, 249, 27, 0)
s = 198: (0, 143, 15, 74, 156, 34, 127, 82, 85, 27, 115, 79, 51, 248, 268, 23, 21, 27, 136, 26, 55, 123, 28, 205, 122, 81, 24, 103, 53, 107, 6, 32, 159, 18, 22, 11, 116, 10, 155, 58, 156, 84, 50, 204, 195, 30, 203, 93, 88, 26, 30, 109, 106, 83, 31, 167, 11, 119, 169, 26, 22, 157, 86, 66, 92, 138, 34, 84, 236, 66, 113, 115, 75, 63, 22, 44, 186, 107, 61, 39, 66, 35, 138, 135, 35, 32, 42, 60, 45, 283, 22, 0)
s = 199: (0, 158, 13, 101, 149, 39, 138, 91, 149, 39, 97, 95, 50, 194, 144, 12, 24, 31, 166, 40, 45, 113, 24, 176, 110, 51, 54, 61, 99, 107, 15, 33, 94, 12, 27, 12, 102, 18, 110, 68, 71, 97, 58, 158, 179, 21, 137, 145, 77, 35, 36, 134, 129, 129, 48, 93, 13, 310, 110, 25, 51, 139, 149, 66, 74, 238, 54, 87, 232, 44, 83, 126, 44, 75, 23, 28, 89, 136, 79, 32, 91, 49, 100, 176, 52, 24, 53, 35, 46, 215, 30, 0)
s = 200: (0, 184, 13, 119, 115, 25, 163, 89, 74, 34, 119, 65, 66, 123, 222, 26, 35, 35, 238, 64, 37, 80, 37, 156, 156, 61, 45, 93, 56, 223, 10, 38, 87, 23, 21, 13, 149, 15, 143, 68, 130, 103, 64, 103, 133, 25, 390, 213, 139, 17, 83, 108, 152, 83, 52, 164, 10, 181, 95, 26, 36, 167, 91, 57, 137, 224, 82, 56, 234, 31, 89, 92, 93, 76, 23, 26, 130, 188, 104, 48, 101, 38, 82, 119, 54, 26, 58, 49, 50, 334, 34, 0)
************************************************************************
ES/LS-VALUES:
jobnr.   ES(i)    LS(i)
------------------------------------------------------------------------
  0        0        0
  1        0       325
  2        0       386
  3        0       320
  4       17       416
  5       17       343
  6        8       329
  7       32       432
  8       21       343
  9       17       376
 10       21       355
 11       22       399
 12       31       397
 13       22       382
 14       22       349
 15       22       391
 16       39       389
 17       43       442
 18       23       393
 19       35       413
 20        8       398
 21       39       367
 22       52       381
 23       43       409
 24       61       391
 25       40       391
 26       38       409
 27       31       354
 28       44       423
 29       72       403
 30       22       418
 31       22       429
 32       44       445
 33       38       443
 34       35       421
 35       16       407
 36       39       363
 37       31       467
 38       53       433
 39       56       403
 40        4       390
 41       56       381
 42       61       409
 43       70       396
 44       34       408
 45       36       460
 46       41       470
 47       32       446
 48       67       448
 49       53       436
 50       32       469
 51       64       413
 52       86       457
 53       75       461
 54       56       440
 55       17       409
 56       87       419
 57       34       395
 58       61       463
 59       65       455
 60       88       421
 61       49       411
 62       80       466
 63       100       472
 64       19       406
 65       86       413
 66       90       477
 67       92       479
 68       97       425
 69       65       450
 70       60       423
 71       66       481
 72       108       481
 73       66       457
 74       97       454
 75       97       439
 76       100       485
 77       52       471
 78       80       462
 79       76       479
 80       116       445
 81       132       462
 82       97       485
 83       139       470
 84       116       490
 85       157       489
 86       81       490
 87       119       494
 88       125       501
 89       102       488
 90       170       503
 91       173       507
************************************************************************
BIG-M-VALUES:
M1 = 37, M2 = 572
************************************************************************
