************************************************************************
file with basedata            : j30_30.bas
initial value random generator: 1300037887
************************************************************************
projects                      :  1
jobs (incl. supersource/sink ):  32
horizon                       :  178
RESOURCES
  - renewable                 :  4   R
  - nonrenewable              :  0   N
  - doubly constrained        :  0   D
************************************************************************
PROJECT INFORMATION:
pronr.  #jobs rel.date duedate tardcost  MPM-Time
    1     30      0       58       14       58
************************************************************************
PRECEDENCE RELATIONS:
jobnr.    #modes  #successors   successors
   0        1          3           1   2   3
   1        1          3          19  26  27
   2        1          2           8  25
   3        1          3           4   6   7
   4        1          3           5   9  10
   5        1          1          24
   6        1          2          13  14
   7        1          1          27
   8        1          1          13
   9        1          1          15
  10        1          2          11  12
  11        1          1          29
  12        1          2          20  28
  13        1          1          16
  14        1          1          24
  15        1          1          18
  16        1          3          17  21  23
  17        1          1          26
  18        1          1          22
  19        1          2          20  28
  20        1          1          22
  21        1          2          22  24
  22        1          1          29
  23        1          1          30
  24        1          1          27
  25        1          1          26
  26        1          1          29
  27        1          2          28  30
  28        1          1          31
  29        1          1          31
  30        1          1          31
  31        1          0        
************************************************************************
REQUESTS/DURATIONS:
jobnr. mode duration  R 1  R 2  R 3  R 4  E(W 1)  E(W 2)  E(W 3)
------------------------------------------------------------------------
  0      1     0       0    0    0    0     0       0       0
  1      1     1       2    7    9    1     9       9       2
  2      1     5       4    2    9    1    30      45      10
  3      1     9       5    8    1    1    117      18      18
  4      1     6      10    8    3   10    108      18      60
  5      1     1       6    3    1    7     9       2       7
  6      1     8       5   10    3    1    120      24      16
  7      1     3       9    6    3    4    45       9      12
  8      1     9       8   10    2    9    162      18      81
  9      1     6       7    3   10    8    60      60      48
 10      1     7       4    3    3    4    49      21      28
 11      1     1       7    8    2    6    15       2       6
 12      1     8       6    3    1    4    72      16      32
 13      1    10       7    4    5    5    110      50      50
 14      1     2       7    2    6    8    18      12      16
 15      1     8      10    4    1    9    112      16      72
 16      1     9       1    8    1    1    90      18      18
 17      1     6       6    8    4    8    84      24      48
 18      1    10      10    8   10   10    180      100      100
 19      1     9       2    1   10    6    36      90      54
 20      1     7       5   10    6    8    105      42      56
 21      1     1       6    8    7    9    14       7       9
 22      1     7       1    1    2    7    28      14      49
 23      1     4       4    7    7    9    44      28      36
 24      1     8       4    7    4    2    88      32      16
 25      1    10       8    1    1    4    100      20      40
 26      1     1      10    4    3    1    14       3       2
 27      1     5       3    5    6    9    40      30      45
 28      1     1       9    1    2    1    11       2       2
 29      1     8       4    2    5    2    48      40      16
 30      1     8       9    2    2    7    88      16      56
 31      1     0       0    0    0    0     0       0       0
************************************************************************
RESOURCEAVAILABILITIES:
  R 1  R 2  R 3
   52   22   27
************************************************************************
RESOURCE LIMITS:
jobnr.  l(R 1)  u(R 1)  l(R 2)  u(R 2)  l(R 3)  u(R 3)
------------------------------------------------------------------------
  0        0       0       0       0       0       0
  1        5       9       5       9       1       2
  2        3       6       5       9       1       2
  3        7      13       1       2       1       2
  4        9      18       2       3       5      10
  5        5       9       1       2       4       7
  6        8      15       2       3       1       2
  7        8      15       2       3       2       4
  8        9      18       1       2       5       9
  9        6      10       5      10       4       8
 10        4       7       2       3       2       4
 11        8      15       1       2       3       6
 12        5       9       1       2       2       4
 13        6      11       3       5       3       5
 14        5       9       3       6       4       8
 15        7      14       1       2       5       9
 16        5      10       1       2       1       2
 17        7      14       2       4       4       8
 18        9      18       5      10       5      10
 19        2       4       5      10       3       6
 20        8      15       3       6       4       8
 21        7      14       4       7       5       9
 22        2       4       1       2       4       7
 23        6      11       4       7       5       9
 24        6      11       2       4       1       2
 25        5      10       1       2       2       4
 26        7      14       2       3       1       2
 27        5       8       3       6       5       9
 28        6      11       1       2       1       2
 29        3       6       3       5       1       2
 30        6      11       1       2       4       7
 31        0       0       0       0       0       0
************************************************************************
SCENARIOS:
------------------------------------------------------------------------
RESOURCE k = 1
s = 1: (0, 6, 23, 95, 88, 9, 122, 51, 101, 64, 49, 10, 101, 103, 23, 123, 102, 105, 134, 51, 65, 23, 35, 37, 82, 112, 12, 49, 11, 36, 82, 0)
s = 2: (0, 14, 27, 153, 164, 8, 159, 47, 155, 76, 51, 20, 90, 97, 14, 71, 97, 60, 227, 47, 75, 15, 29, 25, 63, 100, 13, 62, 14, 47, 68, 0)
s = 3: (0, 10, 42, 117, 97, 8, 91, 70, 213, 41, 61, 18, 37, 72, 23, 107, 114, 113, 145, 37, 149, 13, 42, 60, 71, 112, 13, 34, 6, 34, 87, 0)
s = 4: (0, 13, 33, 144, 68, 7, 179, 32, 184, 35, 37, 19, 47, 105, 15, 112, 103, 94, 188, 30, 126, 15, 29, 67, 69, 129, 16, 30, 11, 37, 142, 0)
s = 5: (0, 13, 41, 150, 184, 7, 132, 46, 126, 40, 47, 15, 70, 102, 22, 137, 123, 135, 111, 38, 146, 14, 40, 31, 76, 80, 12, 34, 15, 30, 60, 0)
s = 6: (0, 11, 47, 165, 107, 8, 146, 55, 222, 73, 31, 15, 62, 104, 20, 121, 63, 78, 110, 32, 58, 12, 31, 52, 68, 135, 10, 53, 10, 74, 58, 0)
s = 7: (0, 8, 33, 168, 150, 10, 156, 70, 107, 82, 54, 11, 95, 153, 21, 162, 112, 58, 138, 23, 119, 22, 21, 46, 67, 84, 9, 37, 8, 30, 89, 0)
s = 8: (0, 9, 27, 85, 119, 9, 129, 45, 172, 38, 26, 10, 55, 138, 20, 76, 68, 56, 120, 45, 86, 15, 23, 59, 132, 133, 16, 26, 10, 56, 87, 0)
s = 9: (0, 17, 44, 91, 106, 8, 102, 51, 216, 36, 28, 14, 73, 130, 21, 100, 119, 103, 175, 29, 65, 20, 22, 53, 65, 88, 16, 41, 11, 39, 76, 0)
s = 10: (0, 10, 28, 163, 128, 8, 174, 35, 106, 44, 36, 14, 68, 144, 16, 128, 72, 109, 328, 48, 110, 13, 34, 46, 91, 80, 10, 36, 16, 61, 107, 0)
s = 11: (0, 10, 27, 97, 75, 10, 140, 34, 162, 62, 57, 20, 85, 70, 13, 103, 97, 94, 204, 24, 67, 11, 29, 43, 89, 98, 18, 44, 13, 46, 136, 0)
s = 12: (0, 10, 35, 143, 82, 17, 133, 60, 114, 49, 50, 13, 115, 110, 20, 144, 58, 88, 196, 24, 136, 16, 19, 41, 75, 111, 18, 46, 17, 44, 102, 0)
s = 13: (0, 14, 34, 116, 61, 9, 88, 39, 221, 68, 77, 14, 81, 109, 18, 155, 64, 96, 243, 37, 103, 23, 27, 36, 82, 75, 21, 48, 12, 45, 70, 0)
s = 14: (0, 9, 34, 105, 123, 7, 163, 78, 145, 52, 51, 19, 73, 166, 19, 183, 108, 66, 153, 49, 148, 19, 36, 54, 125, 150, 18, 30, 10, 56, 67, 0)
s = 15: (0, 7, 31, 85, 121, 7, 83, 46, 138, 77, 70, 20, 82, 118, 17, 99, 79, 79, 196, 31, 78, 20, 40, 34, 47, 92, 14, 24, 14, 52, 89, 0)
s = 16: (0, 14, 25, 115, 87, 6, 119, 50, 191, 51, 37, 16, 59, 118, 15, 113, 55, 64, 135, 33, 169, 15, 18, 34, 78, 78, 11, 32, 12, 40, 119, 0)
s = 17: (0, 10, 20, 107, 90, 10, 148, 58, 199, 53, 51, 19, 91, 97, 16, 64, 136, 94, 168, 31, 90, 12, 42, 60, 67, 122, 15, 37, 9, 28, 78, 0)
s = 18: (0, 10, 19, 139, 134, 10, 91, 60, 142, 80, 50, 14, 81, 115, 26, 98, 92, 132, 200, 41, 154, 13, 22, 63, 86, 78, 15, 53, 12, 64, 58, 0)
s = 19: (0, 9, 36, 138, 111, 9, 123, 56, 200, 57, 69, 14, 75, 109, 13, 112, 138, 48, 129, 32, 123, 14, 28, 53, 76, 72, 12, 53, 12, 39, 93, 0)
s = 20: (0, 8, 26, 74, 128, 9, 114, 45, 125, 77, 57, 12, 63, 105, 17, 110, 71, 80, 119, 22, 123, 13, 28, 28, 63, 118, 12, 33, 7, 67, 54, 0)
s = 21: (0, 5, 45, 156, 79, 11, 122, 37, 250, 93, 76, 18, 74, 101, 34, 69, 137, 92, 152, 36, 96, 15, 30, 68, 77, 75, 16, 31, 13, 41, 53, 0)
s = 22: (0, 11, 30, 107, 101, 10, 94, 32, 189, 49, 57, 9, 88, 102, 17, 102, 107, 65, 124, 44, 74, 18, 34, 28, 101, 149, 10, 34, 7, 42, 79, 0)
s = 23: (0, 9, 35, 97, 80, 7, 145, 65, 168, 59, 83, 19, 77, 145, 18, 115, 64, 78, 182, 31, 109, 15, 47, 52, 105, 75, 15, 42, 15, 45, 52, 0)
s = 24: (0, 12, 36, 139, 111, 9, 131, 37, 163, 61, 51, 15, 69, 82, 17, 159, 60, 60, 166, 27, 73, 9, 20, 43, 92, 86, 11, 34, 11, 54, 64, 0)
s = 25: (0, 7, 47, 72, 127, 15, 95, 55, 195, 37, 27, 17, 59, 179, 16, 129, 100, 55, 160, 38, 91, 13, 37, 42, 110, 99, 16, 41, 16, 66, 96, 0)
s = 26: (0, 5, 20, 144, 91, 8, 121, 56, 154, 65, 57, 23, 86, 103, 11, 93, 107, 51, 220, 26, 122, 20, 37, 34, 109, 87, 11, 35, 9, 69, 113, 0)
s = 27: (0, 8, 19, 62, 62, 16, 163, 47, 149, 40, 41, 10, 65, 85, 17, 88, 113, 86, 154, 28, 61, 13, 23, 61, 63, 57, 17, 50, 18, 60, 60, 0)
s = 28: (0, 15, 31, 68, 135, 14, 134, 28, 185, 38, 58, 21, 65, 138, 16, 74, 107, 100, 162, 26, 121, 20, 24, 41, 60, 134, 15, 34, 16, 62, 64, 0)
s = 29: (0, 12, 29, 121, 73, 9, 84, 59, 200, 73, 63, 21, 103, 185, 11, 90, 77, 55, 228, 24, 79, 17, 19, 52, 92, 89, 10, 31, 11, 40, 110, 0)
s = 30: (0, 12, 51, 111, 192, 7, 150, 68, 288, 60, 53, 16, 86, 86, 23, 64, 102, 103, 118, 62, 108, 11, 33, 87, 99, 139, 13, 44, 18, 30, 82, 0)
s = 31: (0, 14, 29, 216, 87, 12, 76, 39, 178, 104, 33, 12, 61, 97, 13, 168, 72, 87, 134, 61, 100, 16, 18, 37, 91, 99, 11, 36, 14, 73, 79, 0)
s = 32: (0, 8, 29, 112, 143, 13, 89, 67, 192, 66, 68, 11, 54, 112, 22, 81, 95, 93, 137, 57, 97, 15, 39, 39, 79, 75, 11, 38, 11, 29, 90, 0)
s = 33: (0, 13, 33, 170, 79, 7, 118, 34, 112, 61, 39, 12, 116, 72, 21, 110, 92, 67, 146, 29, 65, 14, 34, 29, 143, 90, 10, 43, 12, 47, 62, 0)
s = 34: (0, 9, 25, 113, 74, 8, 121, 29, 140, 66, 58, 11, 73, 102, 27, 80, 99, 103, 159, 41, 65, 15, 18, 46, 89, 100, 13, 50, 9, 51, 87, 0)
s = 35: (0, 6, 30, 88, 82, 9, 130, 36, 147, 60, 49, 10, 46, 94, 18, 101, 84, 64, 235, 61, 63, 12, 23, 31, 88, 56, 21, 37, 11, 42, 96, 0)
s = 36: (0, 6, 30, 110, 84, 7, 113, 53, 202, 52, 30, 21, 46, 110, 18, 87, 111, 106, 135, 21, 68, 19, 18, 49, 60, 111, 13, 41, 11, 84, 62, 0)
s = 37: (0, 12, 37, 101, 75, 14, 120, 57, 131, 53, 51, 14, 93, 105, 10, 76, 125, 52, 185, 24, 76, 9, 16, 34, 92, 123, 19, 26, 19, 27, 112, 0)
s = 38: (0, 12, 44, 77, 106, 7, 102, 43, 144, 46, 35, 16, 67, 79, 19, 62, 99, 58, 256, 27, 82, 19, 30, 49, 114, 156, 12, 26, 9, 61, 69, 0)
s = 39: (0, 10, 18, 87, 176, 8, 125, 44, 165, 79, 59, 13, 61, 66, 16, 137, 132, 97, 241, 42, 81, 12, 18, 51, 77, 61, 19, 23, 9, 47, 79, 0)
s = 40: (0, 14, 31, 98, 132, 11, 122, 39, 154, 56, 46, 15, 63, 126, 11, 90, 75, 73, 119, 33, 110, 9, 42, 28, 93, 104, 19, 39, 9, 32, 116, 0)
s = 41: (0, 14, 18, 118, 142, 6, 84, 29, 159, 75, 49, 20, 89, 102, 21, 91, 66, 85, 134, 38, 107, 20, 17, 45, 93, 119, 9, 36, 10, 70, 84, 0)
s = 42: (0, 8, 21, 76, 117, 8, 167, 52, 181, 102, 30, 12, 49, 98, 18, 100, 121, 48, 201, 33, 163, 15, 27, 68, 97, 133, 15, 56, 18, 41, 63, 0)
s = 43: (0, 11, 33, 136, 79, 7, 119, 71, 249, 73, 46, 12, 50, 118, 34, 79, 87, 68, 196, 37, 107, 15, 33, 47, 71, 99, 12, 52, 10, 63, 77, 0)
s = 44: (0, 8, 47, 149, 73, 6, 69, 54, 106, 53, 53, 14, 88, 135, 12, 141, 86, 71, 173, 62, 69, 12, 27, 32, 94, 130, 18, 28, 11, 78, 134, 0)
s = 45: (0, 10, 21, 148, 111, 10, 82, 44, 162, 48, 48, 19, 58, 102, 31, 129, 125, 44, 168, 33, 96, 10, 17, 37, 63, 63, 27, 46, 9, 50, 104, 0)
s = 46: (0, 10, 27, 137, 72, 10, 71, 83, 147, 45, 50, 15, 72, 102, 16, 94, 52, 129, 121, 45, 82, 14, 30, 37, 65, 117, 15, 26, 8, 58, 101, 0)
s = 47: (0, 13, 38, 186, 93, 9, 96, 25, 144, 67, 72, 20, 46, 103, 13, 116, 68, 68, 128, 22, 133, 8, 20, 53, 83, 148, 21, 22, 14, 74, 104, 0)
s = 48: (0, 12, 50, 127, 84, 6, 106, 53, 204, 65, 79, 26, 110, 194, 26, 163, 122, 107, 242, 26, 197, 19, 19, 38, 92, 92, 15, 36, 14, 76, 64, 0)
s = 49: (0, 10, 19, 90, 154, 9, 183, 41, 162, 37, 56, 9, 43, 119, 15, 71, 86, 59, 267, 26, 132, 15, 27, 52, 96, 120, 12, 49, 8, 28, 83, 0)
s = 50: (0, 9, 31, 137, 112, 13, 90, 40, 247, 41, 44, 14, 80, 90, 11, 74, 84, 50, 112, 28, 95, 20, 33, 35, 66, 120, 12, 26, 6, 50, 88, 0)
s = 51: (0, 13, 20, 167, 95, 9, 96, 32, 93, 35, 64, 10, 60, 75, 13, 122, 88, 106, 236, 30, 163, 18, 21, 51, 96, 77, 8, 33, 14, 37, 57, 0)
s = 52: (0, 5, 30, 128, 102, 7, 78, 34, 145, 49, 48, 17, 73, 153, 20, 90, 109, 70, 316, 39, 105, 14, 27, 38, 122, 81, 14, 35, 16, 58, 63, 0)
s = 53: (0, 14, 32, 159, 120, 7, 204, 43, 152, 46, 37, 17, 103, 101, 27, 99, 78, 105, 103, 21, 123, 12, 34, 60, 66, 128, 14, 42, 9, 42, 90, 0)
s = 54: (0, 11, 23, 89, 110, 7, 85, 50, 104, 46, 49, 12, 50, 133, 12, 88, 60, 103, 208, 61, 70, 17, 28, 43, 96, 105, 13, 44, 10, 41, 94, 0)
s = 55: (0, 11, 39, 87, 60, 8, 77, 60, 107, 48, 53, 14, 99, 133, 15, 70, 95, 72, 315, 47, 99, 14, 30, 53, 81, 115, 11, 27, 21, 44, 131, 0)
s = 56: (0, 9, 43, 91, 97, 11, 81, 35, 216, 82, 39, 9, 60, 114, 27, 78, 56, 70, 126, 22, 108, 10, 19, 33, 82, 80, 14, 50, 20, 37, 86, 0)
s = 57: (0, 10, 21, 86, 154, 10, 94, 45, 117, 57, 93, 21, 84, 66, 14, 96, 50, 94, 245, 55, 155, 22, 38, 28, 65, 69, 12, 66, 13, 72, 63, 0)
s = 58: (0, 12, 46, 106, 67, 12, 113, 55, 121, 78, 50, 19, 57, 111, 12, 112, 76, 69, 155, 34, 124, 9, 15, 49, 95, 115, 13, 53, 7, 42, 77, 0)
s = 59: (0, 11, 42, 75, 152, 7, 102, 28, 128, 73, 29, 15, 67, 116, 24, 116, 143, 72, 205, 40, 91, 20, 25, 35, 56, 110, 9, 52, 17, 41, 96, 0)
s = 60: (0, 13, 28, 166, 82, 8, 110, 55, 193, 39, 41, 16, 66, 162, 26, 100, 71, 87, 233, 43, 135, 15, 36, 51, 66, 131, 8, 34, 7, 38, 115, 0)
s = 61: (0, 7, 33, 101, 81, 9, 138, 58, 139, 42, 51, 24, 68, 110, 15, 113, 94, 77, 201, 38, 133, 17, 19, 34, 62, 82, 15, 53, 12, 48, 130, 0)
s = 62: (0, 9, 40, 92, 86, 13, 104, 82, 221, 65, 67, 24, 94, 111, 18, 157, 120, 64, 229, 42, 122, 13, 21, 55, 84, 105, 22, 63, 9, 58, 82, 0)
s = 63: (0, 10, 33, 87, 81, 14, 104, 68, 187, 63, 76, 17, 69, 72, 16, 99, 86, 65, 260, 37, 116, 15, 22, 44, 83, 94, 13, 54, 7, 43, 68, 0)
s = 64: (0, 6, 30, 94, 131, 9, 165, 50, 138, 37, 44, 24, 85, 155, 23, 86, 81, 81, 188, 39, 60, 15, 37, 43, 131, 84, 18, 32, 6, 44, 103, 0)
s = 65: (0, 10, 39, 103, 61, 12, 189, 39, 163, 59, 38, 18, 46, 150, 25, 115, 128, 106, 202, 47, 118, 9, 23, 47, 76, 87, 10, 55, 17, 43, 103, 0)
s = 66: (0, 6, 42, 138, 97, 7, 80, 56, 240, 79, 26, 14, 64, 83, 27, 108, 94, 58, 185, 23, 82, 17, 31, 49, 82, 123, 12, 34, 10, 44, 101, 0)
s = 67: (0, 8, 31, 91, 70, 10, 181, 40, 198, 45, 27, 13, 83, 139, 28, 99, 91, 117, 244, 28, 187, 9, 24, 41, 61, 83, 10, 27, 7, 42, 63, 0)
s = 68: (0, 11, 20, 87, 170, 9, 104, 34, 152, 57, 56, 11, 84, 145, 23, 149, 90, 86, 197, 41, 89, 21, 21, 34, 82, 130, 13, 63, 15, 33, 81, 0)
s = 69: (0, 6, 35, 160, 120, 6, 109, 29, 228, 44, 59, 19, 61, 99, 25, 67, 115, 93, 161, 37, 84, 14, 29, 28, 79, 100, 15, 47, 8, 61, 110, 0)
s = 70: (0, 9, 19, 69, 74, 9, 75, 36, 146, 79, 55, 14, 74, 108, 13, 170, 60, 52, 106, 27, 74, 14, 22, 73, 49, 86, 9, 53, 12, 53, 102, 0)
s = 71: (0, 11, 22, 65, 124, 10, 87, 28, 139, 84, 51, 11, 64, 104, 20, 134, 107, 133, 177, 43, 60, 24, 26, 34, 68, 67, 16, 66, 12, 54, 97, 0)
s = 72: (0, 13, 31, 139, 103, 7, 105, 24, 143, 60, 90, 12, 55, 121, 18, 158, 91, 110, 236, 52, 92, 10, 32, 66, 77, 91, 17, 26, 9, 42, 116, 0)
s = 73: (0, 9, 34, 115, 78, 7, 126, 59, 176, 80, 70, 20, 68, 90, 30, 88, 94, 78, 162, 61, 111, 11, 33, 49, 124, 89, 11, 24, 18, 91, 83, 0)
s = 74: (0, 10, 24, 111, 113, 10, 89, 58, 154, 53, 32, 19, 95, 74, 20, 116, 97, 107, 161, 33, 114, 13, 34, 35, 81, 79, 11, 25, 11, 56, 94, 0)
s = 75: (0, 10, 22, 124, 148, 11, 83, 55, 231, 46, 54, 18, 51, 90, 23, 81, 99, 68, 146, 29, 95, 12, 26, 42, 56, 158, 13, 24, 14, 54, 86, 0)
s = 76: (0, 7, 19, 106, 121, 8, 100, 44, 136, 38, 41, 11, 50, 70, 21, 98, 78, 82, 99, 30, 132, 13, 31, 34, 79, 66, 9, 33, 10, 45, 97, 0)
s = 77: (0, 8, 21, 130, 68, 6, 103, 36, 174, 36, 50, 20, 73, 94, 23, 96, 81, 69, 128, 42, 138, 11, 23, 48, 68, 94, 11, 59, 12, 59, 80, 0)
s = 78: (0, 7, 30, 110, 137, 11, 104, 24, 109, 69, 82, 13, 106, 112, 20, 152, 113, 97, 126, 47, 119, 8, 20, 41, 74, 93, 17, 47, 14, 26, 86, 0)
s = 79: (0, 10, 16, 99, 96, 10, 179, 45, 136, 82, 74, 21, 50, 86, 18, 72, 78, 96, 133, 26, 77, 13, 36, 62, 92, 55, 14, 28, 6, 32, 107, 0)
s = 80: (0, 6, 27, 75, 80, 8, 149, 48, 160, 57, 65, 16, 55, 83, 14, 118, 80, 106, 227, 46, 144, 13, 27, 28, 81, 71, 19, 42, 15, 62, 153, 0)
s = 81: (0, 13, 16, 106, 169, 9, 92, 85, 135, 70, 36, 15, 109, 117, 26, 96, 88, 120, 99, 24, 128, 25, 23, 33, 87, 71, 14, 43, 9, 44, 84, 0)
s = 82: (0, 6, 29, 87, 100, 7, 107, 52, 181, 51, 77, 14, 50, 105, 27, 136, 130, 127, 157, 24, 113, 12, 41, 37, 84, 138, 13, 22, 7, 39, 89, 0)
s = 83: (0, 17, 22, 118, 117, 11, 167, 40, 189, 70, 34, 21, 96, 156, 16, 152, 73, 91, 135, 44, 141, 9, 25, 40, 117, 73, 20, 30, 8, 38, 85, 0)
s = 84: (0, 7, 19, 125, 99, 12, 114, 40, 257, 58, 56, 25, 72, 141, 23, 85, 72, 78, 186, 52, 100, 20, 29, 50, 80, 117, 14, 30, 14, 47, 117, 0)
s = 85: (0, 14, 39, 95, 94, 8, 139, 34, 156, 61, 54, 13, 49, 121, 18, 110, 81, 61, 203, 43, 108, 16, 38, 47, 99, 61, 17, 53, 7, 47, 102, 0)
s = 86: (0, 12, 25, 94, 128, 9, 130, 62, 98, 88, 58, 17, 46, 161, 13, 59, 81, 52, 214, 26, 70, 17, 47, 48, 103, 97, 15, 24, 16, 36, 82, 0)
s = 87: (0, 11, 22, 167, 89, 12, 85, 50, 117, 47, 55, 18, 71, 193, 22, 140, 56, 68, 127, 27, 100, 22, 17, 56, 148, 69, 18, 61, 12, 38, 81, 0)
s = 88: (0, 8, 24, 168, 100, 9, 95, 54, 137, 67, 34, 9, 69, 144, 19, 92, 55, 61, 238, 42, 73, 16, 30, 35, 94, 72, 23, 26, 10, 53, 106, 0)
s = 89: (0, 6, 24, 124, 139, 8, 145, 46, 166, 45, 47, 18, 96, 75, 21, 123, 77, 113, 127, 26, 63, 16, 25, 48, 95, 94, 16, 62, 8, 74, 131, 0)
s = 90: (0, 10, 19, 123, 105, 6, 132, 33, 155, 46, 32, 9, 56, 74, 12, 140, 64, 63, 105, 22, 155, 19, 26, 60, 90, 83, 10, 56, 12, 44, 124, 0)
s = 91: (0, 7, 32, 85, 69, 11, 154, 50, 203, 59, 49, 14, 46, 110, 18, 174, 71, 52, 140, 36, 100, 15, 31, 30, 85, 99, 15, 49, 14, 39, 89, 0)
s = 92: (0, 13, 22, 151, 165, 9, 113, 48, 147, 36, 52, 18, 73, 103, 11, 152, 73, 79, 160, 37, 87, 12, 45, 48, 138, 107, 11, 31, 8, 56, 110, 0)
s = 93: (0, 10, 28, 92, 68, 9, 177, 45, 107, 77, 30, 22, 49, 116, 21, 132, 77, 61, 149, 25, 122, 23, 23, 51, 81, 128, 14, 49, 15, 65, 146, 0)
s = 94: (0, 11, 27, 112, 91, 5, 186, 41, 179, 63, 31, 12, 69, 108, 18, 123, 71, 77, 208, 29, 115, 12, 41, 72, 108, 63, 18, 45, 8, 65, 78, 0)
s = 95: (0, 12, 25, 120, 134, 8, 93, 31, 151, 69, 43, 16, 45, 106, 32, 75, 52, 114, 175, 33, 75, 19, 20, 31, 68, 158, 17, 46, 12, 61, 47, 0)
s = 96: (0, 6, 27, 87, 93, 6, 186, 46, 103, 47, 49, 13, 57, 120, 17, 123, 56, 109, 208, 28, 76, 9, 27, 28, 68, 61, 11, 31, 17, 34, 131, 0)
s = 97: (0, 8, 33, 92, 128, 7, 180, 74, 140, 41, 28, 14, 69, 173, 20, 95, 68, 57, 221, 51, 74, 9, 28, 41, 128, 134, 20, 46, 14, 45, 101, 0)
s = 98: (0, 7, 43, 80, 110, 9, 80, 64, 170, 70, 54, 10, 101, 76, 11, 121, 68, 113, 152, 30, 86, 14, 36, 39, 61, 116, 13, 58, 10, 56, 93, 0)
s = 99: (0, 8, 29, 99, 83, 10, 176, 46, 104, 33, 42, 19, 69, 191, 18, 131, 133, 52, 164, 21, 95, 9, 16, 69, 87, 115, 9, 45, 14, 27, 81, 0)
s = 100: (0, 14, 33, 104, 116, 7, 107, 57, 142, 49, 31, 14, 74, 94, 15, 74, 89, 86, 216, 23, 117, 18, 20, 53, 110, 136, 21, 38, 13, 29, 84, 0)
s = 101: (0, 6, 19, 100, 72, 14, 130, 46, 223, 57, 73, 11, 78, 120, 23, 103, 71, 79, 193, 42, 128, 14, 27, 28, 77, 75, 14, 48, 10, 59, 116, 0)
s = 102: (0, 10, 35, 111, 148, 10, 80, 49, 124, 40, 49, 30, 53, 114, 21, 135, 72, 89, 109, 51, 142, 12, 20, 35, 72, 69, 14, 28, 10, 35, 102, 0)
s = 103: (0, 10, 32, 72, 142, 12, 107, 74, 166, 60, 63, 16, 76, 105, 16, 101, 76, 64, 207, 48, 83, 21, 21, 37, 72, 112, 10, 32, 9, 42, 53, 0)
s = 104: (0, 6, 19, 119, 129, 10, 86, 55, 203, 67, 52, 15, 51, 91, 20, 112, 99, 57, 217, 36, 95, 19, 22, 49, 108, 143, 23, 36, 12, 50, 87, 0)
s = 105: (0, 11, 34, 194, 117, 8, 151, 64, 165, 32, 31, 14, 53, 176, 24, 100, 71, 155, 163, 47, 80, 15, 25, 57, 95, 140, 12, 45, 7, 45, 49, 0)
s = 106: (0, 10, 25, 121, 104, 11, 153, 35, 158, 97, 34, 19, 84, 123, 17, 124, 69, 114, 127, 46, 88, 26, 38, 29, 60, 112, 12, 58, 12, 66, 59, 0)
s = 107: (0, 8, 29, 128, 115, 8, 146, 52, 166, 41, 31, 11, 60, 139, 17, 165, 65, 99, 172, 34, 122, 10, 24, 30, 124, 116, 9, 57, 8, 33, 61, 0)
s = 108: (0, 7, 25, 172, 123, 10, 191, 29, 234, 52, 40, 24, 42, 68, 20, 116, 83, 62, 224, 50, 139, 13, 28, 29, 70, 122, 9, 33, 10, 47, 92, 0)
s = 109: (0, 9, 30, 159, 131, 8, 156, 57, 213, 47, 29, 10, 55, 79, 12, 121, 55, 92, 123, 62, 92, 13, 25, 46, 123, 69, 12, 54, 12, 38, 106, 0)
s = 110: (0, 6, 22, 140, 103, 7, 102, 53, 138, 100, 55, 11, 51, 133, 16, 91, 65, 72, 140, 30, 107, 15, 27, 62, 62, 107, 20, 55, 10, 43, 97, 0)
s = 111: (0, 9, 29, 172, 95, 8, 93, 35, 145, 94, 50, 10, 71, 80, 19, 88, 167, 87, 153, 42, 166, 17, 33, 47, 81, 79, 15, 46, 12, 44, 111, 0)
s = 112: (0, 10, 39, 115, 97, 12, 90, 41, 135, 39, 63, 11, 55, 153, 27, 104, 90, 97, 193, 29, 90, 13, 32, 37, 103, 60, 12, 43, 9, 29, 65, 0)
s = 113: (0, 16, 36, 102, 72, 8, 90, 51, 94, 108, 33, 24, 64, 150, 16, 151, 91, 71, 112, 26, 145, 24, 32, 43, 73, 82, 13, 41, 10, 57, 91, 0)
s = 114: (0, 9, 40, 94, 133, 11, 132, 42, 163, 36, 46, 21, 108, 104, 27, 140, 84, 103, 259, 41, 76, 19, 19, 41, 79, 124, 15, 34, 11, 74, 102, 0)
s = 115: (0, 8, 22, 215, 134, 7, 87, 43, 146, 51, 36, 18, 60, 70, 23, 70, 93, 117, 170, 47, 92, 15, 29, 46, 101, 110, 14, 63, 19, 35, 49, 0)
s = 116: (0, 8, 40, 99, 109, 11, 89, 34, 123, 76, 39, 27, 73, 74, 25, 116, 95, 56, 158, 26, 121, 14, 27, 33, 79, 135, 17, 28, 13, 49, 58, 0)
s = 117: (0, 7, 22, 109, 87, 7, 88, 37, 142, 40, 50, 17, 84, 128, 22, 80, 97, 89, 186, 23, 143, 14, 31, 34, 56, 90, 13, 52, 9, 52, 62, 0)
s = 118: (0, 11, 19, 87, 82, 7, 148, 44, 122, 75, 39, 14, 76, 124, 21, 101, 108, 67, 170, 31, 90, 10, 32, 32, 97, 59, 15, 56, 13, 58, 64, 0)
s = 119: (0, 7, 37, 153, 136, 11, 135, 45, 149, 45, 47, 27, 93, 123, 19, 100, 91, 81, 132, 26, 105, 19, 29, 50, 70, 86, 11, 31, 13, 47, 100, 0)
s = 120: (0, 9, 44, 159, 131, 8, 66, 28, 201, 57, 44, 12, 56, 171, 13, 112, 70, 44, 280, 32, 105, 11, 23, 44, 92, 67, 15, 27, 13, 49, 100, 0)
s = 121: (0, 7, 35, 167, 108, 6, 91, 28, 152, 41, 36, 10, 97, 99, 17, 102, 115, 85, 223, 32, 92, 17, 42, 23, 78, 155, 15, 31, 12, 46, 72, 0)
s = 122: (0, 8, 55, 150, 75, 12, 106, 57, 109, 61, 43, 24, 88, 82, 19, 110, 62, 95, 190, 46, 144, 21, 22, 28, 135, 109, 18, 28, 10, 52, 135, 0)
s = 123: (0, 7, 20, 163, 71, 8, 120, 49, 123, 45, 56, 24, 79, 73, 28, 113, 47, 90, 167, 51, 108, 18, 30, 42, 73, 71, 14, 46, 12, 50, 74, 0)
s = 124: (0, 10, 48, 80, 59, 6, 253, 52, 96, 39, 37, 14, 69, 76, 19, 70, 113, 46, 205, 24, 126, 11, 29, 29, 102, 80, 11, 71, 14, 39, 79, 0)
s = 125: (0, 8, 31, 66, 73, 8, 78, 49, 114, 87, 41, 14, 78, 90, 14, 137, 71, 88, 133, 32, 149, 13, 16, 59, 66, 124, 20, 33, 11, 64, 88, 0)
s = 126: (0, 9, 22, 95, 111, 8, 182, 49, 183, 50, 63, 15, 96, 139, 17, 112, 119, 59, 224, 54, 147, 12, 22, 42, 52, 73, 11, 40, 16, 28, 64, 0)
s = 127: (0, 8, 36, 125, 97, 7, 132, 51, 145, 99, 38, 16, 59, 116, 24, 60, 63, 58, 155, 27, 75, 14, 42, 41, 48, 184, 11, 47, 10, 59, 87, 0)
s = 128: (0, 11, 22, 92, 73, 13, 179, 32, 169, 59, 45, 19, 73, 108, 30, 72, 91, 82, 143, 43, 128, 13, 22, 23, 75, 147, 19, 42, 9, 54, 70, 0)
s = 129: (0, 9, 35, 121, 109, 12, 149, 73, 137, 50, 34, 13, 83, 71, 17, 76, 78, 60, 177, 50, 92, 12, 33, 31, 140, 110, 11, 26, 13, 45, 69, 0)
s = 130: (0, 11, 38, 102, 79, 6, 106, 29, 121, 60, 65, 16, 84, 110, 18, 77, 93, 135, 142, 42, 109, 9, 25, 38, 114, 96, 14, 43, 17, 41, 74, 0)
s = 131: (0, 10, 20, 125, 100, 12, 144, 59, 108, 59, 34, 15, 95, 84, 23, 106, 97, 67, 177, 25, 68, 13, 40, 34, 62, 111, 12, 65, 12, 27, 54, 0)
s = 132: (0, 8, 40, 213, 113, 7, 79, 48, 137, 54, 56, 13, 134, 77, 16, 65, 75, 74, 240, 26, 118, 9, 19, 45, 100, 79, 20, 29, 10, 47, 83, 0)
s = 133: (0, 11, 23, 70, 78, 12, 107, 42, 135, 63, 57, 12, 58, 153, 19, 71, 60, 57, 198, 39, 71, 12, 25, 44, 74, 91, 12, 29, 10, 45, 90, 0)
s = 134: (0, 9, 26, 195, 88, 11, 232, 54, 137, 51, 61, 18, 43, 147, 25, 138, 79, 96, 208, 45, 72, 11, 29, 27, 103, 91, 8, 23, 9, 37, 66, 0)
s = 135: (0, 9, 30, 114, 135, 13, 181, 47, 151, 65, 76, 23, 110, 165, 22, 99, 77, 60, 192, 50, 59, 9, 41, 42, 110, 101, 9, 53, 8, 74, 111, 0)
s = 136: (0, 7, 32, 144, 119, 9, 87, 35, 133, 42, 47, 23, 118, 149, 24, 133, 66, 95, 139, 21, 72, 18, 28, 31, 106, 169, 21, 43, 10, 51, 120, 0)
s = 137: (0, 13, 25, 80, 123, 8, 84, 60, 121, 50, 70, 11, 97, 140, 12, 79, 67, 83, 232, 45, 108, 12, 23, 70, 66, 132, 13, 28, 7, 56, 84, 0)
s = 138: (0, 6, 47, 71, 113, 10, 112, 51, 148, 58, 55, 23, 55, 103, 22, 141, 61, 73, 246, 35, 65, 15, 16, 48, 141, 77, 15, 58, 11, 31, 101, 0)
s = 139: (0, 16, 18, 81, 95, 6, 119, 51, 124, 47, 35, 11, 69, 107, 21, 128, 127, 58, 166, 47, 159, 13, 24, 39, 83, 68, 16, 34, 11, 88, 113, 0)
s = 140: (0, 9, 35, 153, 186, 6, 94, 35, 162, 52, 52, 11, 77, 131, 20, 62, 47, 104, 185, 33, 84, 25, 30, 30, 119, 72, 17, 37, 9, 33, 85, 0)
s = 141: (0, 14, 31, 93, 112, 8, 102, 35, 220, 83, 34, 13, 91, 98, 12, 82, 65, 141, 149, 19, 140, 23, 37, 78, 112, 112, 9, 60, 16, 47, 72, 0)
s = 142: (0, 9, 35, 96, 139, 8, 168, 38, 160, 54, 55, 13, 100, 103, 13, 167, 89, 62, 118, 35, 79, 10, 22, 38, 94, 110, 12, 50, 10, 65, 89, 0)
s = 143: (0, 10, 31, 116, 180, 8, 79, 50, 85, 41, 31, 16, 97, 115, 18, 110, 91, 61, 124, 51, 81, 15, 28, 39, 107, 91, 13, 38, 12, 32, 78, 0)
s = 144: (0, 9, 25, 99, 100, 11, 197, 44, 120, 59, 42, 22, 108, 115, 16, 104, 74, 54, 168, 26, 93, 16, 19, 62, 61, 93, 12, 39, 10, 57, 105, 0)
s = 145: (0, 11, 30, 106, 110, 8, 123, 82, 257, 83, 44, 16, 77, 120, 24, 132, 67, 107, 157, 40, 117, 19, 22, 32, 97, 64, 13, 34, 15, 44, 100, 0)
s = 146: (0, 7, 22, 145, 131, 10, 90, 52, 155, 79, 39, 19, 115, 107, 11, 128, 99, 52, 230, 29, 66, 16, 26, 54, 56, 136, 12, 27, 11, 42, 136, 0)
s = 147: (0, 10, 33, 147, 77, 14, 104, 44, 157, 67, 38, 18, 55, 109, 23, 109, 101, 68, 203, 35, 121, 23, 27, 55, 111, 91, 11, 26, 8, 52, 84, 0)
s = 148: (0, 6, 39, 84, 106, 8, 95, 59, 101, 88, 42, 13, 82, 117, 21, 82, 115, 54, 146, 51, 108, 9, 23, 42, 117, 86, 13, 53, 12, 42, 97, 0)
s = 149: (0, 12, 27, 97, 126, 6, 94, 35, 140, 36, 40, 12, 98, 88, 25, 75, 123, 103, 183, 58, 110, 12, 35, 66, 118, 81, 21, 49, 14, 42, 99, 0)
s = 150: (0, 18, 25, 117, 100, 7, 130, 44, 219, 68, 27, 14, 83, 76, 21, 77, 130, 101, 154, 39, 117, 14, 29, 54, 106, 92, 9, 30, 13, 37, 62, 0)
s = 151: (0, 7, 39, 91, 98, 11, 146, 50, 119, 46, 41, 10, 87, 140, 13, 80, 49, 88, 189, 45, 79, 19, 26, 58, 93, 70, 13, 54, 14, 46, 125, 0)
s = 152: (0, 13, 19, 161, 162, 7, 142, 37, 137, 52, 30, 14, 67, 100, 12, 88, 83, 51, 228, 25, 79, 24, 16, 60, 91, 111, 10, 52, 9, 35, 96, 0)
s = 153: (0, 10, 35, 105, 139, 7, 91, 28, 147, 59, 40, 11, 49, 89, 21, 140, 59, 48, 218, 45, 92, 16, 21, 26, 86, 118, 9, 37, 17, 53, 120, 0)
s = 154: (0, 14, 39, 140, 141, 12, 107, 32, 264, 38, 50, 20, 55, 163, 17, 94, 56, 77, 188, 35, 93, 8, 32, 31, 124, 71, 16, 35, 14, 62, 128, 0)
s = 155: (0, 10, 35, 98, 90, 10, 130, 58, 162, 46, 64, 21, 82, 152, 20, 98, 60, 88, 249, 58, 76, 9, 22, 72, 98, 74, 14, 34, 13, 34, 78, 0)
s = 156: (0, 8, 26, 96, 122, 10, 109, 36, 140, 37, 26, 13, 83, 168, 20, 102, 103, 65, 119, 23, 87, 15, 29, 29, 127, 126, 12, 43, 9, 47, 114, 0)
s = 157: (0, 9, 21, 94, 165, 13, 116, 27, 235, 90, 42, 26, 58, 68, 18, 130, 92, 83, 170, 54, 122, 17, 17, 42, 68, 92, 15, 29, 10, 46, 122, 0)
s = 158: (0, 10, 27, 117, 81, 14, 101, 57, 140, 49, 55, 13, 56, 141, 13, 129, 126, 86, 168, 44, 126, 16, 40, 49, 76, 109, 14, 57, 16, 45, 73, 0)
s = 159: (0, 6, 22, 104, 95, 9, 100, 30, 135, 72, 55, 11, 71, 123, 11, 113, 83, 68, 154, 28, 97, 19, 24, 61, 112, 81, 9, 60, 6, 42, 54, 0)
s = 160: (0, 8, 35, 101, 93, 6, 79, 37, 115, 54, 31, 15, 72, 115, 19, 134, 57, 68, 109, 43, 99, 18, 37, 32, 64, 66, 12, 45, 15, 39, 132, 0)
s = 161: (0, 10, 25, 127, 77, 8, 84, 35, 218, 84, 61, 17, 78, 132, 11, 150, 110, 83, 222, 39, 73, 10, 28, 47, 96, 113, 15, 53, 10, 47, 88, 0)
s = 162: (0, 8, 40, 105, 121, 8, 149, 36, 130, 39, 88, 23, 58, 88, 12, 92, 92, 111, 153, 29, 102, 12, 41, 39, 159, 78, 16, 26, 11, 53, 101, 0)
s = 163: (0, 8, 32, 70, 74, 9, 108, 39, 186, 45, 43, 18, 82, 61, 16, 189, 73, 71, 217, 43, 88, 18, 21, 53, 66, 97, 25, 34, 11, 37, 97, 0)
s = 164: (0, 13, 24, 80, 106, 8, 113, 67, 150, 47, 51, 13, 65, 106, 25, 98, 63, 115, 108, 20, 134, 16, 36, 36, 78, 82, 22, 27, 8, 59, 89, 0)
s = 165: (0, 8, 22, 134, 122, 11, 152, 30, 138, 52, 55, 20, 72, 91, 23, 116, 86, 116, 249, 29, 96, 15, 44, 55, 46, 112, 13, 33, 10, 47, 63, 0)
s = 166: (0, 8, 24, 113, 90, 10, 155, 26, 136, 113, 48, 22, 84, 110, 21, 65, 69, 89, 191, 25, 83, 10, 17, 45, 73, 135, 14, 25, 10, 40, 50, 0)
s = 167: (0, 12, 20, 127, 83, 10, 136, 83, 110, 58, 49, 12, 83, 132, 16, 96, 76, 108, 270, 44, 180, 13, 32, 32, 69, 62, 18, 58, 16, 55, 94, 0)
s = 168: (0, 12, 29, 93, 123, 12, 157, 49, 233, 57, 50, 14, 121, 114, 20, 112, 70, 120, 215, 30, 150, 12, 24, 56, 95, 127, 22, 28, 14, 52, 69, 0)
s = 169: (0, 13, 48, 124, 75, 7, 126, 65, 167, 42, 74, 10, 70, 94, 19, 85, 130, 105, 142, 29, 75, 15, 19, 46, 92, 74, 19, 37, 8, 32, 121, 0)
s = 170: (0, 12, 45, 128, 133, 16, 112, 34, 112, 51, 69, 11, 58, 116, 15, 138, 121, 76, 215, 34, 165, 18, 42, 29, 74, 84, 18, 33, 9, 45, 95, 0)
s = 171: (0, 5, 30, 86, 105, 15, 205, 37, 132, 36, 40, 16, 57, 118, 17, 90, 64, 64, 204, 28, 123, 16, 29, 54, 73, 87, 16, 42, 9, 71, 60, 0)
s = 172: (0, 7, 23, 158, 115, 11, 156, 46, 168, 95, 48, 14, 46, 191, 18, 88, 124, 101, 180, 38, 147, 18, 33, 53, 56, 64, 13, 24, 13, 29, 92, 0)
s = 173: (0, 7, 22, 122, 93, 9, 181, 55, 144, 42, 39, 22, 63, 85, 25, 158, 61, 75, 142, 29, 94, 17, 31, 46, 138, 112, 13, 59, 12, 41, 64, 0)
s = 174: (0, 12, 50, 85, 116, 7, 192, 58, 106, 64, 53, 11, 90, 68, 14, 140, 73, 52, 165, 37, 62, 14, 20, 47, 108, 89, 13, 26, 13, 68, 62, 0)
s = 175: (0, 9, 35, 152, 104, 10, 77, 30, 140, 62, 47, 20, 47, 130, 31, 95, 53, 71, 180, 38, 104, 19, 23, 77, 87, 75, 20, 22, 16, 28, 70, 0)
s = 176: (0, 9, 31, 105, 100, 9, 114, 52, 173, 51, 62, 16, 101, 83, 18, 84, 111, 96, 122, 24, 69, 12, 23, 45, 116, 100, 9, 53, 11, 38, 103, 0)
s = 177: (0, 10, 30, 86, 86, 7, 143, 29, 157, 93, 39, 11, 80, 113, 27, 100, 79, 88, 194, 56, 133, 18, 18, 42, 60, 85, 18, 56, 10, 34, 135, 0)
s = 178: (0, 6, 25, 118, 116, 6, 108, 39, 158, 45, 48, 10, 126, 102, 14, 104, 94, 120, 118, 41, 141, 14, 51, 65, 131, 127, 14, 42, 12, 51, 70, 0)
s = 179: (0, 10, 30, 90, 146, 10, 69, 40, 191, 104, 66, 10, 58, 73, 17, 70, 120, 102, 262, 25, 82, 15, 20, 37, 71, 120, 12, 57, 10, 34, 64, 0)
s = 180: (0, 9, 30, 76, 93, 8, 93, 45, 134, 81, 55, 27, 62, 125, 15, 154, 67, 130, 110, 49, 74, 8, 31, 39, 98, 105, 13, 33, 13, 54, 77, 0)
s = 181: (0, 12, 38, 91, 125, 6, 134, 34, 189, 41, 64, 13, 39, 88, 12, 211, 74, 73, 126, 27, 96, 10, 36, 31, 96, 73, 10, 41, 8, 74, 90, 0)
s = 182: (0, 6, 26, 73, 144, 17, 129, 45, 173, 52, 46, 17, 83, 137, 17, 93, 103, 59, 114, 25, 115, 15, 28, 40, 74, 83, 17, 32, 15, 51, 111, 0)
s = 183: (0, 9, 23, 99, 114, 9, 155, 51, 205, 50, 34, 12, 65, 109, 11, 197, 107, 67, 234, 34, 142, 12, 24, 56, 72, 98, 13, 32, 15, 61, 147, 0)
s = 184: (0, 12, 29, 102, 111, 9, 155, 38, 111, 69, 61, 15, 81, 111, 32, 94, 74, 93, 126, 31, 99, 14, 36, 30, 125, 92, 17, 33, 11, 41, 64, 0)
s = 185: (0, 9, 24, 112, 110, 15, 83, 41, 86, 76, 35, 13, 70, 86, 30, 160, 120, 68, 281, 28, 122, 11, 31, 43, 55, 72, 18, 61, 8, 58, 50, 0)
s = 186: (0, 9, 16, 118, 65, 14, 80, 46, 196, 38, 54, 11, 51, 81, 18, 84, 90, 92, 162, 44, 94, 13, 21, 65, 83, 112, 14, 60, 9, 40, 93, 0)
s = 187: (0, 10, 41, 124, 75, 7, 104, 58, 112, 65, 46, 13, 73, 132, 12, 104, 73, 88, 185, 33, 89, 12, 25, 52, 88, 69, 9, 41, 14, 56, 84, 0)
s = 188: (0, 10, 28, 150, 61, 9, 156, 41, 191, 90, 58, 17, 83, 161, 21, 151, 86, 61, 150, 21, 81, 18, 31, 41, 75, 100, 13, 41, 11, 55, 72, 0)
s = 189: (0, 15, 34, 121, 83, 6, 171, 37, 165, 66, 74, 18, 72, 102, 13, 123, 119, 77, 146, 37, 127, 11, 26, 48, 51, 115, 16, 38, 9, 44, 67, 0)
s = 190: (0, 9, 26, 99, 102, 10, 148, 58, 137, 108, 51, 15, 60, 127, 12, 112, 126, 95, 122, 25, 157, 16, 23, 53, 116, 104, 19, 36, 21, 51, 80, 0)
s = 191: (0, 14, 24, 110, 103, 7, 77, 43, 91, 92, 63, 24, 57, 78, 14, 114, 102, 62, 214, 31, 104, 12, 21, 34, 89, 74, 14, 41, 14, 49, 93, 0)
s = 192: (0, 10, 24, 80, 108, 10, 123, 37, 155, 42, 54, 9, 65, 80, 18, 91, 125, 91, 225, 42, 118, 21, 39, 36, 77, 60, 9, 56, 13, 53, 76, 0)
s = 193: (0, 9, 50, 130, 89, 10, 84, 30, 135, 53, 62, 10, 45, 124, 20, 82, 124, 67, 138, 27, 76, 21, 34, 39, 53, 121, 11, 55, 11, 51, 78, 0)
s = 194: (0, 8, 38, 84, 141, 9, 114, 48, 169, 70, 33, 21, 67, 90, 12, 147, 77, 58, 222, 28, 78, 23, 26, 36, 52, 74, 8, 48, 11, 74, 85, 0)
s = 195: (0, 9, 27, 128, 123, 8, 131, 64, 143, 40, 30, 20, 45, 113, 15, 131, 77, 66, 243, 32, 93, 11, 33, 40, 95, 142, 21, 35, 13, 48, 108, 0)
s = 196: (0, 7, 45, 170, 116, 11, 117, 71, 132, 61, 65, 18, 86, 124, 14, 89, 71, 64, 179, 37, 111, 10, 20, 39, 92, 149, 9, 42, 19, 38, 123, 0)
s = 197: (0, 8, 24, 103, 132, 11, 136, 54, 306, 46, 50, 20, 57, 93, 11, 102, 75, 113, 101, 27, 87, 11, 33, 59, 90, 175, 11, 50, 14, 47, 90, 0)
s = 198: (0, 12, 19, 117, 81, 10, 119, 31, 246, 70, 69, 10, 77, 127, 23, 107, 75, 115, 146, 56, 94, 14, 20, 40, 121, 100, 16, 48, 9, 42, 99, 0)
s = 199: (0, 8, 37, 185, 105, 7, 89, 31, 186, 69, 27, 10, 73, 91, 16, 83, 109, 157, 181, 27, 98, 12, 26, 45, 60, 109, 21, 47, 11, 42, 112, 0)
s = 200: (0, 12, 20, 117, 167, 8, 80, 38, 245, 52, 47, 13, 68, 110, 25, 100, 59, 96, 151, 52, 74, 13, 25, 72, 102, 93, 11, 39, 10, 69, 107, 0)
------------------------------------------------------------------------
RESOURCE k = 2
s = 1: (0, 6, 34, 15, 15, 2, 25, 11, 12, 64, 21, 2, 23, 47, 15, 18, 21, 30, 75, 126, 26, 12, 18, 24, 30, 23, 3, 37, 2, 30, 15, 0)
s = 2: (0, 14, 41, 24, 28, 2, 32, 10, 18, 76, 22, 3, 20, 44, 9, 11, 20, 18, 126, 117, 30, 8, 15, 16, 23, 20, 3, 46, 3, 39, 13, 0)
s = 3: (0, 10, 63, 18, 17, 2, 19, 14, 24, 41, 27, 3, 9, 33, 15, 16, 23, 33, 81, 91, 60, 7, 21, 38, 26, 23, 3, 26, 2, 28, 16, 0)
s = 4: (0, 13, 49, 23, 12, 2, 36, 7, 21, 35, 16, 3, 11, 48, 10, 16, 21, 27, 105, 74, 51, 8, 15, 43, 26, 26, 4, 23, 2, 31, 26, 0)
s = 5: (0, 13, 62, 24, 31, 2, 27, 10, 14, 40, 21, 2, 16, 47, 15, 20, 25, 39, 62, 95, 59, 7, 20, 20, 28, 16, 3, 26, 3, 25, 11, 0)
s = 6: (0, 11, 70, 26, 18, 2, 30, 11, 25, 73, 14, 2, 14, 47, 14, 18, 13, 23, 61, 79, 23, 6, 16, 33, 25, 27, 2, 40, 2, 62, 11, 0)
s = 7: (0, 8, 49, 26, 25, 3, 32, 14, 12, 82, 23, 2, 21, 70, 14, 24, 23, 17, 77, 58, 48, 11, 11, 29, 25, 17, 2, 28, 2, 25, 17, 0)
s = 8: (0, 9, 41, 14, 20, 2, 26, 9, 20, 38, 11, 2, 13, 63, 13, 11, 14, 16, 67, 112, 35, 8, 12, 38, 48, 27, 4, 20, 2, 47, 16, 0)
s = 9: (0, 17, 66, 14, 18, 2, 21, 11, 24, 36, 12, 2, 17, 59, 14, 15, 24, 30, 97, 72, 26, 10, 11, 34, 24, 18, 4, 31, 2, 33, 14, 0)
s = 10: (0, 10, 42, 26, 22, 2, 35, 7, 12, 44, 16, 2, 15, 66, 11, 19, 15, 31, 183, 120, 44, 7, 17, 29, 33, 16, 3, 27, 3, 51, 20, 0)
s = 11: (0, 10, 40, 15, 13, 3, 28, 7, 18, 62, 25, 3, 19, 32, 9, 15, 20, 27, 114, 60, 27, 6, 15, 28, 33, 20, 4, 33, 3, 38, 25, 0)
s = 12: (0, 10, 53, 22, 14, 4, 27, 12, 13, 49, 22, 2, 26, 50, 14, 21, 12, 25, 109, 58, 55, 8, 10, 26, 28, 23, 4, 35, 3, 36, 19, 0)
s = 13: (0, 14, 51, 18, 11, 2, 18, 8, 25, 68, 33, 2, 18, 50, 12, 23, 13, 28, 135, 93, 42, 12, 14, 23, 30, 15, 5, 36, 3, 38, 13, 0)
s = 14: (0, 9, 50, 17, 21, 2, 33, 16, 17, 52, 22, 3, 17, 76, 13, 27, 22, 19, 85, 121, 59, 10, 18, 35, 46, 30, 4, 23, 2, 46, 13, 0)
s = 15: (0, 7, 46, 14, 21, 2, 17, 10, 16, 77, 30, 3, 19, 54, 11, 15, 16, 23, 109, 77, 32, 10, 20, 22, 17, 19, 3, 18, 3, 43, 17, 0)
s = 16: (0, 14, 37, 18, 15, 2, 24, 10, 22, 51, 16, 3, 13, 54, 10, 17, 11, 19, 75, 81, 68, 8, 9, 22, 29, 16, 3, 24, 3, 33, 22, 0)
s = 17: (0, 10, 30, 17, 15, 3, 30, 12, 23, 53, 22, 3, 21, 44, 11, 10, 28, 27, 94, 76, 36, 6, 21, 38, 25, 25, 4, 28, 2, 24, 15, 0)
s = 18: (0, 10, 28, 22, 23, 3, 19, 12, 16, 80, 22, 2, 18, 53, 17, 14, 19, 38, 111, 101, 62, 7, 11, 40, 32, 16, 4, 40, 3, 54, 11, 0)
s = 19: (0, 9, 54, 22, 19, 2, 25, 12, 23, 57, 30, 2, 17, 50, 9, 16, 28, 14, 72, 78, 50, 7, 14, 34, 28, 15, 3, 40, 3, 33, 17, 0)
s = 20: (0, 8, 38, 12, 22, 2, 23, 9, 14, 77, 25, 2, 14, 48, 11, 16, 15, 23, 66, 54, 49, 7, 14, 18, 23, 24, 3, 25, 2, 56, 10, 0)
s = 21: (0, 5, 68, 24, 14, 3, 25, 8, 28, 93, 33, 3, 17, 46, 23, 10, 28, 27, 84, 90, 39, 8, 15, 44, 28, 15, 4, 23, 3, 35, 10, 0)
s = 22: (0, 11, 45, 17, 17, 3, 19, 7, 21, 49, 25, 2, 20, 47, 12, 15, 22, 19, 69, 108, 30, 9, 17, 18, 37, 30, 3, 26, 2, 35, 15, 0)
s = 23: (0, 9, 52, 15, 14, 2, 29, 13, 19, 59, 36, 3, 17, 66, 12, 17, 13, 23, 101, 76, 44, 8, 24, 33, 38, 15, 4, 32, 3, 37, 10, 0)
s = 24: (0, 12, 54, 22, 19, 2, 27, 8, 19, 61, 22, 2, 16, 37, 12, 23, 12, 17, 92, 67, 30, 5, 10, 28, 34, 18, 3, 26, 2, 45, 12, 0)
s = 25: (0, 7, 70, 11, 22, 4, 19, 11, 22, 37, 12, 3, 13, 82, 11, 19, 20, 16, 89, 94, 37, 7, 19, 27, 40, 20, 4, 31, 3, 55, 18, 0)
s = 26: (0, 5, 29, 23, 16, 2, 25, 12, 18, 65, 25, 4, 19, 47, 7, 14, 22, 15, 123, 65, 49, 10, 19, 22, 40, 18, 3, 26, 2, 57, 21, 0)
s = 27: (0, 8, 28, 10, 11, 4, 33, 10, 17, 40, 18, 2, 15, 39, 12, 13, 23, 25, 86, 68, 25, 7, 12, 39, 23, 12, 4, 38, 4, 50, 11, 0)
s = 28: (0, 15, 47, 11, 23, 4, 27, 6, 21, 38, 25, 3, 15, 63, 11, 11, 22, 29, 90, 64, 49, 10, 12, 26, 22, 27, 4, 25, 3, 52, 12, 0)
s = 29: (0, 12, 44, 19, 13, 2, 17, 12, 23, 73, 27, 3, 23, 84, 7, 13, 16, 16, 127, 59, 32, 9, 10, 33, 34, 18, 3, 24, 2, 34, 20, 0)
s = 30: (0, 12, 77, 17, 32, 2, 30, 14, 32, 60, 23, 3, 20, 40, 16, 10, 21, 30, 66, 154, 43, 6, 17, 56, 36, 28, 3, 33, 4, 25, 15, 0)
s = 31: (0, 14, 44, 34, 15, 3, 16, 8, 20, 104, 14, 2, 14, 44, 9, 24, 15, 25, 75, 151, 40, 8, 9, 24, 33, 20, 3, 27, 3, 61, 15, 0)
s = 32: (0, 8, 44, 18, 24, 3, 18, 14, 22, 66, 29, 2, 12, 51, 15, 12, 19, 27, 77, 142, 39, 8, 20, 25, 29, 15, 3, 29, 2, 24, 17, 0)
s = 33: (0, 13, 49, 27, 14, 2, 24, 7, 13, 61, 17, 2, 26, 33, 14, 16, 19, 19, 81, 72, 26, 7, 17, 18, 52, 18, 3, 32, 3, 39, 12, 0)
s = 34: (0, 9, 37, 18, 13, 2, 25, 6, 16, 66, 25, 2, 17, 47, 18, 12, 20, 30, 88, 101, 26, 8, 9, 29, 33, 20, 3, 37, 2, 43, 16, 0)
s = 35: (0, 6, 45, 14, 14, 2, 26, 8, 17, 60, 21, 2, 11, 43, 12, 15, 17, 19, 131, 151, 26, 6, 12, 20, 32, 12, 5, 28, 2, 35, 18, 0)
s = 36: (0, 6, 44, 17, 14, 2, 23, 11, 23, 52, 13, 3, 11, 50, 12, 13, 23, 31, 75, 52, 27, 10, 9, 32, 22, 23, 3, 31, 2, 70, 12, 0)
s = 37: (0, 12, 55, 16, 13, 3, 24, 12, 15, 53, 22, 2, 21, 48, 7, 11, 25, 15, 103, 60, 31, 5, 8, 22, 34, 25, 5, 19, 4, 23, 21, 0)
s = 38: (0, 12, 66, 12, 18, 2, 21, 9, 16, 46, 15, 3, 15, 36, 13, 9, 20, 17, 142, 67, 33, 10, 15, 31, 42, 32, 3, 19, 2, 51, 13, 0)
s = 39: (0, 10, 26, 14, 30, 2, 25, 9, 19, 79, 26, 2, 14, 30, 11, 20, 27, 28, 134, 104, 33, 6, 9, 32, 28, 13, 4, 17, 2, 40, 15, 0)
s = 40: (0, 14, 47, 15, 22, 3, 25, 8, 18, 56, 20, 2, 14, 58, 8, 13, 15, 21, 67, 81, 44, 5, 21, 18, 34, 21, 5, 29, 2, 26, 21, 0)
s = 41: (0, 14, 26, 19, 24, 2, 17, 6, 18, 75, 21, 3, 20, 46, 14, 13, 14, 25, 75, 93, 43, 10, 9, 29, 34, 24, 2, 27, 2, 58, 16, 0)
s = 42: (0, 8, 31, 12, 20, 2, 34, 11, 21, 102, 13, 2, 11, 45, 12, 15, 25, 14, 112, 81, 66, 8, 14, 43, 35, 27, 4, 42, 4, 34, 12, 0)
s = 43: (0, 11, 49, 21, 14, 2, 24, 15, 28, 73, 20, 2, 12, 54, 23, 12, 18, 20, 109, 92, 43, 8, 17, 30, 26, 20, 3, 39, 2, 52, 14, 0)
s = 44: (0, 8, 71, 23, 13, 2, 14, 11, 12, 53, 23, 2, 20, 61, 8, 21, 18, 21, 96, 153, 28, 6, 14, 20, 34, 26, 4, 21, 2, 65, 25, 0)
s = 45: (0, 10, 31, 23, 19, 3, 17, 9, 18, 48, 21, 3, 13, 47, 21, 19, 25, 13, 94, 81, 39, 5, 9, 24, 23, 13, 6, 35, 2, 41, 19, 0)
s = 46: (0, 10, 41, 21, 12, 3, 15, 17, 17, 45, 22, 2, 16, 47, 11, 14, 11, 37, 67, 113, 33, 7, 15, 24, 24, 24, 4, 19, 2, 49, 19, 0)
s = 47: (0, 13, 57, 29, 16, 2, 20, 5, 16, 67, 31, 3, 11, 47, 9, 17, 14, 20, 71, 53, 54, 4, 10, 34, 31, 30, 5, 17, 3, 62, 19, 0)
s = 48: (0, 12, 75, 20, 14, 2, 22, 11, 23, 65, 34, 4, 25, 88, 17, 24, 25, 31, 135, 63, 79, 10, 10, 25, 34, 19, 4, 27, 3, 63, 12, 0)
s = 49: (0, 10, 29, 14, 26, 2, 37, 9, 18, 37, 24, 2, 10, 55, 10, 11, 18, 17, 149, 64, 53, 8, 14, 33, 35, 24, 3, 37, 2, 23, 16, 0)
s = 50: (0, 9, 46, 21, 19, 3, 18, 8, 28, 41, 19, 2, 18, 41, 7, 11, 17, 15, 63, 70, 38, 10, 17, 22, 24, 24, 3, 19, 2, 41, 16, 0)
s = 51: (0, 13, 29, 26, 16, 2, 20, 7, 11, 35, 28, 2, 14, 34, 9, 18, 18, 31, 131, 75, 65, 9, 11, 33, 35, 16, 2, 25, 3, 31, 11, 0)
s = 52: (0, 5, 44, 20, 17, 2, 16, 7, 17, 49, 21, 3, 17, 70, 14, 13, 22, 20, 176, 97, 42, 7, 14, 24, 45, 17, 3, 26, 3, 48, 12, 0)
s = 53: (0, 14, 48, 25, 20, 2, 41, 9, 17, 46, 16, 3, 23, 46, 18, 15, 16, 30, 57, 53, 50, 6, 17, 39, 24, 26, 3, 31, 2, 35, 17, 0)
s = 54: (0, 11, 34, 14, 19, 2, 17, 10, 12, 46, 21, 2, 12, 61, 8, 13, 12, 30, 116, 152, 28, 9, 14, 28, 35, 21, 3, 33, 2, 34, 17, 0)
s = 55: (0, 11, 59, 14, 10, 2, 16, 12, 12, 48, 23, 2, 22, 61, 10, 10, 19, 21, 175, 116, 40, 7, 15, 34, 30, 23, 3, 21, 4, 37, 24, 0)
s = 56: (0, 9, 64, 14, 17, 3, 17, 7, 24, 82, 17, 2, 14, 52, 18, 12, 12, 20, 70, 55, 44, 5, 10, 21, 30, 16, 3, 38, 4, 31, 16, 0)
s = 57: (0, 10, 31, 14, 26, 3, 19, 9, 13, 57, 40, 3, 19, 30, 9, 14, 10, 27, 136, 136, 62, 11, 19, 18, 24, 14, 3, 50, 3, 60, 12, 0)
s = 58: (0, 12, 69, 17, 12, 3, 23, 11, 14, 78, 22, 3, 13, 51, 8, 16, 16, 20, 87, 84, 50, 5, 8, 31, 35, 23, 3, 40, 2, 35, 14, 0)
s = 59: (0, 11, 63, 12, 26, 2, 21, 6, 15, 73, 13, 2, 15, 53, 16, 17, 29, 21, 114, 98, 37, 10, 13, 22, 21, 22, 2, 39, 3, 34, 18, 0)
s = 60: (0, 13, 41, 26, 14, 2, 22, 11, 22, 39, 18, 3, 15, 74, 18, 15, 15, 25, 130, 108, 54, 8, 18, 32, 24, 27, 2, 26, 2, 32, 21, 0)
s = 61: (0, 7, 50, 16, 14, 2, 28, 12, 16, 42, 22, 4, 15, 50, 10, 17, 19, 22, 112, 95, 53, 9, 10, 22, 23, 17, 4, 40, 3, 40, 24, 0)
s = 62: (0, 9, 60, 15, 15, 3, 21, 17, 25, 65, 29, 4, 21, 51, 12, 23, 24, 19, 128, 104, 49, 7, 11, 35, 31, 21, 5, 47, 2, 49, 15, 0)
s = 63: (0, 10, 49, 14, 14, 3, 21, 14, 21, 63, 33, 3, 16, 33, 11, 15, 18, 19, 144, 91, 47, 8, 11, 28, 31, 19, 3, 41, 2, 36, 13, 0)
s = 64: (0, 6, 44, 15, 22, 2, 33, 10, 16, 37, 19, 4, 19, 71, 15, 13, 17, 24, 104, 97, 24, 8, 19, 28, 48, 17, 4, 24, 2, 37, 19, 0)
s = 65: (0, 10, 58, 16, 11, 3, 38, 8, 19, 59, 16, 3, 11, 68, 17, 17, 26, 31, 112, 116, 48, 5, 12, 30, 28, 18, 3, 41, 3, 36, 19, 0)
s = 66: (0, 6, 63, 22, 17, 2, 16, 12, 27, 79, 12, 2, 15, 38, 18, 16, 19, 17, 103, 56, 33, 9, 16, 31, 30, 25, 3, 26, 2, 37, 19, 0)
s = 67: (0, 8, 46, 14, 12, 3, 37, 8, 22, 45, 12, 2, 19, 63, 19, 15, 19, 34, 136, 70, 75, 5, 12, 26, 23, 17, 2, 21, 2, 35, 12, 0)
s = 68: (0, 11, 30, 14, 29, 2, 21, 7, 17, 57, 24, 2, 19, 66, 16, 22, 18, 25, 110, 101, 36, 11, 11, 22, 30, 26, 3, 47, 3, 27, 15, 0)
s = 69: (0, 6, 53, 25, 20, 2, 22, 6, 26, 44, 26, 3, 14, 45, 17, 10, 23, 27, 90, 92, 34, 7, 15, 18, 29, 20, 4, 36, 2, 51, 20, 0)
s = 70: (0, 9, 29, 11, 13, 2, 15, 8, 17, 79, 24, 2, 17, 49, 9, 25, 12, 15, 59, 67, 30, 7, 11, 47, 18, 18, 2, 40, 3, 44, 19, 0)
s = 71: (0, 11, 33, 10, 21, 3, 18, 6, 16, 84, 22, 2, 15, 48, 13, 20, 22, 38, 98, 107, 24, 12, 13, 22, 25, 14, 4, 50, 3, 45, 18, 0)
s = 72: (0, 13, 46, 22, 18, 2, 21, 5, 16, 60, 39, 2, 13, 55, 12, 23, 19, 32, 132, 130, 37, 5, 16, 42, 28, 19, 4, 20, 2, 35, 21, 0)
s = 73: (0, 9, 50, 18, 13, 2, 26, 12, 20, 80, 30, 3, 16, 41, 20, 13, 19, 23, 90, 152, 45, 6, 17, 31, 45, 18, 3, 18, 4, 76, 15, 0)
s = 74: (0, 10, 36, 18, 19, 3, 18, 12, 18, 53, 14, 3, 21, 34, 14, 17, 20, 31, 90, 82, 46, 7, 17, 22, 30, 16, 3, 19, 2, 47, 17, 0)
s = 75: (0, 10, 33, 19, 25, 3, 17, 11, 26, 46, 24, 3, 12, 41, 15, 12, 20, 20, 81, 72, 38, 6, 13, 27, 21, 32, 3, 18, 3, 45, 16, 0)
s = 76: (0, 7, 28, 17, 21, 2, 20, 9, 16, 38, 18, 2, 12, 32, 14, 14, 16, 24, 55, 74, 53, 7, 16, 22, 29, 14, 2, 25, 2, 38, 18, 0)
s = 77: (0, 8, 31, 20, 12, 2, 21, 8, 20, 36, 22, 3, 17, 43, 15, 14, 17, 20, 71, 104, 55, 6, 12, 31, 25, 19, 3, 45, 3, 49, 15, 0)
s = 78: (0, 7, 45, 17, 23, 3, 21, 5, 13, 69, 35, 2, 24, 51, 14, 22, 23, 28, 70, 116, 48, 4, 10, 27, 27, 19, 4, 35, 3, 22, 16, 0)
s = 79: (0, 10, 24, 16, 16, 3, 36, 9, 16, 82, 32, 3, 11, 39, 12, 11, 16, 28, 74, 64, 31, 7, 18, 39, 34, 11, 3, 21, 2, 27, 20, 0)
s = 80: (0, 6, 40, 12, 14, 2, 30, 10, 18, 57, 28, 3, 13, 38, 10, 17, 16, 31, 126, 113, 58, 7, 14, 18, 30, 15, 4, 32, 3, 52, 28, 0)
s = 81: (0, 13, 24, 17, 29, 2, 19, 17, 15, 70, 16, 2, 25, 53, 18, 14, 18, 35, 55, 60, 52, 13, 12, 21, 32, 15, 3, 33, 2, 37, 16, 0)
s = 82: (0, 6, 43, 14, 17, 2, 22, 11, 21, 51, 33, 2, 12, 48, 18, 20, 26, 37, 87, 58, 46, 6, 21, 24, 31, 28, 3, 17, 2, 33, 17, 0)
s = 83: (0, 17, 32, 19, 20, 3, 34, 8, 21, 70, 15, 3, 22, 71, 11, 22, 15, 26, 75, 108, 57, 5, 13, 26, 43, 15, 5, 23, 2, 32, 16, 0)
s = 84: (0, 7, 29, 20, 17, 3, 23, 8, 29, 58, 24, 4, 16, 64, 15, 13, 15, 23, 104, 129, 40, 10, 15, 32, 29, 24, 3, 23, 3, 39, 22, 0)
s = 85: (0, 14, 58, 15, 16, 2, 28, 7, 18, 61, 23, 2, 11, 55, 12, 16, 17, 18, 113, 106, 43, 8, 19, 30, 36, 13, 4, 40, 2, 39, 19, 0)
s = 86: (0, 12, 37, 15, 22, 2, 26, 13, 11, 88, 25, 3, 11, 73, 9, 9, 17, 15, 119, 65, 28, 9, 24, 31, 38, 20, 4, 18, 3, 30, 15, 0)
s = 87: (0, 11, 32, 26, 15, 3, 17, 10, 13, 47, 24, 3, 16, 88, 15, 20, 12, 20, 71, 66, 40, 11, 9, 36, 54, 14, 4, 46, 3, 32, 15, 0)
s = 88: (0, 8, 36, 26, 17, 2, 19, 11, 16, 67, 15, 2, 16, 66, 13, 14, 11, 18, 132, 105, 30, 8, 15, 22, 34, 15, 5, 20, 2, 44, 20, 0)
s = 89: (0, 6, 35, 19, 24, 2, 29, 10, 19, 45, 20, 3, 22, 34, 14, 18, 16, 33, 71, 63, 25, 8, 13, 31, 35, 19, 4, 46, 2, 61, 24, 0)
s = 90: (0, 10, 28, 19, 18, 2, 27, 7, 18, 46, 14, 2, 13, 34, 8, 20, 13, 18, 58, 53, 62, 10, 13, 38, 33, 17, 2, 42, 3, 36, 23, 0)
s = 91: (0, 7, 47, 13, 12, 3, 31, 10, 23, 59, 21, 2, 11, 50, 12, 25, 15, 15, 78, 89, 40, 8, 16, 19, 31, 20, 4, 37, 3, 33, 17, 0)
s = 92: (0, 13, 33, 24, 28, 2, 23, 10, 17, 36, 23, 3, 17, 47, 7, 22, 15, 23, 89, 91, 35, 6, 23, 30, 51, 22, 3, 23, 2, 47, 20, 0)
s = 93: (0, 10, 41, 15, 12, 2, 36, 9, 12, 77, 13, 3, 11, 53, 14, 19, 16, 18, 83, 63, 49, 12, 12, 32, 30, 26, 3, 37, 3, 54, 27, 0)
s = 94: (0, 11, 41, 18, 16, 2, 38, 9, 20, 63, 14, 2, 16, 49, 12, 18, 15, 22, 116, 73, 46, 6, 21, 46, 39, 13, 4, 34, 2, 54, 15, 0)
s = 95: (0, 12, 38, 19, 23, 2, 19, 7, 17, 69, 19, 3, 10, 48, 21, 11, 11, 33, 97, 81, 30, 10, 10, 20, 25, 32, 4, 34, 3, 51, 9, 0)
s = 96: (0, 6, 40, 14, 16, 2, 38, 10, 12, 47, 21, 2, 13, 55, 11, 18, 12, 32, 116, 68, 31, 5, 14, 18, 25, 13, 3, 24, 4, 28, 24, 0)
s = 97: (0, 8, 50, 15, 22, 2, 36, 15, 16, 41, 12, 2, 16, 79, 14, 14, 14, 17, 123, 127, 30, 5, 14, 26, 47, 27, 5, 34, 3, 38, 19, 0)
s = 98: (0, 7, 65, 13, 19, 2, 16, 13, 19, 70, 23, 2, 23, 35, 7, 18, 14, 33, 84, 74, 35, 7, 18, 25, 22, 24, 3, 43, 2, 46, 17, 0)
s = 99: (0, 8, 43, 16, 14, 3, 36, 10, 12, 33, 18, 3, 16, 87, 12, 19, 27, 15, 92, 51, 38, 5, 8, 44, 32, 23, 2, 34, 3, 23, 15, 0)
s = 100: (0, 14, 49, 16, 20, 2, 22, 12, 16, 49, 14, 2, 17, 43, 10, 11, 18, 25, 120, 57, 47, 9, 10, 34, 40, 28, 5, 29, 3, 24, 16, 0)
s = 101: (0, 6, 29, 16, 12, 3, 26, 10, 25, 57, 32, 2, 18, 55, 16, 15, 15, 23, 108, 104, 52, 7, 14, 18, 28, 15, 3, 36, 2, 49, 22, 0)
s = 102: (0, 10, 53, 17, 25, 3, 16, 10, 14, 40, 21, 4, 12, 52, 14, 20, 15, 26, 61, 126, 57, 6, 10, 22, 27, 14, 3, 21, 2, 29, 19, 0)
s = 103: (0, 10, 48, 11, 24, 3, 22, 15, 19, 60, 27, 3, 17, 48, 11, 15, 16, 19, 115, 120, 34, 11, 11, 24, 27, 23, 3, 24, 2, 35, 10, 0)
s = 104: (0, 6, 29, 19, 22, 3, 18, 11, 23, 67, 22, 2, 12, 42, 13, 16, 20, 17, 121, 89, 38, 10, 11, 32, 39, 29, 5, 27, 3, 42, 16, 0)
s = 105: (0, 11, 50, 30, 20, 2, 31, 13, 19, 32, 14, 2, 12, 80, 16, 15, 15, 45, 91, 118, 32, 8, 13, 37, 35, 28, 3, 34, 2, 37, 9, 0)
s = 106: (0, 10, 37, 19, 18, 3, 31, 7, 18, 97, 15, 3, 19, 56, 11, 18, 14, 33, 71, 114, 36, 13, 19, 18, 22, 23, 3, 44, 3, 55, 11, 0)
s = 107: (0, 8, 43, 20, 20, 2, 30, 11, 19, 41, 14, 2, 14, 63, 11, 24, 13, 29, 96, 83, 49, 5, 12, 19, 45, 24, 2, 43, 2, 28, 12, 0)
s = 108: (0, 7, 38, 27, 21, 3, 39, 6, 26, 52, 18, 4, 10, 31, 13, 17, 17, 18, 125, 124, 56, 7, 14, 19, 26, 25, 2, 25, 2, 39, 17, 0)
s = 109: (0, 9, 45, 25, 22, 2, 32, 12, 24, 47, 13, 2, 13, 36, 8, 18, 11, 27, 69, 153, 37, 7, 13, 29, 45, 14, 3, 41, 3, 32, 20, 0)
s = 110: (0, 6, 33, 22, 18, 2, 21, 11, 16, 100, 24, 2, 12, 61, 11, 13, 13, 21, 78, 73, 43, 8, 14, 40, 23, 22, 5, 41, 2, 36, 18, 0)
s = 111: (0, 9, 43, 27, 16, 2, 19, 7, 17, 94, 22, 2, 16, 37, 13, 13, 34, 25, 85, 103, 67, 9, 17, 30, 30, 16, 4, 34, 3, 37, 21, 0)
s = 112: (0, 10, 58, 18, 17, 3, 18, 9, 15, 39, 27, 2, 13, 70, 18, 15, 18, 28, 107, 71, 36, 7, 16, 24, 38, 12, 3, 32, 2, 24, 12, 0)
s = 113: (0, 16, 53, 16, 12, 2, 18, 11, 11, 108, 14, 4, 15, 69, 11, 22, 19, 21, 63, 65, 58, 12, 16, 28, 27, 17, 3, 31, 2, 48, 17, 0)
s = 114: (0, 9, 60, 15, 23, 3, 27, 9, 19, 36, 20, 3, 24, 48, 18, 20, 17, 30, 144, 102, 31, 10, 10, 26, 29, 25, 4, 26, 2, 62, 19, 0)
s = 115: (0, 8, 33, 33, 23, 2, 18, 9, 17, 51, 16, 3, 14, 32, 16, 10, 19, 34, 95, 117, 37, 8, 15, 29, 37, 22, 3, 47, 4, 29, 9, 0)
s = 116: (0, 8, 60, 16, 19, 3, 18, 7, 14, 76, 17, 4, 17, 34, 17, 17, 19, 16, 88, 64, 49, 7, 14, 21, 29, 27, 4, 21, 3, 41, 11, 0)
s = 117: (0, 7, 33, 17, 15, 2, 18, 8, 16, 40, 22, 3, 19, 59, 15, 12, 20, 26, 103, 58, 57, 7, 16, 22, 21, 18, 3, 39, 2, 44, 12, 0)
s = 118: (0, 11, 28, 14, 14, 2, 30, 9, 14, 75, 17, 2, 17, 57, 14, 15, 22, 20, 94, 77, 36, 5, 16, 20, 35, 12, 4, 42, 3, 48, 12, 0)
s = 119: (0, 7, 55, 24, 23, 3, 27, 9, 17, 45, 20, 4, 21, 56, 13, 15, 19, 24, 73, 64, 42, 10, 15, 32, 26, 18, 3, 23, 3, 39, 19, 0)
s = 120: (0, 9, 65, 25, 22, 2, 14, 6, 23, 57, 19, 2, 13, 78, 9, 16, 14, 13, 156, 78, 42, 6, 12, 28, 34, 14, 4, 20, 3, 41, 19, 0)
s = 121: (0, 7, 53, 26, 18, 2, 19, 6, 17, 41, 16, 2, 22, 45, 12, 15, 23, 25, 124, 78, 37, 9, 21, 15, 29, 31, 4, 24, 3, 39, 13, 0)
s = 122: (0, 8, 83, 23, 13, 3, 22, 12, 13, 61, 19, 4, 20, 38, 13, 16, 13, 28, 106, 115, 58, 11, 11, 18, 49, 22, 4, 21, 2, 43, 25, 0)
s = 123: (0, 7, 30, 25, 12, 2, 24, 10, 14, 45, 24, 4, 18, 34, 19, 17, 10, 26, 93, 126, 44, 9, 15, 27, 27, 15, 3, 35, 3, 41, 14, 0)
s = 124: (0, 10, 71, 13, 10, 2, 51, 11, 11, 39, 16, 2, 16, 35, 13, 10, 23, 14, 114, 59, 51, 6, 15, 19, 37, 16, 3, 53, 3, 32, 15, 0)
s = 125: (0, 8, 46, 11, 13, 2, 16, 10, 13, 87, 18, 2, 18, 41, 10, 20, 15, 25, 74, 80, 60, 7, 8, 38, 24, 25, 5, 25, 2, 53, 16, 0)
s = 126: (0, 9, 33, 15, 19, 2, 37, 10, 21, 50, 27, 2, 22, 64, 11, 16, 24, 17, 125, 135, 59, 6, 11, 27, 19, 15, 3, 30, 3, 23, 12, 0)
s = 127: (0, 8, 54, 20, 17, 2, 27, 11, 17, 99, 17, 3, 14, 53, 16, 9, 13, 17, 86, 66, 30, 7, 21, 26, 18, 37, 3, 36, 2, 49, 16, 0)
s = 128: (0, 11, 32, 15, 13, 3, 36, 7, 19, 59, 19, 3, 17, 49, 20, 11, 19, 24, 80, 107, 51, 7, 11, 15, 28, 30, 5, 32, 2, 45, 13, 0)
s = 129: (0, 9, 52, 19, 19, 3, 30, 15, 16, 50, 15, 2, 19, 32, 12, 11, 16, 18, 98, 125, 37, 6, 17, 20, 51, 22, 3, 20, 3, 38, 13, 0)
s = 130: (0, 11, 56, 16, 14, 2, 22, 6, 14, 60, 28, 3, 19, 50, 12, 11, 19, 39, 79, 103, 44, 5, 13, 24, 42, 20, 3, 32, 3, 34, 14, 0)
s = 131: (0, 10, 30, 20, 17, 3, 29, 12, 12, 59, 15, 2, 21, 39, 15, 16, 20, 20, 99, 62, 28, 7, 20, 22, 23, 23, 3, 49, 3, 23, 10, 0)
s = 132: (0, 8, 60, 33, 19, 2, 16, 10, 16, 54, 24, 2, 30, 35, 11, 10, 15, 22, 134, 64, 48, 5, 10, 29, 37, 16, 5, 22, 2, 40, 15, 0)
s = 133: (0, 11, 35, 11, 13, 3, 22, 9, 15, 63, 25, 2, 13, 70, 13, 11, 12, 17, 110, 97, 29, 6, 13, 28, 27, 19, 3, 22, 2, 38, 17, 0)
s = 134: (0, 9, 39, 30, 15, 3, 47, 11, 16, 51, 26, 3, 10, 67, 17, 20, 16, 28, 116, 111, 29, 6, 15, 17, 38, 19, 2, 17, 2, 31, 12, 0)
s = 135: (0, 9, 45, 18, 23, 3, 37, 10, 17, 65, 33, 4, 25, 75, 15, 15, 16, 17, 107, 124, 24, 5, 21, 27, 40, 21, 2, 40, 2, 62, 21, 0)
s = 136: (0, 7, 48, 23, 20, 2, 18, 7, 15, 42, 21, 3, 27, 68, 16, 19, 14, 28, 77, 51, 29, 9, 14, 20, 39, 34, 5, 32, 2, 42, 22, 0)
s = 137: (0, 13, 37, 13, 21, 2, 17, 12, 14, 50, 30, 2, 22, 64, 8, 12, 14, 24, 129, 111, 43, 6, 12, 45, 24, 27, 3, 21, 2, 46, 16, 0)
s = 138: (0, 6, 71, 11, 19, 3, 23, 11, 17, 58, 24, 3, 13, 47, 15, 21, 13, 21, 137, 88, 26, 8, 8, 31, 51, 16, 4, 44, 2, 26, 19, 0)
s = 139: (0, 16, 26, 13, 16, 2, 24, 11, 14, 47, 15, 2, 16, 49, 14, 19, 26, 17, 93, 118, 64, 7, 12, 25, 30, 14, 4, 26, 2, 74, 21, 0)
s = 140: (0, 9, 52, 24, 31, 2, 19, 7, 18, 52, 23, 2, 17, 60, 13, 9, 10, 30, 103, 81, 34, 13, 15, 20, 44, 15, 4, 28, 2, 28, 16, 0)
s = 141: (0, 14, 47, 15, 19, 2, 21, 7, 25, 83, 15, 2, 21, 45, 8, 12, 13, 41, 83, 48, 56, 12, 19, 50, 41, 23, 2, 45, 3, 39, 14, 0)
s = 142: (0, 9, 52, 15, 24, 2, 34, 8, 18, 54, 24, 2, 23, 47, 9, 24, 18, 18, 66, 86, 32, 5, 11, 24, 34, 22, 3, 38, 2, 55, 17, 0)
s = 143: (0, 10, 46, 18, 30, 2, 16, 10, 10, 41, 14, 3, 22, 53, 12, 16, 19, 18, 69, 126, 33, 8, 14, 25, 39, 19, 3, 28, 3, 27, 15, 0)
s = 144: (0, 9, 38, 16, 17, 3, 40, 9, 14, 59, 18, 3, 24, 52, 11, 15, 15, 16, 94, 64, 37, 8, 10, 39, 22, 19, 3, 29, 2, 47, 19, 0)
s = 145: (0, 11, 45, 17, 19, 2, 25, 17, 29, 83, 19, 3, 18, 55, 16, 19, 14, 31, 87, 98, 47, 10, 11, 21, 35, 13, 3, 26, 3, 36, 19, 0)
s = 146: (0, 7, 33, 23, 22, 3, 18, 11, 18, 79, 17, 3, 26, 49, 8, 19, 20, 15, 128, 71, 27, 8, 13, 34, 21, 28, 3, 20, 2, 35, 25, 0)
s = 147: (0, 10, 49, 23, 13, 3, 21, 9, 18, 67, 17, 3, 13, 50, 15, 16, 21, 20, 113, 87, 49, 12, 14, 35, 41, 19, 3, 19, 2, 43, 16, 0)
s = 148: (0, 6, 59, 13, 18, 2, 19, 12, 12, 88, 18, 2, 19, 54, 14, 12, 23, 16, 81, 126, 43, 5, 12, 27, 43, 18, 3, 40, 3, 35, 18, 0)
s = 149: (0, 12, 40, 15, 21, 2, 19, 7, 16, 36, 17, 2, 22, 40, 17, 11, 25, 30, 102, 144, 44, 6, 18, 42, 43, 17, 5, 37, 3, 35, 18, 0)
s = 150: (0, 18, 38, 18, 17, 2, 26, 9, 25, 68, 12, 2, 19, 35, 14, 11, 26, 29, 86, 96, 47, 7, 15, 34, 39, 19, 2, 23, 3, 31, 12, 0)
s = 151: (0, 7, 58, 14, 17, 3, 30, 10, 14, 46, 18, 2, 20, 64, 9, 12, 10, 25, 105, 113, 32, 10, 13, 37, 34, 14, 3, 40, 3, 38, 23, 0)
s = 152: (0, 13, 29, 25, 27, 2, 29, 8, 16, 52, 13, 2, 15, 46, 8, 13, 17, 15, 127, 63, 32, 12, 8, 38, 33, 23, 2, 39, 2, 29, 18, 0)
s = 153: (0, 10, 52, 17, 24, 2, 19, 6, 17, 59, 17, 2, 11, 41, 14, 20, 12, 14, 122, 112, 37, 8, 11, 17, 32, 24, 2, 28, 4, 44, 22, 0)
s = 154: (0, 14, 58, 22, 24, 3, 22, 7, 30, 38, 22, 3, 13, 75, 12, 14, 12, 22, 104, 87, 38, 4, 16, 20, 45, 15, 4, 26, 3, 52, 24, 0)
s = 155: (0, 10, 52, 15, 15, 3, 26, 12, 18, 46, 28, 3, 19, 69, 14, 14, 12, 26, 138, 145, 31, 5, 11, 46, 36, 15, 3, 26, 3, 29, 15, 0)
s = 156: (0, 8, 38, 15, 21, 3, 22, 8, 16, 37, 11, 2, 19, 77, 14, 15, 21, 19, 66, 56, 35, 8, 15, 18, 47, 26, 3, 32, 2, 39, 21, 0)
s = 157: (0, 9, 31, 15, 28, 3, 24, 6, 27, 90, 18, 4, 13, 31, 12, 19, 19, 24, 95, 134, 49, 9, 9, 27, 25, 19, 4, 22, 2, 38, 23, 0)
s = 158: (0, 10, 40, 18, 14, 4, 21, 12, 16, 49, 24, 2, 13, 64, 9, 19, 26, 25, 94, 110, 51, 8, 20, 32, 28, 22, 3, 43, 3, 37, 14, 0)
s = 159: (0, 6, 33, 16, 16, 2, 20, 6, 15, 72, 24, 2, 16, 56, 8, 17, 17, 20, 86, 70, 39, 10, 12, 39, 41, 17, 2, 45, 2, 35, 10, 0)
s = 160: (0, 8, 53, 16, 16, 2, 16, 8, 13, 54, 14, 2, 16, 53, 13, 20, 12, 20, 61, 106, 40, 9, 19, 20, 24, 14, 3, 34, 3, 32, 24, 0)
s = 161: (0, 10, 37, 20, 13, 2, 17, 7, 25, 84, 27, 3, 18, 60, 7, 22, 22, 24, 124, 98, 30, 5, 14, 30, 35, 23, 4, 40, 2, 39, 16, 0)
s = 162: (0, 8, 60, 17, 21, 2, 30, 8, 15, 39, 38, 3, 13, 40, 8, 14, 19, 32, 85, 73, 41, 6, 21, 25, 58, 16, 4, 20, 2, 44, 19, 0)
s = 163: (0, 8, 48, 11, 13, 2, 22, 8, 21, 45, 19, 3, 19, 28, 11, 27, 15, 21, 121, 107, 36, 9, 11, 34, 24, 20, 6, 26, 2, 31, 18, 0)
s = 164: (0, 13, 35, 13, 18, 2, 23, 14, 17, 47, 22, 2, 15, 48, 17, 14, 13, 33, 60, 50, 54, 8, 18, 23, 29, 17, 5, 21, 2, 49, 17, 0)
s = 165: (0, 8, 32, 21, 21, 3, 31, 6, 16, 52, 24, 3, 16, 42, 15, 17, 18, 33, 139, 71, 39, 8, 22, 35, 17, 23, 3, 25, 2, 40, 12, 0)
s = 166: (0, 8, 35, 18, 15, 3, 31, 6, 16, 113, 21, 3, 19, 50, 14, 10, 14, 26, 106, 62, 33, 5, 9, 29, 27, 27, 3, 19, 2, 33, 9, 0)
s = 167: (0, 12, 29, 20, 14, 3, 28, 17, 13, 58, 21, 2, 19, 60, 11, 14, 16, 31, 150, 109, 72, 7, 16, 20, 25, 13, 4, 43, 3, 46, 17, 0)
s = 168: (0, 12, 43, 15, 21, 3, 32, 10, 26, 57, 22, 2, 27, 52, 13, 16, 14, 35, 120, 74, 60, 6, 12, 36, 35, 26, 5, 21, 3, 43, 13, 0)
s = 169: (0, 13, 72, 19, 13, 2, 26, 13, 19, 42, 32, 2, 16, 43, 13, 13, 26, 30, 79, 72, 30, 8, 10, 30, 34, 15, 4, 28, 2, 27, 22, 0)
s = 170: (0, 12, 67, 20, 23, 4, 23, 7, 13, 51, 30, 2, 13, 53, 10, 20, 25, 22, 120, 85, 66, 9, 21, 19, 27, 17, 4, 25, 2, 38, 18, 0)
s = 171: (0, 5, 45, 14, 18, 4, 41, 8, 15, 36, 18, 3, 13, 54, 11, 13, 13, 19, 114, 68, 49, 8, 15, 34, 27, 18, 4, 31, 2, 59, 11, 0)
s = 172: (0, 7, 34, 25, 20, 3, 32, 10, 19, 95, 21, 2, 11, 87, 12, 13, 25, 29, 100, 93, 59, 9, 17, 34, 21, 13, 3, 18, 3, 24, 17, 0)
s = 173: (0, 7, 32, 19, 16, 2, 37, 11, 16, 42, 17, 3, 14, 39, 17, 23, 13, 22, 79, 72, 38, 9, 16, 30, 50, 23, 3, 44, 3, 35, 12, 0)
s = 174: (0, 12, 75, 14, 20, 2, 39, 12, 12, 64, 23, 2, 20, 31, 10, 20, 15, 15, 92, 93, 25, 7, 10, 30, 40, 18, 3, 19, 3, 56, 12, 0)
s = 175: (0, 9, 52, 24, 18, 3, 16, 6, 16, 62, 21, 3, 11, 59, 21, 14, 11, 21, 100, 95, 42, 10, 12, 49, 32, 15, 5, 17, 3, 24, 13, 0)
s = 176: (0, 9, 47, 17, 17, 2, 23, 11, 20, 51, 27, 3, 23, 38, 12, 12, 23, 28, 68, 60, 28, 6, 12, 29, 43, 20, 2, 40, 2, 32, 19, 0)
s = 177: (0, 10, 45, 14, 15, 2, 29, 6, 18, 93, 17, 2, 18, 52, 18, 15, 16, 26, 108, 140, 54, 9, 9, 27, 22, 17, 4, 42, 2, 28, 25, 0)
s = 178: (0, 6, 38, 19, 20, 2, 22, 8, 18, 45, 21, 2, 28, 46, 9, 15, 19, 35, 66, 101, 57, 7, 26, 41, 48, 26, 3, 32, 3, 42, 13, 0)
s = 179: (0, 10, 45, 14, 25, 3, 14, 8, 22, 104, 28, 2, 13, 34, 12, 10, 24, 29, 146, 63, 33, 8, 10, 24, 26, 24, 3, 43, 2, 28, 12, 0)
s = 180: (0, 9, 45, 12, 16, 2, 19, 9, 15, 81, 24, 4, 14, 57, 10, 22, 14, 37, 61, 122, 30, 4, 16, 25, 36, 21, 3, 25, 3, 45, 14, 0)
s = 181: (0, 12, 56, 14, 21, 2, 27, 7, 21, 41, 28, 2, 9, 40, 8, 31, 15, 21, 70, 66, 39, 5, 18, 20, 35, 15, 2, 31, 2, 62, 17, 0)
s = 182: (0, 6, 39, 12, 24, 4, 26, 9, 20, 52, 20, 3, 19, 62, 11, 14, 21, 17, 64, 61, 46, 8, 14, 26, 27, 17, 4, 24, 3, 43, 21, 0)
s = 183: (0, 9, 35, 16, 19, 2, 31, 11, 23, 50, 15, 2, 15, 50, 8, 29, 22, 19, 130, 83, 57, 6, 12, 36, 27, 20, 3, 24, 3, 51, 27, 0)
s = 184: (0, 12, 43, 16, 19, 2, 31, 8, 13, 69, 26, 2, 18, 51, 21, 14, 15, 27, 70, 78, 40, 7, 18, 19, 46, 19, 4, 25, 2, 35, 12, 0)
s = 185: (0, 9, 36, 18, 19, 4, 17, 9, 10, 76, 15, 2, 16, 39, 20, 23, 24, 20, 156, 68, 49, 6, 16, 28, 20, 15, 4, 46, 2, 48, 10, 0)
s = 186: (0, 9, 24, 19, 11, 3, 16, 10, 22, 38, 23, 2, 12, 37, 12, 12, 18, 27, 90, 109, 38, 7, 11, 41, 30, 23, 3, 45, 2, 33, 17, 0)
s = 187: (0, 10, 61, 19, 13, 2, 21, 12, 13, 65, 20, 2, 17, 60, 8, 15, 15, 26, 103, 81, 36, 6, 13, 33, 32, 14, 2, 31, 3, 47, 16, 0)
s = 188: (0, 10, 42, 23, 11, 2, 32, 9, 22, 90, 25, 3, 19, 73, 14, 22, 18, 18, 83, 51, 33, 9, 16, 26, 28, 20, 3, 31, 2, 46, 13, 0)
s = 189: (0, 15, 50, 19, 14, 2, 35, 8, 19, 66, 32, 3, 16, 46, 9, 18, 24, 22, 82, 93, 51, 6, 13, 31, 19, 23, 4, 29, 2, 37, 13, 0)
s = 190: (0, 9, 38, 16, 17, 3, 30, 12, 16, 108, 22, 2, 14, 58, 8, 16, 26, 27, 68, 61, 63, 8, 12, 34, 42, 21, 4, 27, 4, 42, 15, 0)
s = 191: (0, 14, 36, 17, 18, 2, 16, 9, 11, 92, 27, 4, 13, 36, 9, 17, 21, 18, 119, 77, 42, 6, 11, 22, 33, 15, 3, 31, 3, 41, 17, 0)
s = 192: (0, 10, 36, 13, 18, 3, 25, 8, 18, 42, 23, 2, 15, 37, 12, 13, 25, 26, 125, 104, 47, 11, 20, 23, 28, 12, 2, 42, 3, 44, 14, 0)
s = 193: (0, 9, 74, 20, 15, 3, 17, 6, 15, 53, 27, 2, 10, 57, 14, 12, 25, 20, 77, 66, 31, 11, 17, 25, 20, 25, 3, 42, 2, 43, 15, 0)
s = 194: (0, 8, 57, 13, 24, 2, 23, 10, 19, 70, 15, 3, 15, 41, 8, 21, 16, 17, 124, 69, 32, 12, 13, 23, 19, 15, 2, 36, 2, 61, 16, 0)
s = 195: (0, 9, 40, 20, 21, 2, 27, 13, 16, 40, 13, 3, 10, 52, 10, 19, 16, 19, 135, 79, 37, 6, 17, 26, 35, 29, 5, 27, 3, 40, 20, 0)
s = 196: (0, 7, 67, 27, 20, 3, 24, 15, 15, 61, 28, 3, 20, 57, 9, 13, 15, 19, 99, 92, 45, 5, 10, 25, 34, 30, 2, 32, 4, 32, 23, 0)
s = 197: (0, 8, 36, 16, 22, 3, 28, 11, 34, 46, 22, 3, 13, 43, 8, 15, 15, 33, 56, 66, 35, 6, 17, 37, 33, 35, 3, 37, 3, 39, 17, 0)
s = 198: (0, 12, 28, 18, 14, 3, 24, 7, 28, 70, 30, 2, 17, 58, 15, 16, 15, 33, 81, 139, 38, 7, 10, 26, 44, 20, 4, 36, 2, 35, 18, 0)
s = 199: (0, 8, 55, 29, 18, 2, 18, 7, 21, 69, 12, 2, 17, 41, 11, 12, 22, 45, 101, 66, 40, 6, 13, 29, 22, 22, 5, 35, 2, 35, 21, 0)
s = 200: (0, 12, 30, 18, 28, 2, 16, 8, 28, 52, 20, 2, 15, 50, 17, 15, 12, 28, 84, 128, 30, 7, 13, 46, 37, 19, 3, 30, 2, 58, 20, 0)
------------------------------------------------------------------------
RESOURCE k = 3
s = 1: (0, 2, 8, 15, 49, 7, 17, 14, 51, 51, 28, 4, 45, 47, 20, 79, 21, 60, 75, 76, 35, 15, 60, 30, 15, 45, 2, 55, 2, 12, 52, 0)
s = 2: (0, 3, 9, 24, 91, 6, 22, 13, 78, 61, 30, 8, 40, 44, 12, 46, 20, 35, 126, 70, 40, 10, 50, 21, 12, 40, 2, 69, 3, 16, 44, 0)
s = 3: (0, 3, 14, 18, 54, 6, 13, 19, 107, 33, 35, 7, 17, 33, 20, 69, 23, 65, 81, 55, 80, 9, 73, 49, 13, 45, 2, 38, 2, 12, 56, 0)
s = 4: (0, 3, 11, 23, 38, 6, 24, 9, 92, 28, 21, 8, 21, 48, 13, 72, 21, 54, 105, 44, 67, 10, 51, 55, 13, 52, 3, 34, 2, 13, 91, 0)
s = 5: (0, 3, 14, 24, 102, 6, 18, 13, 63, 32, 27, 6, 32, 47, 20, 88, 25, 77, 62, 57, 78, 9, 69, 25, 14, 32, 2, 39, 3, 10, 38, 0)
s = 6: (0, 3, 16, 26, 60, 6, 20, 15, 111, 59, 18, 6, 28, 47, 18, 78, 13, 45, 61, 48, 31, 8, 54, 42, 13, 54, 2, 60, 2, 25, 37, 0)
s = 7: (0, 2, 11, 26, 84, 8, 21, 19, 54, 66, 31, 5, 42, 70, 19, 104, 23, 34, 77, 35, 64, 14, 36, 37, 13, 34, 2, 41, 2, 10, 57, 0)
s = 8: (0, 2, 9, 14, 66, 7, 18, 12, 86, 31, 15, 4, 25, 63, 18, 49, 14, 32, 67, 67, 46, 10, 40, 48, 24, 53, 3, 29, 2, 19, 55, 0)
s = 9: (0, 4, 15, 14, 59, 6, 14, 14, 108, 29, 16, 6, 33, 59, 19, 65, 24, 59, 97, 44, 35, 13, 38, 44, 12, 35, 3, 46, 2, 13, 48, 0)
s = 10: (0, 3, 10, 26, 71, 6, 24, 10, 53, 35, 21, 6, 30, 66, 14, 83, 15, 62, 183, 72, 59, 9, 59, 37, 17, 32, 2, 40, 3, 21, 68, 0)
s = 11: (0, 3, 9, 15, 42, 8, 19, 9, 81, 49, 33, 8, 38, 32, 12, 67, 20, 54, 114, 36, 36, 7, 51, 36, 17, 40, 3, 50, 3, 16, 87, 0)
s = 12: (0, 3, 12, 22, 46, 13, 18, 16, 57, 40, 29, 5, 52, 50, 18, 92, 12, 50, 109, 35, 73, 11, 33, 34, 14, 45, 3, 52, 3, 15, 65, 0)
s = 13: (0, 3, 12, 18, 34, 7, 12, 11, 111, 54, 44, 6, 36, 50, 16, 100, 13, 55, 135, 56, 55, 15, 47, 30, 15, 30, 3, 54, 3, 15, 45, 0)
s = 14: (0, 2, 12, 17, 69, 6, 22, 21, 73, 41, 29, 8, 33, 76, 17, 118, 22, 38, 85, 73, 79, 12, 63, 44, 23, 60, 3, 34, 2, 19, 43, 0)
s = 15: (0, 2, 11, 14, 67, 6, 11, 13, 69, 62, 40, 8, 37, 54, 15, 64, 16, 46, 109, 46, 42, 13, 69, 28, 9, 37, 2, 27, 3, 18, 57, 0)
s = 16: (0, 3, 9, 18, 49, 5, 16, 14, 96, 41, 22, 7, 26, 54, 13, 73, 11, 37, 75, 49, 90, 10, 31, 28, 15, 32, 2, 36, 3, 14, 76, 0)
s = 17: (0, 3, 7, 17, 50, 8, 20, 16, 100, 42, 29, 8, 41, 44, 14, 41, 28, 54, 94, 46, 48, 8, 73, 49, 13, 49, 3, 42, 2, 10, 50, 0)
s = 18: (0, 3, 7, 22, 75, 8, 13, 16, 71, 64, 29, 6, 36, 53, 23, 63, 19, 75, 111, 61, 83, 9, 38, 51, 16, 31, 3, 59, 3, 22, 37, 0)
s = 19: (0, 2, 12, 22, 62, 7, 17, 15, 100, 46, 39, 6, 34, 50, 11, 72, 28, 28, 72, 47, 66, 9, 49, 43, 14, 29, 2, 59, 3, 13, 59, 0)
s = 20: (0, 2, 9, 12, 71, 7, 16, 12, 63, 62, 33, 5, 28, 48, 15, 71, 15, 46, 66, 32, 66, 8, 48, 23, 12, 47, 2, 37, 2, 23, 35, 0)
s = 21: (0, 2, 15, 24, 44, 8, 17, 10, 125, 75, 43, 7, 33, 46, 30, 45, 28, 53, 84, 54, 51, 10, 53, 56, 14, 30, 3, 35, 3, 14, 34, 0)
s = 22: (0, 3, 10, 17, 56, 8, 13, 9, 95, 39, 33, 4, 39, 47, 15, 66, 22, 37, 69, 65, 40, 12, 59, 23, 19, 60, 2, 38, 2, 14, 50, 0)
s = 23: (0, 2, 12, 15, 45, 5, 20, 18, 84, 48, 47, 8, 34, 66, 16, 74, 13, 45, 101, 46, 59, 10, 83, 42, 19, 30, 3, 47, 3, 15, 33, 0)
s = 24: (0, 3, 12, 22, 62, 7, 18, 10, 82, 49, 29, 6, 31, 37, 16, 103, 12, 34, 92, 40, 39, 6, 34, 35, 17, 35, 2, 39, 2, 18, 41, 0)
s = 25: (0, 2, 16, 11, 71, 12, 13, 15, 98, 29, 16, 7, 26, 82, 15, 83, 20, 32, 89, 57, 49, 8, 65, 35, 20, 40, 3, 46, 3, 22, 61, 0)
s = 26: (0, 2, 7, 23, 51, 6, 17, 15, 77, 52, 33, 10, 38, 47, 9, 60, 22, 30, 123, 39, 66, 13, 65, 28, 20, 35, 2, 39, 2, 23, 72, 0)
s = 27: (0, 2, 7, 10, 35, 12, 22, 13, 75, 32, 23, 4, 29, 39, 15, 57, 23, 50, 86, 41, 33, 9, 40, 50, 12, 23, 3, 57, 4, 20, 38, 0)
s = 28: (0, 4, 11, 11, 75, 11, 18, 8, 93, 30, 33, 9, 29, 63, 14, 48, 22, 57, 90, 38, 65, 13, 41, 33, 11, 54, 3, 38, 3, 21, 41, 0)
s = 29: (0, 3, 10, 19, 41, 7, 12, 16, 100, 58, 36, 9, 46, 84, 10, 58, 16, 32, 127, 36, 42, 11, 33, 43, 17, 36, 2, 35, 2, 14, 70, 0)
s = 30: (0, 3, 17, 17, 107, 5, 20, 19, 144, 48, 31, 7, 39, 40, 21, 41, 21, 59, 66, 93, 58, 7, 57, 72, 18, 56, 2, 49, 4, 10, 52, 0)
s = 31: (0, 3, 10, 34, 48, 10, 11, 11, 89, 83, 19, 5, 27, 44, 11, 108, 15, 50, 75, 91, 53, 11, 32, 31, 17, 40, 2, 40, 3, 25, 50, 0)
s = 32: (0, 2, 10, 18, 80, 10, 12, 18, 96, 53, 39, 5, 24, 51, 20, 52, 19, 53, 77, 86, 52, 10, 68, 32, 15, 30, 2, 43, 2, 10, 58, 0)
s = 33: (0, 3, 11, 27, 44, 6, 16, 9, 56, 49, 22, 5, 52, 33, 19, 71, 19, 38, 81, 43, 35, 9, 60, 24, 26, 36, 2, 48, 3, 16, 40, 0)
s = 34: (0, 2, 9, 18, 42, 7, 17, 8, 70, 53, 33, 5, 33, 47, 24, 52, 20, 59, 88, 61, 35, 10, 31, 38, 17, 40, 2, 56, 2, 17, 56, 0)
s = 35: (0, 2, 10, 14, 46, 7, 18, 10, 74, 48, 28, 4, 21, 43, 16, 65, 17, 37, 131, 91, 34, 8, 39, 25, 16, 23, 3, 42, 2, 14, 61, 0)
s = 36: (0, 2, 10, 17, 47, 5, 16, 15, 101, 42, 18, 9, 21, 50, 16, 56, 23, 61, 75, 31, 36, 12, 31, 40, 11, 45, 2, 46, 2, 28, 40, 0)
s = 37: (0, 3, 13, 16, 42, 11, 16, 15, 66, 43, 29, 6, 41, 48, 9, 49, 25, 30, 103, 36, 41, 6, 27, 28, 17, 49, 3, 29, 4, 9, 71, 0)
s = 38: (0, 3, 15, 12, 59, 5, 14, 12, 72, 37, 20, 7, 30, 36, 17, 40, 20, 33, 142, 40, 44, 12, 51, 40, 21, 63, 2, 29, 2, 21, 44, 0)
s = 39: (0, 3, 6, 14, 98, 7, 17, 12, 83, 63, 34, 5, 27, 30, 14, 88, 27, 56, 134, 63, 44, 8, 31, 42, 14, 25, 3, 26, 2, 16, 50, 0)
s = 40: (0, 3, 11, 15, 74, 9, 17, 11, 77, 45, 26, 6, 28, 58, 10, 58, 15, 42, 67, 49, 59, 6, 74, 23, 17, 42, 3, 44, 2, 11, 74, 0)
s = 41: (0, 4, 6, 19, 79, 5, 12, 8, 80, 60, 28, 8, 40, 46, 19, 59, 14, 49, 75, 56, 57, 13, 30, 37, 17, 48, 2, 40, 2, 24, 54, 0)
s = 42: (0, 2, 7, 12, 65, 6, 23, 14, 91, 81, 18, 5, 22, 45, 16, 65, 25, 27, 112, 49, 87, 10, 47, 56, 18, 54, 3, 63, 4, 14, 40, 0)
s = 43: (0, 3, 11, 21, 44, 6, 16, 19, 125, 58, 27, 5, 23, 54, 31, 51, 18, 39, 109, 55, 57, 10, 57, 38, 13, 40, 2, 58, 2, 21, 49, 0)
s = 44: (0, 2, 16, 23, 41, 5, 10, 15, 53, 43, 31, 6, 40, 61, 11, 91, 18, 41, 96, 92, 37, 8, 48, 26, 17, 52, 3, 31, 2, 26, 85, 0)
s = 45: (0, 3, 7, 23, 62, 8, 11, 12, 81, 38, 28, 8, 26, 47, 28, 83, 25, 25, 94, 49, 52, 7, 30, 31, 12, 25, 4, 52, 2, 17, 66, 0)
s = 46: (0, 3, 9, 21, 40, 8, 10, 22, 74, 36, 29, 6, 32, 47, 15, 61, 11, 74, 67, 68, 44, 9, 52, 30, 12, 47, 3, 29, 2, 20, 64, 0)
s = 47: (0, 3, 13, 29, 52, 7, 13, 7, 72, 54, 41, 8, 21, 47, 11, 75, 14, 39, 71, 32, 71, 6, 34, 43, 16, 59, 3, 25, 3, 25, 66, 0)
s = 48: (0, 3, 17, 20, 47, 5, 15, 14, 102, 52, 45, 11, 49, 88, 23, 105, 25, 61, 135, 38, 105, 13, 33, 32, 17, 37, 3, 41, 3, 26, 41, 0)
s = 49: (0, 3, 7, 14, 86, 7, 25, 11, 81, 30, 32, 4, 20, 55, 14, 46, 18, 34, 149, 39, 71, 10, 47, 43, 18, 48, 2, 55, 2, 10, 53, 0)
s = 50: (0, 2, 11, 21, 62, 10, 12, 11, 124, 33, 26, 6, 36, 41, 10, 48, 17, 29, 63, 42, 51, 13, 57, 29, 12, 48, 2, 29, 2, 17, 56, 0)
s = 51: (0, 3, 7, 26, 53, 7, 13, 9, 47, 28, 37, 4, 27, 34, 11, 79, 18, 61, 131, 45, 87, 11, 36, 42, 18, 31, 2, 37, 3, 13, 36, 0)
s = 52: (0, 2, 10, 20, 57, 6, 11, 10, 73, 39, 28, 7, 33, 70, 18, 58, 22, 40, 176, 58, 56, 9, 47, 31, 23, 33, 2, 39, 3, 20, 40, 0)
s = 53: (0, 3, 11, 25, 67, 6, 28, 12, 76, 37, 21, 7, 46, 46, 24, 64, 16, 60, 57, 32, 66, 8, 60, 49, 12, 52, 2, 47, 2, 14, 58, 0)
s = 54: (0, 3, 8, 14, 62, 6, 12, 14, 52, 37, 28, 5, 23, 61, 10, 57, 12, 59, 116, 91, 37, 11, 48, 36, 18, 42, 2, 49, 2, 14, 60, 0)
s = 55: (0, 3, 13, 14, 33, 6, 11, 16, 54, 38, 30, 6, 44, 61, 14, 45, 19, 41, 175, 70, 53, 9, 52, 43, 15, 46, 2, 31, 4, 15, 83, 0)
s = 56: (0, 2, 15, 14, 54, 9, 11, 10, 108, 66, 23, 4, 27, 52, 24, 50, 12, 40, 70, 33, 58, 6, 32, 27, 15, 32, 2, 56, 4, 13, 55, 0)
s = 57: (0, 3, 7, 14, 86, 8, 13, 12, 59, 46, 53, 9, 37, 30, 12, 62, 10, 54, 136, 82, 83, 14, 66, 23, 12, 28, 2, 75, 3, 24, 41, 0)
s = 58: (0, 3, 16, 17, 37, 10, 15, 15, 61, 62, 29, 8, 26, 51, 10, 72, 16, 40, 87, 51, 67, 6, 26, 40, 18, 46, 2, 60, 2, 14, 49, 0)
s = 59: (0, 3, 14, 12, 85, 6, 14, 8, 64, 59, 17, 6, 30, 53, 22, 75, 29, 41, 114, 59, 49, 13, 44, 29, 11, 44, 2, 59, 3, 14, 61, 0)
s = 60: (0, 3, 10, 26, 46, 7, 15, 15, 97, 31, 23, 7, 30, 74, 23, 64, 15, 50, 130, 65, 72, 10, 63, 42, 12, 53, 2, 39, 2, 13, 73, 0)
s = 61: (0, 2, 11, 16, 45, 7, 19, 16, 70, 34, 29, 10, 30, 50, 14, 73, 19, 44, 112, 57, 71, 11, 33, 28, 12, 33, 3, 60, 3, 16, 83, 0)
s = 62: (0, 2, 14, 15, 48, 10, 14, 22, 111, 52, 39, 10, 42, 51, 16, 101, 24, 37, 128, 63, 65, 9, 36, 45, 16, 42, 4, 71, 2, 20, 52, 0)
s = 63: (0, 3, 11, 14, 45, 11, 14, 19, 94, 51, 44, 7, 31, 33, 14, 64, 18, 38, 144, 55, 62, 10, 38, 36, 16, 38, 2, 61, 2, 15, 43, 0)
s = 64: (0, 2, 10, 15, 73, 7, 22, 14, 69, 30, 25, 10, 38, 71, 20, 55, 17, 47, 104, 59, 32, 10, 65, 35, 24, 34, 3, 35, 2, 15, 66, 0)
s = 65: (0, 3, 13, 16, 34, 9, 26, 11, 82, 47, 22, 7, 21, 68, 22, 74, 26, 61, 112, 70, 63, 6, 40, 39, 14, 35, 2, 62, 3, 15, 66, 0)
s = 66: (0, 2, 14, 22, 54, 6, 11, 15, 120, 63, 15, 6, 29, 38, 24, 70, 19, 33, 103, 34, 44, 11, 54, 40, 15, 50, 2, 38, 2, 15, 65, 0)
s = 67: (0, 2, 11, 14, 39, 8, 25, 11, 99, 36, 16, 6, 37, 63, 25, 64, 19, 67, 136, 42, 100, 6, 41, 34, 12, 34, 2, 31, 2, 14, 40, 0)
s = 68: (0, 3, 7, 14, 95, 7, 14, 9, 76, 46, 32, 5, 38, 66, 21, 96, 18, 49, 110, 61, 48, 14, 37, 28, 15, 52, 2, 70, 3, 11, 52, 0)
s = 69: (0, 2, 12, 25, 67, 5, 15, 8, 114, 35, 34, 8, 27, 45, 22, 43, 23, 53, 90, 55, 45, 9, 51, 23, 15, 40, 3, 53, 2, 21, 70, 0)
s = 70: (0, 2, 7, 11, 41, 7, 10, 10, 73, 64, 32, 6, 33, 49, 12, 109, 12, 30, 59, 41, 40, 9, 38, 60, 9, 35, 2, 59, 3, 18, 65, 0)
s = 71: (0, 3, 8, 10, 69, 8, 12, 8, 70, 68, 30, 5, 29, 48, 18, 86, 22, 76, 98, 65, 32, 16, 44, 28, 13, 27, 3, 74, 3, 18, 62, 0)
s = 72: (0, 3, 11, 22, 58, 6, 14, 7, 72, 48, 52, 5, 25, 55, 16, 102, 19, 63, 132, 78, 50, 6, 56, 54, 14, 37, 3, 29, 2, 14, 74, 0)
s = 73: (0, 2, 12, 18, 43, 6, 17, 16, 88, 64, 40, 8, 31, 41, 26, 57, 19, 45, 90, 91, 60, 7, 57, 40, 23, 36, 2, 27, 4, 31, 53, 0)
s = 74: (0, 3, 8, 18, 63, 8, 12, 16, 77, 42, 18, 8, 42, 34, 18, 75, 20, 61, 90, 50, 61, 8, 58, 29, 15, 32, 2, 28, 2, 19, 60, 0)
s = 75: (0, 3, 8, 19, 83, 8, 12, 15, 116, 37, 31, 8, 23, 41, 20, 52, 20, 39, 81, 44, 51, 8, 45, 35, 11, 63, 2, 26, 3, 18, 55, 0)
s = 76: (0, 2, 7, 17, 67, 7, 14, 12, 68, 30, 23, 5, 23, 32, 19, 63, 16, 47, 55, 45, 70, 8, 54, 28, 15, 27, 2, 37, 2, 15, 62, 0)
s = 77: (0, 2, 7, 20, 38, 5, 14, 10, 87, 29, 29, 8, 33, 43, 20, 62, 17, 40, 71, 63, 74, 8, 41, 39, 13, 38, 2, 67, 3, 20, 51, 0)
s = 78: (0, 2, 10, 17, 76, 9, 14, 7, 55, 55, 47, 5, 47, 51, 18, 98, 23, 56, 70, 70, 63, 5, 34, 34, 14, 37, 3, 53, 3, 9, 55, 0)
s = 79: (0, 3, 6, 16, 54, 8, 24, 12, 68, 66, 42, 9, 22, 39, 16, 46, 16, 55, 74, 39, 41, 9, 62, 50, 17, 22, 2, 31, 2, 11, 68, 0)
s = 80: (0, 2, 9, 12, 45, 6, 20, 13, 80, 45, 37, 7, 25, 38, 13, 76, 16, 61, 126, 68, 77, 8, 47, 23, 15, 29, 3, 47, 3, 21, 98, 0)
s = 81: (0, 3, 6, 17, 94, 7, 13, 23, 68, 56, 21, 6, 49, 53, 23, 62, 18, 69, 55, 36, 69, 16, 41, 27, 16, 29, 2, 49, 2, 15, 54, 0)
s = 82: (0, 2, 10, 14, 56, 5, 15, 14, 91, 41, 44, 6, 23, 48, 24, 87, 26, 73, 87, 35, 61, 8, 71, 30, 16, 56, 2, 25, 2, 13, 57, 0)
s = 83: (0, 4, 8, 19, 65, 8, 23, 11, 95, 56, 20, 9, 43, 71, 14, 98, 15, 52, 75, 65, 75, 6, 43, 33, 22, 29, 3, 34, 2, 13, 54, 0)
s = 84: (0, 2, 7, 20, 55, 9, 16, 11, 129, 46, 32, 10, 32, 64, 20, 55, 15, 45, 104, 78, 54, 13, 51, 41, 15, 47, 2, 34, 3, 16, 74, 0)
s = 85: (0, 3, 13, 15, 52, 6, 19, 10, 78, 49, 31, 6, 22, 55, 16, 71, 17, 35, 113, 64, 58, 11, 65, 39, 18, 25, 3, 60, 2, 16, 65, 0)
s = 86: (0, 3, 9, 15, 71, 7, 18, 17, 49, 71, 33, 7, 21, 73, 11, 38, 17, 30, 119, 39, 38, 11, 82, 40, 19, 39, 3, 27, 3, 12, 52, 0)
s = 87: (0, 3, 8, 26, 49, 10, 12, 14, 59, 38, 32, 7, 32, 88, 20, 90, 12, 39, 71, 40, 53, 14, 29, 46, 27, 28, 3, 68, 3, 13, 52, 0)
s = 88: (0, 2, 8, 26, 56, 7, 13, 15, 69, 53, 20, 4, 31, 66, 17, 59, 11, 35, 132, 63, 39, 11, 52, 29, 17, 29, 4, 29, 2, 18, 68, 0)
s = 89: (0, 2, 8, 19, 77, 6, 20, 13, 83, 36, 27, 8, 43, 34, 19, 79, 16, 65, 71, 38, 34, 11, 43, 40, 18, 38, 3, 69, 2, 25, 83, 0)
s = 90: (0, 3, 7, 19, 59, 5, 18, 9, 78, 37, 19, 4, 25, 34, 11, 90, 13, 36, 58, 32, 83, 12, 46, 49, 17, 34, 2, 63, 3, 15, 79, 0)
s = 91: (0, 2, 11, 13, 39, 9, 21, 14, 102, 47, 28, 6, 21, 50, 16, 112, 15, 30, 78, 54, 54, 10, 55, 25, 16, 40, 3, 55, 3, 13, 57, 0)
s = 92: (0, 3, 8, 24, 92, 7, 16, 13, 74, 29, 30, 8, 33, 47, 10, 98, 15, 45, 89, 55, 47, 8, 78, 39, 26, 43, 2, 34, 2, 19, 70, 0)
s = 93: (0, 3, 10, 15, 38, 7, 24, 12, 54, 62, 17, 9, 22, 53, 19, 85, 16, 35, 83, 38, 65, 15, 39, 42, 15, 51, 2, 55, 3, 22, 93, 0)
s = 94: (0, 3, 9, 18, 51, 4, 25, 11, 90, 51, 18, 5, 31, 49, 16, 79, 15, 44, 116, 44, 61, 8, 72, 59, 20, 26, 3, 50, 2, 22, 50, 0)
s = 95: (0, 3, 9, 19, 74, 6, 13, 9, 76, 55, 25, 7, 20, 48, 28, 48, 11, 65, 97, 49, 40, 13, 34, 26, 13, 64, 3, 51, 3, 21, 30, 0)
s = 96: (0, 2, 9, 14, 52, 5, 25, 13, 52, 38, 28, 6, 26, 55, 15, 79, 12, 63, 116, 41, 41, 6, 46, 23, 13, 25, 2, 35, 4, 12, 84, 0)
s = 97: (0, 2, 11, 15, 71, 5, 24, 20, 70, 33, 16, 6, 31, 79, 18, 62, 14, 33, 123, 76, 40, 6, 48, 33, 24, 54, 3, 51, 3, 15, 64, 0)
s = 98: (0, 2, 15, 13, 61, 7, 11, 17, 85, 56, 31, 4, 45, 35, 9, 78, 14, 65, 84, 44, 46, 9, 63, 32, 11, 47, 2, 65, 2, 19, 59, 0)
s = 99: (0, 2, 10, 16, 46, 8, 24, 13, 52, 27, 24, 8, 31, 87, 16, 85, 27, 30, 92, 31, 51, 6, 27, 56, 16, 46, 2, 51, 3, 9, 52, 0)
s = 100: (0, 3, 11, 16, 65, 6, 15, 16, 71, 39, 18, 6, 33, 43, 14, 48, 18, 49, 120, 34, 63, 12, 35, 43, 20, 55, 3, 43, 3, 10, 54, 0)
s = 101: (0, 2, 7, 16, 40, 11, 18, 13, 112, 46, 42, 5, 35, 55, 21, 66, 15, 45, 108, 62, 69, 9, 47, 23, 14, 30, 2, 54, 2, 20, 74, 0)
s = 102: (0, 3, 12, 17, 82, 8, 11, 14, 62, 32, 28, 12, 24, 52, 18, 87, 15, 51, 61, 76, 76, 8, 35, 29, 14, 28, 2, 32, 2, 12, 65, 0)
s = 103: (0, 3, 11, 11, 79, 10, 15, 20, 83, 48, 36, 7, 34, 48, 15, 65, 16, 37, 115, 72, 45, 14, 37, 30, 14, 45, 2, 36, 2, 14, 34, 0)
s = 104: (0, 2, 7, 19, 72, 8, 12, 15, 102, 53, 30, 6, 23, 42, 18, 72, 20, 33, 121, 54, 51, 13, 38, 40, 20, 57, 4, 41, 3, 17, 55, 0)
s = 105: (0, 3, 12, 30, 65, 6, 21, 17, 83, 26, 18, 6, 24, 80, 21, 64, 15, 89, 91, 71, 43, 10, 43, 47, 18, 56, 2, 51, 2, 15, 32, 0)
s = 106: (0, 3, 9, 19, 58, 8, 21, 10, 79, 78, 19, 8, 38, 56, 15, 80, 14, 65, 71, 69, 47, 17, 66, 23, 11, 45, 2, 65, 3, 22, 38, 0)
s = 107: (0, 2, 10, 20, 64, 7, 20, 14, 83, 33, 18, 5, 27, 63, 15, 106, 13, 57, 96, 50, 65, 7, 42, 25, 23, 47, 2, 64, 2, 11, 39, 0)
s = 108: (0, 2, 9, 27, 69, 8, 26, 8, 117, 41, 23, 10, 19, 31, 18, 75, 17, 35, 125, 74, 74, 9, 49, 24, 13, 49, 2, 37, 2, 16, 59, 0)
s = 109: (0, 2, 10, 25, 73, 6, 21, 15, 107, 37, 17, 4, 25, 36, 11, 78, 11, 53, 69, 92, 49, 9, 43, 38, 23, 28, 2, 61, 3, 13, 68, 0)
s = 110: (0, 2, 8, 22, 57, 5, 14, 14, 69, 80, 32, 5, 23, 61, 14, 59, 13, 42, 78, 44, 57, 10, 47, 51, 12, 43, 3, 62, 2, 15, 62, 0)
s = 111: (0, 2, 10, 27, 53, 7, 13, 10, 73, 75, 29, 4, 32, 37, 17, 57, 34, 50, 85, 62, 89, 11, 57, 38, 15, 32, 3, 51, 3, 15, 71, 0)
s = 112: (0, 3, 13, 18, 54, 9, 12, 11, 68, 32, 36, 5, 25, 70, 24, 67, 18, 56, 107, 43, 48, 8, 56, 31, 19, 24, 2, 48, 2, 10, 41, 0)
s = 113: (0, 4, 12, 16, 40, 7, 12, 14, 47, 87, 19, 10, 29, 69, 14, 97, 19, 41, 63, 39, 78, 15, 56, 35, 14, 33, 2, 46, 2, 19, 58, 0)
s = 114: (0, 2, 14, 15, 74, 9, 18, 11, 82, 29, 26, 9, 48, 48, 24, 90, 17, 59, 144, 62, 41, 12, 33, 33, 15, 50, 3, 38, 2, 25, 65, 0)
s = 115: (0, 2, 8, 33, 75, 6, 12, 12, 73, 41, 21, 8, 27, 32, 21, 45, 19, 67, 95, 71, 49, 10, 51, 38, 19, 44, 2, 71, 4, 12, 32, 0)
s = 116: (0, 2, 14, 16, 61, 8, 12, 9, 62, 61, 23, 11, 33, 34, 23, 75, 19, 32, 88, 39, 65, 9, 48, 27, 15, 54, 3, 31, 3, 17, 37, 0)
s = 117: (0, 2, 8, 17, 49, 6, 12, 10, 71, 32, 29, 7, 38, 59, 20, 52, 20, 51, 103, 35, 76, 9, 55, 28, 11, 36, 2, 58, 2, 18, 39, 0)
s = 118: (0, 3, 7, 14, 46, 5, 20, 12, 61, 60, 22, 6, 34, 57, 19, 65, 22, 39, 94, 46, 48, 6, 55, 26, 18, 24, 3, 63, 3, 20, 41, 0)
s = 119: (0, 2, 13, 24, 76, 9, 18, 12, 75, 36, 27, 11, 42, 56, 17, 64, 19, 47, 73, 39, 56, 12, 51, 41, 13, 35, 2, 35, 3, 16, 64, 0)
s = 120: (0, 2, 15, 25, 73, 6, 9, 8, 101, 45, 26, 5, 25, 78, 12, 72, 14, 26, 156, 47, 56, 7, 40, 36, 17, 27, 3, 30, 3, 17, 64, 0)
s = 121: (0, 2, 12, 26, 60, 5, 13, 8, 76, 33, 21, 4, 44, 45, 15, 66, 23, 49, 124, 47, 50, 11, 72, 19, 15, 62, 3, 35, 3, 16, 46, 0)
s = 122: (0, 2, 19, 23, 42, 9, 15, 16, 55, 49, 25, 10, 39, 38, 17, 71, 13, 55, 106, 69, 77, 14, 38, 23, 25, 44, 3, 31, 2, 18, 86, 0)
s = 123: (0, 2, 7, 25, 40, 6, 16, 13, 62, 36, 32, 10, 36, 34, 25, 73, 10, 51, 93, 76, 58, 12, 51, 34, 14, 29, 2, 52, 3, 17, 47, 0)
s = 124: (0, 3, 16, 13, 33, 5, 34, 14, 48, 31, 21, 6, 31, 35, 17, 45, 23, 27, 114, 36, 67, 8, 50, 24, 19, 32, 2, 80, 3, 13, 50, 0)
s = 125: (0, 2, 11, 11, 41, 6, 11, 13, 57, 70, 24, 6, 35, 41, 13, 88, 15, 50, 74, 48, 80, 8, 27, 49, 12, 50, 3, 37, 2, 22, 56, 0)
s = 126: (0, 2, 8, 15, 62, 7, 25, 13, 92, 40, 36, 6, 43, 64, 15, 72, 24, 34, 125, 81, 79, 8, 38, 35, 10, 29, 2, 45, 3, 10, 41, 0)
s = 127: (0, 2, 12, 20, 54, 6, 18, 14, 73, 79, 22, 7, 27, 53, 21, 39, 13, 33, 86, 40, 40, 9, 73, 33, 9, 74, 2, 53, 2, 20, 56, 0)
s = 128: (0, 3, 8, 15, 41, 10, 24, 9, 85, 47, 26, 8, 33, 49, 27, 47, 19, 47, 80, 64, 68, 8, 37, 19, 14, 59, 3, 48, 2, 18, 45, 0)
s = 129: (0, 2, 12, 19, 61, 9, 20, 20, 69, 40, 19, 5, 37, 32, 15, 49, 16, 35, 98, 75, 49, 8, 58, 25, 26, 44, 2, 30, 3, 15, 44, 0)
s = 130: (0, 3, 13, 16, 44, 5, 15, 8, 61, 48, 37, 7, 38, 50, 16, 50, 19, 78, 79, 62, 58, 6, 44, 31, 21, 39, 2, 48, 3, 14, 48, 0)
s = 131: (0, 3, 7, 20, 56, 10, 20, 16, 54, 47, 20, 6, 42, 39, 20, 68, 20, 39, 99, 37, 37, 8, 69, 28, 12, 45, 2, 73, 3, 9, 35, 0)
s = 132: (0, 2, 14, 33, 63, 6, 11, 13, 69, 44, 32, 5, 60, 35, 14, 42, 15, 43, 134, 38, 63, 6, 34, 37, 19, 32, 3, 33, 2, 16, 53, 0)
s = 133: (0, 3, 8, 11, 44, 9, 15, 12, 68, 50, 33, 5, 26, 70, 17, 46, 12, 33, 110, 58, 38, 8, 43, 36, 14, 37, 2, 33, 2, 15, 58, 0)
s = 134: (0, 2, 9, 30, 49, 9, 31, 15, 69, 41, 35, 7, 20, 67, 22, 89, 16, 55, 116, 67, 39, 7, 50, 22, 19, 37, 2, 26, 2, 13, 42, 0)
s = 135: (0, 2, 10, 18, 75, 11, 25, 13, 76, 52, 44, 10, 49, 75, 19, 64, 16, 34, 107, 74, 32, 6, 72, 35, 20, 41, 2, 60, 2, 25, 71, 0)
s = 136: (0, 2, 11, 23, 66, 7, 12, 10, 67, 34, 27, 9, 53, 68, 22, 86, 14, 55, 77, 31, 39, 12, 49, 25, 20, 68, 3, 48, 2, 17, 77, 0)
s = 137: (0, 3, 9, 13, 68, 6, 12, 16, 61, 40, 40, 5, 43, 64, 10, 51, 14, 48, 129, 67, 58, 8, 40, 57, 12, 53, 2, 31, 2, 19, 53, 0)
s = 138: (0, 2, 16, 11, 63, 8, 15, 14, 74, 47, 32, 9, 25, 47, 19, 91, 13, 42, 137, 53, 35, 10, 27, 39, 26, 31, 3, 65, 2, 11, 64, 0)
s = 139: (0, 4, 6, 13, 53, 5, 16, 14, 62, 38, 20, 5, 31, 49, 19, 82, 26, 33, 93, 71, 85, 9, 42, 32, 15, 27, 3, 38, 2, 30, 72, 0)
s = 140: (0, 2, 12, 24, 103, 5, 13, 10, 81, 42, 30, 5, 34, 60, 17, 40, 10, 60, 103, 49, 45, 17, 52, 25, 22, 29, 3, 41, 2, 11, 54, 0)
s = 141: (0, 4, 11, 15, 62, 6, 14, 10, 110, 67, 20, 5, 41, 45, 11, 53, 13, 81, 83, 29, 75, 15, 64, 64, 21, 45, 2, 67, 3, 16, 46, 0)
s = 142: (0, 2, 12, 15, 77, 6, 23, 10, 80, 43, 32, 6, 45, 47, 12, 107, 18, 36, 66, 52, 42, 7, 38, 31, 17, 44, 2, 56, 2, 22, 57, 0)
s = 143: (0, 3, 11, 18, 100, 6, 11, 14, 43, 33, 18, 7, 43, 53, 16, 71, 19, 35, 69, 76, 43, 10, 48, 32, 20, 37, 2, 42, 3, 11, 50, 0)
s = 144: (0, 2, 9, 16, 56, 9, 27, 12, 60, 48, 24, 9, 48, 52, 14, 67, 15, 31, 94, 39, 50, 10, 32, 50, 11, 38, 2, 43, 2, 19, 67, 0)
s = 145: (0, 3, 10, 17, 61, 6, 17, 22, 129, 66, 26, 7, 35, 55, 21, 85, 14, 61, 87, 59, 63, 12, 38, 26, 18, 26, 2, 38, 3, 15, 64, 0)
s = 146: (0, 2, 8, 23, 73, 8, 12, 14, 78, 64, 22, 8, 51, 49, 10, 83, 20, 30, 128, 43, 36, 11, 45, 44, 11, 55, 2, 30, 2, 14, 86, 0)
s = 147: (0, 3, 11, 23, 43, 11, 14, 12, 79, 54, 22, 7, 25, 50, 20, 70, 21, 39, 113, 52, 65, 15, 47, 45, 21, 37, 2, 29, 2, 18, 54, 0)
s = 148: (0, 2, 13, 13, 59, 6, 13, 16, 51, 71, 24, 5, 37, 54, 18, 53, 23, 31, 81, 76, 58, 6, 40, 35, 22, 35, 2, 60, 3, 14, 62, 0)
s = 149: (0, 3, 9, 15, 70, 4, 13, 10, 70, 29, 23, 5, 44, 40, 23, 48, 25, 59, 102, 87, 59, 8, 62, 54, 22, 33, 3, 55, 3, 14, 63, 0)
s = 150: (0, 4, 9, 18, 56, 5, 18, 12, 110, 55, 16, 6, 37, 35, 18, 50, 26, 58, 86, 58, 63, 9, 50, 44, 20, 37, 2, 34, 3, 13, 40, 0)
s = 151: (0, 2, 13, 14, 55, 8, 20, 14, 60, 37, 24, 4, 39, 64, 12, 52, 10, 50, 105, 68, 42, 12, 45, 47, 17, 28, 2, 60, 3, 16, 80, 0)
s = 152: (0, 3, 7, 25, 90, 6, 19, 10, 69, 42, 17, 6, 30, 46, 11, 57, 17, 29, 127, 38, 43, 15, 28, 49, 17, 45, 2, 58, 2, 12, 61, 0)
s = 153: (0, 3, 12, 17, 78, 6, 13, 8, 74, 47, 23, 5, 22, 41, 19, 90, 12, 28, 122, 67, 49, 10, 36, 22, 16, 48, 2, 41, 4, 18, 76, 0)
s = 154: (0, 4, 13, 22, 79, 9, 15, 9, 132, 30, 29, 8, 25, 75, 15, 61, 12, 44, 104, 52, 50, 5, 55, 26, 23, 29, 3, 39, 3, 21, 82, 0)
s = 155: (0, 3, 12, 15, 50, 8, 18, 16, 81, 37, 37, 9, 37, 69, 18, 63, 12, 51, 138, 87, 41, 6, 38, 59, 18, 30, 2, 38, 3, 12, 50, 0)
s = 156: (0, 2, 9, 15, 68, 8, 15, 10, 70, 29, 15, 6, 37, 77, 18, 66, 21, 38, 66, 34, 47, 10, 50, 24, 24, 51, 2, 48, 2, 16, 73, 0)
s = 157: (0, 2, 7, 15, 92, 11, 16, 8, 118, 72, 24, 11, 26, 31, 16, 84, 19, 47, 95, 81, 65, 11, 29, 35, 13, 37, 3, 33, 2, 16, 78, 0)
s = 158: (0, 3, 9, 18, 45, 11, 14, 15, 70, 39, 32, 6, 25, 64, 11, 83, 26, 49, 94, 66, 67, 10, 70, 40, 14, 44, 2, 64, 3, 15, 47, 0)
s = 159: (0, 2, 8, 16, 53, 7, 14, 8, 68, 58, 32, 5, 32, 56, 10, 73, 17, 39, 86, 42, 52, 13, 41, 50, 21, 33, 2, 67, 2, 14, 34, 0)
s = 160: (0, 2, 12, 16, 52, 5, 11, 10, 58, 43, 18, 6, 32, 53, 17, 87, 12, 39, 61, 64, 53, 11, 64, 26, 12, 27, 2, 50, 3, 13, 84, 0)
s = 161: (0, 3, 9, 20, 43, 6, 12, 10, 109, 67, 35, 7, 35, 60, 10, 97, 22, 48, 124, 59, 39, 7, 49, 38, 18, 46, 3, 60, 2, 16, 56, 0)
s = 162: (0, 2, 14, 17, 67, 6, 20, 10, 65, 31, 50, 9, 26, 40, 11, 59, 19, 64, 85, 44, 55, 8, 71, 32, 29, 32, 3, 29, 2, 18, 65, 0)
s = 163: (0, 2, 11, 11, 41, 7, 15, 11, 93, 36, 25, 7, 37, 28, 14, 122, 15, 41, 121, 65, 47, 12, 36, 43, 12, 39, 4, 38, 2, 13, 62, 0)
s = 164: (0, 3, 8, 13, 59, 6, 16, 18, 75, 38, 30, 5, 29, 48, 23, 63, 13, 66, 60, 30, 72, 11, 63, 30, 15, 33, 4, 31, 2, 20, 57, 0)
s = 165: (0, 2, 8, 21, 68, 8, 21, 8, 69, 42, 31, 8, 32, 42, 20, 75, 18, 66, 139, 43, 52, 10, 77, 45, 9, 45, 2, 37, 2, 16, 40, 0)
s = 166: (0, 2, 8, 18, 50, 8, 21, 7, 68, 91, 27, 9, 38, 50, 19, 42, 14, 51, 106, 37, 44, 7, 29, 37, 14, 54, 2, 28, 2, 14, 32, 0)
s = 167: (0, 3, 7, 20, 46, 8, 19, 22, 55, 46, 28, 5, 37, 60, 14, 62, 16, 62, 150, 66, 96, 8, 56, 26, 13, 25, 3, 65, 3, 19, 60, 0)
s = 168: (0, 3, 10, 15, 69, 10, 21, 14, 117, 46, 29, 6, 54, 52, 18, 72, 14, 69, 120, 45, 80, 8, 42, 46, 18, 51, 4, 32, 3, 18, 44, 0)
s = 169: (0, 3, 16, 19, 42, 6, 17, 18, 84, 33, 42, 4, 31, 43, 17, 55, 26, 60, 79, 43, 40, 10, 33, 38, 17, 30, 3, 41, 2, 11, 77, 0)
s = 170: (0, 3, 15, 20, 74, 13, 15, 9, 56, 41, 40, 5, 26, 53, 13, 89, 25, 44, 120, 51, 88, 12, 73, 24, 14, 34, 3, 37, 2, 15, 61, 0)
s = 171: (0, 2, 10, 14, 59, 11, 28, 10, 66, 29, 23, 7, 26, 54, 15, 58, 13, 37, 114, 41, 66, 10, 50, 44, 14, 35, 3, 47, 2, 24, 39, 0)
s = 172: (0, 2, 8, 25, 64, 8, 21, 13, 84, 76, 28, 6, 21, 87, 16, 57, 25, 58, 100, 56, 79, 12, 58, 43, 11, 26, 2, 27, 3, 10, 59, 0)
s = 173: (0, 2, 8, 19, 52, 7, 25, 15, 72, 33, 22, 9, 28, 39, 22, 102, 13, 43, 79, 43, 50, 11, 54, 38, 25, 45, 2, 66, 3, 14, 41, 0)
s = 174: (0, 3, 17, 14, 65, 6, 26, 16, 53, 51, 31, 5, 40, 31, 13, 90, 15, 30, 92, 56, 33, 9, 35, 39, 20, 36, 2, 29, 3, 23, 40, 0)
s = 175: (0, 2, 12, 24, 58, 8, 11, 8, 70, 50, 27, 8, 21, 59, 28, 61, 11, 41, 100, 57, 56, 12, 39, 63, 16, 30, 3, 25, 3, 10, 45, 0)
s = 176: (0, 2, 11, 17, 56, 7, 16, 14, 87, 41, 36, 7, 45, 38, 16, 54, 23, 55, 68, 36, 37, 8, 41, 37, 22, 40, 2, 60, 2, 13, 66, 0)
s = 177: (0, 3, 10, 14, 48, 5, 20, 8, 79, 74, 23, 5, 36, 52, 24, 64, 16, 51, 108, 84, 71, 12, 31, 35, 11, 34, 3, 63, 2, 12, 86, 0)
s = 178: (0, 2, 9, 19, 65, 5, 15, 11, 79, 36, 27, 4, 56, 46, 12, 67, 19, 69, 66, 61, 75, 9, 89, 53, 24, 51, 2, 48, 3, 17, 44, 0)
s = 179: (0, 3, 10, 14, 81, 8, 10, 11, 96, 83, 38, 4, 26, 34, 15, 45, 24, 58, 146, 38, 44, 10, 34, 31, 13, 48, 2, 64, 2, 12, 41, 0)
s = 180: (0, 2, 10, 12, 52, 6, 13, 12, 67, 65, 32, 11, 28, 57, 13, 99, 14, 74, 61, 74, 40, 5, 54, 32, 18, 42, 2, 38, 3, 18, 49, 0)
s = 181: (0, 3, 13, 14, 69, 5, 18, 10, 95, 33, 37, 6, 18, 40, 11, 136, 15, 42, 70, 40, 51, 6, 63, 26, 18, 30, 2, 46, 2, 25, 58, 0)
s = 182: (0, 2, 9, 12, 80, 13, 18, 12, 87, 41, 27, 7, 37, 62, 15, 60, 21, 34, 64, 37, 62, 10, 48, 33, 14, 33, 3, 36, 3, 17, 71, 0)
s = 183: (0, 2, 8, 16, 64, 7, 21, 14, 103, 40, 20, 5, 29, 50, 10, 127, 22, 38, 130, 50, 76, 8, 41, 46, 14, 40, 2, 36, 3, 21, 94, 0)
s = 184: (0, 3, 10, 16, 62, 7, 21, 11, 56, 55, 35, 6, 36, 51, 28, 60, 15, 53, 70, 47, 53, 9, 62, 25, 23, 37, 3, 37, 2, 14, 41, 0)
s = 185: (0, 2, 8, 18, 61, 12, 12, 11, 43, 61, 20, 5, 31, 39, 27, 103, 24, 39, 156, 41, 65, 7, 54, 36, 10, 29, 3, 69, 2, 20, 32, 0)
s = 186: (0, 2, 6, 19, 37, 11, 11, 13, 98, 31, 31, 5, 23, 37, 16, 54, 18, 53, 90, 65, 51, 8, 37, 53, 15, 45, 2, 67, 2, 14, 59, 0)
s = 187: (0, 3, 14, 19, 42, 6, 14, 16, 56, 52, 26, 5, 33, 60, 11, 67, 15, 51, 103, 49, 47, 8, 44, 43, 16, 28, 2, 46, 3, 19, 53, 0)
s = 188: (0, 3, 10, 23, 34, 7, 21, 11, 96, 72, 33, 7, 37, 73, 19, 97, 18, 35, 83, 31, 44, 12, 54, 34, 14, 40, 2, 46, 2, 19, 46, 0)
s = 189: (0, 4, 12, 19, 46, 5, 23, 10, 83, 53, 42, 8, 32, 46, 11, 79, 24, 44, 82, 56, 68, 8, 45, 40, 10, 46, 3, 43, 2, 15, 43, 0)
s = 190: (0, 2, 9, 16, 57, 8, 20, 16, 69, 86, 29, 6, 27, 58, 10, 72, 26, 54, 68, 37, 84, 10, 40, 44, 21, 42, 3, 41, 4, 17, 51, 0)
s = 191: (0, 3, 8, 17, 58, 6, 11, 12, 46, 73, 36, 10, 26, 36, 12, 73, 21, 36, 119, 46, 55, 8, 37, 28, 17, 30, 2, 47, 3, 17, 59, 0)
s = 192: (0, 3, 8, 13, 60, 8, 17, 10, 78, 34, 31, 4, 29, 37, 16, 59, 25, 52, 125, 62, 63, 14, 67, 30, 14, 24, 2, 63, 3, 18, 48, 0)
s = 193: (0, 2, 17, 20, 50, 8, 12, 8, 68, 43, 35, 4, 20, 57, 18, 53, 25, 39, 77, 40, 41, 14, 60, 32, 10, 49, 2, 62, 2, 17, 50, 0)
s = 194: (0, 2, 13, 13, 78, 7, 16, 13, 85, 56, 19, 9, 30, 41, 11, 94, 16, 33, 124, 42, 42, 15, 45, 30, 10, 30, 2, 53, 2, 25, 54, 0)
s = 195: (0, 2, 9, 20, 69, 7, 18, 17, 72, 32, 17, 8, 20, 52, 14, 84, 16, 38, 135, 47, 50, 7, 57, 33, 18, 57, 3, 40, 3, 16, 69, 0)
s = 196: (0, 2, 15, 27, 64, 9, 16, 19, 66, 49, 37, 8, 39, 57, 12, 58, 15, 37, 99, 55, 59, 7, 35, 32, 17, 60, 2, 47, 4, 13, 79, 0)
s = 197: (0, 2, 8, 16, 73, 9, 19, 15, 153, 37, 29, 8, 25, 43, 10, 66, 15, 65, 56, 40, 47, 7, 58, 48, 17, 70, 2, 56, 3, 16, 58, 0)
s = 198: (0, 3, 7, 18, 45, 8, 16, 9, 123, 56, 40, 4, 34, 58, 20, 69, 15, 66, 81, 83, 50, 9, 34, 33, 22, 40, 3, 54, 2, 14, 63, 0)
s = 199: (0, 2, 13, 29, 59, 6, 12, 9, 93, 55, 15, 4, 33, 41, 14, 53, 22, 90, 101, 40, 53, 8, 46, 37, 11, 44, 3, 53, 2, 14, 72, 0)
s = 200: (0, 3, 7, 18, 93, 6, 11, 11, 123, 42, 27, 6, 30, 50, 23, 65, 12, 55, 84, 77, 40, 9, 43, 59, 19, 37, 2, 44, 2, 23, 69, 0)
************************************************************************
ES/LS-VALUES:
jobnr.   ES(i)    LS(i)
------------------------------------------------------------------------
  0        0        0
  1        0       117
  2        0       76
  3        0       69
  4       17       91
  5       27       138
  6       17       86
  7       17       149
  8        9       86
  9       27       102
 10       27       106
 11       40       160
 12       40       120
 13       34       103
 14       34       136
 15       38       114
 16       51       121
 17       68       148
 18       53       130
 19        2       119
 20       55       135
 21       68       138
 22       71       149
 23       68       156
 24       69       140
 25        9       141
 26       79       160
 27       83       155
 28       91       176
 29       84       162
 30       91       164
 31       105       178
************************************************************************
BIG-M-VALUES:
M1 = 111, M2 = 694
************************************************************************
