************************************************************************
file with basedata            : j30_53.bas
initial value random generator: 12225
************************************************************************
projects                      :  1
jobs (incl. supersource/sink ):  32
horizon                       :  162
RESOURCES
  - renewable                 :  4   R
  - nonrenewable              :  0   N
  - doubly constrained        :  0   D
************************************************************************
PROJECT INFORMATION:
pronr.  #jobs rel.date duedate tardcost  MPM-Time
    1     30      0       46        8       46
************************************************************************
PRECEDENCE RELATIONS:
jobnr.    #modes  #successors   successors
   0        1          3           1   2   3
   1        1          3           4   5   6
   2        1          3           9  13  14
   3        1          3           4   6   7
   4        1          3          11  12  16
   5        1          3          10  12  17
   6        1          3           8  13  27
   7        1          3          13  21  24
   8        1          3          11  20  30
   9        1          1          10
  10        1          2          15  16
  11        1          2          15  23
  12        1          3          15  18  21
  13        1          3          20  22  23
  14        1          3          19  21  24
  15        1          1          29
  16        1          2          18  19
  17        1          3          18  20  24
  18        1          3          22  27  28
  19        1          2          22  26
  20        1          2          25  28
  21        1          2          23  26
  22        1          2          25  30
  23        1          1          28
  24        1          3          25  26  30
  25        1          1          29
  26        1          1          27
  27        1          1          29
  28        1          1          31
  29        1          1          31
  30        1          1          31
  31        1          0        
************************************************************************
REQUESTS/DURATIONS:
jobnr. mode duration  R 1  R 2  R 3  R 4  E(W 1)  E(W 2)
------------------------------------------------------------------------
  0      1     0       0    0    0    0     0       0
  1      1     2       0    9    0    0    18       0
  2      1     7       0    0    2    0     0      14
  3      1     9       8    6    0    3    126      27
  4      1     7       2    9    2    0    77      14
  5      1     6       8    0    2    0    48      12
  6      1     2       0    8    0    0    16       0
  7      1     2       0   10    7    0    20      14
  8      1     8       0    3    0    0    24       0
  9      1     6       1    0    0   10    12      60
 10      1     8      10    6    0    6    128      48
 11      1     2       7    3    0    0    20       0
 12      1     1       9    0    0    3     9       3
 13      1     9       9    0    3    9    81      108
 14      1     3       0    4    0    2    12       6
 15      1     7       0    9    5    0    63      35
 16      1     2       0    0    2    0     0       4
 17      1     3       0    0    5    9     0      42
 18      1     7       3    3    0    7    42      49
 19      1     8       0    2    0    9    16      72
 20      1     6       4    0    0    0    24       0
 21      1     6       0    0    2    0     0      12
 22      1     2       6   10    0    5    32      10
 23      1     3       4    7    0    0    33       0
 24      1     8       7    0    6    0    56      48
 25      1     6       6   10    5    0    96      30
 26      1     9       0    3    0    9    27      81
 27      1     4       0    0    0    8     0      32
 28      1     8       4    8    9   10    96      152
 29      1     2       0    4    0    5     8      10
 30      1     9       5    0    0    5    45      45
 31      1     0       0    0    0    0     0       0
************************************************************************
RESOURCEAVAILABILITIES:
  R 1  R 2
   29   23
************************************************************************
RESOURCE LIMITS:
jobnr.  l(R 1)  u(R 1)  l(R 2)  u(R 2)
------------------------------------------------------------------------
  0        0       0       0       0
  1        5       9       0       0
  2        0       0       1       2
  3        7      14       2       3
  4        6      11       1       2
  5        4       8       1       2
  6        4       8       0       0
  7        5      10       4       7
  8        2       3       0       0
  9        1       2       5      10
 10        8      16       3       6
 11        6      10       0       0
 12        5       9       2       3
 13        5       9       7      12
 14        2       4       1       2
 15        5       9       3       5
 16        0       0       1       2
 17        0       0       8      14
 18        4       6       4       7
 19        1       2       5       9
 20        2       4       0       0
 21        0       0       1       2
 22        8      16       3       5
 23        6      11       0       0
 24        4       7       3       6
 25        8      16       3       5
 26        2       3       5       9
 27        0       0       4       8
 28        6      12      10      19
 29        2       4       3       5
 30        3       5       3       5
 31        0       0       0       0
************************************************************************
SCENARIOS:
------------------------------------------------------------------------
RESOURCE k = 1
s = 1: (0, 20, 0, 149, 60, 29, 25, 28, 25, 13, 147, 18, 6, 77, 16, 108, 0, 0, 41, 13, 38, 0, 20, 46, 58, 118, 35, 0, 139, 11, 57, 0)
s = 2: (0, 17, 0, 125, 46, 35, 13, 16, 29, 12, 148, 13, 11, 110, 10, 66, 0, 0, 51, 12, 24, 0, 30, 22, 66, 123, 16, 0, 118, 9, 44, 0)
s = 3: (0, 16, 0, 207, 91, 51, 15, 12, 34, 13, 98, 18, 6, 58, 11, 57, 0, 0, 63, 20, 27, 0, 39, 24, 61, 66, 19, 0, 121, 7, 38, 0)
s = 4: (0, 16, 0, 230, 98, 56, 23, 16, 28, 14, 93, 18, 11, 73, 10, 47, 0, 0, 30, 11, 14, 0, 24, 26, 60, 117, 15, 0, 154, 8, 49, 0)
s = 5: (0, 22, 0, 200, 98, 40, 20, 13, 25, 13, 151, 15, 8, 96, 14, 51, 0, 0, 55, 11, 34, 0, 26, 52, 101, 102, 18, 0, 115, 10, 40, 0)
s = 6: (0, 12, 0, 163, 110, 54, 16, 20, 38, 10, 134, 18, 10, 45, 14, 50, 0, 0, 29, 10, 17, 0, 29, 35, 65, 121, 18, 0, 76, 10, 45, 0)
s = 7: (0, 18, 0, 95, 109, 37, 19, 18, 23, 13, 111, 11, 8, 97, 12, 70, 0, 0, 58, 29, 15, 0, 31, 25, 72, 97, 24, 0, 142, 7, 30, 0)
s = 8: (0, 18, 0, 114, 65, 28, 25, 21, 23, 8, 80, 12, 11, 64, 8, 63, 0, 0, 34, 14, 24, 0, 23, 37, 43, 84, 40, 0, 107, 8, 41, 0)
s = 9: (0, 11, 0, 116, 81, 46, 14, 16, 22, 13, 138, 13, 7, 122, 15, 93, 0, 0, 52, 11, 25, 0, 42, 21, 35, 110, 26, 0, 97, 8, 25, 0)
s = 10: (0, 17, 0, 123, 60, 32, 13, 27, 18, 13, 126, 12, 12, 82, 16, 82, 0, 0, 53, 14, 30, 0, 20, 19, 37, 112, 40, 0, 69, 5, 32, 0)
s = 11: (0, 12, 0, 151, 81, 47, 12, 16, 26, 13, 92, 17, 8, 57, 21, 65, 0, 0, 48, 21, 35, 0, 42, 33, 43, 143, 25, 0, 95, 9, 62, 0)
s = 12: (0, 11, 0, 96, 75, 40, 14, 22, 39, 9, 158, 29, 13, 89, 10, 47, 0, 0, 36, 16, 26, 0, 36, 22, 55, 63, 39, 0, 133, 14, 39, 0)
s = 13: (0, 12, 0, 154, 113, 36, 12, 21, 39, 12, 176, 20, 12, 100, 10, 68, 0, 0, 39, 13, 17, 0, 29, 46, 69, 66, 19, 0, 111, 7, 25, 0)
s = 14: (0, 19, 0, 196, 93, 47, 13, 25, 18, 10, 95, 19, 8, 100, 9, 58, 0, 0, 49, 13, 21, 0, 36, 49, 60, 110, 29, 0, 62, 7, 35, 0)
s = 15: (0, 11, 0, 138, 54, 39, 14, 21, 34, 14, 99, 14, 8, 58, 17, 46, 0, 0, 64, 27, 13, 0, 29, 35, 90, 80, 22, 0, 54, 10, 27, 0)
s = 16: (0, 26, 0, 105, 50, 81, 16, 14, 16, 11, 156, 31, 10, 65, 13, 49, 0, 0, 36, 22, 31, 0, 41, 33, 49, 77, 27, 0, 121, 7, 46, 0)
s = 17: (0, 13, 0, 156, 82, 52, 12, 18, 30, 18, 118, 19, 9, 72, 8, 57, 0, 0, 28, 14, 16, 0, 25, 25, 91, 130, 24, 0, 108, 7, 24, 0)
s = 18: (0, 24, 0, 162, 74, 47, 15, 17, 23, 14, 143, 21, 10, 81, 15, 36, 0, 0, 49, 23, 19, 0, 29, 44, 70, 80, 22, 0, 65, 12, 90, 0)
s = 19: (0, 12, 0, 114, 81, 33, 27, 18, 29, 12, 120, 18, 13, 98, 12, 47, 0, 0, 30, 11, 21, 0, 33, 22, 36, 114, 24, 0, 94, 7, 39, 0)
s = 20: (0, 16, 0, 122, 87, 69, 13, 31, 30, 23, 198, 21, 12, 69, 11, 45, 0, 0, 61, 21, 19, 0, 18, 43, 36, 84, 28, 0, 83, 5, 29, 0)
s = 21: (0, 15, 0, 97, 60, 69, 14, 21, 36, 12, 147, 15, 6, 84, 12, 71, 0, 0, 25, 21, 18, 0, 25, 30, 36, 68, 24, 0, 126, 8, 64, 0)
s = 22: (0, 16, 0, 188, 69, 49, 20, 15, 18, 8, 99, 32, 7, 70, 9, 45, 0, 0, 35, 19, 14, 0, 22, 43, 58, 102, 30, 0, 92, 6, 49, 0)
s = 23: (0, 18, 0, 94, 76, 47, 13, 29, 38, 12, 127, 26, 12, 74, 11, 68, 0, 0, 44, 18, 21, 0, 35, 34, 69, 101, 25, 0, 116, 11, 33, 0)
s = 24: (0, 18, 0, 144, 63, 37, 13, 17, 14, 8, 100, 13, 9, 75, 23, 72, 0, 0, 33, 18, 33, 0, 27, 28, 77, 58, 33, 0, 63, 9, 44, 0)
s = 25: (0, 19, 0, 160, 77, 35, 13, 29, 18, 8, 125, 25, 6, 79, 11, 35, 0, 0, 35, 14, 29, 0, 38, 29, 38, 88, 29, 0, 95, 6, 53, 0)
s = 26: (0, 24, 0, 164, 114, 52, 16, 23, 17, 11, 206, 23, 9, 88, 7, 79, 0, 0, 47, 10, 31, 0, 20, 22, 71, 105, 19, 0, 62, 6, 42, 0)
s = 27: (0, 27, 0, 156, 61, 66, 13, 27, 22, 14, 144, 32, 9, 65, 14, 46, 0, 0, 68, 12, 22, 0, 19, 45, 93, 81, 20, 0, 157, 5, 34, 0)
s = 28: (0, 20, 0, 132, 70, 75, 23, 21, 16, 11, 98, 19, 8, 72, 10, 73, 0, 0, 49, 15, 31, 0, 49, 44, 49, 127, 23, 0, 79, 11, 54, 0)
s = 29: (0, 12, 0, 179, 114, 35, 10, 27, 23, 10, 119, 25, 9, 78, 13, 57, 0, 0, 25, 10, 21, 0, 38, 34, 78, 79, 30, 0, 69, 7, 36, 0)
s = 30: (0, 24, 0, 118, 67, 55, 16, 28, 41, 14, 111, 26, 13, 55, 14, 97, 0, 0, 34, 15, 22, 0, 24, 23, 88, 67, 27, 0, 63, 5, 32, 0)
s = 31: (0, 16, 0, 122, 72, 73, 18, 33, 17, 20, 76, 15, 6, 122, 12, 69, 0, 0, 60, 11, 22, 0, 43, 43, 37, 94, 36, 0, 105, 7, 45, 0)
s = 32: (0, 22, 0, 88, 56, 66, 21, 17, 24, 13, 111, 22, 11, 97, 11, 63, 0, 0, 35, 12, 18, 0, 43, 32, 45, 74, 30, 0, 132, 13, 54, 0)
s = 33: (0, 19, 0, 108, 102, 37, 20, 24, 30, 9, 95, 24, 6, 55, 19, 42, 0, 0, 28, 17, 31, 0, 34, 61, 84, 98, 15, 0, 147, 9, 50, 0)
s = 34: (0, 15, 0, 132, 80, 63, 14, 21, 17, 11, 105, 21, 8, 68, 13, 70, 0, 0, 50, 20, 29, 0, 30, 43, 51, 55, 30, 0, 89, 10, 32, 0)
s = 35: (0, 24, 0, 182, 89, 28, 17, 19, 23, 10, 88, 18, 6, 81, 13, 123, 0, 0, 58, 18, 40, 0, 21, 20, 68, 64, 20, 0, 82, 7, 46, 0)
s = 36: (0, 19, 0, 87, 112, 38, 20, 26, 26, 14, 75, 13, 6, 63, 17, 45, 0, 0, 72, 18, 23, 0, 35, 29, 49, 108, 28, 0, 141, 12, 35, 0)
s = 37: (0, 27, 0, 134, 73, 42, 13, 17, 31, 15, 203, 20, 8, 61, 17, 57, 0, 0, 38, 20, 32, 0, 41, 33, 59, 70, 31, 0, 113, 6, 40, 0)
s = 38: (0, 15, 0, 93, 124, 65, 19, 29, 23, 14, 91, 25, 7, 86, 15, 44, 0, 0, 24, 17, 39, 0, 20, 30, 62, 110, 34, 0, 80, 9, 55, 0)
s = 39: (0, 14, 0, 121, 70, 50, 21, 22, 28, 10, 205, 14, 10, 99, 13, 110, 0, 0, 45, 13, 21, 0, 29, 47, 46, 65, 18, 0, 93, 11, 30, 0)
s = 40: (0, 13, 0, 216, 108, 39, 18, 19, 14, 13, 125, 25, 6, 127, 15, 48, 0, 0, 41, 11, 23, 0, 40, 19, 53, 158, 26, 0, 90, 11, 43, 0)
s = 41: (0, 23, 0, 75, 57, 78, 13, 17, 27, 7, 113, 23, 8, 73, 11, 60, 0, 0, 39, 14, 16, 0, 43, 27, 52, 115, 33, 0, 85, 7, 35, 0)
s = 42: (0, 14, 0, 135, 93, 60, 12, 15, 22, 15, 87, 12, 8, 77, 7, 45, 0, 0, 33, 23, 24, 0, 31, 36, 72, 115, 25, 0, 82, 9, 38, 0)
s = 43: (0, 20, 0, 120, 72, 46, 16, 23, 32, 12, 211, 17, 8, 120, 13, 49, 0, 0, 35, 14, 25, 0, 43, 36, 46, 86, 17, 0, 85, 9, 56, 0)
s = 44: (0, 15, 0, 168, 73, 34, 12, 22, 26, 14, 93, 19, 9, 74, 14, 39, 0, 0, 46, 15, 17, 0, 23, 23, 50, 122, 21, 0, 67, 7, 57, 0)
s = 45: (0, 18, 0, 125, 61, 81, 11, 18, 24, 10, 103, 27, 10, 90, 11, 77, 0, 0, 38, 19, 16, 0, 47, 26, 86, 101, 28, 0, 94, 5, 84, 0)
s = 46: (0, 17, 0, 175, 46, 74, 18, 17, 24, 12, 87, 19, 11, 67, 9, 68, 0, 0, 42, 11, 29, 0, 40, 29, 58, 87, 28, 0, 71, 6, 50, 0)
s = 47: (0, 16, 0, 103, 91, 34, 18, 12, 33, 13, 106, 21, 5, 48, 8, 65, 0, 0, 40, 19, 35, 0, 44, 56, 31, 133, 27, 0, 120, 6, 27, 0)
s = 48: (0, 16, 0, 187, 101, 39, 15, 29, 30, 11, 167, 28, 6, 133, 14, 41, 0, 0, 40, 12, 15, 0, 56, 25, 55, 97, 37, 0, 81, 11, 55, 0)
s = 49: (0, 18, 0, 185, 54, 46, 16, 16, 23, 7, 116, 26, 7, 56, 13, 50, 0, 0, 41, 11, 21, 0, 31, 34, 57, 88, 32, 0, 110, 10, 42, 0)
s = 50: (0, 14, 0, 67, 122, 68, 15, 21, 30, 9, 96, 21, 14, 108, 18, 79, 0, 0, 28, 12, 25, 0, 21, 34, 97, 94, 16, 0, 61, 9, 49, 0)
s = 51: (0, 14, 0, 109, 45, 67, 17, 17, 26, 9, 144, 24, 12, 71, 24, 83, 0, 0, 33, 13, 20, 0, 40, 33, 41, 69, 41, 0, 131, 12, 58, 0)
s = 52: (0, 16, 0, 137, 100, 47, 16, 26, 16, 11, 118, 15, 12, 63, 12, 65, 0, 0, 55, 12, 29, 0, 36, 48, 34, 113, 20, 0, 140, 6, 33, 0)
s = 53: (0, 13, 0, 197, 58, 38, 20, 23, 22, 12, 159, 22, 9, 68, 15, 41, 0, 0, 28, 16, 25, 0, 43, 31, 63, 127, 29, 0, 138, 10, 49, 0)
s = 54: (0, 10, 0, 114, 103, 36, 16, 16, 26, 11, 165, 19, 8, 137, 11, 43, 0, 0, 51, 29, 22, 0, 34, 32, 47, 111, 47, 0, 83, 5, 26, 0)
s = 55: (0, 18, 0, 126, 144, 80, 31, 20, 18, 12, 110, 16, 9, 97, 11, 64, 0, 0, 55, 12, 20, 0, 26, 43, 39, 96, 28, 0, 90, 7, 26, 0)
s = 56: (0, 14, 0, 164, 50, 50, 14, 20, 33, 15, 138, 21, 10, 66, 14, 58, 0, 0, 37, 22, 24, 0, 31, 33, 75, 134, 22, 0, 142, 10, 37, 0)
s = 57: (0, 23, 0, 151, 62, 28, 20, 15, 17, 9, 119, 18, 11, 115, 13, 41, 0, 0, 57, 13, 19, 0, 23, 43, 38, 93, 17, 0, 67, 6, 44, 0)
s = 58: (0, 15, 0, 128, 66, 73, 14, 27, 25, 13, 176, 21, 8, 88, 7, 66, 0, 0, 42, 21, 23, 0, 20, 28, 73, 62, 27, 0, 76, 12, 45, 0)
s = 59: (0, 15, 0, 123, 84, 61, 18, 19, 24, 11, 111, 17, 6, 77, 16, 50, 0, 0, 33, 24, 34, 0, 52, 23, 93, 119, 26, 0, 112, 10, 27, 0)
s = 60: (0, 18, 0, 126, 61, 32, 9, 28, 33, 16, 93, 20, 11, 76, 10, 56, 0, 0, 24, 14, 34, 0, 21, 36, 73, 110, 28, 0, 72, 6, 65, 0)
s = 61: (0, 14, 0, 74, 67, 27, 21, 31, 17, 10, 205, 17, 11, 46, 13, 70, 0, 0, 25, 14, 28, 0, 33, 26, 40, 58, 34, 0, 82, 7, 28, 0)
s = 62: (0, 20, 0, 153, 81, 38, 12, 21, 25, 18, 177, 13, 14, 140, 16, 84, 0, 0, 33, 13, 27, 0, 28, 28, 68, 61, 37, 0, 98, 8, 48, 0)
s = 63: (0, 17, 0, 153, 94, 41, 14, 11, 15, 18, 119, 17, 8, 77, 11, 39, 0, 0, 67, 21, 19, 0, 40, 59, 80, 64, 21, 0, 84, 6, 44, 0)
s = 64: (0, 20, 0, 120, 51, 70, 17, 25, 34, 11, 107, 13, 17, 72, 9, 73, 0, 0, 59, 11, 30, 0, 29, 22, 60, 135, 48, 0, 94, 10, 34, 0)
s = 65: (0, 14, 0, 147, 143, 30, 18, 15, 36, 14, 144, 19, 10, 57, 13, 39, 0, 0, 25, 13, 17, 0, 38, 47, 64, 78, 25, 0, 123, 9, 38, 0)
s = 66: (0, 15, 0, 123, 119, 66, 17, 15, 28, 12, 91, 38, 7, 78, 18, 60, 0, 0, 63, 19, 29, 0, 40, 47, 72, 145, 27, 0, 52, 9, 26, 0)
s = 67: (0, 17, 0, 142, 123, 54, 10, 13, 26, 12, 95, 25, 14, 63, 9, 35, 0, 0, 37, 15, 16, 0, 35, 36, 33, 71, 30, 0, 69, 6, 34, 0)
s = 68: (0, 15, 0, 66, 83, 36, 15, 19, 18, 9, 157, 25, 13, 85, 13, 85, 0, 0, 25, 11, 37, 0, 37, 21, 62, 104, 19, 0, 93, 7, 32, 0)
s = 69: (0, 17, 0, 138, 102, 44, 12, 18, 36, 9, 133, 23, 10, 65, 16, 46, 0, 0, 43, 16, 33, 0, 31, 34, 71, 91, 26, 0, 109, 7, 36, 0)
s = 70: (0, 25, 0, 104, 83, 28, 17, 23, 16, 9, 93, 21, 11, 75, 17, 62, 0, 0, 53, 10, 38, 0, 23, 36, 53, 85, 33, 0, 99, 12, 32, 0)
s = 71: (0, 11, 0, 143, 50, 64, 9, 31, 35, 16, 164, 16, 9, 68, 14, 40, 0, 0, 25, 25, 24, 0, 19, 31, 71, 128, 27, 0, 86, 10, 44, 0)
s = 72: (0, 17, 0, 111, 51, 31, 16, 20, 22, 18, 114, 23, 13, 85, 17, 61, 0, 0, 46, 22, 17, 0, 30, 22, 90, 121, 27, 0, 72, 11, 60, 0)
s = 73: (0, 24, 0, 126, 90, 57, 13, 19, 40, 15, 160, 20, 11, 90, 13, 43, 0, 0, 64, 11, 18, 0, 28, 44, 54, 101, 36, 0, 106, 6, 36, 0)
s = 74: (0, 16, 0, 123, 138, 64, 21, 23, 35, 7, 87, 16, 8, 69, 10, 54, 0, 0, 25, 13, 16, 0, 35, 25, 51, 81, 25, 0, 79, 10, 40, 0)
s = 75: (0, 26, 0, 214, 57, 33, 11, 23, 19, 14, 114, 11, 17, 74, 11, 83, 0, 0, 45, 18, 32, 0, 23, 29, 72, 79, 19, 0, 102, 8, 38, 0)
s = 76: (0, 16, 0, 116, 71, 42, 10, 22, 28, 16, 161, 26, 6, 88, 8, 87, 0, 0, 39, 18, 18, 0, 28, 39, 49, 109, 30, 0, 51, 7, 59, 0)
s = 77: (0, 20, 0, 133, 86, 47, 25, 23, 21, 14, 192, 24, 14, 50, 10, 58, 0, 0, 34, 15, 17, 0, 23, 24, 77, 80, 37, 0, 87, 8, 65, 0)
s = 78: (0, 17, 0, 222, 52, 35, 20, 14, 17, 8, 178, 27, 8, 89, 10, 57, 0, 0, 58, 28, 21, 0, 41, 28, 86, 71, 29, 0, 110, 8, 39, 0)
s = 79: (0, 23, 0, 109, 78, 41, 13, 26, 15, 9, 145, 26, 17, 73, 17, 72, 0, 0, 32, 24, 24, 0, 27, 36, 83, 72, 25, 0, 122, 7, 52, 0)
s = 80: (0, 14, 0, 86, 82, 48, 10, 16, 25, 13, 174, 18, 11, 89, 19, 71, 0, 0, 55, 10, 17, 0, 24, 28, 65, 128, 42, 0, 82, 7, 32, 0)
s = 81: (0, 14, 0, 163, 101, 84, 20, 27, 20, 11, 222, 28, 15, 51, 18, 51, 0, 0, 55, 13, 19, 0, 19, 43, 49, 126, 23, 0, 69, 10, 32, 0)
s = 82: (0, 20, 0, 92, 59, 39, 15, 27, 17, 8, 107, 25, 11, 74, 16, 83, 0, 0, 41, 15, 27, 0, 25, 55, 74, 80, 25, 0, 112, 11, 44, 0)
s = 83: (0, 29, 0, 93, 131, 67, 15, 16, 23, 15, 89, 13, 8, 85, 19, 42, 0, 0, 42, 19, 25, 0, 56, 26, 62, 68, 18, 0, 60, 7, 31, 0)
s = 84: (0, 14, 0, 167, 64, 41, 14, 21, 18, 9, 104, 11, 13, 49, 9, 74, 0, 0, 23, 15, 41, 0, 55, 24, 83, 79, 33, 0, 85, 8, 39, 0)
s = 85: (0, 20, 0, 98, 63, 88, 11, 20, 21, 13, 155, 18, 11, 93, 15, 44, 0, 0, 56, 24, 35, 0, 36, 26, 46, 72, 35, 0, 89, 7, 29, 0)
s = 86: (0, 18, 0, 71, 105, 37, 12, 14, 20, 12, 117, 22, 9, 81, 14, 59, 0, 0, 56, 14, 17, 0, 32, 40, 73, 71, 30, 0, 162, 8, 46, 0)
s = 87: (0, 14, 0, 75, 52, 59, 12, 26, 26, 16, 98, 20, 8, 85, 10, 66, 0, 0, 34, 13, 26, 0, 21, 19, 61, 98, 32, 0, 138, 8, 37, 0)
s = 88: (0, 19, 0, 110, 66, 64, 14, 15, 42, 9, 85, 23, 11, 89, 14, 51, 0, 0, 37, 18, 34, 0, 37, 22, 62, 93, 27, 0, 60, 9, 34, 0)
s = 89: (0, 14, 0, 82, 67, 52, 15, 28, 26, 13, 196, 24, 7, 80, 16, 59, 0, 0, 48, 20, 16, 0, 21, 42, 54, 69, 40, 0, 111, 8, 45, 0)
s = 90: (0, 13, 0, 146, 80, 41, 16, 26, 19, 12, 178, 22, 11, 85, 14, 39, 0, 0, 26, 21, 16, 0, 35, 37, 74, 116, 26, 0, 88, 9, 32, 0)
s = 91: (0, 19, 0, 67, 91, 33, 22, 22, 35, 12, 78, 24, 11, 66, 11, 60, 0, 0, 42, 16, 18, 0, 36, 34, 66, 94, 18, 0, 137, 9, 31, 0)
s = 92: (0, 16, 0, 138, 83, 61, 18, 26, 28, 12, 110, 20, 6, 84, 14, 96, 0, 0, 39, 19, 30, 0, 42, 28, 50, 100, 30, 0, 91, 5, 57, 0)
s = 93: (0, 12, 0, 106, 136, 51, 19, 27, 25, 9, 112, 19, 11, 79, 12, 58, 0, 0, 40, 14, 35, 0, 20, 26, 63, 87, 44, 0, 73, 6, 33, 0)
s = 94: (0, 21, 0, 93, 61, 38, 18, 19, 28, 10, 122, 20, 9, 110, 8, 65, 0, 0, 42, 14, 25, 0, 35, 24, 85, 56, 34, 0, 106, 9, 44, 0)
s = 95: (0, 14, 0, 79, 88, 63, 24, 12, 18, 16, 152, 25, 12, 110, 11, 40, 0, 0, 40, 12, 26, 0, 26, 22, 66, 104, 30, 0, 79, 10, 45, 0)
s = 96: (0, 13, 0, 107, 83, 30, 9, 20, 25, 8, 109, 21, 7, 86, 9, 75, 0, 0, 34, 16, 30, 0, 32, 29, 53, 67, 40, 0, 96, 7, 71, 0)
s = 97: (0, 19, 0, 86, 96, 43, 18, 39, 26, 9, 97, 17, 8, 95, 10, 100, 0, 0, 27, 16, 21, 0, 19, 36, 74, 80, 20, 0, 88, 5, 60, 0)
s = 98: (0, 24, 0, 115, 73, 48, 21, 23, 25, 16, 91, 28, 8, 61, 15, 49, 0, 0, 34, 13, 18, 0, 29, 33, 60, 80, 27, 0, 107, 9, 76, 0)
s = 99: (0, 15, 0, 129, 68, 63, 12, 22, 17, 15, 98, 17, 10, 67, 14, 44, 0, 0, 44, 12, 32, 0, 23, 45, 51, 70, 22, 0, 69, 10, 55, 0)
s = 100: (0, 13, 0, 173, 51, 33, 21, 16, 17, 16, 218, 14, 9, 97, 12, 44, 0, 0, 47, 20, 23, 0, 49, 24, 103, 61, 27, 0, 118, 10, 34, 0)
s = 101: (0, 27, 0, 97, 57, 50, 13, 25, 20, 14, 136, 21, 13, 51, 12, 34, 0, 0, 37, 13, 39, 0, 39, 35, 47, 116, 34, 0, 117, 9, 33, 0)
s = 102: (0, 15, 0, 205, 76, 42, 26, 23, 24, 12, 124, 25, 9, 78, 9, 68, 0, 0, 39, 21, 30, 0, 21, 50, 42, 94, 22, 0, 111, 14, 39, 0)
s = 103: (0, 18, 0, 130, 127, 31, 16, 27, 15, 18, 234, 11, 6, 53, 13, 97, 0, 0, 50, 19, 19, 0, 40, 38, 66, 76, 19, 0, 67, 8, 43, 0)
s = 104: (0, 20, 0, 136, 67, 74, 23, 16, 30, 9, 147, 14, 10, 80, 12, 48, 0, 0, 32, 12, 28, 0, 43, 31, 72, 101, 30, 0, 75, 10, 57, 0)
s = 105: (0, 17, 0, 99, 107, 65, 12, 18, 21, 14, 115, 14, 10, 57, 13, 44, 0, 0, 49, 15, 25, 0, 42, 41, 53, 80, 29, 0, 63, 7, 70, 0)
s = 106: (0, 11, 0, 118, 104, 37, 17, 23, 26, 9, 79, 23, 11, 93, 12, 58, 0, 0, 51, 20, 18, 0, 20, 27, 55, 53, 33, 0, 68, 7, 68, 0)
s = 107: (0, 21, 0, 98, 59, 79, 22, 22, 19, 10, 94, 33, 6, 135, 15, 87, 0, 0, 28, 14, 27, 0, 45, 27, 62, 99, 35, 0, 69, 8, 48, 0)
s = 108: (0, 17, 0, 167, 49, 67, 15, 26, 26, 12, 100, 16, 11, 73, 14, 58, 0, 0, 42, 17, 28, 0, 39, 24, 37, 105, 24, 0, 139, 8, 52, 0)
s = 109: (0, 21, 0, 70, 88, 43, 15, 33, 20, 7, 102, 27, 6, 84, 18, 51, 0, 0, 33, 15, 30, 0, 45, 21, 35, 144, 31, 0, 83, 11, 61, 0)
s = 110: (0, 15, 0, 137, 79, 73, 21, 24, 20, 13, 198, 23, 7, 62, 10, 81, 0, 0, 50, 21, 26, 0, 44, 29, 50, 69, 24, 0, 133, 7, 62, 0)
s = 111: (0, 16, 0, 84, 83, 46, 25, 32, 25, 14, 91, 21, 11, 128, 12, 58, 0, 0, 55, 16, 19, 0, 25, 36, 56, 57, 23, 0, 73, 9, 36, 0)
s = 112: (0, 19, 0, 198, 48, 40, 13, 20, 22, 19, 100, 23, 11, 52, 11, 89, 0, 0, 36, 9, 19, 0, 33, 36, 62, 87, 36, 0, 70, 13, 35, 0)
s = 113: (0, 32, 0, 96, 41, 38, 25, 20, 27, 17, 123, 21, 6, 134, 12, 51, 0, 0, 29, 10, 41, 0, 56, 38, 55, 118, 25, 0, 83, 8, 28, 0)
s = 114: (0, 21, 0, 156, 104, 71, 20, 16, 20, 10, 124, 20, 5, 56, 16, 82, 0, 0, 62, 13, 35, 0, 28, 38, 71, 105, 20, 0, 108, 10, 29, 0)
s = 115: (0, 15, 0, 140, 118, 69, 10, 18, 19, 9, 115, 17, 15, 107, 10, 42, 0, 0, 53, 15, 22, 0, 43, 26, 52, 100, 21, 0, 85, 7, 36, 0)
s = 116: (0, 13, 0, 90, 60, 54, 26, 22, 31, 9, 111, 19, 15, 105, 20, 94, 0, 0, 26, 13, 20, 0, 32, 23, 65, 69, 41, 0, 80, 5, 50, 0)
s = 117: (0, 16, 0, 148, 110, 38, 18, 15, 30, 12, 119, 12, 12, 52, 13, 74, 0, 0, 45, 17, 29, 0, 37, 31, 63, 143, 38, 0, 117, 9, 30, 0)
s = 118: (0, 24, 0, 155, 66, 45, 17, 20, 30, 14, 99, 16, 11, 47, 11, 37, 0, 0, 24, 17, 22, 0, 24, 43, 67, 61, 18, 0, 78, 7, 38, 0)
s = 119: (0, 19, 0, 116, 77, 49, 25, 16, 18, 12, 109, 14, 12, 85, 10, 41, 0, 0, 51, 22, 20, 0, 32, 40, 62, 97, 36, 0, 80, 7, 33, 0)
s = 120: (0, 20, 0, 135, 49, 63, 18, 25, 16, 14, 146, 21, 12, 126, 13, 43, 0, 0, 41, 16, 32, 0, 27, 41, 82, 54, 46, 0, 105, 5, 38, 0)
s = 121: (0, 22, 0, 117, 48, 57, 15, 20, 18, 13, 143, 25, 11, 74, 19, 46, 0, 0, 50, 16, 21, 0, 19, 51, 69, 78, 24, 0, 93, 13, 43, 0)
s = 122: (0, 10, 0, 134, 120, 52, 14, 25, 27, 11, 84, 28, 10, 102, 15, 108, 0, 0, 22, 13, 23, 0, 41, 43, 74, 127, 21, 0, 72, 11, 38, 0)
s = 123: (0, 29, 0, 138, 112, 62, 12, 15, 24, 12, 140, 18, 7, 75, 23, 102, 0, 0, 38, 14, 20, 0, 24, 39, 33, 119, 27, 0, 103, 7, 69, 0)
s = 124: (0, 22, 0, 73, 109, 46, 15, 18, 30, 15, 110, 26, 15, 83, 12, 38, 0, 0, 50, 20, 23, 0, 23, 42, 64, 96, 36, 0, 64, 9, 39, 0)
s = 125: (0, 14, 0, 109, 44, 42, 14, 14, 21, 10, 116, 21, 18, 57, 8, 77, 0, 0, 49, 27, 18, 0, 30, 27, 39, 90, 24, 0, 60, 6, 35, 0)
s = 126: (0, 19, 0, 113, 104, 50, 20, 17, 33, 14, 68, 25, 7, 61, 9, 66, 0, 0, 36, 12, 16, 0, 48, 30, 53, 97, 21, 0, 103, 9, 32, 0)
s = 127: (0, 20, 0, 110, 133, 58, 16, 26, 28, 8, 163, 23, 10, 82, 11, 52, 0, 0, 31, 13, 22, 0, 31, 29, 48, 88, 33, 0, 101, 13, 55, 0)
s = 128: (0, 12, 0, 148, 67, 68, 12, 14, 24, 11, 131, 18, 11, 55, 11, 78, 0, 0, 53, 21, 23, 0, 22, 26, 54, 82, 23, 0, 91, 15, 36, 0)
s = 129: (0, 14, 0, 130, 52, 41, 9, 16, 33, 12, 165, 19, 11, 65, 17, 55, 0, 0, 65, 15, 15, 0, 32, 33, 57, 86, 23, 0, 106, 10, 24, 0)
s = 130: (0, 15, 0, 158, 92, 29, 20, 23, 16, 11, 121, 13, 13, 100, 10, 60, 0, 0, 61, 11, 29, 0, 28, 38, 66, 128, 24, 0, 99, 6, 29, 0)
s = 131: (0, 16, 0, 125, 130, 47, 14, 26, 22, 14, 108, 20, 9, 95, 10, 44, 0, 0, 80, 10, 33, 0, 31, 32, 56, 83, 28, 0, 60, 6, 77, 0)
s = 132: (0, 15, 0, 91, 90, 37, 20, 20, 19, 10, 114, 14, 7, 54, 11, 71, 0, 0, 29, 26, 34, 0, 28, 59, 58, 73, 29, 0, 130, 8, 75, 0)
s = 133: (0, 15, 0, 117, 121, 26, 12, 16, 32, 20, 154, 35, 9, 98, 11, 41, 0, 0, 52, 15, 30, 0, 22, 33, 47, 82, 33, 0, 98, 8, 48, 0)
s = 134: (0, 18, 0, 127, 121, 38, 16, 23, 24, 13, 194, 15, 9, 44, 18, 65, 0, 0, 51, 22, 28, 0, 34, 44, 71, 64, 15, 0, 100, 9, 52, 0)
s = 135: (0, 15, 0, 129, 119, 52, 18, 27, 16, 18, 162, 26, 9, 91, 11, 74, 0, 0, 35, 18, 26, 0, 33, 40, 42, 133, 42, 0, 110, 6, 47, 0)
s = 136: (0, 19, 0, 98, 59, 50, 19, 30, 17, 12, 89, 19, 6, 128, 13, 75, 0, 0, 65, 18, 23, 0, 36, 37, 54, 119, 25, 0, 67, 10, 33, 0)
s = 137: (0, 21, 0, 102, 131, 47, 12, 20, 19, 10, 90, 28, 9, 77, 13, 62, 0, 0, 37, 20, 19, 0, 35, 31, 46, 71, 20, 0, 71, 12, 62, 0)
s = 138: (0, 30, 0, 148, 84, 64, 25, 17, 19, 16, 127, 12, 8, 64, 16, 73, 0, 0, 46, 11, 23, 0, 24, 26, 37, 71, 21, 0, 66, 6, 35, 0)
s = 139: (0, 22, 0, 80, 85, 32, 23, 16, 19, 13, 198, 20, 7, 98, 20, 36, 0, 0, 56, 25, 32, 0, 21, 31, 65, 115, 28, 0, 75, 8, 56, 0)
s = 140: (0, 12, 0, 147, 64, 35, 14, 26, 25, 11, 101, 19, 9, 103, 9, 39, 0, 0, 32, 10, 28, 0, 44, 44, 40, 124, 32, 0, 128, 13, 64, 0)
s = 141: (0, 12, 0, 181, 102, 49, 14, 34, 40, 11, 146, 31, 10, 68, 11, 46, 0, 0, 34, 16, 30, 0, 29, 41, 58, 97, 34, 0, 82, 6, 59, 0)
s = 142: (0, 22, 0, 135, 114, 57, 23, 28, 39, 17, 149, 18, 9, 47, 8, 46, 0, 0, 39, 15, 22, 0, 31, 51, 56, 101, 27, 0, 116, 11, 27, 0)
s = 143: (0, 20, 0, 108, 51, 27, 17, 40, 14, 13, 127, 16, 11, 74, 11, 36, 0, 0, 38, 30, 31, 0, 56, 35, 44, 114, 25, 0, 83, 7, 29, 0)
s = 144: (0, 24, 0, 129, 98, 34, 11, 25, 29, 10, 105, 28, 12, 65, 10, 97, 0, 0, 35, 19, 15, 0, 25, 33, 59, 125, 23, 0, 116, 6, 65, 0)
s = 145: (0, 17, 0, 106, 78, 51, 20, 18, 25, 18, 163, 28, 17, 58, 13, 44, 0, 0, 63, 15, 27, 0, 49, 45, 65, 111, 25, 0, 111, 6, 61, 0)
s = 146: (0, 19, 0, 79, 111, 39, 14, 19, 19, 10, 133, 27, 10, 59, 13, 59, 0, 0, 53, 23, 15, 0, 20, 46, 40, 104, 22, 0, 159, 6, 55, 0)
s = 147: (0, 18, 0, 110, 126, 34, 14, 27, 30, 14, 87, 17, 9, 134, 11, 44, 0, 0, 63, 22, 19, 0, 25, 46, 91, 101, 18, 0, 85, 9, 46, 0)
s = 148: (0, 13, 0, 173, 68, 54, 19, 13, 20, 13, 175, 22, 9, 63, 15, 54, 0, 0, 45, 25, 28, 0, 46, 30, 46, 113, 28, 0, 74, 11, 27, 0)
s = 149: (0, 12, 0, 124, 73, 44, 11, 19, 23, 9, 117, 20, 7, 49, 15, 93, 0, 0, 50, 15, 34, 0, 32, 23, 54, 115, 37, 0, 81, 6, 25, 0)
s = 150: (0, 12, 0, 168, 72, 50, 23, 11, 20, 14, 72, 12, 8, 71, 11, 69, 0, 0, 37, 14, 14, 0, 31, 44, 55, 132, 43, 0, 115, 8, 60, 0)
s = 151: (0, 13, 0, 108, 84, 46, 21, 14, 35, 11, 146, 17, 8, 77, 9, 43, 0, 0, 49, 18, 22, 0, 26, 25, 85, 75, 19, 0, 91, 7, 58, 0)
s = 152: (0, 20, 0, 107, 55, 35, 18, 16, 20, 10, 195, 20, 14, 67, 17, 70, 0, 0, 39, 10, 26, 0, 22, 29, 65, 148, 29, 0, 123, 8, 45, 0)
s = 153: (0, 30, 0, 76, 82, 34, 11, 14, 22, 11, 107, 18, 11, 69, 12, 67, 0, 0, 42, 21, 43, 0, 36, 44, 62, 130, 24, 0, 105, 12, 46, 0)
s = 154: (0, 14, 0, 178, 77, 51, 19, 17, 22, 15, 149, 20, 14, 98, 9, 55, 0, 0, 26, 26, 31, 0, 34, 25, 57, 62, 18, 0, 57, 12, 42, 0)
s = 155: (0, 13, 0, 164, 59, 56, 15, 23, 20, 8, 101, 14, 15, 114, 12, 48, 0, 0, 28, 19, 21, 0, 29, 36, 67, 109, 17, 0, 115, 11, 62, 0)
s = 156: (0, 15, 0, 116, 83, 78, 19, 22, 30, 11, 125, 12, 11, 61, 11, 46, 0, 0, 30, 24, 27, 0, 31, 39, 34, 51, 34, 0, 97, 6, 62, 0)
s = 157: (0, 20, 0, 123, 115, 27, 16, 13, 17, 18, 109, 14, 8, 63, 13, 75, 0, 0, 34, 30, 30, 0, 23, 33, 90, 117, 30, 0, 95, 5, 41, 0)
s = 158: (0, 32, 0, 72, 88, 41, 17, 19, 15, 15, 125, 22, 7, 92, 17, 55, 0, 0, 32, 21, 33, 0, 26, 24, 48, 112, 23, 0, 83, 10, 66, 0)
s = 159: (0, 19, 0, 107, 67, 46, 16, 16, 32, 11, 93, 19, 15, 83, 8, 38, 0, 0, 31, 14, 33, 0, 37, 51, 60, 68, 20, 0, 105, 6, 31, 0)
s = 160: (0, 24, 0, 98, 101, 63, 21, 15, 24, 11, 140, 14, 8, 85, 14, 43, 0, 0, 51, 10, 18, 0, 21, 29, 38, 126, 18, 0, 91, 7, 42, 0)
s = 161: (0, 14, 0, 149, 114, 58, 23, 22, 23, 13, 66, 21, 7, 72, 14, 104, 0, 0, 73, 17, 39, 0, 36, 33, 38, 161, 20, 0, 100, 8, 86, 0)
s = 162: (0, 18, 0, 184, 72, 41, 11, 23, 41, 10, 140, 20, 12, 78, 13, 79, 0, 0, 45, 21, 27, 0, 22, 30, 64, 114, 40, 0, 74, 7, 34, 0)
s = 163: (0, 20, 0, 79, 72, 32, 12, 14, 18, 14, 93, 30, 11, 52, 12, 64, 0, 0, 38, 20, 39, 0, 25, 29, 44, 92, 18, 0, 73, 5, 34, 0)
s = 164: (0, 17, 0, 211, 68, 51, 20, 14, 17, 14, 194, 15, 10, 93, 12, 65, 0, 0, 35, 24, 16, 0, 45, 32, 63, 124, 18, 0, 86, 7, 36, 0)
s = 165: (0, 19, 0, 202, 50, 55, 14, 15, 25, 16, 127, 25, 11, 81, 13, 75, 0, 0, 30, 17, 27, 0, 20, 58, 49, 99, 19, 0, 113, 8, 35, 0)
s = 166: (0, 22, 0, 144, 69, 43, 15, 14, 20, 11, 100, 18, 10, 90, 12, 49, 0, 0, 44, 12, 31, 0, 38, 20, 67, 66, 39, 0, 102, 6, 61, 0)
s = 167: (0, 18, 0, 98, 111, 69, 11, 17, 24, 19, 167, 17, 7, 69, 16, 63, 0, 0, 44, 17, 21, 0, 35, 31, 70, 68, 23, 0, 81, 7, 30, 0)
s = 168: (0, 27, 0, 117, 87, 63, 14, 15, 16, 21, 139, 14, 9, 92, 15, 79, 0, 0, 26, 17, 21, 0, 36, 22, 51, 80, 30, 0, 72, 6, 33, 0)
s = 169: (0, 18, 0, 118, 74, 61, 23, 15, 23, 17, 108, 16, 12, 63, 12, 84, 0, 0, 44, 15, 26, 0, 30, 44, 88, 112, 24, 0, 113, 9, 31, 0)
s = 170: (0, 21, 0, 101, 60, 39, 24, 22, 17, 15, 194, 13, 9, 73, 14, 48, 0, 0, 29, 16, 19, 0, 35, 47, 74, 104, 35, 0, 125, 12, 41, 0)
s = 171: (0, 16, 0, 101, 75, 54, 11, 13, 31, 14, 152, 31, 11, 83, 13, 40, 0, 0, 35, 9, 15, 0, 30, 28, 46, 83, 18, 0, 60, 9, 59, 0)
s = 172: (0, 20, 0, 134, 84, 58, 25, 19, 17, 20, 105, 20, 10, 96, 8, 73, 0, 0, 39, 22, 16, 0, 34, 19, 42, 102, 29, 0, 122, 6, 38, 0)
s = 173: (0, 16, 0, 158, 68, 53, 22, 17, 23, 11, 81, 24, 9, 77, 12, 46, 0, 0, 38, 24, 18, 0, 35, 42, 34, 83, 22, 0, 82, 7, 38, 0)
s = 174: (0, 17, 0, 188, 90, 52, 22, 22, 27, 10, 116, 31, 12, 120, 13, 64, 0, 0, 40, 17, 33, 0, 27, 37, 34, 94, 18, 0, 130, 14, 47, 0)
s = 175: (0, 20, 0, 147, 66, 61, 12, 18, 24, 14, 191, 21, 13, 73, 19, 88, 0, 0, 49, 27, 25, 0, 33, 32, 56, 183, 19, 0, 104, 8, 28, 0)
s = 176: (0, 10, 0, 92, 50, 26, 18, 18, 32, 14, 178, 12, 9, 48, 20, 45, 0, 0, 29, 17, 27, 0, 32, 34, 44, 57, 17, 0, 112, 7, 27, 0)
s = 177: (0, 15, 0, 86, 49, 57, 22, 18, 20, 14, 117, 22, 14, 117, 12, 50, 0, 0, 43, 19, 24, 0, 37, 33, 63, 99, 26, 0, 85, 9, 60, 0)
s = 178: (0, 26, 0, 93, 67, 39, 29, 13, 40, 9, 149, 31, 7, 82, 7, 35, 0, 0, 48, 12, 30, 0, 39, 33, 69, 69, 31, 0, 124, 9, 31, 0)
s = 179: (0, 10, 0, 177, 124, 63, 15, 22, 29, 9, 103, 21, 6, 63, 9, 60, 0, 0, 52, 16, 29, 0, 42, 38, 47, 91, 26, 0, 92, 9, 66, 0)
s = 180: (0, 32, 0, 186, 56, 30, 13, 18, 16, 8, 130, 20, 9, 51, 12, 73, 0, 0, 32, 10, 19, 0, 46, 48, 44, 125, 18, 0, 62, 10, 37, 0)
s = 181: (0, 20, 0, 106, 94, 54, 17, 15, 29, 11, 112, 21, 6, 82, 15, 51, 0, 0, 43, 22, 17, 0, 32, 30, 81, 130, 25, 0, 109, 8, 46, 0)
s = 182: (0, 13, 0, 102, 97, 45, 11, 15, 22, 12, 144, 14, 13, 95, 14, 38, 0, 0, 44, 11, 20, 0, 36, 37, 62, 156, 16, 0, 149, 7, 77, 0)
s = 183: (0, 16, 0, 79, 61, 28, 10, 27, 28, 9, 189, 25, 9, 129, 16, 73, 0, 0, 27, 18, 27, 0, 24, 39, 61, 97, 29, 0, 87, 8, 41, 0)
s = 184: (0, 20, 0, 84, 83, 52, 16, 26, 24, 16, 111, 19, 9, 47, 12, 91, 0, 0, 61, 23, 31, 0, 39, 33, 53, 118, 19, 0, 107, 9, 53, 0)
s = 185: (0, 24, 0, 86, 77, 52, 16, 29, 19, 9, 86, 17, 9, 113, 9, 78, 0, 0, 33, 14, 29, 0, 43, 23, 64, 116, 30, 0, 98, 6, 42, 0)
s = 186: (0, 22, 0, 158, 88, 74, 12, 24, 15, 14, 104, 21, 6, 103, 20, 60, 0, 0, 50, 19, 18, 0, 34, 23, 84, 77, 33, 0, 119, 5, 61, 0)
s = 187: (0, 18, 0, 77, 63, 58, 13, 23, 31, 7, 76, 15, 8, 79, 14, 61, 0, 0, 40, 16, 34, 0, 29, 24, 49, 104, 30, 0, 91, 12, 41, 0)
s = 188: (0, 26, 0, 70, 122, 37, 15, 21, 43, 16, 215, 16, 10, 77, 18, 67, 0, 0, 47, 28, 30, 0, 34, 25, 32, 133, 29, 0, 115, 8, 46, 0)
s = 189: (0, 25, 0, 75, 68, 38, 20, 20, 15, 9, 140, 18, 8, 109, 14, 98, 0, 0, 33, 13, 25, 0, 37, 25, 49, 131, 33, 0, 165, 11, 34, 0)
s = 190: (0, 21, 0, 65, 57, 80, 15, 17, 40, 12, 72, 14, 6, 110, 8, 75, 0, 0, 28, 18, 17, 0, 25, 29, 41, 64, 28, 0, 93, 6, 29, 0)
s = 191: (0, 13, 0, 106, 88, 50, 22, 27, 19, 11, 84, 17, 8, 59, 12, 33, 0, 0, 26, 15, 25, 0, 36, 45, 35, 49, 41, 0, 110, 10, 60, 0)
s = 192: (0, 30, 0, 216, 62, 35, 13, 21, 18, 8, 156, 20, 13, 78, 11, 49, 0, 0, 38, 15, 35, 0, 29, 29, 51, 98, 29, 0, 87, 10, 29, 0)
s = 193: (0, 13, 0, 104, 60, 32, 22, 34, 23, 9, 84, 25, 6, 80, 17, 64, 0, 0, 32, 17, 28, 0, 18, 28, 51, 83, 28, 0, 62, 7, 61, 0)
s = 194: (0, 20, 0, 68, 65, 49, 22, 22, 19, 11, 99, 21, 10, 74, 9, 63, 0, 0, 50, 16, 33, 0, 39, 47, 62, 127, 18, 0, 94, 6, 37, 0)
s = 195: (0, 24, 0, 113, 103, 54, 11, 16, 33, 15, 212, 20, 8, 43, 10, 68, 0, 0, 36, 13, 16, 0, 25, 28, 43, 150, 19, 0, 85, 5, 45, 0)
s = 196: (0, 21, 0, 101, 61, 50, 22, 12, 34, 14, 99, 16, 9, 58, 10, 79, 0, 0, 43, 22, 26, 0, 29, 38, 48, 101, 31, 0, 103, 9, 32, 0)
s = 197: (0, 20, 0, 96, 101, 26, 23, 19, 24, 12, 165, 15, 13, 62, 13, 59, 0, 0, 32, 18, 38, 0, 32, 30, 66, 81, 43, 0, 69, 7, 45, 0)
s = 198: (0, 17, 0, 89, 60, 26, 24, 26, 37, 16, 121, 27, 8, 123, 13, 66, 0, 0, 41, 14, 16, 0, 37, 21, 78, 122, 26, 0, 55, 8, 43, 0)
s = 199: (0, 20, 0, 85, 93, 52, 13, 17, 21, 10, 76, 24, 12, 116, 9, 64, 0, 0, 28, 14, 17, 0, 22, 42, 35, 92, 29, 0, 87, 6, 67, 0)
s = 200: (0, 14, 0, 107, 60, 52, 20, 21, 33, 12, 92, 16, 7, 85, 8, 72, 0, 0, 32, 13, 15, 0, 30, 33, 92, 66, 29, 0, 77, 7, 31, 0)
------------------------------------------------------------------------
RESOURCE k = 2
s = 1: (0, 0, 23, 32, 11, 8, 0, 20, 0, 64, 55, 0, 2, 102, 8, 60, 6, 34, 47, 55, 0, 20, 6, 0, 50, 37, 105, 41, 220, 13, 57, 0)
s = 2: (0, 0, 15, 27, 9, 9, 0, 11, 0, 57, 56, 0, 4, 146, 5, 37, 5, 55, 59, 51, 0, 15, 10, 0, 57, 39, 48, 30, 187, 11, 44, 0)
s = 3: (0, 0, 13, 45, 17, 13, 0, 9, 0, 63, 37, 0, 2, 77, 6, 32, 4, 54, 74, 88, 0, 12, 13, 0, 52, 21, 57, 25, 191, 9, 38, 0)
s = 4: (0, 0, 10, 50, 18, 14, 0, 12, 0, 69, 35, 0, 4, 97, 5, 26, 4, 26, 35, 46, 0, 9, 8, 0, 52, 37, 44, 20, 243, 10, 49, 0)
s = 5: (0, 0, 12, 43, 18, 10, 0, 10, 0, 61, 57, 0, 3, 128, 7, 29, 6, 34, 64, 47, 0, 12, 8, 0, 86, 32, 54, 28, 182, 12, 40, 0)
s = 6: (0, 0, 17, 35, 20, 14, 0, 14, 0, 50, 51, 0, 4, 60, 7, 28, 4, 38, 34, 45, 0, 11, 10, 0, 56, 38, 54, 34, 120, 12, 45, 0)
s = 7: (0, 0, 14, 21, 20, 10, 0, 13, 0, 61, 42, 0, 3, 130, 6, 39, 6, 35, 67, 127, 0, 22, 10, 0, 62, 31, 70, 30, 224, 8, 30, 0)
s = 8: (0, 0, 13, 25, 12, 7, 0, 15, 0, 39, 30, 0, 4, 85, 4, 35, 3, 43, 39, 60, 0, 13, 7, 0, 37, 27, 119, 22, 169, 10, 41, 0)
s = 9: (0, 0, 16, 25, 15, 12, 0, 12, 0, 63, 52, 0, 3, 162, 8, 52, 6, 57, 60, 48, 0, 17, 14, 0, 30, 35, 77, 53, 153, 10, 25, 0)
s = 10: (0, 0, 11, 27, 11, 8, 0, 19, 0, 63, 48, 0, 4, 109, 8, 46, 5, 35, 62, 62, 0, 12, 6, 0, 32, 35, 119, 44, 109, 6, 32, 0)
s = 11: (0, 0, 11, 33, 15, 12, 0, 11, 0, 61, 35, 0, 3, 76, 11, 36, 4, 36, 56, 94, 0, 9, 14, 0, 37, 45, 75, 20, 150, 12, 62, 0)
s = 12: (0, 0, 14, 21, 14, 10, 0, 15, 0, 43, 60, 0, 5, 118, 5, 26, 5, 44, 42, 71, 0, 17, 12, 0, 47, 20, 115, 34, 210, 17, 39, 0)
s = 13: (0, 0, 12, 33, 21, 9, 0, 15, 0, 57, 66, 0, 4, 133, 5, 38, 5, 37, 45, 58, 0, 16, 10, 0, 59, 21, 56, 19, 175, 9, 25, 0)
s = 14: (0, 0, 11, 42, 17, 12, 0, 18, 0, 47, 36, 0, 3, 133, 5, 32, 4, 44, 57, 58, 0, 14, 12, 0, 52, 35, 86, 45, 98, 9, 35, 0)
s = 15: (0, 0, 10, 30, 10, 10, 0, 15, 0, 69, 37, 0, 3, 77, 9, 26, 7, 23, 75, 120, 0, 18, 10, 0, 77, 25, 64, 35, 85, 12, 27, 0)
s = 16: (0, 0, 13, 23, 9, 21, 0, 10, 0, 55, 59, 0, 4, 86, 7, 27, 3, 38, 42, 97, 0, 9, 13, 0, 42, 24, 81, 38, 191, 8, 46, 0)
s = 17: (0, 0, 10, 34, 15, 13, 0, 13, 0, 87, 45, 0, 3, 95, 4, 32, 5, 56, 33, 63, 0, 17, 8, 0, 78, 41, 70, 42, 170, 8, 24, 0)
s = 18: (0, 0, 20, 35, 14, 12, 0, 12, 0, 66, 54, 0, 4, 107, 8, 20, 5, 39, 57, 101, 0, 13, 9, 0, 60, 25, 64, 41, 102, 15, 90, 0)
s = 19: (0, 0, 22, 25, 15, 9, 0, 13, 0, 60, 45, 0, 5, 131, 6, 27, 6, 55, 35, 49, 0, 12, 11, 0, 31, 36, 71, 27, 148, 9, 39, 0)
s = 20: (0, 0, 14, 27, 16, 18, 0, 22, 0, 114, 75, 0, 4, 92, 6, 25, 8, 44, 72, 94, 0, 11, 6, 0, 31, 27, 84, 39, 131, 6, 29, 0)
s = 21: (0, 0, 11, 21, 11, 18, 0, 15, 0, 57, 55, 0, 2, 112, 6, 40, 5, 63, 29, 93, 0, 16, 8, 0, 31, 22, 70, 35, 200, 10, 64, 0)
s = 22: (0, 0, 23, 41, 13, 13, 0, 10, 0, 38, 38, 0, 3, 93, 5, 25, 3, 50, 40, 82, 0, 11, 7, 0, 50, 32, 90, 26, 146, 7, 49, 0)
s = 23: (0, 0, 14, 21, 14, 12, 0, 21, 0, 57, 48, 0, 4, 98, 6, 38, 5, 52, 51, 80, 0, 9, 11, 0, 60, 32, 73, 31, 184, 14, 33, 0)
s = 24: (0, 0, 12, 31, 12, 10, 0, 12, 0, 40, 38, 0, 3, 100, 12, 40, 5, 62, 39, 80, 0, 13, 9, 0, 66, 18, 99, 30, 100, 11, 44, 0)
s = 25: (0, 0, 13, 35, 14, 9, 0, 21, 0, 39, 47, 0, 2, 105, 6, 20, 4, 70, 41, 61, 0, 19, 12, 0, 33, 28, 85, 24, 150, 7, 53, 0)
s = 26: (0, 0, 14, 35, 21, 13, 0, 16, 0, 51, 77, 0, 3, 117, 4, 44, 5, 54, 55, 43, 0, 17, 7, 0, 61, 33, 56, 30, 97, 7, 42, 0)
s = 27: (0, 0, 17, 34, 12, 17, 0, 19, 0, 66, 54, 0, 3, 86, 7, 26, 3, 67, 79, 52, 0, 17, 6, 0, 79, 26, 59, 38, 248, 6, 34, 0)
s = 28: (0, 0, 15, 29, 13, 19, 0, 15, 0, 53, 37, 0, 3, 96, 5, 41, 5, 44, 57, 65, 0, 12, 16, 0, 42, 40, 68, 27, 125, 14, 54, 0)
s = 29: (0, 0, 11, 39, 21, 9, 0, 19, 0, 49, 45, 0, 3, 104, 7, 32, 5, 28, 29, 44, 0, 17, 12, 0, 67, 25, 88, 26, 108, 9, 36, 0)
s = 30: (0, 0, 9, 26, 13, 14, 0, 20, 0, 68, 42, 0, 5, 74, 7, 54, 3, 50, 40, 65, 0, 8, 8, 0, 75, 21, 80, 26, 99, 7, 32, 0)
s = 31: (0, 0, 17, 27, 14, 19, 0, 23, 0, 99, 29, 0, 2, 163, 6, 38, 3, 34, 70, 48, 0, 12, 14, 0, 32, 30, 106, 28, 167, 9, 45, 0)
s = 32: (0, 0, 13, 19, 11, 17, 0, 12, 0, 63, 42, 0, 4, 129, 6, 35, 6, 67, 41, 53, 0, 14, 14, 0, 39, 23, 89, 44, 209, 16, 54, 0)
s = 33: (0, 0, 22, 23, 19, 10, 0, 17, 0, 41, 36, 0, 2, 73, 10, 24, 3, 24, 32, 74, 0, 21, 11, 0, 72, 31, 45, 24, 232, 11, 50, 0)
s = 34: (0, 0, 15, 29, 15, 16, 0, 15, 0, 54, 40, 0, 3, 91, 7, 39, 5, 50, 58, 87, 0, 12, 10, 0, 44, 18, 89, 54, 141, 12, 32, 0)
s = 35: (0, 0, 14, 39, 17, 7, 0, 13, 0, 49, 33, 0, 2, 107, 7, 68, 6, 63, 67, 80, 0, 14, 7, 0, 58, 20, 59, 27, 130, 8, 46, 0)
s = 36: (0, 0, 13, 19, 21, 10, 0, 18, 0, 66, 29, 0, 2, 84, 9, 25, 4, 34, 84, 80, 0, 21, 11, 0, 42, 34, 82, 46, 222, 15, 35, 0)
s = 37: (0, 0, 20, 29, 14, 11, 0, 12, 0, 72, 76, 0, 3, 82, 9, 32, 5, 30, 44, 89, 0, 13, 13, 0, 51, 22, 92, 33, 179, 8, 40, 0)
s = 38: (0, 0, 10, 20, 23, 17, 0, 21, 0, 66, 35, 0, 3, 115, 8, 25, 4, 56, 27, 76, 0, 14, 6, 0, 53, 35, 102, 26, 126, 11, 55, 0)
s = 39: (0, 0, 11, 26, 13, 13, 0, 16, 0, 49, 77, 0, 4, 132, 7, 61, 4, 30, 53, 55, 0, 13, 9, 0, 40, 21, 52, 25, 147, 14, 30, 0)
s = 40: (0, 0, 20, 47, 20, 10, 0, 13, 0, 64, 47, 0, 2, 169, 8, 27, 3, 59, 48, 50, 0, 12, 13, 0, 45, 50, 77, 28, 143, 14, 43, 0)
s = 41: (0, 0, 10, 16, 11, 20, 0, 12, 0, 34, 43, 0, 3, 97, 6, 34, 6, 39, 46, 60, 0, 14, 14, 0, 44, 36, 98, 23, 134, 8, 35, 0)
s = 42: (0, 0, 16, 29, 17, 15, 0, 10, 0, 73, 33, 0, 3, 103, 4, 25, 4, 48, 39, 100, 0, 15, 10, 0, 62, 36, 75, 32, 129, 11, 38, 0)
s = 43: (0, 0, 13, 26, 14, 12, 0, 16, 0, 60, 79, 0, 3, 159, 7, 27, 4, 56, 40, 63, 0, 13, 14, 0, 39, 27, 50, 38, 134, 12, 56, 0)
s = 44: (0, 0, 12, 36, 14, 9, 0, 16, 0, 66, 35, 0, 3, 98, 7, 22, 3, 43, 54, 67, 0, 18, 8, 0, 43, 39, 63, 34, 106, 9, 57, 0)
s = 45: (0, 0, 12, 27, 12, 21, 0, 13, 0, 46, 39, 0, 4, 120, 6, 43, 4, 32, 45, 85, 0, 12, 15, 0, 74, 32, 82, 37, 148, 7, 84, 0)
s = 46: (0, 0, 13, 38, 9, 19, 0, 12, 0, 56, 33, 0, 4, 89, 5, 38, 4, 49, 49, 50, 0, 15, 13, 0, 50, 27, 83, 20, 111, 7, 50, 0)
s = 47: (0, 0, 15, 22, 17, 9, 0, 9, 0, 65, 40, 0, 2, 64, 4, 36, 3, 39, 46, 86, 0, 9, 14, 0, 27, 42, 81, 24, 189, 8, 27, 0)
s = 48: (0, 0, 16, 40, 19, 10, 0, 20, 0, 53, 63, 0, 2, 177, 7, 23, 5, 54, 47, 53, 0, 21, 18, 0, 47, 31, 109, 34, 127, 14, 55, 0)
s = 49: (0, 0, 12, 40, 10, 12, 0, 11, 0, 35, 44, 0, 3, 75, 7, 28, 4, 24, 48, 48, 0, 8, 10, 0, 49, 28, 96, 31, 174, 12, 42, 0)
s = 50: (0, 0, 23, 15, 23, 17, 0, 15, 0, 44, 36, 0, 5, 144, 9, 44, 5, 36, 33, 54, 0, 13, 7, 0, 83, 30, 48, 37, 96, 11, 49, 0)
s = 51: (0, 0, 10, 24, 9, 17, 0, 12, 0, 45, 54, 0, 4, 94, 12, 46, 5, 57, 39, 55, 0, 14, 13, 0, 35, 22, 122, 46, 207, 15, 58, 0)
s = 52: (0, 0, 10, 30, 19, 12, 0, 19, 0, 55, 44, 0, 4, 84, 6, 36, 4, 31, 65, 53, 0, 12, 11, 0, 29, 36, 60, 30, 222, 7, 33, 0)
s = 53: (0, 0, 14, 43, 11, 10, 0, 16, 0, 56, 60, 0, 3, 91, 8, 23, 4, 28, 32, 69, 0, 10, 14, 0, 54, 40, 85, 26, 219, 12, 49, 0)
s = 54: (0, 0, 20, 25, 19, 9, 0, 11, 0, 52, 62, 0, 3, 183, 6, 24, 5, 61, 60, 127, 0, 11, 11, 0, 41, 35, 139, 28, 130, 6, 26, 0)
s = 55: (0, 0, 15, 27, 27, 20, 0, 14, 0, 57, 41, 0, 3, 130, 6, 36, 6, 52, 64, 54, 0, 16, 8, 0, 34, 30, 82, 25, 143, 9, 26, 0)
s = 56: (0, 0, 14, 36, 10, 13, 0, 14, 0, 75, 52, 0, 4, 88, 7, 32, 5, 31, 43, 98, 0, 9, 10, 0, 64, 42, 65, 32, 224, 13, 37, 0)
s = 57: (0, 0, 12, 33, 12, 7, 0, 10, 0, 43, 45, 0, 4, 154, 7, 23, 3, 61, 66, 55, 0, 10, 7, 0, 33, 29, 49, 21, 106, 7, 44, 0)
s = 58: (0, 0, 9, 28, 12, 19, 0, 19, 0, 63, 66, 0, 3, 117, 4, 37, 6, 45, 49, 92, 0, 8, 6, 0, 63, 20, 81, 26, 120, 15, 45, 0)
s = 59: (0, 0, 17, 27, 16, 16, 0, 13, 0, 51, 42, 0, 2, 103, 8, 28, 3, 39, 38, 108, 0, 14, 17, 0, 80, 37, 76, 37, 178, 12, 27, 0)
s = 60: (0, 0, 11, 27, 11, 8, 0, 20, 0, 76, 35, 0, 4, 102, 5, 32, 3, 39, 28, 63, 0, 10, 7, 0, 62, 35, 84, 33, 113, 7, 65, 0)
s = 61: (0, 0, 11, 16, 13, 7, 0, 22, 0, 49, 77, 0, 4, 61, 7, 39, 3, 38, 30, 61, 0, 8, 11, 0, 35, 18, 102, 35, 130, 9, 28, 0)
s = 62: (0, 0, 16, 33, 15, 10, 0, 15, 0, 88, 67, 0, 5, 186, 8, 47, 4, 50, 38, 55, 0, 20, 9, 0, 59, 19, 109, 38, 155, 10, 48, 0)
s = 63: (0, 0, 10, 33, 17, 11, 0, 8, 0, 88, 45, 0, 3, 103, 6, 22, 3, 72, 78, 95, 0, 13, 13, 0, 69, 20, 62, 24, 133, 8, 44, 0)
s = 64: (0, 0, 10, 26, 10, 18, 0, 18, 0, 55, 41, 0, 6, 96, 5, 41, 4, 35, 69, 49, 0, 13, 9, 0, 52, 43, 143, 29, 149, 13, 34, 0)
s = 65: (0, 0, 9, 32, 26, 8, 0, 10, 0, 67, 54, 0, 4, 76, 7, 22, 4, 29, 29, 55, 0, 13, 12, 0, 55, 25, 74, 34, 194, 11, 38, 0)
s = 66: (0, 0, 20, 27, 22, 17, 0, 11, 0, 56, 35, 0, 3, 104, 9, 34, 4, 55, 74, 82, 0, 14, 13, 0, 61, 46, 80, 27, 82, 11, 26, 0)
s = 67: (0, 0, 20, 31, 23, 14, 0, 9, 0, 58, 36, 0, 5, 84, 5, 20, 6, 62, 43, 64, 0, 13, 11, 0, 28, 22, 88, 35, 108, 8, 34, 0)
s = 68: (0, 0, 12, 14, 16, 9, 0, 14, 0, 43, 59, 0, 5, 113, 7, 47, 6, 50, 29, 48, 0, 13, 12, 0, 53, 33, 56, 32, 147, 9, 32, 0)
s = 69: (0, 0, 12, 30, 19, 11, 0, 13, 0, 45, 50, 0, 4, 87, 8, 26, 8, 41, 50, 71, 0, 11, 10, 0, 61, 29, 76, 34, 173, 9, 36, 0)
s = 70: (0, 0, 9, 23, 16, 7, 0, 16, 0, 42, 35, 0, 4, 99, 9, 35, 4, 38, 61, 43, 0, 15, 7, 0, 45, 27, 98, 20, 156, 15, 32, 0)
s = 71: (0, 0, 16, 31, 10, 16, 0, 22, 0, 79, 62, 0, 3, 90, 7, 23, 3, 38, 29, 111, 0, 11, 6, 0, 61, 40, 80, 40, 136, 13, 44, 0)
s = 72: (0, 0, 23, 24, 10, 8, 0, 14, 0, 90, 43, 0, 5, 113, 9, 34, 4, 47, 53, 97, 0, 11, 10, 0, 77, 38, 81, 36, 114, 13, 60, 0)
s = 73: (0, 0, 12, 27, 17, 15, 0, 13, 0, 74, 60, 0, 4, 120, 7, 24, 6, 38, 74, 49, 0, 18, 9, 0, 47, 32, 108, 39, 167, 7, 36, 0)
s = 74: (0, 0, 16, 27, 26, 16, 0, 16, 0, 35, 33, 0, 3, 92, 5, 30, 6, 45, 30, 55, 0, 10, 11, 0, 44, 26, 75, 35, 125, 12, 40, 0)
s = 75: (0, 0, 12, 46, 11, 9, 0, 17, 0, 69, 43, 0, 6, 98, 6, 46, 8, 44, 53, 81, 0, 10, 8, 0, 62, 25, 55, 35, 162, 10, 38, 0)
s = 76: (0, 0, 11, 25, 13, 11, 0, 15, 0, 80, 61, 0, 2, 117, 4, 48, 4, 34, 45, 80, 0, 17, 9, 0, 42, 34, 89, 44, 81, 8, 59, 0)
s = 77: (0, 0, 23, 29, 16, 12, 0, 16, 0, 70, 72, 0, 5, 66, 5, 33, 4, 23, 39, 67, 0, 9, 7, 0, 66, 25, 110, 20, 138, 10, 65, 0)
s = 78: (0, 0, 14, 48, 10, 9, 0, 10, 0, 36, 67, 0, 3, 119, 5, 32, 4, 41, 67, 123, 0, 11, 13, 0, 74, 23, 87, 29, 174, 10, 39, 0)
s = 79: (0, 0, 11, 24, 15, 11, 0, 18, 0, 41, 55, 0, 6, 97, 9, 40, 5, 42, 37, 107, 0, 11, 9, 0, 71, 23, 74, 29, 193, 8, 52, 0)
s = 80: (0, 0, 13, 19, 15, 12, 0, 11, 0, 61, 65, 0, 4, 119, 10, 39, 7, 45, 64, 45, 0, 19, 8, 0, 56, 40, 126, 31, 129, 8, 32, 0)
s = 81: (0, 0, 10, 35, 19, 21, 0, 19, 0, 55, 84, 0, 5, 67, 9, 29, 3, 36, 64, 59, 0, 9, 6, 0, 42, 40, 67, 21, 110, 12, 32, 0)
s = 82: (0, 0, 14, 20, 11, 10, 0, 19, 0, 40, 40, 0, 4, 99, 8, 46, 5, 28, 48, 67, 0, 8, 8, 0, 64, 25, 74, 45, 177, 13, 44, 0)
s = 83: (0, 0, 11, 20, 24, 17, 0, 12, 0, 71, 34, 0, 3, 113, 10, 23, 6, 40, 49, 85, 0, 15, 18, 0, 53, 22, 52, 40, 95, 9, 31, 0)
s = 84: (0, 0, 10, 36, 12, 11, 0, 15, 0, 42, 39, 0, 5, 66, 5, 41, 7, 65, 27, 64, 0, 13, 17, 0, 72, 25, 98, 34, 134, 9, 39, 0)
s = 85: (0, 0, 17, 21, 12, 22, 0, 14, 0, 65, 58, 0, 4, 124, 8, 25, 5, 41, 65, 107, 0, 19, 12, 0, 40, 23, 104, 29, 140, 8, 29, 0)
s = 86: (0, 0, 8, 16, 19, 10, 0, 10, 0, 58, 44, 0, 3, 108, 7, 33, 4, 40, 65, 62, 0, 16, 10, 0, 62, 23, 90, 23, 256, 9, 46, 0)
s = 87: (0, 0, 13, 17, 10, 15, 0, 18, 0, 76, 37, 0, 3, 113, 5, 37, 4, 52, 39, 57, 0, 11, 7, 0, 52, 31, 94, 25, 219, 9, 37, 0)
s = 88: (0, 0, 13, 24, 12, 16, 0, 10, 0, 42, 32, 0, 4, 119, 7, 28, 5, 36, 44, 79, 0, 11, 12, 0, 53, 30, 79, 21, 95, 11, 34, 0)
s = 89: (0, 0, 10, 18, 13, 13, 0, 20, 0, 62, 74, 0, 3, 106, 8, 33, 4, 31, 56, 86, 0, 12, 7, 0, 46, 22, 118, 39, 176, 10, 45, 0)
s = 90: (0, 0, 8, 32, 15, 11, 0, 19, 0, 57, 67, 0, 4, 113, 7, 22, 4, 45, 30, 92, 0, 11, 11, 0, 64, 37, 76, 23, 139, 11, 32, 0)
s = 91: (0, 0, 21, 15, 17, 9, 0, 16, 0, 59, 30, 0, 4, 88, 6, 33, 3, 58, 49, 70, 0, 19, 12, 0, 57, 30, 53, 43, 217, 11, 31, 0)
s = 92: (0, 0, 12, 30, 16, 16, 0, 18, 0, 56, 42, 0, 2, 112, 7, 54, 4, 54, 45, 85, 0, 18, 13, 0, 43, 32, 89, 24, 144, 6, 57, 0)
s = 93: (0, 0, 13, 23, 25, 13, 0, 19, 0, 44, 42, 0, 4, 105, 6, 32, 5, 73, 47, 62, 0, 8, 7, 0, 54, 28, 132, 25, 116, 7, 33, 0)
s = 94: (0, 0, 13, 20, 12, 10, 0, 13, 0, 48, 46, 0, 3, 147, 4, 36, 4, 28, 49, 62, 0, 12, 11, 0, 73, 18, 101, 38, 168, 11, 44, 0)
s = 95: (0, 0, 19, 17, 16, 16, 0, 8, 0, 80, 57, 0, 4, 146, 6, 23, 3, 40, 47, 54, 0, 10, 8, 0, 57, 33, 90, 37, 125, 13, 45, 0)
s = 96: (0, 0, 16, 23, 15, 8, 0, 14, 0, 36, 41, 0, 3, 115, 5, 42, 3, 41, 39, 70, 0, 13, 10, 0, 46, 21, 119, 36, 152, 9, 71, 0)
s = 97: (0, 0, 17, 19, 18, 11, 0, 28, 0, 45, 37, 0, 3, 127, 5, 56, 6, 53, 32, 68, 0, 18, 6, 0, 63, 25, 60, 21, 140, 6, 60, 0)
s = 98: (0, 0, 12, 25, 14, 12, 0, 16, 0, 76, 34, 0, 3, 81, 8, 28, 4, 59, 39, 58, 0, 12, 9, 0, 51, 25, 81, 44, 169, 11, 76, 0)
s = 99: (0, 0, 10, 28, 13, 16, 0, 16, 0, 73, 37, 0, 4, 89, 7, 24, 5, 56, 51, 52, 0, 9, 7, 0, 44, 22, 64, 45, 110, 13, 55, 0)
s = 100: (0, 0, 15, 37, 10, 9, 0, 12, 0, 78, 82, 0, 3, 129, 6, 25, 5, 35, 55, 86, 0, 13, 16, 0, 88, 19, 81, 24, 187, 13, 34, 0)
s = 101: (0, 0, 12, 21, 11, 13, 0, 18, 0, 66, 51, 0, 5, 67, 6, 19, 3, 36, 43, 59, 0, 11, 12, 0, 41, 37, 101, 36, 185, 11, 33, 0)
s = 102: (0, 0, 9, 44, 14, 11, 0, 16, 0, 60, 47, 0, 3, 103, 5, 38, 4, 47, 45, 95, 0, 8, 7, 0, 36, 30, 66, 30, 176, 17, 39, 0)
s = 103: (0, 0, 13, 28, 24, 8, 0, 19, 0, 86, 88, 0, 2, 70, 7, 54, 3, 50, 59, 84, 0, 11, 13, 0, 57, 24, 57, 30, 105, 9, 43, 0)
s = 104: (0, 0, 18, 29, 13, 19, 0, 11, 0, 42, 55, 0, 4, 107, 6, 27, 5, 34, 37, 53, 0, 18, 14, 0, 62, 32, 89, 33, 118, 13, 57, 0)
s = 105: (0, 0, 10, 22, 20, 17, 0, 13, 0, 67, 43, 0, 4, 76, 7, 25, 5, 50, 58, 67, 0, 13, 13, 0, 46, 25, 87, 23, 100, 9, 70, 0)
s = 106: (0, 0, 10, 26, 19, 10, 0, 16, 0, 44, 30, 0, 4, 124, 6, 33, 5, 49, 59, 88, 0, 14, 7, 0, 47, 17, 98, 30, 107, 8, 68, 0)
s = 107: (0, 0, 17, 21, 11, 20, 0, 16, 0, 47, 36, 0, 2, 180, 8, 49, 3, 29, 33, 60, 0, 9, 14, 0, 53, 31, 105, 19, 109, 9, 48, 0)
s = 108: (0, 0, 14, 36, 9, 17, 0, 19, 0, 58, 38, 0, 4, 98, 7, 32, 3, 74, 48, 73, 0, 16, 13, 0, 32, 33, 70, 32, 220, 9, 52, 0)
s = 109: (0, 0, 20, 15, 16, 11, 0, 23, 0, 34, 39, 0, 2, 112, 9, 29, 3, 32, 38, 66, 0, 10, 14, 0, 30, 45, 91, 36, 132, 13, 61, 0)
s = 110: (0, 0, 11, 30, 15, 19, 0, 17, 0, 65, 75, 0, 3, 83, 5, 45, 4, 43, 59, 93, 0, 15, 14, 0, 43, 22, 72, 33, 210, 8, 62, 0)
s = 111: (0, 0, 19, 18, 15, 12, 0, 23, 0, 69, 35, 0, 4, 171, 6, 32, 5, 36, 64, 68, 0, 8, 8, 0, 48, 18, 69, 34, 116, 11, 36, 0)
s = 112: (0, 0, 14, 43, 9, 10, 0, 14, 0, 93, 38, 0, 4, 69, 6, 50, 3, 68, 42, 40, 0, 9, 11, 0, 53, 28, 107, 29, 110, 16, 35, 0)
s = 113: (0, 0, 24, 21, 8, 10, 0, 14, 0, 85, 46, 0, 2, 179, 6, 28, 4, 24, 34, 43, 0, 13, 18, 0, 47, 37, 75, 43, 132, 10, 28, 0)
s = 114: (0, 0, 12, 34, 19, 18, 0, 12, 0, 46, 47, 0, 2, 75, 8, 46, 3, 68, 73, 55, 0, 8, 9, 0, 61, 33, 59, 28, 171, 12, 29, 0)
s = 115: (0, 0, 15, 30, 22, 18, 0, 13, 0, 45, 44, 0, 5, 142, 5, 23, 4, 53, 62, 66, 0, 8, 14, 0, 45, 32, 61, 35, 135, 8, 36, 0)
s = 116: (0, 0, 20, 20, 11, 14, 0, 16, 0, 41, 42, 0, 5, 140, 10, 52, 4, 58, 30, 58, 0, 16, 10, 0, 55, 22, 122, 22, 126, 6, 50, 0)
s = 117: (0, 0, 11, 32, 20, 10, 0, 11, 0, 56, 45, 0, 4, 69, 7, 41, 4, 33, 52, 74, 0, 17, 12, 0, 54, 45, 112, 34, 185, 11, 30, 0)
s = 118: (0, 0, 16, 34, 12, 12, 0, 14, 0, 70, 37, 0, 4, 62, 6, 21, 4, 37, 28, 73, 0, 7, 8, 0, 58, 19, 54, 27, 124, 8, 38, 0)
s = 119: (0, 0, 12, 25, 14, 13, 0, 11, 0, 60, 41, 0, 4, 113, 5, 23, 6, 57, 60, 98, 0, 7, 10, 0, 53, 31, 108, 47, 126, 9, 33, 0)
s = 120: (0, 0, 17, 29, 9, 16, 0, 18, 0, 69, 55, 0, 4, 167, 7, 24, 3, 49, 48, 71, 0, 13, 9, 0, 70, 17, 136, 49, 165, 7, 38, 0)
s = 121: (0, 0, 13, 25, 9, 15, 0, 14, 0, 62, 54, 0, 4, 98, 10, 26, 6, 48, 58, 70, 0, 10, 6, 0, 59, 25, 70, 23, 147, 16, 43, 0)
s = 122: (0, 0, 22, 29, 22, 13, 0, 18, 0, 54, 32, 0, 4, 135, 8, 60, 4, 42, 26, 57, 0, 10, 13, 0, 63, 40, 63, 35, 114, 14, 38, 0)
s = 123: (0, 0, 13, 30, 21, 16, 0, 11, 0, 56, 53, 0, 3, 100, 12, 57, 4, 29, 44, 60, 0, 17, 8, 0, 28, 38, 81, 25, 162, 8, 69, 0)
s = 124: (0, 0, 12, 16, 20, 12, 0, 13, 0, 71, 41, 0, 5, 110, 6, 21, 5, 40, 58, 87, 0, 11, 8, 0, 55, 30, 106, 56, 102, 11, 39, 0)
s = 125: (0, 0, 11, 24, 8, 11, 0, 10, 0, 46, 44, 0, 6, 75, 4, 43, 6, 60, 57, 118, 0, 18, 10, 0, 33, 29, 72, 22, 95, 8, 35, 0)
s = 126: (0, 0, 18, 25, 19, 13, 0, 12, 0, 68, 26, 0, 3, 81, 5, 37, 6, 61, 42, 53, 0, 18, 15, 0, 46, 31, 62, 31, 162, 11, 32, 0)
s = 127: (0, 0, 14, 24, 25, 15, 0, 18, 0, 36, 61, 0, 4, 110, 6, 29, 4, 31, 36, 58, 0, 16, 10, 0, 41, 28, 97, 38, 159, 16, 55, 0)
s = 128: (0, 0, 13, 32, 13, 17, 0, 10, 0, 54, 49, 0, 4, 73, 6, 44, 3, 54, 62, 93, 0, 9, 7, 0, 47, 26, 68, 28, 144, 19, 36, 0)
s = 129: (0, 0, 13, 28, 10, 11, 0, 11, 0, 56, 62, 0, 4, 86, 9, 31, 4, 44, 76, 67, 0, 13, 10, 0, 49, 27, 69, 31, 168, 12, 24, 0)
s = 130: (0, 0, 17, 34, 17, 8, 0, 16, 0, 55, 46, 0, 5, 133, 5, 34, 4, 24, 72, 46, 0, 18, 9, 0, 57, 40, 72, 44, 157, 8, 29, 0)
s = 131: (0, 0, 15, 27, 24, 12, 0, 18, 0, 70, 41, 0, 3, 126, 5, 24, 5, 37, 93, 41, 0, 12, 10, 0, 48, 26, 84, 50, 95, 7, 77, 0)
s = 132: (0, 0, 12, 20, 17, 10, 0, 14, 0, 48, 43, 0, 3, 72, 6, 40, 3, 29, 34, 115, 0, 10, 9, 0, 50, 23, 87, 32, 206, 10, 75, 0)
s = 133: (0, 0, 17, 25, 22, 7, 0, 11, 0, 98, 58, 0, 3, 130, 6, 23, 4, 52, 61, 65, 0, 17, 7, 0, 40, 26, 99, 29, 155, 10, 48, 0)
s = 134: (0, 0, 14, 28, 22, 10, 0, 16, 0, 63, 73, 0, 3, 59, 9, 36, 5, 41, 60, 97, 0, 17, 11, 0, 61, 20, 45, 27, 158, 12, 52, 0)
s = 135: (0, 0, 13, 28, 22, 13, 0, 19, 0, 89, 61, 0, 3, 121, 6, 41, 6, 49, 41, 81, 0, 12, 11, 0, 36, 42, 126, 36, 174, 7, 47, 0)
s = 136: (0, 0, 15, 21, 11, 13, 0, 21, 0, 56, 34, 0, 2, 170, 7, 42, 5, 33, 76, 81, 0, 12, 12, 0, 46, 38, 74, 30, 105, 12, 33, 0)
s = 137: (0, 0, 20, 22, 24, 12, 0, 14, 0, 47, 34, 0, 3, 102, 7, 35, 6, 72, 44, 87, 0, 13, 11, 0, 39, 22, 60, 23, 112, 15, 62, 0)
s = 138: (0, 0, 18, 32, 16, 16, 0, 12, 0, 76, 48, 0, 3, 85, 8, 41, 5, 34, 54, 47, 0, 9, 8, 0, 32, 23, 61, 33, 105, 7, 35, 0)
s = 139: (0, 0, 9, 18, 16, 8, 0, 12, 0, 63, 75, 0, 3, 130, 10, 20, 3, 35, 65, 109, 0, 11, 7, 0, 56, 36, 84, 35, 118, 9, 56, 0)
s = 140: (0, 0, 12, 32, 12, 9, 0, 18, 0, 53, 38, 0, 3, 138, 5, 22, 5, 42, 37, 45, 0, 11, 14, 0, 34, 39, 95, 22, 202, 16, 64, 0)
s = 141: (0, 0, 19, 39, 19, 13, 0, 24, 0, 55, 55, 0, 4, 90, 6, 26, 4, 33, 40, 71, 0, 8, 9, 0, 50, 31, 101, 32, 129, 8, 59, 0)
s = 142: (0, 0, 13, 29, 21, 15, 0, 20, 0, 84, 56, 0, 3, 62, 4, 26, 6, 36, 45, 64, 0, 9, 10, 0, 48, 32, 80, 47, 183, 14, 27, 0)
s = 143: (0, 0, 10, 23, 10, 7, 0, 28, 0, 64, 48, 0, 4, 98, 6, 20, 4, 33, 44, 135, 0, 14, 18, 0, 38, 36, 73, 31, 131, 9, 29, 0)
s = 144: (0, 0, 11, 28, 18, 9, 0, 18, 0, 50, 40, 0, 4, 86, 5, 54, 7, 38, 41, 84, 0, 15, 8, 0, 51, 39, 69, 22, 183, 7, 65, 0)
s = 145: (0, 0, 11, 23, 15, 13, 0, 12, 0, 89, 61, 0, 6, 77, 7, 24, 4, 38, 73, 66, 0, 9, 16, 0, 56, 35, 73, 50, 175, 7, 61, 0)
s = 146: (0, 0, 20, 17, 21, 10, 0, 14, 0, 47, 50, 0, 4, 79, 7, 33, 4, 47, 62, 102, 0, 13, 7, 0, 35, 33, 64, 34, 251, 7, 55, 0)
s = 147: (0, 0, 8, 24, 23, 9, 0, 19, 0, 67, 33, 0, 3, 178, 6, 24, 3, 49, 73, 99, 0, 15, 8, 0, 78, 32, 54, 41, 134, 11, 46, 0)
s = 148: (0, 0, 12, 37, 13, 14, 0, 9, 0, 63, 66, 0, 3, 84, 8, 30, 3, 55, 52, 113, 0, 14, 15, 0, 39, 36, 83, 33, 116, 14, 27, 0)
s = 149: (0, 0, 15, 27, 14, 11, 0, 13, 0, 41, 44, 0, 3, 65, 8, 52, 4, 48, 59, 64, 0, 18, 10, 0, 46, 36, 111, 31, 128, 7, 25, 0)
s = 150: (0, 0, 17, 36, 14, 13, 0, 8, 0, 68, 27, 0, 3, 95, 6, 39, 7, 72, 43, 59, 0, 17, 10, 0, 47, 42, 128, 24, 182, 10, 60, 0)
s = 151: (0, 0, 9, 24, 16, 12, 0, 10, 0, 52, 55, 0, 3, 103, 5, 24, 6, 29, 58, 77, 0, 9, 9, 0, 73, 24, 55, 35, 143, 9, 58, 0)
s = 152: (0, 0, 11, 23, 10, 9, 0, 11, 0, 47, 73, 0, 5, 89, 9, 39, 5, 31, 45, 43, 0, 16, 7, 0, 56, 47, 87, 29, 194, 10, 45, 0)
s = 153: (0, 0, 14, 17, 15, 9, 0, 10, 0, 51, 41, 0, 4, 92, 6, 37, 5, 34, 49, 94, 0, 10, 12, 0, 53, 41, 72, 19, 165, 15, 46, 0)
s = 154: (0, 0, 11, 39, 14, 13, 0, 12, 0, 73, 56, 0, 5, 131, 5, 31, 3, 40, 31, 115, 0, 14, 11, 0, 49, 20, 53, 35, 90, 14, 42, 0)
s = 155: (0, 0, 12, 36, 11, 14, 0, 16, 0, 39, 38, 0, 5, 151, 6, 27, 6, 32, 32, 82, 0, 12, 9, 0, 57, 34, 51, 31, 181, 14, 62, 0)
s = 156: (0, 0, 14, 25, 15, 20, 0, 15, 0, 54, 47, 0, 4, 82, 6, 26, 3, 39, 35, 107, 0, 12, 10, 0, 29, 16, 102, 33, 154, 8, 62, 0)
s = 157: (0, 0, 15, 27, 21, 7, 0, 9, 0, 88, 41, 0, 3, 83, 7, 42, 4, 37, 40, 135, 0, 10, 7, 0, 77, 37, 88, 30, 151, 6, 41, 0)
s = 158: (0, 0, 13, 16, 16, 11, 0, 13, 0, 72, 47, 0, 3, 123, 9, 31, 4, 40, 37, 92, 0, 13, 8, 0, 41, 35, 68, 31, 130, 12, 66, 0)
s = 159: (0, 0, 10, 23, 13, 12, 0, 12, 0, 53, 35, 0, 5, 110, 4, 21, 5, 46, 36, 63, 0, 10, 12, 0, 51, 22, 58, 29, 166, 7, 31, 0)
s = 160: (0, 0, 25, 21, 19, 16, 0, 11, 0, 53, 53, 0, 3, 113, 7, 24, 6, 30, 59, 44, 0, 11, 7, 0, 33, 40, 54, 35, 143, 8, 42, 0)
s = 161: (0, 0, 16, 32, 21, 15, 0, 15, 0, 62, 25, 0, 3, 95, 7, 58, 5, 45, 86, 75, 0, 10, 12, 0, 33, 51, 60, 40, 158, 10, 86, 0)
s = 162: (0, 0, 11, 40, 13, 11, 0, 17, 0, 49, 53, 0, 4, 103, 7, 44, 4, 28, 52, 94, 0, 19, 7, 0, 55, 36, 118, 34, 117, 9, 34, 0)
s = 163: (0, 0, 16, 17, 13, 8, 0, 10, 0, 66, 35, 0, 4, 69, 6, 36, 3, 27, 44, 88, 0, 16, 8, 0, 38, 29, 52, 32, 115, 7, 34, 0)
s = 164: (0, 0, 20, 46, 13, 13, 0, 10, 0, 66, 73, 0, 4, 123, 6, 36, 6, 25, 40, 108, 0, 9, 14, 0, 54, 39, 54, 33, 136, 9, 36, 0)
s = 165: (0, 0, 10, 44, 9, 14, 0, 10, 0, 78, 48, 0, 4, 108, 7, 42, 4, 61, 35, 75, 0, 10, 7, 0, 42, 31, 57, 29, 178, 10, 35, 0)
s = 166: (0, 0, 8, 31, 13, 11, 0, 10, 0, 55, 38, 0, 4, 120, 6, 27, 6, 32, 51, 50, 0, 9, 12, 0, 57, 21, 116, 48, 161, 8, 61, 0)
s = 167: (0, 0, 18, 21, 21, 18, 0, 12, 0, 92, 63, 0, 3, 91, 8, 35, 4, 23, 51, 74, 0, 10, 11, 0, 60, 21, 67, 20, 128, 8, 30, 0)
s = 168: (0, 0, 15, 26, 16, 16, 0, 10, 0, 101, 52, 0, 3, 123, 8, 44, 5, 37, 31, 75, 0, 9, 12, 0, 44, 25, 88, 24, 113, 7, 33, 0)
s = 169: (0, 0, 18, 26, 14, 16, 0, 10, 0, 81, 41, 0, 4, 84, 6, 47, 3, 63, 51, 65, 0, 13, 10, 0, 76, 35, 70, 51, 179, 12, 31, 0)
s = 170: (0, 0, 21, 22, 11, 10, 0, 16, 0, 73, 73, 0, 3, 97, 7, 27, 5, 34, 34, 71, 0, 12, 11, 0, 63, 33, 103, 47, 197, 15, 41, 0)
s = 171: (0, 0, 14, 22, 14, 14, 0, 9, 0, 67, 57, 0, 4, 110, 7, 23, 7, 42, 41, 39, 0, 14, 10, 0, 39, 26, 53, 26, 95, 11, 59, 0)
s = 172: (0, 0, 10, 29, 16, 15, 0, 13, 0, 99, 40, 0, 4, 128, 4, 41, 4, 36, 45, 95, 0, 14, 11, 0, 36, 32, 87, 30, 193, 8, 38, 0)
s = 173: (0, 0, 14, 34, 13, 14, 0, 12, 0, 54, 31, 0, 3, 102, 6, 26, 4, 39, 44, 108, 0, 16, 11, 0, 29, 26, 66, 26, 129, 8, 38, 0)
s = 174: (0, 0, 11, 41, 17, 13, 0, 15, 0, 47, 44, 0, 4, 159, 7, 36, 5, 32, 47, 76, 0, 10, 9, 0, 29, 30, 52, 19, 205, 17, 47, 0)
s = 175: (0, 0, 14, 32, 12, 16, 0, 13, 0, 69, 72, 0, 5, 97, 10, 49, 7, 61, 57, 118, 0, 7, 11, 0, 48, 57, 55, 51, 164, 10, 28, 0)
s = 176: (0, 0, 15, 20, 9, 7, 0, 13, 0, 67, 67, 0, 3, 64, 10, 25, 6, 24, 34, 76, 0, 18, 10, 0, 38, 18, 50, 36, 177, 9, 27, 0)
s = 177: (0, 0, 11, 19, 9, 15, 0, 13, 0, 69, 44, 0, 5, 155, 6, 28, 6, 45, 50, 82, 0, 7, 12, 0, 54, 31, 77, 39, 135, 11, 60, 0)
s = 178: (0, 0, 14, 20, 13, 10, 0, 9, 0, 45, 56, 0, 3, 110, 4, 20, 3, 49, 56, 52, 0, 12, 13, 0, 60, 22, 92, 50, 196, 11, 31, 0)
s = 179: (0, 0, 15, 38, 23, 16, 0, 15, 0, 43, 39, 0, 2, 84, 5, 34, 3, 41, 61, 68, 0, 15, 14, 0, 40, 29, 76, 25, 146, 12, 66, 0)
s = 180: (0, 0, 12, 40, 11, 8, 0, 13, 0, 36, 49, 0, 3, 68, 6, 41, 7, 50, 38, 44, 0, 13, 15, 0, 38, 40, 53, 24, 98, 12, 37, 0)
s = 181: (0, 0, 12, 23, 18, 14, 0, 11, 0, 52, 42, 0, 2, 109, 8, 28, 4, 22, 50, 97, 0, 13, 10, 0, 70, 41, 73, 35, 172, 10, 46, 0)
s = 182: (0, 0, 11, 22, 18, 12, 0, 11, 0, 60, 54, 0, 5, 127, 7, 21, 5, 56, 51, 47, 0, 18, 12, 0, 53, 49, 46, 35, 236, 9, 77, 0)
s = 183: (0, 0, 13, 17, 11, 7, 0, 19, 0, 41, 71, 0, 3, 171, 8, 41, 4, 47, 32, 81, 0, 18, 8, 0, 52, 31, 85, 51, 137, 10, 41, 0)
s = 184: (0, 0, 10, 18, 16, 13, 0, 18, 0, 78, 42, 0, 3, 62, 6, 51, 3, 47, 71, 101, 0, 14, 13, 0, 46, 37, 56, 37, 169, 11, 53, 0)
s = 185: (0, 0, 11, 19, 14, 13, 0, 20, 0, 44, 33, 0, 3, 150, 5, 43, 3, 40, 39, 63, 0, 11, 14, 0, 55, 37, 90, 25, 155, 7, 42, 0)
s = 186: (0, 0, 15, 34, 16, 19, 0, 17, 0, 67, 39, 0, 2, 137, 10, 34, 3, 65, 58, 83, 0, 18, 11, 0, 72, 24, 99, 33, 189, 7, 61, 0)
s = 187: (0, 0, 23, 17, 12, 15, 0, 16, 0, 34, 29, 0, 3, 105, 7, 34, 4, 35, 47, 70, 0, 10, 9, 0, 42, 33, 90, 37, 144, 14, 41, 0)
s = 188: (0, 0, 10, 15, 23, 10, 0, 15, 0, 78, 81, 0, 4, 103, 9, 38, 6, 73, 54, 124, 0, 12, 11, 0, 28, 42, 87, 24, 182, 10, 46, 0)
s = 189: (0, 0, 15, 16, 13, 10, 0, 14, 0, 43, 53, 0, 3, 145, 7, 55, 6, 51, 38, 57, 0, 13, 12, 0, 42, 41, 97, 24, 261, 14, 34, 0)
s = 190: (0, 0, 26, 14, 11, 20, 0, 12, 0, 60, 27, 0, 2, 146, 4, 42, 5, 65, 32, 81, 0, 10, 8, 0, 35, 20, 83, 44, 148, 7, 29, 0)
s = 191: (0, 0, 13, 23, 16, 13, 0, 19, 0, 51, 32, 0, 3, 78, 6, 18, 4, 42, 30, 67, 0, 13, 11, 0, 30, 16, 121, 43, 175, 13, 60, 0)
s = 192: (0, 0, 9, 47, 12, 9, 0, 15, 0, 40, 59, 0, 5, 103, 6, 27, 3, 51, 44, 66, 0, 8, 9, 0, 43, 31, 86, 33, 137, 12, 29, 0)
s = 193: (0, 0, 17, 23, 11, 8, 0, 24, 0, 43, 32, 0, 2, 106, 9, 36, 6, 48, 38, 76, 0, 7, 6, 0, 44, 26, 83, 32, 98, 9, 61, 0)
s = 194: (0, 0, 13, 15, 12, 13, 0, 15, 0, 54, 37, 0, 4, 99, 5, 35, 5, 26, 58, 68, 0, 12, 13, 0, 53, 40, 53, 38, 148, 8, 37, 0)
s = 195: (0, 0, 18, 25, 19, 14, 0, 11, 0, 75, 80, 0, 3, 57, 5, 38, 5, 43, 42, 58, 0, 14, 8, 0, 37, 47, 55, 34, 134, 6, 45, 0)
s = 196: (0, 0, 14, 22, 11, 13, 0, 8, 0, 68, 38, 0, 3, 78, 5, 44, 4, 37, 50, 95, 0, 9, 9, 0, 41, 32, 93, 26, 162, 11, 32, 0)
s = 197: (0, 0, 13, 21, 19, 7, 0, 13, 0, 60, 62, 0, 5, 82, 7, 33, 3, 40, 37, 78, 0, 10, 10, 0, 56, 26, 129, 25, 109, 8, 45, 0)
s = 198: (0, 0, 14, 20, 11, 7, 0, 19, 0, 79, 46, 0, 3, 164, 7, 37, 5, 45, 48, 63, 0, 13, 12, 0, 67, 38, 76, 32, 86, 9, 43, 0)
s = 199: (0, 0, 11, 19, 17, 13, 0, 12, 0, 47, 29, 0, 4, 154, 5, 36, 3, 31, 33, 60, 0, 7, 7, 0, 30, 29, 87, 38, 138, 7, 67, 0)
s = 200: (0, 0, 19, 23, 11, 13, 0, 15, 0, 56, 35, 0, 3, 113, 4, 40, 5, 34, 38, 55, 0, 21, 10, 0, 79, 21, 85, 27, 122, 8, 31, 0)
************************************************************************
ES/LS-VALUES:
jobnr.   ES(i)    LS(i)
------------------------------------------------------------------------
  0        0        0
  1        0       86
  2        0       76
  3        0       85
  4       16       102
  5        3       90
  6       16       115
  7       16       115
  8       19       120
  9       13       89
 10       24       101
 11       33       138
 12       29       122
 13       20       119
 14       13       114
 15       38       144
 16       38       116
 17       14       114
 18       42       126
 19       42       120
 20       35       135
 21       31       124
 22       57       140
 23       42       142
 24       20       120
 25       60       146
 26       57       135
 27       73       151
 28       55       148
 29       80       158
 30       60       144
 31       83       162
************************************************************************
BIG-M-VALUES:
M1 = 60, M2 = 473
************************************************************************
